<<<<<<< Updated upstream
FG_home,FG%_home,3P%_home,FT%_home,ORB_home,DRB_home,TRB_home,AST_home,STL_home,TOV_home,PTS_home,LogRatio_home,RB_aggr_home,eFG%_home,TS%_home,FG_away,FG%_away,3P%_away,FT%_away,ORB_away,DRB_away,TRB_away,AST_away,STL_away,TOV_away,PTS_away,LogRatio_away,RB_aggr_away,eFG%_away,TS%_away,HomeTeamWon,Winner
34.0,0.39833,0.268,0.871,9.0,35.33333,44.33333,18.33333,4.66667,14.66667,90.66667,-0.14591,0.23723,0.4491,0.51014,42.66667,0.49233,0.34667,0.77567,8.33333,36.0,44.33333,27.66667,10.33333,12.33333,113.66667,0.13574,0.25744,0.55626,0.62079,0.0,1
36.0,0.431,0.32667,0.72033,8.33333,36.33333,44.66667,20.33333,5.33333,16.33333,94.33333,-0.07167,0.212,0.4829,0.53785,40.33333,0.49167,0.456,0.753,9.0,34.33333,43.33333,16.66667,8.0,14.33333,106.0,0.00425,0.27087,0.54084,0.60882,0.66667,1
38.33333,0.468,0.36,0.74167,12.66667,39.33333,52.0,23.33333,7.0,16.66667,104.66667,0.19641,0.43519,0.53287,0.60145,36.66667,0.446,0.29267,0.65767,9.66667,33.0,42.66667,21.0,7.33333,13.33333,97.0,-0.13163,0.26692,0.48607,0.55323,0.66667,0
46.0,0.48767,0.31533,0.748,13.0,35.66667,48.66667,22.66667,9.0,12.0,124.0,0.15266,0.41409,0.5336,0.61621,40.0,0.42567,0.25833,0.56167,8.66667,34.33333,43.0,22.66667,10.0,12.33333,97.66667,-0.06315,0.20401,0.4664,0.50147,0.66667,0
38.66667,0.46367,0.406,0.91533,9.0,34.0,43.0,22.66667,7.0,13.66667,105.33333,0.10492,0.27029,0.53516,0.6023,38.66667,0.44233,0.38233,0.81267,11.33333,33.66667,45.0,24.0,6.66667,19.66667,110.66667,-0.09395,0.3384,0.51332,0.5942,1.0,1
37.66667,0.414,0.307,0.87,8.33333,37.33333,45.66667,21.66667,9.66667,9.33333,101.33333,0.08047,0.19175,0.46153,0.53085,38.0,0.45933,0.397,0.76033,7.0,32.0,39.0,23.33333,9.66667,13.66667,102.66667,0.03779,0.19362,0.52409,0.58853,0.66667,0
38.66667,0.466,0.41867,0.86567,8.0,37.33333,45.33333,25.0,7.66667,12.33333,111.0,0.13536,0.25672,0.54819,0.62994,38.0,0.39667,0.24933,0.833,14.0,33.33333,47.33333,22.33333,7.33333,15.0,105.66667,-0.17555,0.36212,0.43625,0.52106,1.0,1
35.0,0.41,0.32,0.837,10.66667,37.33333,48.0,20.33333,6.0,15.0,101.0,-0.0108,0.27112,0.46055,0.5532,36.33333,0.41567,0.286,0.72833,10.66667,37.33333,48.0,25.0,11.33333,10.66667,91.33333,0.21477,0.27446,0.46466,0.50597,0.33333,1
42.33333,0.46967,0.35933,0.76567,9.33333,29.0,38.33333,26.0,10.0,12.33333,110.66667,0.03071,0.26808,0.5454,0.5903,42.33333,0.48333,0.413,0.76767,10.66667,31.33333,42.0,22.33333,7.66667,15.0,116.0,-0.01324,0.33519,0.54764,0.6222,0.66667,1
35.66667,0.452,0.32833,0.82833,7.66667,37.33333,45.0,20.0,11.66667,15.0,102.33333,0.17852,0.22713,0.53001,0.61198,40.66667,0.47433,0.35133,0.75067,11.33333,34.33333,45.66667,24.33333,8.66667,14.0,106.66667,0.05539,0.37141,0.53261,0.58871,0.33333,0
35.0,0.441,0.33833,0.78733,11.33333,31.0,42.33333,21.33333,8.0,15.33333,103.0,-0.04293,0.37589,0.50071,0.59804,44.33333,0.46167,0.352,0.786,13.0,29.0,42.0,29.33333,8.66667,14.0,117.0,-0.02922,0.3833,0.52749,0.58257,0.66667,1
40.0,0.47767,0.467,0.697,7.0,31.33333,38.33333,23.66667,8.66667,13.0,110.66667,-0.06502,0.1956,0.55334,0.62023,33.66667,0.433,0.345,0.8,6.0,38.33333,44.33333,20.0,6.66667,17.33333,96.0,-0.09315,0.18187,0.49127,0.57817,0.66667,0
39.66667,0.441,0.37467,0.67333,12.0,32.33333,44.33333,22.33333,9.0,14.33333,111.33333,-0.10856,0.31224,0.50533,0.57908,32.33333,0.40633,0.27367,0.74067,8.0,34.33333,42.33333,18.33333,8.66667,16.33333,89.0,-0.23871,0.22367,0.45248,0.52771,0.66667,1
39.0,0.45067,0.32633,0.751,12.33333,35.33333,47.66667,18.66667,10.33333,14.66667,99.66667,0.15484,0.36278,0.49551,0.55121,34.66667,0.44833,0.384,0.79633,6.0,36.33333,42.33333,20.66667,7.0,15.0,101.33333,-0.00226,0.18464,0.50984,0.61041,0.33333,0
43.33333,0.496,0.38567,0.633,10.33333,30.0,40.33333,25.66667,7.66667,16.33333,111.0,0.0065,0.34827,0.55924,0.60413,41.33333,0.46433,0.48833,0.83533,10.33333,36.33333,46.66667,27.66667,6.33333,11.66667,113.33333,0.15643,0.31508,0.55257,0.60966,0.33333,1
36.66667,0.46433,0.333,0.722,10.33333,36.0,46.33333,21.33333,7.0,16.0,100.33333,0.07544,0.36247,0.53039,0.59829,42.33333,0.45433,0.39833,0.79767,11.33333,34.66667,46.0,20.0,8.0,14.66667,113.0,0.03558,0.32749,0.50804,0.57525,0.66667,0
39.0,0.44533,0.41267,0.754,13.0,32.0,45.0,24.33333,8.66667,13.66667,105.0,-0.02661,0.38834,0.50849,0.56937,35.66667,0.422,0.403,0.78333,11.66667,33.33333,45.0,20.33333,8.0,15.33333,104.0,-0.03966,0.36397,0.48723,0.57544,0.33333,0
40.66667,0.474,0.437,0.755,11.33333,35.33333,46.66667,19.0,8.0,17.33333,113.0,0.0873,0.38787,0.54443,0.61619,35.66667,0.42333,0.28167,0.65767,10.0,26.33333,36.33333,22.66667,8.66667,13.33333,89.66667,-0.29995,0.26923,0.46044,0.50668,1.0,0
35.33333,0.45333,0.27133,0.73433,9.33333,29.66667,39.0,21.0,6.0,13.33333,99.0,-0.03689,0.29683,0.50559,0.58934,39.33333,0.42433,0.26033,0.59867,9.0,33.33333,42.33333,23.66667,9.0,13.33333,102.0,-0.09774,0.2077,0.47105,0.52444,0.66667,0
39.33333,0.43167,0.35333,0.657,10.66667,32.33333,43.0,21.33333,8.33333,13.33333,99.0,-0.10441,0.2983,0.48846,0.52412,31.66667,0.371,0.29667,0.84333,15.33333,34.66667,50.0,18.33333,8.0,16.0,94.33333,-0.13069,0.45759,0.42732,0.51893,1.0,0
37.66667,0.43967,0.354,0.70633,14.0,33.0,47.0,18.33333,9.33333,15.33333,104.0,0.02095,0.46465,0.49033,0.56562,43.0,0.454,0.378,0.89133,15.33333,24.66667,40.0,27.33333,11.0,14.33333,114.66667,0.0015,0.47695,0.51583,0.57973,0.66667,0
45.0,0.48733,0.39233,0.72233,11.0,33.33333,44.33333,26.66667,8.0,12.0,114.0,0.11978,0.34808,0.54845,0.59301,37.33333,0.48233,0.42033,0.797,8.33333,33.66667,42.0,15.66667,8.66667,15.0,102.0,0.05278,0.2676,0.53165,0.61443,0.33333,1
36.33333,0.46867,0.405,0.83167,7.33333,36.0,43.33333,23.33333,10.66667,16.0,106.33333,0.19399,0.22678,0.55211,0.64167,45.33333,0.54933,0.38333,0.81033,8.66667,29.66667,38.33333,24.33333,8.66667,16.66667,114.33333,0.06671,0.35258,0.60389,0.66224,0.66667,0
47.66667,0.50933,0.35167,0.65067,12.0,32.33333,44.33333,25.0,8.0,16.33333,119.0,0.07072,0.38571,0.56808,0.60805,42.0,0.493,0.42833,0.75367,7.0,36.0,43.0,25.0,8.0,17.33333,114.66667,0.00831,0.19911,0.58239,0.63942,0.33333,1
35.66667,0.43633,0.35833,0.798,8.33333,32.66667,41.0,24.0,10.0,15.0,103.33333,0.12151,0.25486,0.50852,0.59314,36.33333,0.41533,0.32767,0.83967,11.66667,38.66667,50.33333,22.66667,8.0,14.66667,98.66667,0.06342,0.32779,0.47083,0.53799,0.33333,0
38.66667,0.42967,0.37867,0.64033,9.66667,33.33333,43.0,23.66667,10.0,10.66667,100.0,-0.01069,0.26169,0.49853,0.53522,36.33333,0.432,0.36867,0.78567,11.0,27.0,38.0,19.66667,7.66667,13.66667,102.33333,-0.11296,0.34552,0.50798,0.57587,0.66667,1
34.0,0.42133,0.31467,0.769,12.0,32.0,44.0,20.33333,8.33333,17.33333,94.66667,-0.12361,0.41145,0.47766,0.55103,33.33333,0.422,0.343,0.77767,9.66667,35.33333,45.0,18.66667,6.66667,15.0,100.0,-0.0205,0.30199,0.48306,0.58217,0.66667,1
34.66667,0.42167,0.32633,0.753,7.33333,34.0,41.33333,19.66667,6.33333,17.0,90.33333,-0.11707,0.19758,0.47848,0.52753,34.33333,0.414,0.34567,0.789,11.66667,30.66667,42.33333,19.0,8.66667,20.33333,98.33333,-0.18151,0.39582,0.46837,0.5552,0.66667,1
39.0,0.431,0.256,0.788,11.0,36.33333,47.33333,19.33333,6.0,12.0,111.33333,0.11105,0.29812,0.47746,0.57016,39.33333,0.48033,0.40233,0.735,10.66667,37.0,47.66667,22.33333,7.0,15.66667,106.66667,0.10553,0.36747,0.55659,0.61689,0.33333,1
42.66667,0.49033,0.32367,0.676,11.0,28.0,39.0,26.0,7.66667,17.0,109.33333,-0.0819,0.36196,0.54024,0.59418,37.33333,0.44433,0.33367,0.75567,11.0,37.0,48.0,20.0,8.66667,18.66667,105.33333,0.01201,0.32195,0.50497,0.58649,0.33333,0
35.0,0.42967,0.29,0.70733,7.66667,28.0,35.66667,15.66667,6.33333,14.0,95.0,-0.30513,0.20982,0.46568,0.5414,32.33333,0.41333,0.35333,0.71667,10.33333,29.33333,39.66667,16.33333,10.0,19.0,85.66667,-0.20395,0.31521,0.47356,0.52367,1.0,0
39.66667,0.486,0.28067,0.756,11.0,36.0,47.0,23.66667,7.0,19.33333,103.33333,-0.00445,0.38367,0.52776,0.59728,34.33333,0.42933,0.32233,0.72967,10.0,34.66667,44.66667,16.33333,7.0,15.0,101.33333,-0.07494,0.29386,0.48564,0.5813,0.66667,1
30.33333,0.39933,0.30333,0.78467,7.66667,33.0,40.66667,20.0,7.66667,18.0,87.66667,-0.25537,0.22334,0.45583,0.53904,38.33333,0.45233,0.391,0.77333,11.66667,35.0,46.66667,23.0,7.0,14.66667,109.66667,0.19389,0.37157,0.53481,0.60952,0.0,0
37.33333,0.445,0.36467,0.756,6.0,35.66667,41.66667,24.0,6.33333,12.0,99.66667,-0.05321,0.16713,0.5205,0.57005,36.33333,0.42567,0.37467,0.732,9.66667,32.33333,42.0,19.66667,7.0,18.66667,100.33333,-0.17181,0.29041,0.48208,0.55153,0.66667,0
43.66667,0.51333,0.43667,0.79967,8.66667,33.0,41.66667,29.0,7.66667,12.0,112.0,0.25273,0.31131,0.58436,0.63231,41.66667,0.49867,0.40967,0.802,7.0,36.0,43.0,28.66667,8.66667,13.0,115.33333,0.12557,0.21813,0.58439,0.65218,0.0,0
44.33333,0.48467,0.37,0.72233,10.66667,41.33333,52.0,21.66667,8.33333,12.66667,118.66667,0.16965,0.33492,0.53186,0.60902,41.0,0.45533,0.37033,0.71233,8.33333,32.66667,41.0,20.33333,9.66667,16.66667,111.66667,-0.04778,0.21261,0.505,0.57909,0.66667,1
37.0,0.42833,0.30267,0.83367,7.66667,37.33333,45.0,24.0,7.33333,11.66667,103.33333,0.0525,0.19024,0.47824,0.56139,46.33333,0.54233,0.37033,0.78567,8.66667,27.33333,36.0,22.66667,7.66667,15.33333,115.0,0.02202,0.34535,0.59665,0.64608,0.66667,0
44.33333,0.506,0.40167,0.721,10.66667,38.0,48.66667,27.66667,6.0,15.0,114.33333,0.15572,0.34435,0.57409,0.62206,35.33333,0.41333,0.355,0.77767,7.66667,40.33333,48.0,24.33333,11.66667,11.33333,94.33333,0.18709,0.19747,0.47801,0.52996,0.33333,1
44.66667,0.494,0.38567,0.71367,9.66667,31.0,40.66667,26.66667,8.66667,13.0,119.0,0.08619,0.30727,0.56897,0.62318,37.0,0.46933,0.37167,0.834,6.0,33.66667,39.66667,21.66667,7.33333,14.66667,107.66667,-0.02993,0.19874,0.52959,0.63581,0.33333,0
37.0,0.41333,0.334,0.724,12.33333,28.66667,41.0,20.33333,7.0,13.33333,102.66667,-0.32398,0.34005,0.46179,0.53726,38.33333,0.46733,0.35333,0.735,9.0,30.0,39.0,22.33333,9.66667,17.0,104.66667,-0.05478,0.27871,0.53927,0.60318,0.66667,1
36.33333,0.45367,0.344,0.761,12.33333,31.0,43.33333,22.66667,5.0,18.33333,100.33333,-0.09463,0.4411,0.52172,0.59021,42.0,0.469,0.26167,0.68867,7.33333,35.0,42.33333,24.33333,12.33333,14.33333,106.33333,0.05968,0.19361,0.51212,0.56408,0.33333,0
39.33333,0.48567,0.38733,0.82233,12.0,38.0,50.0,25.0,8.0,16.66667,110.33333,0.23399,0.49366,0.56532,0.64101,37.0,0.45733,0.37833,0.832,7.33333,33.33333,40.66667,23.66667,7.33333,16.0,98.0,-0.07605,0.22847,0.51501,0.57749,0.66667,0
35.66667,0.403,0.29233,0.81433,10.0,36.33333,46.33333,22.33333,7.0,14.66667,96.66667,-0.09095,0.2267,0.45298,0.52057,39.66667,0.43467,0.31267,0.66233,10.66667,36.0,46.66667,17.66667,8.33333,12.66667,97.0,-0.02686,0.2933,0.47113,0.51104,0.66667,1
40.0,0.48067,0.47033,0.79267,12.66667,28.33333,41.0,25.0,8.66667,11.0,114.33333,0.08799,0.41533,0.56008,0.64016,40.0,0.48733,0.373,0.70933,7.33333,35.0,42.33333,22.0,10.33333,18.33333,106.66667,0.00585,0.23031,0.55619,0.61446,0.33333,0
38.33333,0.44033,0.35633,0.785,13.33333,32.66667,46.0,20.0,8.0,15.33333,105.33333,0.14681,0.44593,0.49718,0.57043,43.33333,0.50933,0.39533,0.84833,10.0,34.0,44.0,23.0,7.33333,11.33333,121.66667,0.1184,0.31931,0.57177,0.66574,0.0,0
38.0,0.47167,0.30333,0.749,9.0,32.33333,41.33333,21.0,6.0,13.33333,104.66667,0.02707,0.29192,0.52209,0.60456,40.66667,0.48033,0.296,0.67967,5.33333,31.66667,37.0,16.66667,9.66667,10.33333,102.66667,0.04133,0.15889,0.52504,0.57644,0.66667,1
34.0,0.403,0.34167,0.759,14.66667,32.66667,47.33333,17.66667,10.66667,15.33333,97.66667,0.08367,0.47065,0.45994,0.54022,36.66667,0.41733,0.29967,0.7,10.33333,32.66667,43.0,19.66667,10.33333,16.0,100.33333,-0.02474,0.26743,0.46087,0.53457,0.66667,1
39.33333,0.49267,0.43867,0.796,5.66667,31.33333,37.0,23.0,8.0,13.0,112.33333,0.01509,0.18204,0.56555,0.65386,44.0,0.49767,0.50633,0.76167,10.0,36.0,46.0,28.66667,7.33333,14.0,118.33333,0.16688,0.30323,0.57299,0.63411,0.0,0
38.33333,0.44433,0.34267,0.82933,10.66667,34.33333,45.0,23.0,7.0,15.66667,107.0,-0.01503,0.28627,0.49435,0.58219,41.33333,0.50333,0.40967,0.74233,9.0,33.66667,42.66667,24.0,7.66667,15.33333,113.0,0.08762,0.30579,0.59107,0.65163,0.33333,1
37.0,0.47133,0.41667,0.75267,6.0,31.0,37.0,25.66667,10.66667,13.0,105.66667,0.07353,0.17708,0.54995,0.62865,41.33333,0.50267,0.42533,0.73233,7.66667,32.66667,40.33333,25.33333,8.66667,14.33333,113.0,0.01549,0.25978,0.5733,0.6433,0.66667,0
41.0,0.43267,0.34867,0.77367,11.33333,36.0,47.33333,20.66667,7.33333,11.0,114.66667,-0.02639,0.30637,0.48529,0.56659,35.66667,0.42967,0.39033,0.72867,9.0,30.0,39.0,19.66667,8.0,14.33333,105.0,-0.03231,0.24366,0.5254,0.59382,0.66667,0
32.0,0.39533,0.308,0.77967,11.0,29.66667,40.66667,21.0,7.33333,16.0,93.0,-0.26214,0.36971,0.45169,0.53655,39.66667,0.47233,0.30033,0.76867,7.33333,34.33333,41.66667,18.0,10.0,12.33333,105.33333,0.02991,0.2024,0.51363,0.5882,0.66667,0
41.66667,0.463,0.28767,0.66333,10.66667,38.0,48.66667,25.33333,6.33333,17.33333,104.0,-0.14105,0.31091,0.50058,0.5526,32.66667,0.37767,0.358,0.81767,12.0,38.66667,50.66667,17.66667,5.66667,14.0,94.66667,-0.07228,0.32633,0.43874,0.5176,0.66667,1
34.66667,0.429,0.34567,0.765,6.33333,35.33333,41.66667,19.66667,5.33333,15.66667,91.0,-0.10199,0.18025,0.49256,0.54093,36.66667,0.40833,0.32133,0.88367,13.33333,35.33333,48.66667,21.0,7.33333,15.33333,104.33333,-0.03255,0.36488,0.46215,0.54729,0.66667,1
33.33333,0.39333,0.25367,0.80733,10.0,38.0,48.0,20.0,7.66667,16.0,97.33333,-0.15115,0.2762,0.4329,0.53575,40.66667,0.46,0.314,0.737,9.0,34.0,43.0,23.0,9.33333,16.0,108.0,-0.08344,0.25071,0.51463,0.58096,0.66667,1
37.0,0.45067,0.353,0.75367,7.66667,35.33333,43.0,17.66667,6.33333,13.33333,107.0,-0.02942,0.20982,0.4977,0.59577,35.33333,0.411,0.39167,0.71233,11.66667,38.0,49.66667,22.0,10.33333,15.33333,101.33333,0.08823,0.32396,0.49248,0.55615,0.66667,0
33.66667,0.405,0.32767,0.77533,9.0,28.66667,37.66667,18.0,11.0,14.66667,104.66667,-0.07685,0.21078,0.48876,0.58122,37.0,0.432,0.392,0.724,10.66667,36.0,46.66667,21.66667,10.0,14.66667,103.33333,0.12766,0.32179,0.50996,0.57113,0.33333,0
42.66667,0.45833,0.31033,0.79333,10.33333,35.66667,46.0,19.66667,6.33333,10.33333,116.66667,-0.00173,0.29984,0.50637,0.58725,36.66667,0.452,0.36767,0.72833,7.0,33.33333,40.33333,21.0,11.0,13.33333,103.33333,0.04294,0.19362,0.51747,0.59395,0.66667,0
37.66667,0.40433,0.30067,0.78533,12.0,36.66667,48.66667,20.33333,6.0,14.0,98.66667,-0.07696,0.29624,0.45603,0.50885,37.33333,0.45367,0.39667,0.70933,9.0,32.33333,41.33333,21.0,8.0,16.66667,105.0,-0.11694,0.28671,0.51436,0.59277,0.66667,0
43.0,0.50033,0.417,0.76733,10.66667,36.33333,47.0,21.66667,9.66667,16.33333,112.0,0.24575,0.32192,0.57781,0.6257,35.66667,0.41167,0.35967,0.814,14.0,29.33333,43.33333,21.33333,7.0,15.33333,102.66667,-0.13169,0.43962,0.48378,0.56063,0.66667,0
40.66667,0.513,0.446,0.80933,7.66667,36.33333,44.0,28.33333,10.66667,16.0,111.66667,0.2276,0.27995,0.59482,0.66448,43.33333,0.51633,0.418,0.83167,9.66667,27.66667,37.33333,20.66667,9.33333,14.0,121.0,0.03777,0.32857,0.57802,0.67074,0.33333,1
37.0,0.429,0.369,0.77133,8.0,33.33333,41.33333,22.66667,5.33333,13.66667,99.0,-0.12555,0.19669,0.49335,0.54902,37.33333,0.435,0.31433,0.748,9.0,29.33333,38.33333,24.66667,9.66667,12.33333,103.0,-0.14036,0.24194,0.50535,0.56873,0.33333,1
40.66667,0.50933,0.41,0.81233,8.33333,36.33333,44.66667,26.66667,5.33333,15.66667,112.66667,0.1373,0.28696,0.57406,0.65823,36.0,0.427,0.32333,0.69067,10.33333,27.66667,38.0,21.33333,8.66667,15.33333,92.0,-0.25024,0.29238,0.4722,0.52044,1.0,0
40.66667,0.43633,0.334,0.67833,13.33333,41.33333,54.66667,19.33333,8.33333,14.66667,107.66667,0.12363,0.4039,0.47904,0.54572,42.66667,0.50367,0.40333,0.60167,8.0,32.0,40.0,27.0,9.66667,16.33333,110.66667,0.00057,0.24654,0.5907,0.6251,0.66667,0
35.66667,0.41533,0.35933,0.825,8.66667,34.33333,43.0,20.66667,5.33333,13.0,96.33333,-0.12817,0.21818,0.47811,0.53719,43.66667,0.48333,0.44933,0.81167,7.66667,45.33333,53.0,20.66667,5.66667,15.0,117.66667,0.06391,0.23142,0.54497,0.6155,0.33333,1
36.33333,0.424,0.32633,0.831,10.0,39.0,49.0,22.66667,6.0,12.66667,106.33333,0.09279,0.27971,0.47642,0.57579,37.66667,0.432,0.37533,0.81833,11.0,31.33333,42.33333,20.66667,6.33333,12.0,109.0,0.01094,0.28922,0.50881,0.5872,0.66667,0
37.66667,0.44133,0.32067,0.78033,13.0,32.33333,45.33333,20.33333,10.33333,16.33333,107.33333,-0.02867,0.45479,0.50899,0.59034,41.33333,0.455,0.41567,0.805,8.33333,35.0,43.33333,26.0,6.33333,13.33333,114.33333,0.02797,0.22277,0.55158,0.60397,0.66667,1
37.66667,0.45333,0.39767,0.74833,5.66667,35.33333,41.0,22.0,6.33333,14.0,99.66667,-0.06172,0.16157,0.5235,0.57413,40.0,0.47667,0.331,0.599,10.66667,33.0,43.66667,23.33333,7.0,16.0,98.66667,-0.09709,0.33165,0.52474,0.56259,0.66667,0
37.66667,0.47167,0.39567,0.823,9.0,37.0,46.0,21.33333,5.0,15.0,106.66667,0.12138,0.29529,0.53626,0.62294,39.0,0.45233,0.362,0.69,7.66667,44.0,51.66667,26.0,11.0,14.0,100.66667,0.3047,0.21736,0.51813,0.56102,0.0,0
43.33333,0.50667,0.37833,0.74433,12.0,31.0,43.0,26.33333,8.66667,16.33333,120.66667,0.08095,0.47713,0.58561,0.66159,37.33333,0.452,0.36167,0.71667,8.66667,35.0,43.66667,20.66667,8.66667,14.0,101.66667,-0.01038,0.26569,0.5239,0.58415,0.33333,1
38.66667,0.428,0.32267,0.662,14.33333,37.66667,52.0,25.66667,9.0,16.0,104.66667,0.12315,0.41219,0.49088,0.54881,44.33333,0.49767,0.53133,0.80833,9.0,35.33333,44.33333,30.0,7.0,11.33333,116.66667,0.12943,0.27467,0.58405,0.63095,0.33333,1
39.0,0.44067,0.40567,0.86333,13.0,36.33333,49.33333,24.66667,6.66667,16.33333,109.0,-0.05118,0.3991,0.51413,0.58387,38.0,0.45233,0.339,0.65067,7.33333,31.0,38.33333,20.0,8.66667,11.66667,99.33333,0.00532,0.20015,0.51105,0.56369,0.33333,0
39.0,0.46633,0.409,0.75433,12.0,36.0,48.0,26.0,6.0,19.0,102.33333,0.01669,0.40609,0.53981,0.58732,36.0,0.46667,0.375,0.76967,8.33333,35.33333,43.66667,22.0,6.0,16.66667,101.0,0.01862,0.29448,0.52886,0.60967,0.66667,0
44.33333,0.5,0.329,0.741,10.66667,35.0,45.66667,27.66667,7.0,15.33333,112.0,0.00715,0.33452,0.55754,0.60464,38.66667,0.477,0.412,0.81267,5.66667,29.33333,35.0,23.33333,5.66667,14.66667,98.66667,-0.17578,0.17662,0.53682,0.58534,1.0,0
44.33333,0.49267,0.31933,0.728,12.0,33.0,45.0,25.33333,9.33333,19.0,114.0,0.05058,0.38333,0.54799,0.60312,38.66667,0.422,0.40233,0.811,12.0,28.66667,40.66667,23.66667,11.0,15.66667,104.0,-0.07016,0.35556,0.48571,0.54332,0.66667,0
38.0,0.45767,0.26767,0.83567,11.0,32.66667,43.66667,18.0,7.0,15.0,102.66667,-0.02183,0.36242,0.49565,0.5803,42.33333,0.51267,0.41433,0.78967,6.33333,29.33333,35.66667,24.33333,8.66667,16.66667,112.66667,-0.08761,0.21302,0.5826,0.64528,0.66667,0
44.0,0.49433,0.36533,0.726,12.0,34.66667,46.66667,28.33333,7.0,18.33333,114.0,0.05757,0.39872,0.55928,0.60996,37.0,0.41333,0.36167,0.761,14.0,29.0,43.0,19.33333,8.66667,12.33333,112.0,0.01762,0.36404,0.49993,0.58342,0.66667,0
39.33333,0.46167,0.355,0.80967,5.66667,36.0,41.66667,21.66667,8.66667,15.33333,101.33333,-0.09284,0.15882,0.5267,0.57399,39.0,0.442,0.288,0.63467,10.66667,33.33333,44.0,19.0,8.66667,13.66667,98.0,-0.0885,0.30441,0.48934,0.53094,0.66667,1
42.66667,0.529,0.44467,0.76867,10.0,33.33333,43.33333,27.33333,9.33333,15.66667,117.0,0.1286,0.34061,0.59444,0.67416,45.66667,0.529,0.496,0.74167,9.0,32.0,41.0,29.33333,6.33333,14.66667,120.0,0.05941,0.29416,0.6062,0.66039,0.33333,0
40.33333,0.457,0.32767,0.85433,11.0,33.66667,44.66667,20.66667,7.33333,14.66667,110.33333,0.13996,0.33972,0.50038,0.58665,35.33333,0.44667,0.355,0.768,8.33333,38.0,46.33333,20.66667,5.33333,14.66667,100.0,0.08363,0.25834,0.50981,0.58961,0.33333,0
35.33333,0.40467,0.34933,0.828,12.33333,32.66667,45.0,18.66667,9.0,13.33333,104.33333,0.03466,0.38696,0.46543,0.55764,36.33333,0.451,0.35867,0.77567,8.0,41.33333,49.33333,20.0,7.33333,18.33333,105.33333,0.03467,0.23997,0.51758,0.60682,0.33333,1
41.0,0.50333,0.456,0.816,8.66667,31.0,39.66667,20.0,7.33333,11.66667,118.33333,0.08236,0.29859,0.56652,0.669,37.33333,0.46067,0.34933,0.64667,10.66667,32.66667,43.33333,19.66667,7.33333,15.66667,101.0,-0.16653,0.3203,0.51598,0.58107,1.0,1
37.0,0.45067,0.368,0.79867,8.66667,37.33333,46.0,21.0,8.66667,15.66667,98.66667,0.05117,0.28381,0.51379,0.5738,40.0,0.45867,0.32567,0.718,9.33333,26.0,35.33333,20.33333,7.66667,13.33333,103.0,-0.15587,0.27657,0.51002,0.56271,1.0,0
41.0,0.47133,0.32333,0.82567,15.33333,31.33333,46.66667,24.0,9.0,17.66667,113.0,0.11156,0.51426,0.52618,0.6083,39.66667,0.469,0.37633,0.747,8.33333,34.0,42.33333,21.0,11.66667,16.0,107.33333,0.06465,0.24728,0.53175,0.59851,0.33333,0
39.33333,0.495,0.371,0.784,5.33333,31.33333,36.66667,26.66667,8.33333,13.0,104.66667,0.08804,0.15948,0.56166,0.62389,38.0,0.469,0.395,0.69467,8.66667,25.66667,34.33333,23.0,9.33333,14.0,102.0,-0.11062,0.26086,0.54572,0.59762,0.33333,0
38.66667,0.499,0.427,0.803,6.66667,38.66667,45.33333,27.0,7.0,16.33333,110.0,0.08909,0.24316,0.56997,0.65999,34.33333,0.41,0.403,0.74133,13.66667,31.66667,45.33333,16.33333,7.66667,15.66667,102.66667,-0.08559,0.42442,0.47975,0.56915,0.66667,0
43.66667,0.49367,0.30533,0.64567,8.66667,35.66667,44.33333,27.33333,9.0,16.33333,106.0,-0.05276,0.2665,0.53797,0.57694,36.66667,0.44967,0.29667,0.73667,9.66667,38.66667,48.33333,20.33333,7.66667,17.66667,104.0,0.02749,0.28727,0.50259,0.58944,0.33333,1
34.66667,0.43333,0.31733,0.75433,7.33333,28.33333,35.66667,17.66667,8.0,15.33333,101.0,-0.10122,0.18673,0.51377,0.59042,36.33333,0.46,0.37733,0.78167,8.33333,36.33333,44.66667,18.0,7.0,19.0,100.33333,-0.07374,0.25739,0.52841,0.5981,0.66667,1
37.33333,0.45467,0.388,0.74733,9.0,33.33333,42.33333,19.33333,7.33333,13.0,103.0,-0.11517,0.2805,0.5233,0.59133,45.33333,0.483,0.31267,0.72867,10.33333,35.33333,45.66667,24.0,7.33333,13.66667,114.33333,-0.05597,0.30188,0.52393,0.5796,0.66667,0
37.33333,0.44233,0.37433,0.75367,9.66667,34.66667,44.33333,19.33333,9.66667,13.66667,103.66667,0.07613,0.28104,0.4886,0.57043,38.66667,0.48733,0.45567,0.85567,6.66667,33.0,39.66667,25.0,6.66667,17.33333,107.33333,0.13529,0.21992,0.57797,0.64366,0.0,1
42.0,0.50533,0.42933,0.68767,9.0,38.66667,47.66667,22.33333,9.33333,16.33333,106.33333,0.21186,0.30357,0.56972,0.61348,38.0,0.44333,0.36167,0.77067,10.0,39.33333,49.33333,22.0,9.0,14.0,107.33333,0.06491,0.30218,0.51207,0.58999,0.0,1
38.0,0.45933,0.31267,0.71733,8.0,35.33333,43.33333,22.66667,7.0,15.33333,102.0,-0.04593,0.2515,0.51239,0.57803,34.0,0.40933,0.33067,0.753,11.33333,33.33333,44.66667,17.0,8.0,19.0,91.0,-0.19689,0.31826,0.46204,0.52074,1.0,1
42.66667,0.5,0.445,0.825,11.0,36.33333,47.33333,20.66667,7.0,15.66667,113.33333,0.17562,0.35367,0.576,0.63592,43.66667,0.474,0.446,0.86533,7.66667,46.0,53.66667,18.66667,6.66667,12.66667,118.33333,0.1178,0.21251,0.52839,0.60745,0.0,0
38.33333,0.44567,0.248,0.781,11.66667,32.33333,44.0,21.0,7.33333,15.66667,99.66667,-0.17543,0.35998,0.48581,0.54914,37.0,0.425,0.32967,0.79733,9.33333,35.66667,45.0,18.33333,11.33333,13.33333,104.0,0.01201,0.25493,0.47053,0.55835,0.33333,1
37.0,0.43,0.37933,0.84867,10.0,40.33333,50.33333,22.66667,9.0,15.0,109.0,0.20801,0.31505,0.49805,0.59227,36.33333,0.43633,0.358,0.73933,9.0,28.33333,37.33333,22.33333,8.0,13.33333,100.0,-0.15449,0.26205,0.50915,0.57007,0.33333,1
37.66667,0.45333,0.38533,0.787,8.33333,29.66667,38.0,19.66667,7.66667,12.66667,104.66667,-0.04249,0.25277,0.51667,0.59153,34.33333,0.41833,0.26033,0.716,8.66667,31.66667,40.33333,20.0,7.66667,16.33333,89.66667,-0.19978,0.24815,0.45295,0.5152,1.0,0
40.66667,0.44433,0.31133,0.73233,10.0,42.0,52.0,21.66667,11.33333,17.33333,109.33333,0.0542,0.26972,0.48791,0.56208,39.33333,0.49067,0.30767,0.70467,4.33333,28.33333,32.66667,17.0,9.0,12.0,102.33333,-0.02706,0.12764,0.53608,0.60267,0.66667,1
41.66667,0.506,0.377,0.77,9.0,38.33333,47.33333,24.33333,8.0,16.33333,116.33333,0.09428,0.27767,0.56204,0.6514,42.66667,0.45333,0.401,0.823,11.33333,32.0,43.33333,27.33333,7.66667,12.66667,116.33333,-0.0137,0.31368,0.5296,0.59003,0.66667,0
43.33333,0.51667,0.491,0.721,7.33333,32.33333,39.66667,26.0,5.33333,14.66667,111.66667,0.07447,0.25623,0.59815,0.63911,37.33333,0.43933,0.387,0.715,12.66667,32.66667,45.33333,18.0,6.33333,16.0,103.66667,-0.06228,0.39085,0.51006,0.57414,0.66667,0
37.0,0.43467,0.39933,0.73,10.33333,37.66667,48.0,21.0,5.0,11.66667,99.0,-0.03193,0.30145,0.49528,0.552,40.0,0.47767,0.39333,0.707,5.66667,42.66667,48.33333,23.0,6.66667,14.33333,107.0,0.1096,0.16636,0.5392,0.60224,0.33333,1
40.0,0.476,0.345,0.74833,11.66667,29.66667,41.33333,22.33333,7.66667,16.0,114.33333,-0.04514,0.44273,0.55029,0.63291,36.33333,0.435,0.401,0.83533,10.66667,28.0,38.66667,22.33333,6.66667,12.66667,101.66667,-0.178,0.3492,0.50234,0.57737,1.0,1
39.33333,0.47567,0.37533,0.82633,12.0,37.33333,49.33333,24.33333,8.33333,19.33333,108.66667,0.06288,0.41028,0.53884,0.61639,43.33333,0.47133,0.30733,0.75667,7.66667,37.33333,45.0,26.0,7.66667,13.66667,113.0,0.03961,0.20382,0.52706,0.58542,0.33333,0
35.33333,0.46133,0.33833,0.84033,5.33333,35.33333,40.66667,21.66667,6.66667,19.33333,96.0,-0.02937,0.1734,0.51555,0.59138,41.33333,0.48133,0.38967,0.646,7.66667,35.33333,43.0,27.66667,11.33333,20.33333,108.33333,0.03721,0.22848,0.56735,0.60539,0.66667,0
42.33333,0.51767,0.39867,0.762,10.66667,34.66667,45.33333,27.66667,7.33333,18.0,106.33333,0.07883,0.40546,0.57842,0.62435,41.33333,0.468,0.30167,0.67167,10.0,35.0,45.0,20.66667,8.0,13.0,106.0,0.03088,0.29718,0.53008,0.57352,0.33333,0
39.66667,0.421,0.28933,0.744,16.0,38.0,54.0,27.66667,7.0,14.0,108.33333,0.0611,0.46847,0.47368,0.54363,39.0,0.476,0.38933,0.78633,5.66667,29.66667,35.33333,24.33333,6.66667,15.0,97.33333,-0.1626,0.16551,0.53127,0.57331,1.0,0
37.66667,0.43467,0.314,0.79567,10.66667,31.66667,42.33333,22.0,6.33333,15.0,104.33333,-0.27899,0.31161,0.47897,0.56362,33.33333,0.429,0.29933,0.72833,8.33333,35.33333,43.66667,18.0,7.0,17.0,92.33333,-0.07356,0.24785,0.47531,0.55537,1.0,0
34.33333,0.377,0.31733,0.71467,10.66667,31.0,41.66667,20.33333,10.66667,12.0,104.33333,-0.06375,0.24054,0.43967,0.52992,37.0,0.412,0.32,0.81567,11.0,29.66667,40.66667,20.66667,13.66667,15.33333,98.66667,-0.16051,0.32172,0.45891,0.52372,0.66667,0
39.0,0.458,0.411,0.787,11.33333,29.33333,40.66667,23.33333,9.0,13.0,108.0,0.03592,0.36815,0.52409,0.59689,40.33333,0.48967,0.37533,0.813,5.66667,27.66667,33.33333,23.0,8.33333,16.66667,106.33333,-0.1921,0.16731,0.55143,0.6134,1.0,1
38.66667,0.43933,0.27833,0.84,10.66667,34.33333,45.0,18.66667,8.66667,14.66667,105.33333,0.16797,0.30361,0.47692,0.56184,41.66667,0.487,0.35467,0.758,12.33333,35.66667,48.0,22.0,8.33333,14.33333,121.33333,0.07438,0.37668,0.54523,0.6468,0.33333,1
37.66667,0.45367,0.335,0.82767,9.66667,35.0,44.66667,18.0,9.33333,15.66667,105.0,0.0879,0.2976,0.51573,0.59481,34.66667,0.44533,0.35633,0.772,7.66667,38.66667,46.33333,22.0,6.66667,17.0,98.66667,0.08665,0.24906,0.50698,0.58988,0.33333,0
41.33333,0.472,0.32133,0.68133,10.33333,36.0,46.33333,24.33333,7.0,13.0,103.0,0.01945,0.30269,0.51998,0.56262,34.66667,0.43333,0.40933,0.82,8.0,37.66667,45.66667,19.33333,4.33333,17.33333,98.0,-0.03694,0.24109,0.50531,0.57906,0.33333,1
32.33333,0.387,0.332,0.84933,7.66667,34.0,41.66667,17.33333,8.66667,14.0,95.33333,-0.01222,0.19726,0.44179,0.53423,40.66667,0.484,0.367,0.73233,7.0,31.33333,38.33333,24.66667,8.33333,15.66667,100.0,-0.15083,0.21087,0.53434,0.57463,1.0,0
37.33333,0.46633,0.37267,0.866,9.33333,31.0,40.33333,20.66667,8.33333,14.0,105.33333,0.02567,0.30665,0.52059,0.61258,36.33333,0.44633,0.35033,0.82567,9.66667,39.66667,49.33333,21.0,8.0,13.0,106.33333,0.17919,0.29942,0.50962,0.60662,0.0,0
44.33333,0.507,0.31133,0.77167,9.0,35.33333,44.33333,27.0,10.33333,20.66667,115.0,0.06227,0.28125,0.56455,0.62492,40.33333,0.48567,0.37133,0.72133,9.66667,38.66667,48.33333,23.33333,7.66667,16.0,117.33333,0.13853,0.31078,0.55229,0.64492,0.0,0
40.66667,0.47333,0.454,0.73433,11.66667,37.33333,49.0,25.33333,7.66667,13.0,106.33333,0.14604,0.37421,0.54046,0.59091,36.66667,0.43133,0.32767,0.71367,10.0,28.66667,38.66667,20.66667,6.33333,14.0,93.0,-0.2064,0.28521,0.48185,0.52557,1.0,1
34.33333,0.41933,0.347,0.85333,13.0,29.33333,42.33333,18.66667,7.33333,15.33333,102.66667,-0.10004,0.41524,0.48031,0.58305,38.66667,0.45367,0.37667,0.80267,9.66667,30.33333,40.0,20.33333,13.0,16.0,104.0,-0.01195,0.29598,0.51757,0.57973,0.66667,1
44.66667,0.52567,0.40967,0.75,7.33333,29.0,36.33333,30.0,9.0,11.0,111.66667,0.22823,0.23246,0.59365,0.63199,38.0,0.46967,0.35667,0.73867,8.33333,31.66667,40.0,23.33333,10.33333,16.66667,106.66667,-0.13811,0.22822,0.53138,0.6113,0.66667,0
40.66667,0.46767,0.26367,0.742,8.66667,29.33333,38.0,21.33333,9.66667,15.66667,103.33333,-0.14588,0.24127,0.51042,0.56602,42.0,0.466,0.377,0.60067,11.0,33.0,44.0,25.33333,13.33333,18.0,108.33333,0.00302,0.32679,0.54015,0.57644,0.66667,0
43.0,0.52467,0.49267,0.81567,7.0,34.0,41.0,23.66667,7.0,14.33333,120.33333,0.17585,0.2555,0.62412,0.69339,40.33333,0.478,0.411,0.812,10.0,38.0,48.0,25.0,7.66667,16.66667,102.66667,0.13407,0.3564,0.5364,0.58439,0.33333,1
34.33333,0.39533,0.33367,0.77033,9.0,35.33333,44.33333,19.66667,8.66667,11.66667,96.66667,0.02309,0.23761,0.44243,0.52134,41.66667,0.45533,0.30367,0.79233,8.66667,32.0,40.66667,22.66667,9.0,12.33333,106.66667,-0.11883,0.24734,0.49965,0.55855,0.66667,0
43.33333,0.48767,0.38033,0.80067,10.66667,35.0,45.66667,21.66667,6.33333,11.0,116.0,0.11006,0.3366,0.54191,0.61528,39.66667,0.45167,0.251,0.783,7.33333,37.33333,44.66667,24.33333,7.0,14.66667,109.66667,-0.04619,0.18216,0.5027,0.58357,0.66667,1
38.66667,0.47267,0.457,0.76567,12.66667,34.0,46.66667,27.66667,9.33333,14.66667,107.33333,0.26754,0.50229,0.55806,0.6206,37.66667,0.427,0.38867,0.839,13.66667,26.66667,40.33333,21.66667,7.0,11.66667,107.0,-0.10819,0.40128,0.49506,0.57185,1.0,0
44.0,0.517,0.37133,0.78833,10.66667,35.33333,46.0,28.33333,10.33333,19.33333,114.0,0.18964,0.41981,0.57925,0.64094,32.0,0.37733,0.31833,0.80833,11.0,37.0,48.0,17.0,10.0,16.0,92.0,-0.07011,0.30683,0.44014,0.51278,1.0,1
33.66667,0.421,0.30467,0.76167,10.66667,29.66667,40.33333,15.0,6.0,15.66667,90.66667,-0.23203,0.3255,0.47139,0.53654,38.0,0.45567,0.39633,0.79433,8.66667,30.66667,39.33333,24.66667,8.0,11.66667,105.33333,-0.15306,0.2501,0.52124,0.59305,1.0,0
42.33333,0.447,0.34967,0.75033,16.66667,33.66667,50.33333,28.66667,7.66667,15.33333,115.0,0.06524,0.48273,0.5085,0.57431,40.0,0.46467,0.31367,0.82033,12.0,32.33333,44.33333,21.0,8.66667,14.66667,112.66667,0.0193,0.34621,0.51501,0.60981,0.33333,0
38.0,0.41433,0.28433,0.77033,11.66667,38.33333,50.0,18.66667,9.33333,15.33333,100.33333,-0.01418,0.30831,0.45613,0.52124,34.0,0.44833,0.40367,0.788,6.66667,41.0,47.66667,17.66667,7.66667,19.0,99.0,0.13591,0.2233,0.52035,0.60624,0.0,0
37.66667,0.42467,0.27133,0.811,9.0,37.0,46.0,23.0,8.33333,14.33333,105.33333,-0.08863,0.24567,0.46792,0.56153,41.0,0.472,0.41667,0.81333,9.66667,41.66667,51.33333,18.0,6.33333,16.0,112.66667,0.01748,0.28249,0.53209,0.60995,0.33333,1
38.33333,0.449,0.31533,0.81933,8.66667,30.66667,39.33333,20.66667,5.0,14.66667,101.0,-0.13455,0.25862,0.51181,0.56603,40.0,0.445,0.382,0.79467,10.66667,34.33333,45.0,24.0,5.66667,13.66667,107.66667,-0.06129,0.30676,0.5184,0.573,0.66667,0
40.33333,0.50133,0.48467,0.80933,8.66667,34.33333,43.0,23.33333,5.66667,13.66667,114.66667,0.2608,0.31099,0.582,0.67162,40.33333,0.436,0.367,0.77867,13.33333,37.0,50.33333,20.0,9.0,13.66667,117.33333,0.09839,0.36119,0.50718,0.5931,0.33333,0
46.0,0.50733,0.403,0.69833,12.0,34.66667,46.66667,23.66667,9.33333,12.66667,114.66667,0.08896,0.40774,0.55691,0.60361,39.66667,0.49467,0.432,0.72467,4.33333,41.66667,46.0,21.66667,6.66667,14.0,108.33333,0.11346,0.13501,0.56786,0.6362,0.33333,1
37.0,0.49033,0.42867,0.77967,5.33333,36.0,41.33333,25.0,7.33333,16.0,107.66667,0.05506,0.19603,0.56836,0.66045,37.0,0.451,0.43967,0.86167,9.66667,37.33333,47.0,20.33333,5.0,14.33333,107.0,0.16577,0.30966,0.52477,0.61317,0.0,1
43.0,0.491,0.31833,0.742,10.0,30.33333,40.33333,21.0,9.66667,13.33333,112.0,0.00094,0.31495,0.54299,0.6047,37.33333,0.414,0.315,0.71567,9.66667,31.33333,41.0,23.33333,11.66667,17.33333,98.33333,-0.27649,0.25664,0.46059,0.51868,1.0,0
44.0,0.50933,0.36933,0.78033,8.66667,32.33333,41.0,25.33333,11.33333,16.0,108.0,0.09137,0.30801,0.56058,0.60451,41.33333,0.521,0.40367,0.78333,4.66667,29.66667,34.33333,25.0,9.66667,16.33333,112.66667,-0.02286,0.14426,0.588,0.6633,0.66667,0
40.66667,0.46167,0.337,0.89267,12.33333,30.0,42.33333,27.0,8.33333,14.66667,112.33333,-0.06261,0.40251,0.51983,0.60553,42.0,0.46767,0.39533,0.77167,10.66667,33.66667,44.33333,22.33333,6.66667,12.0,111.66667,0.09273,0.31675,0.55102,0.5967,0.33333,0
39.66667,0.46533,0.377,0.79267,8.0,42.33333,50.33333,23.33333,7.66667,15.33333,110.33333,0.13329,0.22752,0.51893,0.60304,33.0,0.401,0.38667,0.853,11.33333,31.0,42.33333,19.66667,6.0,15.33333,98.66667,-0.13411,0.33512,0.48179,0.56528,0.66667,0
39.33333,0.43933,0.398,0.78967,8.66667,34.33333,43.0,25.0,11.66667,14.33333,113.66667,0.05223,0.21257,0.50461,0.59122,37.33333,0.43633,0.38033,0.825,9.33333,28.66667,38.0,21.33333,9.33333,13.66667,105.0,-0.03938,0.28274,0.51269,0.58239,0.33333,1
38.33333,0.43967,0.28767,0.782,9.0,38.0,47.0,17.0,8.0,15.33333,100.66667,0.08091,0.23879,0.47787,0.54765,36.33333,0.42767,0.38467,0.79733,12.66667,37.0,49.66667,18.0,6.66667,15.66667,101.33333,0.04539,0.39632,0.50022,0.56555,0.66667,0
41.33333,0.48467,0.446,0.74167,7.0,32.33333,39.33333,25.33333,9.66667,15.33333,116.33333,0.06776,0.18852,0.55918,0.63624,39.33333,0.43433,0.279,0.62733,8.0,34.0,42.0,22.33333,7.0,13.33333,102.33333,-0.16563,0.18533,0.48946,0.54033,1.0,1
37.66667,0.45933,0.40567,0.80667,10.33333,31.0,41.33333,17.33333,9.66667,13.33333,106.0,0.09651,0.33174,0.52821,0.60632,42.33333,0.47333,0.362,0.6,11.33333,25.0,36.33333,24.0,8.0,13.66667,105.0,-0.23303,0.34181,0.53707,0.56729,1.0,0
41.0,0.45967,0.34333,0.67433,9.33333,33.66667,43.0,20.66667,7.33333,15.0,105.0,-0.26631,0.24743,0.51445,0.56271,39.33333,0.47633,0.45333,0.85,7.0,36.33333,43.33333,23.0,5.0,15.66667,107.0,0.04591,0.2191,0.54162,0.61358,0.0,1
35.66667,0.42533,0.384,0.777,7.0,35.66667,42.66667,18.66667,5.33333,13.66667,100.33333,-0.0646,0.19472,0.48586,0.56327,33.0,0.39167,0.35867,0.70167,12.33333,25.33333,37.66667,18.33333,9.33333,17.66667,93.66667,-0.24932,0.33998,0.44936,0.52157,1.0,1
41.33333,0.476,0.31767,0.69333,10.0,35.33333,45.33333,26.0,6.0,13.66667,104.66667,-0.02538,0.28763,0.52799,0.57468,36.33333,0.42167,0.40067,0.827,9.33333,35.33333,44.66667,16.33333,10.33333,13.33333,106.0,0.0254,0.26931,0.47425,0.57427,0.33333,1
37.66667,0.46867,0.43667,0.873,9.33333,34.33333,43.66667,22.66667,7.33333,15.33333,107.33333,0.14612,0.30397,0.5458,0.62705,41.33333,0.43933,0.41133,0.72633,11.0,39.33333,50.33333,21.33333,6.66667,13.66667,115.66667,0.09684,0.30136,0.52323,0.58445,0.33333,1
43.33333,0.50967,0.35333,0.76733,6.33333,36.66667,43.0,28.33333,9.0,18.66667,113.66667,0.10771,0.19792,0.57405,0.63395,33.0,0.42367,0.38267,0.774,8.33333,40.0,48.33333,15.33333,7.0,19.33333,98.0,0.05947,0.255,0.48498,0.57967,0.33333,1
42.66667,0.48867,0.427,0.78167,11.66667,35.33333,47.0,28.33333,6.66667,13.33333,111.33333,0.14553,0.38183,0.55347,0.6081,36.33333,0.43467,0.311,0.697,11.33333,29.33333,40.66667,23.0,7.33333,15.33333,93.33333,-0.13242,0.33839,0.48213,0.5322,0.66667,0
36.33333,0.45767,0.36933,0.82533,10.33333,35.0,45.33333,23.66667,6.33333,18.0,100.0,0.09613,0.36996,0.52536,0.5961,40.0,0.48633,0.44267,0.897,8.0,28.66667,36.66667,22.66667,11.33333,16.0,111.0,-0.0046,0.26045,0.57332,0.64251,0.66667,0
44.0,0.49167,0.38267,0.81067,8.33333,32.33333,40.66667,29.66667,7.66667,9.33333,113.33333,0.23488,0.25403,0.5647,0.60925,41.66667,0.49733,0.36333,0.81733,7.0,28.66667,35.66667,20.33333,8.66667,15.33333,107.0,-0.01718,0.22179,0.56537,0.61272,0.66667,0
37.33333,0.477,0.35267,0.82533,8.66667,36.66667,45.33333,22.66667,6.33333,20.66667,99.66667,0.1011,0.31685,0.5303,0.60182,41.0,0.47933,0.302,0.607,8.66667,29.33333,38.0,23.0,8.33333,14.33333,98.33333,-0.18482,0.27319,0.52268,0.55444,0.66667,0
35.66667,0.39067,0.299,0.77,10.33333,37.66667,48.0,22.33333,7.66667,13.0,106.33333,-0.0401,0.2424,0.45054,0.54646,34.0,0.412,0.35867,0.75933,11.0,30.66667,41.66667,15.66667,6.66667,17.0,96.33333,-0.17008,0.34581,0.48141,0.55142,1.0,0
38.66667,0.444,0.28667,0.76567,10.66667,29.66667,40.33333,24.66667,7.66667,13.33333,98.33333,-0.21538,0.30262,0.49787,0.54393,42.66667,0.481,0.38733,0.821,11.66667,38.33333,50.0,27.66667,9.0,15.33333,109.33333,0.20647,0.39296,0.53576,0.58904,0.33333,1
40.0,0.453,0.424,0.724,11.0,32.0,43.0,23.33333,7.33333,9.0,113.66667,0.11415,0.31194,0.52598,0.6007,36.66667,0.413,0.298,0.776,9.66667,33.66667,43.33333,19.0,9.66667,14.33333,97.0,-0.17912,0.25687,0.45673,0.52055,0.66667,0
44.66667,0.504,0.36267,0.75633,8.66667,38.33333,47.0,23.66667,7.0,13.33333,115.0,0.09745,0.27526,0.5529,0.61481,41.0,0.48333,0.377,0.737,9.0,32.0,41.0,27.33333,6.0,15.33333,109.0,0.04689,0.28427,0.56108,0.61341,0.33333,0
36.0,0.41367,0.299,0.71867,9.33333,35.66667,45.0,22.0,9.66667,13.0,93.0,0.08893,0.25735,0.45725,0.51029,41.33333,0.486,0.404,0.73967,8.33333,40.0,48.33333,21.66667,7.33333,15.0,111.33333,0.01427,0.24368,0.54737,0.61608,0.33333,1
42.33333,0.50533,0.467,0.77467,10.66667,31.66667,42.33333,29.0,8.66667,13.66667,113.0,0.2981,0.45868,0.58965,0.64402,36.0,0.41433,0.307,0.746,12.66667,31.0,43.66667,20.66667,8.66667,18.0,100.66667,-0.09978,0.3585,0.46828,0.54466,0.66667,0
38.0,0.444,0.383,0.778,10.33333,34.66667,45.0,23.0,8.66667,11.33333,99.0,0.09888,0.33589,0.50297,0.55563,41.0,0.493,0.419,0.86933,8.33333,29.33333,37.66667,24.66667,12.0,17.0,112.33333,0.0009,0.26986,0.5812,0.64407,0.66667,0
38.33333,0.44367,0.37433,0.832,5.33333,37.66667,43.0,22.0,6.33333,12.0,104.33333,0.03301,0.13604,0.51892,0.57913,36.0,0.429,0.463,0.711,8.66667,32.66667,41.33333,22.66667,6.33333,12.0,97.66667,-0.17777,0.23329,0.49421,0.54967,1.0,0
36.33333,0.439,0.299,0.72867,10.66667,31.33333,42.0,17.33333,6.0,12.33333,96.33333,-0.05124,0.32841,0.49578,0.55384,32.66667,0.41967,0.367,0.774,11.0,32.33333,43.33333,21.66667,6.33333,17.0,96.0,-0.09241,0.36046,0.48662,0.57136,1.0,1
42.33333,0.475,0.37533,0.855,11.0,29.0,40.0,26.33333,10.33333,13.66667,110.33333,0.01475,0.34721,0.52997,0.59207,41.0,0.52267,0.457,0.78033,6.66667,30.66667,37.33333,27.0,5.66667,16.66667,110.0,0.05531,0.23925,0.61352,0.6671,0.33333,1
40.66667,0.46567,0.405,0.789,10.66667,33.66667,44.33333,26.0,6.66667,11.66667,111.0,0.09461,0.31716,0.52281,0.59722,32.0,0.418,0.33433,0.69267,6.66667,36.66667,43.33333,20.0,7.33333,15.33333,89.66667,-0.04277,0.1747,0.47488,0.5479,1.0,0
41.66667,0.45867,0.33067,0.80267,11.0,36.33333,47.33333,20.66667,10.66667,15.0,107.66667,0.0512,0.31122,0.51057,0.56754,44.66667,0.49667,0.38633,0.74733,10.66667,34.33333,45.0,27.33333,5.66667,16.0,116.33333,-0.03232,0.31412,0.56014,0.61537,0.66667,0
40.66667,0.491,0.42333,0.84167,6.33333,33.33333,39.66667,23.33333,6.66667,13.33333,110.33333,0.049,0.19799,0.56687,0.63301,45.0,0.51067,0.36567,0.74133,9.66667,34.66667,44.33333,28.0,6.0,16.66667,113.66667,-0.08283,0.29149,0.58155,0.62171,1.0,0
35.66667,0.43233,0.29033,0.76433,9.66667,31.33333,41.0,17.33333,7.0,11.0,93.66667,-0.05571,0.29532,0.48731,0.54399,37.33333,0.417,0.28,0.81,11.0,33.33333,44.33333,18.66667,7.33333,12.33333,101.33333,-0.11189,0.29983,0.46692,0.53675,0.66667,0
40.66667,0.489,0.39767,0.80167,9.33333,37.33333,46.66667,26.66667,5.66667,12.66667,112.66667,0.27547,0.31624,0.55583,0.64244,42.0,0.461,0.348,0.72333,11.33333,36.33333,47.66667,24.33333,8.33333,16.33333,115.33333,-0.01088,0.32291,0.52138,0.59481,0.33333,0
42.66667,0.55867,0.46933,0.70033,7.66667,36.66667,44.33333,30.0,8.0,16.33333,111.33333,0.26083,0.3484,0.64949,0.69495,38.0,0.46967,0.41633,0.77667,6.33333,41.66667,48.0,21.0,5.33333,13.0,108.0,0.04672,0.19751,0.54008,0.6225,0.33333,1
39.33333,0.44433,0.28167,0.738,10.0,34.0,44.0,20.33333,9.0,13.33333,104.0,-0.08008,0.27341,0.48905,0.55422,40.33333,0.453,0.32533,0.75167,8.33333,32.33333,40.66667,25.0,9.0,13.0,101.33333,-0.14927,0.2281,0.50549,0.54896,1.0,1
35.0,0.46133,0.37,0.82267,4.0,38.66667,42.66667,22.33333,7.33333,15.66667,101.66667,-0.00936,0.1127,0.5325,0.62296,38.66667,0.446,0.30633,0.55233,9.0,26.66667,35.66667,22.33333,7.66667,12.0,93.33333,-0.2395,0.26066,0.49037,0.5194,1.0,0
43.66667,0.51333,0.384,0.78467,6.0,34.66667,40.66667,27.0,7.33333,17.33333,113.66667,0.08513,0.19077,0.58992,0.63864,35.33333,0.42633,0.28633,0.792,9.0,42.0,51.0,19.66667,8.66667,13.66667,102.33333,0.08695,0.25615,0.477,0.5731,0.0,1
41.33333,0.42867,0.33933,0.75967,12.33333,36.66667,49.0,23.0,7.33333,13.0,108.0,-0.03601,0.3261,0.49047,0.5374,39.0,0.44,0.34533,0.65767,11.33333,31.0,42.33333,20.66667,11.33333,17.66667,101.66667,-0.14969,0.3358,0.50219,0.54814,1.0,0
39.0,0.47933,0.37567,0.69467,10.0,34.0,44.0,23.0,8.33333,15.0,101.0,0.03772,0.34329,0.53527,0.58798,32.0,0.395,0.333,0.80367,8.0,31.33333,39.33333,18.66667,9.0,18.33333,89.66667,-0.21496,0.22496,0.46117,0.52787,1.0,1
40.33333,0.457,0.328,0.763,9.66667,39.0,48.66667,26.0,7.33333,10.33333,108.66667,0.23243,0.26447,0.52123,0.58375,39.66667,0.43367,0.31667,0.77667,8.66667,29.33333,38.0,25.66667,11.66667,14.33333,105.0,-0.22967,0.23033,0.48314,0.5462,1.0,0
38.33333,0.45333,0.335,0.766,6.0,35.33333,41.33333,19.0,7.0,16.66667,98.66667,-0.26736,0.16474,0.50705,0.55882,40.33333,0.45133,0.36267,0.69633,11.66667,36.33333,48.0,20.66667,8.66667,15.0,112.66667,0.06535,0.31549,0.51025,0.58574,0.33333,1
38.66667,0.458,0.31467,0.84167,7.0,35.66667,42.66667,20.66667,5.66667,13.33333,101.66667,-0.0584,0.19583,0.51011,0.57465,40.66667,0.46367,0.362,0.79433,9.33333,34.66667,44.0,20.33333,9.33333,14.0,107.33333,0.05805,0.2698,0.53874,0.58735,0.66667,1
39.66667,0.45133,0.33533,0.69633,10.0,36.66667,46.66667,19.0,8.66667,14.66667,101.33333,0.0553,0.27738,0.49505,0.5498,38.33333,0.47,0.34233,0.806,9.66667,32.66667,42.33333,23.66667,9.66667,15.66667,108.66667,0.07197,0.34464,0.53878,0.622,0.0,0
39.0,0.48,0.394,0.68233,12.0,32.0,44.0,21.66667,9.66667,15.0,108.33333,0.1604,0.46679,0.55548,0.62161,39.0,0.45167,0.36533,0.58267,8.66667,31.0,39.66667,23.33333,7.0,11.33333,98.0,-0.1028,0.24855,0.51194,0.54593,1.0,0
33.0,0.40067,0.34133,0.813,7.33333,39.33333,46.66667,18.0,5.33333,14.0,91.33333,-0.03679,0.20266,0.45844,0.52825,39.33333,0.46433,0.312,0.73433,10.33333,31.66667,42.0,24.33333,6.0,16.33333,101.33333,-0.07202,0.33194,0.51718,0.57006,0.66667,1
38.33333,0.441,0.329,0.75833,7.66667,33.33333,41.0,22.66667,6.0,12.66667,101.0,-0.1189,0.19306,0.49916,0.55532,39.66667,0.47133,0.40067,0.814,9.0,36.33333,45.33333,20.66667,8.0,12.0,104.33333,0.12606,0.29407,0.52549,0.59371,0.33333,0
36.33333,0.43467,0.376,0.84633,12.66667,38.0,50.66667,21.66667,7.33333,21.0,101.66667,0.10009,0.41398,0.506,0.57621,33.66667,0.45133,0.34733,0.81867,7.66667,33.66667,41.33333,16.66667,6.33333,16.0,98.33333,-0.13698,0.2487,0.50066,0.60546,0.66667,0
44.66667,0.482,0.40833,0.77433,9.66667,32.33333,42.0,29.33333,9.66667,10.66667,116.0,0.20035,0.30288,0.55705,0.60213,41.66667,0.495,0.35367,0.822,8.66667,40.0,48.66667,25.33333,5.0,11.33333,108.0,0.13234,0.27481,0.55449,0.613,0.0,0
44.66667,0.499,0.32333,0.80433,12.33333,34.33333,46.66667,25.66667,7.0,14.33333,115.66667,0.05639,0.3919,0.54595,0.61208,34.66667,0.42167,0.32167,0.762,9.33333,30.0,39.33333,18.66667,8.0,14.66667,93.66667,-0.06624,0.26039,0.47754,0.54147,0.33333,0
37.33333,0.48267,0.36967,0.76467,9.0,36.33333,45.33333,24.66667,8.33333,16.33333,105.0,0.13124,0.30415,0.56068,0.63554,42.0,0.47367,0.40967,0.83533,11.33333,36.66667,48.0,27.33333,11.33333,15.0,109.66667,0.16424,0.37562,0.52265,0.58694,0.33333,0
37.66667,0.45033,0.328,0.66333,9.33333,32.0,41.33333,21.0,9.0,14.66667,98.66667,-0.1816,0.27031,0.50496,0.55847,33.0,0.381,0.32567,0.71833,8.33333,32.66667,41.0,18.0,10.66667,13.33333,92.66667,-0.28717,0.18599,0.43518,0.50322,1.0,1
40.66667,0.439,0.337,0.73433,9.66667,36.66667,46.33333,23.66667,7.33333,11.66667,106.0,0.05839,0.26745,0.49156,0.5471,34.0,0.40833,0.41067,0.69833,10.0,29.66667,39.66667,19.66667,8.33333,16.33333,92.33333,-0.15834,0.27633,0.48002,0.52935,0.66667,1
36.33333,0.435,0.38333,0.87333,10.33333,35.0,45.33333,23.33333,9.33333,15.0,104.0,0.13003,0.36267,0.50285,0.58714,37.0,0.45267,0.422,0.76267,9.66667,32.0,41.66667,19.33333,7.33333,15.66667,99.33333,0.00057,0.31841,0.52844,0.58098,0.66667,1
37.0,0.44533,0.362,0.81267,7.66667,34.33333,42.0,22.66667,7.66667,12.0,98.66667,0.11531,0.23259,0.49794,0.56565,39.33333,0.43133,0.277,0.76767,8.66667,33.0,41.66667,18.66667,5.66667,12.0,104.33333,-0.16558,0.22645,0.47688,0.54295,1.0,1
37.33333,0.44233,0.381,0.74267,10.33333,34.33333,44.66667,23.33333,7.66667,17.0,103.33333,-0.05621,0.30379,0.52902,0.58249,33.66667,0.406,0.48133,0.77,9.66667,31.0,40.66667,21.0,6.0,11.66667,96.0,-0.2141,0.28153,0.46403,0.54214,1.0,0
39.33333,0.471,0.334,0.69467,8.0,37.66667,45.66667,20.0,9.66667,15.66667,103.33333,-0.03334,0.24875,0.52879,0.58559,39.66667,0.47267,0.325,0.75067,10.66667,33.0,43.66667,24.33333,10.33333,17.33333,109.33333,0.01159,0.35515,0.53558,0.61012,0.33333,1
37.0,0.43133,0.257,0.67233,12.33333,30.33333,42.66667,19.66667,6.66667,13.0,95.33333,-0.27165,0.35238,0.47608,0.52822,43.33333,0.54667,0.43533,0.773,7.33333,31.66667,39.0,30.33333,6.0,17.0,110.66667,0.17863,0.28247,0.63079,0.67201,0.33333,1
38.33333,0.466,0.425,0.74167,6.66667,31.33333,38.0,24.66667,6.33333,13.66667,102.66667,-0.09588,0.18512,0.53884,0.59482,34.0,0.42833,0.30133,0.732,9.0,35.33333,44.33333,19.33333,8.0,11.33333,95.66667,-0.01568,0.2619,0.48053,0.56097,0.33333,1
40.33333,0.46,0.33767,0.69467,10.66667,34.0,44.66667,22.33333,9.33333,14.66667,100.66667,0.01301,0.33615,0.51224,0.55146,35.33333,0.43267,0.36833,0.71133,9.66667,35.0,44.66667,20.33333,7.66667,14.66667,95.0,-0.09185,0.27798,0.49286,0.55481,1.0,1
41.33333,0.47567,0.37967,0.78733,9.33333,33.33333,42.66667,19.0,8.0,12.0,110.0,0.05777,0.27351,0.53999,0.60143,35.66667,0.42533,0.38,0.72833,9.33333,39.0,48.33333,18.33333,6.0,13.0,100.0,0.15826,0.28656,0.49195,0.56443,0.0,1
41.0,0.51133,0.33633,0.811,10.66667,33.33333,44.0,27.33333,10.33333,20.0,105.0,0.15161,0.41733,0.57409,0.6253,44.33333,0.50167,0.42633,0.706,9.33333,37.66667,47.0,24.66667,6.33333,12.66667,117.33333,-0.01002,0.2731,0.55585,0.6226,0.33333,1
35.66667,0.42233,0.28367,0.77067,10.66667,39.0,49.66667,23.33333,6.33333,12.33333,102.66667,0.15254,0.30286,0.47794,0.57178,34.0,0.45733,0.40133,0.79467,7.33333,35.66667,43.0,15.0,8.33333,17.0,99.66667,0.07712,0.24145,0.51756,0.61657,0.33333,0
37.0,0.44533,0.309,0.72367,12.33333,26.33333,38.66667,20.66667,7.33333,14.33333,97.66667,-0.26564,0.37143,0.50385,0.56016,39.0,0.473,0.36867,0.78367,7.33333,41.0,48.33333,24.33333,6.0,13.0,103.66667,0.06311,0.23264,0.5349,0.59893,0.0,1
38.66667,0.49367,0.37567,0.864,4.33333,39.66667,44.0,24.33333,8.0,14.0,107.0,0.08444,0.12593,0.56318,0.64312,39.33333,0.447,0.407,0.73767,11.33333,28.66667,40.0,21.66667,8.33333,12.66667,102.66667,-0.12303,0.37607,0.50941,0.56281,1.0,0
46.33333,0.51867,0.40467,0.73033,8.66667,33.33333,42.0,28.0,11.66667,15.0,116.66667,0.13275,0.2873,0.5906,0.62942,35.66667,0.475,0.373,0.83167,7.0,34.0,41.0,18.66667,5.66667,15.66667,99.0,-0.15664,0.2512,0.5266,0.61594,0.66667,0
44.0,0.47533,0.36967,0.691,12.33333,33.66667,46.0,25.66667,10.0,12.66667,110.33333,-0.0139,0.39749,0.53253,0.57214,41.66667,0.484,0.38967,0.806,8.33333,33.66667,42.0,27.0,7.66667,11.66667,107.66667,0.06124,0.25896,0.55663,0.60404,0.66667,0
46.0,0.494,0.33167,0.76367,12.66667,35.33333,48.0,25.33333,7.33333,14.0,119.66667,0.02244,0.44328,0.55847,0.61204,38.66667,0.414,0.36767,0.774,10.0,27.66667,37.66667,24.66667,9.0,15.0,102.66667,-0.3289,0.25967,0.47613,0.52747,1.0,0
38.66667,0.46867,0.37033,0.811,9.0,28.33333,37.33333,18.33333,9.33333,13.33333,107.0,0.02544,0.28653,0.5356,0.61016,39.33333,0.474,0.335,0.725,8.66667,31.0,39.66667,25.33333,8.66667,16.33333,108.66667,-0.13427,0.2412,0.53093,0.60906,0.66667,0
43.33333,0.47567,0.408,0.79333,11.33333,35.66667,47.0,28.0,7.33333,8.66667,124.0,0.16522,0.32174,0.55006,0.63505,41.33333,0.492,0.37467,0.813,7.33333,31.0,38.33333,19.66667,8.66667,14.33333,104.0,0.00051,0.22304,0.55634,0.5976,0.66667,0
41.66667,0.47467,0.36733,0.72533,10.33333,37.0,47.33333,20.0,7.33333,16.33333,108.66667,0.03482,0.30991,0.52642,0.5881,42.66667,0.519,0.37133,0.63567,5.66667,25.0,30.66667,28.33333,5.33333,14.0,105.33333,-0.18229,0.16537,0.57989,0.6159,1.0,0
39.33333,0.50033,0.40867,0.71,10.0,29.33333,39.33333,23.0,8.0,12.66667,106.0,0.13411,0.42905,0.56142,0.63003,38.33333,0.44733,0.36,0.64367,10.33333,36.0,46.33333,25.0,5.33333,14.33333,101.66667,-0.0987,0.27767,0.51548,0.56292,1.0,0
45.66667,0.50167,0.42367,0.79433,6.0,33.66667,39.66667,25.0,6.33333,10.66667,116.33333,0.06907,0.18747,0.58269,0.62066,39.33333,0.47567,0.43267,0.838,9.0,30.66667,39.66667,20.33333,9.33333,11.66667,106.66667,0.12819,0.29913,0.5343,0.61255,0.33333,0
40.33333,0.48233,0.46033,0.73633,11.33333,35.0,46.33333,24.33333,7.33333,18.33333,113.0,0.19197,0.38273,0.57192,0.63703,39.66667,0.48767,0.43567,0.75767,8.0,31.33333,39.33333,22.66667,8.33333,15.33333,104.33333,0.03349,0.2691,0.56766,0.61439,0.33333,1
40.0,0.50333,0.423,0.72267,7.33333,32.0,39.33333,26.66667,7.66667,13.0,104.66667,0.03786,0.25792,0.58439,0.63072,35.33333,0.45567,0.401,0.811,11.0,31.66667,42.66667,22.33333,5.33333,15.33333,99.0,0.00519,0.37841,0.52941,0.60099,0.66667,0
48.33333,0.52033,0.42333,0.76367,11.33333,34.33333,45.66667,27.66667,5.66667,12.0,126.66667,0.11401,0.41897,0.59755,0.64973,42.33333,0.44233,0.362,0.747,12.33333,34.33333,46.66667,22.0,10.0,13.0,120.0,0.08818,0.34563,0.51464,0.59016,0.33333,1
37.0,0.43533,0.328,0.86133,10.0,31.33333,41.33333,21.0,5.33333,14.33333,101.0,-0.09824,0.30624,0.50041,0.5658,39.33333,0.47233,0.345,0.884,7.66667,31.0,38.66667,23.66667,10.66667,16.66667,107.33333,-0.07774,0.23251,0.53932,0.61169,0.66667,1
43.0,0.49433,0.362,0.71267,8.0,34.0,42.0,28.66667,10.66667,12.33333,112.0,0.15718,0.2549,0.56188,0.61102,39.33333,0.41833,0.25667,0.661,12.33333,36.66667,49.0,17.0,6.66667,9.0,98.0,0.01223,0.30202,0.45188,0.49808,0.66667,1
37.66667,0.47267,0.33767,0.78,11.0,35.0,46.0,25.33333,7.0,16.66667,106.66667,0.08383,0.39761,0.53567,0.62249,35.0,0.43133,0.34467,0.742,8.0,38.33333,46.33333,21.33333,7.66667,13.0,100.0,-0.01008,0.23076,0.49678,0.57498,0.33333,0
37.66667,0.44333,0.34467,0.86133,10.0,30.33333,40.33333,22.33333,5.33333,14.66667,102.33333,-0.12524,0.30848,0.50835,0.57351,32.66667,0.408,0.36,0.80367,7.0,33.0,40.0,20.0,8.0,18.33333,89.66667,-0.15074,0.20045,0.48087,0.53837,0.66667,0
40.66667,0.43633,0.34267,0.728,11.0,34.33333,45.33333,23.33333,11.33333,15.33333,114.0,0.03757,0.28345,0.49474,0.57063,40.66667,0.43067,0.39567,0.80133,14.33333,35.66667,50.0,24.33333,11.66667,11.66667,112.66667,0.16892,0.40171,0.49001,0.56324,0.33333,1
37.66667,0.44267,0.29067,0.735,11.0,32.33333,43.33333,22.33333,6.0,10.0,102.0,-0.05357,0.3137,0.48881,0.56016,36.66667,0.42233,0.35367,0.68667,9.66667,35.33333,45.0,20.33333,7.66667,12.33333,101.66667,-0.07798,0.25355,0.48787,0.55083,0.66667,0
43.33333,0.46467,0.364,0.786,10.33333,36.66667,47.0,22.66667,8.33333,12.66667,110.33333,0.08494,0.29708,0.51669,0.56786,33.66667,0.41,0.389,0.774,10.33333,28.0,38.33333,20.0,7.0,16.33333,95.33333,-0.17094,0.29865,0.49374,0.55409,1.0,1
47.0,0.55567,0.42267,0.78067,9.0,38.66667,47.66667,33.0,7.33333,13.33333,118.0,0.42933,0.38602,0.63288,0.6721,35.33333,0.418,0.32533,0.81533,10.0,31.66667,41.66667,19.0,7.33333,15.0,92.33333,-0.09609,0.28357,0.48106,0.52687,0.66667,0
36.33333,0.43267,0.31733,0.79133,10.66667,32.0,42.66667,23.33333,7.66667,11.66667,97.0,0.04547,0.31598,0.47252,0.54689,35.0,0.42433,0.38967,0.73367,10.33333,37.33333,47.66667,17.66667,5.66667,13.33333,97.66667,0.09695,0.36232,0.48185,0.55921,0.0,1
40.66667,0.50767,0.362,0.737,12.66667,31.0,43.66667,25.33333,10.33333,19.66667,110.0,0.12441,0.45249,0.57409,0.64301,40.0,0.45467,0.31,0.594,9.66667,29.0,38.66667,24.33333,8.66667,11.33333,96.33333,-0.14376,0.28956,0.49251,0.52625,0.66667,0
38.0,0.44167,0.35433,0.881,13.0,29.0,42.0,25.33333,8.66667,15.66667,108.0,-0.09453,0.42473,0.50463,0.59311,33.0,0.401,0.385,0.82433,11.0,29.33333,40.33333,20.0,8.0,18.0,96.66667,-0.11985,0.31063,0.48804,0.55756,0.66667,0
44.0,0.509,0.383,0.84833,7.33333,33.33333,40.66667,28.66667,9.33333,14.0,116.0,0.05608,0.24027,0.5752,0.6386,38.66667,0.443,0.45367,0.73367,10.0,31.66667,41.66667,22.33333,6.0,12.0,106.33333,-0.11819,0.29826,0.49779,0.57376,1.0,0
37.66667,0.48133,0.296,0.678,10.0,35.66667,45.66667,18.66667,9.66667,18.0,99.66667,-0.159,0.34771,0.52919,0.59593,36.33333,0.46167,0.388,0.77567,7.33333,28.66667,36.0,20.66667,8.0,17.66667,97.66667,-0.02907,0.23563,0.53342,0.59199,0.66667,0
39.33333,0.45333,0.265,0.75867,10.33333,32.66667,43.0,20.0,7.66667,9.0,105.66667,0.00772,0.29465,0.49861,0.57081,42.33333,0.49533,0.437,0.75367,9.0,32.0,41.0,27.33333,4.66667,14.0,111.66667,-0.0144,0.29613,0.58251,0.6281,0.66667,1
37.66667,0.45067,0.351,0.783,8.66667,31.66667,40.33333,24.0,7.0,13.33333,103.0,-0.01305,0.25176,0.52417,0.58599,42.33333,0.52667,0.42267,0.80433,9.33333,32.0,41.33333,30.33333,6.66667,18.33333,112.33333,0.15013,0.39887,0.61588,0.66831,0.33333,1
42.0,0.46967,0.335,0.811,11.66667,31.66667,43.33333,21.66667,10.0,15.33333,116.33333,0.03756,0.29317,0.52734,0.61109,39.33333,0.45067,0.376,0.69667,10.33333,35.66667,46.0,23.0,7.66667,11.66667,103.0,-0.04417,0.29949,0.50824,0.56165,0.66667,0
41.0,0.53267,0.38067,0.73333,5.66667,37.33333,43.0,26.33333,9.33333,16.33333,110.66667,0.17182,0.18598,0.60907,0.67389,47.0,0.49533,0.39567,0.708,10.33333,39.33333,49.66667,23.66667,8.33333,10.0,119.66667,0.09053,0.29638,0.54106,0.59713,0.0,0
44.33333,0.49967,0.46033,0.882,9.66667,37.33333,47.0,26.0,6.0,13.0,117.0,0.10275,0.31255,0.56843,0.63108,41.33333,0.459,0.265,0.833,9.0,33.0,42.0,20.0,6.66667,11.0,110.66667,0.01147,0.26477,0.50112,0.58086,0.66667,0
34.0,0.39733,0.374,0.76767,9.0,36.66667,45.66667,21.33333,7.66667,11.66667,92.66667,-0.10711,0.2399,0.45735,0.5153,41.33333,0.44967,0.34767,0.689,12.0,38.66667,50.66667,26.66667,5.33333,14.33333,107.0,-0.06787,0.31178,0.51386,0.55758,1.0,0
38.66667,0.465,0.337,0.86633,6.33333,43.0,49.33333,25.66667,7.33333,12.66667,102.0,0.06113,0.16952,0.52271,0.58577,37.33333,0.474,0.38867,0.75933,10.33333,31.33333,41.66667,21.0,5.33333,14.0,101.0,0.0152,0.37522,0.53702,0.60394,0.66667,0
42.66667,0.503,0.42567,0.839,7.33333,33.66667,41.0,24.0,10.33333,13.66667,109.66667,0.21296,0.24286,0.58167,0.62349,33.66667,0.393,0.341,0.675,11.0,32.0,43.0,21.66667,8.33333,13.66667,90.66667,-0.19655,0.29633,0.45175,0.50324,0.66667,0
43.0,0.48233,0.38967,0.854,8.66667,40.33333,49.0,27.33333,9.33333,10.0,118.66667,0.39888,0.25283,0.56302,0.6323,41.66667,0.497,0.36467,0.66267,6.33333,23.0,29.33333,28.0,6.33333,14.33333,104.33333,-0.25271,0.17683,0.56089,0.59936,1.0,0
40.66667,0.487,0.32067,0.66267,8.0,31.66667,39.66667,24.0,8.66667,17.0,101.0,-0.06212,0.25282,0.54588,0.58151,36.33333,0.44267,0.39433,0.72067,8.66667,34.0,42.66667,19.33333,5.66667,13.66667,97.0,-0.05626,0.23547,0.50494,0.5609,0.33333,0
37.33333,0.41767,0.368,0.749,10.0,31.33333,41.33333,22.33333,7.0,14.66667,99.0,-0.23607,0.27344,0.4859,0.53403,40.0,0.474,0.38467,0.82567,7.33333,32.0,39.33333,24.66667,7.66667,13.0,108.66667,-0.00475,0.20906,0.5455,0.61223,0.66667,1
40.66667,0.433,0.33267,0.71133,12.33333,35.0,47.33333,22.66667,10.0,13.33333,111.66667,0.02088,0.31948,0.49273,0.55899,40.0,0.426,0.377,0.686,13.66667,34.66667,48.33333,22.66667,7.33333,15.66667,108.33333,-0.08062,0.36867,0.49219,0.54847,0.66667,1
44.0,0.56267,0.43333,0.768,8.0,41.0,49.0,29.66667,7.33333,15.33333,112.66667,0.36457,0.36173,0.64135,0.68913,35.33333,0.393,0.343,0.77267,8.66667,31.33333,40.0,22.66667,6.33333,14.33333,96.33333,-0.3181,0.22677,0.45557,0.51217,1.0,1
38.33333,0.41933,0.31867,0.64233,12.66667,32.66667,45.33333,21.33333,6.66667,13.0,98.0,-0.31459,0.3387,0.46505,0.51209,39.66667,0.43733,0.375,0.708,14.66667,35.33333,50.0,23.33333,7.33333,18.66667,110.0,-0.10208,0.44182,0.50376,0.57009,0.66667,1
38.0,0.45033,0.31433,0.74633,10.66667,32.0,42.66667,24.33333,6.33333,16.66667,101.66667,-0.16306,0.31096,0.5174,0.57279,39.0,0.45367,0.26467,0.718,9.0,33.0,42.0,24.0,6.66667,16.66667,100.0,-0.25924,0.25101,0.50022,0.55391,1.0,0
37.66667,0.45733,0.417,0.90533,10.33333,31.0,41.33333,23.0,10.0,18.33333,101.66667,0.04351,0.37662,0.5262,0.5914,36.33333,0.42733,0.37033,0.71233,9.0,39.0,48.0,24.33333,8.33333,16.0,100.0,-0.02779,0.24736,0.50043,0.55749,0.33333,0
38.0,0.485,0.33133,0.913,9.0,28.0,37.0,25.66667,7.0,16.66667,102.66667,-0.04507,0.36917,0.54371,0.62225,43.66667,0.518,0.35733,0.732,10.66667,31.66667,42.33333,29.33333,10.66667,16.33333,116.66667,0.07612,0.37919,0.58646,0.65197,0.33333,1
42.66667,0.49833,0.40667,0.799,9.66667,32.66667,42.33333,23.66667,8.0,15.33333,116.0,0.13693,0.31229,0.56056,0.6379,38.0,0.44133,0.38467,0.817,9.66667,29.33333,39.0,22.33333,8.66667,12.66667,110.33333,0.01881,0.2791,0.4957,0.59573,0.66667,1
40.0,0.52433,0.37967,0.77433,7.0,30.66667,37.66667,23.33333,8.66667,13.0,108.0,0.12368,0.32521,0.58554,0.66199,35.33333,0.426,0.27,0.76933,7.33333,32.0,39.33333,19.33333,10.33333,11.33333,98.0,-0.05671,0.18942,0.47208,0.55364,0.33333,0
44.0,0.46967,0.36267,0.738,11.0,28.66667,39.66667,23.0,12.0,15.66667,114.33333,-0.01567,0.32229,0.51924,0.57877,41.33333,0.49933,0.358,0.828,8.66667,31.0,39.66667,24.33333,9.66667,15.0,106.0,0.06031,0.28802,0.5492,0.61144,0.66667,1
38.0,0.45633,0.39167,0.68567,12.0,31.33333,43.33333,20.33333,6.66667,18.33333,105.0,-0.09305,0.38604,0.51652,0.58853,33.66667,0.40233,0.377,0.88167,9.33333,28.0,37.33333,15.33333,8.0,15.33333,88.66667,-0.17571,0.26648,0.45855,0.51137,1.0,1
37.66667,0.439,0.38067,0.90567,14.33333,34.66667,49.0,28.33333,7.0,14.66667,104.33333,0.12486,0.48112,0.49993,0.57746,35.33333,0.45367,0.41267,0.827,10.33333,31.0,41.33333,22.0,6.0,15.66667,99.33333,0.01423,0.34992,0.52699,0.60042,0.66667,0
41.33333,0.45333,0.382,0.80133,8.33333,24.0,32.33333,23.33333,8.66667,14.0,110.0,-0.22225,0.23589,0.51719,0.57757,40.0,0.46833,0.31833,0.86567,9.0,32.0,41.0,24.66667,11.33333,15.33333,105.66667,-0.03552,0.30827,0.51879,0.58736,0.66667,1
41.66667,0.49767,0.32967,0.716,8.66667,33.66667,42.33333,25.66667,10.0,15.66667,107.66667,0.05987,0.29762,0.55726,0.61056,39.66667,0.49133,0.36833,0.69867,5.33333,39.0,44.33333,22.66667,6.33333,16.66667,102.33333,0.0897,0.15645,0.55366,0.60346,0.0,0
33.33333,0.41833,0.26167,0.82133,9.66667,32.0,41.66667,20.66667,7.33333,15.0,90.66667,-0.10604,0.27547,0.45225,0.53534,37.0,0.46333,0.40033,0.807,7.0,29.0,36.0,23.33333,8.0,19.33333,99.0,-0.09513,0.21536,0.53824,0.59375,0.66667,0
38.33333,0.47033,0.374,0.819,11.0,34.33333,45.33333,28.66667,6.0,18.66667,101.33333,0.00959,0.36831,0.55241,0.59777,43.33333,0.479,0.425,0.82,12.0,34.0,46.0,29.33333,11.33333,14.66667,115.33333,0.06609,0.37444,0.5374,0.60407,0.33333,0
41.66667,0.477,0.356,0.721,11.33333,32.0,43.33333,25.66667,9.0,14.0,105.0,0.03933,0.36637,0.53841,0.57922,38.66667,0.44467,0.40033,0.78067,8.33333,32.33333,40.66667,23.0,7.66667,10.33333,112.33333,0.00732,0.2281,0.51409,0.60152,0.66667,0
46.0,0.50133,0.431,0.72267,11.0,33.33333,44.33333,27.33333,11.33333,12.66667,116.33333,0.12027,0.36924,0.57023,0.60975,40.0,0.45567,0.43833,0.68967,13.0,32.33333,45.33333,23.66667,8.33333,13.0,106.0,-0.07445,0.39915,0.5244,0.57525,0.66667,0
42.0,0.453,0.36033,0.793,11.33333,33.66667,45.0,19.33333,5.33333,11.0,107.0,-0.08075,0.31465,0.49392,0.55165,37.0,0.43033,0.415,0.74633,11.0,29.33333,40.33333,23.0,5.33333,15.0,99.66667,-0.25445,0.32749,0.49268,0.55017,0.66667,0
35.0,0.435,0.326,0.77933,9.33333,26.66667,36.0,20.33333,9.0,16.66667,97.33333,-0.19915,0.30293,0.48855,0.56825,39.66667,0.52233,0.41567,0.712,3.66667,32.0,35.66667,25.66667,10.66667,15.0,103.66667,0.08224,0.11893,0.59411,0.64408,0.33333,1
37.0,0.43933,0.34433,0.746,8.0,33.33333,41.33333,25.0,7.33333,14.66667,103.66667,-0.0578,0.20848,0.51441,0.58187,39.66667,0.46733,0.38567,0.80633,7.33333,31.66667,39.0,23.33333,6.66667,13.0,113.66667,-0.1252,0.22619,0.51968,0.62255,1.0,0
40.33333,0.514,0.278,0.69133,10.33333,35.33333,45.66667,20.33333,10.0,18.66667,104.66667,0.05622,0.40988,0.55388,0.6235,36.0,0.454,0.40267,0.806,9.0,29.33333,38.33333,19.33333,6.0,12.33333,102.0,-0.07336,0.31686,0.51885,0.6023,1.0,0
39.66667,0.46633,0.362,0.857,9.66667,37.0,46.66667,20.0,8.0,14.0,108.33333,0.07538,0.30947,0.51282,0.59989,42.66667,0.51633,0.42833,0.80767,11.66667,34.33333,46.0,30.0,8.66667,19.0,114.33333,0.29914,0.47507,0.6095,0.66215,0.0,0
39.0,0.47067,0.37733,0.74767,7.66667,29.0,36.66667,22.33333,8.0,13.0,108.0,0.05174,0.22957,0.5548,0.61593,31.66667,0.39767,0.324,0.70833,7.0,36.33333,43.33333,20.33333,9.33333,15.33333,90.0,-0.21392,0.18473,0.46414,0.53018,0.66667,1
43.33333,0.542,0.41267,0.814,7.66667,36.0,43.66667,25.66667,9.33333,14.66667,113.33333,0.24344,0.31516,0.60072,0.66911,44.33333,0.45433,0.354,0.65,14.0,34.66667,48.66667,20.0,7.66667,9.0,112.0,0.03645,0.38002,0.49332,0.54388,0.33333,1
43.0,0.49233,0.39033,0.693,7.66667,33.33333,41.0,24.66667,6.0,14.0,110.33333,0.08066,0.25144,0.57106,0.60905,34.66667,0.45033,0.373,0.75433,7.66667,25.66667,33.33333,19.33333,11.33333,16.33333,96.0,-0.06371,0.24053,0.51754,0.58744,1.0,1
40.66667,0.45333,0.39367,0.73467,9.66667,27.0,36.66667,24.33333,8.33333,15.33333,107.33333,-0.24696,0.27759,0.53062,0.57684,41.0,0.46833,0.29533,0.83667,7.33333,35.33333,42.66667,23.66667,5.66667,14.33333,108.0,0.03292,0.22412,0.51964,0.5874,0.66667,1
34.66667,0.42967,0.301,0.888,11.66667,31.0,42.66667,16.66667,7.33333,13.33333,94.66667,-0.08877,0.3843,0.48114,0.55683,43.33333,0.507,0.32867,0.909,7.0,36.0,43.0,25.33333,5.66667,11.0,107.33333,0.09931,0.22273,0.55815,0.60755,0.33333,0
38.33333,0.46467,0.36767,0.841,6.66667,38.66667,45.33333,24.0,8.33333,10.33333,107.0,0.09814,0.18688,0.52482,0.60951,38.66667,0.48233,0.43267,0.70367,9.33333,30.0,39.33333,23.0,4.66667,12.66667,102.0,-0.05718,0.30501,0.56197,0.60912,0.66667,0
45.33333,0.534,0.44633,0.778,7.33333,36.33333,43.66667,26.66667,8.0,12.0,117.66667,0.35785,0.24426,0.62043,0.66443,42.33333,0.49833,0.37533,0.844,7.66667,33.33333,41.0,29.33333,11.33333,16.0,111.66667,0.03505,0.28314,0.55894,0.62325,0.33333,0
38.66667,0.48333,0.319,0.91667,10.33333,33.0,43.33333,18.66667,6.0,15.66667,102.33333,-0.00421,0.37265,0.53538,0.60881,40.0,0.49,0.35733,0.83333,6.66667,34.66667,41.33333,26.0,6.66667,14.66667,108.33333,0.05477,0.20382,0.55188,0.62671,0.33333,1
36.66667,0.39767,0.30433,0.68033,14.0,32.66667,46.66667,20.66667,8.0,15.33333,98.0,-0.31459,0.37749,0.44523,0.50615,31.0,0.37667,0.302,0.767,10.0,28.33333,38.33333,16.66667,6.0,13.33333,84.66667,-0.42953,0.26552,0.42844,0.49196,1.0,1
42.66667,0.45233,0.339,0.845,9.33333,35.33333,44.66667,25.0,8.0,6.66667,113.33333,0.06832,0.24411,0.51093,0.57337,41.33333,0.47867,0.247,0.834,6.0,33.66667,39.66667,23.66667,6.0,15.0,100.66667,-0.22151,0.17071,0.51932,0.56292,1.0,0
43.66667,0.50167,0.41033,0.86133,8.33333,37.66667,46.0,27.0,9.33333,10.0,121.33333,0.35926,0.25811,0.58232,0.65852,41.66667,0.47933,0.35033,0.79667,9.66667,26.33333,36.0,23.33333,5.33333,15.0,104.66667,-0.08536,0.28166,0.53976,0.58079,0.66667,0
38.0,0.46533,0.442,0.84167,10.66667,31.66667,42.33333,23.0,7.66667,16.0,102.0,0.06527,0.38232,0.54108,0.5977,39.0,0.47167,0.448,0.73767,9.66667,31.33333,41.0,25.66667,5.0,11.66667,103.0,0.02539,0.30654,0.55669,0.59967,0.33333,0
37.0,0.47933,0.40633,0.75133,9.0,36.0,45.0,23.0,5.33333,15.66667,102.33333,0.13542,0.35726,0.55488,0.62343,46.0,0.53633,0.407,0.73833,10.0,30.66667,40.66667,30.0,9.0,14.66667,118.0,0.08437,0.34842,0.60396,0.65492,0.33333,0
40.0,0.47433,0.37633,0.83867,8.66667,33.66667,42.33333,24.66667,6.0,15.66667,113.0,0.074,0.2737,0.53771,0.62652,41.33333,0.46667,0.33767,0.79967,6.33333,41.33333,47.66667,24.33333,6.0,16.33333,104.66667,0.05661,0.16562,0.51894,0.56894,0.33333,1
38.33333,0.52967,0.50033,0.829,5.33333,29.66667,35.0,22.66667,8.33333,11.33333,106.33333,0.12136,0.22014,0.5943,0.68361,36.66667,0.45533,0.32033,0.709,6.66667,35.0,41.66667,19.66667,5.33333,15.33333,96.66667,-0.05713,0.19254,0.51288,0.56891,0.33333,0
36.66667,0.435,0.38967,0.72233,8.33333,37.0,45.33333,22.33333,10.33333,12.0,99.33333,-0.03933,0.23336,0.49777,0.55688,34.66667,0.41533,0.338,0.74233,9.0,32.0,41.0,19.66667,8.66667,15.0,96.0,-0.08813,0.25278,0.47707,0.54414,0.66667,0
40.0,0.46967,0.39367,0.81,9.0,34.33333,43.33333,19.66667,5.66667,12.66667,102.33333,-0.04179,0.25741,0.51475,0.57343,40.0,0.486,0.321,0.78633,8.0,31.33333,39.33333,24.0,8.0,14.0,107.0,0.07218,0.26947,0.53597,0.61053,0.66667,1
37.33333,0.46433,0.37267,0.717,8.0,32.0,40.0,21.0,6.0,15.0,99.66667,-0.12638,0.24428,0.52397,0.58551,42.33333,0.47,0.41067,0.72133,13.0,31.0,44.0,24.66667,9.0,12.33333,108.66667,-0.03026,0.43507,0.53472,0.58105,0.66667,0
44.0,0.47933,0.30567,0.80333,13.0,33.66667,46.66667,26.33333,8.33333,13.0,115.66667,0.07691,0.44709,0.53423,0.59818,32.66667,0.421,0.275,0.836,9.33333,32.33333,41.66667,15.66667,4.66667,16.33333,88.33333,-0.36151,0.29639,0.46404,0.53859,1.0,0
40.66667,0.48233,0.33867,0.741,10.33333,33.0,43.33333,26.33333,10.0,16.66667,105.66667,0.06481,0.36243,0.53757,0.59443,38.0,0.46867,0.405,0.78467,7.66667,37.0,44.66667,23.33333,6.0,15.33333,101.33333,0.13687,0.23801,0.54644,0.59856,0.33333,0
45.66667,0.52933,0.429,0.75,8.33333,36.33333,44.66667,26.0,5.0,9.66667,117.0,0.26242,0.27124,0.60247,0.64704,44.33333,0.48367,0.42733,0.80567,13.0,33.33333,46.33333,29.33333,8.0,16.33333,115.66667,0.01017,0.40008,0.54692,0.60197,0.66667,1
39.33333,0.44333,0.3,0.757,12.66667,31.0,43.66667,19.66667,7.33333,13.33333,107.33333,0.00791,0.31762,0.49785,0.57042,39.66667,0.46833,0.40033,0.68167,7.66667,33.33333,41.0,26.66667,9.33333,13.0,101.0,-0.1023,0.21667,0.53364,0.57351,1.0,0
43.66667,0.50067,0.43867,0.74833,6.0,32.66667,38.66667,30.0,10.0,12.33333,115.33333,0.09481,0.16866,0.58264,0.63202,37.0,0.439,0.368,0.826,8.33333,30.66667,39.0,22.33333,7.66667,12.66667,109.66667,0.06051,0.25032,0.5042,0.60408,0.66667,1
41.66667,0.47733,0.36733,0.88933,8.33333,31.66667,40.0,28.33333,10.0,12.66667,114.33333,0.01113,0.25899,0.54644,0.62028,39.66667,0.505,0.34233,0.74,6.33333,33.33333,39.66667,24.0,10.66667,13.66667,103.66667,0.20798,0.194,0.56589,0.62142,0.0,0
32.66667,0.39967,0.25533,0.67433,12.33333,30.0,42.33333,20.0,7.66667,16.66667,85.0,-0.17294,0.36149,0.43061,0.49237,42.66667,0.478,0.33,0.72133,11.33333,31.66667,43.0,24.33333,10.66667,13.0,112.33333,0.18508,0.32868,0.52458,0.59141,0.0,1
41.33333,0.49867,0.39733,0.788,7.33333,31.66667,39.0,25.33333,8.0,13.66667,109.66667,0.1028,0.23025,0.56764,0.62826,38.0,0.45167,0.329,0.80133,7.0,32.33333,39.33333,19.66667,6.0,16.33333,105.0,-0.22748,0.20168,0.50028,0.58617,1.0,0
40.33333,0.52233,0.32633,0.746,10.0,31.0,41.0,21.0,9.0,16.0,108.0,0.02665,0.40134,0.56896,0.64986,39.33333,0.46333,0.301,0.86133,8.0,36.0,44.0,23.0,4.66667,12.0,100.0,-0.02038,0.23569,0.52253,0.56966,0.66667,0
38.33333,0.44733,0.28567,0.703,16.0,37.66667,53.66667,24.33333,4.66667,12.66667,112.0,0.02389,0.51106,0.49112,0.59068,37.0,0.458,0.36233,0.75267,8.66667,32.66667,41.33333,20.0,5.0,14.33333,97.66667,-0.23437,0.27695,0.51908,0.57611,1.0,0
36.33333,0.44267,0.391,0.85567,13.33333,33.0,46.33333,26.33333,5.33333,15.0,102.66667,0.05692,0.44007,0.50721,0.5871,42.33333,0.49667,0.42033,0.84,11.33333,32.33333,43.66667,32.66667,7.66667,17.66667,113.66667,0.09549,0.43593,0.58776,0.64058,0.33333,1
39.0,0.46233,0.291,0.90833,8.33333,34.66667,43.0,19.33333,6.33333,15.0,101.33333,-0.05446,0.26154,0.51011,0.5753,36.33333,0.46967,0.44167,0.75,8.0,28.0,36.0,21.33333,6.33333,15.0,97.66667,-0.11084,0.27605,0.55049,0.60279,1.0,0
35.66667,0.45333,0.39533,0.78367,7.0,31.66667,38.66667,20.66667,5.0,13.66667,101.33333,-0.11012,0.21991,0.52286,0.60248,42.33333,0.44333,0.31933,0.62633,12.66667,35.66667,48.33333,17.0,8.0,8.33333,103.33333,0.08965,0.33856,0.48661,0.52061,0.33333,0
42.0,0.477,0.39467,0.76867,10.33333,28.66667,39.0,21.66667,6.0,14.66667,111.33333,0.01867,0.34102,0.54725,0.60562,43.66667,0.506,0.35033,0.76767,6.0,34.0,40.0,24.66667,6.66667,15.0,107.66667,-0.18215,0.17261,0.57422,0.60562,1.0,0
43.33333,0.496,0.39467,0.84733,8.0,36.0,44.0,26.33333,8.33333,12.0,117.33333,0.21603,0.24858,0.57256,0.63833,38.33333,0.46533,0.30667,0.83533,7.0,37.0,44.0,24.0,7.0,15.33333,100.33333,0.12369,0.21208,0.52006,0.58218,0.33333,1
37.0,0.43633,0.253,0.80367,13.33333,28.33333,41.66667,20.0,6.33333,13.33333,98.66667,-0.23691,0.38606,0.48502,0.55294,39.66667,0.44833,0.34533,0.667,12.0,29.33333,41.33333,22.0,3.66667,15.66667,100.66667,-0.142,0.34496,0.50813,0.54616,1.0,0
38.66667,0.48667,0.36967,0.74633,8.66667,28.0,36.66667,27.0,8.66667,12.33333,107.0,0.00025,0.3073,0.55837,0.63509,38.66667,0.445,0.42233,0.7,9.66667,34.66667,44.33333,26.66667,5.66667,12.0,102.33333,-0.07768,0.25238,0.51026,0.56043,1.0,0
36.0,0.45667,0.35133,0.80033,8.33333,37.66667,46.0,21.33333,8.33333,13.0,101.0,0.09339,0.26095,0.51257,0.59803,37.66667,0.45233,0.378,0.80867,10.66667,29.33333,40.0,21.66667,6.66667,13.0,103.0,-0.08401,0.33782,0.50636,0.58241,0.66667,0
45.66667,0.49567,0.364,0.8,7.0,35.0,42.0,25.0,8.33333,6.66667,120.0,0.02444,0.18035,0.56892,0.62165,39.33333,0.49067,0.35,0.67367,8.66667,29.66667,38.33333,24.66667,6.33333,16.66667,100.66667,-0.13052,0.27807,0.54681,0.59595,1.0,0
39.33333,0.46967,0.39167,0.76267,12.66667,31.33333,44.0,27.33333,7.0,15.0,108.33333,0.06701,0.43796,0.53699,0.60896,37.66667,0.45733,0.40167,0.652,8.0,30.33333,38.33333,22.33333,6.0,14.33333,96.0,-0.13225,0.24894,0.52434,0.56276,1.0,0
42.66667,0.48667,0.34167,0.752,11.0,32.66667,43.66667,23.33333,5.0,12.0,112.66667,0.00605,0.34967,0.53767,0.60499,37.0,0.45433,0.318,0.779,7.33333,36.66667,44.0,22.0,6.66667,15.33333,100.0,-0.0221,0.20311,0.506,0.57866,0.33333,1
32.33333,0.39433,0.31567,0.76167,10.0,31.66667,41.66667,17.0,8.33333,15.0,93.0,-0.26705,0.27583,0.44956,0.53112,43.0,0.49267,0.408,0.791,6.66667,35.66667,42.33333,20.33333,9.66667,9.33333,110.66667,0.15587,0.18761,0.5538,0.60601,0.0,1
37.33333,0.44867,0.42967,0.85367,12.33333,32.0,44.33333,21.66667,7.33333,13.33333,105.0,0.1489,0.43213,0.51944,0.59565,45.66667,0.51633,0.39767,0.85433,8.0,37.0,45.0,30.66667,7.66667,16.0,114.0,0.13509,0.26459,0.57061,0.62046,0.33333,1
34.0,0.442,0.33,0.699,8.33333,28.0,36.33333,19.0,8.0,18.33333,90.66667,-0.28932,0.28061,0.4965,0.55833,45.33333,0.54567,0.42,0.73333,9.0,32.0,41.0,33.33333,7.33333,13.66667,117.0,0.10057,0.33422,0.6198,0.67026,0.33333,0
40.0,0.46067,0.364,0.742,8.33333,33.66667,42.0,25.33333,6.0,13.66667,106.0,0.00287,0.24117,0.51861,0.57992,34.33333,0.44867,0.311,0.82667,6.0,28.66667,34.66667,18.33333,7.0,13.66667,100.0,-0.05083,0.19193,0.50892,0.6073,0.66667,0
37.66667,0.51667,0.50333,0.718,5.66667,33.33333,39.0,22.33333,7.66667,13.66667,102.66667,0.1099,0.21009,0.58295,0.65608,38.66667,0.46767,0.37467,0.83167,10.33333,25.0,35.33333,22.0,8.33333,11.0,103.66667,-0.08266,0.31899,0.52034,0.59318,0.66667,0
40.66667,0.49233,0.377,0.88567,10.66667,30.0,40.66667,25.66667,6.66667,17.0,110.33333,0.00957,0.42605,0.55869,0.63259,34.33333,0.43933,0.392,0.67133,7.66667,34.33333,42.0,20.66667,8.0,12.66667,96.0,0.14554,0.27343,0.51108,0.57963,0.0,0
39.0,0.48933,0.38067,0.79933,6.66667,41.33333,48.0,24.0,10.66667,15.33333,105.33333,0.1565,0.22326,0.54938,0.62017,37.0,0.44967,0.41133,0.73533,7.33333,32.33333,39.66667,20.33333,6.33333,12.66667,98.66667,-0.089,0.2269,0.5165,0.57117,1.0,0
38.0,0.43167,0.289,0.70867,10.66667,35.0,45.66667,22.33333,9.0,12.66667,102.33333,0.01914,0.31753,0.47727,0.54691,40.33333,0.51367,0.32467,0.84167,7.33333,30.66667,38.0,22.33333,6.66667,14.0,108.33333,0.13495,0.27666,0.56903,0.64954,0.33333,0
36.33333,0.45867,0.33667,0.787,9.0,36.0,45.0,19.0,5.0,16.33333,96.33333,-0.13085,0.29886,0.50276,0.57387,44.0,0.45967,0.4,0.75667,14.33333,30.0,44.33333,23.0,8.0,14.33333,118.0,-0.03302,0.48058,0.52601,0.58684,0.66667,0
39.33333,0.43433,0.26767,0.78933,11.33333,34.66667,46.0,22.33333,9.0,10.66667,105.0,-0.01606,0.31481,0.47902,0.54821,37.66667,0.44433,0.38333,0.88167,7.0,30.33333,37.33333,17.33333,8.66667,11.66667,95.66667,-0.02554,0.19386,0.49406,0.54493,0.66667,1
37.66667,0.478,0.34533,0.71467,8.0,31.0,39.0,26.0,7.33333,12.66667,105.33333,0.04752,0.25212,0.54641,0.62619,44.33333,0.511,0.44433,0.77533,8.33333,33.0,41.33333,29.33333,10.33333,14.0,119.66667,0.08171,0.30068,0.58876,0.65119,0.33333,1
39.33333,0.45567,0.37867,0.79267,12.66667,32.0,44.66667,23.33333,9.33333,15.66667,105.66667,0.06955,0.42196,0.51549,0.58072,40.33333,0.44633,0.303,0.84933,6.66667,36.66667,43.33333,25.66667,5.66667,15.0,103.0,-0.10676,0.1809,0.49759,0.5485,1.0,0
39.0,0.50767,0.38633,0.684,5.66667,37.33333,43.0,25.66667,7.66667,14.33333,106.0,0.16601,0.17378,0.5924,0.64805,34.33333,0.45333,0.35367,0.838,8.0,29.66667,37.66667,19.33333,8.33333,11.0,101.0,0.1121,0.28333,0.51583,0.61662,0.33333,1
39.33333,0.457,0.336,0.79167,11.66667,31.66667,43.33333,23.0,8.66667,14.0,107.33333,0.05907,0.30694,0.51823,0.59127,44.33333,0.47933,0.45833,0.69133,8.66667,33.33333,42.0,26.33333,11.0,14.0,118.33333,0.03349,0.26497,0.56067,0.60957,0.33333,0
37.66667,0.47333,0.422,0.70033,10.0,33.0,43.0,19.33333,4.66667,14.0,99.0,-0.06243,0.30979,0.53371,0.58975,40.33333,0.45567,0.385,0.78767,7.66667,40.33333,48.0,23.66667,8.0,12.33333,105.0,0.10513,0.21116,0.51001,0.56651,0.33333,1
38.33333,0.44267,0.354,0.75867,9.66667,31.33333,41.0,18.66667,11.66667,11.0,105.0,0.10759,0.28956,0.51302,0.57746,39.33333,0.48367,0.30833,0.69433,8.66667,33.66667,42.33333,23.66667,8.66667,12.33333,102.0,0.1627,0.25249,0.53881,0.59105,0.33333,1
34.0,0.42267,0.29533,0.68467,11.0,30.66667,41.66667,17.0,6.66667,15.33333,90.0,-0.08646,0.3334,0.46007,0.52699,36.66667,0.41133,0.347,0.636,13.33333,33.0,46.33333,22.0,6.0,10.33333,98.66667,-0.18203,0.35528,0.46867,0.52249,0.66667,0
35.66667,0.42233,0.326,0.81167,10.0,30.0,40.0,22.0,9.0,15.0,97.66667,-0.1233,0.30635,0.47205,0.54895,33.0,0.444,0.36333,0.82033,8.66667,31.33333,40.0,18.66667,8.0,13.0,95.0,0.12502,0.31111,0.50786,0.59645,0.33333,1
44.66667,0.48667,0.42033,0.76533,9.0,31.66667,40.66667,25.66667,11.33333,13.0,120.0,0.0096,0.23645,0.54941,0.61742,35.66667,0.461,0.36733,0.79367,4.0,30.66667,34.66667,21.0,6.66667,18.0,97.66667,-0.27893,0.11765,0.51916,0.59406,1.0,0
41.33333,0.48833,0.34867,0.735,9.66667,34.66667,44.33333,20.33333,9.33333,12.66667,106.66667,0.11947,0.32618,0.5237,0.5929,38.0,0.44633,0.357,0.79033,9.66667,30.66667,40.33333,19.33333,7.0,11.0,102.66667,-0.11006,0.32889,0.49935,0.57061,1.0,1
38.33333,0.47833,0.32367,0.68733,14.66667,40.33333,55.0,26.33333,6.0,14.33333,107.66667,0.2547,0.54925,0.53898,0.61704,40.33333,0.46267,0.41833,0.78833,6.0,33.66667,39.66667,18.33333,7.33333,10.0,105.33333,0.02756,0.15668,0.51822,0.57551,0.33333,1
37.0,0.436,0.366,0.74767,12.0,35.0,47.0,23.33333,6.33333,11.33333,105.0,0.10624,0.39796,0.50194,0.58028,35.66667,0.44633,0.344,0.781,6.66667,33.33333,40.0,18.66667,5.33333,15.66667,95.33333,-0.10532,0.19479,0.5044,0.56606,0.66667,0
40.0,0.44433,0.314,0.82567,13.0,37.0,50.0,24.0,5.66667,17.66667,102.66667,0.02285,0.3926,0.50797,0.55322,32.66667,0.41533,0.302,0.76,7.0,26.33333,33.33333,18.0,9.66667,13.33333,93.0,-0.17292,0.18604,0.47609,0.55612,0.66667,0
31.66667,0.402,0.30833,0.75,8.33333,30.33333,38.66667,18.0,5.33333,14.0,89.66667,-0.21737,0.23944,0.45498,0.53313,42.33333,0.47567,0.41067,0.85833,12.0,33.66667,45.66667,31.33333,8.0,16.33333,108.33333,0.13565,0.4183,0.55272,0.59206,0.33333,0
37.66667,0.44767,0.37467,0.75433,8.66667,32.33333,41.0,21.66667,6.33333,15.0,105.33333,0.02294,0.26004,0.52649,0.59176,38.33333,0.474,0.36733,0.731,10.0,30.66667,40.66667,23.33333,8.0,14.0,110.33333,-0.06201,0.30108,0.54058,0.62934,0.66667,0
42.0,0.48733,0.42667,0.738,9.33333,29.33333,38.66667,25.33333,12.33333,13.66667,116.0,0.03449,0.25509,0.55755,0.63206,39.33333,0.44433,0.28067,0.881,8.0,36.66667,44.66667,23.66667,3.66667,15.0,95.66667,-0.13872,0.23023,0.49327,0.52751,1.0,0
37.66667,0.45867,0.34567,0.74533,10.0,30.33333,40.33333,22.0,6.66667,12.0,103.66667,-0.11429,0.29082,0.53117,0.59542,33.0,0.40333,0.31633,0.73033,8.66667,33.33333,42.0,18.33333,8.33333,17.0,89.66667,-0.16422,0.23069,0.45629,0.51807,1.0,1
39.66667,0.51967,0.40033,0.80467,6.66667,35.33333,42.0,24.66667,8.0,14.66667,106.0,0.12652,0.242,0.57601,0.65325,37.33333,0.47067,0.37133,0.75233,8.0,28.66667,36.66667,19.0,8.33333,14.0,100.0,-0.08125,0.25483,0.54986,0.60213,1.0,0
42.66667,0.501,0.36233,0.71467,9.0,35.33333,44.33333,24.0,4.33333,10.66667,111.33333,0.03845,0.26773,0.5573,0.61694,38.66667,0.44833,0.31733,0.65367,11.66667,32.66667,44.33333,22.33333,3.66667,14.66667,98.33333,-0.11027,0.3308,0.50088,0.54519,1.0,0
39.66667,0.47833,0.30233,0.81,12.0,30.0,42.0,24.33333,6.33333,14.33333,104.33333,0.00684,0.43986,0.52615,0.59986,41.66667,0.484,0.372,0.68233,10.0,34.66667,44.66667,24.33333,5.66667,17.0,107.0,-0.09688,0.31256,0.54686,0.59221,1.0,1
39.33333,0.46,0.34133,0.815,10.0,35.66667,45.66667,22.66667,8.0,13.33333,107.0,0.05482,0.30625,0.51021,0.58992,37.33333,0.46833,0.323,0.82667,6.66667,39.66667,46.33333,24.0,5.66667,14.66667,98.66667,0.17328,0.2037,0.52722,0.59001,0.0,0
37.0,0.44467,0.37567,0.766,7.33333,29.33333,36.66667,17.33333,7.66667,16.0,104.33333,-0.18192,0.22027,0.52038,0.59286,35.66667,0.43467,0.33967,0.744,8.66667,28.33333,37.0,20.66667,8.66667,14.66667,96.66667,-0.16316,0.27961,0.50333,0.56328,1.0,0
36.66667,0.43,0.30933,0.703,11.0,34.33333,45.33333,16.33333,6.66667,12.0,95.33333,0.0336,0.32771,0.47285,0.53088,42.33333,0.489,0.32833,0.75967,8.0,36.33333,44.33333,21.33333,6.33333,14.66667,105.33333,-0.1775,0.21635,0.54539,0.58648,1.0,0
41.66667,0.46667,0.36833,0.67933,11.0,37.66667,48.66667,26.0,7.0,16.33333,111.66667,0.0766,0.33181,0.54449,0.59536,40.33333,0.44267,0.326,0.775,10.66667,33.66667,44.33333,18.66667,8.33333,9.33333,103.33333,0.06822,0.2921,0.48301,0.54159,0.33333,1
36.66667,0.404,0.316,0.792,9.66667,29.66667,39.33333,21.0,11.0,10.0,98.66667,-0.00443,0.26355,0.45362,0.51733,39.66667,0.487,0.33833,0.72767,6.66667,37.66667,44.33333,26.66667,5.66667,13.66667,105.33333,-0.00376,0.22927,0.54223,0.60877,0.66667,0
42.66667,0.46567,0.37133,0.71067,10.33333,35.0,45.33333,25.0,5.66667,14.33333,105.33333,-0.04701,0.31171,0.51563,0.55628,39.66667,0.46467,0.36333,0.82033,8.66667,31.66667,40.33333,27.33333,11.0,13.66667,102.33333,-0.09917,0.27728,0.53695,0.58047,1.0,0
39.0,0.41967,0.39,0.63033,13.33333,35.0,48.33333,23.33333,8.0,14.66667,100.0,-0.13109,0.34942,0.48071,0.51701,42.66667,0.461,0.36133,0.754,11.33333,37.33333,48.66667,23.0,8.0,17.0,113.0,0.07568,0.33873,0.5277,0.58178,0.33333,1
35.0,0.483,0.46167,0.707,10.0,33.33333,43.33333,23.0,8.0,15.66667,96.33333,0.15791,0.37847,0.54076,0.61795,40.33333,0.467,0.34767,0.773,11.33333,33.66667,45.0,19.66667,6.0,10.33333,109.33333,0.08612,0.36935,0.51117,0.59136,0.0,0
40.66667,0.51867,0.356,0.798,7.33333,35.0,42.33333,22.66667,6.33333,13.66667,102.33333,0.10451,0.25732,0.56808,0.62475,39.33333,0.49933,0.33667,0.70667,8.0,32.0,40.0,21.33333,4.66667,12.33333,103.33333,0.13092,0.30841,0.56065,0.62074,0.33333,0
41.0,0.512,0.412,0.82367,9.0,36.33333,45.33333,25.66667,5.0,18.0,105.66667,0.02082,0.34821,0.57232,0.63006,43.66667,0.493,0.37333,0.60567,10.0,35.33333,45.33333,22.66667,6.66667,15.66667,109.33333,-0.14526,0.28628,0.5539,0.59304,1.0,0
39.0,0.43533,0.36167,0.75533,9.0,35.33333,44.33333,21.66667,7.0,12.0,106.66667,-0.0192,0.23451,0.49912,0.56298,34.66667,0.43833,0.366,0.73867,10.0,29.0,39.0,19.33333,6.0,12.66667,100.66667,-0.12628,0.33369,0.49715,0.58801,1.0,1
40.66667,0.52033,0.50733,0.77,6.0,29.33333,35.33333,27.33333,10.0,15.66667,114.66667,0.11125,0.20694,0.60812,0.68406,36.66667,0.466,0.38433,0.713,7.66667,30.33333,38.0,22.33333,4.66667,11.0,96.66667,-0.03599,0.23413,0.54275,0.58852,0.66667,1
38.66667,0.44267,0.40233,0.78167,10.33333,36.66667,47.0,24.0,9.0,15.0,101.66667,0.12775,0.32131,0.49784,0.55517,38.33333,0.449,0.34733,0.72233,8.0,33.66667,41.66667,22.33333,7.0,13.0,94.66667,-0.1528,0.219,0.50931,0.53867,1.0,0
39.66667,0.491,0.37467,0.63767,7.33333,37.0,44.33333,25.0,5.66667,13.0,107.33333,0.07459,0.2322,0.56698,0.62272,39.66667,0.45267,0.36533,0.69533,13.0,32.66667,45.66667,21.66667,4.66667,16.0,104.66667,-0.06818,0.41406,0.52408,0.57039,1.0,1
41.33333,0.492,0.4,0.82467,8.66667,28.0,36.66667,23.33333,7.66667,14.66667,111.33333,-0.03444,0.27506,0.5522,0.62684,36.0,0.45633,0.37967,0.72033,8.66667,29.66667,38.33333,18.0,11.33333,15.0,99.0,0.0111,0.27871,0.52388,0.59031,0.66667,0
44.0,0.49967,0.48433,0.80867,10.66667,36.66667,47.33333,29.0,6.66667,11.0,123.0,0.19159,0.33832,0.59033,0.65981,35.33333,0.41733,0.32133,0.70433,8.66667,30.66667,39.33333,20.0,9.0,13.0,96.33333,-0.11718,0.23087,0.47806,0.53887,0.66667,1
38.0,0.44333,0.34867,0.62933,10.33333,35.66667,46.0,21.66667,6.33333,13.0,98.66667,-0.00474,0.31227,0.51151,0.55125,40.0,0.45267,0.37933,0.69533,12.33333,29.66667,42.0,22.33333,10.33333,12.66667,108.33333,0.05331,0.35997,0.50895,0.57793,0.33333,1
37.33333,0.47767,0.36067,0.727,12.66667,39.66667,52.33333,23.33333,5.66667,17.0,108.66667,0.20252,0.49615,0.54451,0.63422,43.0,0.448,0.314,0.68233,12.66667,33.33333,46.0,22.66667,10.33333,13.33333,111.0,0.10349,0.34791,0.49781,0.54953,0.33333,1
36.66667,0.46767,0.426,0.70367,8.0,33.0,41.0,20.0,6.0,14.66667,98.0,-0.03967,0.2615,0.53849,0.59272,43.33333,0.497,0.34033,0.78967,5.66667,41.66667,47.33333,24.0,7.33333,14.66667,111.0,0.11271,0.16137,0.54816,0.60762,0.0,1
40.0,0.472,0.33767,0.71433,10.33333,35.66667,46.0,25.0,7.66667,13.0,105.66667,0.01469,0.31045,0.53679,0.59254,40.0,0.453,0.33133,0.76267,10.66667,33.66667,44.33333,24.33333,5.33333,11.0,100.66667,0.08307,0.31244,0.508,0.55025,0.33333,0
42.66667,0.519,0.50867,0.673,10.33333,29.66667,40.0,26.66667,9.33333,17.66667,113.0,0.05884,0.44312,0.60958,0.65334,34.33333,0.43433,0.32867,0.74733,6.33333,30.33333,36.66667,19.66667,7.66667,19.66667,88.66667,-0.30861,0.18246,0.4868,0.53796,1.0,0
40.0,0.46367,0.37133,0.785,6.33333,33.0,39.33333,21.0,9.0,9.33333,105.0,0.03251,0.18682,0.50807,0.57629,42.33333,0.47867,0.35567,0.85533,11.0,30.66667,41.66667,30.0,8.33333,15.66667,108.0,-0.10689,0.36599,0.54711,0.59261,1.0,0
39.66667,0.45733,0.30433,0.767,10.33333,33.33333,43.66667,19.66667,6.33333,15.66667,107.66667,-0.01803,0.30065,0.51235,0.58755,39.66667,0.47967,0.40367,0.79833,7.33333,32.66667,40.0,29.0,10.33333,14.33333,101.33333,-0.08382,0.23642,0.5486,0.59263,1.0,0
41.33333,0.46767,0.37567,0.74633,9.66667,32.0,41.66667,27.0,7.33333,12.0,111.66667,0.05862,0.30321,0.54441,0.60265,40.66667,0.467,0.365,0.847,10.66667,31.66667,42.33333,28.0,8.66667,15.33333,106.33333,0.01218,0.37232,0.52919,0.58693,0.66667,1
36.66667,0.42633,0.33267,0.82167,11.0,29.66667,40.66667,19.66667,6.0,15.0,99.66667,-0.12855,0.32393,0.47325,0.55007,39.0,0.43967,0.34733,0.789,8.33333,31.66667,40.0,20.0,7.0,9.33333,100.33333,-0.10739,0.27001,0.488,0.54616,1.0,0
41.0,0.46233,0.29433,0.71467,9.0,33.33333,42.33333,23.33333,8.33333,12.33333,104.66667,0.03557,0.25468,0.51046,0.56822,39.66667,0.46167,0.48967,0.65367,11.33333,33.33333,44.66667,24.66667,7.66667,13.66667,105.33333,0.05756,0.35361,0.54348,0.58527,0.0,0
38.33333,0.442,0.33333,0.82333,7.66667,34.66667,42.33333,22.33333,6.0,10.33333,106.66667,0.02206,0.21886,0.50724,0.58229,34.33333,0.39433,0.30933,0.82833,13.0,33.0,46.0,19.33333,9.33333,15.0,96.33333,-0.05992,0.36709,0.4481,0.52344,0.66667,1
35.66667,0.44167,0.35833,0.78867,8.0,28.0,36.0,21.0,5.0,12.33333,96.0,-0.13676,0.27961,0.4995,0.56596,43.66667,0.489,0.34433,0.752,6.66667,43.0,49.66667,24.33333,6.66667,14.33333,110.0,0.15589,0.18379,0.53855,0.58936,0.0,1
39.0,0.46333,0.397,0.786,9.0,34.66667,43.66667,25.66667,10.33333,13.0,111.66667,0.09546,0.28113,0.53626,0.62021,39.66667,0.448,0.32467,0.78833,8.33333,38.66667,47.0,25.33333,4.66667,17.0,100.0,-0.13767,0.23513,0.50975,0.54652,1.0,0
37.0,0.42867,0.338,0.65533,11.66667,36.0,47.66667,20.66667,5.0,9.66667,98.66667,-0.11848,0.30962,0.4977,0.54455,36.66667,0.463,0.37633,0.73533,9.0,31.33333,40.33333,20.66667,7.0,13.0,105.66667,-0.08165,0.26857,0.51835,0.61324,0.66667,0
40.66667,0.52333,0.39933,0.866,9.33333,35.66667,45.0,26.0,9.66667,13.0,112.0,0.27985,0.34215,0.59875,0.67861,41.33333,0.46967,0.358,0.79167,10.66667,33.0,43.66667,25.33333,8.33333,16.0,107.66667,-0.05689,0.33038,0.52979,0.58528,0.66667,0
42.66667,0.462,0.41033,0.76933,11.66667,33.33333,45.0,25.33333,8.0,14.0,116.66667,0.03025,0.34517,0.53752,0.60174,34.0,0.40133,0.32733,0.84233,11.66667,25.33333,37.0,19.66667,9.33333,12.0,95.0,-0.16967,0.34985,0.45906,0.5327,1.0,0
40.66667,0.499,0.41667,0.78267,6.66667,28.33333,35.0,19.0,7.66667,14.0,110.0,-0.0557,0.23381,0.57385,0.64016,36.66667,0.43233,0.31867,0.63967,10.66667,37.33333,48.0,24.33333,5.33333,11.66667,97.66667,-0.07426,0.28267,0.47911,0.54048,0.33333,0
34.0,0.41133,0.35867,0.79967,13.0,32.66667,45.66667,18.66667,6.66667,13.66667,100.66667,0.01876,0.43162,0.48773,0.57049,36.33333,0.42433,0.292,0.772,8.66667,37.0,45.66667,24.33333,5.33333,12.0,99.33333,-0.09167,0.24053,0.47909,0.54783,1.0,0
44.0,0.472,0.382,0.72333,10.66667,33.0,43.66667,26.0,8.0,13.0,111.0,0.00383,0.31206,0.53029,0.57424,42.0,0.47133,0.32567,0.74367,8.33333,28.66667,37.0,18.66667,11.33333,12.33333,106.33333,-0.17154,0.24131,0.52008,0.57269,1.0,1
35.66667,0.39567,0.313,0.73,10.66667,32.0,42.66667,17.33333,7.33333,10.33333,95.66667,-0.04279,0.28266,0.44023,0.50303,45.0,0.46733,0.36733,0.82633,11.33333,39.66667,51.0,24.0,8.66667,17.0,120.33333,0.12802,0.34835,0.53163,0.59434,0.0,1
34.33333,0.44467,0.37567,0.71933,10.66667,33.33333,44.0,22.66667,6.66667,13.66667,95.66667,0.11129,0.34783,0.50062,0.57769,40.33333,0.456,0.30433,0.817,12.0,35.33333,47.33333,16.33333,6.0,9.66667,108.33333,0.05494,0.40277,0.49351,0.57533,0.33333,0
41.0,0.513,0.388,0.84833,8.66667,34.33333,43.0,24.0,6.33333,14.33333,107.0,0.13096,0.34021,0.56368,0.63409,36.0,0.436,0.33567,0.80233,11.33333,27.66667,39.0,18.66667,8.0,10.0,103.33333,0.02814,0.37222,0.49419,0.58313,0.33333,1
42.66667,0.46133,0.348,0.69367,10.33333,33.66667,44.0,25.0,9.0,15.0,110.0,0.00384,0.30238,0.52105,0.56943,36.33333,0.48167,0.37633,0.699,6.66667,27.0,33.66667,20.0,5.0,12.0,96.0,-0.04729,0.23726,0.55898,0.60855,0.66667,1
41.0,0.525,0.42967,0.79967,7.0,34.33333,41.33333,25.33333,5.66667,16.66667,113.66667,0.09741,0.27877,0.59734,0.68006,40.66667,0.475,0.35633,0.711,8.33333,34.0,42.33333,25.0,6.0,17.0,104.33333,-0.00407,0.24662,0.53136,0.58102,0.33333,0
37.33333,0.476,0.344,0.78233,7.66667,30.33333,38.0,22.33333,7.0,15.66667,106.33333,0.0221,0.24259,0.53906,0.6309,38.0,0.488,0.40633,0.79833,7.0,33.66667,40.66667,25.33333,5.0,16.66667,105.33333,-0.02683,0.2215,0.56768,0.63769,0.66667,0
38.0,0.45067,0.40233,0.72933,9.66667,36.0,45.66667,23.33333,6.33333,11.66667,105.0,0.09207,0.27733,0.5075,0.58057,43.66667,0.491,0.45333,0.75567,10.0,31.33333,41.33333,25.33333,9.0,13.0,116.33333,-0.0591,0.30807,0.58437,0.62915,0.66667,1
39.0,0.486,0.38,0.85867,7.33333,34.0,41.33333,25.0,8.0,11.33333,108.0,0.07675,0.26141,0.56137,0.63628,38.0,0.46367,0.39233,0.69633,8.66667,31.66667,40.33333,20.33333,10.33333,13.0,101.33333,0.02232,0.27381,0.53704,0.58818,0.66667,0
46.66667,0.50167,0.40733,0.679,8.33333,34.33333,42.66667,29.66667,10.66667,13.33333,121.0,0.09529,0.25038,0.58604,0.62424,39.33333,0.45567,0.39733,0.82667,6.0,40.66667,46.66667,21.33333,8.0,11.33333,101.33333,0.15975,0.1712,0.50584,0.56243,0.0,1
41.0,0.482,0.422,0.85533,9.0,31.0,40.0,22.66667,9.0,12.66667,112.0,0.14526,0.31928,0.54627,0.62197,44.33333,0.446,0.42567,0.59967,16.0,34.0,50.0,25.0,11.0,13.33333,113.66667,0.08425,0.42173,0.50518,0.54532,0.0,1
40.33333,0.44467,0.32267,0.87067,10.66667,34.0,44.66667,24.66667,10.33333,12.66667,108.66667,0.02521,0.33056,0.4977,0.56882,37.66667,0.457,0.40067,0.81833,9.33333,33.0,42.33333,26.33333,5.33333,16.0,102.0,-0.10364,0.28755,0.52923,0.58922,0.66667,1
33.0,0.399,0.33467,0.663,10.33333,33.66667,44.0,17.33333,7.33333,12.0,91.33333,-0.08145,0.2906,0.46106,0.52025,36.33333,0.45733,0.435,0.85433,11.66667,37.0,48.66667,26.0,4.66667,20.33333,107.33333,-0.0692,0.43835,0.53258,0.63029,0.33333,0
37.66667,0.41867,0.321,0.772,9.0,32.0,41.0,21.33333,8.33333,10.0,101.66667,0.02198,0.2323,0.47443,0.53655,37.66667,0.44767,0.36133,0.788,9.0,33.0,42.0,23.33333,5.66667,10.33333,98.33333,-0.05953,0.26887,0.50867,0.56297,0.66667,1
38.66667,0.446,0.33833,0.811,10.0,34.66667,44.66667,16.0,9.0,9.66667,106.66667,0.0793,0.31456,0.51007,0.58132,42.33333,0.50933,0.44133,0.772,7.33333,35.0,42.33333,18.66667,10.33333,10.33333,117.66667,0.12424,0.23568,0.58139,0.66124,0.0,1
36.33333,0.46833,0.341,0.72,7.66667,34.33333,42.0,18.0,4.66667,14.33333,107.0,0.02917,0.25634,0.52673,0.62944,36.33333,0.438,0.35233,0.68333,9.0,31.33333,40.33333,21.66667,8.33333,18.33333,92.33333,-0.21387,0.26947,0.49208,0.53388,1.0,0
39.33333,0.46,0.38567,0.797,6.33333,33.0,39.33333,23.66667,9.33333,9.66667,102.33333,-0.00155,0.18303,0.51091,0.57099,40.0,0.45533,0.29033,0.699,10.66667,34.33333,45.0,17.66667,8.66667,14.33333,105.33333,-0.13567,0.30221,0.49718,0.56697,1.0,0
47.0,0.48433,0.37867,0.77433,8.0,34.66667,42.66667,26.66667,10.0,9.33333,121.0,0.02376,0.21104,0.56068,0.60088,35.0,0.41267,0.35367,0.79733,8.66667,36.66667,45.33333,19.66667,8.0,14.66667,94.66667,-0.04457,0.22537,0.47353,0.53282,0.66667,0
44.33333,0.505,0.34467,0.73033,8.33333,32.33333,40.66667,22.66667,7.66667,13.66667,114.66667,0.072,0.25707,0.56439,0.62371,36.66667,0.47533,0.43033,0.75067,9.66667,29.66667,39.33333,21.0,7.66667,11.33333,108.33333,0.17155,0.33222,0.56029,0.64897,0.0,0
44.0,0.565,0.44667,0.81467,5.0,34.0,39.0,24.66667,5.0,11.33333,107.66667,0.13305,0.18129,0.63521,0.67182,39.0,0.46667,0.34867,0.871,10.0,31.66667,41.66667,21.33333,8.0,14.33333,104.66667,0.08997,0.34813,0.51942,0.59446,0.33333,0
35.0,0.42767,0.33767,0.79467,11.66667,34.33333,46.0,17.66667,7.33333,10.0,98.0,0.07312,0.35134,0.48898,0.56402,35.66667,0.46467,0.41967,0.74933,8.66667,30.33333,39.0,23.0,9.0,13.33333,101.0,0.12259,0.26404,0.54756,0.61679,0.33333,1
43.66667,0.48167,0.32833,0.70867,9.0,32.33333,41.33333,25.0,9.33333,11.33333,111.0,0.07405,0.26399,0.53043,0.58779,38.0,0.462,0.31867,0.757,7.66667,32.0,39.66667,19.33333,8.66667,13.33333,96.33333,-0.11065,0.22832,0.52271,0.56445,1.0,0
38.66667,0.46833,0.39833,0.793,11.0,35.0,46.0,23.33333,9.0,13.33333,107.33333,0.14574,0.39706,0.53448,0.61052,40.66667,0.47567,0.37533,0.82367,10.0,34.0,44.0,20.66667,8.33333,12.66667,106.0,0.06349,0.30682,0.51878,0.58731,0.33333,1
40.0,0.458,0.33933,0.811,6.66667,37.0,43.66667,27.66667,6.66667,11.33333,105.66667,0.02904,0.18271,0.52092,0.57808,35.66667,0.39267,0.26267,0.777,9.0,34.33333,43.33333,21.66667,7.33333,10.66667,93.66667,-0.20769,0.22041,0.43298,0.49394,1.0,0
39.66667,0.44333,0.32367,0.738,8.33333,35.66667,44.0,22.33333,6.66667,11.66667,106.0,-0.04932,0.21,0.50113,0.56027,42.33333,0.473,0.41133,0.73633,12.33333,29.0,41.33333,27.66667,8.0,13.33333,108.66667,-0.11515,0.39068,0.55273,0.58884,1.0,0
40.0,0.465,0.376,0.66767,11.0,35.66667,46.66667,22.66667,7.66667,10.66667,108.0,-0.00208,0.31721,0.53835,0.59364,35.33333,0.40733,0.33867,0.797,13.33333,30.66667,44.0,22.33333,10.33333,16.33333,95.33333,-0.01825,0.44637,0.46497,0.52508,0.66667,0
36.0,0.42767,0.311,0.76467,11.0,34.0,45.0,17.0,9.66667,14.0,104.66667,0.06605,0.31863,0.47008,0.5731,37.66667,0.42933,0.35333,0.829,9.0,31.33333,40.33333,24.66667,9.0,11.33333,102.0,-0.11182,0.23452,0.49204,0.55669,0.66667,1
35.33333,0.45933,0.39033,0.769,10.0,32.0,42.0,26.66667,5.0,14.66667,97.0,-0.03469,0.31758,0.53074,0.59393,38.66667,0.43233,0.38633,0.737,15.0,32.66667,47.66667,24.33333,7.0,15.0,106.0,-0.0336,0.48227,0.50835,0.56414,0.66667,1
39.0,0.449,0.31767,0.77567,10.0,29.66667,39.66667,27.33333,6.0,11.33333,104.0,-0.08375,0.31853,0.50723,0.57103,41.66667,0.48067,0.39367,0.803,10.0,35.0,45.0,26.33333,6.66667,15.66667,104.66667,0.06681,0.33621,0.54894,0.58695,0.66667,0
40.33333,0.49933,0.335,0.674,6.66667,28.0,34.66667,19.0,8.33333,10.66667,101.33333,-0.05874,0.20268,0.54903,0.59677,35.0,0.40333,0.37033,0.763,12.66667,26.66667,39.33333,22.33333,9.33333,14.0,95.66667,-0.1691,0.39499,0.467,0.52606,1.0,1
41.66667,0.502,0.38633,0.747,8.66667,30.33333,39.0,19.33333,7.33333,15.0,109.33333,-0.0011,0.29131,0.56952,0.62625,39.0,0.45967,0.32333,0.76833,6.33333,31.0,37.33333,20.33333,6.66667,12.0,105.0,-0.12245,0.17897,0.51224,0.58522,0.66667,0
35.66667,0.41367,0.30067,0.66167,9.0,35.0,44.0,22.33333,9.33333,13.0,95.0,0.02015,0.24485,0.46859,0.52322,38.66667,0.496,0.39167,0.84033,7.0,28.33333,35.33333,21.66667,7.0,13.66667,101.0,-0.0759,0.23958,0.58025,0.62562,1.0,0
40.0,0.46967,0.37367,0.67233,11.33333,29.0,40.33333,24.66667,5.66667,14.33333,105.66667,-0.10107,0.32931,0.5381,0.59216,42.33333,0.43767,0.36733,0.743,10.33333,40.0,50.33333,20.33333,7.66667,13.33333,109.66667,0.12806,0.26839,0.49807,0.54444,0.0,1
33.0,0.43667,0.36067,0.80967,10.66667,32.33333,43.0,23.66667,6.0,15.0,97.66667,0.08903,0.3652,0.49196,0.59633,43.66667,0.46533,0.356,0.754,10.33333,39.66667,50.0,24.66667,7.33333,13.33333,110.66667,0.0966,0.29698,0.52175,0.56623,0.0,1
44.33333,0.50833,0.459,0.87067,9.33333,37.0,46.33333,29.0,7.33333,13.33333,118.66667,0.21339,0.34303,0.59197,0.65052,37.33333,0.493,0.45733,0.68967,7.0,28.0,35.0,24.33333,4.33333,13.0,98.33333,-0.01028,0.25316,0.5815,0.62333,0.66667,0
38.66667,0.50333,0.421,0.78667,7.33333,33.33333,40.66667,24.33333,4.66667,17.33333,113.66667,0.06939,0.27924,0.57465,0.67838,38.33333,0.458,0.36067,0.851,8.66667,24.33333,33.0,25.0,10.66667,13.0,110.33333,-0.10505,0.28543,0.53343,0.61939,1.0,1
38.0,0.472,0.35433,0.75567,10.33333,31.66667,42.0,24.0,6.0,15.33333,102.0,-0.04644,0.31515,0.53304,0.6035,39.66667,0.44267,0.28467,0.76967,13.66667,35.33333,49.0,16.33333,5.66667,10.0,104.66667,0.02983,0.44227,0.47969,0.55065,0.33333,1
47.33333,0.53067,0.37433,0.727,7.66667,35.33333,43.0,25.0,8.66667,9.33333,117.33333,0.22664,0.23949,0.5756,0.63024,45.0,0.46867,0.34633,0.725,16.0,27.66667,43.66667,23.33333,10.33333,14.33333,116.0,-0.02668,0.54911,0.52067,0.5761,0.66667,0
38.0,0.45733,0.346,0.74867,6.0,41.0,47.0,25.0,4.66667,11.33333,104.66667,0.06874,0.16622,0.50732,0.58605,40.66667,0.45567,0.27633,0.75933,7.33333,29.0,36.33333,18.66667,8.0,12.66667,105.33333,-0.20659,0.20746,0.51145,0.56405,1.0,0
41.0,0.444,0.344,0.685,10.33333,36.0,46.33333,25.33333,9.66667,15.0,104.33333,-0.03756,0.30476,0.51109,0.54557,36.0,0.43567,0.36333,0.806,10.0,28.0,38.0,20.0,6.33333,15.66667,101.33333,-0.09162,0.31182,0.50482,0.58181,1.0,0
41.0,0.50267,0.43333,0.74333,7.33333,30.33333,37.66667,24.0,8.66667,15.33333,110.0,0.06432,0.26209,0.57721,0.63965,35.33333,0.439,0.35667,0.70533,9.33333,32.33333,41.66667,18.66667,7.0,13.66667,96.33333,-0.09382,0.29342,0.50507,0.56761,0.66667,0
35.66667,0.464,0.374,0.725,8.66667,32.0,40.66667,23.66667,6.0,13.66667,99.66667,-0.01666,0.2661,0.5388,0.60777,39.66667,0.45767,0.413,0.764,7.66667,40.33333,48.0,22.0,9.0,12.33333,104.0,0.15433,0.22891,0.51542,0.57118,0.0,0
36.66667,0.425,0.28633,0.79,10.66667,35.0,45.66667,19.66667,6.33333,11.66667,105.33333,-0.07232,0.28756,0.46901,0.56482,43.33333,0.435,0.36033,0.516,14.0,33.66667,47.66667,23.66667,11.33333,13.66667,109.0,0.05128,0.34967,0.4887,0.52057,0.0,1
40.66667,0.442,0.356,0.77333,9.66667,29.66667,39.33333,24.0,12.0,10.0,110.33333,0.07864,0.27624,0.49817,0.5669,34.33333,0.38967,0.304,0.66,12.0,33.33333,45.33333,20.33333,5.66667,9.0,92.0,-0.23598,0.31045,0.44025,0.49494,1.0,1
36.66667,0.44967,0.33,0.68667,10.66667,34.0,44.66667,19.0,7.0,16.33333,96.66667,-0.08961,0.33061,0.50529,0.56042,42.0,0.487,0.34333,0.73567,13.0,33.33333,46.33333,24.0,7.0,13.33333,109.33333,0.17292,0.41465,0.53125,0.59739,0.0,1
39.0,0.46933,0.39833,0.77567,11.66667,31.0,42.66667,25.0,4.33333,13.33333,113.0,0.01006,0.39393,0.53782,0.63127,39.0,0.47133,0.43267,0.74833,10.0,32.66667,42.66667,24.66667,5.66667,9.66667,104.66667,0.02114,0.32532,0.54495,0.60315,0.33333,1
39.66667,0.432,0.325,0.75867,10.66667,33.0,43.66667,18.33333,12.0,9.0,103.33333,0.08292,0.30743,0.49201,0.54001,34.33333,0.41333,0.37633,0.72533,8.66667,31.0,39.66667,19.66667,7.33333,13.33333,96.33333,-0.22611,0.24311,0.48724,0.55088,0.66667,0
37.33333,0.45867,0.40467,0.778,8.0,32.0,40.0,24.66667,5.0,11.33333,103.33333,-0.00372,0.24315,0.52652,0.59886,38.33333,0.43933,0.37167,0.743,10.33333,33.66667,44.0,22.33333,8.33333,18.0,103.66667,-0.15687,0.30869,0.49407,0.56005,1.0,1
42.33333,0.497,0.453,0.82067,8.33333,35.0,43.33333,30.33333,8.0,12.0,114.33333,0.1311,0.27981,0.58504,0.64065,36.0,0.42667,0.318,0.75967,9.0,34.66667,43.66667,20.33333,8.33333,14.66667,101.0,-0.05585,0.24549,0.47746,0.56021,0.66667,0
39.0,0.462,0.35233,0.73833,10.0,42.66667,52.66667,25.0,3.33333,14.66667,108.33333,0.15546,0.31665,0.53724,0.60482,39.66667,0.48333,0.29533,0.86,7.66667,28.66667,36.33333,23.0,7.33333,12.66667,105.33333,-0.00081,0.2482,0.52977,0.60752,0.66667,0
33.0,0.40633,0.37633,0.797,10.33333,33.0,43.33333,18.33333,8.0,10.0,94.0,0.01476,0.30372,0.48069,0.54852,39.33333,0.427,0.41967,0.73433,15.66667,32.0,47.66667,24.0,8.0,14.33333,106.66667,0.01348,0.50304,0.50477,0.55409,0.33333,1
33.33333,0.419,0.34333,0.749,9.0,28.33333,37.33333,21.0,7.0,14.0,96.66667,-0.12957,0.26341,0.47345,0.5631,39.66667,0.45733,0.38733,0.758,11.66667,37.66667,49.33333,20.0,7.0,13.0,105.0,-0.00267,0.40531,0.51729,0.57556,0.66667,1
36.33333,0.45167,0.325,0.78233,7.66667,35.0,42.66667,23.33333,5.66667,12.33333,105.0,-0.01807,0.23029,0.51523,0.605,41.33333,0.505,0.43733,0.83433,10.33333,33.33333,43.66667,19.33333,7.0,13.33333,108.0,0.11111,0.39646,0.55525,0.62433,0.0,0
39.0,0.46833,0.33233,0.87933,6.66667,36.0,42.66667,27.66667,7.33333,13.33333,105.0,0.01013,0.19975,0.52082,0.59841,38.0,0.48433,0.429,0.72567,9.66667,33.0,42.66667,22.33333,8.33333,12.33333,106.66667,0.06193,0.32128,0.56797,0.63784,0.33333,1
40.66667,0.46467,0.344,0.75933,8.33333,34.33333,42.66667,23.66667,7.66667,11.33333,111.66667,-0.04652,0.22111,0.52384,0.59787,39.33333,0.47233,0.39933,0.68967,11.66667,38.0,49.66667,21.33333,6.66667,14.0,105.0,0.03873,0.41114,0.53695,0.59475,0.33333,0
36.66667,0.45067,0.331,0.82433,9.33333,30.0,39.33333,26.33333,5.66667,10.66667,99.66667,0.01792,0.34823,0.51616,0.58275,38.66667,0.428,0.261,0.74667,7.33333,37.0,44.33333,24.66667,6.66667,13.66667,98.66667,-0.11942,0.18658,0.47012,0.52289,1.0,0
42.33333,0.55067,0.419,0.828,5.66667,32.33333,38.0,22.66667,4.33333,11.0,107.66667,0.08587,0.21028,0.61974,0.67223,41.66667,0.46833,0.48833,0.69867,11.66667,32.66667,44.33333,24.0,5.0,12.66667,111.66667,0.01699,0.34729,0.55256,0.59822,0.33333,1
36.66667,0.43267,0.326,0.81133,8.33333,34.66667,43.0,22.0,5.66667,11.0,100.0,-0.01443,0.23285,0.48912,0.55828,38.33333,0.433,0.31733,0.891,9.0,31.0,40.0,27.0,8.33333,9.33333,100.66667,-0.06349,0.23286,0.48269,0.54737,0.33333,0
35.33333,0.451,0.33967,0.689,11.66667,30.33333,42.0,23.66667,6.33333,13.66667,97.66667,-0.07853,0.37386,0.51135,0.58147,36.0,0.421,0.34633,0.68567,10.66667,38.33333,49.0,20.66667,6.0,11.66667,97.0,-0.07283,0.28506,0.48112,0.53769,0.66667,0
37.33333,0.44,0.41567,0.704,8.66667,31.33333,40.0,19.0,7.33333,10.0,96.66667,0.00374,0.2225,0.50084,0.54991,39.66667,0.45933,0.378,0.724,9.66667,29.33333,39.0,23.33333,6.0,14.0,98.0,-0.1534,0.31354,0.51924,0.55103,1.0,0
42.33333,0.50967,0.40667,0.747,9.66667,33.33333,43.0,20.66667,10.0,15.33333,110.66667,0.1043,0.33143,0.5771,0.6336,41.0,0.471,0.408,0.724,10.33333,32.66667,43.0,22.33333,7.0,12.66667,105.66667,0.02459,0.3301,0.53057,0.57939,0.33333,1
36.66667,0.43633,0.31467,0.738,9.33333,34.66667,44.0,21.66667,9.66667,14.33333,99.66667,0.15964,0.27143,0.49229,0.55989,40.0,0.46533,0.34033,0.77367,7.66667,32.0,39.66667,20.33333,10.66667,10.0,110.66667,-0.08528,0.21534,0.5255,0.6004,0.66667,1
40.66667,0.46467,0.402,0.692,13.66667,29.33333,43.0,23.66667,4.66667,12.33333,112.0,-0.0824,0.42776,0.53201,0.5991,37.0,0.38833,0.29333,0.78367,13.0,31.66667,44.66667,23.33333,8.0,12.0,96.0,-0.21971,0.33604,0.43381,0.48508,1.0,0
40.66667,0.46833,0.37133,0.79867,10.0,32.66667,42.66667,25.0,8.66667,14.33333,116.66667,0.04367,0.29644,0.54269,0.62673,41.66667,0.46867,0.38467,0.759,8.0,31.0,39.0,22.66667,9.33333,8.0,116.33333,-0.02914,0.22514,0.54525,0.61122,0.33333,0
33.33333,0.409,0.345,0.72833,13.33333,31.33333,44.66667,19.66667,4.66667,13.33333,98.33333,-0.02644,0.41488,0.46283,0.55755,35.33333,0.39367,0.326,0.76467,14.0,32.66667,46.66667,20.0,10.0,12.33333,101.33333,-0.09143,0.36744,0.44419,0.52762,0.66667,0
45.33333,0.52267,0.46267,0.80467,6.0,36.33333,42.33333,29.66667,7.66667,10.0,120.0,0.13193,0.18182,0.58727,0.6547,36.66667,0.48267,0.44533,0.79567,6.33333,27.33333,33.66667,23.0,6.0,13.0,99.66667,-0.07137,0.20039,0.56509,0.62561,0.66667,1
42.0,0.49067,0.354,0.788,8.0,33.33333,41.33333,26.0,8.33333,9.33333,113.66667,0.10254,0.22949,0.555,0.62579,40.33333,0.477,0.40533,0.77133,10.0,33.33333,43.33333,23.66667,7.0,11.66667,111.66667,-0.00909,0.29125,0.54875,0.6202,0.66667,1
42.0,0.56,0.48567,0.817,5.0,32.33333,37.33333,27.0,5.33333,13.66667,106.33333,0.05591,0.19731,0.64032,0.68361,43.0,0.459,0.36867,0.79633,15.66667,27.0,42.66667,25.0,9.0,13.66667,115.0,-0.11655,0.50824,0.52386,0.58525,1.0,1
42.33333,0.51933,0.35733,0.70367,6.66667,37.66667,44.33333,26.33333,4.66667,10.33333,114.33333,0.11932,0.20734,0.56833,0.64732,37.66667,0.45933,0.34933,0.837,7.66667,36.0,43.66667,20.0,6.66667,14.66667,101.33333,-0.00275,0.22513,0.51021,0.58536,0.66667,0
40.66667,0.48,0.41567,0.75833,8.0,34.33333,42.33333,24.66667,11.0,15.0,107.66667,0.037,0.23724,0.55614,0.60968,31.66667,0.39767,0.36833,0.75467,8.33333,30.0,38.33333,15.0,8.33333,14.66667,90.0,-0.25615,0.23677,0.46425,0.53351,0.66667,1
34.0,0.41433,0.38,0.78067,8.66667,33.0,41.66667,21.33333,6.66667,12.66667,99.0,-0.00698,0.24447,0.47738,0.56305,38.33333,0.444,0.38933,0.73533,8.66667,36.0,44.66667,20.33333,7.33333,14.66667,98.33333,0.03608,0.2532,0.4963,0.54465,0.33333,1
41.0,0.43233,0.323,0.81033,9.66667,34.33333,44.0,21.33333,12.66667,14.0,110.33333,0.06525,0.23841,0.48139,0.55396,37.0,0.40667,0.38567,0.71233,15.0,28.0,43.0,19.66667,8.66667,13.33333,99.33333,-0.13157,0.45893,0.4763,0.52337,1.0,1
37.0,0.437,0.39867,0.74233,9.0,36.66667,45.66667,21.33333,5.66667,11.66667,94.33333,-0.00874,0.24775,0.49041,0.53674,41.0,0.42633,0.34367,0.654,15.33333,32.66667,48.0,22.33333,11.66667,17.0,111.33333,0.05917,0.4491,0.48455,0.54946,0.0,0
37.0,0.41,0.30467,0.68433,11.66667,34.33333,46.0,20.0,7.66667,11.0,97.0,-0.02141,0.31078,0.45027,0.50822,39.33333,0.47533,0.327,0.83867,8.0,27.66667,35.66667,24.66667,6.33333,10.66667,103.66667,-0.03744,0.23733,0.52566,0.59529,0.66667,0
38.0,0.47667,0.364,0.77433,7.0,29.66667,36.66667,19.66667,8.66667,14.33333,101.0,-0.06912,0.19816,0.53355,0.60002,41.0,0.508,0.39767,0.80967,9.0,35.0,44.0,17.0,12.0,14.66667,107.66667,0.10652,0.31759,0.56356,0.63017,0.0,1
35.33333,0.43167,0.33,0.709,10.33333,36.33333,46.66667,17.66667,5.33333,14.66667,97.33333,-0.07654,0.27967,0.48499,0.55584,37.33333,0.46233,0.313,0.72733,6.66667,34.66667,41.33333,21.66667,7.33333,17.66667,96.0,-0.04777,0.19286,0.51273,0.56666,0.33333,1
47.33333,0.48867,0.34467,0.72467,12.66667,38.66667,51.33333,28.66667,6.66667,13.0,118.66667,0.17586,0.39987,0.55077,0.5899,40.33333,0.43567,0.346,0.793,14.66667,37.0,51.66667,22.0,5.66667,15.0,105.0,-0.06944,0.46609,0.48288,0.54144,0.66667,0
36.0,0.45133,0.38633,0.797,9.66667,31.0,40.66667,18.33333,9.66667,11.0,104.0,0.06643,0.30804,0.52063,0.60719,38.33333,0.439,0.36833,0.73333,14.0,29.0,43.0,21.33333,6.66667,15.33333,104.0,-0.1048,0.45406,0.50286,0.56481,1.0,0
44.0,0.50133,0.40333,0.87433,12.33333,38.66667,51.0,27.33333,7.33333,14.0,116.33333,0.28479,0.43678,0.57316,0.6334,39.0,0.47333,0.354,0.79067,8.66667,33.33333,42.0,19.0,5.66667,11.33333,99.0,-0.08772,0.32111,0.51379,0.57257,0.33333,0
40.33333,0.48367,0.37767,0.86333,10.0,34.0,44.0,26.0,5.33333,16.0,105.66667,-0.09212,0.35426,0.53423,0.60446,44.33333,0.52767,0.32867,0.82467,9.0,34.33333,43.33333,26.33333,7.33333,10.66667,121.0,0.2667,0.35052,0.5821,0.6774,0.0,1
39.33333,0.445,0.385,0.69233,11.66667,32.33333,44.0,23.66667,8.66667,13.33333,101.33333,0.06394,0.34739,0.49956,0.54755,38.33333,0.42067,0.22567,0.73933,8.0,35.0,43.0,22.0,7.0,10.33333,96.0,-0.16225,0.20945,0.44997,0.50414,1.0,1
40.66667,0.502,0.34967,0.80433,8.33333,34.0,42.33333,26.66667,9.0,13.33333,109.0,0.11365,0.27419,0.57026,0.63696,37.0,0.44933,0.43967,0.75033,9.33333,33.66667,43.0,18.0,8.66667,12.66667,101.33333,0.06393,0.30282,0.53054,0.58588,0.33333,0
43.33333,0.531,0.39767,0.81567,7.33333,41.0,48.33333,27.66667,8.66667,12.66667,113.33333,0.37439,0.24675,0.5926,0.65967,37.0,0.40967,0.33,0.81333,11.0,28.33333,39.33333,26.33333,8.33333,10.66667,100.33333,-0.18969,0.27109,0.46747,0.53112,0.66667,0
39.66667,0.45667,0.32333,0.77933,9.66667,36.0,45.66667,19.0,9.33333,14.66667,106.0,0.00125,0.28748,0.51798,0.5808,36.33333,0.42167,0.27033,0.816,10.33333,30.66667,41.0,20.33333,6.66667,13.33333,87.66667,-0.21468,0.31567,0.45806,0.49601,1.0,0
37.66667,0.40333,0.38667,0.64,12.0,35.66667,47.66667,20.0,7.33333,11.66667,99.66667,-0.09936,0.29538,0.45323,0.50433,32.66667,0.403,0.32733,0.81067,9.66667,37.0,46.66667,17.33333,7.66667,13.33333,94.33333,-0.07521,0.26257,0.456,0.54361,0.66667,1
39.66667,0.50633,0.37,0.84467,10.0,39.0,49.0,23.66667,7.66667,12.0,111.33333,0.36055,0.3545,0.58356,0.66679,35.33333,0.40233,0.34867,0.79633,14.66667,32.33333,47.0,19.66667,9.66667,15.66667,98.0,0.01569,0.45088,0.46452,0.53031,0.66667,0
39.66667,0.47933,0.36367,0.88767,9.33333,33.66667,43.0,28.0,5.33333,12.66667,107.0,0.12513,0.35808,0.55547,0.61854,39.33333,0.453,0.38,0.71833,10.0,31.0,41.0,22.33333,8.0,10.33333,105.0,-0.01255,0.28518,0.51302,0.57414,0.66667,0
35.66667,0.44267,0.381,0.797,8.66667,33.0,41.66667,20.0,7.0,13.66667,105.66667,0.07516,0.27011,0.52147,0.61027,36.66667,0.497,0.45767,0.79367,7.66667,29.66667,37.33333,24.0,8.66667,15.33333,101.0,0.16227,0.26404,0.58705,0.64938,0.33333,0
36.33333,0.474,0.391,0.75267,9.33333,29.66667,39.0,20.33333,5.66667,14.0,98.66667,-0.15721,0.28773,0.54167,0.60964,38.0,0.42833,0.31967,0.69733,11.66667,29.0,40.66667,22.0,10.33333,13.33333,99.33333,-0.19334,0.33333,0.477,0.53146,1.0,1
42.66667,0.45567,0.34767,0.80567,12.33333,31.66667,44.0,24.0,7.66667,13.33333,125.66667,0.0264,0.34384,0.52934,0.62161,40.33333,0.48933,0.42,0.90833,10.33333,36.33333,46.66667,24.66667,4.33333,16.33333,113.33333,-0.00689,0.42222,0.56194,0.64838,0.66667,0
38.66667,0.46467,0.40633,0.83633,10.66667,34.33333,45.0,22.0,5.33333,14.0,114.0,0.06039,0.34317,0.54329,0.6378,41.0,0.49567,0.32733,0.743,7.0,35.0,42.0,23.0,6.33333,12.0,108.33333,0.13451,0.22713,0.54671,0.6213,0.0,1
37.33333,0.462,0.39667,0.85333,9.33333,36.0,45.33333,21.66667,7.33333,14.33333,103.33333,0.11772,0.28693,0.53299,0.60575,37.0,0.47833,0.42433,0.84667,8.0,36.33333,44.33333,22.0,7.0,16.33333,103.0,0.09978,0.25611,0.54618,0.62712,0.33333,0
39.66667,0.47967,0.37767,0.72267,8.33333,34.33333,42.66667,21.0,5.0,13.33333,112.33333,0.02706,0.27528,0.53958,0.62679,40.33333,0.45367,0.29633,0.803,8.66667,30.33333,39.0,19.33333,8.0,13.33333,105.33333,-0.17209,0.2455,0.50769,0.56569,1.0,1
38.66667,0.46667,0.38033,0.70567,10.0,28.33333,38.33333,24.0,7.0,15.33333,104.66667,-0.14764,0.304,0.53616,0.59764,41.33333,0.46,0.403,0.75233,10.33333,32.0,42.33333,24.33333,8.0,9.66667,111.66667,0.00433,0.28913,0.53227,0.5923,0.66667,0
35.33333,0.428,0.22533,0.68467,9.0,28.33333,37.33333,17.66667,9.66667,11.66667,87.0,-0.16429,0.25983,0.46044,0.50542,38.33333,0.47333,0.433,0.90633,11.66667,33.0,44.66667,24.0,4.66667,18.0,103.66667,-0.09877,0.47875,0.54537,0.6139,0.66667,0
41.33333,0.483,0.30267,0.781,8.33333,36.33333,44.66667,25.0,7.33333,12.0,110.33333,0.08653,0.26446,0.53478,0.60465,40.66667,0.476,0.39867,0.79933,10.33333,36.66667,47.0,25.66667,9.0,14.0,115.0,-0.00201,0.30281,0.5468,0.62982,0.33333,1
38.33333,0.483,0.37433,0.81933,6.33333,34.33333,40.66667,24.0,8.33333,14.66667,105.66667,-0.00859,0.19915,0.55239,0.62853,42.0,0.52133,0.28767,0.851,9.0,33.66667,42.66667,24.33333,6.33333,12.66667,117.0,0.18273,0.36728,0.57256,0.6756,0.0,1
41.33333,0.46933,0.288,0.73567,12.33333,32.66667,45.0,22.66667,9.66667,16.0,106.0,-0.06866,0.39162,0.51101,0.57099,35.0,0.43533,0.33967,0.79033,10.0,24.66667,34.66667,21.33333,9.66667,15.33333,101.0,-0.18003,0.33021,0.50539,0.5896,1.0,0
39.0,0.43133,0.35467,0.79,10.0,32.33333,42.33333,21.0,10.33333,14.0,105.66667,0.05717,0.27915,0.47972,0.55321,41.0,0.51533,0.34433,0.792,10.66667,35.0,45.66667,16.66667,8.0,16.33333,106.33333,0.12608,0.43197,0.56409,0.63083,0.0,0
40.0,0.49867,0.46333,0.84233,6.66667,35.33333,42.0,24.33333,7.33333,14.0,107.66667,0.17762,0.21319,0.58602,0.64324,38.33333,0.437,0.30733,0.76867,13.33333,29.0,42.33333,18.0,9.66667,16.0,107.0,0.02454,0.43457,0.48854,0.5721,0.33333,0
38.0,0.44167,0.266,0.70667,9.33333,28.66667,38.0,22.33333,8.0,10.33333,98.0,-0.15798,0.26884,0.48184,0.53844,44.33333,0.53133,0.45633,0.73167,9.0,31.33333,40.33333,24.33333,7.66667,9.66667,118.66667,0.20771,0.30434,0.6159,0.67355,0.0,0
39.0,0.44167,0.33533,0.76933,8.0,30.66667,38.66667,20.0,8.66667,13.33333,104.33333,-0.17541,0.21542,0.50024,0.56054,39.0,0.419,0.298,0.854,13.0,34.33333,47.33333,21.0,4.66667,12.0,105.33333,-0.15151,0.38693,0.46047,0.53726,0.66667,1
39.0,0.46433,0.33733,0.81433,8.66667,40.0,48.66667,25.66667,5.33333,12.66667,111.66667,0.19571,0.27394,0.53961,0.62309,35.66667,0.439,0.415,0.67267,9.0,41.66667,50.66667,22.0,5.33333,14.0,96.33333,-0.05302,0.25999,0.50098,0.55899,0.33333,1
41.66667,0.48667,0.37067,0.808,6.33333,34.33333,40.66667,25.66667,7.0,11.33333,112.66667,0.08912,0.18782,0.55299,0.62265,38.0,0.445,0.28333,0.76167,7.66667,27.33333,35.0,17.33333,8.33333,14.0,104.0,-0.23276,0.22007,0.49687,0.57368,1.0,0
42.0,0.479,0.45033,0.68967,14.66667,30.0,44.66667,22.33333,10.66667,17.0,109.0,0.0822,0.55532,0.55144,0.5942,40.0,0.48667,0.314,0.828,11.33333,31.66667,43.0,18.0,9.0,15.0,111.66667,0.08309,0.41515,0.52621,0.62786,0.33333,0
39.0,0.45467,0.35133,0.73433,8.66667,36.66667,45.33333,24.33333,8.0,12.66667,107.66667,-0.04367,0.22599,0.52133,0.59086,38.0,0.454,0.30933,0.77933,10.33333,28.33333,38.66667,24.66667,7.66667,14.33333,98.33333,-0.16047,0.31025,0.50373,0.56106,1.0,1
35.0,0.443,0.43867,0.839,10.0,31.66667,41.66667,15.0,9.33333,14.0,102.0,-0.00431,0.35382,0.50422,0.59976,42.33333,0.48,0.32,0.819,9.0,29.33333,38.33333,27.0,6.66667,13.33333,108.66667,-0.03669,0.27139,0.53039,0.58888,0.66667,1
39.66667,0.461,0.356,0.79867,7.66667,35.33333,43.0,23.33333,8.0,11.0,108.0,-0.00113,0.19807,0.51265,0.59087,35.66667,0.41067,0.30833,0.711,11.0,36.0,47.0,22.0,6.33333,13.0,100.33333,-0.08451,0.30002,0.46439,0.54227,0.66667,0
38.0,0.45667,0.35533,0.80533,11.0,27.66667,38.66667,21.33333,7.66667,14.66667,98.66667,-0.12686,0.35001,0.5054,0.56493,36.33333,0.40633,0.27067,0.781,13.0,32.0,45.0,17.33333,5.33333,10.33333,94.33333,-0.15876,0.38099,0.4396,0.50199,0.66667,0
39.66667,0.465,0.33967,0.80567,11.33333,33.66667,45.0,23.33333,5.66667,15.66667,103.66667,-0.1087,0.37583,0.51636,0.5811,34.33333,0.411,0.26567,0.84133,9.0,29.0,38.0,21.66667,6.33333,13.0,87.66667,-0.23283,0.2651,0.46163,0.50694,1.0,1
43.66667,0.49267,0.30667,0.72033,14.66667,34.66667,49.33333,24.0,9.33333,16.0,110.33333,0.07452,0.496,0.53783,0.59068,42.33333,0.43467,0.30533,0.76033,10.0,38.0,48.0,22.66667,7.66667,10.0,106.0,-0.06222,0.25486,0.47619,0.52217,0.66667,1
39.0,0.48167,0.331,0.81833,7.33333,36.0,43.33333,25.66667,9.0,12.33333,104.0,0.11545,0.23035,0.54791,0.61153,37.33333,0.416,0.28767,0.765,10.66667,34.33333,45.0,22.33333,6.66667,11.0,104.66667,0.01754,0.28206,0.47518,0.55114,0.66667,0
40.33333,0.43533,0.398,0.69767,13.0,39.66667,52.66667,26.66667,8.33333,14.0,105.33333,0.0437,0.36786,0.49475,0.54269,43.66667,0.50167,0.39233,0.67867,10.66667,30.0,40.66667,30.33333,8.0,14.0,108.0,-0.09132,0.34268,0.57579,0.6037,1.0,0
40.66667,0.51167,0.35833,0.831,5.66667,30.33333,36.0,28.0,7.0,12.66667,108.66667,-0.02911,0.19731,0.57072,0.64404,37.0,0.44233,0.30767,0.73333,10.33333,28.0,38.33333,24.33333,9.66667,11.0,103.66667,-0.08285,0.30638,0.50598,0.58182,0.66667,1
40.33333,0.476,0.31567,0.75033,10.33333,29.66667,40.0,22.66667,9.0,15.33333,109.66667,-0.11961,0.33756,0.52319,0.60429,34.33333,0.42467,0.314,0.77133,7.66667,37.66667,45.33333,18.66667,5.66667,13.33333,93.0,-0.0814,0.21053,0.47429,0.5449,0.66667,0
43.0,0.51433,0.459,0.754,8.66667,38.0,46.66667,26.0,11.33333,16.33333,116.66667,0.18109,0.27163,0.58997,0.65574,40.66667,0.45333,0.356,0.70467,9.66667,33.33333,43.0,28.66667,8.33333,14.0,103.0,-0.10806,0.25888,0.51509,0.55355,0.66667,1
40.66667,0.44567,0.42867,0.64267,9.66667,35.0,44.66667,24.0,7.66667,11.66667,111.33333,-0.03928,0.23555,0.52053,0.57479,45.33333,0.483,0.41933,0.70167,11.33333,35.0,46.33333,27.33333,7.33333,10.66667,130.66667,0.04347,0.36204,0.56088,0.64253,0.33333,1
40.0,0.47533,0.39133,0.79033,8.0,34.66667,42.66667,20.0,9.0,13.0,109.0,0.02859,0.25044,0.54687,0.61414,45.0,0.462,0.379,0.863,10.0,37.33333,47.33333,23.33333,8.66667,9.66667,118.33333,0.00089,0.27276,0.52355,0.58256,0.33333,1
42.66667,0.531,0.448,0.902,7.66667,32.33333,40.0,30.0,6.33333,13.66667,116.0,0.2641,0.32256,0.61053,0.68368,38.33333,0.43133,0.31267,0.75833,13.0,32.0,45.0,19.66667,9.66667,12.66667,105.0,0.01151,0.38068,0.49252,0.55836,0.66667,1
42.0,0.46533,0.394,0.66433,6.66667,34.33333,41.0,24.0,7.33333,11.33333,116.66667,-0.06048,0.16184,0.55025,0.60744,41.66667,0.46833,0.36067,0.713,12.0,31.66667,43.66667,21.33333,8.0,14.66667,110.0,-0.03361,0.37222,0.53122,0.58676,0.66667,1
43.66667,0.48333,0.32933,0.84533,10.66667,31.33333,42.0,26.33333,10.0,14.33333,125.0,0.1333,0.31907,0.53983,0.63927,39.33333,0.49267,0.418,0.811,9.0,38.33333,47.33333,24.66667,5.0,15.66667,108.66667,-0.03672,0.2972,0.55771,0.63705,0.33333,1
40.0,0.47567,0.36167,0.714,6.66667,33.0,39.66667,22.0,6.33333,12.66667,109.66667,-0.02673,0.20623,0.53236,0.6068,37.0,0.455,0.26667,0.769,8.66667,29.0,37.66667,20.33333,7.33333,10.66667,97.0,-0.07659,0.26303,0.50053,0.56563,0.33333,0
40.33333,0.48233,0.33667,0.75433,9.66667,26.66667,36.33333,22.66667,8.33333,13.66667,104.0,-0.08284,0.29846,0.53273,0.58986,42.0,0.49967,0.445,0.666,9.33333,32.0,41.33333,25.33333,5.0,12.66667,109.66667,0.00845,0.2871,0.57751,0.61995,0.33333,1
39.33333,0.44933,0.30433,0.746,11.0,29.66667,40.66667,21.0,6.33333,14.33333,102.33333,-0.09268,0.3374,0.50183,0.55768,35.66667,0.433,0.39667,0.76967,9.66667,33.33333,43.0,17.33333,7.33333,12.0,97.66667,0.00014,0.28653,0.50173,0.56364,0.66667,1
41.33333,0.484,0.46333,0.88333,9.66667,38.33333,48.0,26.66667,7.0,14.0,109.0,0.27939,0.32629,0.56602,0.61695,42.66667,0.482,0.44233,0.83067,8.0,37.66667,45.66667,25.66667,6.33333,12.0,115.33333,-0.01966,0.22,0.57021,0.62511,0.33333,0
40.33333,0.459,0.309,0.79933,10.0,32.0,42.0,24.33333,8.66667,11.0,108.0,0.07615,0.29394,0.50976,0.57826,34.0,0.421,0.263,0.80967,8.33333,30.33333,38.66667,19.66667,4.66667,15.33333,95.0,-0.2812,0.23171,0.4723,0.55459,1.0,0
40.0,0.476,0.352,0.80567,7.0,38.0,45.0,25.33333,9.66667,12.33333,105.0,0.15118,0.19975,0.5434,0.59914,40.66667,0.46167,0.444,0.78567,9.66667,34.33333,44.0,23.0,5.66667,12.66667,107.33333,0.04084,0.2848,0.52992,0.58323,0.33333,1
32.66667,0.38467,0.35633,0.8,14.0,38.0,52.0,13.0,5.66667,14.66667,92.66667,-0.02164,0.4372,0.42567,0.5109,34.66667,0.415,0.327,0.78767,12.33333,28.33333,40.66667,17.66667,9.0,16.0,99.33333,-0.18741,0.40719,0.4687,0.55506,0.66667,1
43.0,0.49367,0.39633,0.698,15.0,31.0,46.0,23.33333,9.0,17.0,111.66667,0.07672,0.59569,0.55593,0.608,41.66667,0.49867,0.37767,0.76,10.0,36.33333,46.33333,21.33333,6.33333,16.66667,101.66667,0.08096,0.38496,0.55566,0.58903,0.33333,0
39.66667,0.458,0.328,0.74833,11.33333,33.0,44.33333,21.0,7.33333,12.0,104.66667,-0.01452,0.34465,0.5005,0.57179,42.33333,0.52433,0.43933,0.74733,6.33333,33.66667,40.0,22.33333,6.66667,14.66667,114.33333,0.12457,0.21238,0.61164,0.67122,0.33333,1
36.66667,0.456,0.44667,0.76067,6.66667,36.0,42.66667,20.33333,6.33333,11.0,97.33333,0.09266,0.18714,0.52308,0.58022,34.66667,0.41167,0.381,0.72333,12.33333,29.33333,41.66667,18.66667,9.0,13.0,98.0,-0.08106,0.411,0.48041,0.54837,0.66667,1
38.33333,0.46967,0.35633,0.75567,5.66667,33.0,38.66667,25.66667,9.33333,15.66667,99.66667,-0.14819,0.18911,0.54132,0.58841,40.0,0.45467,0.26267,0.83,10.66667,32.33333,43.0,21.33333,3.0,9.33333,105.33333,-0.12897,0.32222,0.4914,0.56665,0.33333,0
41.33333,0.47467,0.346,0.67367,9.66667,33.66667,43.33333,20.0,9.33333,14.0,101.33333,0.03825,0.29097,0.5301,0.56335,37.0,0.43867,0.34567,0.73067,12.33333,30.66667,43.0,24.0,7.66667,15.66667,99.33333,-0.11614,0.35137,0.49561,0.55682,0.66667,0
35.0,0.43067,0.40267,0.775,13.0,33.33333,46.33333,14.0,9.0,13.33333,101.33333,-0.01477,0.40595,0.47568,0.57485,35.0,0.39367,0.17833,0.76433,11.0,28.66667,39.66667,16.0,7.0,9.0,92.0,-0.18738,0.26907,0.41485,0.48805,1.0,1
41.66667,0.46967,0.393,0.75167,10.33333,33.33333,43.66667,24.33333,6.0,15.66667,104.0,-0.19349,0.33833,0.52839,0.56719,33.33333,0.412,0.291,0.799,7.0,33.66667,40.66667,13.66667,5.66667,13.0,90.0,-0.09797,0.19266,0.45132,0.52819,0.66667,0
42.0,0.47,0.38067,0.75533,8.0,36.66667,44.66667,26.33333,5.66667,10.66667,112.33333,0.09359,0.22115,0.54066,0.59835,37.0,0.431,0.32933,0.83367,9.66667,36.0,45.66667,23.66667,7.33333,12.0,103.66667,-0.09423,0.26465,0.48686,0.56967,0.66667,1
40.0,0.44567,0.32867,0.85367,10.66667,30.0,40.66667,20.66667,7.33333,13.33333,108.0,-0.14261,0.33698,0.48672,0.56631,42.0,0.49233,0.431,0.69233,9.66667,29.0,38.66667,27.66667,7.33333,13.0,107.33333,-0.12326,0.30605,0.57472,0.60804,1.0,1
41.0,0.486,0.32367,0.80467,7.33333,31.0,38.33333,24.33333,6.66667,11.33333,109.0,-0.06368,0.24131,0.5416,0.61046,42.66667,0.49833,0.41133,0.88567,7.66667,32.66667,40.33333,26.66667,4.66667,12.66667,112.33333,0.10498,0.23676,0.57521,0.63135,0.33333,1
42.0,0.52233,0.437,0.75967,7.66667,30.33333,38.0,26.66667,4.66667,15.0,116.66667,-0.00081,0.24622,0.59645,0.67654,39.0,0.45867,0.393,0.738,9.33333,34.66667,44.0,25.66667,8.33333,15.0,104.0,-0.0706,0.2744,0.53112,0.58459,0.66667,0
41.33333,0.44433,0.37133,0.76833,13.33333,36.0,49.33333,25.0,7.66667,12.0,115.33333,0.14978,0.40521,0.50871,0.58305,37.33333,0.43433,0.329,0.833,10.33333,35.33333,45.66667,22.66667,7.33333,14.0,99.33333,-0.06363,0.30452,0.49193,0.54923,0.66667,1
37.66667,0.45233,0.36767,0.818,5.66667,34.33333,40.0,21.0,7.0,11.33333,104.33333,-0.0877,0.15198,0.51304,0.58988,39.66667,0.479,0.34533,0.735,12.0,30.0,42.0,21.66667,9.66667,16.0,108.66667,-0.01394,0.40285,0.53542,0.61216,0.66667,1
40.66667,0.50167,0.41133,0.881,9.0,30.66667,39.66667,28.0,5.33333,14.33333,112.66667,0.03963,0.30108,0.57438,0.65422,38.0,0.45433,0.39367,0.87367,10.33333,34.0,44.33333,20.33333,7.66667,14.0,104.0,0.10291,0.31802,0.53019,0.59435,0.33333,1
40.66667,0.465,0.334,0.799,11.66667,30.0,41.66667,23.0,5.33333,12.66667,113.0,-0.09005,0.37258,0.53083,0.61134,45.66667,0.49233,0.47833,0.70267,13.0,28.33333,41.33333,28.66667,8.66667,9.33333,117.66667,-0.03677,0.39491,0.5441,0.60044,0.66667,1
43.33333,0.534,0.39833,0.77233,7.66667,39.0,46.66667,28.66667,10.33333,18.0,115.33333,0.18126,0.30492,0.60729,0.67065,42.66667,0.47767,0.36067,0.72033,11.66667,34.33333,46.0,24.0,9.0,14.33333,117.66667,0.07233,0.36667,0.54383,0.61613,0.33333,0
41.0,0.44467,0.31733,0.83567,8.66667,32.33333,41.0,25.0,8.66667,12.0,121.0,0.07479,0.23932,0.5077,0.60723,35.33333,0.443,0.35533,0.73033,8.66667,32.66667,41.33333,18.33333,5.33333,11.66667,105.33333,-0.01713,0.2497,0.51377,0.60626,0.66667,0
41.33333,0.47233,0.37367,0.71567,12.33333,40.33333,52.66667,25.66667,4.33333,13.66667,111.66667,0.19514,0.40761,0.54738,0.60434,37.33333,0.47467,0.412,0.77967,8.66667,29.0,37.66667,20.66667,7.33333,14.33333,102.66667,0.02159,0.28946,0.55681,0.61839,0.66667,1
42.66667,0.50533,0.415,0.72767,6.0,40.66667,46.66667,28.0,6.66667,11.66667,110.66667,0.26902,0.18114,0.57654,0.62653,39.66667,0.48633,0.39433,0.85433,7.0,35.66667,42.66667,20.0,7.66667,15.33333,106.0,0.06751,0.227,0.53704,0.61438,0.66667,0
42.0,0.50867,0.37433,0.74733,6.0,32.0,38.0,26.66667,7.66667,14.0,114.33333,0.04437,0.19066,0.56611,0.64347,39.0,0.472,0.35767,0.861,7.0,32.33333,39.33333,16.66667,7.0,13.0,103.0,-0.05434,0.23293,0.52,0.5922,1.0,0
43.0,0.47233,0.33467,0.763,13.33333,37.0,50.33333,24.66667,6.33333,12.66667,112.33333,0.05986,0.40076,0.52339,0.58397,40.0,0.468,0.29267,0.72433,9.66667,27.0,36.66667,23.33333,9.0,12.0,104.0,-0.08081,0.29934,0.51121,0.5761,0.66667,1
36.66667,0.43333,0.244,0.802,9.66667,28.33333,38.0,19.0,7.66667,13.66667,96.33333,-0.18276,0.28702,0.47449,0.5405,40.66667,0.48567,0.37,0.843,9.0,32.66667,41.66667,23.33333,7.0,16.66667,109.33333,-0.09852,0.30411,0.55037,0.61676,1.0,0
41.66667,0.46933,0.38033,0.74933,12.0,30.33333,42.33333,24.33333,8.0,12.33333,118.0,0.0588,0.3634,0.54141,0.62031,42.66667,0.477,0.37433,0.833,8.66667,35.66667,44.33333,24.33333,5.33333,11.0,114.0,0.02723,0.25491,0.54446,0.60845,0.33333,0
40.66667,0.43333,0.302,0.80267,13.33333,29.0,42.33333,26.33333,9.66667,11.0,107.0,0.04128,0.42005,0.48318,0.54533,42.66667,0.44,0.34933,0.661,10.33333,39.33333,49.66667,18.33333,8.33333,10.66667,105.0,0.18574,0.26474,0.48273,0.52094,0.0,1
38.66667,0.44033,0.288,0.74433,12.33333,30.0,42.33333,23.0,4.33333,13.0,100.66667,-0.26647,0.35367,0.48928,0.54765,38.0,0.458,0.29667,0.82067,12.66667,28.0,40.66667,18.0,10.66667,15.66667,107.66667,0.03926,0.41207,0.50473,0.60137,0.66667,0
36.0,0.43533,0.34467,0.793,11.33333,34.33333,45.66667,22.0,4.0,15.0,93.0,-0.03978,0.35978,0.49811,0.54467,44.66667,0.49433,0.46067,0.78433,11.33333,34.0,45.33333,24.66667,7.66667,13.33333,121.33333,0.12132,0.35371,0.57184,0.63511,0.0,0
36.0,0.42433,0.273,0.71467,12.0,34.66667,46.66667,17.0,8.0,12.66667,104.66667,-0.03902,0.34804,0.46269,0.56564,38.66667,0.445,0.239,0.81333,12.66667,32.33333,45.0,15.0,7.0,11.0,102.33333,0.01936,0.41198,0.47212,0.5545,0.66667,1
41.0,0.46133,0.39,0.79567,8.33333,33.66667,42.0,25.66667,5.66667,13.33333,112.66667,-0.11709,0.21046,0.52006,0.59451,37.33333,0.43867,0.33633,0.746,9.66667,31.33333,41.0,19.66667,8.0,15.0,99.33333,-0.16018,0.28046,0.49331,0.554,0.66667,0
43.0,0.51867,0.375,0.80067,8.33333,36.66667,45.0,26.66667,5.0,12.66667,114.33333,0.10683,0.29634,0.57879,0.65014,39.0,0.43833,0.34733,0.729,10.66667,33.0,43.66667,25.0,7.66667,13.0,98.33333,-0.194,0.29855,0.48708,0.53154,1.0,0
42.66667,0.46667,0.42667,0.75,12.0,35.66667,47.66667,28.33333,9.33333,11.66667,117.0,0.12824,0.36025,0.53668,0.60342,40.66667,0.47067,0.34667,0.679,9.0,28.66667,37.66667,25.33333,7.66667,9.0,106.66667,-0.04829,0.25578,0.53763,0.58872,0.33333,1
35.66667,0.432,0.323,0.786,10.33333,36.33333,46.66667,22.0,8.33333,12.66667,98.66667,0.05958,0.30645,0.4767,0.55879,38.0,0.446,0.36267,0.76233,10.66667,31.0,41.66667,20.33333,6.33333,14.33333,100.33333,-0.03137,0.36145,0.50655,0.56366,0.66667,0
41.33333,0.47133,0.30833,0.80467,10.0,28.33333,38.33333,26.33333,7.0,12.33333,109.0,-0.13022,0.30723,0.51788,0.59039,43.33333,0.50767,0.42467,0.70233,7.0,30.66667,37.66667,22.66667,6.66667,12.66667,112.0,0.07447,0.21779,0.58445,0.62951,0.33333,1
37.0,0.43367,0.35433,0.72233,9.66667,38.33333,48.0,22.66667,8.66667,14.66667,96.66667,0.05613,0.28884,0.50198,0.54499,39.33333,0.46067,0.321,0.719,7.66667,28.0,35.66667,22.66667,7.0,9.66667,105.66667,-0.16006,0.1991,0.5096,0.58156,0.66667,0
42.66667,0.494,0.36733,0.75567,12.0,35.33333,47.33333,25.33333,9.0,15.66667,108.33333,0.16642,0.41712,0.5569,0.6035,46.66667,0.50467,0.37067,0.784,12.66667,37.0,49.66667,28.33333,9.66667,12.0,120.66667,0.28719,0.44566,0.56766,0.62469,0.0,0
41.0,0.43,0.332,0.822,12.0,37.0,49.0,25.33333,8.66667,16.33333,112.0,-0.01862,0.34381,0.49168,0.55912,37.66667,0.43633,0.342,0.75767,12.0,30.0,42.0,24.0,9.66667,14.33333,99.33333,-0.06689,0.33866,0.49015,0.54708,0.66667,0
35.33333,0.43133,0.31067,0.72767,9.33333,37.0,46.33333,18.0,7.33333,15.33333,100.0,-0.12598,0.25428,0.48915,0.5685,41.0,0.48933,0.355,0.80267,11.0,30.33333,41.33333,25.0,11.0,14.0,112.0,0.02164,0.36111,0.54864,0.62814,0.33333,0
43.33333,0.50767,0.38867,0.75433,9.66667,31.33333,41.0,26.66667,6.0,12.0,116.33333,-0.04195,0.31038,0.56355,0.63636,36.0,0.39767,0.18767,0.69767,12.66667,30.0,42.66667,12.66667,7.33333,8.0,93.0,-0.0087,0.31244,0.41838,0.48581,0.66667,1
39.33333,0.44633,0.35833,0.696,8.66667,36.33333,45.0,25.33333,7.0,14.66667,98.66667,-0.09314,0.23284,0.50728,0.54179,38.0,0.46567,0.261,0.707,10.66667,32.0,42.66667,20.66667,7.0,13.66667,102.66667,-0.08512,0.32097,0.5147,0.58591,1.0,0
43.66667,0.48833,0.40167,0.72067,7.66667,33.0,40.66667,27.66667,6.33333,13.33333,114.66667,-0.03351,0.22141,0.5624,0.61239,41.0,0.473,0.31033,0.75567,11.66667,31.66667,43.33333,23.33333,6.66667,8.66667,108.0,0.08735,0.36258,0.52477,0.58743,0.33333,0
39.0,0.47167,0.35467,0.841,8.0,35.66667,43.66667,26.33333,7.66667,15.0,102.0,0.02523,0.28138,0.53672,0.5926,43.66667,0.459,0.39633,0.87967,10.0,40.0,50.0,25.33333,7.33333,11.66667,121.33333,0.09084,0.26949,0.54681,0.61127,0.0,0
42.66667,0.46967,0.34467,0.75533,9.33333,37.66667,47.0,26.66667,8.66667,15.0,111.0,0.07016,0.27251,0.53556,0.58598,36.33333,0.444,0.3,0.81933,9.0,32.0,41.0,21.33333,6.66667,16.0,106.33333,-0.17514,0.26162,0.50183,0.60127,1.0,0
47.33333,0.545,0.269,0.72933,10.0,32.0,42.0,24.33333,6.33333,9.66667,116.33333,0.12312,0.35978,0.57831,0.63588,43.33333,0.50067,0.38933,0.74467,10.33333,31.66667,42.0,30.66667,7.0,14.33333,113.33333,-0.03923,0.33473,0.57179,0.62452,0.66667,0
42.66667,0.49633,0.31867,0.70467,6.33333,33.33333,39.66667,20.66667,6.0,10.0,114.66667,-0.06066,0.20308,0.55064,0.62172,36.0,0.44733,0.36667,0.762,7.33333,37.0,44.33333,22.66667,7.0,15.66667,93.0,-0.03255,0.23392,0.51129,0.55846,0.66667,0
40.66667,0.484,0.41733,0.716,7.33333,40.33333,47.66667,24.33333,7.66667,16.66667,110.66667,0.01606,0.22614,0.55397,0.61943,40.66667,0.478,0.41733,0.82167,9.66667,32.0,41.66667,26.0,8.0,13.66667,113.66667,0.05596,0.31429,0.55818,0.62886,0.33333,1
41.33333,0.45967,0.35167,0.72133,7.66667,33.33333,41.0,22.66667,7.66667,13.33333,113.66667,-0.12032,0.19444,0.53193,0.59617,42.66667,0.493,0.25967,0.869,9.33333,26.33333,35.66667,25.0,7.33333,11.0,111.0,-0.04584,0.34323,0.53334,0.60689,0.66667,1
40.33333,0.45,0.295,0.774,9.33333,30.33333,39.66667,24.33333,11.33333,10.33333,105.0,-0.03256,0.25554,0.49413,0.55546,42.33333,0.46133,0.425,0.712,12.0,30.66667,42.66667,25.66667,9.33333,10.0,113.33333,-0.10269,0.33606,0.51008,0.57946,0.66667,0
38.33333,0.47833,0.44433,0.784,4.0,32.66667,36.66667,24.66667,6.33333,13.66667,103.33333,-0.08578,0.11474,0.55718,0.61376,40.0,0.439,0.31867,0.70867,14.33333,34.66667,49.0,25.66667,11.33333,15.33333,111.0,-0.02395,0.42329,0.49105,0.56642,0.66667,0
41.66667,0.46367,0.41067,0.77133,11.33333,34.0,45.33333,25.33333,7.33333,12.0,117.66667,0.00586,0.32831,0.53327,0.61254,48.0,0.51,0.42067,0.74233,10.0,35.66667,45.66667,30.0,6.66667,11.33333,131.33333,0.05965,0.32931,0.58342,0.65338,0.33333,0
38.33333,0.481,0.34833,0.80267,9.66667,29.33333,39.0,21.33333,7.0,13.66667,104.33333,-0.08268,0.31388,0.53712,0.61449,35.66667,0.42367,0.392,0.842,11.0,30.33333,41.33333,20.33333,5.66667,14.33333,103.33333,-0.13564,0.32908,0.49233,0.57616,1.0,0
37.66667,0.47133,0.373,0.75567,10.66667,36.66667,47.33333,25.33333,8.0,16.0,106.66667,0.1643,0.33535,0.55454,0.62556,42.66667,0.44933,0.348,0.74967,14.66667,37.33333,52.0,24.66667,8.66667,14.33333,118.33333,0.10317,0.44747,0.51592,0.58744,0.33333,0
38.66667,0.46133,0.35367,0.84633,5.66667,37.0,42.66667,23.33333,9.0,14.33333,112.66667,0.09143,0.17361,0.51637,0.62105,40.66667,0.48033,0.36967,0.68367,7.33333,31.0,38.33333,22.33333,9.33333,11.66667,107.0,0.02327,0.22598,0.54275,0.5987,0.33333,0
34.33333,0.455,0.36133,0.724,9.33333,31.66667,41.0,19.33333,6.33333,16.33333,98.66667,0.00518,0.29574,0.51032,0.60509,42.33333,0.441,0.28167,0.83567,11.66667,31.33333,43.0,23.33333,8.0,9.66667,109.0,-0.02869,0.33044,0.48386,0.54408,0.66667,0
39.33333,0.455,0.344,0.86233,10.66667,29.66667,40.33333,22.33333,8.66667,12.0,102.66667,-0.03683,0.33671,0.5051,0.56791,37.0,0.45833,0.40633,0.743,10.33333,31.66667,42.0,18.66667,5.66667,13.0,105.33333,0.04123,0.33304,0.53444,0.60965,0.33333,0
36.33333,0.43567,0.39433,0.765,7.0,32.33333,39.33333,21.33333,4.66667,9.0,96.33333,-0.03606,0.19815,0.50044,0.55373,35.0,0.437,0.261,0.806,9.0,28.33333,37.33333,17.66667,8.66667,13.33333,96.33333,-0.15771,0.27345,0.48142,0.56488,0.66667,1
38.66667,0.49733,0.35933,0.74133,5.0,36.0,41.0,26.0,7.66667,14.33333,103.0,0.12816,0.1613,0.55327,0.62235,42.0,0.468,0.342,0.80833,12.0,30.0,42.0,27.66667,9.33333,14.0,113.0,-0.03486,0.35569,0.53317,0.59858,0.66667,1
40.0,0.46933,0.34633,0.809,10.33333,37.33333,47.66667,22.0,8.0,10.66667,106.33333,0.17137,0.31976,0.52573,0.59215,41.0,0.50833,0.27467,0.798,8.66667,26.66667,35.33333,23.0,8.33333,13.66667,108.66667,-0.04337,0.33812,0.55483,0.63274,0.66667,0
37.0,0.483,0.4,0.875,8.0,31.0,39.0,21.66667,5.33333,17.0,96.66667,-0.04912,0.27954,0.54606,0.6046,33.33333,0.378,0.294,0.872,9.0,36.33333,45.33333,19.0,6.66667,13.0,97.0,-0.08943,0.2257,0.44139,0.52235,1.0,0
38.66667,0.42133,0.32133,0.75467,12.0,30.66667,42.66667,23.66667,8.0,10.0,106.0,-0.04184,0.34403,0.47083,0.5467,35.0,0.41033,0.34233,0.76,11.0,33.0,44.0,22.0,7.66667,12.66667,106.0,-0.04096,0.29286,0.47457,0.57185,0.66667,0
40.66667,0.43533,0.35633,0.73633,14.33333,30.0,44.33333,25.66667,5.33333,11.33333,109.0,-0.1332,0.40465,0.50253,0.55767,34.66667,0.43667,0.28567,0.78967,8.0,29.33333,37.33333,21.33333,5.66667,17.33333,97.66667,-0.28351,0.2219,0.49313,0.57683,1.0,0
37.66667,0.43467,0.33133,0.68867,14.33333,37.66667,52.0,22.0,8.66667,15.33333,104.33333,0.14827,0.44955,0.50194,0.56524,44.0,0.47033,0.44,0.80667,11.33333,33.0,44.33333,23.0,9.0,13.0,116.33333,0.06852,0.32461,0.53682,0.59273,0.33333,1
35.66667,0.42967,0.30733,0.75533,10.0,33.33333,43.33333,17.0,8.66667,14.66667,108.66667,-0.05956,0.30258,0.47993,0.59458,34.66667,0.38867,0.271,0.83667,10.33333,38.33333,48.66667,19.66667,7.66667,13.66667,96.0,-0.09689,0.25238,0.43091,0.51143,0.66667,1
37.0,0.47967,0.32767,0.76867,7.33333,35.33333,42.66667,24.0,9.0,17.33333,100.33333,0.11626,0.24964,0.53156,0.61008,37.0,0.42267,0.32333,0.745,9.66667,31.66667,41.33333,21.33333,9.33333,15.0,101.0,-0.15902,0.26073,0.47768,0.54418,0.66667,0
43.0,0.51867,0.38633,0.76367,7.66667,35.33333,43.0,26.33333,9.66667,14.66667,112.66667,0.11541,0.27607,0.5807,0.64381,37.33333,0.446,0.42867,0.76167,8.66667,30.66667,39.33333,22.66667,6.33333,14.33333,103.0,-0.1234,0.25417,0.51536,0.58254,1.0,0
36.66667,0.451,0.354,0.78533,12.0,34.66667,46.66667,22.33333,6.33333,14.0,105.33333,0.06715,0.38889,0.52888,0.60691,46.33333,0.48733,0.39467,0.78467,11.0,34.66667,45.66667,28.0,9.0,12.66667,118.0,0.1488,0.31484,0.55409,0.59908,0.33333,0
37.66667,0.47267,0.34767,0.72367,8.33333,34.33333,42.66667,21.0,7.33333,14.33333,102.0,0.04766,0.25329,0.53128,0.6015,40.66667,0.48733,0.408,0.68733,8.0,32.66667,40.66667,23.66667,7.33333,17.33333,108.66667,0.01926,0.24246,0.56178,0.61723,0.33333,1
45.66667,0.51133,0.40233,0.73733,9.0,32.33333,41.33333,27.0,9.0,10.33333,119.33333,0.08958,0.27899,0.57492,0.6322,38.33333,0.43233,0.32167,0.78467,11.0,34.0,45.0,25.33333,7.33333,15.0,97.66667,-0.17746,0.30756,0.47702,0.52882,1.0,0
38.66667,0.46733,0.43567,0.82233,11.0,34.66667,45.66667,22.0,9.0,18.33333,101.33333,-0.00964,0.36297,0.53337,0.58828,38.33333,0.447,0.32733,0.708,10.33333,32.33333,42.66667,22.66667,9.0,10.66667,100.33333,-0.03516,0.27064,0.49374,0.55397,0.66667,1
43.0,0.50567,0.396,0.68833,5.33333,36.0,41.33333,27.33333,7.66667,11.33333,109.33333,0.15157,0.14411,0.57213,0.61519,40.66667,0.474,0.305,0.80967,9.33333,33.0,42.33333,21.0,8.0,13.66667,107.66667,-0.06301,0.28042,0.51623,0.59184,0.66667,1
38.33333,0.44133,0.371,0.702,11.66667,36.33333,48.0,22.66667,5.0,14.33333,105.33333,0.01811,0.3547,0.50923,0.57191,35.33333,0.412,0.356,0.802,10.0,37.0,47.0,19.66667,6.66667,10.33333,101.33333,0.01052,0.25029,0.4817,0.55971,0.33333,0
48.33333,0.53033,0.459,0.701,9.33333,35.33333,44.66667,27.0,8.33333,14.33333,122.66667,0.15637,0.29845,0.60204,0.64456,37.33333,0.441,0.372,0.72933,10.0,31.0,41.0,26.66667,8.33333,11.66667,100.66667,0.00287,0.27919,0.50192,0.56238,0.66667,1
33.33333,0.387,0.297,0.81433,11.33333,36.66667,48.0,15.33333,7.0,15.33333,93.0,-0.11486,0.32474,0.43372,0.50994,37.33333,0.444,0.32,0.734,8.66667,32.0,40.66667,22.66667,6.0,15.33333,91.33333,-0.21654,0.25065,0.48985,0.52812,1.0,0
44.33333,0.52067,0.41333,0.77233,9.66667,36.0,45.66667,29.66667,6.0,13.33333,112.33333,0.22688,0.34365,0.59244,0.63418,38.66667,0.418,0.221,0.70533,9.0,33.33333,42.33333,13.66667,8.0,9.0,99.33333,0.01049,0.22226,0.44485,0.50897,0.33333,1
41.66667,0.49233,0.37033,0.71867,6.66667,35.66667,42.33333,26.66667,7.0,13.33333,102.33333,0.01672,0.20181,0.54934,0.58454,42.33333,0.49467,0.44,0.80067,8.66667,33.0,41.66667,29.66667,10.66667,14.0,112.33333,0.15204,0.29021,0.57042,0.62623,0.33333,1
39.66667,0.48333,0.37,0.66867,7.0,32.66667,39.66667,23.33333,7.66667,13.66667,102.0,0.03154,0.21085,0.54971,0.59324,39.33333,0.47567,0.38867,0.87,5.33333,33.66667,39.0,22.66667,5.0,10.66667,107.66667,0.04974,0.15487,0.55316,0.6199,0.33333,0
46.66667,0.51767,0.45533,0.73,9.66667,33.66667,43.33333,28.0,8.66667,11.66667,121.0,0.18552,0.31307,0.60081,0.64385,33.0,0.39633,0.35633,0.798,11.66667,32.66667,44.33333,18.66667,9.66667,11.0,99.33333,0.03411,0.3499,0.46204,0.55566,0.33333,1
40.66667,0.47533,0.27767,0.72933,9.33333,30.33333,39.66667,19.66667,5.33333,10.33333,102.0,-0.06568,0.28551,0.51502,0.56763,41.66667,0.46267,0.393,0.84533,10.33333,38.0,48.33333,26.33333,7.66667,13.0,115.0,0.066,0.30392,0.55043,0.61073,0.33333,0
37.0,0.443,0.369,0.742,10.66667,35.33333,46.0,20.66667,6.66667,11.66667,103.0,0.09321,0.31487,0.50761,0.57809,41.33333,0.47167,0.336,0.74867,11.66667,32.66667,44.33333,27.66667,8.33333,15.0,110.33333,-0.03117,0.36895,0.52872,0.59471,0.66667,1
42.0,0.48667,0.33533,0.631,10.0,35.0,45.0,19.0,6.66667,13.33333,109.66667,-0.01569,0.33466,0.54079,0.59522,37.66667,0.43533,0.379,0.74133,10.66667,33.0,43.66667,21.33333,4.66667,11.66667,102.33333,-0.10629,0.31011,0.50047,0.56126,1.0,0
46.0,0.53267,0.43233,0.78833,8.0,37.0,45.0,25.66667,10.0,14.66667,118.33333,0.19022,0.28682,0.6095,0.65692,36.0,0.459,0.344,0.868,6.33333,32.0,38.33333,19.66667,8.0,15.33333,96.66667,-0.00597,0.2052,0.51618,0.58591,0.66667,1
36.66667,0.47333,0.47133,0.855,8.66667,33.33333,42.0,20.0,8.33333,16.0,102.66667,0.06196,0.29218,0.54674,0.62448,40.33333,0.49167,0.45067,0.752,8.0,35.0,43.0,24.0,6.66667,14.33333,113.66667,0.09297,0.24577,0.57091,0.64617,0.0,1
40.33333,0.495,0.41767,0.787,3.66667,35.0,38.66667,27.66667,5.66667,16.0,105.0,-0.06875,0.11474,0.56838,0.61719,35.0,0.40367,0.302,0.68067,12.33333,36.66667,49.0,22.0,4.33333,13.0,93.66667,-0.16872,0.32745,0.45436,0.51297,0.66667,1
38.33333,0.454,0.32967,0.832,12.0,36.33333,48.33333,23.33333,4.33333,15.0,99.0,0.07091,0.41231,0.51761,0.56718,47.0,0.513,0.393,0.724,9.0,37.33333,46.33333,29.0,5.66667,12.66667,126.0,-0.01664,0.30357,0.57165,0.64261,0.66667,0
36.0,0.41667,0.27633,0.83833,12.33333,34.33333,46.66667,16.0,6.33333,12.0,97.0,-0.10099,0.3526,0.4705,0.53486,34.0,0.39633,0.378,0.742,9.0,32.66667,41.66667,19.33333,8.66667,17.0,93.33333,-0.20887,0.21665,0.45044,0.51458,1.0,0
42.0,0.488,0.27133,0.785,8.33333,29.0,37.33333,24.66667,8.33333,14.33333,109.0,-0.16739,0.25347,0.52605,0.59994,42.0,0.50867,0.51833,0.88333,7.33333,33.0,40.33333,24.0,7.0,15.33333,111.33333,0.12622,0.23279,0.58831,0.64621,0.0,0
40.66667,0.458,0.35133,0.824,10.33333,36.66667,47.0,22.0,7.66667,14.0,112.66667,0.12247,0.38194,0.51981,0.59875,41.0,0.474,0.38033,0.81933,7.33333,37.33333,44.66667,29.0,6.0,13.66667,111.66667,-0.01339,0.21016,0.54529,0.61287,0.66667,1
35.0,0.47833,0.32267,0.82167,7.33333,33.33333,40.66667,20.33333,6.33333,14.33333,103.66667,0.11915,0.2493,0.53109,0.64777,38.0,0.46933,0.289,0.678,11.33333,29.33333,40.66667,20.33333,4.66667,15.33333,103.0,-0.1182,0.3566,0.52255,0.59143,1.0,0
37.66667,0.43967,0.34967,0.80833,12.0,33.66667,45.66667,23.0,8.33333,15.0,105.66667,0.08316,0.36711,0.51163,0.58311,33.66667,0.41833,0.28033,0.89867,8.0,33.0,41.0,12.66667,8.33333,15.0,94.66667,-0.12172,0.24188,0.45757,0.55359,1.0,1
39.66667,0.45367,0.32733,0.86667,11.0,33.33333,44.33333,23.33333,9.66667,10.66667,106.33333,0.0483,0.34747,0.49393,0.57462,37.0,0.42133,0.394,0.83567,12.0,36.66667,48.66667,20.0,9.33333,13.0,109.0,0.09051,0.35429,0.48751,0.58235,0.0,1
43.66667,0.47933,0.38933,0.69767,10.0,38.33333,48.33333,25.0,6.33333,14.33333,113.66667,0.09444,0.29801,0.54588,0.59526,41.0,0.446,0.337,0.86267,12.0,28.66667,40.66667,22.66667,6.66667,12.33333,108.66667,-0.06926,0.35749,0.5105,0.56931,1.0,0
40.66667,0.445,0.357,0.732,14.0,30.0,44.0,24.0,8.66667,11.33333,109.0,0.00609,0.43432,0.50165,0.56695,38.66667,0.484,0.435,0.89167,8.0,35.66667,43.66667,23.0,7.0,16.33333,106.0,0.10385,0.24868,0.56752,0.63301,0.33333,1
41.0,0.46033,0.362,0.771,12.66667,31.66667,44.33333,25.0,7.33333,10.33333,111.66667,0.10391,0.37878,0.52201,0.59147,34.66667,0.436,0.40033,0.88533,5.66667,36.66667,42.33333,20.66667,5.33333,12.33333,101.66667,0.01526,0.15642,0.5241,0.60394,0.33333,1
42.33333,0.52833,0.383,0.74767,7.66667,40.0,47.66667,30.0,10.0,17.66667,115.66667,0.27567,0.26375,0.60535,0.67543,43.0,0.50633,0.39533,0.64067,9.33333,31.0,40.33333,23.66667,8.0,10.33333,110.0,0.0701,0.29148,0.57242,0.617,0.0,0
41.33333,0.479,0.40867,0.811,12.66667,38.66667,51.33333,22.66667,7.66667,14.66667,111.66667,0.21549,0.43434,0.54814,0.61378,43.33333,0.51633,0.427,0.84933,8.33333,40.66667,49.0,27.66667,7.0,16.0,117.33333,0.04281,0.277,0.58224,0.65913,0.0,0
42.33333,0.45333,0.40067,0.75333,16.33333,37.0,53.33333,22.0,5.66667,14.33333,113.33333,0.14025,0.56105,0.52678,0.57952,44.33333,0.47767,0.39567,0.81867,12.0,30.0,42.0,22.66667,10.0,12.66667,112.66667,0.01572,0.37412,0.5315,0.58097,0.33333,0
34.0,0.409,0.27667,0.755,8.33333,29.66667,38.0,16.33333,8.66667,16.0,97.33333,-0.128,0.24955,0.4575,0.54346,35.0,0.40767,0.33633,0.83933,11.66667,32.66667,44.33333,21.66667,8.66667,16.0,100.33333,-0.15433,0.33793,0.46553,0.549,1.0,0
43.33333,0.432,0.34933,0.72033,11.66667,38.66667,50.33333,27.66667,8.0,14.66667,116.0,-0.0706,0.26884,0.49301,0.54898,38.0,0.42833,0.32167,0.82467,10.33333,31.33333,41.66667,21.33333,9.66667,16.66667,106.33333,-0.07765,0.29154,0.48899,0.5664,0.66667,0
46.33333,0.49267,0.378,0.752,11.0,34.66667,45.66667,22.66667,13.33333,12.33333,119.0,0.1325,0.33374,0.56092,0.60704,44.33333,0.523,0.41867,0.716,7.33333,27.66667,35.0,25.66667,11.66667,12.33333,116.0,0.12121,0.22193,0.59375,0.64883,0.0,1
39.0,0.46267,0.30233,0.636,9.66667,37.66667,47.33333,18.0,8.0,12.66667,97.66667,0.06903,0.27784,0.51769,0.55439,35.0,0.409,0.28,0.81933,10.66667,33.0,43.66667,23.66667,8.66667,15.66667,92.0,-0.28318,0.30139,0.44625,0.51233,1.0,1
41.0,0.45733,0.42333,0.78433,14.33333,37.33333,51.66667,22.33333,7.0,15.66667,113.33333,0.12742,0.49452,0.52943,0.59836,34.66667,0.39167,0.361,0.66033,12.66667,35.66667,48.33333,20.0,10.0,13.0,90.33333,-0.02255,0.3299,0.43889,0.48758,0.66667,0
41.33333,0.502,0.30567,0.74767,8.66667,37.0,45.66667,21.33333,5.66667,10.33333,107.33333,0.11442,0.29412,0.54645,0.61344,41.0,0.47733,0.33967,0.79333,9.66667,30.33333,40.0,20.66667,11.0,13.66667,106.66667,-0.03216,0.28704,0.52529,0.59052,0.33333,0
37.0,0.488,0.45067,0.757,8.33333,34.0,42.33333,20.33333,8.33333,18.0,102.66667,-0.02125,0.29516,0.55858,0.63414,37.33333,0.45433,0.39067,0.813,7.0,35.66667,42.66667,27.33333,8.33333,12.33333,101.66667,0.05392,0.20219,0.51959,0.58722,0.66667,0
36.0,0.411,0.28533,0.77867,9.66667,38.0,47.66667,16.33333,6.66667,15.0,98.66667,-0.05551,0.2869,0.45705,0.52949,41.0,0.43667,0.271,0.83067,17.0,29.0,46.0,21.33333,9.0,14.66667,110.66667,-0.04029,0.51967,0.48105,0.55689,0.66667,1
40.33333,0.46,0.37933,0.79667,7.0,38.33333,45.33333,24.33333,6.33333,13.0,108.0,-0.00228,0.20754,0.51729,0.58421,38.0,0.46433,0.351,0.80267,6.66667,29.66667,36.33333,22.0,10.66667,14.66667,98.33333,-0.10301,0.20815,0.51933,0.57193,0.66667,0
40.66667,0.49833,0.323,0.77933,7.0,32.33333,39.33333,26.33333,5.33333,11.0,103.33333,0.01006,0.22125,0.55228,0.60687,41.33333,0.471,0.385,0.657,11.33333,38.33333,49.66667,24.33333,8.33333,13.0,108.0,0.1768,0.3547,0.53525,0.58435,0.33333,1
41.33333,0.455,0.321,0.81433,11.33333,28.66667,40.0,23.0,7.0,12.33333,109.0,-0.11698,0.36793,0.50327,0.56912,40.0,0.45833,0.37233,0.776,9.33333,36.0,45.33333,30.33333,6.33333,14.0,110.66667,-0.0037,0.27038,0.54275,0.60307,0.66667,1
51.33333,0.50667,0.37667,0.713,15.66667,39.33333,55.0,30.0,4.66667,11.0,129.0,0.24684,0.55372,0.57544,0.61348,35.66667,0.455,0.335,0.764,6.66667,28.33333,35.0,19.33333,7.0,16.0,98.66667,-0.20592,0.18961,0.51846,0.59189,0.66667,0
38.66667,0.457,0.29967,0.57533,10.0,40.0,50.0,22.33333,7.0,15.0,95.0,0.09745,0.29017,0.51159,0.53885,46.66667,0.50933,0.35633,0.735,12.66667,34.66667,47.33333,31.66667,9.66667,14.33333,123.0,0.12302,0.44687,0.56575,0.6324,0.33333,0
42.66667,0.5,0.39767,0.68467,9.33333,34.0,43.33333,19.33333,6.33333,14.33333,111.0,0.03541,0.31909,0.57032,0.61608,40.33333,0.489,0.375,0.78033,6.0,32.0,38.0,26.33333,9.66667,10.66667,109.0,-0.02364,0.17619,0.54947,0.62165,0.66667,0
44.33333,0.51233,0.35067,0.845,11.0,32.33333,43.33333,24.0,8.66667,14.0,120.0,0.13551,0.36444,0.5609,0.64817,36.0,0.457,0.33733,0.768,5.66667,30.33333,36.0,20.66667,9.0,13.66667,96.0,-0.02944,0.16637,0.51792,0.57833,0.66667,0
39.33333,0.46767,0.31367,0.73833,7.66667,33.33333,41.0,23.33333,7.0,14.33333,106.33333,-0.05489,0.225,0.5187,0.5916,38.66667,0.453,0.39967,0.77967,8.0,33.33333,41.33333,25.0,7.33333,14.0,107.0,0.06086,0.23148,0.52974,0.59479,0.0,1
44.66667,0.491,0.36567,0.71533,14.0,31.0,45.0,24.33333,7.66667,11.33333,115.66667,0.10241,0.47778,0.54762,0.60246,47.33333,0.50167,0.531,0.73933,12.33333,28.66667,41.0,27.66667,7.66667,10.66667,122.33333,-0.00766,0.39753,0.56193,0.61669,0.66667,0
38.66667,0.48233,0.41767,0.73167,5.66667,37.0,42.66667,27.0,5.33333,16.66667,101.66667,-0.06342,0.17308,0.56285,0.60703,42.33333,0.462,0.32433,0.86867,10.0,35.66667,45.66667,25.66667,7.66667,16.33333,115.0,-0.071,0.28249,0.52675,0.59808,1.0,0
44.33333,0.45533,0.27533,0.81633,13.33333,32.0,45.33333,24.0,7.33333,12.0,115.0,-0.07937,0.39319,0.49775,0.56184,42.0,0.501,0.37067,0.712,6.66667,35.0,41.66667,26.66667,6.33333,11.66667,111.33333,-0.07782,0.20343,0.56037,0.62419,0.66667,0
41.66667,0.508,0.34967,0.80567,8.33333,36.0,44.33333,23.33333,9.0,17.0,115.33333,-0.05521,0.28142,0.56289,0.65276,34.0,0.438,0.42533,0.78133,12.66667,33.0,45.66667,22.66667,7.0,19.0,99.0,0.00699,0.47331,0.51415,0.59671,0.66667,1
43.66667,0.51033,0.43733,0.78933,8.66667,33.0,41.66667,25.66667,10.66667,13.33333,114.0,0.23998,0.28259,0.58115,0.63636,39.66667,0.43533,0.306,0.70933,14.0,29.33333,43.33333,22.33333,10.0,14.0,104.66667,-0.1414,0.40708,0.4875,0.5433,1.0,0
41.33333,0.48667,0.338,0.739,10.0,32.66667,42.66667,20.33333,7.66667,13.33333,107.66667,-0.00171,0.32549,0.53185,0.59994,37.66667,0.40167,0.366,0.74767,12.0,33.33333,45.33333,21.0,10.0,15.0,102.33333,-0.07567,0.30685,0.45855,0.51992,0.66667,0
34.33333,0.47167,0.32067,0.76767,8.66667,31.66667,40.33333,19.33333,10.0,12.66667,101.0,0.10252,0.30045,0.52686,0.63356,40.33333,0.444,0.37267,0.75667,9.66667,33.0,42.66667,23.66667,7.33333,12.66667,111.0,0.02531,0.2757,0.51227,0.57848,0.33333,0
40.0,0.45333,0.26633,0.773,8.66667,33.66667,42.33333,18.33333,6.66667,9.33333,104.66667,-0.0069,0.24688,0.49865,0.56181,43.66667,0.516,0.304,0.866,10.0,30.0,40.0,26.33333,7.33333,10.0,113.33333,0.11177,0.38132,0.56089,0.63296,0.33333,1
37.33333,0.47033,0.355,0.816,8.33333,36.0,44.33333,24.66667,9.0,17.33333,102.66667,0.15631,0.29349,0.52722,0.60905,41.0,0.47567,0.31167,0.80733,6.33333,39.33333,45.66667,27.33333,5.33333,12.66667,112.66667,0.01848,0.1728,0.53434,0.61408,0.33333,1
42.33333,0.461,0.372,0.832,12.33333,34.66667,47.0,25.0,9.66667,13.33333,113.0,0.07507,0.38836,0.50794,0.58326,32.66667,0.37567,0.28667,0.864,9.66667,35.66667,45.33333,18.66667,5.66667,11.66667,92.33333,-0.12304,0.23399,0.42538,0.50462,1.0,1
38.33333,0.427,0.352,0.746,13.66667,33.33333,47.0,19.33333,6.0,13.0,108.0,-0.04479,0.4092,0.48617,0.56371,32.66667,0.378,0.287,0.723,9.66667,34.33333,44.0,17.0,10.0,15.0,84.33333,-0.20183,0.23669,0.41436,0.468,1.0,0
40.33333,0.462,0.31167,0.74233,11.0,30.33333,41.33333,20.66667,9.0,12.33333,107.66667,0.0622,0.37877,0.52107,0.58311,41.66667,0.46767,0.31533,0.83767,11.0,30.33333,41.33333,20.33333,8.66667,12.33333,104.0,-0.09067,0.34657,0.5029,0.55972,0.66667,1
33.33333,0.416,0.332,0.78633,8.66667,24.0,32.66667,15.0,10.0,15.66667,98.33333,-0.08631,0.2661,0.47238,0.56772,33.66667,0.425,0.249,0.88733,8.0,33.0,41.0,17.0,9.66667,14.33333,92.0,-0.17252,0.22641,0.46121,0.54796,0.66667,1
32.33333,0.39267,0.304,0.76833,8.66667,32.33333,41.0,19.33333,9.66667,14.0,92.66667,0.01971,0.25375,0.45159,0.52969,35.66667,0.395,0.297,0.83433,10.0,30.66667,40.66667,20.0,8.66667,14.33333,102.0,-0.18887,0.26306,0.45076,0.5328,1.0,0
40.66667,0.475,0.414,0.73933,7.66667,35.33333,43.0,21.66667,9.66667,13.33333,107.0,0.06265,0.23054,0.55728,0.60147,40.33333,0.48433,0.342,0.83933,9.33333,31.66667,41.0,27.33333,5.66667,11.33333,105.66667,0.05838,0.30842,0.53026,0.60057,0.33333,0
42.33333,0.47967,0.36767,0.816,12.33333,31.0,43.33333,23.66667,6.66667,15.0,115.33333,0.01457,0.39451,0.53977,0.61587,38.0,0.46067,0.36067,0.72233,9.0,29.0,38.0,21.33333,5.0,15.66667,98.33333,-0.2427,0.27419,0.52327,0.57233,1.0,0
39.66667,0.475,0.41033,0.78867,8.66667,38.0,46.66667,21.66667,6.0,15.0,103.33333,0.12018,0.27953,0.55664,0.59799,44.33333,0.54333,0.44933,0.80267,7.0,32.66667,39.66667,26.33333,10.66667,17.33333,120.0,0.15347,0.23628,0.62917,0.69425,0.0,1
48.0,0.493,0.40933,0.73567,13.0,41.33333,54.33333,25.66667,4.66667,9.33333,119.0,0.27177,0.45724,0.55752,0.59213,33.66667,0.40367,0.23133,0.83,9.0,33.66667,42.66667,18.0,11.33333,16.0,87.66667,-0.18929,0.24499,0.4399,0.50285,0.66667,0
44.0,0.52733,0.49933,0.74567,8.33333,34.33333,42.66667,29.33333,7.0,15.33333,118.0,0.11237,0.28889,0.62856,0.67625,35.66667,0.39833,0.34867,0.737,13.33333,35.66667,49.0,20.0,8.33333,13.0,97.0,-0.04619,0.3365,0.44097,0.50973,0.66667,0
41.0,0.46567,0.38333,0.82033,10.33333,33.0,43.33333,24.0,8.0,13.0,115.0,0.04505,0.32291,0.53131,0.61319,39.0,0.45567,0.354,0.783,10.0,43.0,53.0,24.33333,3.33333,14.33333,102.0,-0.02046,0.3032,0.50468,0.56771,0.33333,0
41.33333,0.46833,0.39567,0.692,11.33333,34.0,45.33333,25.0,12.0,15.33333,112.33333,0.01873,0.32301,0.53284,0.59772,41.66667,0.46167,0.42167,0.698,8.66667,35.0,43.66667,27.0,6.33333,12.0,104.66667,0.00701,0.23466,0.52127,0.55995,0.33333,0
39.0,0.451,0.34733,0.79967,12.0,37.0,49.0,21.66667,6.66667,16.0,115.0,0.04685,0.37462,0.49774,0.60802,36.0,0.45733,0.35833,0.76767,6.66667,36.66667,43.33333,26.0,7.0,14.66667,98.66667,-0.00125,0.20244,0.51601,0.58926,0.66667,1
37.66667,0.44867,0.3,0.72133,9.0,33.66667,42.66667,21.33333,8.0,16.0,104.33333,-0.09357,0.25199,0.4944,0.57578,45.0,0.48733,0.389,0.838,10.0,32.33333,42.33333,25.66667,7.33333,12.33333,116.66667,-0.01813,0.30741,0.5351,0.60155,0.66667,0
41.33333,0.44767,0.34167,0.76967,9.66667,37.0,46.66667,21.33333,6.66667,8.33333,109.33333,0.02453,0.2628,0.49446,0.55985,40.33333,0.50467,0.36533,0.82467,9.66667,31.33333,41.0,29.0,7.66667,15.66667,106.33333,0.07202,0.35934,0.55454,0.6277,0.33333,0
38.66667,0.45567,0.35,0.75,10.33333,37.0,47.33333,21.33333,9.66667,16.0,98.33333,0.04826,0.32365,0.51418,0.5578,44.33333,0.48467,0.44433,0.71767,9.0,43.0,52.0,23.33333,7.33333,12.33333,115.66667,0.23935,0.25015,0.5374,0.59783,0.0,1
41.66667,0.52667,0.39267,0.909,4.0,31.33333,35.33333,26.0,5.33333,13.33333,108.33333,-0.032,0.13563,0.59753,0.65845,45.66667,0.49767,0.35033,0.72467,10.0,30.66667,40.66667,30.0,6.0,9.66667,114.33333,-0.03734,0.30699,0.55959,0.5993,0.66667,0
34.33333,0.42433,0.38367,0.77967,6.66667,34.66667,41.33333,23.33333,9.0,17.0,94.33333,-0.13552,0.20704,0.50672,0.56101,47.33333,0.50633,0.371,0.741,11.0,32.66667,43.66667,29.66667,11.33333,14.33333,119.66667,0.05024,0.38116,0.56276,0.61038,0.66667,0
39.66667,0.46933,0.39067,0.76233,11.0,35.66667,46.66667,21.66667,6.33333,15.33333,104.33333,0.06312,0.36777,0.54445,0.5918,42.66667,0.48067,0.38567,0.84,10.66667,37.33333,48.0,21.0,9.0,11.0,113.0,0.29218,0.33439,0.54598,0.60695,0.0,0
46.33333,0.52533,0.391,0.76033,10.0,32.33333,42.33333,30.0,6.66667,11.66667,121.66667,0.11917,0.35751,0.58996,0.6523,38.0,0.46833,0.34667,0.77533,6.66667,32.0,38.66667,21.33333,10.0,12.66667,103.66667,0.00899,0.19494,0.52977,0.60154,0.66667,0
46.33333,0.48633,0.397,0.73067,12.33333,38.33333,50.66667,23.33333,6.33333,10.66667,114.66667,0.20548,0.40863,0.54837,0.58292,40.0,0.44767,0.38867,0.72967,9.66667,34.66667,44.33333,23.33333,7.0,12.66667,106.66667,0.0744,0.28069,0.51694,0.56922,0.0,0
44.66667,0.52867,0.439,0.77533,8.33333,32.33333,40.66667,26.33333,6.33333,12.0,119.0,0.08609,0.27797,0.61313,0.66878,45.33333,0.50067,0.42933,0.81033,10.0,31.0,41.0,27.33333,7.0,12.66667,117.0,-0.0062,0.31836,0.55233,0.61497,0.66667,0
41.0,0.507,0.412,0.72633,6.33333,37.66667,44.0,30.0,6.33333,15.33333,108.33333,0.02418,0.19949,0.58073,0.63516,37.66667,0.45767,0.46433,0.85867,9.33333,31.33333,40.66667,22.0,7.0,10.33333,99.66667,0.02719,0.29143,0.53261,0.58293,0.66667,1
36.66667,0.45467,0.311,0.76033,7.66667,34.0,41.66667,21.66667,6.66667,10.0,102.33333,0.00166,0.2222,0.51131,0.59365,39.33333,0.47967,0.38367,0.70633,6.0,31.66667,37.66667,25.33333,7.0,14.0,106.0,-0.15262,0.18015,0.54871,0.6091,1.0,0
42.0,0.508,0.33233,0.783,9.66667,38.0,47.66667,25.0,6.33333,18.0,113.33333,-0.01737,0.32414,0.56263,0.6404,39.33333,0.46733,0.34,0.883,6.0,38.33333,44.33333,25.0,6.66667,16.66667,115.0,-0.05456,0.16376,0.53792,0.63689,1.0,1
40.0,0.44167,0.31933,0.823,14.33333,36.33333,50.66667,24.0,7.0,11.66667,105.0,0.14707,0.47356,0.5052,0.55845,41.0,0.44767,0.28267,0.74567,14.33333,28.33333,42.66667,23.33333,11.33333,15.66667,103.66667,-0.15951,0.43021,0.49111,0.5408,1.0,1
37.0,0.49667,0.308,0.74,6.0,32.33333,38.33333,21.0,10.0,10.33333,106.66667,0.05934,0.19178,0.55048,0.65136,39.66667,0.48033,0.35667,0.683,9.0,31.0,40.0,21.0,5.66667,10.66667,106.66667,-0.17466,0.27014,0.52061,0.59831,1.0,0
39.66667,0.487,0.34333,0.64933,10.66667,40.33333,51.0,26.33333,11.0,19.33333,106.66667,0.19218,0.34619,0.55451,0.61295,35.66667,0.42167,0.30533,0.824,11.0,32.0,43.0,22.33333,7.0,13.0,105.0,-0.07878,0.3165,0.48028,0.57554,1.0,0
39.33333,0.46833,0.28633,0.75633,8.0,34.66667,42.66667,21.0,6.33333,10.66667,108.66667,-0.02476,0.24014,0.52492,0.60553,41.33333,0.481,0.50433,0.704,8.66667,40.33333,49.0,25.0,7.66667,10.33333,111.0,0.25978,0.24645,0.53549,0.60634,0.0,0
41.0,0.49367,0.315,0.84633,9.33333,31.33333,40.66667,21.33333,6.66667,12.0,107.66667,0.0001,0.33195,0.54741,0.61662,30.66667,0.37667,0.256,0.76567,8.33333,33.0,41.33333,12.66667,5.66667,11.66667,86.33333,-0.11396,0.20071,0.40559,0.49683,0.66667,1
37.66667,0.45467,0.34633,0.816,10.66667,31.0,41.66667,25.33333,9.0,18.33333,102.33333,-0.00786,0.35483,0.51051,0.58515,38.66667,0.47567,0.368,0.843,9.0,29.66667,38.66667,21.33333,5.33333,15.0,103.0,-0.16407,0.28909,0.54125,0.60434,1.0,0
45.0,0.49533,0.38433,0.71433,9.0,36.33333,45.33333,23.0,9.33333,11.0,112.0,0.10781,0.25629,0.54516,0.5894,42.66667,0.50167,0.259,0.834,11.33333,30.33333,41.66667,25.66667,10.0,14.66667,108.33333,0.01374,0.40472,0.53885,0.60551,0.33333,0
31.0,0.40933,0.25033,0.809,6.33333,26.66667,33.0,15.66667,9.0,13.33333,87.66667,-0.13743,0.18875,0.45329,0.54035,39.0,0.475,0.421,0.82333,8.66667,29.33333,38.0,25.66667,6.66667,17.0,103.33333,-0.15528,0.28719,0.56063,0.60473,1.0,0
36.33333,0.44567,0.33533,0.77033,9.66667,24.33333,34.0,20.0,6.66667,16.0,101.33333,-0.22119,0.32056,0.51466,0.58555,34.33333,0.392,0.31133,0.76333,11.33333,31.0,42.33333,20.0,7.0,13.0,97.33333,-0.19242,0.33557,0.45489,0.52508,1.0,0
39.66667,0.49633,0.38967,0.80633,8.0,31.0,39.0,21.33333,9.33333,14.0,109.0,0.01038,0.27415,0.56926,0.64229,38.0,0.475,0.29933,0.743,6.66667,32.33333,39.0,20.66667,9.66667,14.33333,101.66667,-0.0361,0.19164,0.53145,0.5996,0.66667,0
43.0,0.49367,0.37467,0.81967,11.33333,34.0,45.33333,26.33333,6.33333,14.0,114.0,0.07703,0.39885,0.56417,0.62324,37.0,0.42333,0.353,0.75967,11.0,31.0,42.0,19.0,6.33333,10.0,101.66667,-0.14043,0.31345,0.48592,0.55174,1.0,0
42.66667,0.51167,0.443,0.819,7.0,43.0,50.0,25.0,4.33333,14.66667,117.33333,0.17342,0.22529,0.5918,0.66365,43.66667,0.53733,0.41533,0.82033,7.33333,31.33333,38.66667,26.33333,10.33333,16.0,115.0,0.16186,0.27785,0.6235,0.6769,0.0,0
34.66667,0.405,0.313,0.774,10.33333,35.0,45.33333,20.66667,7.0,11.0,97.66667,-0.09185,0.27519,0.45546,0.53554,39.33333,0.44933,0.40433,0.67867,11.0,32.66667,43.66667,21.0,6.66667,11.66667,104.0,-0.0517,0.30939,0.49277,0.55672,0.66667,0
43.0,0.451,0.29467,0.765,12.66667,33.33333,46.0,23.0,11.0,13.66667,112.0,-0.03737,0.35828,0.50603,0.56063,40.33333,0.48833,0.46467,0.813,7.33333,30.33333,37.66667,22.33333,10.0,13.33333,113.0,0.03095,0.20687,0.56188,0.64197,0.33333,0
42.0,0.47567,0.38,0.79933,9.66667,35.66667,45.33333,24.0,9.0,11.33333,114.33333,0.1832,0.32106,0.54103,0.61148,36.0,0.44333,0.34633,0.77333,6.66667,30.66667,37.33333,24.66667,7.66667,13.66667,95.33333,-0.15492,0.18782,0.51167,0.56009,1.0,0
38.66667,0.434,0.375,0.717,13.0,30.33333,43.33333,22.66667,12.0,13.0,108.66667,-0.01017,0.36004,0.49193,0.56947,35.0,0.41833,0.27167,0.74567,10.0,33.0,43.0,18.0,7.0,15.33333,88.33333,-0.07541,0.29473,0.44864,0.50581,0.33333,0
41.0,0.48467,0.32967,0.77033,9.66667,32.66667,42.33333,21.0,11.0,13.0,110.33333,0.12467,0.35024,0.54191,0.61373,37.33333,0.45733,0.36467,0.753,7.66667,38.66667,46.33333,25.33333,8.66667,16.33333,103.66667,0.0758,0.21995,0.52163,0.59561,0.33333,1
37.66667,0.445,0.29233,0.72,11.33333,33.33333,44.66667,21.0,7.0,13.33333,106.33333,-0.0268,0.32146,0.4882,0.57856,38.33333,0.45767,0.352,0.72233,7.33333,32.66667,40.0,22.66667,9.33333,9.66667,102.66667,-0.07134,0.1987,0.51095,0.57721,1.0,1
40.33333,0.45533,0.37067,0.82333,8.66667,37.0,45.66667,20.33333,6.33333,6.33333,108.33333,0.11638,0.23338,0.50845,0.5788,41.0,0.502,0.43467,0.79867,8.33333,28.0,36.33333,22.33333,6.33333,15.33333,106.66667,-0.14182,0.28909,0.57331,0.62663,1.0,0
42.0,0.53533,0.47367,0.91833,3.66667,32.66667,36.33333,26.66667,6.33333,13.0,113.66667,-0.00229,0.12043,0.6311,0.69406,41.33333,0.46933,0.38567,0.73167,9.33333,26.0,35.33333,19.33333,8.66667,7.0,110.0,-0.14147,0.26507,0.5231,0.5891,1.0,0
37.0,0.46167,0.36133,0.79433,7.33333,35.0,42.33333,23.33333,5.66667,10.66667,107.0,0.03968,0.21864,0.53589,0.62233,35.66667,0.418,0.40533,0.772,11.33333,36.0,47.33333,22.33333,5.33333,13.0,99.33333,-0.1022,0.28946,0.48398,0.55341,0.66667,1
36.66667,0.428,0.31333,0.768,9.0,31.33333,40.33333,20.66667,9.66667,11.0,97.33333,0.00447,0.27141,0.48724,0.543,47.0,0.49133,0.425,0.74333,10.33333,33.66667,44.0,31.66667,9.0,11.66667,120.0,-0.01792,0.34432,0.5629,0.60216,0.66667,0
43.0,0.51467,0.42833,0.73867,11.0,33.66667,44.66667,26.0,8.66667,17.0,115.0,0.22483,0.36154,0.58867,0.64924,36.0,0.46467,0.41467,0.805,8.0,33.66667,41.66667,21.0,5.33333,12.0,99.0,-0.01714,0.24281,0.53411,0.60403,0.66667,0
38.0,0.462,0.362,0.77033,8.0,37.66667,45.66667,27.0,6.66667,14.66667,101.0,-0.07995,0.24071,0.52659,0.5842,39.66667,0.44267,0.305,0.71567,7.0,37.0,44.0,25.0,8.66667,13.66667,100.33333,-0.1137,0.18362,0.49683,0.53741,1.0,1
39.33333,0.51567,0.35267,0.733,6.0,31.66667,37.66667,25.0,10.66667,15.0,108.33333,0.04756,0.20862,0.57588,0.6574,39.0,0.47767,0.346,0.652,7.0,31.33333,38.33333,24.33333,7.66667,15.33333,98.66667,-0.16129,0.21765,0.54276,0.5804,1.0,0
41.66667,0.51267,0.31233,0.49833,8.0,37.66667,45.66667,25.66667,9.33333,18.0,100.0,0.05512,0.25249,0.57607,0.59381,39.66667,0.453,0.43367,0.78367,8.0,33.0,41.0,25.33333,6.66667,14.0,106.0,-0.04338,0.22097,0.51938,0.57983,0.66667,0
40.66667,0.49233,0.31533,0.74933,8.66667,40.0,48.66667,25.0,6.33333,18.0,109.33333,-0.03319,0.27644,0.54891,0.61983,40.0,0.437,0.34167,0.83533,9.33333,33.33333,42.66667,27.0,8.66667,14.33333,101.33333,-0.15238,0.24068,0.51168,0.54179,1.0,1
41.66667,0.473,0.474,0.717,10.66667,36.33333,47.0,24.0,6.66667,13.66667,117.66667,0.11805,0.31105,0.56243,0.62716,35.0,0.43533,0.39367,0.77167,8.33333,31.0,39.33333,21.0,7.33333,9.33333,101.0,-0.03915,0.24122,0.48253,0.58017,0.66667,1
37.66667,0.48367,0.27867,0.758,7.33333,32.0,39.33333,20.33333,12.33333,10.66667,103.33333,0.10533,0.23712,0.53365,0.61619,44.66667,0.519,0.48733,0.84667,8.66667,29.66667,38.33333,31.0,9.33333,11.66667,117.33333,0.13385,0.33593,0.59999,0.65393,0.33333,0
36.66667,0.43167,0.32467,0.838,8.0,35.33333,43.33333,22.33333,6.33333,12.66667,97.33333,-0.24481,0.2364,0.49036,0.54911,36.0,0.434,0.35267,0.73767,7.33333,33.66667,41.0,18.0,5.66667,10.33333,97.0,-0.00651,0.18903,0.48016,0.55161,0.33333,1
41.0,0.49367,0.37367,0.83067,8.33333,33.33333,41.66667,28.0,8.33333,15.0,106.66667,0.12872,0.27601,0.55144,0.61242,36.66667,0.43833,0.364,0.75767,12.0,32.0,44.0,20.0,6.33333,11.33333,101.66667,-0.04946,0.36613,0.48544,0.56888,0.66667,1
40.0,0.472,0.33867,0.787,8.66667,35.0,43.66667,23.33333,6.66667,16.0,113.33333,-0.05554,0.2432,0.5196,0.6155,38.66667,0.47867,0.39333,0.747,9.0,29.33333,38.33333,19.0,7.0,17.0,99.66667,-0.19638,0.29517,0.53842,0.59127,1.0,0
41.0,0.42867,0.32767,0.80733,11.33333,35.33333,46.66667,29.0,8.0,16.66667,108.33333,-0.02741,0.31092,0.49936,0.54553,42.0,0.475,0.49467,0.67067,8.33333,34.66667,43.0,28.66667,5.33333,12.33333,107.33333,-0.1131,0.2311,0.54363,0.58355,0.66667,1
37.33333,0.43733,0.38267,0.77533,10.33333,35.66667,46.0,25.0,7.0,12.33333,100.0,0.03476,0.33658,0.50411,0.5608,42.0,0.47333,0.304,0.811,6.33333,40.0,46.33333,27.33333,8.33333,16.0,117.66667,0.01705,0.16019,0.5289,0.62095,0.66667,1
41.66667,0.46067,0.33067,0.82433,11.66667,36.0,47.66667,20.0,8.33333,6.0,112.0,0.186,0.34022,0.50382,0.58287,40.33333,0.437,0.36867,0.79333,12.0,36.0,48.0,19.33333,12.66667,14.33333,115.0,0.07728,0.32379,0.4986,0.58487,0.0,0
39.33333,0.45967,0.31833,0.75367,8.33333,32.0,40.33333,24.0,4.66667,15.0,107.66667,-0.18988,0.25117,0.52019,0.59153,40.33333,0.46867,0.39767,0.782,13.33333,30.33333,43.66667,27.0,9.0,15.66667,112.0,-0.00501,0.43241,0.53029,0.60895,0.66667,0
42.0,0.46567,0.35233,0.79167,11.33333,33.0,44.33333,22.33333,10.33333,12.33333,112.0,0.06886,0.35607,0.51953,0.58898,40.33333,0.48,0.26433,0.78533,10.66667,28.33333,39.0,24.0,8.33333,14.66667,106.0,-0.09564,0.35723,0.52544,0.59553,0.66667,0
36.0,0.43733,0.271,0.79833,11.0,25.33333,36.33333,18.33333,9.0,10.33333,101.66667,-0.04503,0.36082,0.48355,0.57506,36.66667,0.44267,0.33267,0.83033,10.0,31.66667,41.66667,25.66667,7.0,16.66667,100.66667,-0.11147,0.31544,0.49692,0.57311,0.66667,0
40.33333,0.43667,0.33733,0.727,12.33333,38.0,50.33333,20.33333,6.66667,14.0,104.66667,-0.04037,0.35814,0.48152,0.53824,37.0,0.405,0.29333,0.73133,14.0,29.66667,43.66667,21.0,8.33333,11.0,100.0,-0.14898,0.41876,0.45992,0.52,1.0,0
48.33333,0.57133,0.43933,0.81567,5.66667,30.0,35.66667,35.66667,6.33333,10.33333,126.66667,0.17403,0.20732,0.64514,0.70998,42.33333,0.475,0.36433,0.788,10.0,35.66667,45.66667,20.33333,9.0,9.33333,110.66667,0.11848,0.3093,0.53809,0.59236,0.33333,1
40.66667,0.499,0.35633,0.85433,10.0,33.33333,43.33333,23.33333,8.66667,14.66667,114.33333,0.11242,0.33919,0.54753,0.64905,35.0,0.398,0.313,0.59767,11.66667,38.0,49.66667,19.66667,6.33333,11.66667,95.33333,-0.06737,0.29488,0.46828,0.51526,0.33333,1
41.33333,0.43833,0.36433,0.764,10.0,39.33333,49.33333,30.0,8.33333,13.33333,114.66667,0.0038,0.23295,0.51474,0.57631,39.66667,0.46333,0.348,0.714,8.66667,30.0,38.66667,18.66667,6.66667,7.66667,102.66667,-0.14756,0.24956,0.50786,0.56846,1.0,0
40.33333,0.47433,0.327,0.704,12.33333,36.66667,49.0,24.33333,11.0,15.33333,109.0,0.21398,0.39669,0.53503,0.60063,40.66667,0.46133,0.44567,0.67633,11.33333,36.66667,48.0,25.33333,5.33333,13.0,105.33333,-0.041,0.29548,0.52645,0.57176,0.33333,0
41.66667,0.459,0.464,0.75933,12.0,36.0,48.0,27.0,5.0,10.33333,112.66667,0.20323,0.36458,0.54861,0.59538,39.0,0.48133,0.407,0.83133,8.33333,36.0,44.33333,24.33333,7.33333,16.66667,107.66667,0.06907,0.28975,0.57201,0.63423,0.33333,1
35.0,0.418,0.36933,0.80667,9.66667,35.0,44.66667,21.33333,7.0,15.0,99.66667,-0.01177,0.2964,0.49537,0.56389,36.66667,0.469,0.30867,0.81567,8.33333,35.66667,44.0,18.66667,8.33333,12.33333,97.66667,0.09412,0.25635,0.51001,0.58911,0.33333,0
42.66667,0.51867,0.44533,0.888,5.33333,40.33333,45.66667,24.0,7.0,15.66667,113.33333,0.07866,0.15707,0.60481,0.6616,39.66667,0.464,0.352,0.778,8.33333,27.33333,35.66667,22.66667,11.0,15.0,109.66667,-0.16753,0.21968,0.51684,0.59985,0.66667,0
41.0,0.45367,0.361,0.79167,10.66667,31.0,41.66667,26.0,11.33333,11.33333,112.33333,0.02317,0.30683,0.5144,0.58718,42.0,0.449,0.32633,0.81033,11.0,36.66667,47.66667,18.33333,11.0,17.33333,113.33333,-0.04292,0.30574,0.50743,0.57352,0.33333,1
46.66667,0.54933,0.483,0.68133,8.33333,33.0,41.33333,30.66667,5.66667,14.0,122.33333,0.05736,0.2856,0.64095,0.68556,40.33333,0.48267,0.40633,0.761,8.66667,34.33333,43.0,28.33333,8.33333,15.0,109.0,0.10598,0.29402,0.55324,0.61714,0.33333,0
38.33333,0.449,0.30367,0.77967,11.66667,31.66667,43.33333,25.33333,6.33333,13.33333,107.0,-0.03562,0.3548,0.49732,0.58439,36.0,0.453,0.35667,0.74067,9.0,31.33333,40.33333,19.33333,5.0,12.33333,98.33333,-0.2026,0.2919,0.49524,0.57659,1.0,0
45.66667,0.52133,0.25167,0.66367,13.0,31.66667,44.66667,22.66667,7.0,15.0,113.0,0.05992,0.44911,0.55618,0.61018,35.66667,0.428,0.30533,0.79733,10.0,36.33333,46.33333,20.33333,9.0,16.33333,96.33333,0.02538,0.27785,0.46877,0.54695,0.33333,1
37.66667,0.45467,0.27367,0.825,10.0,29.66667,39.66667,22.33333,6.33333,9.33333,102.33333,-0.00651,0.32705,0.50241,0.58106,37.0,0.448,0.45167,0.72167,9.0,36.33333,45.33333,24.33333,6.66667,9.66667,104.66667,0.06001,0.25299,0.49831,0.58458,0.33333,0
43.33333,0.522,0.40133,0.791,8.0,33.33333,41.33333,29.33333,5.33333,14.66667,118.0,0.05296,0.27051,0.60774,0.67229,41.33333,0.49433,0.35533,0.74333,7.33333,39.33333,46.66667,25.0,7.33333,12.66667,112.33333,0.11742,0.21298,0.55743,0.62909,0.0,0
39.0,0.47533,0.34233,0.76633,8.0,36.0,44.0,23.0,8.66667,15.66667,97.33333,0.04883,0.25057,0.5384,0.57493,36.66667,0.38233,0.369,0.93967,13.66667,37.66667,51.33333,22.66667,9.33333,12.0,106.66667,0.04318,0.35594,0.45033,0.52997,0.33333,0
42.33333,0.493,0.409,0.834,12.0,32.66667,44.66667,26.0,7.66667,17.0,109.0,0.19355,0.3881,0.55792,0.6084,39.0,0.46867,0.31967,0.734,7.66667,31.66667,39.33333,20.33333,6.66667,12.66667,99.66667,-0.12556,0.23432,0.52842,0.57532,1.0,0
39.33333,0.47133,0.41867,0.75067,7.33333,37.33333,44.66667,26.0,6.0,14.66667,108.0,0.1076,0.22857,0.55687,0.61583,42.0,0.492,0.38067,0.738,9.0,31.66667,40.66667,27.66667,7.0,14.66667,109.33333,-0.01171,0.3227,0.56111,0.60971,0.33333,0
34.33333,0.40933,0.28,0.79033,9.0,32.33333,41.33333,22.0,9.33333,12.66667,94.0,0.00274,0.26386,0.45297,0.5299,41.0,0.451,0.351,0.84,10.0,34.33333,44.33333,23.0,4.66667,11.0,112.33333,0.00102,0.29436,0.51575,0.58593,0.66667,0
41.0,0.45367,0.34633,0.79567,9.66667,33.33333,43.0,27.66667,5.0,13.0,112.33333,-0.01401,0.30262,0.51662,0.58996,42.0,0.46933,0.403,0.812,10.0,32.0,42.0,23.33333,6.33333,12.33333,110.0,-0.1154,0.29209,0.52503,0.58739,1.0,1
37.66667,0.45,0.308,0.798,6.66667,38.33333,45.0,26.33333,6.33333,14.0,98.0,-0.19559,0.19284,0.49942,0.55815,39.0,0.47233,0.39833,0.78767,12.66667,35.0,47.66667,19.0,5.0,12.0,106.33333,0.05119,0.43515,0.52197,0.60415,0.33333,1
40.66667,0.474,0.28933,0.795,11.33333,31.33333,42.66667,23.0,7.66667,14.66667,104.33333,-0.02572,0.3708,0.51907,0.57874,38.33333,0.46267,0.31567,0.71167,6.66667,32.66667,39.33333,22.0,7.33333,15.66667,100.0,-0.12945,0.20062,0.52678,0.57702,1.0,0
41.66667,0.506,0.357,0.74467,9.66667,34.66667,44.33333,26.0,8.66667,18.33333,111.33333,0.01343,0.34277,0.58081,0.6402,32.66667,0.381,0.31667,0.78833,7.66667,34.33333,42.0,19.33333,4.66667,11.33333,93.0,-0.20836,0.18564,0.43329,0.51243,1.0,1
43.0,0.48333,0.28,0.76,13.0,30.66667,43.66667,23.33333,7.66667,15.33333,108.0,-0.01058,0.42636,0.5259,0.58042,38.33333,0.461,0.29867,0.73667,8.33333,33.33333,41.66667,22.0,7.0,14.0,103.33333,-0.04162,0.23215,0.51927,0.5857,0.66667,0
37.66667,0.44567,0.292,0.75433,7.33333,36.0,43.33333,25.33333,5.0,14.33333,99.33333,-0.1434,0.1949,0.49892,0.55845,36.0,0.393,0.28033,0.62533,13.33333,31.33333,44.66667,20.0,8.33333,11.33333,93.66667,-0.18199,0.39273,0.44258,0.48841,1.0,0
37.33333,0.447,0.34467,0.79033,9.66667,31.66667,41.33333,20.33333,9.33333,10.33333,105.66667,0.0201,0.2798,0.50019,0.58837,41.33333,0.44167,0.28933,0.878,16.0,33.33333,49.33333,22.66667,9.33333,15.0,114.33333,0.05822,0.51366,0.48813,0.57506,0.33333,1
42.33333,0.498,0.42,0.72667,7.0,35.0,42.0,23.66667,8.0,13.0,116.33333,0.12649,0.21456,0.57521,0.64202,42.0,0.49967,0.45933,0.74933,9.66667,30.33333,40.0,24.66667,9.0,17.66667,112.66667,-0.01529,0.35986,0.57903,0.63852,0.66667,1
39.33333,0.476,0.257,0.78633,7.33333,33.0,40.33333,23.33333,11.33333,10.33333,104.33333,0.2191,0.23359,0.51839,0.59381,42.0,0.49967,0.45133,0.703,8.33333,32.0,40.33333,24.33333,7.66667,16.33333,111.33333,0.04003,0.29252,0.57322,0.63009,0.33333,0
36.33333,0.429,0.35567,0.74633,8.66667,40.33333,49.0,20.66667,6.33333,14.0,94.33333,0.00676,0.2605,0.49013,0.53565,33.0,0.426,0.37267,0.807,13.0,32.66667,45.66667,20.33333,5.66667,19.33333,96.0,-0.13647,0.49666,0.49585,0.58052,1.0,1
38.66667,0.455,0.29833,0.76767,8.66667,32.0,40.66667,24.0,6.0,13.0,97.0,-0.0484,0.24405,0.49609,0.54747,36.0,0.449,0.34267,0.81667,7.0,33.0,40.0,17.66667,7.33333,9.0,103.66667,0.02471,0.19758,0.51169,0.60307,0.33333,0
38.33333,0.45433,0.34367,0.812,8.33333,30.33333,38.66667,25.66667,7.0,12.66667,99.33333,-0.04361,0.23188,0.50907,0.56395,38.66667,0.43,0.32633,0.77267,12.0,34.33333,46.33333,19.66667,9.66667,17.33333,105.66667,-0.0401,0.35783,0.49169,0.55592,0.33333,1
37.66667,0.412,0.30533,0.74167,11.33333,37.0,48.33333,25.0,5.66667,14.0,101.0,-0.03187,0.31092,0.47361,0.52499,39.0,0.48533,0.419,0.75867,10.66667,30.66667,41.33333,23.66667,6.0,16.33333,110.66667,-0.08273,0.39325,0.57446,0.64693,1.0,1
39.0,0.429,0.30567,0.75667,11.0,29.0,40.0,22.33333,8.66667,11.66667,100.33333,-0.19485,0.30635,0.47676,0.5291,42.33333,0.46833,0.34633,0.80267,9.0,35.66667,44.66667,24.33333,8.0,12.66667,113.0,0.08064,0.24744,0.52662,0.59635,0.33333,1
39.66667,0.45433,0.30467,0.832,7.66667,30.33333,38.0,27.66667,6.33333,14.33333,111.33333,-0.11059,0.23363,0.51003,0.59753,40.66667,0.474,0.40267,0.71967,7.0,31.66667,38.66667,25.66667,7.0,9.0,106.0,-0.05291,0.19811,0.54273,0.59016,0.66667,0
35.33333,0.397,0.304,0.799,11.66667,33.0,44.66667,20.33333,5.66667,14.0,91.33333,-0.10865,0.32024,0.4418,0.49395,39.66667,0.465,0.331,0.752,10.0,30.0,40.0,26.33333,7.33333,15.0,103.66667,-0.01388,0.34609,0.52554,0.57978,0.66667,1
38.33333,0.514,0.322,0.73767,5.33333,32.66667,38.0,23.0,11.0,13.66667,112.66667,0.13382,0.18421,0.57,0.68318,36.33333,0.46733,0.413,0.782,10.0,33.0,43.0,24.33333,8.66667,15.33333,106.0,0.13793,0.39712,0.54123,0.63234,0.33333,0
41.0,0.479,0.376,0.82167,9.66667,36.0,45.66667,28.0,6.0,15.0,108.33333,0.01685,0.30909,0.54069,0.60277,38.66667,0.461,0.37833,0.85433,9.0,33.33333,42.33333,22.0,8.0,12.0,107.33333,0.08387,0.30011,0.54455,0.61062,0.33333,1
39.0,0.44633,0.21633,0.79533,10.33333,32.66667,43.0,23.0,6.66667,14.66667,96.0,-0.26679,0.32404,0.47892,0.52857,36.66667,0.43667,0.29367,0.78,7.66667,27.0,34.66667,20.66667,11.66667,13.33333,102.0,-0.2336,0.1963,0.48635,0.56821,1.0,0
38.33333,0.45233,0.337,0.76133,12.33333,34.0,46.33333,20.66667,6.66667,16.0,108.33333,-0.02082,0.38935,0.49135,0.5892,36.66667,0.42267,0.35333,0.778,14.0,33.66667,47.66667,22.66667,9.0,17.33333,104.33333,-0.01051,0.41389,0.47821,0.56341,0.66667,0
40.0,0.468,0.38167,0.82367,10.0,33.33333,43.33333,26.33333,7.66667,12.0,110.0,0.10917,0.32218,0.54118,0.61121,37.33333,0.458,0.39833,0.75867,12.33333,30.33333,42.66667,20.0,9.33333,18.33333,106.33333,0.0024,0.39153,0.51739,0.60593,0.66667,1
42.33333,0.50167,0.422,0.78267,5.66667,31.0,36.66667,30.33333,5.0,13.0,112.66667,-0.01906,0.15604,0.57653,0.63488,40.66667,0.461,0.29933,0.77667,11.33333,35.33333,46.66667,22.0,9.33333,15.66667,102.66667,0.10275,0.33224,0.49728,0.55627,0.0,0
41.33333,0.46467,0.404,0.86167,10.33333,36.33333,46.66667,23.33333,8.0,8.33333,112.66667,0.25642,0.30134,0.51998,0.59884,40.33333,0.43167,0.31667,0.863,10.0,32.33333,42.33333,23.33333,8.33333,11.0,100.0,-0.12253,0.2606,0.48853,0.52267,1.0,0
42.66667,0.504,0.388,0.82933,7.0,42.0,49.0,25.66667,7.33333,13.33333,112.0,0.15781,0.21818,0.5774,0.63338,38.66667,0.45933,0.36133,0.72233,8.66667,32.33333,41.0,24.0,5.0,14.33333,102.33333,-0.05948,0.27211,0.52451,0.57845,0.66667,1
45.0,0.49867,0.44433,0.81533,8.66667,41.66667,50.33333,28.0,7.66667,14.66667,123.66667,0.14366,0.23422,0.58548,0.64894,39.33333,0.41967,0.367,0.88833,15.33333,35.66667,51.0,22.0,9.0,12.66667,114.33333,0.11929,0.44495,0.47976,0.57192,0.0,0
38.66667,0.48467,0.409,0.77833,10.0,28.33333,38.33333,21.0,9.0,17.66667,105.0,-0.0599,0.37619,0.55938,0.62368,41.0,0.48467,0.34533,0.72367,9.33333,36.33333,45.66667,23.33333,8.33333,12.0,110.33333,0.08402,0.2732,0.53738,0.60964,0.33333,1
47.33333,0.51667,0.31667,0.68667,11.0,36.33333,47.33333,26.66667,10.0,10.33333,118.33333,0.17888,0.35039,0.55821,0.61074,39.66667,0.47033,0.36033,0.79333,9.33333,28.66667,38.0,25.33333,9.33333,16.0,101.66667,-0.10219,0.33196,0.52443,0.57679,0.66667,1
42.0,0.50467,0.42,0.77367,9.33333,34.0,43.33333,30.66667,6.66667,14.66667,113.33333,0.09841,0.31746,0.5901,0.64908,40.0,0.44267,0.28967,0.714,6.33333,43.0,49.33333,25.33333,6.33333,11.0,104.33333,0.06566,0.15716,0.50727,0.55194,0.66667,0
41.66667,0.49633,0.34433,0.79967,6.66667,32.66667,39.33333,24.66667,10.0,15.33333,101.66667,0.05222,0.21861,0.55386,0.58838,42.33333,0.45433,0.39567,0.76633,11.33333,31.33333,42.66667,19.66667,9.66667,12.0,114.33333,0.0135,0.32672,0.51348,0.58107,0.66667,0
43.0,0.48667,0.39033,0.78267,13.66667,32.66667,46.33333,27.0,6.33333,15.66667,115.0,0.13905,0.43601,0.55887,0.61517,45.66667,0.493,0.42667,0.782,12.0,40.0,52.0,26.66667,8.33333,10.33333,124.33333,0.38227,0.37392,0.56647,0.63387,0.0,1
38.0,0.47267,0.37633,0.81667,6.66667,36.33333,43.0,26.0,6.0,14.33333,111.66667,0.11091,0.21369,0.54714,0.64372,43.0,0.48533,0.40867,0.781,8.0,29.33333,37.33333,27.66667,7.66667,10.66667,115.0,-0.01048,0.22686,0.56791,0.62177,0.66667,0
38.66667,0.42967,0.38833,0.79333,11.66667,36.0,47.66667,22.33333,4.33333,10.0,107.66667,0.0692,0.33359,0.50255,0.56764,40.66667,0.451,0.33933,0.83167,8.0,33.0,41.0,25.33333,6.0,11.66667,107.66667,-0.07129,0.21473,0.51618,0.57299,1.0,0
41.33333,0.491,0.355,0.817,10.33333,31.33333,41.66667,23.33333,7.66667,15.0,113.0,0.0255,0.34473,0.56069,0.63324,48.33333,0.53733,0.41167,0.76933,10.0,37.33333,47.33333,19.33333,8.33333,13.66667,125.0,0.13518,0.30864,0.59578,0.65588,0.0,1
39.0,0.44467,0.32467,0.75,6.66667,37.33333,44.0,25.66667,8.66667,12.0,103.33333,-0.03775,0.16171,0.5053,0.56141,46.33333,0.522,0.427,0.75367,12.0,39.0,51.0,19.33333,6.66667,13.0,123.33333,0.14815,0.39654,0.58508,0.65234,0.0,1
40.33333,0.481,0.38433,0.7,7.33333,32.33333,39.66667,21.66667,11.0,14.0,110.0,0.05897,0.22094,0.54973,0.61518,36.33333,0.462,0.37733,0.69767,9.33333,36.66667,46.0,21.0,7.0,13.0,102.0,0.13775,0.29971,0.55246,0.61121,0.0,0
41.33333,0.52433,0.39067,0.763,6.66667,33.33333,40.0,26.0,8.66667,14.66667,116.33333,0.16208,0.25936,0.5907,0.68362,41.0,0.46367,0.30033,0.75633,8.66667,31.0,39.66667,23.0,5.0,12.33333,100.0,-0.15458,0.24704,0.51968,0.5513,1.0,0
39.0,0.46967,0.30767,0.75967,9.0,30.33333,39.33333,23.66667,10.66667,11.0,106.33333,0.29569,0.28512,0.53135,0.60148,37.0,0.47433,0.37333,0.844,3.66667,33.33333,37.0,19.66667,8.33333,12.33333,101.66667,0.0126,0.11512,0.5402,0.61534,0.33333,0
37.66667,0.458,0.315,0.73267,8.66667,33.0,41.66667,20.66667,8.0,11.66667,101.66667,0.07073,0.25671,0.52146,0.58515,33.66667,0.41167,0.32133,0.63233,11.33333,36.66667,48.0,18.33333,6.33333,11.66667,95.33333,-0.02769,0.30506,0.48902,0.5472,0.33333,1
40.33333,0.47767,0.41867,0.68267,6.33333,34.66667,41.0,26.0,5.66667,12.0,106.0,0.10144,0.17241,0.54842,0.59674,36.0,0.43467,0.21933,0.88767,10.0,30.66667,40.66667,23.66667,7.33333,16.33333,97.0,-0.19191,0.31247,0.47253,0.55408,1.0,0
36.66667,0.407,0.262,0.73333,12.33333,35.66667,48.0,24.0,5.33333,13.33333,96.66667,-0.08228,0.35458,0.45286,0.50917,36.33333,0.43633,0.29033,0.82167,11.33333,29.0,40.33333,21.33333,5.33333,14.33333,98.33333,-0.18365,0.34592,0.49074,0.56077,1.0,0
41.66667,0.47967,0.34467,0.73033,9.33333,32.0,41.33333,23.0,9.33333,12.33333,111.0,-0.00589,0.29832,0.53387,0.60116,47.66667,0.509,0.45767,0.82033,11.33333,36.66667,48.0,26.66667,6.66667,13.0,119.66667,0.18478,0.35392,0.56811,0.61561,0.0,0
40.66667,0.49,0.36733,0.845,11.33333,29.33333,40.66667,22.0,5.33333,10.0,115.0,0.1327,0.3943,0.55938,0.6489,39.33333,0.489,0.35733,0.66933,12.66667,27.66667,40.33333,19.66667,7.0,16.0,103.0,-0.07028,0.45068,0.54873,0.60253,1.0,0
41.0,0.46233,0.36433,0.733,9.66667,37.66667,47.33333,25.33333,9.33333,10.66667,108.66667,0.16371,0.27475,0.52698,0.58369,37.33333,0.40667,0.25567,0.61033,11.66667,34.33333,46.0,20.0,9.66667,13.0,94.0,-0.21734,0.30897,0.44841,0.48956,1.0,0
38.33333,0.421,0.31567,0.791,13.66667,37.33333,51.0,23.33333,9.33333,15.66667,97.33333,0.03433,0.39117,0.46946,0.5162,40.33333,0.46367,0.372,0.73133,11.0,35.66667,46.66667,21.0,9.0,11.33333,105.0,0.14202,0.32534,0.52123,0.57458,0.33333,1
41.66667,0.46967,0.36567,0.67,8.66667,25.33333,34.0,22.33333,10.33333,13.66667,102.66667,-0.15457,0.25837,0.51866,0.55786,41.33333,0.446,0.38367,0.74433,8.0,29.66667,37.66667,18.66667,9.0,7.66667,108.33333,-0.13021,0.1954,0.50177,0.55594,1.0,1
47.66667,0.51367,0.37733,0.885,11.0,33.66667,44.66667,30.0,8.66667,10.0,129.33333,0.14294,0.35714,0.57093,0.65664,37.66667,0.44367,0.406,0.87,9.33333,37.33333,46.66667,21.33333,7.33333,11.33333,108.66667,0.06432,0.27815,0.52821,0.60623,0.33333,1
35.33333,0.42233,0.34933,0.64867,7.0,35.33333,42.33333,20.0,8.0,11.33333,93.33333,0.06544,0.18437,0.47934,0.53031,33.0,0.421,0.36267,0.78233,8.66667,31.0,39.66667,19.33333,4.66667,15.33333,94.0,-0.27556,0.2665,0.47334,0.55812,1.0,0
46.0,0.54,0.44867,0.795,10.33333,37.33333,47.66667,28.0,7.33333,15.0,120.33333,0.3477,0.37973,0.60491,0.67004,37.33333,0.43933,0.27167,0.74367,8.0,30.0,38.0,22.33333,7.66667,12.33333,97.33333,-0.19469,0.22288,0.47843,0.54211,1.0,0
39.0,0.46367,0.30833,0.81,11.33333,24.33333,35.66667,19.66667,10.0,15.33333,107.66667,-0.14335,0.40698,0.52515,0.60268,36.33333,0.43367,0.355,0.68333,13.33333,30.0,43.33333,19.66667,7.66667,17.33333,96.33333,-0.10187,0.44014,0.49519,0.54657,1.0,1
40.66667,0.457,0.32833,0.788,10.33333,31.66667,42.0,20.66667,9.33333,13.0,105.0,0.03274,0.31703,0.50411,0.56439,35.0,0.40467,0.17067,0.84267,13.0,35.33333,48.33333,21.33333,5.66667,15.33333,92.0,-0.1845,0.37497,0.43318,0.50599,1.0,0
40.0,0.45067,0.41233,0.79533,12.33333,34.0,46.33333,29.33333,8.33333,15.0,108.33333,0.06422,0.37326,0.52493,0.5831,41.33333,0.443,0.309,0.925,10.66667,40.33333,51.0,26.33333,7.0,10.33333,108.0,0.09848,0.29682,0.49572,0.55615,0.33333,1
41.66667,0.45133,0.355,0.80167,12.0,35.33333,47.33333,20.66667,8.33333,7.66667,112.33333,0.17888,0.33542,0.49891,0.57422,43.33333,0.51233,0.46667,0.823,6.33333,30.33333,36.66667,26.33333,7.66667,14.33333,119.66667,0.0135,0.19993,0.60156,0.6722,0.66667,0
39.33333,0.45433,0.34667,0.84133,8.33333,43.0,51.33333,22.66667,6.33333,16.33333,105.66667,0.07567,0.2455,0.51966,0.58234,37.66667,0.45633,0.347,0.754,9.66667,33.33333,43.0,18.33333,7.66667,18.66667,108.33333,-0.01415,0.27963,0.51717,0.60797,0.66667,1
42.0,0.492,0.25967,0.78433,11.33333,32.33333,43.66667,21.0,6.33333,11.0,112.33333,0.03024,0.38034,0.53537,0.61726,40.0,0.48867,0.39,0.75933,8.0,35.33333,43.33333,26.0,9.0,13.33333,108.0,0.11668,0.23867,0.55894,0.62224,0.33333,0
44.0,0.49867,0.34267,0.735,8.66667,37.66667,46.33333,25.66667,7.66667,11.33333,116.0,0.05837,0.28063,0.55809,0.62046,35.66667,0.42233,0.34133,0.83867,9.0,36.0,45.0,20.0,5.33333,11.0,101.0,-0.0121,0.28413,0.4789,0.56369,0.66667,1
41.33333,0.47933,0.41833,0.79233,10.66667,33.33333,44.0,23.66667,9.0,13.66667,106.0,-0.01859,0.35364,0.5419,0.59142,44.66667,0.496,0.352,0.76333,5.33333,41.33333,46.66667,26.0,7.0,12.66667,115.66667,0.13155,0.13947,0.56996,0.6153,0.66667,1
43.33333,0.506,0.383,0.83867,10.0,30.66667,40.66667,29.33333,9.0,15.0,108.0,0.05868,0.38018,0.5681,0.60965,40.0,0.469,0.27767,0.81867,7.0,31.33333,38.33333,22.66667,6.66667,10.66667,104.33333,-0.18703,0.19738,0.52043,0.58385,1.0,0
45.0,0.516,0.402,0.765,10.66667,31.66667,42.33333,27.66667,5.33333,14.0,116.33333,0.07569,0.35537,0.58289,0.63197,35.0,0.409,0.20667,0.79267,14.0,36.0,50.0,22.33333,6.33333,14.66667,92.33333,-0.09322,0.42279,0.44576,0.51323,1.0,1
45.33333,0.49833,0.426,0.66667,8.33333,32.0,40.33333,22.0,15.33333,12.0,116.33333,0.09686,0.27313,0.5686,0.6119,42.66667,0.46433,0.38267,0.697,9.0,32.0,41.0,26.33333,5.66667,8.0,108.0,-0.01783,0.25301,0.53232,0.56796,0.66667,0
40.66667,0.49,0.41033,0.77333,7.0,35.33333,42.33333,27.33333,7.0,13.66667,117.66667,0.15792,0.21597,0.57195,0.65979,39.33333,0.45467,0.391,0.84233,9.33333,39.0,48.33333,21.33333,5.0,16.33333,107.33333,-0.12099,0.27519,0.51597,0.58759,0.66667,0
34.33333,0.39133,0.18367,0.69867,9.66667,35.33333,45.0,16.66667,7.66667,13.66667,84.0,-0.32188,0.24155,0.41813,0.46102,40.33333,0.44767,0.37667,0.76333,10.0,29.66667,39.66667,17.66667,11.66667,12.0,111.0,-0.01159,0.29726,0.51299,0.58094,0.66667,0
38.0,0.43867,0.37667,0.82167,10.0,31.66667,41.66667,23.0,5.0,11.66667,100.66667,-0.22659,0.30092,0.5101,0.55997,38.66667,0.423,0.283,0.78267,16.0,29.66667,45.66667,19.66667,9.0,15.33333,100.66667,-0.16228,0.47317,0.4671,0.52674,1.0,1
37.66667,0.44467,0.36167,0.80767,10.66667,31.0,41.66667,22.33333,4.66667,12.66667,109.0,-0.0275,0.33386,0.51394,0.60039,42.33333,0.51367,0.424,0.71267,8.33333,30.33333,38.66667,27.33333,7.33333,14.0,110.66667,0.03176,0.27694,0.59513,0.64268,0.33333,0
40.0,0.44933,0.339,0.74333,7.66667,33.0,40.66667,27.0,9.0,11.0,102.66667,-0.05569,0.19712,0.51467,0.5563,39.33333,0.45933,0.40067,0.78467,9.33333,37.33333,46.66667,20.33333,5.66667,10.66667,104.66667,0.12222,0.30159,0.52463,0.58224,0.33333,1
40.33333,0.46133,0.32033,0.793,8.66667,35.0,43.66667,28.66667,6.0,16.0,111.33333,-0.0432,0.26929,0.51787,0.59965,40.66667,0.46433,0.36567,0.68833,10.0,31.0,41.0,26.0,3.33333,13.0,102.33333,-0.17628,0.27069,0.53094,0.56423,1.0,0
39.0,0.46967,0.372,0.73,10.33333,31.0,41.33333,25.66667,11.33333,10.66667,111.0,0.34163,0.33149,0.54259,0.62099,42.0,0.494,0.38733,0.82567,8.33333,37.33333,45.66667,22.0,6.0,10.33333,115.66667,0.16601,0.28889,0.55645,0.63787,0.0,0
40.66667,0.48033,0.44733,0.78567,9.0,37.0,46.0,29.0,9.66667,15.0,108.0,0.10713,0.29814,0.55555,0.61085,35.0,0.45767,0.38067,0.838,5.0,32.33333,37.33333,16.66667,8.0,15.0,94.33333,-0.1194,0.15216,0.50796,0.58268,0.66667,0
41.66667,0.47167,0.32467,0.76233,14.33333,35.33333,49.66667,24.0,6.66667,14.0,110.0,0.0397,0.51845,0.5297,0.59026,48.0,0.523,0.50233,0.85733,10.0,33.66667,43.66667,25.66667,6.0,15.66667,121.33333,0.06164,0.32707,0.58512,0.6364,0.33333,0
38.66667,0.479,0.39833,0.74633,9.66667,32.0,41.66667,23.0,8.66667,15.66667,102.33333,-0.03843,0.3337,0.55097,0.60371,36.0,0.42233,0.33533,0.79667,10.66667,34.66667,45.33333,21.0,7.66667,15.66667,99.0,0.0102,0.31425,0.48467,0.55108,0.33333,1
43.66667,0.5,0.44233,0.71167,10.66667,37.0,47.66667,28.33333,10.33333,12.66667,114.0,0.23025,0.33031,0.57134,0.62027,39.33333,0.46033,0.39767,0.752,8.33333,35.66667,44.0,26.33333,8.33333,13.66667,104.33333,0.03095,0.26154,0.5264,0.58172,0.33333,1
37.33333,0.47467,0.37733,0.88067,7.66667,33.33333,41.0,23.33333,8.0,11.0,107.66667,0.13167,0.25074,0.54489,0.63992,41.0,0.475,0.34433,0.85067,6.0,37.33333,43.33333,31.0,7.0,9.66667,108.0,0.14212,0.16608,0.54684,0.60211,0.33333,1
42.66667,0.495,0.35,0.78,9.66667,33.0,42.66667,25.0,7.66667,11.66667,109.66667,0.05922,0.31449,0.55248,0.60689,34.0,0.39033,0.25267,0.65533,8.66667,35.33333,44.0,17.66667,6.66667,15.66667,90.66667,-0.23676,0.22513,0.43238,0.49429,1.0,0
39.33333,0.49333,0.40667,0.83133,9.66667,36.0,45.66667,21.66667,7.33333,15.33333,115.0,0.18489,0.35311,0.56317,0.6679,42.33333,0.455,0.27167,0.773,10.0,26.0,36.0,22.0,12.33333,10.66667,111.0,-0.06577,0.29726,0.50179,0.56534,0.66667,0
38.66667,0.42333,0.36033,0.813,11.33333,31.66667,43.0,20.0,6.33333,8.0,106.33333,-0.00322,0.31086,0.4857,0.5526,35.0,0.40467,0.27233,0.75567,8.66667,32.66667,41.33333,19.0,5.66667,12.0,95.33333,-0.1645,0.23759,0.44428,0.52208,0.66667,0
44.66667,0.48433,0.438,0.724,9.66667,31.33333,41.0,25.0,13.0,12.0,116.0,0.0927,0.30724,0.54953,0.60168,40.0,0.42267,0.42533,0.77467,11.66667,34.33333,46.0,19.66667,9.33333,10.0,108.66667,-0.00682,0.31368,0.49122,0.54852,0.66667,0
44.33333,0.52233,0.40867,0.762,8.66667,34.66667,43.33333,26.33333,5.33333,12.0,124.66667,0.08931,0.29573,0.60823,0.686,40.66667,0.46067,0.42533,0.82567,10.33333,35.66667,46.0,23.33333,7.0,10.66667,113.66667,0.11466,0.32385,0.54703,0.61212,0.0,1
35.0,0.41867,0.27267,0.69867,8.0,38.0,46.0,19.33333,6.0,14.66667,88.66667,-0.12276,0.2223,0.46624,0.50938,41.0,0.44933,0.35267,0.702,12.33333,35.33333,47.66667,24.0,10.0,10.33333,110.66667,0.08748,0.36071,0.51307,0.57306,0.33333,1
37.0,0.39833,0.25267,0.73833,12.33333,34.66667,47.0,21.66667,9.0,14.0,95.0,-0.17231,0.33462,0.43989,0.49111,37.33333,0.446,0.43233,0.911,7.66667,29.0,36.66667,21.0,8.66667,10.33333,101.33333,-0.02277,0.22546,0.52999,0.58405,0.66667,1
39.66667,0.46033,0.368,0.797,13.0,32.0,45.0,23.33333,7.33333,14.33333,110.0,-0.03417,0.45185,0.50656,0.59511,40.0,0.474,0.42,0.849,7.0,30.33333,37.33333,23.33333,7.33333,15.33333,112.33333,-0.04742,0.20379,0.546,0.62744,0.66667,1
38.0,0.456,0.30333,0.77333,9.66667,34.66667,44.33333,23.0,8.33333,14.33333,101.66667,0.0572,0.3083,0.50202,0.57691,31.66667,0.38467,0.338,0.81767,9.0,33.0,42.0,19.0,4.66667,17.0,88.33333,-0.29311,0.25192,0.435,0.50874,1.0,0
39.0,0.44467,0.436,0.69567,10.33333,38.0,48.33333,28.33333,5.0,12.33333,102.66667,0.02093,0.29861,0.51915,0.56243,35.66667,0.42967,0.343,0.72567,6.0,33.33333,39.33333,19.66667,6.0,10.0,96.66667,-0.11458,0.15978,0.48446,0.54982,1.0,1
38.33333,0.43233,0.28233,0.743,12.66667,31.33333,44.0,19.66667,8.66667,12.66667,97.66667,0.02037,0.37374,0.47406,0.52827,41.66667,0.445,0.35933,0.95,10.66667,42.66667,53.33333,29.0,5.33333,13.0,110.66667,0.08787,0.29492,0.51809,0.57156,0.33333,0
38.33333,0.445,0.41233,0.76367,11.33333,34.33333,45.66667,24.33333,8.33333,16.0,104.33333,0.01302,0.33159,0.52118,0.57755,40.0,0.466,0.36033,0.768,9.0,35.0,44.0,26.33333,8.0,13.66667,106.66667,0.10588,0.27401,0.52458,0.58952,0.0,1
41.66667,0.46633,0.46633,0.77333,11.0,38.0,49.0,23.66667,6.33333,10.66667,112.33333,0.18386,0.3132,0.52813,0.59476,45.33333,0.50033,0.48333,0.89933,7.66667,33.0,40.66667,28.0,9.0,10.0,119.33333,0.10029,0.23725,0.57349,0.63215,0.33333,0
39.0,0.467,0.37,0.88233,7.33333,37.0,44.33333,25.0,5.0,15.33333,104.33333,-0.02372,0.23584,0.53427,0.5973,41.0,0.49067,0.37633,0.81333,5.66667,35.66667,41.33333,25.0,5.33333,9.33333,116.0,0.08415,0.16984,0.5538,0.64589,0.33333,0
41.0,0.48533,0.391,0.82233,8.0,41.0,49.0,22.0,4.0,13.66667,113.66667,0.13957,0.24576,0.55469,0.63288,42.0,0.476,0.36467,0.719,11.66667,30.33333,42.0,20.33333,6.33333,12.33333,114.33333,0.0185,0.37395,0.55176,0.61304,0.66667,0
39.66667,0.44633,0.367,0.78933,11.66667,32.66667,44.33333,25.0,7.66667,15.0,106.0,-0.14527,0.37451,0.49682,0.56522,38.66667,0.458,0.343,0.85767,8.0,34.0,42.0,24.66667,8.0,11.66667,105.0,0.03254,0.23007,0.51997,0.59091,0.66667,1
39.66667,0.45767,0.3,0.77833,10.33333,34.66667,45.0,23.0,4.66667,12.66667,107.33333,-0.08243,0.32257,0.51989,0.58619,40.0,0.463,0.39633,0.74,8.33333,34.33333,42.66667,25.0,6.66667,17.33333,104.66667,-0.00477,0.26378,0.52471,0.58038,0.33333,1
43.0,0.469,0.382,0.74567,12.66667,30.66667,43.33333,25.66667,7.33333,10.33333,113.33333,0.05565,0.42014,0.52908,0.58787,47.33333,0.51067,0.44967,0.91,6.33333,37.33333,43.66667,30.0,7.33333,9.66667,122.66667,0.17385,0.18683,0.60051,0.64232,0.33333,1
40.33333,0.47667,0.38067,0.79333,8.33333,35.66667,44.0,26.66667,8.33333,12.66667,109.66667,0.12504,0.31043,0.55012,0.61492,36.66667,0.402,0.284,0.613,13.33333,33.33333,46.66667,20.66667,4.33333,11.66667,93.66667,-0.22323,0.3334,0.45851,0.49323,1.0,0
46.0,0.527,0.39233,0.674,10.0,31.33333,41.33333,25.66667,7.0,14.0,122.0,0.02534,0.34163,0.59376,0.6539,39.33333,0.47067,0.37467,0.79267,7.66667,36.0,43.66667,23.66667,10.66667,14.33333,114.33333,0.17551,0.22118,0.53858,0.63128,0.0,1
40.66667,0.49633,0.41633,0.81033,7.66667,35.33333,43.0,28.66667,9.66667,16.33333,118.33333,0.21442,0.2479,0.58357,0.67349,43.66667,0.48633,0.371,0.74133,10.33333,34.33333,44.66667,29.0,10.0,10.66667,113.66667,0.09488,0.29387,0.54678,0.60194,0.0,0
40.0,0.467,0.37467,0.89067,11.33333,28.0,39.33333,23.0,4.66667,10.66667,107.33333,-0.15157,0.3726,0.53514,0.60006,42.0,0.51633,0.33633,0.675,8.66667,30.0,38.66667,24.33333,5.66667,11.66667,110.66667,-0.11884,0.29303,0.56213,0.6318,1.0,1
38.0,0.488,0.37,0.795,4.66667,32.0,36.66667,28.0,7.0,13.33333,107.66667,-0.0482,0.15469,0.55798,0.64434,40.66667,0.464,0.30467,0.766,8.66667,32.66667,41.33333,25.66667,6.33333,11.33333,102.66667,-0.17129,0.23598,0.51769,0.56395,1.0,0
36.33333,0.41967,0.336,0.79133,9.33333,32.66667,42.0,20.0,6.0,11.0,101.0,-0.02627,0.23799,0.48515,0.55295,43.66667,0.505,0.426,0.73067,9.33333,38.0,47.33333,29.66667,7.33333,15.66667,120.33333,0.13532,0.2856,0.58793,0.6546,0.33333,0
42.0,0.45733,0.39267,0.80567,9.0,33.66667,42.66667,27.66667,8.66667,10.66667,110.66667,-0.03281,0.24471,0.52947,0.57888,38.66667,0.413,0.186,0.73233,11.66667,26.66667,38.33333,20.66667,8.33333,11.66667,97.0,-0.36168,0.32107,0.44363,0.4961,1.0,0
38.33333,0.46567,0.28233,0.78367,9.33333,29.0,38.33333,25.33333,7.33333,14.33333,102.33333,-0.1533,0.31144,0.51209,0.58625,34.66667,0.38033,0.38733,0.92133,12.66667,35.66667,48.33333,21.66667,7.66667,14.33333,102.66667,-0.02014,0.31345,0.45837,0.53692,0.66667,1
47.0,0.50767,0.38733,0.8,11.66667,33.0,44.66667,28.0,11.33333,12.33333,124.33333,0.09133,0.3878,0.56719,0.63521,41.66667,0.46233,0.37,0.78233,14.0,29.66667,43.66667,21.66667,7.33333,12.33333,113.0,0.00491,0.42708,0.53868,0.59779,0.66667,0
38.0,0.452,0.37333,0.71067,10.66667,33.33333,44.0,24.33333,8.66667,9.0,111.33333,0.26034,0.32197,0.53227,0.61315,44.33333,0.48733,0.36467,0.67267,12.0,32.0,44.0,27.66667,8.66667,11.33333,114.33333,0.04636,0.33953,0.54489,0.59551,0.33333,0
42.33333,0.46767,0.34067,0.70067,7.66667,25.0,32.66667,22.66667,8.66667,12.66667,105.66667,-0.2703,0.21776,0.51746,0.56164,38.33333,0.47133,0.36367,0.77533,9.66667,29.66667,39.33333,24.0,11.66667,14.0,108.66667,0.11037,0.33546,0.52683,0.61806,0.33333,1
40.0,0.42967,0.33067,0.76267,12.0,33.0,45.0,24.0,8.0,10.66667,110.33333,-0.06899,0.33627,0.47754,0.55651,34.0,0.42533,0.38067,0.844,7.0,33.33333,40.33333,19.66667,8.66667,19.66667,91.66667,-0.16079,0.22908,0.47246,0.54381,1.0,1
35.33333,0.40867,0.28967,0.819,11.33333,35.0,46.33333,19.66667,6.33333,15.0,94.66667,-0.06878,0.32958,0.45275,0.52101,36.0,0.428,0.36933,0.80833,8.0,36.0,44.0,21.33333,4.0,16.0,97.0,-0.2285,0.22548,0.48524,0.54918,1.0,1
38.33333,0.46133,0.38433,0.737,7.33333,37.33333,44.66667,26.0,6.33333,11.66667,101.33333,0.01426,0.24452,0.52576,0.58129,37.33333,0.41833,0.24967,0.814,14.66667,31.0,45.66667,21.33333,6.0,14.33333,97.66667,-0.20494,0.41186,0.46183,0.52369,1.0,0
41.33333,0.435,0.37933,0.82967,11.66667,41.66667,53.33333,23.66667,8.33333,14.33333,106.0,0.07948,0.33028,0.49345,0.53946,42.0,0.49967,0.43033,0.77333,13.33333,36.66667,50.0,18.66667,5.0,13.0,111.33333,0.12633,0.46725,0.56683,0.62796,0.0,1
43.33333,0.49267,0.38,0.80533,11.0,42.0,53.0,25.66667,7.0,11.0,116.0,0.34865,0.32755,0.55349,0.6242,49.33333,0.51933,0.485,0.78967,9.66667,37.0,46.66667,27.0,7.66667,15.33333,124.33333,0.00895,0.29059,0.57344,0.62682,0.66667,0
43.0,0.48,0.33467,0.79033,10.66667,35.66667,46.33333,29.0,5.0,14.66667,112.66667,0.05701,0.3392,0.54061,0.60012,35.33333,0.457,0.31567,0.76467,9.0,29.66667,38.66667,19.0,10.66667,16.0,103.33333,0.01658,0.33199,0.50662,0.61341,0.33333,1
40.33333,0.458,0.31167,0.82067,9.0,33.66667,42.66667,24.33333,6.66667,11.66667,107.66667,-0.17871,0.30414,0.50339,0.57785,43.0,0.48033,0.35767,0.79967,10.66667,33.66667,44.33333,27.33333,9.33333,10.66667,111.66667,0.06957,0.31126,0.53505,0.59517,0.0,1
39.33333,0.46767,0.42267,0.77767,8.66667,34.33333,43.0,23.66667,7.66667,12.33333,110.33333,0.0703,0.28105,0.54577,0.62082,42.33333,0.49433,0.39867,0.77267,9.33333,30.0,39.33333,20.66667,7.66667,14.66667,117.0,0.08716,0.29444,0.56787,0.64047,0.33333,0
39.66667,0.46367,0.26067,0.77533,12.0,34.33333,46.33333,21.0,5.33333,11.66667,109.33333,0.04041,0.38381,0.51428,0.59782,34.66667,0.42633,0.30233,0.73,7.0,31.33333,38.33333,19.66667,7.0,15.0,97.33333,-0.15066,0.19882,0.47788,0.55945,1.0,0
36.0,0.452,0.34533,0.85567,6.33333,34.33333,40.66667,25.66667,8.0,12.66667,106.66667,0.04595,0.19547,0.53031,0.62432,40.66667,0.444,0.415,0.89333,10.33333,37.33333,47.66667,21.33333,8.66667,13.33333,111.66667,0.03556,0.29473,0.51462,0.58223,0.66667,0
45.33333,0.492,0.46633,0.71667,11.66667,40.0,51.66667,24.33333,6.66667,10.66667,118.33333,0.13191,0.34935,0.55016,0.60785,39.33333,0.46867,0.42833,0.81667,10.0,35.33333,45.33333,24.66667,7.33333,11.0,113.66667,0.11466,0.34301,0.54214,0.63261,0.0,0
40.66667,0.401,0.29767,0.86733,13.66667,39.0,52.66667,23.0,8.33333,14.0,117.33333,-0.10944,0.31878,0.45996,0.54473,38.66667,0.492,0.43,0.88567,7.33333,30.33333,37.66667,22.66667,9.0,13.0,108.66667,0.08321,0.24084,0.56852,0.65058,0.33333,1
42.33333,0.48767,0.38867,0.76567,11.0,40.66667,51.66667,28.0,7.66667,13.66667,116.33333,0.20489,0.42333,0.56539,0.63374,37.0,0.44167,0.343,0.77233,6.33333,35.66667,42.0,18.66667,7.0,11.66667,98.66667,0.04453,0.17724,0.49623,0.55916,0.66667,0
36.33333,0.42767,0.34133,0.823,10.66667,33.0,43.66667,23.0,6.33333,13.0,100.33333,0.06374,0.29694,0.48647,0.55968,39.66667,0.45633,0.28333,0.79033,11.33333,34.33333,45.66667,25.66667,8.0,14.33333,105.33333,-0.03233,0.33057,0.50583,0.57313,0.66667,0
40.0,0.43467,0.329,0.75567,14.0,34.66667,48.66667,21.33333,8.33333,15.66667,104.66667,-0.11969,0.40157,0.48576,0.54255,38.66667,0.424,0.34033,0.68767,12.33333,35.33333,47.66667,23.66667,6.66667,13.66667,96.66667,-0.15702,0.32132,0.47845,0.51269,1.0,0
43.33333,0.51133,0.455,0.91867,6.33333,37.33333,43.66667,25.66667,4.33333,14.66667,113.66667,0.03122,0.20807,0.58162,0.64327,34.66667,0.43133,0.35867,0.80767,5.33333,26.33333,31.66667,22.0,7.0,13.33333,99.66667,-0.13436,0.16036,0.49329,0.58017,1.0,0
41.0,0.46133,0.33933,0.78267,9.66667,40.33333,50.0,23.33333,5.0,11.66667,113.0,0.1499,0.26404,0.51984,0.59759,46.33333,0.49633,0.38333,0.785,12.33333,39.0,51.33333,20.66667,9.33333,12.66667,120.0,0.1172,0.35273,0.53323,0.60363,0.0,0
37.66667,0.43133,0.31367,0.78933,12.33333,33.0,45.33333,21.66667,4.33333,11.66667,106.0,-0.1967,0.36797,0.5028,0.57363,35.66667,0.459,0.34533,0.752,10.66667,28.66667,39.33333,20.0,8.0,15.66667,107.33333,0.0038,0.37961,0.52288,0.63046,0.33333,1
40.33333,0.502,0.39167,0.76933,7.66667,34.0,41.66667,29.33333,7.0,12.66667,109.0,0.04186,0.26905,0.56229,0.63895,39.66667,0.49833,0.397,0.76567,10.0,34.0,44.0,24.0,6.66667,15.66667,108.33333,0.07763,0.34138,0.57772,0.64287,0.33333,1
45.0,0.507,0.36133,0.69567,12.0,26.66667,38.66667,25.66667,10.0,17.0,112.66667,-0.10946,0.40984,0.5551,0.60239,40.66667,0.47433,0.394,0.73833,9.0,35.66667,44.66667,24.33333,7.0,10.0,113.66667,0.10434,0.25576,0.53465,0.61604,0.33333,1
38.66667,0.44067,0.332,0.75567,10.33333,33.33333,43.66667,21.66667,6.66667,12.0,101.33333,-0.14201,0.31914,0.49104,0.54979,44.33333,0.50867,0.334,0.66633,8.33333,31.0,39.33333,27.66667,7.0,10.0,112.0,-0.1145,0.24911,0.56359,0.61147,1.0,0
42.66667,0.50467,0.42167,0.76767,8.66667,37.66667,46.33333,31.0,9.0,17.33333,117.33333,0.24123,0.27806,0.59555,0.65771,39.0,0.48333,0.46467,0.81933,8.33333,31.66667,40.0,23.33333,8.66667,18.33333,107.0,-0.05691,0.28846,0.55102,0.62386,0.66667,0
43.33333,0.43367,0.41467,0.86467,12.66667,43.33333,56.0,25.66667,9.66667,14.0,115.33333,0.10632,0.32472,0.50727,0.55461,39.33333,0.42967,0.323,0.90833,11.66667,39.0,50.66667,24.66667,6.33333,13.66667,101.66667,-0.07305,0.31728,0.49702,0.53996,0.66667,1
42.0,0.45167,0.39267,0.80133,11.66667,31.66667,43.33333,23.33333,10.66667,12.66667,114.0,-0.01054,0.34881,0.51254,0.58174,42.33333,0.48267,0.34,0.808,8.33333,36.0,44.33333,25.0,9.66667,12.0,114.0,0.12825,0.24044,0.53558,0.61193,0.0,1
41.0,0.46767,0.33733,0.819,12.0,27.0,39.0,26.0,6.33333,11.33333,107.66667,-0.13143,0.39747,0.52247,0.58517,35.66667,0.42933,0.35833,0.83133,5.33333,36.66667,42.0,17.33333,7.33333,13.0,95.66667,0.01813,0.14643,0.49207,0.5511,0.66667,1
44.0,0.522,0.38933,0.755,7.0,32.66667,39.66667,27.66667,4.33333,11.33333,121.0,0.03374,0.22289,0.59849,0.67227,39.33333,0.441,0.24767,0.70767,9.33333,37.0,46.33333,25.66667,7.0,13.66667,97.33333,-0.18617,0.23623,0.48365,0.52551,1.0,0
37.66667,0.438,0.353,0.79633,10.33333,35.33333,45.66667,21.66667,8.66667,14.66667,106.33333,0.02745,0.29424,0.50753,0.58244,46.66667,0.50233,0.42767,0.771,9.33333,32.0,41.33333,29.66667,8.66667,14.66667,121.33333,0.06275,0.29047,0.57818,0.62813,0.0,1
43.33333,0.50133,0.448,0.80567,8.0,30.33333,38.33333,27.33333,7.33333,11.66667,118.0,-0.07123,0.2328,0.5799,0.64411,43.66667,0.47433,0.40367,0.84967,11.0,36.33333,47.33333,23.33333,9.33333,11.0,122.33333,0.28595,0.32996,0.54487,0.62532,0.0,1
43.66667,0.52167,0.471,0.68167,9.33333,34.0,43.33333,27.33333,9.0,14.33333,114.0,0.0811,0.30512,0.58717,0.64212,34.66667,0.39933,0.34367,0.911,10.0,32.33333,42.33333,21.66667,7.33333,13.66667,103.0,0.00493,0.26235,0.48048,0.56222,0.66667,0
36.66667,0.431,0.35133,0.74867,8.66667,37.0,45.66667,21.0,5.66667,14.66667,95.0,-0.19009,0.24286,0.48175,0.5332,35.0,0.382,0.321,0.619,12.0,30.33333,42.33333,21.66667,6.33333,11.66667,92.0,-0.31268,0.29074,0.44551,0.48179,1.0,1
38.66667,0.47133,0.336,0.76667,9.33333,36.66667,46.0,23.66667,8.0,10.66667,110.33333,0.20695,0.28676,0.53563,0.62447,43.0,0.50167,0.43633,0.80367,9.0,33.0,42.0,26.0,7.66667,14.66667,119.0,0.07466,0.27203,0.57299,0.65454,0.0,0
37.33333,0.42933,0.30567,0.90433,9.33333,33.66667,43.0,20.66667,7.0,13.33333,104.66667,-0.0105,0.26868,0.48074,0.5675,41.0,0.44967,0.34333,0.81767,9.33333,36.66667,46.0,28.66667,7.66667,11.0,108.66667,0.09235,0.25642,0.51768,0.57135,0.33333,0
39.0,0.388,0.34167,0.86467,13.33333,44.0,57.33333,24.66667,8.33333,14.66667,110.33333,-0.00612,0.31204,0.4599,0.52322,38.66667,0.447,0.381,0.755,13.33333,33.66667,47.0,27.33333,7.66667,16.0,105.33333,0.00517,0.41671,0.52673,0.58117,0.66667,1
40.66667,0.473,0.36267,0.738,8.33333,31.0,39.33333,20.33333,7.33333,13.0,106.66667,-0.06612,0.23886,0.5258,0.58965,46.0,0.469,0.36,0.756,11.33333,37.33333,48.66667,25.0,8.66667,15.66667,118.66667,-0.12269,0.29172,0.50883,0.57363,1.0,1
38.66667,0.45633,0.36233,0.70567,6.0,39.66667,45.66667,25.33333,9.66667,9.33333,102.66667,0.29638,0.16075,0.52177,0.57607,39.0,0.468,0.35167,0.74133,12.0,32.33333,44.33333,23.33333,8.66667,16.66667,101.33333,-0.01811,0.41198,0.52568,0.57927,0.66667,0
40.33333,0.484,0.35933,0.85233,9.0,31.0,40.0,22.66667,5.33333,11.66667,111.33333,0.0028,0.29665,0.54609,0.62715,41.0,0.46233,0.38967,0.92967,10.0,35.0,45.0,22.33333,10.0,13.66667,110.33333,-0.01342,0.30017,0.52424,0.59422,0.66667,0
38.0,0.444,0.35733,0.70933,7.0,27.33333,34.33333,19.33333,9.66667,14.0,97.66667,-0.20392,0.19141,0.4935,0.54801,40.0,0.46033,0.41833,0.81367,12.0,34.0,46.0,25.0,8.66667,14.33333,114.0,0.08017,0.40659,0.53612,0.61725,0.33333,1
41.33333,0.43533,0.344,0.701,13.0,30.0,43.0,24.0,8.33333,11.0,108.33333,-0.17354,0.38706,0.48807,0.54283,42.0,0.50533,0.40033,0.819,8.0,31.33333,39.33333,24.0,7.66667,12.66667,114.33333,0.11266,0.24738,0.5776,0.65313,0.0,1
43.66667,0.46767,0.39267,0.83833,13.0,32.33333,45.33333,25.33333,7.66667,14.0,116.33333,-0.00287,0.39859,0.52819,0.59423,38.0,0.43767,0.35167,0.756,12.33333,30.66667,43.0,22.0,9.66667,13.66667,108.66667,0.02794,0.36023,0.50466,0.58459,0.33333,1
40.33333,0.443,0.345,0.817,13.0,37.66667,50.66667,26.33333,8.66667,14.33333,105.66667,0.1603,0.37193,0.49902,0.55823,37.0,0.41233,0.352,0.81033,11.66667,34.66667,46.33333,19.0,8.0,13.33333,104.66667,-0.14127,0.31428,0.4587,0.54735,0.66667,0
45.66667,0.483,0.40267,0.829,13.33333,34.0,47.33333,28.66667,7.66667,10.66667,122.0,0.09456,0.41518,0.54067,0.61258,39.33333,0.47433,0.335,0.74133,9.0,31.0,40.0,28.0,7.0,16.33333,106.66667,-0.07781,0.29173,0.53798,0.60388,0.66667,1
40.33333,0.45067,0.30433,0.778,11.66667,33.0,44.66667,20.0,8.33333,12.33333,111.0,-0.08084,0.3715,0.5172,0.58719,41.66667,0.48367,0.39833,0.73667,8.66667,37.0,45.66667,28.0,6.0,11.0,112.66667,0.0725,0.24338,0.55705,0.61696,0.33333,1
47.33333,0.50433,0.48433,0.75433,12.66667,38.33333,51.0,25.33333,8.33333,13.33333,118.66667,0.11391,0.39062,0.55656,0.6053,36.66667,0.43267,0.38233,0.82767,9.0,28.33333,37.33333,22.33333,6.66667,15.66667,103.66667,-0.04577,0.25396,0.51374,0.58244,0.66667,0
45.0,0.54033,0.445,0.878,5.66667,37.33333,43.0,27.66667,3.33333,11.66667,116.33333,0.09123,0.1999,0.60026,0.66578,40.33333,0.44967,0.41067,0.81467,12.0,36.0,48.0,21.66667,7.33333,15.66667,109.33333,-0.13005,0.34212,0.50945,0.57815,0.66667,0
41.0,0.45767,0.34633,0.83033,8.66667,39.33333,48.0,26.0,5.0,12.33333,110.0,0.19117,0.22571,0.52905,0.58647,42.33333,0.48133,0.34467,0.70933,8.33333,32.33333,40.66667,28.33333,5.66667,12.66667,105.66667,-0.05721,0.23238,0.54889,0.58179,0.66667,0
38.66667,0.45067,0.32133,0.73867,8.0,41.33333,49.33333,24.33333,7.66667,12.0,108.33333,0.16345,0.26026,0.5194,0.59369,42.33333,0.49133,0.35667,0.765,6.66667,36.66667,43.33333,29.0,6.66667,8.33333,113.0,0.09083,0.1826,0.55903,0.61979,0.33333,0
36.33333,0.41367,0.31733,0.75033,12.0,31.66667,43.66667,22.33333,6.33333,14.66667,100.0,-0.24022,0.35665,0.47089,0.53771,42.66667,0.50967,0.337,0.75767,11.66667,29.33333,41.0,24.0,7.66667,14.33333,120.0,0.01662,0.40507,0.56512,0.66014,0.33333,1
41.0,0.479,0.44733,0.75567,10.66667,33.66667,44.33333,27.0,8.66667,15.66667,108.66667,0.07177,0.34716,0.55352,0.60645,42.0,0.48567,0.41633,0.84933,7.33333,33.66667,41.0,26.66667,8.66667,10.33333,114.33333,0.08431,0.22243,0.54914,0.62305,0.33333,1
45.0,0.49867,0.36367,0.763,13.33333,27.0,40.33333,26.0,9.33333,15.0,114.0,-0.10432,0.46175,0.54996,0.6025,44.0,0.487,0.33,0.78433,11.33333,39.66667,51.0,22.66667,7.33333,15.0,113.33333,0.04682,0.36788,0.53659,0.59646,0.33333,0
43.0,0.49233,0.405,0.811,10.33333,30.33333,40.66667,26.33333,7.33333,12.0,113.33333,0.11584,0.35734,0.55527,0.61719,42.0,0.51433,0.318,0.63867,8.66667,31.33333,40.0,24.33333,7.33333,13.66667,107.0,-0.13707,0.29977,0.56587,0.61753,1.0,0
41.0,0.496,0.40733,0.791,9.33333,36.33333,45.66667,28.0,9.66667,15.66667,114.33333,0.21159,0.31916,0.58095,0.65205,43.66667,0.50933,0.417,0.767,7.66667,34.0,41.66667,28.66667,4.66667,10.0,119.0,0.06439,0.22669,0.58891,0.65416,0.33333,0
42.66667,0.47067,0.42867,0.81867,9.66667,35.66667,45.33333,26.66667,5.66667,9.66667,109.0,0.0874,0.28345,0.53669,0.58058,40.0,0.43467,0.21967,0.73233,11.33333,27.66667,39.0,25.0,6.33333,13.0,105.0,-0.31003,0.32211,0.4699,0.53849,1.0,0
36.33333,0.425,0.34933,0.80967,12.0,33.33333,45.33333,18.66667,10.33333,15.33333,104.0,0.0164,0.34649,0.48696,0.57117,34.66667,0.44533,0.331,0.73333,9.33333,28.33333,37.66667,22.33333,10.66667,12.0,101.66667,-0.00035,0.26276,0.50726,0.59982,0.33333,1
44.66667,0.49333,0.44467,0.766,10.0,32.0,42.0,25.66667,8.0,11.0,123.33333,-0.05621,0.2616,0.56406,0.6371,42.0,0.51633,0.33833,0.73767,10.66667,30.0,40.66667,23.33333,5.66667,14.33333,115.66667,-0.02539,0.39951,0.57079,0.65714,0.66667,1
40.0,0.49633,0.36533,0.78967,9.66667,38.0,47.66667,26.0,6.33333,16.33333,107.33333,0.1565,0.35062,0.5585,0.62796,34.66667,0.395,0.374,0.67633,9.0,34.0,43.0,20.0,7.0,12.66667,97.0,-0.20048,0.22786,0.46431,0.52234,0.66667,0
36.66667,0.47133,0.30567,0.76533,6.0,35.33333,41.33333,20.66667,7.66667,11.0,105.33333,0.09341,0.17326,0.52627,0.62383,39.33333,0.47233,0.38667,0.77567,11.0,35.66667,46.66667,23.66667,6.66667,14.66667,107.0,0.04666,0.33745,0.54428,0.60559,0.33333,0
39.66667,0.43633,0.40667,0.80967,9.66667,38.0,47.66667,25.33333,7.33333,16.66667,113.33333,0.0039,0.25843,0.50613,0.58611,39.66667,0.476,0.41033,0.78267,11.0,31.0,42.0,24.0,9.0,18.0,109.33333,0.02325,0.39402,0.54645,0.61763,0.66667,0
40.66667,0.45533,0.28067,0.84733,12.33333,32.66667,45.0,24.0,7.66667,11.0,111.0,0.06951,0.39774,0.50374,0.5862,41.0,0.48033,0.25433,0.77867,8.33333,34.33333,42.66667,23.33333,8.33333,15.66667,105.66667,-0.09851,0.2393,0.52487,0.58683,0.66667,0
40.33333,0.463,0.328,0.72333,8.66667,32.33333,41.0,21.33333,7.66667,12.33333,102.0,-0.10789,0.23855,0.51306,0.56082,43.66667,0.47133,0.42533,0.762,11.0,33.66667,44.66667,26.66667,8.0,15.0,116.33333,0.02363,0.33397,0.55699,0.60566,0.33333,1
33.0,0.38033,0.23433,0.76767,11.66667,32.33333,44.0,14.33333,6.66667,13.33333,84.33333,-0.23316,0.3061,0.41521,0.46717,46.0,0.45833,0.32367,0.72833,12.33333,40.33333,52.66667,27.66667,10.33333,13.0,118.33333,0.04619,0.31949,0.49528,0.55866,0.66667,1
39.66667,0.47367,0.436,0.67167,10.66667,36.0,46.66667,26.0,4.0,15.33333,106.0,-0.09885,0.35183,0.54288,0.59709,44.66667,0.505,0.39867,0.83067,8.33333,36.0,44.33333,27.66667,8.66667,11.33333,121.33333,0.11511,0.25832,0.57087,0.64637,0.0,1
40.66667,0.468,0.248,0.78567,12.33333,35.66667,48.0,25.66667,5.33333,12.33333,110.0,0.05785,0.39236,0.50866,0.59172,39.66667,0.463,0.36367,0.72133,10.0,32.66667,42.66667,23.0,5.33333,14.33333,106.66667,-0.0346,0.31975,0.53102,0.59119,0.33333,0
33.33333,0.40833,0.35133,0.79333,11.33333,31.0,42.33333,20.66667,9.33333,15.0,96.0,-0.05861,0.33851,0.47134,0.55217,35.66667,0.44067,0.428,0.73033,5.33333,28.33333,33.66667,23.66667,7.66667,10.33333,102.0,-0.10792,0.14241,0.51239,0.58753,1.0,1
44.66667,0.49367,0.33433,0.76867,10.0,39.66667,49.66667,29.33333,7.0,11.0,120.33333,0.29518,0.28363,0.54694,0.62256,36.33333,0.458,0.37033,0.82967,8.0,34.33333,42.33333,22.0,8.66667,15.33333,108.33333,0.16058,0.26022,0.52851,0.63168,0.0,1
44.0,0.47833,0.416,0.72267,11.0,33.66667,44.66667,30.66667,8.0,14.33333,112.66667,0.12539,0.34542,0.55294,0.59103,40.0,0.456,0.28967,0.92833,7.66667,34.33333,42.0,20.0,9.0,14.33333,105.0,-0.1421,0.21146,0.50118,0.57188,1.0,0
44.66667,0.54233,0.448,0.71833,8.66667,33.66667,42.33333,29.66667,11.33333,13.66667,116.33333,0.14346,0.34641,0.60334,0.66436,37.66667,0.44833,0.384,0.79867,11.66667,37.0,48.66667,23.0,10.0,15.33333,109.0,0.09405,0.37666,0.51538,0.60464,0.33333,0
38.66667,0.444,0.345,0.70133,7.66667,34.33333,42.0,23.33333,6.0,10.66667,101.66667,-0.24732,0.21366,0.49619,0.55281,37.33333,0.45433,0.37533,0.80833,11.0,29.0,40.0,24.66667,10.0,12.33333,108.33333,0.03762,0.32387,0.52649,0.61531,0.33333,1
38.66667,0.44967,0.344,0.85367,11.33333,31.66667,43.0,21.0,6.66667,10.66667,109.33333,0.0404,0.34903,0.5101,0.59564,35.66667,0.42933,0.31133,0.84867,6.66667,35.0,41.66667,16.0,10.66667,14.0,95.33333,0.12384,0.19851,0.48574,0.54863,0.33333,0
39.0,0.42767,0.331,0.84467,14.0,35.66667,49.66667,27.0,10.66667,15.0,108.66667,0.21354,0.41938,0.48766,0.56746,37.33333,0.47033,0.295,0.73167,7.0,33.33333,40.33333,19.66667,8.66667,16.66667,95.33333,-0.01951,0.21484,0.52286,0.57393,0.66667,0
38.66667,0.43733,0.32467,0.77233,10.0,31.66667,41.66667,20.66667,11.66667,12.33333,108.0,-0.1048,0.30341,0.50887,0.57863,42.0,0.47267,0.31833,0.717,8.0,33.66667,41.66667,21.66667,4.0,11.0,113.66667,-0.0361,0.23406,0.5404,0.60409,0.66667,1
48.0,0.518,0.433,0.76533,10.66667,35.66667,46.33333,21.66667,11.33333,12.0,122.66667,0.05597,0.32144,0.56901,0.62916,35.33333,0.39233,0.24633,0.693,12.33333,29.66667,42.0,21.33333,6.33333,14.66667,96.66667,-0.39967,0.32211,0.43545,0.5042,1.0,0
43.33333,0.51633,0.42267,0.82367,6.66667,41.0,47.66667,26.66667,4.0,12.0,115.66667,0.18732,0.20955,0.58179,0.65228,42.66667,0.443,0.33767,0.83033,13.66667,38.0,51.66667,27.0,7.66667,13.66667,116.0,0.1263,0.4211,0.49143,0.56887,0.33333,0
43.33333,0.49,0.37467,0.815,7.66667,37.0,44.66667,28.0,7.0,13.33333,114.66667,0.22798,0.20524,0.56975,0.61985,38.0,0.43733,0.35633,0.779,9.0,32.33333,41.33333,26.33333,8.0,11.0,106.0,-0.04924,0.24545,0.50855,0.58019,0.33333,0
38.33333,0.44167,0.353,0.752,12.33333,34.0,46.33333,22.33333,7.66667,17.0,103.0,-0.16548,0.40295,0.4995,0.56196,42.33333,0.44767,0.43167,0.85067,10.66667,32.0,42.66667,31.0,7.66667,13.0,115.33333,-0.08683,0.28523,0.52341,0.58375,0.66667,0
41.33333,0.46267,0.34833,0.73967,11.0,39.33333,50.33333,27.33333,8.0,13.33333,109.66667,0.16695,0.3547,0.52235,0.58311,44.33333,0.49167,0.445,0.861,11.0,35.66667,46.66667,28.0,7.33333,11.33333,126.0,0.19978,0.35473,0.57293,0.65637,0.0,1
42.66667,0.482,0.47,0.793,9.33333,37.0,46.33333,29.33333,6.66667,11.66667,111.0,0.11985,0.29007,0.56264,0.60509,44.66667,0.51967,0.37833,0.68167,7.66667,34.0,41.66667,27.0,6.33333,12.66667,113.33333,-0.03228,0.23159,0.58402,0.62918,0.66667,1
43.0,0.48033,0.43367,0.767,12.66667,31.33333,44.0,25.0,9.0,14.66667,112.33333,-0.01607,0.39967,0.54316,0.5977,39.33333,0.46267,0.417,0.714,7.33333,36.0,43.33333,24.0,5.0,14.0,109.33333,-0.03785,0.20473,0.52915,0.60164,0.66667,0
41.33333,0.484,0.37967,0.74667,11.0,36.66667,47.66667,27.33333,9.0,14.33333,110.66667,0.18745,0.36477,0.55614,0.61451,33.66667,0.42833,0.37533,0.76267,5.66667,28.66667,34.33333,15.66667,10.33333,13.66667,94.66667,-0.05339,0.16098,0.48918,0.56344,0.66667,0
42.66667,0.458,0.36933,0.83667,13.66667,32.66667,46.33333,24.33333,7.33333,14.33333,111.66667,-0.06973,0.40837,0.51705,0.57531,41.0,0.46733,0.39767,0.75833,11.0,36.33333,47.33333,26.33333,9.0,20.66667,113.33333,0.04529,0.33789,0.54168,0.6101,0.66667,1
37.0,0.459,0.29667,0.69267,7.66667,30.33333,38.0,23.66667,8.33333,17.0,97.0,-0.14273,0.24731,0.50813,0.56848,38.66667,0.455,0.35733,0.75567,10.0,31.0,41.0,22.66667,8.33333,13.33333,105.66667,-0.08379,0.31302,0.52161,0.58858,0.66667,1
39.33333,0.43633,0.28633,0.75033,12.0,36.33333,48.33333,24.0,7.33333,13.33333,102.66667,-0.01368,0.34084,0.48429,0.54174,40.66667,0.449,0.41333,0.76,11.66667,31.33333,43.0,22.33333,6.66667,13.33333,104.33333,-0.13538,0.33243,0.50931,0.55436,1.0,0
34.66667,0.414,0.34667,0.795,13.0,31.66667,44.66667,19.0,10.33333,16.66667,99.33333,-0.02578,0.39375,0.46957,0.55523,40.0,0.466,0.30967,0.76033,7.0,31.66667,38.66667,25.66667,5.0,8.0,111.0,-0.12508,0.18405,0.51381,0.6021,0.66667,1
45.0,0.51367,0.391,0.71533,10.0,30.33333,40.33333,26.66667,10.33333,15.0,123.66667,-0.02536,0.28197,0.57787,0.6556,38.66667,0.46433,0.37533,0.84233,11.33333,32.66667,44.0,23.33333,8.33333,16.33333,105.0,0.00467,0.35913,0.53412,0.59958,0.66667,1
44.0,0.46233,0.35367,0.81433,10.66667,34.0,44.66667,23.0,7.33333,12.0,115.33333,-0.09788,0.29801,0.50836,0.5766,39.0,0.44,0.388,0.832,11.0,28.33333,39.33333,25.0,7.66667,13.66667,110.0,-0.04356,0.31664,0.52017,0.58905,0.66667,1
39.33333,0.45467,0.37933,0.72967,10.66667,36.0,46.66667,23.0,7.66667,18.33333,104.33333,-0.07045,0.34482,0.51263,0.57096,38.0,0.443,0.43867,0.71133,6.0,34.66667,40.66667,25.0,6.66667,13.66667,105.66667,-0.0756,0.16207,0.52145,0.58123,0.66667,0
37.66667,0.49767,0.324,0.78067,6.0,34.33333,40.33333,20.66667,9.33333,15.0,108.66667,0.08007,0.21254,0.55227,0.65675,43.0,0.46767,0.34867,0.80867,12.0,38.66667,50.66667,23.0,7.0,15.66667,114.66667,0.02699,0.3741,0.52753,0.59248,0.33333,0
41.0,0.46967,0.365,0.69133,11.33333,27.33333,38.66667,25.33333,8.66667,10.66667,109.66667,-0.0736,0.36689,0.52721,0.59144,42.0,0.498,0.42033,0.674,11.66667,29.0,40.66667,22.66667,6.66667,16.0,110.0,-0.06511,0.3801,0.56383,0.61734,0.66667,0
39.33333,0.44967,0.38767,0.81933,11.66667,32.0,43.66667,22.33333,9.66667,11.66667,107.0,0.11678,0.38275,0.50359,0.57869,37.0,0.484,0.32167,0.77,7.33333,36.66667,44.0,21.0,13.0,18.33333,104.33333,0.15862,0.25098,0.53893,0.63016,0.0,1
39.0,0.44767,0.41033,0.687,13.33333,28.33333,41.66667,23.66667,9.33333,10.66667,101.66667,0.05129,0.43149,0.50182,0.55572,41.0,0.462,0.36233,0.63333,11.0,32.66667,43.66667,26.33333,9.33333,11.66667,107.66667,-0.01509,0.29377,0.51844,0.57132,0.66667,0
38.33333,0.46567,0.36467,0.78767,10.33333,33.0,43.33333,25.66667,8.33333,14.33333,102.66667,0.02428,0.31938,0.52656,0.59096,43.33333,0.46667,0.35267,0.76,11.0,35.0,46.0,23.66667,9.66667,13.33333,111.0,0.05541,0.34794,0.50745,0.56991,0.0,0
44.0,0.524,0.353,0.828,6.0,33.0,39.0,22.33333,8.33333,13.33333,116.0,0.01298,0.19362,0.57392,0.65066,36.66667,0.42233,0.36167,0.75567,9.0,30.0,39.0,22.66667,9.0,10.0,101.66667,-0.08408,0.22921,0.47917,0.55114,0.66667,0
38.33333,0.42533,0.333,0.82,11.33333,38.0,49.33333,25.0,7.0,14.0,111.33333,0.04681,0.30473,0.48292,0.57539,42.33333,0.492,0.38467,0.78367,7.66667,38.0,45.66667,27.33333,11.0,21.66667,113.0,0.07925,0.22969,0.56338,0.62438,0.33333,0
38.33333,0.44833,0.377,0.733,10.0,35.66667,45.66667,25.33333,6.33333,15.0,97.33333,-0.08539,0.29147,0.50633,0.54812,45.33333,0.50767,0.462,0.81233,9.33333,40.66667,50.0,23.0,7.0,13.66667,126.66667,0.30778,0.29618,0.58786,0.66497,0.0,1
44.0,0.511,0.417,0.82933,8.66667,34.0,42.66667,27.66667,8.66667,11.66667,114.33333,0.0807,0.32737,0.57526,0.63241,39.0,0.44333,0.24667,0.835,8.0,33.66667,41.66667,18.0,8.33333,13.0,99.33333,-0.15506,0.2283,0.47536,0.53913,1.0,0
44.66667,0.46467,0.34667,0.73333,11.0,38.0,49.0,24.33333,5.66667,12.0,113.66667,-0.11029,0.30045,0.5101,0.56424,38.0,0.429,0.33333,0.73367,14.0,36.33333,50.33333,22.66667,9.0,15.66667,102.66667,9e-05,0.42201,0.49185,0.54972,0.66667,1
40.0,0.483,0.36067,0.88033,9.33333,34.0,43.33333,22.66667,7.66667,15.0,105.0,0.0715,0.3272,0.53653,0.60391,44.0,0.48833,0.38367,0.74833,9.33333,34.33333,43.66667,26.0,8.33333,15.66667,111.66667,0.02745,0.26787,0.54727,0.59377,0.33333,0
38.0,0.45367,0.325,0.67733,9.0,34.66667,43.66667,22.66667,5.0,12.0,99.0,-0.19617,0.29813,0.50603,0.55965,35.66667,0.431,0.317,0.758,8.0,32.0,40.0,23.66667,8.0,11.66667,98.33333,-0.08583,0.23023,0.49379,0.56455,0.66667,1
41.33333,0.48367,0.35133,0.82133,11.33333,35.66667,47.0,26.66667,5.66667,15.0,111.0,0.09763,0.39853,0.53984,0.61334,35.33333,0.45133,0.36267,0.78633,5.33333,31.66667,37.0,16.0,10.0,14.0,98.0,-0.01186,0.16098,0.51052,0.58632,0.66667,0
42.33333,0.452,0.36633,0.83133,13.66667,36.66667,50.33333,25.33333,13.33333,15.0,111.33333,0.30643,0.42759,0.51147,0.57189,41.66667,0.50433,0.36667,0.757,9.66667,29.66667,39.33333,24.0,6.33333,17.66667,110.66667,-0.01627,0.31776,0.57781,0.63811,0.66667,0
38.33333,0.437,0.37967,0.73633,10.0,31.0,41.0,22.0,9.33333,11.66667,107.0,-0.10169,0.29308,0.51951,0.58027,42.33333,0.448,0.368,0.675,11.66667,30.33333,42.0,24.66667,10.33333,11.33333,107.66667,-0.10737,0.31606,0.49729,0.54419,1.0,1
47.0,0.535,0.42567,0.828,7.66667,34.0,41.66667,23.66667,11.66667,14.0,117.66667,0.09129,0.23955,0.58742,0.64273,43.66667,0.51667,0.36067,0.75867,9.66667,33.33333,43.0,28.0,6.0,17.0,109.66667,-0.0824,0.3382,0.57378,0.62219,0.66667,1
42.66667,0.476,0.359,0.76267,10.0,38.66667,48.66667,27.33333,6.33333,12.66667,110.66667,0.09104,0.28012,0.53299,0.59249,45.33333,0.48733,0.44633,0.734,9.0,33.0,42.0,30.33333,8.33333,8.66667,120.0,0.07367,0.24702,0.56604,0.61616,0.33333,1
40.66667,0.48333,0.381,0.83067,8.0,36.33333,44.33333,27.0,7.66667,15.0,107.0,0.23599,0.2321,0.56202,0.61015,42.0,0.48467,0.374,0.738,6.0,33.66667,39.66667,29.0,10.33333,18.66667,109.33333,-0.00572,0.17034,0.54813,0.60258,0.66667,1
38.66667,0.45333,0.32367,0.73967,10.0,34.33333,44.33333,23.0,8.33333,14.33333,100.66667,0.01255,0.30708,0.50587,0.56193,35.33333,0.43167,0.28567,0.76233,9.33333,32.66667,42.0,17.66667,8.0,14.33333,97.66667,-0.11617,0.29381,0.47259,0.55681,1.0,0
42.33333,0.437,0.29433,0.811,12.0,36.33333,48.33333,20.66667,7.33333,12.66667,113.33333,-0.09356,0.32524,0.48029,0.55461,43.33333,0.48767,0.314,0.75267,11.0,37.0,48.0,23.66667,6.33333,14.33333,109.33333,-0.00131,0.35778,0.53819,0.5888,0.33333,1
43.0,0.48167,0.43533,0.727,11.0,37.0,48.0,23.0,6.33333,13.0,115.66667,0.05171,0.31944,0.55425,0.61289,38.33333,0.488,0.41733,0.73233,9.0,36.66667,45.66667,27.33333,8.66667,16.0,109.0,0.17662,0.34063,0.57312,0.64777,0.0,0
40.66667,0.49767,0.38667,0.68933,12.33333,37.66667,50.0,25.66667,9.66667,16.33333,109.0,0.30745,0.43977,0.57312,0.62815,42.66667,0.47467,0.34733,0.72867,8.66667,30.33333,39.0,25.0,7.0,9.33333,111.0,-0.12148,0.25526,0.53574,0.58866,0.66667,0
40.33333,0.444,0.391,0.845,10.33333,31.33333,41.66667,24.66667,7.66667,16.33333,107.0,-0.11535,0.30736,0.51062,0.56768,37.66667,0.43633,0.26333,0.74633,9.0,33.66667,42.66667,18.33333,6.0,13.66667,95.33333,-0.19601,0.25758,0.46899,0.52643,1.0,0
44.0,0.46933,0.30767,0.76133,14.0,30.66667,44.66667,26.66667,7.66667,12.33333,111.0,-0.02956,0.46426,0.52221,0.5686,36.33333,0.418,0.29133,0.74767,10.66667,28.33333,39.0,25.0,8.0,13.66667,102.66667,-0.24584,0.29566,0.47322,0.55165,1.0,0
37.66667,0.46267,0.29933,0.71267,7.66667,29.66667,37.33333,18.66667,8.0,19.0,96.33333,-0.16321,0.25161,0.51502,0.56676,39.33333,0.49333,0.40833,0.77067,9.33333,30.66667,40.0,25.0,8.33333,17.0,106.66667,0.01376,0.33408,0.55204,0.62865,0.33333,1
43.66667,0.45233,0.28467,0.74933,12.66667,32.0,44.66667,25.0,11.33333,13.0,114.33333,-0.07764,0.34811,0.49757,0.56062,39.0,0.439,0.44,0.78367,11.0,28.0,39.0,20.33333,5.66667,12.0,105.0,-0.16637,0.31617,0.50299,0.56359,1.0,0
38.0,0.49133,0.33233,0.79367,7.33333,35.66667,43.0,21.33333,10.66667,13.66667,111.0,0.21786,0.25579,0.54891,0.65607,45.0,0.48533,0.41533,0.75933,12.66667,36.0,48.66667,28.33333,8.0,10.0,114.0,0.12919,0.41867,0.54284,0.5901,0.33333,0
38.33333,0.47267,0.30467,0.75633,5.33333,32.66667,38.0,21.0,6.0,14.66667,101.33333,-0.13132,0.16194,0.52237,0.59118,37.66667,0.43133,0.37133,0.65867,12.66667,31.33333,44.0,22.33333,6.66667,17.66667,99.33333,-0.17803,0.37294,0.49261,0.54171,1.0,0
37.33333,0.43033,0.29233,0.71133,11.66667,32.66667,44.33333,23.33333,7.0,13.0,96.33333,-0.15602,0.34037,0.48677,0.53314,43.66667,0.46,0.33,0.84267,11.66667,38.0,49.66667,26.66667,7.33333,13.33333,115.66667,0.14579,0.36905,0.5089,0.57894,0.33333,1
38.33333,0.45333,0.42467,0.72433,9.0,32.33333,41.33333,23.0,7.33333,14.0,106.33333,-0.11619,0.25286,0.52212,0.59155,43.66667,0.49067,0.447,0.87167,11.33333,33.66667,45.0,28.33333,7.33333,11.66667,122.33333,0.2231,0.37052,0.57512,0.65021,0.0,1
42.66667,0.47267,0.41733,0.72633,10.0,34.66667,44.66667,29.66667,8.33333,13.0,109.66667,0.14416,0.29547,0.54994,0.58674,43.0,0.474,0.362,0.79733,8.66667,36.66667,45.33333,19.33333,7.0,11.66667,119.0,0.09315,0.24365,0.53572,0.61496,0.0,1
41.0,0.449,0.42233,0.82667,12.0,37.33333,49.33333,26.33333,9.0,15.33333,113.33333,0.06106,0.36783,0.52599,0.59201,40.66667,0.501,0.45767,0.73433,8.33333,29.33333,37.66667,24.0,10.66667,14.33333,115.66667,0.04327,0.28114,0.59461,0.66873,0.33333,0
39.66667,0.44933,0.34967,0.694,12.33333,27.66667,40.0,23.0,10.33333,12.33333,105.66667,-0.01316,0.3963,0.50226,0.56542,39.0,0.454,0.30767,0.73,10.0,32.0,42.0,25.33333,6.0,15.33333,99.0,-0.20793,0.2943,0.50568,0.55246,1.0,1
47.66667,0.48567,0.43833,0.72733,10.66667,40.0,50.66667,29.0,7.33333,10.33333,120.0,0.06815,0.28552,0.54961,0.59005,37.33333,0.423,0.38867,0.73433,10.66667,33.0,43.66667,22.0,8.0,10.33333,105.33333,-0.05247,0.30009,0.48256,0.55855,0.66667,0
40.33333,0.48633,0.36533,0.81133,9.0,36.66667,45.66667,24.66667,7.0,16.33333,104.66667,0.11306,0.30617,0.55085,0.60418,40.33333,0.47867,0.351,0.79233,10.33333,36.33333,46.66667,22.33333,7.66667,14.0,103.66667,0.07951,0.32706,0.53429,0.58782,0.33333,0
41.66667,0.44267,0.33833,0.746,11.33333,35.0,46.33333,23.33333,4.66667,11.33333,108.66667,-0.14822,0.294,0.48925,0.54885,36.66667,0.43367,0.36967,0.815,8.33333,34.66667,43.0,22.66667,7.66667,18.33333,95.33333,-0.18783,0.2313,0.49182,0.53953,0.66667,0
40.0,0.46967,0.326,0.716,7.33333,29.66667,37.0,18.66667,9.0,16.0,101.0,-0.15536,0.23349,0.52373,0.56923,34.0,0.39467,0.28067,0.78033,11.33333,32.66667,44.0,19.33333,8.66667,14.33333,94.0,-0.23193,0.32172,0.42953,0.51267,1.0,0
33.66667,0.403,0.336,0.80467,8.66667,31.66667,40.33333,16.33333,8.66667,13.66667,91.66667,-0.14386,0.22529,0.45489,0.52204,37.33333,0.44633,0.26233,0.79567,8.66667,32.66667,41.33333,18.66667,8.33333,16.33333,98.33333,-0.15511,0.24484,0.49219,0.55759,1.0,1
43.0,0.445,0.29533,0.76533,14.33333,37.66667,52.0,25.33333,7.33333,13.33333,114.33333,0.02594,0.44808,0.49773,0.56184,35.66667,0.47267,0.34667,0.79167,7.33333,30.33333,37.66667,18.0,9.66667,12.33333,103.0,0.0858,0.22822,0.53416,0.62954,0.0,0
40.0,0.45267,0.406,0.85133,11.66667,34.33333,46.0,25.66667,11.66667,13.33333,113.33333,0.22028,0.36386,0.51844,0.60429,33.0,0.397,0.435,0.696,6.66667,32.0,38.66667,17.0,9.66667,17.33333,88.0,-0.32091,0.16696,0.44853,0.50403,1.0,1
36.66667,0.418,0.31,0.75033,9.0,32.0,41.0,18.66667,9.66667,13.33333,93.66667,-0.16307,0.23386,0.47353,0.51595,41.33333,0.44,0.33667,0.852,12.66667,36.0,48.66667,21.66667,6.66667,11.66667,112.66667,0.08752,0.40391,0.50022,0.5703,0.33333,0
43.0,0.489,0.45067,0.64467,10.0,30.0,40.0,26.33333,10.66667,12.33333,113.33333,0.0199,0.33761,0.55556,0.60946,40.0,0.451,0.34533,0.78867,12.66667,37.66667,50.33333,18.66667,8.66667,12.0,103.0,-0.00481,0.36357,0.48459,0.55077,0.33333,1
43.0,0.463,0.382,0.72733,9.66667,39.0,48.66667,28.33333,6.66667,12.66667,113.0,-0.00658,0.25849,0.53093,0.58426,42.66667,0.46833,0.42067,0.79567,15.0,33.33333,48.33333,27.66667,7.33333,12.33333,120.0,0.19973,0.45449,0.55082,0.62027,0.0,0
41.33333,0.506,0.41233,0.78533,7.33333,35.0,42.33333,27.33333,7.0,15.0,113.0,0.12332,0.22421,0.5936,0.6554,40.0,0.52467,0.38633,0.75167,8.33333,35.66667,44.0,25.66667,11.0,19.0,108.0,0.19976,0.35351,0.59238,0.66442,0.0,1
44.33333,0.49033,0.38167,0.77033,13.66667,37.66667,51.33333,25.66667,7.33333,15.66667,117.0,0.09626,0.45764,0.55305,0.61314,43.33333,0.46333,0.32067,0.73567,12.0,37.0,49.0,20.0,5.33333,11.0,119.33333,0.08444,0.34427,0.51947,0.59601,0.0,1
39.66667,0.469,0.48333,0.71933,9.0,27.66667,36.66667,25.33333,9.66667,13.33333,107.0,-0.02587,0.28576,0.54172,0.60021,40.33333,0.46067,0.40967,0.73367,9.33333,33.66667,43.0,24.66667,5.66667,9.66667,108.0,-0.01787,0.26579,0.53892,0.58889,0.33333,0
41.66667,0.47767,0.341,0.763,11.0,33.66667,44.66667,23.0,8.0,15.0,109.0,0.00494,0.36349,0.53072,0.59159,42.33333,0.455,0.32067,0.691,13.33333,39.0,52.33333,25.66667,9.0,11.0,107.66667,0.07835,0.40931,0.50158,0.55216,0.33333,0
38.66667,0.443,0.44567,0.735,11.66667,38.33333,50.0,21.66667,6.33333,13.66667,110.33333,0.12188,0.33205,0.52551,0.59548,36.66667,0.44,0.39067,0.68533,9.66667,32.33333,42.0,23.66667,5.33333,16.66667,101.33333,-0.24787,0.25613,0.50327,0.57204,1.0,0
42.66667,0.516,0.39167,0.725,10.66667,39.33333,50.0,28.0,8.33333,17.0,114.0,0.29326,0.37153,0.59048,0.64904,39.33333,0.47633,0.36167,0.69733,6.0,31.66667,37.66667,20.33333,5.33333,10.66667,104.0,-0.17765,0.16182,0.54296,0.59751,1.0,0
39.33333,0.44533,0.39433,0.845,11.66667,32.33333,44.0,22.33333,6.66667,15.33333,111.66667,0.01207,0.38496,0.52482,0.5983,42.66667,0.47267,0.277,0.711,8.0,36.66667,44.66667,22.66667,6.0,12.66667,110.66667,-0.07617,0.22552,0.51738,0.57895,0.66667,0
44.0,0.47967,0.33567,0.82233,11.0,31.0,42.0,27.0,8.66667,13.0,116.66667,-0.05202,0.33958,0.53755,0.60597,36.0,0.40233,0.26767,0.75067,11.33333,30.66667,42.0,24.0,7.33333,13.0,96.0,-0.23333,0.29379,0.44712,0.51017,1.0,0
37.33333,0.42333,0.24167,0.661,9.66667,36.0,45.66667,22.66667,5.33333,14.33333,92.66667,-0.1404,0.26115,0.46269,0.5053,40.33333,0.44833,0.38567,0.70033,9.33333,30.33333,39.66667,19.33333,4.66667,11.66667,103.0,-0.11263,0.27586,0.50149,0.55128,1.0,0
34.66667,0.43633,0.34233,0.80567,9.0,35.0,44.0,23.66667,7.33333,17.0,96.66667,-0.03927,0.28045,0.50303,0.57501,40.66667,0.47267,0.30867,0.851,11.66667,28.66667,40.33333,20.0,10.33333,13.33333,109.0,0.01941,0.39256,0.51905,0.59899,0.33333,0
40.33333,0.43633,0.28567,0.831,12.66667,32.66667,45.33333,24.33333,8.66667,13.33333,109.0,-0.01001,0.38094,0.48923,0.56014,36.33333,0.40367,0.369,0.75767,8.66667,36.33333,45.0,20.66667,7.66667,12.66667,94.0,-0.20604,0.22093,0.46075,0.50447,1.0,0
38.33333,0.472,0.33867,0.817,8.66667,37.0,45.66667,24.66667,7.33333,15.0,98.66667,0.11375,0.28276,0.53358,0.58369,41.66667,0.44333,0.396,0.823,10.0,35.0,45.0,30.33333,9.66667,11.33333,114.33333,-0.05343,0.26352,0.52166,0.5815,0.66667,0
42.0,0.436,0.24833,0.76867,11.33333,32.33333,43.66667,24.0,10.0,12.66667,109.66667,-0.16865,0.32109,0.47765,0.54096,43.0,0.50967,0.382,0.74067,10.33333,29.66667,40.0,23.0,9.66667,15.33333,118.0,0.05036,0.36029,0.58018,0.65525,0.0,0
42.0,0.48967,0.435,0.815,8.33333,36.33333,44.66667,23.66667,6.0,13.66667,118.33333,0.10467,0.24875,0.56095,0.64685,40.33333,0.46933,0.38033,0.714,6.66667,34.66667,41.33333,26.33333,7.0,15.66667,107.66667,-0.10093,0.18806,0.54099,0.59498,1.0,1
38.33333,0.50433,0.37467,0.78567,9.0,35.66667,44.66667,24.33333,7.66667,17.33333,117.0,0.22052,0.31552,0.58594,0.69823,36.66667,0.41,0.327,0.79267,10.33333,33.33333,43.66667,20.33333,8.33333,10.0,103.66667,-0.06857,0.28677,0.4589,0.54405,0.66667,0
33.66667,0.39167,0.26333,0.80967,10.33333,33.0,43.33333,14.33333,7.66667,12.66667,90.33333,-0.22519,0.27038,0.43299,0.50112,39.33333,0.48867,0.31267,0.846,7.0,36.33333,43.33333,21.0,14.0,18.66667,110.0,0.17434,0.23195,0.53534,0.63258,0.0,1
42.33333,0.44833,0.29233,0.77367,14.33333,35.0,49.33333,27.0,6.33333,12.0,108.66667,-0.05032,0.46396,0.49731,0.55071,36.0,0.443,0.39067,0.81867,7.33333,31.0,38.33333,21.0,11.66667,16.33333,104.66667,-0.12409,0.2344,0.52247,0.60441,0.66667,0
38.33333,0.43067,0.34733,0.79767,9.33333,27.0,36.33333,19.66667,9.33333,9.66667,102.33333,-0.2002,0.23919,0.48542,0.54847,39.33333,0.429,0.34533,0.73067,12.66667,33.33333,46.0,22.66667,9.33333,12.66667,103.0,-0.01867,0.36364,0.47494,0.53651,0.66667,1
35.33333,0.42067,0.32,0.76867,7.0,40.0,47.0,19.33333,7.0,14.0,96.0,-0.13329,0.18601,0.47569,0.54003,41.0,0.449,0.36633,0.778,8.66667,32.66667,41.33333,27.0,11.0,11.33333,109.33333,-0.07687,0.22311,0.50898,0.57001,0.66667,1
42.33333,0.456,0.366,0.78833,14.66667,37.66667,52.33333,25.66667,7.33333,16.66667,115.0,0.02996,0.48641,0.51394,0.58712,37.66667,0.44967,0.33967,0.72233,8.0,29.33333,37.33333,19.66667,6.0,12.0,98.33333,-0.22447,0.23674,0.50016,0.55846,1.0,0
38.33333,0.46,0.36733,0.819,7.0,37.0,44.0,25.0,8.0,13.0,108.33333,0.09999,0.21134,0.54774,0.61639,45.0,0.504,0.37233,0.71967,10.66667,30.0,40.66667,25.33333,10.0,14.33333,117.0,-0.00622,0.34544,0.56729,0.62166,0.33333,0
42.0,0.46733,0.41,0.83933,10.0,39.0,49.0,25.0,7.0,15.0,118.66667,0.09267,0.27487,0.53705,0.62325,40.0,0.48133,0.33967,0.845,8.33333,32.33333,40.66667,21.33333,7.0,14.33333,100.33333,0.01215,0.273,0.53398,0.58292,0.66667,0
39.33333,0.472,0.33667,0.76733,12.33333,31.66667,44.0,21.33333,7.33333,12.33333,111.66667,0.05502,0.42615,0.5239,0.61756,35.33333,0.422,0.34767,0.86833,9.0,36.33333,45.33333,20.0,6.66667,18.0,87.66667,-0.22989,0.25169,0.46416,0.50787,1.0,0
40.0,0.46667,0.40267,0.74733,10.66667,34.33333,45.0,24.0,3.66667,14.33333,106.66667,-0.1477,0.34582,0.5227,0.58738,40.66667,0.438,0.33567,0.70667,14.0,38.0,52.0,23.33333,10.0,10.0,105.0,0.03929,0.40274,0.47582,0.53716,0.33333,1
44.33333,0.514,0.37767,0.757,9.66667,37.33333,47.0,26.0,9.66667,13.33333,120.66667,0.25569,0.32381,0.5876,0.65645,32.33333,0.41,0.351,0.755,5.33333,26.33333,31.66667,15.33333,10.0,14.33333,89.0,-0.27111,0.13227,0.46215,0.53051,1.0,0
38.66667,0.46,0.32467,0.82167,10.33333,31.0,41.33333,20.0,7.0,13.33333,108.0,-0.00339,0.32286,0.51151,0.59801,37.33333,0.45033,0.29867,0.761,10.66667,28.66667,39.33333,18.66667,10.0,12.33333,104.33333,0.03241,0.32923,0.50461,0.58686,0.33333,1
39.66667,0.44767,0.372,0.862,10.0,38.0,48.0,22.66667,10.33333,14.66667,109.33333,0.11667,0.28434,0.50554,0.58461,37.0,0.435,0.404,0.84533,8.66667,35.0,43.66667,20.0,6.0,12.33333,104.33333,0.03107,0.25242,0.51426,0.58204,0.66667,0
39.66667,0.453,0.29967,0.80033,8.33333,35.33333,43.66667,23.66667,8.0,12.33333,100.0,0.00948,0.22457,0.49601,0.54797,36.66667,0.46067,0.42033,0.67033,5.66667,32.66667,38.33333,17.33333,4.66667,10.66667,102.33333,-0.08526,0.15331,0.54417,0.60309,0.66667,1
43.66667,0.50033,0.37767,0.83233,8.0,31.66667,39.66667,26.33333,7.33333,11.66667,115.0,0.01741,0.23872,0.5514,0.62297,45.66667,0.526,0.36067,0.708,9.0,28.0,37.0,22.33333,9.0,13.33333,117.33333,-0.01576,0.34128,0.57449,0.6356,0.66667,0
39.33333,0.47267,0.393,0.82733,9.0,37.33333,46.33333,27.0,5.66667,15.0,110.33333,0.05359,0.27145,0.55474,0.62655,38.0,0.42233,0.35933,0.77333,14.66667,33.0,47.66667,20.66667,8.66667,12.0,109.66667,-0.00442,0.39206,0.49257,0.57039,0.33333,0
43.0,0.44533,0.30433,0.84067,12.66667,36.66667,49.33333,24.33333,7.66667,12.66667,115.66667,0.00156,0.38499,0.49883,0.56931,39.33333,0.48767,0.318,0.81633,9.0,33.66667,42.66667,25.33333,7.66667,15.33333,109.0,0.06816,0.2905,0.54926,0.63107,0.33333,1
43.0,0.457,0.321,0.78867,12.66667,37.33333,50.0,24.0,8.33333,14.66667,116.66667,0.0281,0.38499,0.51034,0.58355,37.33333,0.446,0.37333,0.72933,8.33333,31.0,39.33333,21.66667,6.0,11.66667,98.0,-0.2595,0.22713,0.50382,0.55872,1.0,0
37.33333,0.416,0.35633,0.73367,10.0,29.0,39.0,20.0,11.33333,10.33333,95.66667,-0.13234,0.25449,0.47435,0.51641,42.0,0.483,0.38467,0.828,7.33333,28.33333,35.66667,26.0,8.0,11.66667,111.0,-0.09747,0.22135,0.55786,0.61231,0.66667,0
42.0,0.491,0.34733,0.77533,10.66667,33.33333,44.0,23.33333,6.0,14.0,111.0,0.00292,0.35655,0.5531,0.61434,39.66667,0.435,0.327,0.69867,10.0,35.0,45.0,19.33333,8.0,10.66667,103.66667,-0.08174,0.27845,0.49184,0.54211,0.66667,0
43.0,0.46667,0.44567,0.69867,11.0,37.33333,48.33333,25.66667,5.33333,12.33333,120.66667,0.10136,0.31977,0.55416,0.61866,40.33333,0.49367,0.324,0.72733,8.66667,31.0,39.66667,25.33333,6.66667,13.66667,112.0,0.01023,0.26042,0.55624,0.63696,0.33333,1
41.0,0.49867,0.35633,0.74667,10.0,38.66667,48.66667,26.0,8.33333,16.0,110.0,0.25507,0.34266,0.5658,0.6288,40.33333,0.46767,0.384,0.906,8.33333,34.0,42.33333,23.0,6.0,14.66667,107.0,0.01061,0.25457,0.53945,0.5949,0.66667,1
42.0,0.46633,0.37967,0.79733,10.0,33.66667,43.66667,23.0,7.0,13.0,114.33333,0.07596,0.31718,0.53603,0.60276,42.66667,0.45567,0.33667,0.77467,11.0,35.66667,46.66667,20.66667,7.66667,12.0,119.66667,0.13115,0.30723,0.51755,0.59886,0.0,1
44.0,0.51267,0.43,0.75233,7.66667,39.33333,47.0,28.66667,5.66667,11.33333,117.33333,0.20675,0.24343,0.60226,0.65263,39.0,0.443,0.28467,0.75867,9.0,30.33333,39.33333,25.66667,8.33333,12.66667,104.66667,-0.11901,0.24251,0.49483,0.56216,1.0,1
41.66667,0.47833,0.35633,0.75,10.0,28.0,38.0,20.33333,9.33333,16.0,106.33333,-0.07825,0.32841,0.54726,0.58925,39.0,0.436,0.38567,0.76533,8.66667,37.0,45.66667,23.0,6.0,13.0,104.33333,-0.14768,0.21768,0.49201,0.55408,0.66667,1
40.66667,0.41933,0.283,0.791,13.0,36.33333,49.33333,20.33333,6.33333,10.66667,105.0,-0.05334,0.33465,0.45894,0.51692,39.0,0.42733,0.25767,0.574,11.33333,37.66667,49.0,19.33333,5.66667,12.33333,95.0,-0.12039,0.29809,0.46739,0.50344,1.0,0
36.33333,0.476,0.38567,0.818,7.66667,35.0,42.66667,26.33333,7.33333,17.0,101.33333,0.0076,0.24771,0.54509,0.62318,39.0,0.433,0.33267,0.69867,10.33333,33.0,43.33333,20.33333,6.66667,9.0,100.33333,-0.10905,0.28546,0.49579,0.53557,0.66667,0
41.33333,0.43467,0.29267,0.837,14.66667,32.33333,47.0,25.33333,10.66667,11.33333,109.33333,0.03083,0.4358,0.48794,0.5505,41.0,0.484,0.35967,0.79867,9.66667,33.33333,43.0,26.0,6.66667,11.66667,116.33333,0.04161,0.29511,0.55762,0.63958,0.33333,0
43.0,0.48267,0.35,0.70867,9.66667,35.0,44.66667,27.66667,5.0,9.66667,108.66667,0.04988,0.28641,0.53951,0.58508,38.33333,0.43033,0.33,0.759,8.0,33.33333,41.33333,23.66667,10.0,14.0,102.66667,-0.0912,0.19997,0.4959,0.55068,0.66667,0
39.66667,0.50967,0.36667,0.80233,7.33333,36.33333,43.66667,26.66667,7.0,15.33333,117.0,0.2429,0.23219,0.58989,0.69208,46.33333,0.53067,0.464,0.79767,8.0,32.66667,40.66667,30.66667,7.33333,12.66667,122.66667,0.08441,0.28235,0.61726,0.67123,0.33333,0
38.33333,0.48233,0.49433,0.88133,9.33333,34.33333,43.66667,24.0,5.66667,14.66667,111.0,0.16469,0.3088,0.56702,0.65184,38.0,0.43233,0.40967,0.798,9.33333,34.66667,44.0,24.33333,7.66667,15.33333,114.0,-0.18132,0.23586,0.50652,0.60062,1.0,0
43.0,0.49067,0.419,0.74933,10.33333,28.0,38.33333,27.33333,6.66667,13.0,117.66667,-0.01387,0.3664,0.57071,0.63471,44.0,0.53567,0.39933,0.73167,8.33333,35.33333,43.66667,28.66667,5.66667,14.66667,120.33333,0.18284,0.27333,0.61829,0.68749,0.0,1
41.33333,0.48233,0.46633,0.889,12.0,34.66667,46.66667,25.66667,7.66667,13.66667,113.66667,0.22677,0.44027,0.56566,0.63296,38.33333,0.493,0.40833,0.75067,10.33333,32.0,42.33333,22.33333,8.33333,18.66667,107.66667,0.05075,0.36533,0.56668,0.64503,0.33333,0
38.33333,0.44233,0.29633,0.77133,11.66667,33.33333,45.0,22.33333,5.33333,12.66667,97.0,-0.1331,0.34384,0.49681,0.54043,40.66667,0.456,0.29433,0.782,8.33333,37.66667,46.0,23.66667,6.0,12.66667,108.0,-0.06993,0.22886,0.50634,0.57296,0.66667,1
43.0,0.46867,0.378,0.716,11.66667,30.66667,42.33333,25.33333,7.33333,14.66667,111.33333,0.00059,0.35803,0.53236,0.58125,45.33333,0.50733,0.41233,0.76867,6.66667,34.33333,41.0,32.33333,9.33333,12.33333,118.33333,0.04412,0.17962,0.57919,0.63291,0.33333,1
42.33333,0.49467,0.37733,0.796,8.33333,40.33333,48.66667,28.0,7.33333,12.33333,115.33333,0.22887,0.25696,0.58036,0.64152,36.33333,0.44333,0.41933,0.771,6.66667,34.33333,41.0,22.0,8.66667,15.66667,101.0,-0.14167,0.21296,0.51832,0.5859,0.66667,0
40.0,0.459,0.38167,0.68533,9.0,36.0,45.0,23.0,7.66667,14.66667,105.0,-0.09424,0.25286,0.51453,0.57137,38.33333,0.44433,0.384,0.67633,10.33333,35.33333,45.66667,21.0,8.66667,15.33333,100.66667,0.0515,0.30967,0.5098,0.55966,0.33333,1
43.66667,0.48567,0.35333,0.79833,12.66667,28.0,40.66667,27.66667,8.66667,8.66667,110.66667,0.03138,0.4594,0.53421,0.58929,37.33333,0.41133,0.36867,0.79267,10.66667,33.66667,44.33333,22.0,6.0,11.33333,105.0,-0.14326,0.32001,0.46662,0.5458,1.0,0
44.0,0.49767,0.414,0.77533,10.33333,39.33333,49.66667,25.66667,8.33333,14.66667,117.66667,0.23155,0.32937,0.57674,0.63255,45.33333,0.52233,0.40133,0.82367,10.0,33.66667,43.66667,30.33333,7.0,14.66667,118.66667,0.04745,0.35977,0.59145,0.65188,0.33333,0
37.66667,0.42933,0.37033,0.743,7.0,38.33333,45.33333,21.33333,7.33333,10.33333,105.33333,-0.08614,0.1782,0.48851,0.56351,38.0,0.42933,0.40667,0.832,12.33333,33.66667,46.0,21.33333,7.33333,14.0,104.33333,-0.08443,0.36632,0.49699,0.56175,1.0,1
42.33333,0.47767,0.38933,0.72733,12.0,34.0,46.0,23.33333,6.33333,13.0,114.33333,0.03552,0.37511,0.54056,0.60735,34.33333,0.40733,0.42067,0.91267,10.33333,32.33333,42.66667,18.66667,5.0,16.66667,88.66667,-0.29089,0.31265,0.44739,0.50574,1.0,0
39.66667,0.45033,0.41667,0.82333,8.66667,33.33333,42.0,23.0,6.0,12.33333,109.0,-0.17536,0.22851,0.51654,0.58655,36.33333,0.45833,0.32067,0.821,7.0,31.66667,38.66667,22.0,9.33333,15.33333,93.33333,-0.03471,0.21722,0.51676,0.56628,0.66667,1
40.66667,0.449,0.39733,0.79367,13.33333,32.66667,46.0,24.0,5.33333,14.33333,110.33333,-0.04618,0.43538,0.51405,0.58009,40.66667,0.482,0.29733,0.72667,8.33333,30.33333,38.66667,20.66667,8.0,14.66667,103.33333,-0.12065,0.28124,0.52411,0.58245,1.0,1
40.66667,0.478,0.437,0.738,7.33333,37.33333,44.66667,26.66667,5.66667,9.33333,109.66667,0.10536,0.21565,0.5625,0.61472,30.33333,0.36733,0.32067,0.74367,7.66667,32.0,39.66667,15.33333,8.33333,17.66667,82.33333,-0.3696,0.18958,0.41328,0.47393,1.0,0
41.66667,0.503,0.34733,0.80133,5.0,35.0,40.0,23.33333,7.33333,13.66667,110.0,0.01324,0.1552,0.55574,0.62864,38.33333,0.45967,0.365,0.75733,6.66667,30.66667,37.33333,25.66667,6.33333,11.66667,101.0,-0.15407,0.17989,0.5115,0.57472,0.66667,1
39.0,0.43667,0.364,0.92867,11.0,37.66667,48.66667,25.0,9.33333,13.66667,107.0,0.06933,0.29854,0.48711,0.56858,39.0,0.44633,0.347,0.72733,9.33333,33.0,42.33333,26.0,8.33333,13.0,103.66667,-0.0356,0.2682,0.5087,0.56446,0.66667,0
38.33333,0.44367,0.25133,0.83633,7.66667,34.66667,42.33333,21.0,9.66667,11.0,97.0,0.02008,0.2093,0.47988,0.53716,37.0,0.425,0.41167,0.79667,9.0,36.66667,45.66667,20.66667,6.0,11.66667,105.0,-0.01134,0.25866,0.50877,0.57266,0.66667,1
41.66667,0.47067,0.385,0.78967,8.0,32.33333,40.33333,25.0,6.33333,9.33333,115.66667,-0.02394,0.22681,0.5266,0.60982,37.66667,0.44367,0.345,0.69667,9.0,38.33333,47.33333,23.33333,9.33333,15.66667,103.33333,0.09865,0.25159,0.51515,0.57477,0.33333,1
44.33333,0.46967,0.43833,0.72733,11.66667,42.33333,54.0,28.0,5.66667,11.33333,116.33333,0.11847,0.33111,0.55131,0.59247,43.66667,0.48433,0.445,0.77233,12.33333,34.33333,46.66667,24.33333,7.66667,12.33333,112.33333,0.01448,0.39532,0.54479,0.59543,0.66667,1
41.0,0.46567,0.38667,0.823,10.33333,39.66667,50.0,29.0,5.0,15.0,114.0,0.05475,0.30392,0.54825,0.61616,35.33333,0.395,0.30767,0.842,9.0,32.33333,41.33333,22.66667,9.0,11.66667,97.0,-0.18956,0.22991,0.44884,0.51942,0.66667,0
42.66667,0.488,0.37767,0.69,9.0,38.66667,47.66667,24.66667,9.66667,12.33333,117.66667,0.29545,0.24444,0.56052,0.62763,42.0,0.47867,0.35067,0.829,8.66667,26.33333,35.0,25.0,8.0,10.66667,112.0,-0.14417,0.26732,0.5453,0.60819,1.0,0
44.66667,0.504,0.374,0.72533,10.33333,34.33333,44.66667,28.0,4.66667,10.66667,117.0,0.10715,0.33427,0.56838,0.62659,36.66667,0.47233,0.45367,0.73033,5.0,34.66667,39.66667,19.66667,7.33333,12.0,100.0,0.05832,0.15284,0.55338,0.6101,0.33333,1
42.66667,0.46467,0.43467,0.734,10.0,32.33333,42.33333,28.66667,7.33333,12.33333,117.33333,-0.07372,0.29829,0.54865,0.60782,42.33333,0.47633,0.36867,0.812,11.33333,27.33333,38.66667,24.33333,9.0,13.0,110.33333,-0.02746,0.38215,0.52897,0.59085,0.66667,1
40.33333,0.466,0.316,0.70633,9.0,35.33333,44.33333,24.0,7.33333,13.0,103.33333,0.01719,0.26006,0.51596,0.56933,46.33333,0.49967,0.40967,0.79233,10.0,35.0,45.0,25.33333,8.33333,14.0,125.66667,0.184,0.30925,0.57438,0.64228,0.0,1
39.33333,0.42833,0.35067,0.92967,11.33333,38.0,49.33333,24.0,8.0,12.0,101.66667,0.10699,0.30068,0.47892,0.53518,40.66667,0.42367,0.222,0.592,13.0,39.33333,52.33333,19.0,7.33333,13.33333,94.33333,-0.15241,0.3342,0.45131,0.47709,1.0,0
36.33333,0.47933,0.39367,0.82567,7.66667,37.66667,45.33333,22.66667,5.33333,17.66667,101.0,0.03789,0.24771,0.54082,0.6242,38.33333,0.45233,0.40833,0.64467,9.0,37.0,46.0,25.33333,6.0,12.66667,100.66667,0.05859,0.30038,0.52525,0.56708,0.33333,1
42.0,0.467,0.34567,0.86733,13.0,32.33333,45.33333,24.33333,8.66667,12.0,115.0,0.11542,0.40061,0.52827,0.6057,41.66667,0.47167,0.311,0.80567,10.33333,33.0,43.33333,23.0,7.33333,15.33333,113.0,-0.00264,0.30304,0.53523,0.60706,0.66667,1
41.0,0.47133,0.462,0.87833,12.66667,32.33333,45.0,25.33333,5.66667,14.66667,118.33333,0.00745,0.46921,0.55747,0.64057,41.0,0.46667,0.383,0.74833,8.33333,31.66667,40.0,22.0,9.66667,13.0,109.66667,-0.04298,0.24817,0.53111,0.5924,0.66667,0
43.33333,0.49933,0.339,0.846,10.0,35.33333,45.33333,27.66667,9.33333,16.33333,118.0,0.06654,0.31498,0.55378,0.63853,36.66667,0.457,0.34433,0.815,10.33333,34.33333,44.66667,23.66667,8.0,16.66667,99.0,0.01409,0.38614,0.52528,0.5872,0.33333,0
39.0,0.47533,0.49933,0.823,9.0,32.0,41.0,23.33333,7.0,15.0,105.66667,-0.06179,0.29246,0.54947,0.61238,35.66667,0.406,0.29933,0.72933,7.66667,34.66667,42.33333,22.0,12.0,13.33333,96.0,-0.08414,0.18452,0.47462,0.52408,0.66667,1
43.66667,0.527,0.41,0.80067,8.0,36.0,44.0,28.0,7.66667,14.66667,125.66667,0.34774,0.26488,0.62003,0.706,40.0,0.46267,0.356,0.821,10.33333,31.0,41.33333,23.66667,5.66667,11.33333,113.66667,-0.05056,0.31472,0.5295,0.61379,0.66667,1
40.66667,0.45233,0.42433,0.77667,10.33333,34.0,44.33333,27.66667,5.0,9.33333,112.0,-0.01492,0.30793,0.53637,0.5948,39.66667,0.44667,0.38233,0.82167,10.66667,31.33333,42.0,22.0,6.66667,14.0,113.66667,-0.23284,0.32658,0.51047,0.59678,1.0,0
43.66667,0.51167,0.31367,0.82,13.0,28.66667,41.66667,26.33333,8.0,11.33333,114.66667,0.08389,0.5206,0.55772,0.63383,35.66667,0.39233,0.25933,0.72433,15.33333,35.0,50.33333,20.33333,8.0,11.66667,103.66667,-0.15083,0.37586,0.44154,0.52833,0.66667,1
44.33333,0.478,0.33833,0.71767,12.0,37.33333,49.33333,25.33333,10.66667,11.0,119.33333,0.27361,0.3613,0.53738,0.60405,36.0,0.435,0.38,0.69033,11.0,41.0,52.0,21.66667,7.0,17.0,101.0,0.17645,0.32987,0.51152,0.5745,0.0,0
44.33333,0.48733,0.466,0.71,8.0,34.0,42.0,31.0,6.66667,14.33333,117.0,-0.14527,0.23377,0.5736,0.6153,36.33333,0.39,0.289,0.779,11.33333,35.0,46.33333,20.0,7.0,12.0,102.33333,-0.17762,0.29206,0.42761,0.51465,1.0,0
37.0,0.42667,0.328,0.77867,9.33333,32.0,41.33333,19.0,8.66667,9.33333,105.66667,-0.09053,0.26242,0.48071,0.56842,40.0,0.446,0.34667,0.84933,10.33333,32.33333,42.66667,19.66667,7.0,12.66667,107.33333,-0.07562,0.27471,0.5095,0.57112,1.0,1
46.0,0.513,0.373,0.74767,5.66667,35.66667,41.33333,26.66667,7.0,14.0,116.66667,0.02305,0.15465,0.56439,0.61881,35.0,0.42867,0.372,0.82933,8.0,33.0,41.0,19.0,5.66667,15.0,89.66667,-0.17821,0.24958,0.46123,0.5241,1.0,0
35.33333,0.4,0.22967,0.775,11.33333,29.33333,40.66667,18.66667,6.66667,13.33333,87.0,-0.27373,0.30439,0.42872,0.47575,35.66667,0.41133,0.35767,0.74933,8.66667,36.33333,45.0,21.0,4.66667,13.0,97.33333,-0.09848,0.21262,0.47904,0.53542,0.66667,1
39.66667,0.46767,0.28133,0.86667,7.66667,32.66667,40.33333,22.33333,8.0,10.66667,100.33333,0.01583,0.22239,0.50873,0.56654,45.33333,0.48767,0.44067,0.84267,8.66667,37.0,45.66667,25.33333,10.66667,13.0,122.66667,0.28061,0.24531,0.5691,0.63109,0.0,1
40.66667,0.47867,0.41733,0.814,11.66667,30.0,41.66667,25.66667,5.33333,16.33333,113.33333,-0.04031,0.40663,0.55539,0.62876,42.33333,0.47233,0.41767,0.747,9.33333,32.0,41.33333,26.33333,8.33333,14.66667,110.0,-0.09905,0.25972,0.53421,0.5846,0.33333,0
41.33333,0.455,0.433,0.783,9.66667,33.33333,43.0,27.0,6.0,8.0,113.33333,0.00185,0.26709,0.52283,0.58931,34.33333,0.39,0.236,0.762,13.0,31.0,44.0,18.33333,8.0,15.33333,89.66667,-0.25133,0.40091,0.42754,0.48606,1.0,1
43.33333,0.45367,0.40733,0.73167,13.0,41.0,54.0,25.33333,6.0,11.66667,112.33333,0.1387,0.3539,0.52921,0.56801,38.33333,0.45,0.39367,0.80567,7.66667,34.0,41.66667,24.0,6.66667,12.0,101.33333,-0.02227,0.22409,0.52066,0.57203,0.33333,1
41.33333,0.45967,0.35533,0.81267,12.66667,39.66667,52.33333,29.33333,6.33333,14.33333,112.33333,0.18175,0.38824,0.5343,0.59639,39.0,0.42,0.23967,0.72833,11.66667,40.66667,52.33333,19.66667,8.0,14.66667,95.33333,-0.21243,0.28619,0.4618,0.49756,1.0,0
40.66667,0.429,0.334,0.785,11.66667,35.66667,47.33333,24.33333,6.0,12.33333,109.66667,-0.07618,0.34054,0.48908,0.55113,41.0,0.45067,0.38933,0.75767,15.66667,36.0,51.66667,21.33333,6.33333,13.0,110.66667,-0.02065,0.45886,0.49645,0.57054,0.66667,1
40.33333,0.42567,0.32433,0.823,11.33333,35.0,46.33333,19.33333,8.0,12.66667,104.33333,0.07532,0.3043,0.48583,0.53281,43.33333,0.494,0.31633,0.80667,8.33333,25.33333,33.66667,27.33333,8.0,12.66667,113.66667,-0.15134,0.26366,0.55105,0.6153,1.0,0
43.33333,0.486,0.236,0.861,9.33333,33.66667,43.0,24.0,9.66667,8.33333,110.33333,0.02234,0.28283,0.51804,0.58921,39.0,0.401,0.30133,0.79067,11.66667,32.66667,44.33333,26.33333,10.0,11.33333,99.66667,-0.17693,0.2989,0.45565,0.49621,0.66667,0
38.66667,0.447,0.36867,0.706,11.0,35.66667,46.66667,23.33333,7.0,14.0,102.33333,0.04753,0.31011,0.49621,0.55916,38.66667,0.502,0.401,0.762,4.66667,32.66667,37.33333,23.66667,8.33333,11.66667,104.33333,0.09643,0.16488,0.57546,0.63895,0.0,1
43.33333,0.482,0.40967,0.828,9.66667,31.0,40.66667,23.66667,7.0,13.33333,111.66667,-0.08959,0.30018,0.53872,0.59507,37.0,0.442,0.37067,0.59967,7.66667,34.33333,42.0,24.33333,7.66667,12.66667,99.33333,-0.08007,0.2244,0.51594,0.56147,0.66667,1
36.33333,0.45933,0.38067,0.77533,11.0,35.33333,46.33333,21.66667,5.66667,16.0,95.33333,-0.00885,0.36133,0.50839,0.57307,36.33333,0.46633,0.40933,0.68433,4.33333,35.0,39.33333,22.33333,7.66667,12.33333,99.0,0.00849,0.12641,0.54689,0.60016,0.33333,1
47.0,0.52033,0.35067,0.82733,10.33333,29.33333,39.66667,28.66667,10.66667,13.0,121.33333,0.06374,0.32977,0.57422,0.63972,35.66667,0.43333,0.30667,0.81767,12.66667,33.66667,46.33333,20.33333,6.33333,17.0,97.66667,-0.13445,0.4442,0.49432,0.56269,0.66667,0
37.0,0.45833,0.35367,0.72233,11.0,33.33333,44.33333,21.0,3.66667,17.33333,93.33333,-0.05458,0.36397,0.51295,0.55792,40.66667,0.47,0.359,0.758,8.33333,33.0,41.33333,22.66667,10.33333,14.33333,108.33333,-0.01431,0.26061,0.52335,0.59098,0.66667,1
43.0,0.51433,0.35667,0.87833,9.0,34.33333,43.33333,26.33333,9.0,13.0,117.33333,0.12925,0.29478,0.56846,0.65731,37.33333,0.41533,0.31667,0.754,11.0,33.0,44.0,19.0,8.33333,11.33333,95.33333,-0.15727,0.283,0.46353,0.50978,1.0,0
35.0,0.43933,0.38533,0.772,7.33333,36.33333,43.66667,21.0,7.66667,12.0,100.66667,0.02692,0.21852,0.50931,0.59172,38.0,0.41833,0.31733,0.75733,8.66667,32.0,40.66667,21.33333,12.66667,11.0,103.0,-0.03604,0.2079,0.48121,0.54006,0.33333,1
42.66667,0.49967,0.38767,0.81467,7.33333,35.33333,42.66667,26.0,8.33333,12.0,117.33333,0.29567,0.25144,0.57244,0.64651,36.66667,0.42567,0.50367,0.71,8.33333,34.0,42.33333,21.33333,9.66667,14.0,97.66667,0.01117,0.23013,0.49425,0.54339,0.33333,0
42.33333,0.461,0.337,0.81833,12.0,40.0,52.0,29.66667,9.0,13.0,115.0,0.33823,0.35934,0.54302,0.59965,38.66667,0.421,0.317,0.785,12.0,30.66667,42.66667,19.66667,8.0,13.66667,106.0,-0.22355,0.3688,0.47754,0.54319,1.0,0
39.66667,0.45767,0.46433,0.77367,12.33333,32.33333,44.66667,22.66667,5.0,13.33333,111.33333,0.00499,0.43614,0.53851,0.60699,39.33333,0.468,0.353,0.63167,8.0,35.0,43.0,24.33333,7.0,11.66667,98.66667,0.09465,0.26053,0.5254,0.5621,0.33333,1
36.33333,0.39567,0.234,0.579,10.66667,36.0,46.66667,21.33333,5.66667,14.66667,92.66667,-0.18774,0.25544,0.43981,0.48056,33.66667,0.39767,0.25267,0.81,11.0,36.66667,47.66667,18.33333,7.33333,11.66667,100.33333,-0.16644,0.26243,0.44167,0.54804,0.66667,1
39.33333,0.46333,0.39867,0.80367,8.0,39.33333,47.33333,22.66667,5.33333,14.33333,109.66667,0.08269,0.22878,0.52521,0.60756,40.0,0.454,0.429,0.72233,11.66667,35.0,46.66667,22.66667,8.0,15.33333,102.66667,-0.10475,0.35057,0.51623,0.56019,1.0,0
44.33333,0.50967,0.38333,0.77767,10.0,30.33333,40.33333,27.0,8.0,11.66667,117.66667,0.10661,0.32121,0.57182,0.63872,37.66667,0.406,0.31267,0.71833,12.33333,33.33333,45.66667,23.66667,7.66667,14.0,105.66667,-0.19155,0.32247,0.4534,0.5312,1.0,0
40.0,0.44867,0.28467,0.83033,10.66667,33.0,43.66667,21.66667,6.66667,11.33333,105.66667,-0.08605,0.33038,0.48894,0.56228,34.0,0.40433,0.327,0.73067,12.33333,32.66667,45.0,19.66667,9.0,10.33333,101.66667,0.00471,0.37048,0.47778,0.56193,0.33333,0
39.66667,0.456,0.33133,0.76567,12.33333,32.33333,44.66667,23.0,5.33333,11.33333,101.0,-0.18143,0.39257,0.50041,0.55413,37.0,0.44333,0.352,0.66967,6.66667,34.33333,41.0,19.33333,5.66667,11.33333,97.0,-0.17433,0.16599,0.50492,0.55317,1.0,1
39.66667,0.45967,0.30633,0.77333,10.66667,38.66667,49.33333,26.0,6.66667,13.33333,107.66667,0.13826,0.31683,0.52003,0.58879,43.66667,0.48733,0.361,0.83633,11.66667,31.66667,43.33333,24.33333,8.33333,16.33333,118.66667,-0.02604,0.39138,0.55173,0.62771,0.66667,0
38.0,0.436,0.36333,0.782,9.33333,28.0,37.33333,22.0,5.33333,14.0,96.33333,-0.20018,0.25707,0.49229,0.53508,34.66667,0.436,0.35367,0.76667,7.0,28.0,35.0,22.0,7.0,14.33333,88.66667,-0.19397,0.24147,0.47342,0.53173,1.0,0
46.0,0.51133,0.35433,0.84033,9.33333,29.0,38.33333,27.0,7.0,11.33333,117.33333,0.05343,0.32553,0.56544,0.62477,46.0,0.524,0.38533,0.68033,8.33333,30.0,38.33333,24.33333,7.66667,12.0,119.66667,-0.01909,0.30736,0.57588,0.63779,0.66667,1
38.0,0.449,0.28467,0.77533,9.66667,31.66667,41.33333,17.33333,7.66667,12.33333,95.66667,-0.1165,0.28261,0.50271,0.54475,35.66667,0.40667,0.45933,0.696,7.66667,37.66667,45.33333,19.33333,7.33333,16.0,94.66667,-0.13679,0.19594,0.46382,0.51568,0.66667,1
46.33333,0.52333,0.37433,0.71067,9.0,33.66667,42.66667,26.0,8.33333,14.0,117.0,0.15002,0.2914,0.57705,0.62762,37.33333,0.40933,0.28833,0.75567,10.0,34.33333,44.33333,25.0,8.0,11.66667,94.66667,-0.21142,0.2616,0.45596,0.50048,1.0,0
40.33333,0.51667,0.497,0.79367,8.66667,33.0,41.66667,27.33333,7.0,13.33333,116.66667,0.24371,0.29982,0.60671,0.69242,40.66667,0.47233,0.44433,0.87967,9.33333,28.33333,37.66667,24.0,7.0,11.66667,108.66667,0.02628,0.31224,0.54251,0.60474,0.33333,1
43.0,0.46767,0.42033,0.93933,9.33333,38.0,47.33333,28.0,7.66667,10.33333,109.66667,0.21634,0.25575,0.54409,0.58219,41.0,0.48567,0.42467,0.74167,8.66667,27.66667,36.33333,24.66667,6.33333,11.33333,113.0,0.01635,0.28439,0.56415,0.63004,0.33333,0
38.33333,0.43733,0.30333,0.712,9.33333,32.66667,42.0,23.0,7.66667,13.33333,101.66667,-0.2254,0.25065,0.48486,0.54817,45.33333,0.497,0.477,0.75633,9.33333,34.0,43.33333,29.33333,7.33333,7.33333,125.66667,0.1249,0.25535,0.58826,0.64999,0.0,1
41.33333,0.48133,0.42567,0.709,8.33333,29.0,37.33333,22.33333,9.33333,9.66667,105.66667,-0.05943,0.23746,0.54252,0.5893,40.0,0.45567,0.43,0.76833,9.0,36.0,45.0,24.66667,8.33333,16.66667,107.66667,0.00884,0.25499,0.52074,0.58083,0.33333,0
41.33333,0.455,0.42233,0.755,8.66667,37.33333,46.0,23.33333,5.0,12.33333,109.66667,-0.01884,0.23005,0.51406,0.5731,36.33333,0.399,0.29833,0.708,10.66667,34.66667,45.33333,22.0,7.0,15.0,104.33333,-0.20617,0.25117,0.44719,0.53076,1.0,0
39.0,0.42233,0.351,0.718,10.66667,42.0,52.66667,24.66667,7.0,13.0,103.66667,0.0208,0.2798,0.49972,0.54082,39.0,0.44967,0.391,0.78533,9.0,30.66667,39.66667,26.66667,7.33333,10.66667,105.0,0.01309,0.2489,0.51368,0.57414,0.33333,0
41.0,0.51433,0.40033,0.74833,8.33333,31.66667,40.0,28.33333,9.0,11.66667,112.0,0.10711,0.27041,0.57479,0.65361,39.66667,0.46733,0.37633,0.769,7.66667,31.0,38.66667,23.33333,6.66667,14.33333,106.33333,-0.24646,0.22045,0.53179,0.59435,0.66667,0
42.66667,0.489,0.35067,0.72267,10.66667,32.66667,43.33333,25.66667,8.33333,16.0,108.33333,0.0914,0.34684,0.53575,0.58968,46.0,0.538,0.474,0.786,8.66667,33.0,41.66667,28.66667,7.0,11.66667,122.33333,0.2125,0.28314,0.63195,0.68362,0.0,0
40.66667,0.468,0.31133,0.69233,8.66667,38.0,46.66667,27.66667,5.66667,11.33333,105.0,0.064,0.25087,0.51642,0.57388,42.66667,0.48467,0.37133,0.76767,8.0,28.66667,36.66667,27.0,5.66667,11.33333,108.66667,-0.14641,0.23959,0.54709,0.59248,1.0,0
41.0,0.47267,0.43,0.74,10.33333,34.0,44.33333,30.66667,7.0,16.33333,108.33333,-0.09112,0.33377,0.55022,0.59767,44.66667,0.50267,0.44233,0.699,10.33333,30.66667,41.0,21.66667,7.66667,11.33333,120.33333,0.05681,0.36104,0.55749,0.62913,0.33333,0
43.0,0.50767,0.444,0.75867,8.33333,34.33333,42.66667,27.33333,7.66667,16.33333,111.33333,-0.01348,0.25835,0.57295,0.62664,42.66667,0.46533,0.371,0.722,9.33333,31.66667,41.0,26.66667,6.33333,9.66667,111.0,-0.17215,0.27791,0.52703,0.57833,1.0,0
36.0,0.43067,0.364,0.74867,10.33333,35.33333,45.66667,23.33333,6.33333,16.0,98.0,-0.05383,0.29793,0.48456,0.55227,41.66667,0.45967,0.34367,0.84867,12.66667,36.66667,49.33333,23.0,5.33333,12.66667,111.0,-0.01092,0.42415,0.51888,0.58459,0.33333,1
42.0,0.456,0.32533,0.70533,14.33333,39.33333,53.66667,27.0,10.0,13.33333,113.66667,0.27349,0.43406,0.51255,0.57984,37.0,0.407,0.259,0.749,10.66667,36.66667,47.33333,18.0,7.66667,15.66667,92.0,-0.34492,0.26997,0.45324,0.49079,1.0,0
42.33333,0.50567,0.34833,0.761,9.33333,36.33333,45.66667,28.0,5.66667,13.66667,110.33333,0.1335,0.31781,0.56982,0.62728,42.0,0.482,0.379,0.75267,10.33333,33.33333,43.66667,23.66667,9.0,13.0,110.33333,0.05233,0.37803,0.5408,0.60056,0.33333,0
46.33333,0.528,0.27867,0.862,9.33333,36.0,45.33333,25.66667,10.0,12.0,118.33333,0.10472,0.30267,0.56264,0.63847,38.0,0.462,0.373,0.73133,12.33333,33.66667,46.0,24.33333,8.66667,12.66667,108.66667,0.04727,0.4305,0.53504,0.61472,0.33333,1
41.66667,0.49333,0.35433,0.76367,10.33333,34.33333,44.66667,27.0,6.33333,13.33333,111.66667,0.0701,0.3523,0.5408,0.61963,37.66667,0.41733,0.322,0.686,9.0,33.0,42.0,19.33333,11.0,10.66667,100.33333,-0.03553,0.22978,0.47532,0.52936,0.33333,0
40.66667,0.49733,0.39833,0.74033,8.33333,34.33333,42.66667,23.33333,8.0,12.33333,113.33333,0.28267,0.29951,0.57528,0.64585,36.33333,0.44667,0.48233,0.728,9.0,34.0,43.0,17.66667,4.33333,10.66667,105.33333,-0.00261,0.26148,0.51807,0.6015,0.33333,0
40.66667,0.49467,0.38967,0.89433,8.0,39.0,47.0,24.66667,6.33333,13.66667,105.0,0.26202,0.28125,0.54911,0.60973,37.33333,0.448,0.30067,0.79667,10.0,35.33333,45.33333,22.66667,7.66667,11.33333,105.0,-0.04201,0.27148,0.49493,0.58791,0.33333,1
39.66667,0.469,0.42667,0.85133,10.66667,32.66667,43.33333,26.33333,5.33333,17.0,110.66667,-0.07249,0.35794,0.54967,0.61945,36.0,0.43867,0.29033,0.76433,5.33333,29.66667,35.0,22.66667,9.33333,14.0,95.0,-0.13903,0.16188,0.48223,0.54653,1.0,0
39.0,0.47867,0.40767,0.85,10.66667,35.66667,46.33333,21.66667,8.66667,14.33333,105.0,0.26202,0.37512,0.52941,0.60743,43.33333,0.481,0.39433,0.70633,8.0,37.33333,45.33333,30.33333,7.33333,10.66667,116.33333,0.14821,0.20642,0.55748,0.61159,0.0,0
40.33333,0.462,0.31867,0.869,9.33333,37.0,46.33333,27.0,9.33333,13.33333,112.66667,0.30661,0.2771,0.53925,0.61253,39.33333,0.44533,0.333,0.80833,10.66667,37.66667,48.33333,26.33333,9.0,12.66667,109.33333,0.09234,0.30556,0.50958,0.58423,0.33333,1
44.66667,0.48567,0.369,0.71133,11.66667,29.33333,41.0,27.33333,6.33333,12.33333,111.66667,-0.05216,0.39428,0.54917,0.58599,43.33333,0.46467,0.43967,0.887,10.33333,35.33333,45.66667,25.0,10.0,10.66667,113.66667,0.22997,0.29161,0.54037,0.59011,0.0,1
40.33333,0.46167,0.32767,0.77167,11.66667,34.66667,46.33333,22.33333,6.33333,13.66667,105.33333,-0.00907,0.38423,0.51076,0.57304,38.66667,0.44367,0.40467,0.83667,9.0,39.33333,48.33333,22.33333,10.33333,11.0,104.66667,0.05359,0.24096,0.50441,0.5706,0.0,0
40.0,0.47833,0.32833,0.724,9.66667,35.66667,45.33333,25.0,6.66667,13.33333,106.33333,0.13877,0.29346,0.54236,0.60195,39.0,0.45133,0.42433,0.87033,9.0,31.0,40.0,25.0,7.0,13.0,103.66667,0.02452,0.26974,0.51952,0.57708,0.33333,0
44.66667,0.49133,0.406,0.876,7.66667,35.0,42.66667,29.66667,8.0,10.33333,116.66667,0.19034,0.20881,0.57389,0.61988,34.33333,0.387,0.22367,0.74633,11.0,35.33333,46.33333,20.66667,9.66667,15.66667,93.66667,-0.15356,0.29732,0.42392,0.49652,0.66667,0
36.0,0.44067,0.295,0.77867,10.0,32.0,42.0,20.33333,7.33333,15.0,93.66667,-0.10815,0.30979,0.49804,0.54888,41.66667,0.476,0.356,0.84433,14.66667,33.33333,48.0,21.66667,7.66667,16.66667,115.66667,-0.00667,0.52762,0.53576,0.62071,0.66667,0
36.33333,0.40733,0.25133,0.901,9.33333,39.0,48.33333,21.33333,11.0,13.0,101.0,0.16167,0.239,0.46619,0.53892,39.33333,0.44967,0.32467,0.726,10.0,37.33333,47.33333,23.66667,5.66667,15.66667,107.66667,-0.05164,0.2834,0.50639,0.577,0.66667,0
44.33333,0.479,0.39867,0.74733,9.33333,40.66667,50.0,24.0,6.66667,12.33333,111.33333,0.08062,0.25314,0.52765,0.57619,41.33333,0.47933,0.34633,0.787,15.33333,30.33333,45.66667,20.33333,8.66667,16.0,110.66667,-0.00504,0.5556,0.53007,0.60383,0.66667,1
38.33333,0.42333,0.36867,0.718,8.66667,38.66667,47.33333,24.66667,9.0,12.0,103.33333,0.02147,0.20719,0.50253,0.54762,43.66667,0.52167,0.446,0.90267,7.0,32.33333,39.33333,29.33333,7.33333,12.66667,115.66667,0.1024,0.23412,0.60719,0.66306,0.33333,0
38.66667,0.461,0.41333,0.76367,9.0,33.33333,42.33333,27.0,7.0,11.66667,107.0,0.05342,0.27251,0.54358,0.60502,42.0,0.46833,0.36167,0.79933,8.33333,29.66667,38.0,21.66667,6.33333,14.33333,107.33333,-0.33626,0.23503,0.52729,0.57781,1.0,1
41.33333,0.48967,0.46567,0.75767,7.33333,32.33333,39.66667,23.0,7.33333,8.66667,109.33333,0.02409,0.21551,0.55138,0.6139,37.66667,0.44167,0.34133,0.78067,6.0,32.33333,38.33333,21.33333,6.0,14.33333,94.66667,-0.19261,0.15798,0.5031,0.53954,1.0,0
36.33333,0.42967,0.319,0.73867,9.0,39.0,48.0,23.66667,6.33333,12.0,99.33333,0.07751,0.25214,0.4811,0.55199,35.33333,0.407,0.31167,0.77633,10.66667,36.66667,47.33333,21.66667,10.33333,12.66667,100.0,0.0478,0.27972,0.47101,0.54406,0.33333,0
43.66667,0.474,0.337,0.758,10.33333,34.33333,44.66667,30.0,9.66667,10.0,113.66667,0.10324,0.33825,0.53093,0.58636,40.0,0.45767,0.424,0.78067,9.0,39.66667,48.66667,24.66667,8.66667,11.66667,108.66667,0.16729,0.24652,0.53628,0.59287,0.0,1
43.66667,0.497,0.44333,0.73733,10.33333,35.0,45.33333,32.0,5.0,14.33333,112.33333,0.06086,0.35269,0.57365,0.61522,39.33333,0.44867,0.37367,0.824,14.0,32.0,46.0,21.0,7.33333,14.66667,106.66667,-0.04764,0.48305,0.5115,0.57847,0.66667,1
39.66667,0.48567,0.35767,0.70667,11.66667,28.0,39.66667,24.0,4.33333,15.66667,96.0,-0.10637,0.42296,0.54164,0.57181,42.66667,0.45233,0.359,0.756,9.0,32.33333,41.33333,27.33333,6.66667,7.66667,114.0,-0.14762,0.23164,0.50863,0.57258,1.0,0
37.33333,0.40167,0.29633,0.70867,11.0,36.0,47.0,24.0,4.66667,15.0,99.0,-0.13482,0.27617,0.45825,0.50786,42.0,0.47067,0.35067,0.74133,15.0,38.0,53.0,21.33333,6.33333,13.33333,115.66667,0.043,0.44583,0.51773,0.60224,0.33333,1
35.33333,0.38833,0.278,0.699,10.33333,36.0,46.33333,22.33333,9.0,14.0,97.0,-0.21358,0.24657,0.43995,0.50582,38.66667,0.42967,0.25433,0.75567,10.66667,34.0,44.66667,28.0,7.33333,12.33333,97.66667,-0.18096,0.29377,0.47136,0.5213,1.0,1
34.66667,0.39733,0.29033,0.771,14.66667,36.33333,51.0,20.33333,6.33333,15.0,97.33333,-0.00948,0.42538,0.44524,0.52305,40.33333,0.49067,0.34233,0.732,8.66667,30.66667,39.33333,25.33333,6.0,14.66667,103.66667,-0.09465,0.24977,0.55498,0.60241,1.0,0
42.0,0.50367,0.40867,0.809,10.0,31.66667,41.66667,20.66667,5.66667,10.66667,110.66667,-0.07956,0.3548,0.56176,0.6274,38.33333,0.44867,0.36,0.73667,8.0,29.33333,37.33333,23.33333,10.66667,14.0,103.0,-0.07577,0.2419,0.50701,0.56939,1.0,0
41.0,0.502,0.373,0.72133,9.33333,32.66667,42.0,25.66667,7.66667,16.0,104.66667,0.1838,0.32589,0.56531,0.61301,38.0,0.43767,0.28867,0.72967,9.33333,38.0,47.33333,19.33333,7.0,16.0,96.0,-0.2412,0.26297,0.49739,0.53467,1.0,0
38.66667,0.45367,0.37167,0.77867,9.0,38.66667,47.66667,20.66667,6.0,14.0,106.33333,0.03894,0.26666,0.50322,0.5854,38.33333,0.47933,0.334,0.75567,12.33333,33.0,45.33333,21.33333,4.0,15.66667,103.33333,-0.03556,0.45373,0.54193,0.60967,0.66667,0
46.0,0.47767,0.42833,0.68467,13.66667,33.0,46.66667,31.0,8.33333,11.33333,120.66667,0.09404,0.3971,0.5559,0.59745,39.66667,0.463,0.329,0.77167,11.0,30.0,41.0,23.66667,11.0,12.66667,106.33333,-0.01479,0.38438,0.51165,0.58433,0.66667,1
38.33333,0.43733,0.35,0.739,8.66667,39.33333,48.0,25.33333,5.66667,13.0,104.0,0.0651,0.23477,0.504,0.56127,40.66667,0.43067,0.354,0.675,12.0,32.0,44.0,22.0,10.0,10.66667,106.66667,-0.02755,0.30716,0.47836,0.53492,0.33333,1
37.33333,0.47433,0.34533,0.763,7.33333,32.0,39.33333,24.33333,7.66667,14.0,104.33333,0.07599,0.25389,0.5419,0.61804,42.66667,0.44833,0.34633,0.802,12.66667,33.33333,46.0,21.0,9.33333,14.66667,113.66667,0.0295,0.32654,0.51252,0.57075,0.33333,0
42.33333,0.47433,0.44767,0.846,11.0,30.66667,41.66667,22.33333,7.66667,12.66667,109.0,-0.10457,0.34209,0.53119,0.58567,40.33333,0.47933,0.43267,0.767,7.33333,30.33333,37.66667,24.0,7.33333,14.33333,108.0,-0.06656,0.23007,0.55183,0.61134,0.66667,1
41.66667,0.44533,0.35633,0.79267,9.66667,38.66667,48.33333,20.0,8.66667,13.0,106.33333,0.15656,0.25921,0.50769,0.54995,37.66667,0.44467,0.45367,0.80633,10.33333,34.66667,45.0,23.33333,7.33333,14.33333,102.33333,0.07919,0.28728,0.50861,0.57166,0.33333,1
38.66667,0.46733,0.42667,0.818,11.0,32.66667,43.66667,25.0,8.0,17.33333,109.33333,-0.00232,0.34993,0.54967,0.62217,40.33333,0.42633,0.35567,0.87667,13.0,32.0,45.0,18.0,9.33333,13.33333,108.0,-0.01355,0.32541,0.48728,0.54813,0.66667,1
37.66667,0.42833,0.31867,0.73833,10.66667,39.33333,50.0,21.0,8.0,14.33333,101.33333,-0.08521,0.30114,0.4754,0.54371,38.66667,0.46833,0.36933,0.77167,9.0,38.0,47.0,25.0,7.0,11.33333,106.66667,0.18061,0.27479,0.53092,0.60855,0.0,0
39.33333,0.42667,0.26133,0.64267,10.0,37.66667,47.66667,25.33333,9.0,12.66667,99.66667,-0.17321,0.24392,0.4695,0.51451,43.0,0.461,0.305,0.85467,10.33333,28.66667,39.0,20.0,6.33333,11.66667,108.33333,-0.25171,0.29386,0.50347,0.55988,0.66667,1
38.0,0.48167,0.33567,0.825,7.33333,33.33333,40.66667,23.66667,6.33333,12.0,105.66667,0.01885,0.23548,0.54611,0.62768,35.33333,0.41067,0.34633,0.60733,7.33333,32.33333,39.66667,22.33333,6.33333,16.33333,100.0,-0.27184,0.17351,0.4832,0.54226,1.0,0
32.33333,0.422,0.31033,0.726,9.0,36.0,45.0,20.0,7.66667,13.33333,93.0,-0.00208,0.27026,0.47566,0.56272,41.0,0.46867,0.457,0.85167,11.0,37.33333,48.33333,24.0,9.66667,13.66667,109.33333,0.22298,0.32292,0.53796,0.59577,0.0,0
42.0,0.46733,0.35767,0.73133,10.0,37.66667,47.66667,26.0,6.0,12.66667,108.66667,0.03024,0.30949,0.53104,0.57777,37.66667,0.466,0.357,0.65867,8.0,36.33333,44.33333,21.66667,7.33333,17.33333,97.66667,-0.22559,0.23092,0.53253,0.57712,1.0,0
40.66667,0.44667,0.36433,0.71667,12.0,31.0,43.0,22.0,7.33333,12.33333,104.66667,-0.07992,0.38326,0.51425,0.55431,34.66667,0.44133,0.513,0.78767,8.0,34.0,42.0,19.0,4.66667,11.33333,102.33333,-0.02648,0.22904,0.52575,0.60784,0.33333,0
37.66667,0.46767,0.28867,0.68333,10.66667,33.66667,44.33333,23.33333,7.0,15.33333,98.0,-0.03589,0.34799,0.52133,0.57606,42.33333,0.47433,0.428,0.77333,9.0,32.33333,41.33333,21.33333,6.0,9.33333,113.0,0.01343,0.27719,0.53459,0.59782,0.66667,0
43.66667,0.468,0.272,0.78967,9.66667,35.33333,45.0,23.0,8.0,8.66667,111.0,0.00298,0.27322,0.51013,0.56885,37.33333,0.44267,0.41167,0.718,9.66667,32.66667,42.33333,21.66667,8.66667,14.0,97.66667,-0.00715,0.2804,0.50272,0.55368,0.33333,0
44.33333,0.491,0.35333,0.855,8.0,34.66667,42.66667,27.66667,8.66667,12.66667,115.0,0.14706,0.22244,0.56669,0.61408,38.33333,0.45633,0.31133,0.68067,9.66667,32.66667,42.33333,25.66667,7.66667,13.0,100.0,-0.09136,0.27841,0.49975,0.55868,0.66667,1
37.33333,0.44633,0.37667,0.79533,9.66667,40.66667,50.33333,21.66667,8.0,16.0,103.0,0.04928,0.30065,0.4966,0.57841,40.33333,0.43833,0.33467,0.76067,8.66667,37.66667,46.33333,27.66667,7.0,10.0,106.0,0.06537,0.1962,0.50216,0.55007,0.33333,1
41.33333,0.462,0.345,0.813,9.0,33.66667,42.66667,24.33333,9.0,13.0,108.0,0.03377,0.23957,0.51803,0.5769,37.33333,0.44667,0.35533,0.672,8.66667,35.66667,44.33333,22.33333,7.33333,15.0,100.66667,-0.08683,0.23095,0.50987,0.5682,1.0,1
44.66667,0.481,0.36367,0.743,9.66667,39.33333,49.0,22.66667,9.33333,12.0,113.66667,0.07848,0.26215,0.51871,0.58047,40.0,0.48167,0.383,0.88167,7.66667,33.0,40.66667,26.0,5.33333,13.66667,108.66667,-0.05706,0.22846,0.55357,0.62099,0.66667,1
40.66667,0.43867,0.39867,0.73633,9.0,37.66667,46.66667,26.0,10.0,10.33333,108.33333,0.07286,0.22713,0.51959,0.5626,36.33333,0.41833,0.34233,0.75533,11.0,37.0,48.0,22.66667,6.66667,11.66667,100.33333,0.05263,0.30114,0.48786,0.54958,0.33333,1
42.33333,0.508,0.38767,0.703,8.66667,34.66667,43.33333,27.33333,9.66667,14.0,112.0,0.21166,0.27305,0.58837,0.6385,39.0,0.445,0.366,0.84267,6.66667,35.0,41.66667,22.66667,5.33333,12.33333,98.33333,-0.10675,0.17315,0.51253,0.54829,1.0,0
36.66667,0.44433,0.324,0.71033,9.66667,39.0,48.66667,24.33333,5.66667,13.0,102.0,0.12983,0.29167,0.50081,0.57597,40.33333,0.46033,0.294,0.779,8.33333,36.33333,44.66667,29.66667,7.66667,12.66667,104.33333,-0.05059,0.23835,0.50758,0.56703,0.66667,0
40.0,0.45133,0.391,0.68633,7.66667,38.66667,46.33333,26.66667,7.66667,13.0,105.33333,0.02732,0.19643,0.51898,0.56471,43.33333,0.472,0.45233,0.77067,8.66667,31.66667,40.33333,26.66667,9.33333,11.0,114.0,-0.05398,0.23294,0.53534,0.59142,1.0,0
38.33333,0.41733,0.32067,0.71433,9.0,35.0,44.0,24.33333,6.0,12.66667,101.66667,-0.06278,0.21742,0.48412,0.52968,37.66667,0.453,0.28633,0.66,9.66667,31.66667,41.33333,19.0,7.33333,12.66667,99.0,0.01725,0.31898,0.5067,0.56146,0.33333,0
40.33333,0.44267,0.34667,0.77733,15.33333,35.33333,50.66667,24.0,8.0,14.33333,109.66667,-0.00866,0.4842,0.50093,0.56987,40.33333,0.45467,0.433,0.73967,11.33333,37.33333,48.66667,25.0,7.0,15.33333,109.0,0.12132,0.31506,0.51848,0.57958,0.33333,1
39.66667,0.45567,0.337,0.727,12.33333,36.66667,49.0,24.66667,9.0,14.33333,109.66667,0.14529,0.39313,0.52044,0.59238,43.0,0.50533,0.42167,0.78167,8.66667,31.66667,40.33333,26.33333,10.66667,13.0,106.0,0.19126,0.29469,0.56173,0.60162,0.0,0
41.66667,0.50367,0.41533,0.72567,10.66667,33.66667,44.33333,21.0,7.0,9.33333,110.33333,0.0378,0.37262,0.558,0.6255,42.33333,0.45633,0.35333,0.70567,13.33333,33.0,46.33333,28.33333,9.66667,11.0,112.33333,0.10643,0.34792,0.51124,0.57199,0.33333,1
41.66667,0.50367,0.364,0.73433,10.33333,28.66667,39.0,27.33333,6.33333,15.66667,104.66667,-0.03146,0.3835,0.56857,0.6093,37.0,0.42267,0.33767,0.86667,10.0,32.33333,42.33333,17.66667,6.66667,11.66667,101.66667,-0.06955,0.30741,0.46785,0.55246,0.66667,0
43.0,0.472,0.38167,0.71267,9.66667,35.33333,45.0,24.33333,5.66667,13.66667,110.0,-0.08186,0.27236,0.5342,0.57969,44.66667,0.51833,0.38,0.77167,10.66667,26.66667,37.33333,27.66667,8.33333,9.66667,118.33333,0.09192,0.40502,0.57836,0.64684,0.33333,1
41.0,0.45033,0.38167,0.89367,10.66667,30.0,40.66667,21.33333,9.33333,12.0,104.0,-0.18174,0.3159,0.48871,0.54743,40.0,0.41433,0.33033,0.645,15.33333,31.66667,47.0,22.33333,10.0,8.33333,103.0,0.04304,0.39212,0.45595,0.50672,0.33333,1
41.33333,0.50933,0.38233,0.79733,8.66667,34.33333,43.0,28.0,10.0,14.66667,114.33333,0.23989,0.31158,0.5912,0.66145,42.33333,0.53767,0.45267,0.73767,5.66667,33.33333,39.0,26.66667,8.66667,16.33333,112.0,0.09787,0.20222,0.62,0.67476,0.33333,0
32.66667,0.43367,0.274,0.69733,8.0,41.0,49.0,19.0,6.33333,14.33333,94.33333,0.03821,0.25359,0.47555,0.57214,35.0,0.41867,0.294,0.679,12.33333,31.33333,43.66667,17.0,8.0,10.0,99.0,-0.02244,0.37259,0.47791,0.55047,0.66667,1
36.0,0.45067,0.38033,0.72267,9.0,35.33333,44.33333,24.33333,11.0,18.0,103.0,-0.03102,0.27855,0.52996,0.60252,36.33333,0.40533,0.30367,0.76267,11.0,37.66667,48.66667,23.66667,10.33333,16.0,100.0,-0.06442,0.29732,0.45928,0.52778,0.66667,1
43.0,0.50067,0.36733,0.84133,11.33333,36.66667,48.0,28.66667,5.66667,17.66667,119.0,-0.03525,0.35095,0.55736,0.64519,38.66667,0.44533,0.32733,0.79833,9.33333,36.66667,46.0,24.0,7.33333,10.66667,103.33333,0.05712,0.26784,0.49898,0.56507,0.33333,1
41.66667,0.452,0.35767,0.75067,8.66667,38.33333,47.0,21.33333,8.0,14.33333,108.0,0.04997,0.23249,0.51849,0.56379,42.66667,0.49633,0.397,0.814,8.0,30.66667,38.66667,26.0,11.33333,13.33333,105.0,0.05711,0.23784,0.55004,0.59076,0.33333,1
36.0,0.43067,0.37467,0.80333,10.66667,37.33333,48.0,24.0,10.66667,18.0,102.33333,0.0013,0.30633,0.5042,0.57692,39.33333,0.49167,0.391,0.677,7.66667,35.33333,43.0,21.33333,8.0,17.33333,100.33333,-0.08359,0.2388,0.55688,0.60044,1.0,1
37.0,0.43567,0.30933,0.85867,7.66667,39.66667,47.33333,24.66667,5.0,12.33333,91.66667,0.09001,0.22569,0.48297,0.52321,31.0,0.368,0.30067,0.84067,10.0,32.33333,42.33333,17.33333,7.0,13.0,87.0,-0.22828,0.28614,0.41245,0.49239,1.0,0
40.0,0.455,0.36633,0.65733,9.33333,39.33333,48.66667,24.0,5.66667,11.66667,105.33333,0.11147,0.27859,0.5139,0.56842,38.33333,0.44,0.38867,0.64367,7.0,34.0,41.0,21.33333,5.0,16.33333,108.66667,-0.19849,0.1774,0.52158,0.58265,1.0,0
39.0,0.47033,0.419,0.63,8.33333,34.0,42.33333,22.0,8.33333,12.33333,106.33333,0.05869,0.24441,0.55639,0.60533,35.33333,0.42067,0.32867,0.76267,7.66667,32.0,39.66667,18.33333,8.0,13.0,100.66667,-0.12442,0.20857,0.47808,0.56193,1.0,0
41.66667,0.51733,0.49,0.85267,4.66667,34.0,38.66667,21.66667,5.66667,8.66667,118.0,0.0882,0.14806,0.59032,0.68223,40.33333,0.44833,0.318,0.753,9.66667,34.66667,44.33333,28.66667,9.0,13.33333,104.33333,-0.05486,0.26587,0.50743,0.55592,0.66667,1
40.0,0.43667,0.335,0.74367,11.66667,34.0,45.66667,23.66667,8.33333,12.66667,103.33333,-0.05941,0.33423,0.49831,0.54286,36.66667,0.47,0.48733,0.69467,8.33333,29.66667,38.0,22.33333,8.66667,15.0,101.33333,-0.06175,0.25709,0.5457,0.60942,0.66667,0
36.0,0.40033,0.325,0.69,11.0,36.0,47.0,23.66667,7.0,16.33333,100.33333,-0.15447,0.2758,0.46413,0.52882,39.0,0.411,0.312,0.813,10.0,39.33333,49.33333,25.33333,9.0,10.33333,101.33333,0.15816,0.23392,0.47243,0.51647,0.33333,1
39.0,0.46467,0.27533,0.758,11.0,33.66667,44.66667,25.0,7.66667,13.66667,98.66667,0.10324,0.35443,0.51153,0.56279,37.33333,0.46133,0.33133,0.62367,8.66667,35.66667,44.33333,25.0,6.0,14.33333,100.66667,-0.08193,0.23906,0.51663,0.57853,0.66667,0
42.33333,0.46633,0.29533,0.77467,7.66667,37.33333,45.0,21.66667,10.0,10.33333,109.33333,-0.04021,0.21134,0.50327,0.57086,40.0,0.476,0.375,0.71567,7.66667,34.33333,42.0,23.66667,7.66667,15.0,105.0,-0.05551,0.21967,0.54874,0.59718,0.66667,0
37.66667,0.44567,0.28333,0.75267,8.33333,40.0,48.33333,23.66667,9.0,15.66667,98.66667,0.04087,0.21888,0.50097,0.55578,39.33333,0.447,0.32833,0.785,14.66667,42.0,56.66667,20.0,5.66667,11.0,113.33333,0.11202,0.42928,0.48923,0.59252,0.0,0
42.66667,0.45567,0.43133,0.67,11.33333,30.0,41.33333,27.66667,7.33333,9.0,109.0,-0.05929,0.29068,0.53063,0.56307,40.0,0.492,0.365,0.81933,8.33333,28.33333,36.66667,28.33333,6.66667,15.66667,105.66667,-0.13194,0.24389,0.55885,0.6195,1.0,1
39.66667,0.46733,0.32433,0.74133,11.33333,34.33333,45.66667,27.33333,8.33333,16.0,101.0,0.0936,0.40318,0.52202,0.56986,49.0,0.503,0.377,0.91667,9.66667,31.33333,41.0,27.66667,10.0,10.0,121.66667,0.09759,0.2977,0.56175,0.60668,0.33333,1
42.66667,0.492,0.404,0.75,7.66667,33.33333,41.0,30.0,6.66667,12.66667,111.66667,-0.03174,0.24853,0.57097,0.61662,41.0,0.48367,0.36167,0.82567,7.0,37.0,44.0,29.0,6.33333,16.33333,110.66667,0.00988,0.20745,0.57023,0.62418,0.66667,1
42.0,0.494,0.30233,0.84133,8.66667,34.0,42.66667,26.33333,7.66667,13.0,111.66667,0.05485,0.28519,0.54749,0.62182,39.0,0.434,0.32167,0.83467,10.0,37.66667,47.66667,26.0,6.66667,11.0,103.33333,0.08904,0.28935,0.48603,0.54986,0.33333,1
44.33333,0.47733,0.333,0.76667,13.0,36.0,49.0,28.0,8.0,13.33333,117.33333,0.08806,0.38911,0.52413,0.59509,40.33333,0.45067,0.368,0.85067,8.33333,33.33333,41.66667,25.66667,6.66667,13.66667,102.66667,-0.10018,0.24167,0.51351,0.5575,1.0,1
40.0,0.47033,0.39967,0.77333,9.66667,36.33333,46.0,27.33333,9.33333,14.33333,108.66667,0.07591,0.29142,0.54561,0.60727,36.33333,0.41667,0.35,0.81567,8.0,42.66667,50.66667,21.0,8.66667,11.66667,101.33333,-0.00133,0.18982,0.47376,0.54836,0.33333,1
45.0,0.474,0.39667,0.67,14.0,27.66667,41.66667,27.66667,8.33333,9.0,118.0,-0.06019,0.42274,0.53984,0.58788,40.66667,0.51633,0.384,0.817,6.66667,32.33333,39.0,25.0,9.66667,17.66667,109.66667,-0.03034,0.22248,0.57856,0.65379,0.66667,0
41.0,0.49433,0.35667,0.67967,6.0,33.0,39.0,21.33333,10.0,9.66667,109.0,0.0838,0.16816,0.5683,0.62138,41.66667,0.45567,0.36267,0.805,9.66667,32.66667,42.33333,24.0,8.0,10.0,108.33333,-0.04471,0.26487,0.5044,0.56398,1.0,0
41.33333,0.446,0.34667,0.74667,14.33333,35.33333,49.66667,23.0,7.66667,13.66667,111.0,-0.01003,0.45643,0.50709,0.56888,36.66667,0.47,0.35567,0.70667,8.33333,28.66667,37.0,21.66667,7.33333,15.0,100.66667,-0.17702,0.27693,0.52671,0.6015,1.0,0
39.33333,0.47,0.34133,0.75833,9.0,37.33333,46.33333,20.33333,9.33333,11.0,103.33333,0.04428,0.25913,0.52346,0.5843,39.0,0.48133,0.33467,0.77667,5.66667,34.0,39.66667,25.33333,8.33333,10.0,107.0,0.1168,0.18339,0.54523,0.61946,0.0,0
40.66667,0.44667,0.33,0.727,11.66667,35.0,46.66667,23.33333,7.0,10.33333,107.33333,0.02125,0.33825,0.50441,0.56057,45.33333,0.51,0.37133,0.751,8.66667,32.0,40.66667,31.33333,10.0,8.66667,119.0,0.11937,0.26487,0.56794,0.63216,0.33333,1
42.0,0.49,0.35933,0.887,12.33333,35.33333,47.66667,29.0,11.0,15.33333,116.33333,0.28124,0.46183,0.55833,0.64087,44.0,0.494,0.29133,0.84033,12.0,37.0,49.0,24.66667,7.0,13.66667,115.0,0.03503,0.41132,0.54443,0.61362,0.0,0
37.66667,0.466,0.38167,0.83233,4.66667,34.0,38.66667,19.66667,7.0,6.66667,106.66667,0.03042,0.12342,0.52622,0.61643,37.0,0.427,0.36,0.77833,8.66667,37.66667,46.33333,24.33333,10.0,13.0,107.66667,0.092,0.23786,0.49878,0.58208,0.33333,0
43.0,0.46233,0.34367,0.84133,15.0,37.33333,52.33333,30.0,3.33333,14.33333,117.33333,-0.0541,0.44833,0.51256,0.59193,39.66667,0.45433,0.38367,0.54133,7.0,33.0,40.0,22.66667,5.66667,14.66667,107.33333,-0.17977,0.17916,0.53931,0.58075,1.0,0
36.66667,0.44367,0.293,0.81933,6.0,41.0,47.0,26.0,4.33333,14.0,93.0,-0.05526,0.16667,0.50938,0.54524,40.0,0.48733,0.342,0.81967,11.33333,32.33333,43.66667,21.66667,5.66667,15.33333,108.0,0.00116,0.38824,0.55102,0.6238,0.66667,0
43.33333,0.513,0.424,0.80067,8.66667,38.33333,47.0,28.66667,5.66667,14.33333,117.0,0.09742,0.3044,0.56793,0.64927,40.66667,0.41633,0.30533,0.78433,14.0,31.0,45.0,21.0,11.0,16.33333,103.66667,-0.08332,0.35701,0.46574,0.51154,0.33333,0
42.66667,0.527,0.45267,0.715,7.0,33.33333,40.33333,27.33333,10.0,14.0,117.33333,0.17379,0.223,0.62372,0.6828,39.0,0.451,0.40733,0.775,10.33333,38.33333,48.66667,24.0,6.0,12.0,109.0,0.1727,0.31503,0.53061,0.59709,0.33333,0
37.66667,0.41267,0.311,0.88233,11.0,28.0,39.0,21.0,9.0,11.66667,95.0,-0.26665,0.29472,0.44732,0.50165,37.0,0.438,0.44933,0.748,9.66667,34.66667,44.33333,18.33333,5.66667,13.33333,99.66667,-0.08812,0.27856,0.48621,0.55722,0.66667,0
34.0,0.43167,0.274,0.666,9.33333,36.33333,45.66667,18.66667,6.0,14.33333,91.0,0.00421,0.28971,0.47212,0.53993,35.0,0.41667,0.32867,0.80133,9.66667,32.0,41.66667,16.33333,6.0,12.33333,95.66667,-0.15657,0.27929,0.4743,0.54356,1.0,0
41.33333,0.491,0.351,0.75467,10.33333,36.33333,46.66667,27.33333,8.0,15.0,105.0,0.17234,0.33292,0.54981,0.59741,37.66667,0.477,0.333,0.76633,6.33333,34.0,40.33333,24.33333,7.0,17.66667,102.33333,-0.06708,0.18802,0.5436,0.61203,0.66667,0
44.33333,0.457,0.384,0.84567,15.66667,37.0,52.66667,30.66667,6.66667,12.33333,120.0,0.10455,0.45875,0.51706,0.58764,40.0,0.45733,0.39033,0.708,8.0,33.33333,41.33333,25.0,10.66667,15.0,104.33333,-0.06533,0.20813,0.53358,0.57374,0.66667,0
45.0,0.51233,0.32133,0.758,8.33333,32.0,40.33333,27.0,5.66667,13.0,115.33333,-0.1069,0.26138,0.56745,0.62626,41.33333,0.46267,0.37967,0.83133,11.0,33.33333,44.33333,29.33333,7.0,13.0,110.66667,0.0092,0.29269,0.5379,0.59545,0.66667,0
39.0,0.46333,0.32667,0.76833,9.0,36.66667,45.66667,28.33333,8.33333,18.66667,105.33333,0.10087,0.29526,0.52258,0.59131,44.0,0.48433,0.399,0.85533,9.66667,32.33333,42.0,30.66667,8.33333,13.66667,110.33333,0.01263,0.29435,0.54322,0.58808,0.66667,1
45.66667,0.49833,0.39133,0.75067,11.0,37.33333,48.33333,27.0,8.33333,13.33333,115.0,0.20463,0.37407,0.56737,0.60614,33.66667,0.40733,0.35433,0.79467,10.33333,32.0,42.33333,15.33333,3.66667,11.33333,91.0,-0.20596,0.2989,0.45989,0.52663,1.0,1
45.33333,0.52967,0.37267,0.76933,9.0,38.33333,47.33333,27.66667,7.66667,15.33333,119.0,0.15941,0.32197,0.57437,0.65253,46.0,0.52367,0.43733,0.84933,6.66667,30.66667,37.33333,31.66667,13.0,12.66667,116.33333,0.01934,0.19862,0.58602,0.63609,0.33333,0
38.66667,0.46367,0.3,0.728,7.66667,40.0,47.66667,21.0,9.33333,12.0,98.33333,0.13128,0.2141,0.50913,0.56108,40.66667,0.491,0.359,0.74533,8.66667,33.66667,42.33333,22.66667,7.66667,15.0,107.0,-0.00869,0.28221,0.54886,0.61028,0.66667,0
34.66667,0.409,0.344,0.797,10.66667,38.0,48.66667,19.66667,3.66667,14.66667,96.0,-0.06397,0.32089,0.46797,0.53873,37.66667,0.461,0.367,0.709,10.0,31.66667,41.66667,20.66667,9.0,15.33333,102.0,-0.05145,0.29563,0.52055,0.58599,0.66667,0
40.66667,0.454,0.378,0.708,9.66667,40.33333,50.0,26.33333,8.0,14.66667,107.0,-0.00816,0.26564,0.51891,0.56914,40.66667,0.45133,0.342,0.688,9.33333,33.0,42.33333,23.33333,6.0,15.33333,107.33333,-0.21427,0.24166,0.51441,0.56607,1.0,0
37.66667,0.421,0.365,0.69833,8.66667,31.66667,40.33333,24.66667,7.33333,14.33333,107.66667,-0.13723,0.22418,0.49203,0.56499,38.0,0.43633,0.36467,0.77033,9.33333,37.0,46.33333,23.0,8.0,12.33333,107.33333,0.05768,0.26203,0.50609,0.58141,0.66667,1
43.66667,0.46567,0.282,0.60867,12.33333,38.0,50.33333,26.66667,5.66667,15.66667,107.66667,-0.16365,0.32234,0.51288,0.55166,36.33333,0.41,0.36167,0.70433,11.33333,35.66667,47.0,17.0,5.66667,13.66667,95.66667,-0.15601,0.30447,0.44946,0.51006,1.0,1
37.33333,0.46633,0.305,0.70267,6.66667,35.33333,42.0,19.66667,9.66667,11.33333,100.0,0.092,0.18859,0.52187,0.58787,38.33333,0.41067,0.312,0.765,12.33333,29.66667,42.0,21.66667,10.33333,18.66667,100.66667,-0.20698,0.32523,0.45874,0.515,0.66667,0
38.0,0.464,0.31633,0.66867,7.0,35.66667,42.66667,24.0,8.66667,17.66667,99.66667,-0.15218,0.21121,0.52613,0.57863,33.66667,0.426,0.313,0.776,9.0,30.0,39.0,18.33333,7.0,15.66667,94.66667,-0.32685,0.27309,0.47367,0.5568,1.0,0
38.66667,0.427,0.30267,0.81167,8.66667,32.0,40.66667,19.33333,9.0,11.33333,98.66667,-0.13104,0.22492,0.46754,0.52267,44.66667,0.49967,0.34267,0.883,9.0,37.33333,46.33333,25.33333,7.33333,13.66667,120.0,-0.03036,0.26164,0.55719,0.63542,0.33333,0
39.66667,0.459,0.38533,0.765,8.33333,35.33333,43.66667,22.0,7.66667,8.0,108.66667,0.00968,0.21802,0.52339,0.59639,35.33333,0.43833,0.32933,0.71367,9.66667,37.0,46.66667,22.66667,8.33333,17.0,99.0,-0.09256,0.26141,0.49939,0.57222,0.66667,0
39.33333,0.49533,0.41167,0.756,7.0,34.0,41.0,24.0,9.66667,13.66667,113.33333,0.13014,0.22098,0.58333,0.66382,31.0,0.368,0.25767,0.727,8.66667,34.33333,43.0,17.0,9.0,12.66667,84.0,-0.26081,0.21588,0.40122,0.4748,1.0,0
42.0,0.49967,0.42933,0.739,9.66667,35.66667,45.33333,27.66667,8.66667,13.0,108.33333,0.26532,0.30515,0.58145,0.62105,35.66667,0.454,0.34267,0.74033,8.66667,34.33333,43.0,23.66667,4.66667,17.33333,99.0,-0.16006,0.27274,0.52282,0.59296,0.66667,0
44.0,0.44733,0.423,0.874,13.66667,35.0,48.66667,28.33333,8.66667,11.66667,115.0,0.11939,0.39119,0.50634,0.56301,40.0,0.463,0.36167,0.776,6.66667,34.33333,41.0,24.0,8.33333,16.0,105.33333,-0.06024,0.18215,0.52812,0.5826,0.66667,0
43.33333,0.49667,0.34467,0.719,8.66667,30.66667,39.33333,26.0,7.66667,14.33333,111.0,-0.0402,0.27372,0.55895,0.60906,39.0,0.451,0.35067,0.81933,11.66667,31.66667,43.33333,24.33333,7.33333,12.66667,105.0,0.02486,0.33578,0.52068,0.58154,0.66667,1
35.33333,0.438,0.30067,0.71833,7.66667,37.0,44.66667,25.0,7.33333,18.66667,96.33333,-0.0104,0.22917,0.4956,0.56218,42.0,0.48733,0.422,0.79333,9.33333,32.0,41.33333,27.66667,10.0,13.66667,107.66667,0.1367,0.29143,0.54989,0.59939,0.33333,0
41.33333,0.46067,0.28967,0.773,10.0,36.33333,46.33333,22.66667,7.33333,12.66667,105.33333,0.06103,0.30265,0.51644,0.56494,39.0,0.46533,0.38333,0.815,9.0,32.33333,41.33333,20.0,5.33333,11.66667,100.0,-0.05587,0.27524,0.52324,0.574,0.66667,0
47.66667,0.56033,0.42,0.733,8.33333,40.33333,48.66667,31.33333,7.0,15.66667,119.0,0.24534,0.30749,0.61545,0.66601,40.66667,0.473,0.39033,0.81333,5.33333,30.0,35.33333,28.0,10.66667,11.66667,108.33333,-0.11838,0.14255,0.53312,0.59915,0.66667,0
40.33333,0.46567,0.36767,0.748,7.66667,37.66667,45.33333,24.33333,9.66667,11.66667,105.33333,0.10988,0.219,0.52662,0.57906,37.66667,0.44167,0.35,0.71867,9.0,31.33333,40.33333,19.0,6.33333,13.0,101.66667,-0.18321,0.27291,0.50611,0.56515,1.0,1
35.0,0.41833,0.303,0.791,11.33333,34.33333,45.66667,17.33333,4.66667,13.66667,100.0,-0.0447,0.34233,0.47607,0.5604,36.66667,0.431,0.323,0.75067,12.66667,32.66667,45.33333,19.66667,8.0,14.0,101.0,0.00329,0.39429,0.47935,0.55643,0.66667,0
41.0,0.449,0.47633,0.691,12.0,37.66667,49.66667,29.0,7.0,12.33333,112.66667,0.07756,0.33856,0.53061,0.58381,37.33333,0.43067,0.339,0.67133,9.66667,32.66667,42.33333,23.66667,5.33333,15.66667,98.33333,-0.31888,0.25176,0.48884,0.54102,1.0,1
37.66667,0.43767,0.42667,0.68133,7.33333,31.33333,38.66667,27.66667,7.0,14.0,109.66667,-0.1448,0.19072,0.52681,0.59805,39.33333,0.465,0.40967,0.77833,7.33333,36.33333,43.66667,24.33333,8.0,10.66667,117.33333,0.15388,0.21441,0.54708,0.64183,0.33333,1
43.66667,0.46033,0.29367,0.60233,13.33333,38.33333,51.66667,25.66667,6.33333,15.0,105.0,-0.09226,0.34615,0.51198,0.53684,38.0,0.43433,0.37,0.74733,10.0,38.0,48.0,21.33333,6.66667,15.0,96.0,-0.10289,0.26844,0.48156,0.5279,0.66667,1
41.33333,0.48733,0.32367,0.775,6.66667,35.33333,42.0,23.33333,11.66667,10.33333,107.66667,0.156,0.19205,0.53426,0.60099,37.0,0.421,0.312,0.77833,11.33333,28.33333,39.66667,20.0,9.33333,20.66667,98.33333,-0.30369,0.31368,0.47201,0.53307,1.0,0
39.33333,0.48633,0.329,0.64467,9.0,35.0,44.0,22.66667,8.33333,17.0,103.33333,-0.07191,0.30864,0.55352,0.60481,34.0,0.422,0.313,0.79933,8.66667,28.33333,37.0,16.33333,8.33333,16.0,92.0,-0.35487,0.25952,0.46801,0.53987,1.0,0
39.66667,0.447,0.35267,0.792,9.33333,36.0,45.33333,18.33333,8.33333,13.0,105.0,0.00964,0.256,0.50022,0.56365,42.0,0.483,0.36267,0.84733,8.0,33.0,41.0,22.33333,9.33333,13.33333,114.0,-0.06855,0.21772,0.54387,0.61942,0.66667,1
42.66667,0.47867,0.386,0.77,10.0,32.66667,42.66667,25.66667,8.33333,7.66667,112.0,0.06462,0.28974,0.53467,0.59817,36.0,0.437,0.38533,0.802,9.33333,33.33333,42.66667,22.0,9.0,17.33333,102.33333,-0.10654,0.25384,0.50968,0.58454,0.66667,0
38.66667,0.502,0.47333,0.80033,5.33333,33.0,38.33333,24.0,7.33333,16.33333,111.33333,0.09632,0.17744,0.59307,0.67487,36.33333,0.416,0.33933,0.72567,8.0,32.33333,40.33333,23.33333,10.33333,11.66667,93.33333,-0.19595,0.20241,0.45786,0.51101,1.0,0
41.33333,0.52833,0.47333,0.739,6.33333,35.0,41.33333,28.0,7.66667,12.66667,111.0,0.1748,0.21555,0.61475,0.67182,34.0,0.40967,0.29533,0.72133,12.66667,31.0,43.66667,21.0,5.66667,14.33333,93.33333,-0.20286,0.38363,0.45546,0.52764,1.0,0
46.33333,0.481,0.41967,0.74433,12.33333,34.33333,46.66667,26.33333,11.0,10.66667,121.0,0.23673,0.36759,0.54854,0.60136,41.0,0.49533,0.356,0.65133,7.33333,34.0,41.33333,22.66667,7.0,16.66667,103.33333,-0.14638,0.20884,0.54667,0.59186,1.0,0
40.0,0.475,0.34633,0.63833,8.66667,31.66667,40.33333,22.66667,6.33333,13.0,100.33333,-0.0664,0.26171,0.53571,0.57463,38.33333,0.452,0.365,0.782,10.0,35.33333,45.33333,20.33333,6.66667,11.0,104.33333,0.12684,0.28241,0.52923,0.58846,0.33333,0
35.66667,0.464,0.33167,0.71633,6.66667,30.66667,37.33333,21.0,7.0,17.33333,99.0,-0.107,0.19993,0.52895,0.6011,40.0,0.496,0.37,0.75767,7.0,32.66667,39.66667,23.66667,10.0,14.33333,101.66667,0.1385,0.22754,0.5553,0.60244,0.33333,0
40.66667,0.47167,0.373,0.76867,9.66667,33.33333,43.0,21.33333,8.0,11.0,106.33333,0.20141,0.29163,0.54015,0.592,41.33333,0.46367,0.331,0.805,9.66667,28.66667,38.33333,20.33333,9.0,15.66667,107.66667,-0.20978,0.27014,0.51445,0.57673,1.0,0
45.66667,0.55333,0.40067,0.772,9.0,38.0,47.0,31.33333,7.33333,16.33333,117.0,0.2708,0.34141,0.61535,0.67461,38.66667,0.45833,0.31967,0.82167,5.33333,27.66667,33.0,24.66667,11.33333,9.66667,106.33333,-0.142,0.15452,0.50599,0.59223,0.66667,0
40.66667,0.47967,0.39633,0.662,8.0,37.66667,45.66667,24.66667,6.33333,11.33333,105.66667,0.05453,0.23843,0.538,0.58935,35.66667,0.42167,0.32867,0.70267,10.0,32.66667,42.66667,15.66667,8.33333,14.66667,96.33333,-0.16182,0.30648,0.47944,0.54168,1.0,1
35.0,0.409,0.30367,0.757,11.0,37.0,48.0,17.66667,6.33333,13.33333,100.66667,0.04063,0.31154,0.47369,0.55175,34.0,0.40733,0.30967,0.77433,11.66667,35.33333,47.0,19.33333,7.0,13.33333,97.0,-0.09155,0.34072,0.45227,0.54007,0.66667,0
43.33333,0.46567,0.441,0.71767,14.33333,35.66667,50.0,29.66667,7.66667,12.0,118.33333,0.17274,0.4247,0.54276,0.60114,37.33333,0.45133,0.36733,0.784,10.0,33.33333,43.33333,23.33333,6.0,17.0,103.66667,-0.21823,0.28883,0.50838,0.58667,0.66667,0
41.0,0.42933,0.267,0.657,15.0,37.66667,52.66667,22.0,7.0,14.66667,99.0,-0.10946,0.38857,0.47488,0.50284,33.0,0.39467,0.26167,0.867,8.33333,29.33333,37.66667,18.66667,8.0,11.33333,94.66667,-0.20598,0.22641,0.43478,0.53053,1.0,0
41.0,0.47867,0.32067,0.64733,10.33333,36.33333,46.66667,22.0,8.33333,15.0,107.0,0.03398,0.32466,0.53708,0.58937,33.33333,0.40533,0.31833,0.815,8.0,31.33333,39.33333,13.66667,8.66667,15.33333,92.33333,-0.33311,0.20549,0.45488,0.53054,1.0,0
39.33333,0.44767,0.39067,0.74167,8.66667,37.33333,46.0,19.0,9.33333,13.33333,104.33333,0.0446,0.23204,0.51235,0.56693,40.0,0.45733,0.374,0.788,11.0,35.33333,46.33333,20.66667,9.33333,13.66667,111.0,-0.05201,0.30105,0.51989,0.59614,0.66667,0
38.33333,0.43533,0.40133,0.65167,8.66667,30.33333,39.0,24.66667,11.66667,14.66667,107.66667,-0.1331,0.21797,0.50658,0.57548,37.66667,0.47933,0.33933,0.68533,6.0,29.66667,35.66667,20.33333,5.66667,13.66667,96.33333,-0.16066,0.17532,0.53206,0.58269,1.0,0
44.0,0.482,0.42333,0.74233,11.66667,33.33333,45.0,26.0,9.33333,11.0,114.66667,0.14908,0.35016,0.53254,0.59497,34.66667,0.42,0.404,0.82567,10.0,29.66667,39.66667,20.33333,10.33333,17.33333,100.66667,-0.17314,0.2858,0.48437,0.57113,1.0,1
39.66667,0.49267,0.43667,0.811,6.66667,36.0,42.66667,23.33333,5.66667,15.66667,115.0,0.12239,0.21997,0.58043,0.66623,41.66667,0.479,0.38,0.79,5.33333,31.66667,37.0,26.66667,10.0,10.33333,108.66667,-0.12722,0.14357,0.527,0.5931,1.0,0
40.33333,0.53267,0.40933,0.67867,5.33333,35.0,40.33333,23.66667,7.0,9.0,105.66667,0.17869,0.17873,0.60664,0.65939,36.33333,0.443,0.36933,0.68933,10.0,32.33333,42.33333,24.0,6.33333,14.0,102.33333,-0.13161,0.28125,0.50611,0.58073,0.66667,1
38.66667,0.456,0.38833,0.75,8.33333,36.0,44.33333,22.0,8.33333,12.33333,108.33333,0.11277,0.25143,0.5239,0.60295,39.33333,0.48233,0.35533,0.63467,6.33333,32.66667,39.0,20.66667,7.0,15.33333,100.0,-0.11277,0.18133,0.53084,0.57946,1.0,0
41.0,0.48633,0.39067,0.662,9.0,34.0,43.0,23.0,8.0,10.66667,104.33333,0.15035,0.3009,0.55487,0.59584,40.0,0.45867,0.34267,0.882,8.0,31.66667,39.66667,25.33333,8.0,12.0,107.66667,-0.12423,0.25571,0.50289,0.58381,1.0,1
32.66667,0.435,0.31367,0.74833,8.33333,29.33333,37.66667,17.33333,7.0,15.0,92.66667,-0.06799,0.27131,0.49936,0.57772,37.0,0.487,0.322,0.70933,6.66667,31.33333,38.0,21.33333,9.0,14.0,96.66667,0.06799,0.22794,0.53685,0.59956,0.66667,0
40.66667,0.46067,0.4,0.76233,9.0,34.0,43.0,25.0,7.0,11.0,106.33333,0.08805,0.25634,0.52927,0.57948,40.66667,0.45633,0.31667,0.79367,9.0,31.33333,40.33333,20.33333,9.66667,14.0,108.33333,-0.18809,0.2459,0.50902,0.57747,1.0,1
39.66667,0.46033,0.433,0.68967,7.66667,36.33333,44.0,23.0,5.33333,13.0,104.33333,-0.11432,0.21979,0.52579,0.57542,37.33333,0.42633,0.264,0.757,9.0,36.33333,45.33333,18.66667,7.33333,11.66667,100.0,-0.00526,0.27565,0.47552,0.54315,0.66667,1
38.66667,0.44,0.40867,0.79,8.66667,36.66667,45.33333,17.0,9.33333,12.66667,106.0,0.03754,0.23702,0.50486,0.57234,35.33333,0.444,0.36667,0.76167,8.33333,37.33333,45.66667,20.0,4.0,12.33333,95.66667,-0.1958,0.24995,0.48985,0.56471,1.0,0
40.66667,0.43767,0.36333,0.76667,13.66667,37.66667,51.33333,23.33333,7.66667,13.66667,106.66667,0.04409,0.37417,0.49974,0.54883,36.33333,0.40733,0.232,0.87567,9.66667,32.0,41.66667,20.33333,7.33333,11.33333,97.66667,-0.20188,0.25505,0.44242,0.52177,1.0,0
38.33333,0.45667,0.44633,0.73667,7.66667,30.33333,38.0,24.66667,9.66667,14.66667,109.0,-0.02948,0.20497,0.53913,0.61256,34.0,0.421,0.266,0.79567,7.33333,30.66667,38.0,21.33333,7.0,12.66667,94.66667,-0.17172,0.21314,0.46838,0.54947,1.0,0
39.33333,0.47233,0.40367,0.843,9.0,31.33333,40.33333,21.33333,7.66667,12.66667,106.66667,0.06953,0.30177,0.52249,0.60322,37.0,0.485,0.29867,0.77333,7.33333,28.33333,35.66667,20.0,7.0,14.0,97.66667,-0.04828,0.27081,0.53258,0.60366,1.0,0
38.0,0.47333,0.34767,0.697,7.33333,37.33333,44.66667,22.0,7.0,10.66667,99.66667,0.05272,0.20373,0.52906,0.58626,38.33333,0.44167,0.303,0.678,10.0,35.0,45.0,22.0,8.0,13.0,101.66667,-0.00516,0.27142,0.49712,0.55486,0.33333,0
42.66667,0.474,0.395,0.664,11.66667,35.66667,47.33333,26.0,6.0,9.33333,111.0,0.1355,0.37073,0.54069,0.58857,40.33333,0.437,0.349,0.82367,10.33333,32.66667,43.0,24.0,6.0,9.33333,110.0,-0.08497,0.31892,0.4886,0.56407,0.66667,1
39.0,0.44033,0.38067,0.76233,9.0,37.33333,46.33333,24.33333,6.66667,14.0,104.66667,0.02884,0.24444,0.50289,0.56469,39.66667,0.49567,0.38133,0.651,7.33333,34.66667,42.0,23.33333,6.66667,15.66667,104.66667,-0.07608,0.20885,0.56178,0.61493,0.66667,1
35.33333,0.42233,0.328,0.714,7.66667,37.66667,45.33333,18.66667,5.0,16.0,93.0,-0.2495,0.20312,0.47392,0.52868,43.66667,0.45367,0.36267,0.782,7.0,37.0,44.0,27.66667,8.66667,13.0,107.0,-0.15497,0.16492,0.50698,0.54115,1.0,0
37.33333,0.42967,0.42467,0.764,8.33333,36.0,44.33333,17.66667,10.0,11.66667,104.0,0.06865,0.23214,0.50158,0.56772,36.33333,0.46467,0.35667,0.685,6.66667,35.66667,42.33333,19.33333,6.66667,14.0,94.0,-0.24719,0.18065,0.50936,0.56726,1.0,1
42.66667,0.46933,0.369,0.78833,11.0,39.33333,50.33333,29.66667,7.66667,15.0,115.33333,0.0744,0.31994,0.5348,0.59953,40.66667,0.42233,0.30133,0.835,10.0,35.33333,45.33333,26.0,8.0,12.66667,102.66667,-0.15558,0.24351,0.47033,0.51872,1.0,0
39.66667,0.45633,0.42367,0.753,7.66667,32.33333,40.0,23.66667,9.66667,12.66667,109.0,0.07502,0.20786,0.53281,0.59575,36.66667,0.44333,0.30633,0.80033,10.33333,31.66667,42.0,24.33333,6.0,12.66667,100.0,-0.16764,0.30944,0.49701,0.57138,1.0,0
36.33333,0.44833,0.37867,0.80967,8.66667,30.66667,39.33333,17.66667,6.66667,12.33333,101.0,-0.00264,0.281,0.49789,0.58288,35.0,0.46533,0.339,0.79,9.66667,27.66667,37.33333,17.33333,6.0,14.0,99.66667,-0.04288,0.3347,0.52899,0.61643,1.0,0
38.0,0.43433,0.29233,0.70333,12.0,38.33333,50.33333,22.0,6.66667,10.33333,99.33333,0.0977,0.32719,0.47988,0.53698,35.66667,0.45767,0.328,0.777,10.33333,26.33333,36.66667,16.0,4.66667,13.66667,99.0,-0.18154,0.34505,0.51562,0.59503,1.0,0
44.0,0.51167,0.407,0.762,9.66667,33.66667,43.33333,26.33333,4.33333,10.33333,114.33333,0.08149,0.32911,0.58158,0.63447,38.33333,0.44833,0.32233,0.74367,13.0,34.33333,47.33333,26.0,6.33333,13.0,105.33333,-0.10203,0.42027,0.49794,0.57631,1.0,0
39.66667,0.441,0.319,0.75467,9.0,40.0,49.0,23.66667,6.33333,15.66667,105.66667,-0.09167,0.25,0.49819,0.56028,41.0,0.504,0.40667,0.74733,6.33333,35.66667,42.0,24.66667,6.0,12.66667,112.33333,0.04502,0.18027,0.58185,0.64898,0.33333,0
38.33333,0.44167,0.342,0.82567,8.0,37.66667,45.66667,17.66667,7.33333,13.33333,101.66667,0.02345,0.22881,0.50075,0.56038,40.33333,0.43933,0.364,0.76567,8.0,35.66667,43.66667,26.0,7.33333,15.33333,101.66667,-0.2495,0.1996,0.50158,0.53905,1.0,1
38.0,0.42967,0.41,0.81333,8.66667,36.66667,45.33333,17.66667,10.0,9.66667,108.33333,0.06847,0.23611,0.49876,0.57753,40.33333,0.508,0.42033,0.647,5.33333,35.66667,41.0,23.0,5.66667,14.33333,105.33333,-0.10787,0.15309,0.57259,0.62421,0.66667,0
37.66667,0.42767,0.35633,0.77467,12.33333,37.0,49.33333,23.33333,7.66667,12.0,105.66667,0.18372,0.35172,0.49277,0.56799,33.33333,0.43833,0.31133,0.775,9.0,26.66667,35.66667,16.33333,4.0,15.0,94.0,-0.30677,0.28416,0.48893,0.57645,1.0,0
42.0,0.49467,0.36267,0.85367,8.66667,35.66667,44.33333,26.33333,3.33333,11.0,110.0,0.04946,0.27824,0.55756,0.61783,37.0,0.42767,0.30967,0.77933,12.33333,33.33333,45.66667,24.66667,5.33333,12.0,99.33333,-0.15792,0.37342,0.47525,0.54374,1.0,0
38.66667,0.44467,0.29533,0.764,9.0,37.66667,46.66667,19.33333,6.66667,15.0,108.33333,-0.08385,0.27542,0.50798,0.58454,39.66667,0.48433,0.35033,0.82,7.66667,30.33333,38.0,23.0,6.66667,12.0,108.66667,-0.08082,0.2175,0.54963,0.62531,0.66667,0
38.33333,0.43367,0.32667,0.891,11.66667,36.0,47.66667,16.66667,8.33333,13.33333,101.66667,0.10689,0.34656,0.48797,0.55127,34.33333,0.417,0.35233,0.79033,7.33333,34.66667,42.0,19.0,5.66667,14.33333,94.66667,-0.21378,0.20105,0.48441,0.54923,0.66667,0
38.66667,0.46567,0.37233,0.77533,11.0,37.33333,48.33333,20.66667,7.0,13.33333,110.0,0.23888,0.35053,0.53191,0.61793,33.33333,0.42,0.287,0.764,8.0,26.33333,34.33333,18.66667,5.33333,12.33333,93.66667,-0.33818,0.22978,0.45938,0.54879,1.0,0
42.33333,0.49667,0.36333,0.86833,7.33333,35.66667,43.0,25.66667,5.33333,8.33333,108.33333,0.11603,0.22109,0.56127,0.61199,36.0,0.437,0.286,0.73733,9.66667,34.66667,44.33333,20.66667,3.66667,13.33333,96.33333,-0.19742,0.30147,0.48177,0.55027,1.0,0
37.66667,0.44733,0.34467,0.77867,8.33333,34.66667,43.0,17.66667,7.66667,12.0,110.33333,0.05589,0.26416,0.5309,0.61452,37.66667,0.476,0.35967,0.856,5.33333,32.66667,38.0,21.0,7.33333,13.33333,106.0,-0.05589,0.15132,0.54397,0.63006,0.66667,1
38.0,0.43733,0.341,0.86967,8.0,38.33333,46.33333,23.0,8.0,7.33333,103.66667,0.25888,0.22843,0.50256,0.56988,33.0,0.414,0.24733,0.69,6.66667,34.66667,41.33333,17.66667,3.0,13.0,86.66667,-0.25888,0.17393,0.46282,0.51705,1.0,1
36.66667,0.42767,0.28067,0.73767,11.66667,32.0,43.66667,17.33333,10.33333,11.66667,105.66667,0.06664,0.37832,0.49876,0.57906,34.0,0.43933,0.341,0.701,6.66667,27.33333,34.0,20.66667,6.0,12.33333,95.66667,-0.23084,0.19047,0.49724,0.57486,1.0,1
45.0,0.48767,0.41133,0.705,10.66667,34.66667,45.33333,25.33333,8.66667,16.33333,122.66667,0.046,0.31104,0.55125,0.62104,40.66667,0.427,0.38067,0.78533,9.33333,36.0,45.33333,26.0,4.66667,11.66667,108.66667,-0.09134,0.25072,0.49046,0.54696,1.0,0
40.33333,0.47567,0.33767,0.72833,9.66667,33.66667,43.33333,22.0,7.0,13.33333,113.66667,0.05834,0.30463,0.52931,0.61873,42.33333,0.46433,0.35467,0.747,9.0,41.0,50.0,29.33333,11.66667,17.0,115.66667,0.14696,0.24126,0.53393,0.59772,0.33333,0
38.66667,0.425,0.32133,0.64233,13.0,37.66667,50.66667,22.0,5.33333,14.66667,103.0,0.01511,0.37544,0.48388,0.53606,43.33333,0.483,0.28133,0.75433,6.66667,32.33333,39.0,26.0,7.66667,12.33333,111.66667,-0.04946,0.19718,0.53178,0.58913,1.0,1
43.33333,0.507,0.40567,0.70967,10.0,33.66667,43.66667,23.33333,6.33333,14.0,119.0,0.11444,0.3646,0.57486,0.64838,39.66667,0.44433,0.351,0.76133,10.66667,28.33333,39.0,22.0,8.66667,12.66667,110.0,-0.14718,0.29257,0.51088,0.58143,0.66667,0
43.66667,0.474,0.38933,0.76167,12.66667,38.66667,51.33333,29.33333,7.0,17.66667,118.33333,0.06627,0.36746,0.54115,0.60551,44.66667,0.52533,0.42167,0.76033,7.0,30.33333,37.33333,27.66667,10.0,13.66667,118.0,0.22013,0.21828,0.60057,0.65399,0.0,0
41.66667,0.478,0.45367,0.81167,9.33333,40.0,49.33333,28.66667,7.0,12.66667,116.0,0.16183,0.2666,0.56449,0.63038,42.0,0.47833,0.41367,0.79167,8.66667,34.0,42.66667,24.33333,7.66667,12.66667,110.0,0.0557,0.25824,0.54677,0.59988,0.66667,0
40.33333,0.47933,0.42433,0.754,11.66667,42.0,53.66667,24.33333,4.66667,16.33333,113.66667,0.16655,0.40268,0.56183,0.63415,42.33333,0.52067,0.49467,0.79367,7.0,29.66667,36.66667,22.0,8.0,18.0,119.33333,0.0002,0.24343,0.59613,0.68092,0.66667,1
40.0,0.44067,0.36733,0.79367,9.33333,34.66667,44.0,25.0,7.66667,12.66667,108.66667,-0.01807,0.24513,0.5028,0.56872,43.33333,0.541,0.40867,0.713,6.0,29.66667,35.66667,25.33333,9.0,17.0,111.66667,0.04831,0.18719,0.60924,0.65865,0.33333,1
41.33333,0.45733,0.313,0.774,10.33333,37.0,47.33333,25.66667,5.66667,13.66667,114.66667,0.00935,0.26848,0.50839,0.5921,36.66667,0.401,0.288,0.78267,9.0,36.66667,45.66667,19.33333,6.33333,13.33333,102.66667,-0.14497,0.22168,0.44864,0.52861,1.0,0
44.0,0.482,0.297,0.737,10.0,33.66667,43.66667,24.0,7.0,11.0,113.66667,-0.05699,0.3111,0.53412,0.59365,46.0,0.49267,0.357,0.75033,11.33333,37.66667,49.0,26.33333,8.0,11.33333,121.33333,0.10187,0.3488,0.55958,0.61746,0.0,1
41.33333,0.45633,0.367,0.70133,11.33333,32.33333,43.66667,23.0,6.66667,11.33333,109.0,-0.06733,0.32836,0.51689,0.57099,43.0,0.50367,0.42233,0.82667,9.33333,39.0,48.33333,24.66667,7.66667,15.0,121.33333,0.20976,0.34502,0.5673,0.66408,0.0,1
35.33333,0.393,0.26067,0.66333,11.0,39.0,50.0,19.33333,5.66667,14.33333,95.0,-0.13637,0.29771,0.44124,0.49906,34.66667,0.42067,0.38733,0.80033,8.33333,31.0,39.33333,20.0,6.66667,15.0,99.33333,-0.16969,0.26017,0.49273,0.56837,0.66667,0
42.0,0.443,0.38167,0.783,12.33333,31.33333,43.66667,20.66667,13.0,12.0,119.0,0.02444,0.33577,0.49505,0.58302,37.66667,0.40567,0.34167,0.75767,11.0,37.0,48.0,23.33333,6.66667,12.0,103.33333,-0.11228,0.28229,0.46539,0.52876,1.0,0
46.66667,0.479,0.37167,0.8,13.66667,43.33333,57.0,28.0,6.66667,17.33333,128.0,0.09274,0.3845,0.54784,0.61936,36.66667,0.40667,0.32467,0.75267,11.66667,36.0,47.66667,22.0,5.66667,11.33333,103.66667,-0.04757,0.30844,0.46248,0.54078,0.66667,0
44.0,0.48267,0.28733,0.81233,11.66667,37.33333,49.0,22.66667,6.66667,16.0,117.0,-0.01821,0.33084,0.52944,0.60347,43.33333,0.46933,0.35633,0.759,10.66667,39.33333,50.0,25.33333,5.0,15.33333,113.0,0.05153,0.31527,0.53251,0.5857,0.66667,0
41.0,0.451,0.41733,0.83733,9.0,39.33333,48.33333,26.0,11.0,14.66667,113.33333,0.09193,0.23582,0.51465,0.58874,46.66667,0.491,0.39267,0.73467,11.0,37.33333,48.33333,25.33333,8.0,14.66667,127.0,0.01095,0.31029,0.55569,0.62473,0.33333,0
39.66667,0.44467,0.36467,0.83167,10.66667,29.33333,40.0,24.0,10.33333,13.0,106.33333,-0.067,0.31815,0.50166,0.56759,36.33333,0.46267,0.38,0.74067,7.0,30.33333,37.33333,26.33333,7.66667,19.33333,102.66667,-0.20669,0.20622,0.54152,0.61112,1.0,0
51.0,0.51533,0.37133,0.712,15.0,35.66667,50.66667,29.66667,9.33333,15.33333,131.66667,0.08378,0.47647,0.57666,0.62896,37.0,0.408,0.36967,0.72933,10.0,32.33333,42.33333,19.0,6.0,10.66667,103.66667,-0.14602,0.2457,0.48136,0.54266,0.66667,1
39.33333,0.40433,0.36333,0.73467,11.33333,32.66667,44.0,23.33333,7.66667,10.0,108.0,-0.11952,0.24032,0.49159,0.53487,38.0,0.42033,0.29667,0.74667,12.0,32.0,44.0,20.33333,8.33333,14.33333,104.66667,-0.1842,0.29948,0.46244,0.54012,0.66667,0
45.0,0.48233,0.37467,0.73633,15.0,31.0,46.0,25.66667,6.66667,14.66667,121.33333,0.06247,0.51405,0.55154,0.61274,41.66667,0.461,0.298,0.86533,10.33333,30.0,40.33333,23.33333,7.66667,16.0,115.33333,-0.20325,0.30026,0.52181,0.60179,1.0,0
42.66667,0.468,0.38233,0.78767,9.66667,31.66667,41.33333,29.33333,10.66667,13.66667,119.66667,-0.01598,0.28108,0.54653,0.61743,44.33333,0.44067,0.357,0.74567,11.66667,35.0,46.66667,25.0,7.0,10.33333,117.33333,-0.08586,0.27372,0.49762,0.55422,0.66667,0
43.0,0.46167,0.40833,0.781,13.66667,32.66667,46.33333,20.66667,9.33333,12.0,111.66667,0.00525,0.38725,0.51169,0.57011,41.66667,0.48133,0.37433,0.838,8.0,35.66667,43.66667,22.0,8.33333,17.66667,112.66667,0.04954,0.23854,0.54886,0.62011,0.33333,0
41.0,0.462,0.35767,0.86367,9.33333,42.0,51.33333,26.0,6.66667,14.33333,106.33333,0.09252,0.26365,0.52872,0.57862,40.0,0.47267,0.32467,0.628,7.0,39.33333,46.33333,18.66667,5.66667,18.33333,103.0,-0.10569,0.19428,0.52876,0.57577,1.0,1
45.0,0.45667,0.31033,0.73533,15.33333,35.33333,50.66667,24.66667,10.66667,16.0,119.66667,-0.02631,0.46025,0.51333,0.57543,43.0,0.47033,0.37567,0.795,12.66667,37.66667,50.33333,24.0,5.33333,13.66667,116.33333,0.19078,0.38906,0.53762,0.60284,0.33333,1
44.66667,0.43833,0.321,0.78367,11.0,39.66667,50.66667,22.33333,6.0,11.0,120.33333,0.15661,0.26899,0.49749,0.56171,39.66667,0.41767,0.407,0.75,13.33333,29.66667,43.0,22.66667,7.0,13.66667,106.0,-0.1568,0.36316,0.48071,0.53415,1.0,0
39.0,0.447,0.272,0.66933,10.0,32.33333,42.33333,24.66667,6.33333,14.33333,105.33333,-0.15464,0.28788,0.48867,0.56185,39.0,0.45567,0.36133,0.763,7.66667,37.33333,45.0,20.33333,7.66667,17.66667,109.0,-0.01828,0.19799,0.52798,0.59796,0.66667,1
45.0,0.47967,0.35933,0.77067,9.33333,35.0,44.33333,26.0,6.66667,14.0,117.66667,-0.08706,0.28069,0.54222,0.5983,39.33333,0.426,0.39667,0.712,9.0,35.33333,44.33333,20.66667,6.66667,11.0,107.0,-0.10952,0.21451,0.4913,0.5506,0.66667,0
40.66667,0.44833,0.35433,0.71933,9.66667,38.0,47.66667,22.66667,6.33333,14.33333,111.66667,0.00302,0.27423,0.52156,0.58298,46.33333,0.505,0.415,0.758,10.0,33.66667,43.66667,26.0,7.33333,17.0,123.33333,-0.02952,0.29401,0.56699,0.63215,0.66667,1
41.33333,0.46267,0.32667,0.71267,8.66667,39.33333,48.0,24.33333,4.66667,16.0,109.66667,-0.03938,0.25084,0.52334,0.58203,39.33333,0.47967,0.449,0.77167,8.0,33.66667,41.66667,22.66667,9.66667,12.33333,108.66667,0.09348,0.25702,0.54555,0.62038,0.0,1
41.33333,0.47967,0.41733,0.67067,11.33333,37.33333,48.66667,24.33333,6.0,15.0,113.33333,0.1059,0.35823,0.55797,0.61677,42.0,0.46833,0.38567,0.783,14.33333,34.0,48.33333,26.66667,8.0,15.33333,121.33333,0.11156,0.48611,0.53686,0.62705,0.0,0
38.33333,0.468,0.35267,0.691,10.0,36.0,46.0,22.33333,8.33333,14.66667,108.0,0.12291,0.29921,0.52883,0.60926,43.33333,0.48567,0.388,0.79833,10.33333,36.0,46.33333,30.0,11.33333,17.0,120.33333,0.15833,0.32251,0.56491,0.6353,0.33333,1
36.66667,0.385,0.312,0.80967,14.33333,40.66667,55.0,24.0,7.0,18.0,102.33333,-0.02542,0.36654,0.43933,0.51208,38.66667,0.437,0.28767,0.76167,9.0,39.0,48.0,21.66667,6.66667,13.33333,103.66667,-0.01451,0.23841,0.48786,0.55471,0.66667,0
46.33333,0.46433,0.35767,0.83133,10.0,36.66667,46.66667,25.0,8.0,11.33333,128.33333,0.13413,0.27143,0.52448,0.60588,41.33333,0.469,0.34733,0.77733,12.33333,35.33333,47.66667,22.0,7.66667,12.33333,119.33333,0.05411,0.37756,0.53967,0.62765,0.33333,0
40.0,0.44033,0.35233,0.90533,11.66667,34.66667,46.33333,25.0,9.0,15.66667,111.66667,0.07856,0.38485,0.51626,0.58852,43.33333,0.511,0.358,0.751,9.0,28.33333,37.33333,24.0,8.66667,13.0,110.33333,0.05962,0.29627,0.57557,0.62368,0.33333,1
36.33333,0.43233,0.35867,0.912,13.33333,26.66667,40.0,18.33333,6.0,15.0,101.33333,-0.16987,0.5063,0.48297,0.57068,45.0,0.48067,0.36267,0.74633,11.0,36.0,47.0,27.0,7.0,9.66667,122.33333,0.08413,0.32912,0.5537,0.61959,0.33333,1
45.66667,0.53433,0.37533,0.81733,11.33333,34.66667,46.0,26.0,5.33333,16.0,122.33333,0.20282,0.46232,0.59525,0.67156,43.33333,0.50567,0.42367,0.74,10.0,38.33333,48.33333,22.66667,6.33333,12.66667,118.33333,0.20542,0.31417,0.56766,0.6433,0.0,0
45.33333,0.49767,0.46467,0.64467,11.33333,38.0,49.33333,29.33333,10.33333,15.66667,119.66667,0.20309,0.33916,0.57751,0.62799,43.0,0.52867,0.402,0.754,8.33333,30.66667,39.0,23.0,9.0,16.33333,113.33333,0.06572,0.2843,0.59018,0.65587,0.33333,0
42.66667,0.47333,0.35533,0.72867,10.0,31.33333,41.33333,21.66667,6.66667,14.66667,114.33333,-0.11183,0.29672,0.52887,0.59581,41.33333,0.501,0.37267,0.64733,7.33333,33.66667,41.0,26.33333,6.33333,18.66667,107.0,-0.08755,0.21998,0.56343,0.61441,1.0,0
36.0,0.424,0.30533,0.79233,9.66667,39.0,48.66667,24.0,8.0,15.66667,112.33333,0.06385,0.24174,0.4834,0.61005,41.0,0.49267,0.433,0.693,8.66667,39.0,47.66667,21.33333,7.0,15.33333,109.0,0.14019,0.26513,0.55435,0.6149,0.33333,1
42.66667,0.51167,0.37967,0.785,7.66667,31.0,38.66667,26.33333,8.33333,14.66667,120.0,0.06422,0.27706,0.57746,0.66709,43.0,0.47133,0.357,0.75367,7.66667,36.33333,44.0,25.0,6.0,11.0,114.66667,0.06223,0.21014,0.53731,0.59574,0.66667,1
37.33333,0.45333,0.30067,0.85433,8.33333,33.0,41.33333,19.66667,8.66667,14.0,104.66667,-0.0626,0.27603,0.50632,0.59991,39.0,0.46533,0.41,0.749,9.33333,35.66667,45.0,22.33333,5.0,17.33333,105.33333,-0.03464,0.29723,0.55361,0.60202,0.66667,1
37.33333,0.45067,0.47267,0.78567,9.66667,29.0,38.66667,26.0,4.66667,18.0,102.66667,-0.07314,0.29879,0.52959,0.58989,38.33333,0.485,0.42233,0.859,7.0,40.33333,47.33333,18.33333,6.33333,16.66667,112.33333,0.23143,0.26456,0.54842,0.65555,0.0,0
37.0,0.43033,0.26933,0.926,13.0,31.0,44.0,20.33333,7.0,14.33333,101.33333,-0.09198,0.49033,0.4691,0.55741,39.33333,0.46433,0.378,0.818,9.33333,30.0,39.33333,23.0,8.0,13.0,109.0,0.0413,0.27283,0.53524,0.61041,0.33333,1
43.33333,0.45733,0.45867,0.783,11.66667,30.33333,42.0,23.0,11.33333,14.0,121.0,0.03137,0.32854,0.52194,0.59816,44.0,0.50233,0.406,0.77067,10.66667,39.33333,50.0,26.0,6.66667,13.33333,118.33333,0.24223,0.335,0.57015,0.63632,0.0,1
42.33333,0.48267,0.32533,0.79933,13.33333,43.66667,57.0,24.0,6.33333,16.0,113.0,0.25877,0.48665,0.54124,0.61078,38.33333,0.411,0.27533,0.76433,11.66667,32.33333,44.0,21.33333,6.0,12.66667,102.66667,-0.21883,0.29416,0.45989,0.5235,1.0,0
43.33333,0.479,0.33133,0.791,13.66667,34.33333,48.0,24.33333,7.33333,15.33333,115.66667,-0.0375,0.42309,0.52778,0.60051,42.66667,0.42133,0.37133,0.772,13.66667,32.33333,46.0,25.0,6.0,9.33333,117.33333,-0.10065,0.32986,0.47982,0.54883,0.66667,1
33.33333,0.41467,0.324,0.65967,11.66667,37.0,48.66667,19.33333,5.33333,14.33333,93.66667,-0.06413,0.34259,0.4729,0.54194,46.33333,0.52667,0.31433,0.76033,7.66667,35.33333,43.0,29.0,10.33333,11.66667,119.33333,0.25168,0.23024,0.57619,0.64153,0.0,0
44.66667,0.46033,0.32867,0.76167,10.66667,30.0,40.66667,25.0,11.0,11.0,115.0,0.14848,0.30531,0.50862,0.56593,33.33333,0.428,0.30767,0.80933,7.66667,30.0,37.66667,23.66667,7.66667,18.33333,92.66667,-0.16327,0.25314,0.49509,0.5649,1.0,0
41.66667,0.43133,0.35467,0.731,12.0,35.33333,47.33333,24.0,7.33333,10.33333,110.0,-0.04987,0.29732,0.52101,0.55412,40.0,0.43733,0.32167,0.75133,8.0,29.0,37.0,26.66667,8.0,10.0,107.0,-0.18511,0.20716,0.49871,0.55656,1.0,1
46.0,0.502,0.35533,0.75267,12.66667,36.33333,49.0,28.66667,6.66667,16.0,122.66667,0.12118,0.44517,0.57596,0.63315,43.66667,0.45567,0.354,0.72333,11.66667,37.66667,49.33333,22.0,7.33333,14.0,119.33333,-0.02882,0.28651,0.50807,0.58186,0.33333,0
37.66667,0.41367,0.287,0.69667,11.0,28.33333,39.33333,20.66667,7.33333,14.66667,101.33333,-0.17928,0.3011,0.46699,0.52677,44.66667,0.465,0.36167,0.694,12.0,39.66667,51.66667,24.66667,6.0,16.66667,112.0,0.06607,0.35828,0.53317,0.56582,0.66667,0
44.33333,0.49533,0.44267,0.81733,9.66667,34.66667,44.33333,31.0,9.33333,14.66667,126.33333,0.10923,0.3033,0.57931,0.66003,43.33333,0.493,0.40633,0.73067,6.66667,37.0,43.66667,22.66667,7.66667,16.33333,110.0,0.05143,0.1909,0.56874,0.60419,0.66667,0
40.33333,0.426,0.33567,0.887,14.33333,39.0,53.33333,23.33333,8.66667,16.33333,111.66667,0.04863,0.41355,0.48594,0.56273,43.33333,0.47767,0.346,0.76433,10.33333,37.66667,48.0,25.33333,6.0,15.66667,118.66667,0.0451,0.32434,0.53842,0.61351,0.66667,0
39.0,0.451,0.33033,0.81233,9.0,34.0,43.0,24.66667,5.33333,16.33333,108.66667,-0.0311,0.25937,0.51057,0.59035,44.33333,0.556,0.39967,0.732,8.0,27.66667,35.66667,25.0,9.0,16.33333,114.33333,0.05745,0.32724,0.61722,0.67496,0.33333,1
45.33333,0.501,0.454,0.775,9.33333,35.66667,45.0,31.33333,7.33333,13.33333,124.0,0.15415,0.28571,0.5792,0.64623,35.33333,0.433,0.33,0.819,8.66667,33.66667,42.33333,19.33333,7.66667,19.0,107.0,-0.0731,0.24184,0.48544,0.59957,0.66667,0
38.66667,0.44633,0.30033,0.857,8.33333,42.0,50.33333,23.33333,5.0,14.66667,104.33333,0.05869,0.244,0.50567,0.57373,40.66667,0.46667,0.28533,0.71767,10.66667,29.66667,40.33333,20.33333,8.33333,14.66667,106.33333,-0.05493,0.31674,0.51443,0.57598,0.33333,1
44.0,0.52467,0.33867,0.77533,6.33333,34.33333,40.66667,29.0,13.33333,13.66667,119.0,0.21014,0.19228,0.58396,0.66168,42.33333,0.45267,0.35933,0.74767,9.66667,38.0,47.66667,25.33333,7.33333,14.0,115.0,0.03278,0.29404,0.51932,0.5818,0.66667,0
37.33333,0.39733,0.31133,0.623,14.33333,32.33333,46.66667,19.33333,7.33333,10.33333,99.33333,-0.10864,0.36529,0.45197,0.50099,43.66667,0.461,0.379,0.888,11.33333,33.0,44.33333,26.33333,10.0,14.66667,112.33333,0.03744,0.34771,0.53715,0.57722,0.66667,0
41.66667,0.47167,0.381,0.85667,14.0,38.0,52.0,25.66667,6.0,14.66667,115.0,0.21493,0.50904,0.53889,0.61622,39.0,0.43633,0.303,0.82167,10.33333,37.66667,48.0,19.0,8.33333,18.66667,106.0,-0.00278,0.31924,0.50172,0.5653,0.66667,0
42.0,0.43,0.30733,0.73067,11.33333,37.66667,49.0,25.0,7.66667,14.33333,109.0,-0.10491,0.30015,0.48084,0.5329,40.33333,0.43,0.30067,0.71033,15.0,39.66667,54.66667,20.0,9.0,17.0,108.33333,0.07103,0.46162,0.48312,0.54768,0.33333,0
43.0,0.486,0.48167,0.85067,8.33333,35.0,43.33333,24.33333,13.0,16.33333,114.33333,0.06484,0.24719,0.54212,0.61243,39.33333,0.482,0.405,0.785,7.66667,34.0,41.66667,20.66667,9.33333,11.66667,108.66667,0.14284,0.24511,0.55377,0.62518,0.0,0
36.66667,0.428,0.285,0.842,9.66667,41.66667,51.33333,20.66667,4.33333,17.0,104.0,-0.04879,0.27401,0.48055,0.5692,42.33333,0.47733,0.333,0.788,12.0,35.0,47.0,24.66667,7.66667,16.0,115.33333,0.04561,0.42014,0.5344,0.61083,0.33333,0
44.0,0.45967,0.396,0.78467,14.66667,39.0,53.66667,26.33333,8.33333,16.66667,120.0,0.09677,0.41831,0.52407,0.59205,39.0,0.44333,0.33133,0.83,9.0,27.33333,36.33333,22.33333,10.33333,12.66667,106.0,-0.17178,0.25051,0.49902,0.57063,0.66667,0
37.0,0.43067,0.31967,0.79133,9.0,37.66667,46.66667,25.0,8.66667,17.66667,108.33333,0.01645,0.22742,0.48922,0.59215,42.66667,0.48833,0.389,0.76133,11.33333,33.66667,45.0,26.66667,9.33333,15.66667,125.33333,0.11678,0.37266,0.56723,0.66217,0.33333,1
35.33333,0.39467,0.261,0.70667,10.0,39.66667,49.66667,19.33333,6.33333,13.33333,95.33333,-0.1222,0.27205,0.44117,0.50374,40.33333,0.48467,0.357,0.60567,8.66667,32.33333,41.0,26.33333,9.0,16.66667,103.66667,-0.15352,0.24449,0.54492,0.5906,1.0,0
39.66667,0.45933,0.28533,0.72467,8.0,28.33333,36.33333,27.0,8.66667,14.33333,107.66667,-0.15194,0.21667,0.50174,0.58015,37.0,0.43167,0.29367,0.86167,8.66667,38.66667,47.33333,17.66667,7.33333,17.66667,100.0,-0.1759,0.22919,0.47858,0.55084,1.0,0
41.0,0.44,0.311,0.86533,15.66667,35.0,50.66667,20.66667,7.0,13.0,106.0,0.01308,0.5337,0.47727,0.54266,41.0,0.51133,0.29667,0.75533,7.0,31.66667,38.66667,24.0,10.33333,13.33333,109.0,0.17108,0.21923,0.55943,0.63603,0.33333,1
44.33333,0.492,0.39467,0.75133,12.33333,33.0,45.33333,29.0,8.66667,16.33333,121.0,0.04803,0.37708,0.56065,0.63113,37.0,0.46333,0.303,0.73767,11.33333,36.0,47.33333,18.0,6.0,17.33333,111.66667,-0.08083,0.383,0.52351,0.63393,0.66667,1
40.66667,0.48033,0.36233,0.83,9.33333,39.66667,49.0,25.0,6.0,12.66667,114.66667,0.10483,0.28853,0.54864,0.63467,35.33333,0.404,0.258,0.73267,8.33333,36.0,44.33333,18.33333,8.0,16.0,101.33333,-0.182,0.20581,0.4456,0.53673,1.0,0
44.0,0.515,0.35,0.792,11.66667,34.33333,46.0,24.0,6.0,16.66667,112.66667,0.18204,0.46036,0.57801,0.62927,40.0,0.44933,0.28267,0.72333,12.0,35.66667,47.66667,22.0,9.33333,15.0,103.66667,0.05539,0.36648,0.50055,0.55639,0.0,0
38.33333,0.43067,0.286,0.84433,9.66667,34.33333,44.0,23.33333,5.33333,18.0,101.33333,-0.15607,0.27739,0.48435,0.54395,41.66667,0.49933,0.31833,0.78167,7.66667,30.66667,38.33333,26.0,9.66667,13.33333,110.33333,0.00783,0.24263,0.5551,0.62354,0.33333,0
34.33333,0.421,0.37667,0.83633,10.33333,27.66667,38.0,21.33333,8.33333,14.33333,95.66667,-0.08473,0.32515,0.47878,0.55628,40.33333,0.431,0.29733,0.80767,9.66667,32.66667,42.33333,16.33333,9.66667,12.66667,107.0,-0.14975,0.23377,0.48458,0.54638,1.0,0
39.0,0.44833,0.342,0.79633,12.0,41.33333,53.33333,24.0,3.66667,13.66667,116.66667,0.02154,0.35061,0.50919,0.61486,41.33333,0.45433,0.37733,0.73067,8.0,36.66667,44.66667,22.33333,8.33333,13.0,110.66667,0.08633,0.20863,0.5169,0.57533,0.33333,1
42.33333,0.46833,0.37433,0.67833,9.33333,31.0,40.33333,23.33333,5.66667,14.33333,112.66667,-0.23171,0.25629,0.55038,0.59397,41.66667,0.437,0.257,0.77233,12.33333,32.66667,45.0,23.0,9.0,14.0,113.0,-0.18282,0.31105,0.48045,0.55715,1.0,0
34.66667,0.46867,0.38667,0.68067,10.0,34.33333,44.33333,21.66667,5.66667,17.33333,99.66667,-0.01086,0.32937,0.54709,0.62496,41.33333,0.43533,0.306,0.807,9.0,29.33333,38.33333,23.66667,7.66667,10.66667,114.0,-0.19412,0.23347,0.50007,0.5695,1.0,0
34.33333,0.44267,0.32933,0.74333,6.66667,31.33333,38.0,18.0,8.66667,14.66667,97.66667,-0.09535,0.20672,0.5041,0.58955,38.0,0.46767,0.31867,0.85433,9.0,33.33333,42.33333,22.0,8.0,22.0,112.0,-0.1268,0.27512,0.51677,0.63246,1.0,0
43.66667,0.48167,0.34667,0.72233,7.66667,35.66667,43.33333,25.33333,7.33333,13.0,119.66667,-0.0927,0.20232,0.54852,0.61884,39.0,0.49367,0.43367,0.85333,5.66667,37.66667,43.33333,19.33333,7.33333,15.0,113.33333,0.12239,0.20012,0.5591,0.66257,0.33333,0
46.0,0.46567,0.34333,0.83733,11.0,33.0,44.0,26.66667,10.33333,11.66667,124.66667,0.24077,0.30656,0.52157,0.59795,36.66667,0.45533,0.37233,0.84967,8.0,36.66667,44.66667,21.66667,6.0,16.0,100.66667,0.06442,0.24932,0.5457,0.60193,0.33333,1
44.0,0.476,0.415,0.68267,9.0,32.33333,41.33333,22.66667,10.0,13.0,115.0,-0.00261,0.25846,0.52273,0.58431,38.0,0.42333,0.33167,0.759,11.33333,32.0,43.33333,21.33333,6.66667,14.0,99.33333,-0.19973,0.27667,0.48032,0.52903,0.66667,0
43.66667,0.48533,0.396,0.748,9.0,34.66667,43.66667,28.0,5.66667,14.0,115.33333,-0.00845,0.2751,0.57907,0.61902,40.33333,0.44867,0.284,0.78467,9.33333,30.0,39.33333,22.0,7.33333,12.33333,108.33333,-0.18795,0.25147,0.49498,0.56859,1.0,0
43.33333,0.44533,0.28067,0.79533,16.0,34.0,50.0,22.0,9.33333,13.66667,114.66667,0.0164,0.45942,0.48397,0.55644,40.0,0.447,0.30633,0.834,11.0,38.0,49.0,19.66667,8.0,19.33333,112.0,-0.02316,0.3512,0.50704,0.58883,0.66667,1
41.33333,0.47333,0.36133,0.85233,14.0,42.66667,56.66667,25.33333,5.0,14.66667,115.66667,0.27397,0.50014,0.53775,0.62251,46.0,0.5,0.33167,0.822,11.0,33.33333,44.33333,26.0,7.33333,18.0,116.0,0.02624,0.34395,0.55307,0.60545,0.66667,0
43.0,0.49767,0.374,0.68633,9.0,35.0,44.0,25.0,8.0,15.0,111.66667,0.04718,0.28651,0.55546,0.61024,36.0,0.44667,0.30267,0.75467,8.66667,33.33333,42.0,23.33333,9.33333,19.66667,96.0,-0.09461,0.29573,0.51025,0.56979,1.0,1
38.66667,0.45567,0.393,0.891,12.0,27.0,39.0,24.0,5.66667,15.33333,104.33333,-0.08794,0.47455,0.51903,0.5884,38.66667,0.415,0.41067,0.80733,9.66667,36.0,45.66667,20.33333,7.66667,11.0,107.33333,-0.03352,0.23055,0.48142,0.54755,0.66667,1
38.66667,0.43067,0.28233,0.703,11.33333,36.33333,47.66667,24.66667,8.66667,18.66667,109.0,-0.19293,0.29498,0.48949,0.56434,36.66667,0.373,0.25233,0.78933,11.33333,36.0,47.33333,25.0,7.33333,12.33333,102.66667,-0.22867,0.23743,0.4238,0.49378,1.0,0
38.0,0.45333,0.35867,0.79833,10.0,36.33333,46.33333,21.0,5.33333,14.0,102.66667,-0.05159,0.31256,0.49538,0.57473,48.33333,0.49633,0.40333,0.66467,14.66667,38.0,52.66667,27.0,7.0,16.33333,123.33333,0.1048,0.45179,0.57209,0.60813,0.66667,0
43.0,0.517,0.35933,0.80767,9.33333,36.0,45.33333,26.66667,11.66667,15.0,117.66667,0.21329,0.3191,0.5711,0.65763,35.66667,0.44633,0.30733,0.76667,9.66667,31.0,40.66667,20.33333,7.66667,20.0,102.0,-0.19473,0.27965,0.50235,0.59141,1.0,0
37.33333,0.40233,0.33933,0.7,12.66667,31.33333,44.0,20.66667,8.66667,10.66667,101.33333,-0.11049,0.31028,0.45774,0.5171,42.33333,0.43567,0.37133,0.631,16.33333,29.0,45.33333,26.0,8.66667,15.0,112.66667,-0.07285,0.43596,0.50337,0.54917,1.0,0
38.0,0.42533,0.34033,0.69433,9.33333,37.33333,46.66667,23.0,10.0,13.33333,96.33333,-0.07784,0.25166,0.47568,0.51849,38.66667,0.44067,0.31067,0.72733,13.0,33.0,46.0,20.66667,9.33333,13.0,106.66667,0.13471,0.35121,0.49618,0.56875,0.33333,0
39.33333,0.43867,0.34667,0.772,9.0,35.66667,44.66667,24.33333,8.33333,13.66667,108.66667,0.00948,0.26189,0.50345,0.57205,38.66667,0.49133,0.409,0.81567,9.33333,34.33333,43.66667,19.33333,7.0,16.33333,112.0,0.03311,0.33493,0.56358,0.6621,0.33333,0
43.33333,0.49833,0.34867,0.819,9.0,33.66667,42.66667,23.66667,7.0,13.66667,109.0,0.1553,0.31581,0.55205,0.60249,43.66667,0.49067,0.38467,0.76167,10.0,31.0,41.0,27.0,7.66667,14.33333,112.66667,-0.00518,0.3319,0.55688,0.60625,0.66667,0
43.66667,0.46767,0.41233,0.75567,12.33333,39.33333,51.66667,27.66667,9.66667,17.66667,120.66667,0.23298,0.36435,0.53895,0.60708,44.33333,0.48367,0.41133,0.85167,11.33333,31.66667,43.0,26.0,8.0,16.66667,114.66667,0.03772,0.34771,0.56235,0.60553,0.66667,0
40.0,0.437,0.36133,0.75767,12.33333,34.33333,46.66667,21.0,5.0,9.0,110.0,-0.09572,0.37634,0.48633,0.56325,40.33333,0.466,0.39767,0.701,11.33333,33.0,44.33333,24.0,8.0,14.33333,118.0,0.06401,0.34741,0.55559,0.63476,0.33333,1
36.66667,0.41533,0.305,0.758,9.66667,36.66667,46.33333,21.33333,6.33333,12.33333,102.0,-0.05807,0.27118,0.47348,0.54393,39.33333,0.47533,0.306,0.67567,9.33333,31.0,40.33333,23.33333,11.0,12.0,103.66667,0.14703,0.25614,0.53152,0.59082,0.33333,1
39.66667,0.50267,0.358,0.69167,8.33333,36.33333,44.66667,22.66667,8.66667,17.33333,106.33333,0.24945,0.28235,0.55982,0.62742,38.66667,0.436,0.29667,0.85367,8.66667,36.33333,45.0,18.66667,9.33333,16.33333,103.66667,-0.19053,0.23179,0.48135,0.55157,1.0,1
39.0,0.428,0.37533,0.836,13.33333,36.0,49.33333,20.0,6.66667,14.66667,104.66667,-0.01916,0.46247,0.47806,0.54777,40.0,0.479,0.314,0.73333,8.0,33.33333,41.33333,24.0,9.66667,15.33333,102.0,-0.13155,0.22917,0.53113,0.58305,1.0,1
41.33333,0.443,0.367,0.75267,10.66667,34.66667,45.33333,22.33333,6.0,10.0,111.0,-0.02758,0.30196,0.4912,0.56058,39.33333,0.504,0.287,0.71933,8.66667,36.0,44.66667,20.33333,5.33333,17.66667,112.0,-0.02167,0.32354,0.56009,0.65808,0.33333,1
40.66667,0.47267,0.405,0.805,9.33333,31.33333,40.66667,19.33333,7.0,12.0,112.33333,0.00821,0.2621,0.54341,0.61915,39.0,0.447,0.267,0.81167,8.0,29.33333,37.33333,21.33333,11.66667,15.0,102.33333,-0.1725,0.20965,0.49341,0.55764,0.66667,1
39.33333,0.40967,0.318,0.79267,16.33333,39.0,55.33333,24.0,4.0,12.33333,113.66667,-0.03168,0.4268,0.4684,0.55316,40.0,0.47867,0.35767,0.732,9.0,33.33333,42.33333,19.0,9.0,15.33333,106.33333,0.05419,0.32909,0.54252,0.60264,0.33333,0
42.66667,0.48567,0.463,0.798,7.0,31.33333,38.33333,27.0,13.66667,16.0,114.66667,0.09198,0.20161,0.5462,0.61564,38.0,0.44067,0.32,0.742,11.33333,35.33333,46.66667,19.0,8.66667,13.66667,100.33333,0.04604,0.34628,0.49476,0.55357,0.33333,1
41.33333,0.49767,0.32267,0.694,7.66667,36.0,43.66667,23.33333,8.33333,16.0,106.33333,0.04525,0.2463,0.54746,0.6051,40.33333,0.455,0.27333,0.69733,13.66667,28.0,41.66667,23.33333,10.0,12.66667,104.66667,-0.1019,0.41151,0.50531,0.56003,0.66667,0
35.33333,0.44067,0.353,0.89967,10.33333,28.66667,39.0,22.0,8.0,13.66667,101.66667,-0.04016,0.34069,0.48857,0.59094,41.66667,0.46133,0.39067,0.64733,5.33333,32.66667,38.0,23.33333,7.33333,13.0,109.66667,-0.202,0.12637,0.53716,0.57991,0.66667,0
34.66667,0.44067,0.29767,0.797,6.0,40.0,46.0,22.0,9.0,17.66667,104.66667,-0.04957,0.16932,0.49417,0.61319,45.33333,0.47367,0.331,0.722,15.66667,33.66667,49.33333,24.33333,7.0,16.66667,116.66667,-0.06687,0.47908,0.52668,0.58253,0.66667,1
40.66667,0.46733,0.346,0.742,9.0,31.66667,40.66667,24.0,11.66667,14.66667,106.66667,0.12273,0.26311,0.52623,0.58171,42.0,0.46933,0.39733,0.738,7.66667,42.33333,50.0,24.33333,6.66667,14.0,114.0,0.16251,0.21093,0.53856,0.60105,0.0,0
32.33333,0.426,0.26333,0.77933,8.0,34.66667,42.66667,16.66667,10.33333,16.0,93.33333,0.03571,0.26722,0.47665,0.57192,41.66667,0.482,0.31833,0.665,8.33333,38.33333,46.66667,22.0,6.33333,15.33333,106.66667,-0.05821,0.24233,0.53513,0.58474,0.66667,0
43.66667,0.491,0.36367,0.73667,9.66667,36.66667,46.33333,26.66667,7.66667,15.66667,123.66667,0.05477,0.27609,0.56644,0.64432,35.33333,0.45267,0.33367,0.819,8.0,35.33333,43.33333,19.66667,5.33333,15.33333,97.66667,-0.06105,0.28416,0.50147,0.58613,0.66667,0
43.33333,0.44633,0.33533,0.71133,15.0,32.66667,47.66667,25.66667,9.66667,16.66667,115.0,-0.05565,0.39605,0.50135,0.56051,36.0,0.445,0.34833,0.80767,6.66667,35.66667,42.33333,23.33333,7.33333,15.33333,99.66667,0.04506,0.19268,0.53494,0.59127,0.33333,0
39.33333,0.4,0.298,0.798,16.33333,34.0,50.33333,19.0,9.33333,15.66667,106.66667,-0.07872,0.44831,0.44412,0.51471,40.0,0.46667,0.39567,0.75033,9.66667,32.33333,42.0,25.66667,7.66667,17.0,105.66667,-0.02681,0.29613,0.53654,0.58855,0.66667,0
36.66667,0.49667,0.45633,0.78767,7.66667,33.0,40.66667,25.0,4.66667,17.0,106.33333,0.03441,0.29304,0.58995,0.67244,38.0,0.38267,0.274,0.72267,11.33333,34.0,45.33333,23.33333,8.0,12.0,103.0,-0.30005,0.23191,0.43812,0.49318,1.0,1
41.33333,0.45433,0.30233,0.77067,10.33333,38.66667,49.0,28.0,7.33333,16.66667,119.33333,-0.01823,0.27046,0.52826,0.60972,36.0,0.43267,0.263,0.727,11.33333,34.66667,46.0,21.66667,8.66667,18.0,96.33333,0.00444,0.3711,0.48295,0.54842,0.66667,0
39.66667,0.49133,0.44133,0.83833,8.66667,34.33333,43.0,26.33333,9.33333,15.66667,114.33333,0.17935,0.3009,0.5762,0.66242,40.66667,0.45633,0.406,0.705,9.0,35.66667,44.66667,22.33333,8.66667,14.0,107.0,0.04028,0.23285,0.51475,0.5658,0.33333,1
45.33333,0.49167,0.388,0.73767,9.66667,38.0,47.66667,26.66667,6.0,15.66667,119.0,-0.0176,0.29312,0.56549,0.61674,37.66667,0.44067,0.28267,0.72233,9.66667,31.0,40.66667,21.66667,9.33333,10.66667,102.33333,-0.1017,0.25881,0.49306,0.5609,0.66667,1
43.0,0.45167,0.33567,0.78667,10.0,32.33333,42.33333,25.66667,10.66667,10.33333,113.66667,0.02505,0.26006,0.50571,0.56707,45.33333,0.45067,0.38567,0.64967,18.66667,27.33333,46.0,25.66667,9.0,15.0,119.33333,-0.05608,0.52616,0.52185,0.56543,1.0,0
44.66667,0.48633,0.41067,0.77833,8.33333,35.0,43.33333,27.0,9.0,11.66667,121.0,0.14022,0.24062,0.55242,0.62155,40.0,0.42967,0.341,0.781,14.33333,31.66667,46.0,21.66667,8.33333,17.0,110.33333,-0.17101,0.41125,0.48745,0.55969,1.0,1
43.33333,0.49033,0.39133,0.78067,13.33333,32.66667,46.0,27.33333,8.0,16.0,121.0,0.14675,0.42466,0.56775,0.64274,39.66667,0.442,0.29367,0.842,7.66667,34.33333,42.0,22.0,8.66667,12.66667,109.66667,-0.04741,0.20972,0.49579,0.57511,0.66667,0
37.66667,0.44333,0.29967,0.71767,13.66667,30.33333,44.0,23.0,7.66667,16.0,107.0,-0.01186,0.39625,0.49785,0.58258,38.66667,0.416,0.41667,0.71667,14.33333,30.66667,45.0,24.0,7.66667,17.33333,108.0,-0.13783,0.416,0.48919,0.55042,1.0,0
40.0,0.48033,0.35767,0.757,7.33333,32.33333,39.66667,25.0,6.0,17.66667,102.66667,-0.0686,0.22201,0.54488,0.59081,38.33333,0.42333,0.31067,0.75,14.33333,36.0,50.33333,19.66667,7.33333,14.66667,105.33333,0.05322,0.38877,0.47755,0.54768,0.33333,1
36.33333,0.43,0.30533,0.78,10.0,36.0,46.0,20.66667,5.0,13.33333,105.33333,-0.11886,0.29708,0.48976,0.57894,39.66667,0.48933,0.355,0.68267,8.66667,30.0,38.66667,23.33333,8.0,15.0,107.66667,-0.11485,0.25192,0.57007,0.62723,0.33333,0
42.66667,0.487,0.40433,0.82133,12.33333,34.0,46.33333,24.33333,11.66667,15.33333,118.0,0.19297,0.43391,0.54581,0.62906,39.0,0.41833,0.24967,0.667,10.33333,33.66667,44.0,18.66667,9.33333,11.33333,112.66667,-0.07614,0.26453,0.45999,0.54999,1.0,0
40.33333,0.432,0.377,0.72567,13.33333,33.33333,46.66667,23.66667,9.66667,12.0,107.66667,0.01275,0.33445,0.49799,0.5506,38.66667,0.45333,0.321,0.731,10.0,31.0,41.0,23.0,8.33333,15.33333,106.33333,-0.09403,0.29599,0.50672,0.58248,0.66667,1
42.0,0.48233,0.41833,0.72667,8.66667,39.0,47.66667,25.0,9.66667,13.66667,105.0,0.15151,0.25031,0.55121,0.58428,43.66667,0.46233,0.32433,0.73067,11.33333,34.0,45.33333,26.0,9.0,15.0,117.0,-0.0741,0.2878,0.51857,0.5843,1.0,0
45.0,0.51933,0.41967,0.789,8.33333,37.33333,45.66667,27.0,8.66667,15.66667,129.33333,0.24857,0.26042,0.62065,0.69644,39.0,0.47,0.374,0.91267,8.0,32.0,40.0,22.0,7.66667,15.33333,113.66667,-0.04506,0.27653,0.54573,0.64627,0.66667,1
43.66667,0.502,0.48567,0.76267,10.0,38.33333,48.33333,29.33333,9.0,15.33333,120.66667,0.26987,0.33649,0.58759,0.66031,39.66667,0.467,0.41067,0.775,10.33333,37.0,47.33333,21.0,8.66667,16.66667,107.66667,0.13667,0.32051,0.53318,0.59798,0.33333,0
42.66667,0.513,0.38367,0.79467,10.0,37.33333,47.33333,24.33333,6.66667,15.0,115.33333,0.09161,0.36607,0.55746,0.64506,39.0,0.45233,0.29167,0.718,10.66667,31.66667,42.33333,23.0,7.33333,17.66667,99.66667,-0.20406,0.32843,0.49806,0.55166,1.0,1
43.0,0.471,0.43567,0.64933,12.66667,33.66667,46.33333,26.0,11.33333,18.66667,118.66667,0.13862,0.38687,0.544,0.60748,42.0,0.48033,0.294,0.75467,9.66667,29.33333,39.0,28.0,8.66667,12.0,111.66667,-0.05153,0.31287,0.52815,0.60085,0.66667,0
37.0,0.42733,0.303,0.77867,9.0,34.0,43.0,23.33333,9.0,18.0,99.0,-0.16751,0.24357,0.47546,0.54209,40.0,0.44867,0.36533,0.707,12.0,36.0,48.0,23.0,9.0,13.66667,121.0,0.11526,0.34084,0.52473,0.62281,0.0,1
49.0,0.531,0.395,0.79933,10.33333,35.0,45.33333,31.33333,7.0,15.33333,129.33333,0.17786,0.36841,0.60174,0.66459,36.66667,0.425,0.28967,0.81933,8.33333,37.0,45.33333,19.66667,10.33333,16.33333,98.66667,-0.11098,0.22199,0.47599,0.54055,0.66667,1
37.66667,0.43167,0.33767,0.82467,13.33333,38.66667,52.0,19.0,4.0,15.0,102.33333,-0.03612,0.49756,0.47593,0.55381,42.66667,0.44967,0.293,0.75133,8.33333,30.0,38.33333,29.66667,9.0,9.0,111.33333,-0.05637,0.23395,0.50402,0.55949,0.66667,0
43.33333,0.47533,0.42267,0.82933,12.33333,34.0,46.33333,29.0,6.0,13.33333,118.33333,0.10925,0.39048,0.54997,0.6163,41.66667,0.50767,0.318,0.76767,8.0,35.66667,43.66667,20.66667,5.33333,17.33333,114.66667,-0.02384,0.29085,0.55303,0.64888,0.33333,1
41.0,0.484,0.36167,0.814,9.0,38.33333,47.33333,25.33333,6.0,17.33333,110.66667,0.03217,0.31142,0.55925,0.62112,38.33333,0.44433,0.29967,0.85967,6.33333,32.33333,38.66667,22.33333,10.66667,18.0,106.0,-0.17818,0.16798,0.49666,0.57755,0.66667,0
41.66667,0.43367,0.359,0.82,13.33333,42.66667,56.0,26.33333,8.0,15.0,111.0,0.18371,0.34987,0.49171,0.55176,41.0,0.44233,0.326,0.67867,9.0,34.0,43.0,24.33333,7.66667,12.33333,111.33333,-0.18332,0.19811,0.50949,0.56738,0.66667,0
39.0,0.42933,0.33,0.78767,12.0,34.33333,46.33333,19.66667,5.0,14.66667,104.33333,-0.10007,0.3254,0.48474,0.54694,36.33333,0.41533,0.27967,0.77933,11.0,30.66667,41.66667,18.0,11.0,11.0,98.0,0.02424,0.35891,0.46299,0.5306,0.33333,1
40.33333,0.46267,0.39367,0.78367,8.0,31.66667,39.66667,23.33333,11.66667,16.0,109.66667,0.04629,0.22445,0.52194,0.59274,37.66667,0.457,0.301,0.714,10.0,36.33333,46.33333,23.0,8.66667,19.66667,102.0,-0.02027,0.31311,0.51578,0.58342,0.66667,0
41.33333,0.45467,0.30133,0.76933,10.66667,34.0,44.66667,22.66667,8.33333,9.66667,117.33333,0.03704,0.30054,0.51404,0.60077,33.33333,0.37533,0.25,0.66433,13.0,26.33333,39.33333,20.0,9.33333,15.66667,88.0,-0.41853,0.35717,0.42411,0.47388,1.0,0
37.33333,0.45567,0.36233,0.781,10.33333,34.0,44.33333,23.0,7.0,14.33333,106.0,0.0796,0.34069,0.51433,0.60367,37.33333,0.42433,0.342,0.677,10.33333,35.33333,45.66667,22.33333,8.0,16.0,98.66667,-0.0397,0.28591,0.47977,0.53377,0.66667,1
40.33333,0.46833,0.261,0.70533,9.0,38.33333,47.33333,22.66667,8.33333,18.66667,103.0,-0.10501,0.26729,0.50745,0.56777,38.0,0.44467,0.305,0.779,10.0,29.33333,39.33333,21.66667,7.33333,14.33333,100.33333,-0.23708,0.32751,0.49477,0.56074,1.0,0
35.66667,0.46333,0.39433,0.733,9.33333,33.66667,43.0,20.66667,8.0,15.0,97.66667,0.08773,0.32867,0.52863,0.59695,40.66667,0.466,0.387,0.74667,8.66667,35.33333,44.0,21.33333,8.0,12.66667,111.66667,0.01578,0.24499,0.52482,0.59909,0.33333,0
34.0,0.44333,0.343,0.70533,9.33333,36.33333,45.66667,17.33333,7.0,14.66667,96.0,0.11396,0.30755,0.50228,0.58145,42.66667,0.49533,0.38467,0.705,8.0,33.0,41.0,23.33333,8.66667,10.66667,113.33333,0.00265,0.23295,0.56912,0.62308,0.33333,1
43.66667,0.47233,0.41033,0.779,13.66667,37.0,50.66667,30.0,10.66667,16.66667,118.33333,0.22592,0.43304,0.54249,0.60621,35.0,0.42633,0.34033,0.81867,7.66667,36.66667,44.33333,22.66667,8.66667,16.0,96.33333,0.00928,0.20336,0.50555,0.5635,0.33333,0
42.0,0.43633,0.25167,0.78433,13.33333,33.66667,47.0,19.66667,7.33333,15.33333,108.66667,-0.04382,0.34437,0.47638,0.53808,40.66667,0.49867,0.377,0.706,10.66667,32.33333,43.0,19.33333,7.66667,14.0,116.66667,0.10229,0.39535,0.55966,0.65201,0.0,1
38.33333,0.50933,0.41233,0.87267,7.33333,35.0,42.33333,25.33333,5.33333,17.66667,110.66667,0.06764,0.28193,0.59105,0.68704,39.0,0.414,0.319,0.66433,13.33333,32.0,45.33333,23.0,7.66667,16.33333,103.0,-0.13557,0.34772,0.47482,0.52124,1.0,1
40.0,0.42,0.373,0.73933,13.66667,37.33333,51.0,22.0,9.33333,17.66667,107.0,-0.03509,0.3359,0.47944,0.53595,44.33333,0.499,0.33233,0.85933,7.0,39.33333,46.33333,25.66667,11.33333,18.33333,113.66667,0.17709,0.21897,0.56348,0.61536,0.33333,1
44.0,0.43567,0.31533,0.72033,12.66667,28.66667,41.33333,20.66667,9.66667,9.66667,109.33333,0.107,0.33031,0.48184,0.52251,38.0,0.452,0.37333,0.75067,11.33333,34.0,45.33333,17.66667,8.66667,15.0,104.66667,0.02504,0.37814,0.50589,0.57742,0.33333,1
43.0,0.46967,0.41433,0.76267,9.33333,34.33333,43.66667,28.0,6.33333,15.0,117.66667,-0.11164,0.26349,0.54579,0.60815,41.66667,0.471,0.30933,0.84367,9.0,34.66667,43.66667,26.66667,7.66667,15.0,114.33333,-0.08253,0.26019,0.52942,0.60846,0.66667,0
38.33333,0.456,0.30667,0.75933,14.0,32.0,46.0,23.66667,8.33333,15.0,114.33333,0.10393,0.40306,0.51736,0.6208,37.0,0.449,0.28033,0.79167,11.0,29.33333,40.33333,22.66667,7.33333,18.0,99.0,-0.19666,0.32826,0.50383,0.56937,1.0,0
44.33333,0.47367,0.43467,0.696,9.66667,35.0,44.66667,27.0,8.66667,12.0,115.66667,0.06756,0.2527,0.54487,0.59097,44.0,0.48133,0.324,0.763,10.33333,36.66667,47.0,23.33333,9.66667,15.0,112.66667,0.15517,0.29894,0.53625,0.58675,0.0,1
37.66667,0.46,0.39567,0.72,6.66667,33.33333,40.0,24.33333,8.66667,16.33333,99.0,-0.02388,0.19258,0.5317,0.57758,39.33333,0.422,0.30633,0.677,13.66667,37.66667,51.33333,22.66667,7.33333,15.33333,103.33333,0.00779,0.36724,0.47371,0.52797,0.66667,0
38.33333,0.44367,0.298,0.78067,10.66667,38.0,48.66667,23.33333,7.33333,13.33333,106.0,0.03228,0.31413,0.49693,0.57582,38.33333,0.42033,0.31633,0.84133,9.33333,34.66667,44.0,23.66667,10.33333,16.66667,102.0,-0.07909,0.26218,0.47596,0.53527,1.0,1
39.66667,0.49867,0.30567,0.694,7.66667,39.33333,47.0,25.0,9.0,17.33333,103.0,0.29891,0.2563,0.55119,0.61041,38.0,0.41033,0.31933,0.76033,9.66667,35.33333,45.0,20.0,8.0,13.0,114.66667,-0.08676,0.23781,0.46184,0.56644,1.0,0
42.0,0.481,0.398,0.83867,13.66667,36.0,49.66667,25.0,9.0,16.66667,118.66667,0.18394,0.51235,0.53806,0.63142,41.33333,0.47867,0.36133,0.74833,10.0,42.0,52.0,21.33333,10.0,18.0,107.66667,0.20428,0.31334,0.54072,0.59442,0.33333,0
43.33333,0.51033,0.43,0.75267,7.0,37.33333,44.33333,25.66667,7.66667,13.33333,112.0,0.13589,0.22418,0.5768,0.62954,43.0,0.46033,0.329,0.75767,10.66667,30.66667,41.33333,20.33333,8.33333,13.33333,112.66667,-0.1476,0.27334,0.52473,0.57848,1.0,0
39.33333,0.44667,0.29467,0.779,9.33333,36.0,45.33333,20.33333,8.33333,10.0,113.33333,0.13842,0.27917,0.50584,0.5968,37.33333,0.43533,0.29367,0.65967,10.66667,36.0,46.66667,20.66667,6.66667,10.66667,100.33333,-0.07285,0.29983,0.48709,0.54865,0.66667,0
42.33333,0.48233,0.31733,0.738,9.0,30.0,39.0,27.0,9.66667,15.0,113.0,-0.06463,0.25486,0.52992,0.60243,37.0,0.43967,0.33133,0.65733,10.66667,38.33333,49.0,18.0,9.66667,16.33333,99.0,0.06089,0.31559,0.50139,0.55613,0.33333,1
39.0,0.49967,0.522,0.72533,7.66667,29.66667,37.33333,25.0,6.33333,16.66667,114.66667,0.09019,0.25387,0.61137,0.68381,38.33333,0.456,0.38933,0.84867,8.33333,33.33333,41.66667,24.0,6.33333,14.33333,112.0,-0.0605,0.27162,0.52724,0.62712,0.66667,1
41.0,0.44733,0.41033,0.711,12.66667,33.66667,46.33333,27.66667,9.66667,18.66667,110.0,0.08539,0.39097,0.5181,0.57131,41.0,0.50967,0.405,0.658,7.66667,30.66667,38.33333,23.66667,8.0,11.33333,114.0,0.0836,0.24337,0.59691,0.66093,0.0,0
41.66667,0.498,0.379,0.77567,10.33333,37.66667,48.0,23.0,4.33333,16.66667,113.33333,0.0831,0.35804,0.58172,0.64198,44.66667,0.479,0.36933,0.71933,13.0,37.33333,50.33333,29.0,8.33333,14.0,125.0,0.15973,0.40528,0.55188,0.62649,0.0,1
41.66667,0.485,0.35933,0.78533,9.0,35.66667,44.66667,26.33333,6.33333,14.66667,115.66667,0.03708,0.30165,0.55688,0.63147,36.66667,0.40267,0.32067,0.79567,10.66667,29.66667,40.33333,21.0,4.33333,9.66667,96.33333,-0.26481,0.24826,0.45894,0.50875,1.0,0
40.66667,0.49033,0.30933,0.83867,8.33333,35.33333,43.66667,26.0,5.0,11.0,108.33333,0.10169,0.29503,0.55289,0.62001,40.33333,0.45867,0.355,0.76067,9.0,37.0,46.0,22.66667,8.66667,14.66667,110.33333,0.0687,0.25344,0.52404,0.59186,0.33333,0
39.66667,0.46833,0.39033,0.86933,7.33333,34.66667,42.0,21.66667,7.33333,14.0,114.66667,-0.03024,0.20528,0.53823,0.63255,46.0,0.508,0.37133,0.80967,8.0,33.0,41.0,23.66667,8.33333,10.66667,119.66667,0.13141,0.2415,0.55952,0.62544,0.0,1
42.66667,0.45767,0.37967,0.79267,16.33333,40.33333,56.66667,25.66667,4.33333,15.0,116.33333,0.07389,0.49381,0.52384,0.58875,36.33333,0.434,0.26667,0.775,10.33333,27.0,37.33333,19.66667,7.33333,17.33333,94.66667,-0.2769,0.30191,0.48426,0.54044,1.0,0
38.0,0.46933,0.45467,0.73367,9.33333,30.33333,39.66667,26.0,4.66667,17.33333,107.33333,0.00761,0.29091,0.56802,0.62667,41.66667,0.469,0.265,0.78933,8.0,35.66667,43.66667,25.33333,10.33333,17.66667,112.0,-0.05828,0.21574,0.51744,0.59251,0.66667,0
43.66667,0.473,0.409,0.73667,10.0,43.66667,53.66667,29.0,8.33333,14.66667,113.66667,0.26857,0.27527,0.55249,0.59312,38.0,0.43967,0.36833,0.751,10.0,33.66667,43.66667,23.66667,9.66667,14.33333,99.66667,0.00227,0.28706,0.50549,0.5537,0.33333,0
41.33333,0.47167,0.352,0.76867,10.0,34.0,44.0,25.33333,9.66667,13.0,110.33333,0.16245,0.33841,0.53364,0.59557,42.33333,0.467,0.31433,0.62267,11.66667,29.66667,41.33333,21.33333,9.0,13.66667,113.66667,-0.05087,0.33438,0.51793,0.58139,1.0,1
37.0,0.467,0.39967,0.73867,9.66667,32.33333,42.0,20.66667,8.33333,14.66667,103.66667,0.01132,0.34101,0.52673,0.60737,36.0,0.42567,0.27133,0.73167,8.66667,35.33333,44.0,18.33333,9.0,12.0,97.66667,-0.04897,0.22205,0.47277,0.54189,0.33333,0
38.33333,0.448,0.331,0.81933,7.0,34.66667,41.66667,25.33333,10.33333,14.33333,104.33333,0.09381,0.18186,0.5129,0.57892,39.33333,0.44767,0.33567,0.775,13.33333,26.66667,40.0,20.33333,6.66667,15.33333,107.33333,-0.19178,0.43325,0.50566,0.57758,1.0,1
38.33333,0.43667,0.27367,0.761,13.0,37.33333,50.33333,20.66667,6.0,16.66667,105.33333,-0.07841,0.39808,0.47501,0.56069,35.0,0.38267,0.23633,0.728,15.33333,29.0,44.33333,19.0,8.66667,16.33333,91.0,-0.34793,0.42077,0.42617,0.4774,1.0,0
39.0,0.46033,0.329,0.783,10.33333,35.33333,45.66667,24.66667,7.33333,14.33333,110.0,0.05925,0.33148,0.51909,0.6059,40.33333,0.46033,0.244,0.82733,10.0,29.66667,39.66667,22.33333,7.0,16.33333,102.66667,-0.20189,0.30411,0.499,0.56064,1.0,1
40.33333,0.50033,0.28133,0.75167,8.66667,37.33333,46.0,19.33333,7.66667,17.0,113.0,-0.06347,0.28899,0.55223,0.65072,44.66667,0.494,0.373,0.76067,8.0,33.33333,41.33333,25.33333,8.33333,10.66667,119.33333,-0.0261,0.21627,0.5494,0.62034,0.66667,0
43.0,0.513,0.31333,0.76,8.0,37.0,45.0,27.33333,7.33333,16.66667,119.0,0.04435,0.27974,0.56661,0.65523,39.66667,0.45567,0.35067,0.83333,11.33333,30.66667,42.0,20.66667,6.66667,11.66667,108.66667,-0.02588,0.32997,0.51122,0.58856,0.66667,0
40.33333,0.49167,0.353,0.614,11.33333,36.33333,47.66667,21.66667,10.0,16.66667,105.66667,0.22848,0.35358,0.5495,0.60318,34.0,0.396,0.326,0.74067,7.66667,37.33333,45.0,21.66667,10.66667,16.66667,93.33333,-0.05216,0.19004,0.45763,0.51771,0.66667,0
41.66667,0.43767,0.38833,0.863,15.0,35.33333,50.33333,24.0,4.66667,10.33333,118.0,-0.01467,0.45381,0.49909,0.5837,37.33333,0.44333,0.27667,0.77433,10.33333,36.66667,47.0,22.33333,8.0,16.33333,109.66667,-0.01776,0.30579,0.49006,0.59543,0.33333,0
35.66667,0.44033,0.32967,0.83167,9.66667,35.66667,45.33333,21.0,5.66667,14.66667,101.0,-0.08422,0.2936,0.49791,0.58399,44.0,0.43933,0.34833,0.73067,13.66667,34.0,47.66667,25.66667,8.33333,13.0,117.66667,-0.04906,0.32086,0.5006,0.55807,1.0,0
41.66667,0.47267,0.37,0.60733,12.66667,32.66667,45.33333,25.33333,10.33333,13.33333,106.66667,0.08485,0.37135,0.52585,0.57263,41.0,0.44133,0.425,0.88267,10.66667,33.0,43.66667,23.66667,9.66667,15.33333,111.0,-0.05733,0.31139,0.52552,0.57656,1.0,0
37.66667,0.46667,0.40433,0.86167,9.0,37.33333,46.33333,23.66667,5.66667,16.33333,105.66667,-0.00885,0.30357,0.53688,0.61682,37.0,0.415,0.26233,0.74067,12.0,34.0,46.0,20.0,7.66667,9.0,99.33333,-0.0657,0.33278,0.4636,0.52846,0.66667,1
44.66667,0.48267,0.33433,0.76133,11.0,35.33333,46.33333,30.66667,6.66667,12.66667,123.0,0.0393,0.33292,0.54249,0.62072,33.0,0.398,0.31933,0.79133,9.66667,35.0,44.66667,19.66667,8.0,15.0,96.0,-0.04555,0.28256,0.46012,0.54219,0.66667,1
37.33333,0.40733,0.35167,0.84167,10.33333,37.66667,48.0,20.66667,9.33333,17.0,100.66667,-0.04847,0.26166,0.46199,0.52613,46.0,0.47633,0.28967,0.72567,11.66667,34.0,45.66667,27.33333,6.0,14.0,113.0,-0.00031,0.34474,0.52647,0.56557,0.33333,0
41.66667,0.465,0.44467,0.73833,8.33333,37.33333,45.66667,24.66667,7.66667,12.66667,117.33333,-0.00779,0.22654,0.54884,0.616,43.0,0.43967,0.37067,0.79133,14.66667,35.33333,50.0,27.33333,7.66667,12.0,114.0,0.11827,0.42321,0.5081,0.55922,0.33333,0
40.33333,0.43233,0.36567,0.78867,11.0,32.66667,43.66667,25.66667,12.66667,12.33333,113.0,-0.00852,0.29842,0.49853,0.57089,42.66667,0.45433,0.32533,0.62,9.66667,30.0,39.66667,21.66667,9.66667,10.0,117.66667,-0.05051,0.25064,0.51091,0.57657,1.0,0
40.0,0.42067,0.35733,0.847,11.66667,34.0,45.66667,26.0,10.0,13.66667,112.66667,-0.02878,0.31803,0.48599,0.56162,44.0,0.45867,0.37633,0.78267,11.66667,36.0,47.66667,23.66667,9.0,13.66667,116.33333,0.144,0.31657,0.52945,0.58033,0.0,0
41.66667,0.48333,0.43933,0.65367,7.33333,35.33333,42.66667,28.33333,10.0,15.0,109.33333,0.04071,0.20114,0.56445,0.60596,42.66667,0.47733,0.308,0.745,11.66667,31.33333,43.0,26.0,9.0,13.33333,112.33333,-0.01244,0.37302,0.52975,0.59472,0.66667,1
40.33333,0.48233,0.36667,0.75133,8.0,36.66667,44.66667,26.33333,9.0,13.0,111.0,0.13738,0.25725,0.54725,0.62099,43.66667,0.441,0.37967,0.60067,14.33333,34.66667,49.0,26.33333,8.33333,10.33333,112.0,-0.00187,0.38271,0.49638,0.53981,0.66667,0
39.66667,0.43733,0.348,0.75233,10.33333,31.66667,42.0,18.0,7.66667,11.66667,106.66667,-0.04371,0.27851,0.49713,0.56139,40.0,0.47867,0.37967,0.75033,9.0,33.33333,42.33333,21.66667,9.66667,18.33333,103.66667,-0.01417,0.28086,0.54216,0.59239,0.66667,0
43.33333,0.50767,0.398,0.85433,9.66667,35.0,44.66667,25.0,9.33333,16.33333,120.33333,0.12752,0.35926,0.56589,0.65625,38.33333,0.40933,0.30233,0.72667,9.0,30.66667,39.66667,21.66667,7.33333,15.33333,100.66667,-0.28127,0.2168,0.46955,0.51721,1.0,1
43.66667,0.48467,0.42767,0.65867,9.33333,33.33333,42.66667,26.0,7.66667,12.66667,111.66667,0.01534,0.26579,0.55506,0.59455,41.0,0.456,0.35867,0.703,7.0,30.66667,37.66667,25.33333,7.33333,13.66667,106.0,-0.09667,0.18243,0.52835,0.56813,0.66667,0
40.0,0.456,0.312,0.60267,11.0,36.33333,47.33333,20.33333,11.66667,15.33333,99.0,0.09755,0.30543,0.50116,0.53952,41.33333,0.42267,0.31067,0.63767,13.0,38.66667,51.66667,23.33333,8.0,14.0,104.33333,0.03689,0.3284,0.48041,0.515,0.66667,1
48.66667,0.53633,0.40567,0.844,9.33333,34.0,43.33333,28.0,7.0,12.66667,124.0,0.16286,0.33504,0.59797,0.65605,34.0,0.406,0.36833,0.69733,7.0,35.66667,42.66667,22.33333,10.33333,17.33333,91.33333,-0.20334,0.16984,0.47157,0.52101,1.0,1
39.66667,0.45133,0.33,0.75633,7.33333,29.66667,37.0,24.33333,10.66667,18.33333,103.66667,-0.1966,0.19447,0.49891,0.56039,41.33333,0.47167,0.383,0.77867,11.66667,29.66667,41.33333,22.0,4.66667,14.0,113.33333,-0.12719,0.39544,0.53241,0.60794,1.0,1
47.0,0.514,0.41267,0.748,8.0,36.0,44.0,28.66667,8.33333,10.66667,123.33333,0.19214,0.23685,0.59913,0.64506,45.0,0.518,0.445,0.82333,5.66667,32.66667,38.33333,30.33333,9.66667,11.66667,118.33333,0.15862,0.1711,0.58886,0.64914,0.33333,0
40.66667,0.477,0.408,0.858,11.33333,31.66667,43.0,25.33333,5.66667,17.0,115.33333,0.09661,0.38423,0.55522,0.63738,47.33333,0.49567,0.31533,0.68267,12.33333,34.33333,46.66667,24.0,7.33333,14.66667,114.66667,0.01025,0.37548,0.54133,0.5795,0.33333,0
41.33333,0.445,0.38267,0.763,15.66667,36.66667,52.33333,22.66667,5.33333,14.33333,108.33333,0.09284,0.47476,0.50965,0.55843,43.33333,0.475,0.33567,0.77867,12.0,38.0,50.0,29.33333,8.66667,16.0,121.66667,0.18037,0.39619,0.53709,0.62094,0.0,0
41.0,0.48567,0.37967,0.65933,7.0,39.33333,46.33333,27.0,5.66667,12.0,110.0,0.12713,0.19957,0.54459,0.60974,36.33333,0.44433,0.369,0.75133,8.33333,35.33333,43.66667,22.0,6.33333,14.66667,103.33333,-0.04651,0.24006,0.51098,0.59178,0.33333,0
41.66667,0.48467,0.39167,0.66667,7.66667,34.66667,42.33333,21.66667,11.33333,16.33333,107.66667,0.07772,0.22495,0.53831,0.59257,45.33333,0.489,0.41733,0.84433,10.33333,29.0,39.33333,25.33333,9.33333,8.0,122.0,0.0839,0.30614,0.54659,0.62146,0.0,1
43.66667,0.46,0.35533,0.79133,13.33333,41.66667,55.0,25.66667,9.0,14.0,115.0,0.29613,0.38713,0.5313,0.58186,42.66667,0.46633,0.34733,0.78133,8.33333,31.33333,39.66667,20.33333,8.0,12.66667,115.0,-0.1855,0.21373,0.51698,0.59096,0.66667,0
41.66667,0.49067,0.34367,0.80267,9.66667,32.0,41.66667,27.66667,9.0,12.66667,114.66667,0.1204,0.34216,0.56532,0.63633,40.33333,0.437,0.26533,0.78267,11.66667,33.66667,45.33333,22.66667,7.33333,15.0,104.0,-0.0939,0.33585,0.47849,0.53753,0.66667,0
40.0,0.45167,0.37567,0.80833,11.0,36.33333,47.33333,27.66667,5.0,15.33333,112.33333,0.01803,0.34949,0.52935,0.60154,36.66667,0.45333,0.31333,0.72733,9.0,30.66667,39.66667,21.0,6.33333,13.33333,102.0,-0.13533,0.25418,0.52045,0.58997,0.66667,1
37.33333,0.44033,0.31033,0.806,9.33333,33.33333,42.66667,24.33333,9.66667,16.0,101.33333,-0.05387,0.29497,0.50566,0.56857,35.66667,0.404,0.32133,0.83633,8.66667,34.66667,43.33333,25.33333,11.33333,16.33333,95.66667,-0.05928,0.22211,0.45092,0.51726,0.66667,0
39.0,0.456,0.30867,0.739,9.33333,37.0,46.33333,20.66667,6.0,18.0,104.33333,-0.03188,0.28839,0.52381,0.57987,36.33333,0.401,0.259,0.76233,12.0,28.66667,40.66667,21.0,8.33333,15.66667,96.66667,-0.303,0.31001,0.45388,0.50989,1.0,0
37.33333,0.419,0.27267,0.69633,13.33333,35.0,48.33333,22.33333,8.33333,14.0,101.0,-0.01403,0.39286,0.47332,0.53655,38.66667,0.44267,0.33333,0.803,8.33333,34.0,42.33333,20.66667,7.66667,10.0,103.33333,-0.02361,0.20838,0.50577,0.56381,0.66667,1
41.0,0.50267,0.31167,0.77933,7.0,36.66667,43.66667,22.0,10.0,16.66667,115.0,0.10584,0.23495,0.56849,0.66014,34.0,0.38933,0.29533,0.86,7.33333,32.0,39.33333,18.33333,9.33333,14.0,94.66667,-0.26901,0.17673,0.43781,0.51479,1.0,0
41.33333,0.46833,0.35867,0.71467,9.33333,32.66667,42.0,30.66667,6.66667,10.0,112.66667,-0.00364,0.26595,0.53264,0.59908,39.33333,0.45767,0.32633,0.775,12.66667,28.0,40.66667,20.0,6.66667,13.33333,106.66667,-0.1175,0.38005,0.50801,0.58273,1.0,0
38.66667,0.43767,0.35033,0.72033,11.0,34.0,45.0,20.66667,5.66667,8.33333,107.66667,0.17708,0.32388,0.50584,0.57307,41.0,0.43167,0.30533,0.75,12.66667,30.33333,43.0,24.33333,7.33333,12.0,109.33333,-0.10571,0.3466,0.49098,0.54724,0.66667,0
42.0,0.44933,0.31033,0.79,14.0,39.0,53.0,25.0,6.0,12.66667,111.33333,0.17643,0.41127,0.50709,0.56741,44.0,0.48767,0.42833,0.76633,12.66667,25.0,37.66667,23.33333,9.33333,14.66667,121.33333,-0.005,0.43003,0.57026,0.63658,0.66667,0
41.66667,0.44367,0.371,0.827,14.0,33.33333,47.33333,27.0,7.0,10.66667,121.0,-0.03486,0.41566,0.51112,0.60138,39.0,0.42767,0.354,0.80833,10.0,31.66667,41.66667,21.33333,5.0,10.0,100.66667,-0.14305,0.2515,0.49657,0.53502,1.0,1
43.66667,0.50433,0.35233,0.72733,8.0,33.0,41.0,29.33333,7.66667,14.33333,118.66667,0.07077,0.24849,0.57481,0.64218,42.33333,0.44233,0.34333,0.758,10.66667,35.33333,46.0,25.0,6.66667,12.66667,111.33333,-0.06345,0.25722,0.49448,0.5531,1.0,0
41.33333,0.44067,0.37733,0.832,12.66667,32.33333,45.0,22.0,3.66667,9.33333,110.66667,-0.04073,0.33586,0.50662,0.56445,34.33333,0.434,0.27167,0.74067,8.33333,29.0,37.33333,22.33333,7.0,15.33333,96.33333,-0.26498,0.22863,0.49776,0.56937,0.66667,0
35.33333,0.402,0.28033,0.76033,9.0,30.0,39.0,23.0,9.33333,15.0,94.0,-0.26212,0.22299,0.45104,0.51029,33.66667,0.39267,0.347,0.817,10.0,37.0,47.0,19.0,7.0,12.33333,98.33333,-0.06347,0.28844,0.45094,0.5367,0.66667,1
39.33333,0.446,0.361,0.87233,8.66667,39.66667,48.33333,23.33333,7.33333,15.0,106.66667,0.04677,0.25802,0.50792,0.57648,40.66667,0.478,0.39233,0.71233,11.33333,35.66667,47.0,25.0,9.33333,12.33333,110.0,0.16807,0.35774,0.5363,0.60378,0.0,1
41.66667,0.50133,0.34667,0.81433,9.0,36.0,45.0,23.66667,7.33333,15.33333,113.33333,0.05193,0.31705,0.54214,0.63447,40.33333,0.46467,0.396,0.79633,13.33333,33.33333,46.66667,18.0,6.66667,11.0,117.66667,0.1394,0.45602,0.53012,0.62634,0.0,1
43.33333,0.487,0.50333,0.689,7.0,34.33333,41.33333,26.0,7.33333,12.33333,120.0,-0.00824,0.18523,0.5822,0.63798,43.33333,0.463,0.358,0.75367,14.33333,33.66667,48.0,28.33333,7.33333,18.33333,112.0,-0.04659,0.4378,0.52237,0.57267,0.66667,1
40.0,0.466,0.309,0.67867,8.66667,33.66667,42.33333,22.33333,8.66667,16.33333,108.66667,-0.02173,0.25842,0.53709,0.59647,46.33333,0.48433,0.403,0.70767,13.33333,30.33333,43.66667,22.33333,7.33333,13.66667,121.66667,-0.10978,0.3999,0.55054,0.60471,1.0,1
47.0,0.518,0.393,0.76733,12.0,37.0,49.0,27.66667,8.0,15.33333,128.33333,0.18773,0.40411,0.59222,0.66422,42.0,0.489,0.40767,0.73033,8.0,31.0,39.0,26.0,5.0,15.33333,110.33333,-0.11133,0.25757,0.55691,0.61089,1.0,0
39.33333,0.442,0.35867,0.66033,8.33333,35.66667,44.0,26.0,9.33333,15.33333,104.0,-0.15333,0.20602,0.50663,0.55618,37.33333,0.42833,0.23567,0.829,9.33333,35.33333,44.66667,21.33333,5.33333,14.0,99.33333,-0.16488,0.24633,0.46228,0.53793,1.0,1
40.66667,0.47633,0.359,0.81333,9.0,37.33333,46.33333,25.33333,9.0,14.33333,110.66667,0.12886,0.28656,0.53954,0.61201,38.33333,0.42333,0.29367,0.742,9.66667,34.0,43.66667,17.66667,7.33333,7.66667,101.0,-0.05881,0.2388,0.47266,0.52975,0.66667,0
38.33333,0.48967,0.435,0.763,8.0,29.33333,37.33333,24.33333,7.66667,14.66667,110.0,-0.02665,0.2582,0.58859,0.65908,37.33333,0.42367,0.32467,0.80333,14.66667,35.66667,50.33333,18.0,7.33333,17.33333,107.33333,-0.01524,0.45328,0.47544,0.56665,0.33333,1
47.33333,0.494,0.39567,0.691,10.66667,37.33333,48.0,28.0,6.66667,13.33333,122.0,0.11321,0.32915,0.56573,0.61014,42.33333,0.466,0.346,0.66333,13.33333,34.66667,48.0,24.66667,8.66667,12.66667,108.66667,0.02122,0.4,0.5241,0.57343,0.66667,0
42.33333,0.43633,0.28667,0.83867,14.33333,36.66667,51.0,24.66667,6.33333,11.0,114.66667,-0.02244,0.38739,0.49306,0.56167,44.0,0.46233,0.31633,0.753,11.66667,36.66667,48.33333,25.66667,8.0,15.33333,115.0,0.04222,0.32467,0.51781,0.57448,0.66667,1
48.33333,0.50467,0.286,0.73767,11.33333,34.33333,45.66667,29.33333,7.0,11.33333,118.66667,0.02167,0.37859,0.54163,0.59566,39.66667,0.43067,0.28633,0.75367,9.66667,31.33333,41.0,21.33333,7.33333,15.0,104.66667,-0.19222,0.24205,0.48445,0.5421,0.66667,0
44.66667,0.502,0.31867,0.74467,14.33333,31.0,45.33333,20.66667,9.66667,13.0,122.66667,0.07414,0.56269,0.54856,0.63633,34.66667,0.407,0.244,0.78567,9.66667,35.33333,45.0,17.33333,6.66667,9.33333,95.0,-0.09072,0.26207,0.45008,0.52555,0.66667,1
41.66667,0.48467,0.412,0.77133,10.33333,30.0,40.33333,25.0,7.33333,13.33333,114.33333,-0.05037,0.34383,0.54711,0.62258,46.66667,0.53333,0.41933,0.82333,6.33333,33.33333,39.66667,28.33333,8.33333,14.33333,115.0,0.05606,0.18911,0.58486,0.63205,0.33333,0
43.0,0.48333,0.40633,0.81767,12.33333,30.66667,43.0,27.66667,6.0,16.33333,117.33333,0.08772,0.40522,0.56153,0.62623,46.33333,0.486,0.45733,0.77167,14.0,29.0,43.0,26.33333,8.66667,13.66667,121.66667,-0.01986,0.45742,0.56616,0.61294,0.66667,0
40.66667,0.437,0.38233,0.806,11.33333,35.33333,46.66667,26.0,10.0,13.0,114.0,0.0581,0.32398,0.50179,0.5776,41.0,0.464,0.349,0.82633,9.66667,38.0,47.66667,21.66667,6.0,14.33333,117.33333,0.06285,0.28275,0.52277,0.61809,0.33333,0
42.33333,0.465,0.421,0.80867,11.33333,41.0,52.33333,29.0,10.33333,16.66667,115.0,0.2628,0.35896,0.53292,0.59934,39.66667,0.448,0.36067,0.807,12.33333,36.0,48.33333,19.0,6.0,9.66667,113.66667,0.17282,0.36125,0.5125,0.59967,0.0,1
43.66667,0.469,0.385,0.75767,10.66667,33.33333,44.0,23.66667,5.33333,11.66667,115.33333,0.11076,0.31194,0.53519,0.59086,43.66667,0.48033,0.368,0.79,10.33333,36.33333,46.66667,31.33333,8.33333,14.33333,120.33333,0.14518,0.3575,0.55696,0.62495,0.33333,1
40.66667,0.43267,0.307,0.639,13.66667,31.0,44.66667,25.0,9.0,10.33333,107.66667,-0.05334,0.35854,0.48582,0.54102,36.66667,0.42667,0.387,0.808,10.66667,33.33333,44.0,21.33333,4.0,15.33333,104.0,-0.22804,0.29109,0.49175,0.5719,0.66667,0
35.33333,0.41367,0.36,0.85633,9.33333,37.33333,46.66667,22.33333,6.0,13.0,100.66667,-0.04965,0.25864,0.4667,0.55414,42.33333,0.47933,0.365,0.789,10.0,32.66667,42.66667,23.33333,11.33333,11.66667,113.33333,0.10275,0.29083,0.5357,0.60472,0.0,1
45.33333,0.50067,0.42833,0.74233,11.33333,37.66667,49.0,27.0,5.33333,16.0,115.33333,0.14129,0.38518,0.5743,0.61408,35.33333,0.43133,0.32133,0.94733,8.66667,31.33333,40.0,25.66667,6.33333,17.33333,99.33333,-0.19617,0.27252,0.50471,0.57851,0.66667,0
42.66667,0.47533,0.387,0.71367,10.66667,40.0,50.66667,27.0,14.33333,19.0,116.0,0.22274,0.3254,0.54624,0.60882,41.0,0.46833,0.32067,0.82433,9.33333,32.66667,42.0,27.33333,7.0,13.33333,109.33333,-0.1078,0.27066,0.53658,0.59633,1.0,0
44.0,0.469,0.32267,0.75567,13.33333,40.66667,54.0,26.33333,7.0,13.66667,116.66667,0.16311,0.39454,0.53571,0.59262,39.66667,0.442,0.31033,0.821,13.33333,32.0,45.33333,20.0,5.66667,14.66667,108.66667,-0.09845,0.38664,0.49181,0.56976,1.0,0
39.66667,0.45433,0.29667,0.808,10.33333,29.0,39.33333,25.0,8.0,12.0,104.33333,-0.10951,0.30807,0.50749,0.56965,39.0,0.49267,0.351,0.71,7.66667,32.66667,40.33333,19.66667,5.0,13.0,106.33333,0.01368,0.25324,0.56116,0.62892,0.33333,1
39.66667,0.472,0.32967,0.72167,9.66667,33.66667,43.33333,26.66667,8.66667,16.0,106.66667,0.01885,0.31256,0.53983,0.59873,46.0,0.50567,0.40667,0.74333,11.0,28.66667,39.66667,27.33333,10.0,13.66667,119.0,-0.00622,0.32898,0.57711,0.62423,0.33333,0
42.66667,0.44733,0.27867,0.82233,14.33333,35.66667,50.0,23.66667,5.66667,10.0,115.33333,-0.03662,0.42102,0.49662,0.57136,41.66667,0.457,0.321,0.85933,12.33333,31.33333,43.66667,22.0,7.33333,14.33333,108.66667,-0.07785,0.34941,0.51695,0.5719,1.0,0
39.0,0.44367,0.26167,0.75333,13.0,33.0,46.0,21.66667,8.0,13.66667,103.66667,-0.04688,0.39127,0.48921,0.55813,43.0,0.432,0.32667,0.82833,16.0,29.33333,45.33333,25.33333,6.66667,11.0,116.66667,-0.12601,0.47242,0.4911,0.55765,1.0,1
39.0,0.48733,0.38,0.80233,8.33333,35.0,43.33333,23.33333,10.0,14.33333,119.0,0.17686,0.25809,0.57434,0.68111,42.33333,0.48033,0.341,0.78767,11.66667,37.0,48.66667,28.66667,5.66667,13.33333,115.0,0.04944,0.35499,0.55188,0.61783,0.33333,0
42.66667,0.47767,0.36867,0.75667,8.66667,35.0,43.66667,22.33333,4.66667,11.33333,115.66667,0.08316,0.2585,0.54294,0.60988,38.33333,0.446,0.26533,0.78133,10.0,34.0,44.0,21.0,5.33333,15.0,101.0,-0.17127,0.28457,0.48457,0.55412,1.0,0
40.66667,0.48133,0.339,0.74467,13.66667,29.33333,43.0,20.0,11.0,14.0,110.66667,0.0134,0.55244,0.53149,0.60954,42.66667,0.48267,0.37633,0.83333,7.66667,38.66667,46.33333,23.0,6.66667,16.0,117.0,-0.02594,0.21728,0.54499,0.62403,0.66667,0
45.33333,0.533,0.54367,0.78167,8.66667,33.66667,42.33333,27.66667,9.0,13.33333,122.33333,0.21288,0.27331,0.60923,0.67722,41.66667,0.485,0.407,0.78033,10.66667,27.66667,38.33333,20.66667,9.66667,14.33333,119.0,0.0058,0.36313,0.56484,0.6458,0.66667,0
42.0,0.48,0.37167,0.73333,9.0,40.0,49.0,25.33333,6.33333,13.0,114.66667,0.17482,0.26421,0.55825,0.61879,36.33333,0.44933,0.39733,0.7,5.66667,35.33333,41.0,24.66667,8.0,17.0,98.0,-0.11263,0.1573,0.50979,0.57126,0.66667,0
39.33333,0.45,0.32533,0.83333,8.66667,38.0,46.66667,25.0,6.33333,15.33333,106.33333,-0.07067,0.26214,0.5124,0.57868,40.66667,0.43233,0.317,0.76667,9.33333,32.66667,42.0,22.66667,10.0,12.33333,105.66667,-0.1152,0.23335,0.47822,0.53543,1.0,1
40.33333,0.423,0.38267,0.86767,14.33333,37.0,51.33333,22.0,4.33333,8.66667,106.33333,0.06226,0.39679,0.48467,0.53791,44.33333,0.50133,0.38033,0.88567,8.66667,32.66667,41.33333,26.0,6.33333,10.33333,119.33333,0.07879,0.27927,0.57871,0.64349,0.33333,0
40.0,0.47633,0.404,0.74567,9.33333,30.33333,39.66667,25.0,8.33333,12.33333,106.33333,-0.10223,0.27458,0.54805,0.6032,38.66667,0.427,0.31767,0.869,9.0,35.33333,44.33333,25.66667,9.33333,15.33333,102.66667,-0.05643,0.23574,0.47955,0.54209,0.66667,0
45.66667,0.48467,0.34067,0.79133,14.33333,34.66667,49.0,26.0,6.66667,11.33333,120.33333,-0.03961,0.43935,0.53437,0.60375,35.33333,0.44133,0.40733,0.805,8.33333,35.0,43.33333,19.66667,5.66667,10.33333,104.33333,0.00479,0.24722,0.51815,0.60399,0.33333,0
42.66667,0.47167,0.459,0.74133,7.33333,36.0,43.33333,25.0,6.66667,12.66667,115.0,-0.00327,0.19449,0.55983,0.60726,37.33333,0.412,0.323,0.836,10.0,30.33333,40.33333,24.0,10.0,14.33333,96.0,-0.11488,0.25718,0.46721,0.51147,1.0,0
37.33333,0.43,0.33633,0.856,10.0,35.0,45.0,25.0,4.33333,15.33333,106.0,-0.03333,0.30833,0.49962,0.57733,39.0,0.45467,0.373,0.81667,9.0,30.66667,39.66667,25.33333,8.33333,13.66667,103.66667,-0.11798,0.2501,0.51909,0.5769,0.66667,0
45.0,0.47267,0.35267,0.79533,15.66667,41.66667,57.33333,28.0,8.66667,15.66667,124.33333,0.27249,0.52906,0.54271,0.61508,43.66667,0.453,0.37867,0.74633,14.66667,35.0,49.66667,26.33333,8.0,13.66667,120.33333,-0.01211,0.43715,0.52456,0.58987,0.66667,1
37.33333,0.40167,0.28333,0.701,10.0,37.33333,47.33333,23.0,8.0,15.66667,98.33333,-0.24293,0.23615,0.4524,0.50467,42.33333,0.46767,0.32933,0.827,11.0,38.33333,49.33333,19.66667,7.66667,15.0,110.33333,0.0825,0.31151,0.51316,0.57919,0.0,1
38.33333,0.46367,0.41433,0.74867,9.33333,35.66667,45.0,22.33333,8.33333,14.33333,111.66667,0.0201,0.29279,0.54806,0.6273,37.0,0.43033,0.33967,0.79833,14.66667,35.33333,50.0,19.33333,8.0,16.0,105.0,-0.02259,0.47587,0.47847,0.56892,0.33333,1
49.0,0.533,0.43733,0.78233,9.66667,38.33333,48.0,28.33333,9.0,14.66667,127.33333,0.27738,0.33346,0.61542,0.66495,41.0,0.46267,0.30633,0.82233,9.0,36.0,45.0,24.33333,6.33333,8.33333,110.66667,0.07009,0.26591,0.52639,0.593,0.33333,0
42.33333,0.502,0.39133,0.72267,9.0,33.33333,42.33333,24.0,9.0,15.0,118.0,0.07683,0.26783,0.58732,0.6551,43.0,0.44633,0.37367,0.60367,13.33333,34.0,47.33333,25.33333,9.33333,12.33333,107.66667,-0.02936,0.37477,0.50543,0.53878,0.66667,0
39.0,0.45133,0.29433,0.646,11.0,33.33333,44.33333,23.33333,8.66667,14.33333,98.66667,-0.13723,0.30834,0.4994,0.54406,48.0,0.502,0.35167,0.732,11.33333,35.33333,46.66667,25.66667,8.66667,13.33333,126.33333,0.11139,0.32905,0.56047,0.62272,0.33333,0
51.33333,0.53767,0.295,0.724,10.33333,32.33333,42.66667,31.66667,8.66667,11.66667,125.0,0.02234,0.34525,0.58808,0.63066,44.33333,0.48467,0.32933,0.84533,8.0,38.0,46.0,26.33333,11.0,16.66667,113.66667,0.18701,0.23924,0.54718,0.59727,0.33333,1
36.66667,0.42767,0.36367,0.71867,9.66667,36.0,45.66667,22.33333,7.0,16.0,101.33333,-0.16476,0.2511,0.49592,0.55907,42.33333,0.486,0.34667,0.87167,8.33333,29.66667,38.0,23.66667,8.33333,18.33333,105.66667,-0.1067,0.24402,0.53217,0.58452,0.66667,0
43.66667,0.474,0.36867,0.799,14.66667,36.0,50.66667,27.0,6.66667,18.0,120.0,0.13768,0.50823,0.5465,0.61594,41.0,0.43467,0.358,0.821,15.0,30.66667,45.66667,18.0,8.66667,12.0,110.66667,-0.08768,0.44533,0.48372,0.55556,0.66667,0
42.0,0.44467,0.325,0.76467,17.66667,41.33333,59.0,24.0,8.33333,16.0,118.33333,0.18442,0.59573,0.50663,0.58616,43.66667,0.49767,0.42233,0.83167,7.66667,33.66667,41.33333,31.33333,9.66667,15.33333,121.66667,0.14728,0.24776,0.58036,0.65321,0.33333,1
39.66667,0.48267,0.33067,0.81133,5.33333,36.66667,42.0,24.0,13.33333,16.0,115.33333,0.15924,0.17481,0.5512,0.64882,35.0,0.41133,0.323,0.779,9.66667,31.0,40.66667,22.33333,6.66667,14.0,98.33333,-0.32087,0.25943,0.46362,0.54443,1.0,0
43.33333,0.51433,0.378,0.794,8.0,34.66667,42.66667,27.33333,4.66667,11.0,113.33333,0.19582,0.26984,0.58332,0.64123,44.33333,0.485,0.37833,0.783,10.66667,34.33333,45.0,24.0,9.0,15.0,119.66667,0.08032,0.30141,0.5448,0.61604,0.0,1
46.33333,0.504,0.41433,0.68133,10.0,35.66667,45.66667,30.66667,5.66667,14.66667,118.0,0.09928,0.32197,0.57459,0.6151,44.33333,0.48533,0.445,0.708,10.0,34.66667,44.66667,28.33333,7.66667,12.66667,118.66667,0.04181,0.29834,0.56172,0.61488,0.33333,1
35.33333,0.42533,0.354,0.689,8.66667,35.0,43.66667,13.66667,11.0,20.0,97.66667,-0.09384,0.2305,0.47877,0.54868,36.66667,0.41433,0.31033,0.87167,12.0,34.33333,46.33333,23.66667,7.66667,15.66667,103.33333,-0.15356,0.33333,0.4856,0.55565,1.0,1
44.66667,0.48333,0.31,0.77233,10.0,29.66667,39.66667,23.33333,7.66667,14.33333,117.66667,-0.01672,0.301,0.54074,0.60398,38.66667,0.48433,0.32067,0.752,7.33333,30.0,37.33333,17.0,6.0,11.33333,105.33333,0.04839,0.23858,0.54808,0.61969,0.33333,1
44.33333,0.50067,0.39167,0.65267,9.66667,34.0,43.66667,29.0,10.0,14.66667,118.0,0.07258,0.31529,0.57397,0.62795,44.0,0.51767,0.39867,0.77767,8.33333,33.0,41.33333,28.66667,10.33333,14.33333,120.0,0.16499,0.26374,0.58245,0.6586,0.0,0
51.66667,0.565,0.53233,0.82767,8.0,37.33333,45.33333,30.66667,8.0,13.66667,133.0,0.34422,0.28262,0.64353,0.6972,41.66667,0.45533,0.355,0.80333,11.0,31.66667,42.66667,21.66667,8.33333,13.66667,109.0,-0.08197,0.30088,0.51521,0.56966,1.0,0
40.66667,0.44933,0.25733,0.80467,12.66667,33.66667,46.33333,23.0,9.0,13.66667,104.33333,-0.05126,0.37388,0.49687,0.55094,40.66667,0.462,0.31033,0.80633,10.33333,31.66667,42.0,19.0,6.33333,14.66667,109.0,-0.09457,0.3439,0.51303,0.58473,0.66667,1
37.33333,0.43933,0.35567,0.758,8.66667,36.66667,45.33333,24.33333,9.66667,11.66667,113.0,0.17363,0.23362,0.51397,0.61161,36.66667,0.42067,0.338,0.76467,8.66667,28.66667,37.33333,23.66667,7.0,15.0,100.0,-0.24243,0.23135,0.49205,0.5492,1.0,1
42.33333,0.465,0.32633,0.853,11.33333,36.66667,48.0,24.0,8.0,12.0,112.66667,0.09146,0.3419,0.51611,0.58675,41.0,0.47367,0.38333,0.81367,10.0,30.66667,40.66667,20.66667,7.33333,13.66667,112.33333,-0.01783,0.34628,0.54136,0.6131,0.66667,0
40.66667,0.478,0.31933,0.803,10.66667,33.33333,44.0,25.0,6.0,17.0,110.66667,-0.14466,0.34229,0.54036,0.61285,38.33333,0.462,0.42367,0.79867,8.0,34.0,42.0,26.66667,5.66667,17.0,98.33333,-0.10227,0.2211,0.5264,0.56939,0.66667,0
40.0,0.44367,0.29533,0.80967,12.66667,33.66667,46.33333,21.0,7.66667,14.66667,105.0,-0.08075,0.39004,0.49146,0.55651,40.33333,0.44333,0.32467,0.73933,9.0,37.0,46.0,25.33333,10.66667,14.33333,109.0,0.00738,0.24103,0.49801,0.56384,0.66667,1
44.0,0.45733,0.387,0.90467,13.33333,38.0,51.33333,24.33333,4.66667,8.0,118.33333,0.18514,0.37659,0.51798,0.5862,33.66667,0.44033,0.419,0.786,9.66667,35.0,44.66667,19.33333,6.0,13.33333,103.66667,0.00365,0.28538,0.5162,0.62107,0.33333,1
39.0,0.43333,0.34333,0.863,9.66667,37.66667,47.33333,24.33333,5.66667,11.66667,113.33333,-0.00523,0.26548,0.48984,0.58762,39.33333,0.42567,0.331,0.849,11.0,30.66667,41.66667,17.33333,9.33333,12.0,103.33333,-0.19296,0.32518,0.4707,0.53537,0.66667,0
38.66667,0.44967,0.32233,0.78533,9.33333,36.66667,46.0,22.66667,5.33333,15.0,107.0,-0.13821,0.26643,0.51258,0.58654,38.0,0.41367,0.303,0.851,9.0,36.0,45.0,20.66667,9.66667,13.66667,104.0,-0.189,0.23265,0.46854,0.5389,1.0,0
45.33333,0.489,0.35133,0.716,9.33333,36.66667,46.0,26.33333,9.33333,12.66667,119.66667,0.06599,0.26843,0.54624,0.60784,39.33333,0.44967,0.35067,0.82333,12.33333,37.33333,49.66667,18.33333,8.66667,14.66667,110.66667,0.14082,0.36125,0.50909,0.59421,0.0,0
44.33333,0.473,0.443,0.758,10.33333,36.33333,46.66667,28.33333,6.0,14.33333,116.0,0.05685,0.28789,0.55619,0.59539,45.0,0.483,0.40767,0.72933,9.0,28.0,37.0,26.0,5.33333,9.66667,112.0,-0.02072,0.26804,0.5519,0.58601,0.66667,1
36.0,0.43567,0.31233,0.86933,10.66667,35.66667,46.33333,24.33333,5.33333,17.66667,103.33333,-0.04386,0.35578,0.5044,0.5886,40.0,0.42867,0.41167,0.677,10.33333,29.66667,40.0,26.0,8.66667,10.66667,107.66667,-0.15163,0.26684,0.48963,0.54601,1.0,0
45.66667,0.50067,0.308,0.711,7.33333,35.66667,43.0,28.0,7.33333,12.0,114.0,-0.0328,0.2085,0.56041,0.60157,36.33333,0.43133,0.37733,0.75433,8.33333,32.66667,41.0,25.66667,10.0,12.66667,99.66667,0.00658,0.23185,0.50245,0.56273,0.33333,0
43.33333,0.45133,0.28367,0.83067,16.33333,40.33333,56.66667,21.33333,4.0,13.0,111.66667,-0.04716,0.47933,0.49135,0.55491,44.66667,0.46867,0.44,0.75433,14.66667,26.66667,41.33333,25.0,11.0,14.66667,118.0,-0.06821,0.44993,0.54511,0.59302,0.66667,1
38.33333,0.45533,0.31133,0.699,9.33333,35.66667,45.0,19.33333,7.66667,13.33333,104.33333,0.03692,0.27407,0.50744,0.57971,43.33333,0.45433,0.36167,0.761,12.66667,35.33333,48.0,28.0,7.66667,13.33333,117.66667,-0.0154,0.36539,0.52157,0.58441,0.66667,1
34.66667,0.398,0.282,0.741,8.66667,34.0,42.66667,20.33333,8.0,15.33333,96.66667,-0.26817,0.197,0.45168,0.52184,43.33333,0.46633,0.307,0.834,7.66667,35.66667,43.33333,25.66667,8.66667,12.33333,109.0,0.00625,0.20188,0.5204,0.56544,0.33333,0
37.66667,0.44,0.314,0.71267,8.66667,38.0,46.66667,22.33333,15.33333,18.66667,106.0,0.09972,0.2383,0.49589,0.57516,39.0,0.42033,0.306,0.66967,11.0,36.66667,47.66667,23.33333,6.0,13.0,97.33333,-0.07901,0.30317,0.46545,0.50511,0.66667,0
37.33333,0.44267,0.36933,0.77167,10.66667,33.66667,44.33333,22.33333,7.0,12.33333,105.33333,-0.03507,0.32983,0.51965,0.58801,37.33333,0.44667,0.31133,0.813,10.33333,37.0,47.33333,22.66667,8.33333,17.66667,105.33333,-0.02432,0.30787,0.50447,0.59124,0.66667,1
44.0,0.49733,0.384,0.84667,8.0,35.0,43.0,21.66667,6.33333,14.33333,118.33333,0.00256,0.23689,0.55825,0.63252,43.0,0.44833,0.39233,0.721,16.33333,30.66667,47.0,26.66667,7.0,13.66667,116.33333,-0.03743,0.49336,0.51318,0.57385,0.66667,0
38.0,0.43633,0.32067,0.66967,9.33333,37.0,46.33333,25.66667,6.66667,9.33333,107.33333,-0.02779,0.23568,0.48929,0.56893,45.0,0.48733,0.42033,0.68333,13.0,29.33333,42.33333,21.66667,8.0,12.0,118.33333,0.01254,0.39969,0.55039,0.60484,0.66667,0
41.66667,0.47,0.38033,0.68567,12.66667,34.0,46.66667,27.0,7.0,15.66667,115.66667,0.11074,0.42627,0.53923,0.60866,36.0,0.40633,0.34867,0.82633,9.33333,35.66667,45.0,24.66667,10.33333,15.33333,102.33333,-0.06914,0.2455,0.46482,0.54501,0.66667,0
41.66667,0.48867,0.34267,0.80167,10.0,37.0,47.0,25.33333,7.0,15.33333,119.66667,0.04532,0.29457,0.57136,0.65494,38.33333,0.44833,0.337,0.775,13.0,37.33333,50.33333,21.66667,8.0,14.0,106.0,0.14174,0.43058,0.49865,0.57963,0.0,1
38.0,0.436,0.356,0.889,12.33333,35.0,47.33333,24.0,6.66667,17.0,108.0,0.03549,0.39374,0.50946,0.58598,47.33333,0.53767,0.393,0.762,9.0,34.0,43.0,29.0,9.66667,17.33333,125.33333,0.12376,0.29526,0.59818,0.66712,0.33333,0
40.0,0.43267,0.288,0.73067,11.33333,34.33333,45.66667,22.66667,7.66667,13.66667,108.33333,-0.16599,0.2951,0.49207,0.55444,35.66667,0.41733,0.30133,0.79133,7.66667,27.33333,35.0,18.0,7.33333,17.33333,93.33333,-0.39388,0.21121,0.47138,0.52483,1.0,0
37.0,0.424,0.26433,0.74133,12.66667,35.33333,48.0,19.0,6.66667,13.33333,105.0,-0.08243,0.37021,0.46507,0.55825,45.0,0.48967,0.379,0.807,10.66667,34.33333,45.0,21.66667,8.0,17.33333,121.0,-0.08261,0.33594,0.56152,0.62446,1.0,0
39.33333,0.43933,0.349,0.965,8.66667,34.33333,43.0,26.0,7.66667,11.66667,111.33333,-0.01142,0.24372,0.52041,0.59435,45.0,0.505,0.41933,0.843,9.33333,34.0,43.33333,32.66667,9.0,15.0,127.33333,0.11899,0.29538,0.58516,0.66847,0.33333,0
40.66667,0.46,0.403,0.732,12.33333,38.33333,50.66667,22.33333,7.33333,14.33333,109.66667,0.15938,0.36111,0.51903,0.58411,37.0,0.421,0.35733,0.72067,12.0,31.33333,43.33333,25.33333,8.33333,17.66667,102.66667,-0.26294,0.33057,0.48914,0.55096,1.0,1
47.33333,0.51467,0.47,0.74467,9.0,35.0,44.0,32.0,5.33333,15.66667,117.33333,0.02558,0.29128,0.58892,0.61889,39.33333,0.453,0.40933,0.743,16.0,35.66667,51.66667,25.33333,7.0,20.33333,113.0,0.00567,0.54267,0.53617,0.60905,0.33333,0
44.0,0.48267,0.34733,0.62933,10.0,35.66667,45.66667,24.66667,10.33333,10.66667,114.66667,0.08524,0.28439,0.54265,0.59316,37.66667,0.43267,0.34933,0.79867,10.66667,37.0,47.66667,25.66667,7.66667,15.66667,106.66667,-0.0466,0.28674,0.51918,0.58204,0.66667,1
43.0,0.468,0.34,0.72533,12.33333,36.66667,49.0,24.0,4.66667,10.0,108.33333,0.22317,0.36043,0.52702,0.56767,38.33333,0.422,0.31567,0.76667,9.0,37.33333,46.33333,26.33333,7.33333,16.0,103.33333,-0.07178,0.22152,0.4944,0.54534,0.66667,0
39.0,0.445,0.29367,0.794,12.33333,35.33333,47.66667,25.33333,7.0,15.0,110.66667,-0.10586,0.34896,0.50949,0.59097,41.33333,0.494,0.36867,0.81733,7.66667,34.66667,42.33333,20.66667,6.33333,8.66667,112.33333,0.18587,0.25008,0.55939,0.63329,0.0,1
43.33333,0.48133,0.41867,0.713,8.66667,35.66667,44.33333,26.33333,11.66667,13.66667,115.0,0.2055,0.23266,0.54799,0.60438,36.33333,0.43633,0.30033,0.72333,12.66667,30.0,42.66667,16.33333,7.0,12.66667,94.33333,-0.12732,0.37234,0.48277,0.53908,1.0,0
40.0,0.466,0.369,0.76833,11.33333,32.0,43.33333,24.0,10.33333,13.0,108.66667,0.06011,0.38176,0.52276,0.59545,40.33333,0.457,0.34133,0.84067,9.33333,35.33333,44.66667,20.66667,8.0,15.0,105.33333,-0.09775,0.2615,0.50614,0.56957,1.0,0
43.33333,0.48767,0.31633,0.92067,8.33333,33.33333,41.66667,25.66667,7.33333,13.33333,111.0,-0.04193,0.26277,0.55555,0.60305,40.0,0.46633,0.348,0.80633,10.33333,38.0,48.33333,27.33333,7.33333,16.66667,110.66667,0.00891,0.30127,0.54438,0.61085,0.33333,0
38.66667,0.46167,0.323,0.811,8.0,37.66667,45.66667,24.33333,5.66667,16.66667,110.33333,-0.00199,0.24326,0.52217,0.61236,32.66667,0.38133,0.20233,0.73233,9.0,30.66667,39.66667,21.0,6.33333,14.66667,88.33333,-0.46492,0.20591,0.42399,0.48833,1.0,0
39.66667,0.43067,0.333,0.75633,11.0,35.33333,46.33333,23.33333,8.0,9.0,115.66667,0.04342,0.30128,0.49123,0.5827,45.66667,0.49833,0.4,0.63167,7.66667,36.66667,44.33333,28.33333,10.33333,10.66667,117.66667,0.07574,0.22146,0.56356,0.60791,0.33333,0
44.33333,0.50133,0.35133,0.78633,12.66667,30.0,42.66667,22.66667,7.33333,13.0,119.0,-0.07145,0.47319,0.55433,0.63019,35.33333,0.419,0.32833,0.90333,8.33333,33.66667,42.0,25.0,5.66667,15.0,101.0,-0.20642,0.2447,0.48805,0.56671,0.66667,0
41.33333,0.502,0.39867,0.82833,8.66667,37.0,45.66667,23.0,8.66667,16.66667,109.33333,0.13374,0.2756,0.55258,0.62677,40.0,0.47267,0.321,0.735,9.0,29.66667,38.66667,19.33333,7.0,13.0,106.66667,-0.16049,0.28469,0.52763,0.59206,1.0,0
41.66667,0.46167,0.38433,0.73067,13.0,36.0,49.0,24.66667,7.33333,13.33333,113.33333,-0.00106,0.44318,0.53367,0.59477,39.0,0.44067,0.37067,0.836,11.0,33.33333,44.33333,26.0,6.66667,15.33333,99.33333,-0.02803,0.29891,0.49687,0.54057,0.66667,0
38.0,0.447,0.33667,0.67333,12.0,35.66667,47.66667,22.0,9.66667,10.66667,104.66667,0.1215,0.33917,0.5016,0.57242,43.0,0.46467,0.37467,0.73,10.33333,34.33333,44.66667,27.0,11.33333,11.33333,114.33333,0.13373,0.2952,0.52744,0.58583,0.33333,1
39.33333,0.453,0.35867,0.82967,7.33333,40.33333,47.66667,24.66667,6.0,14.33333,113.33333,0.0383,0.20413,0.51351,0.60686,43.0,0.48367,0.34567,0.66567,10.0,30.66667,40.66667,27.0,7.66667,15.33333,113.0,-0.18262,0.26787,0.54802,0.60065,0.66667,1
43.33333,0.50933,0.47,0.754,10.66667,31.33333,42.0,25.33333,8.33333,10.66667,117.66667,0.12225,0.32827,0.57002,0.6453,36.66667,0.46333,0.431,0.75467,11.33333,33.66667,45.0,22.66667,8.33333,17.0,106.33333,0.09138,0.38661,0.55227,0.63164,0.33333,0
39.0,0.43833,0.35967,0.69033,9.33333,31.33333,40.66667,16.66667,10.0,15.0,104.66667,-0.16625,0.24815,0.49281,0.55691,37.0,0.44467,0.28633,0.825,11.33333,37.0,48.33333,21.33333,7.66667,17.0,106.66667,0.04416,0.34273,0.4969,0.59562,0.33333,0
39.0,0.43,0.36733,0.83733,12.66667,37.0,49.66667,26.33333,6.66667,14.0,104.66667,-0.00376,0.35022,0.50338,0.55567,41.66667,0.47867,0.318,0.85367,10.66667,33.0,43.66667,24.0,9.0,16.0,112.33333,0.01977,0.31915,0.53642,0.61106,0.33333,1
37.0,0.45233,0.312,0.74667,9.0,32.0,41.0,23.33333,9.66667,19.33333,105.33333,-0.11364,0.28475,0.52111,0.60255,36.0,0.41933,0.333,0.84767,9.0,33.0,42.0,24.66667,6.66667,14.66667,96.0,-0.23514,0.26067,0.48138,0.53733,0.66667,1
37.0,0.428,0.36167,0.75067,8.0,33.66667,41.66667,20.66667,10.66667,16.33333,103.0,-0.13544,0.18778,0.49223,0.56072,42.33333,0.49633,0.375,0.728,9.33333,32.66667,42.0,28.33333,7.0,13.66667,114.0,-0.07585,0.28693,0.55404,0.62473,0.33333,0
43.33333,0.473,0.36567,0.74667,10.33333,34.33333,44.66667,21.66667,7.66667,10.66667,107.66667,0.03654,0.29828,0.52177,0.56567,39.0,0.41733,0.34333,0.584,12.0,34.33333,46.33333,24.0,8.33333,15.66667,99.0,-0.11843,0.31807,0.47073,0.5075,0.66667,0
36.33333,0.41933,0.36,0.60067,12.66667,32.0,44.66667,21.66667,6.66667,12.66667,96.66667,-0.13474,0.37745,0.49233,0.53379,39.66667,0.449,0.32867,0.815,9.66667,33.0,42.66667,21.0,7.0,13.33333,105.33333,-0.07152,0.27261,0.50807,0.56957,1.0,0
45.0,0.474,0.333,0.84667,12.0,36.33333,48.33333,22.33333,8.0,14.66667,119.0,0.02964,0.33225,0.52325,0.5941,39.66667,0.465,0.218,0.831,7.0,38.33333,45.33333,23.66667,7.0,15.33333,100.0,0.00076,0.20314,0.49628,0.55941,0.66667,1
43.0,0.47567,0.44033,0.70967,14.0,37.0,51.0,25.66667,8.0,17.33333,117.66667,0.22641,0.46875,0.54575,0.61172,40.0,0.467,0.378,0.78,9.0,33.0,42.0,23.66667,7.66667,9.66667,109.66667,0.01042,0.25213,0.53172,0.60237,0.33333,0
39.66667,0.43933,0.23833,0.714,12.0,31.33333,43.33333,19.33333,9.0,15.33333,103.66667,-0.21565,0.33415,0.482,0.54335,47.66667,0.53933,0.41833,0.76867,8.66667,31.0,39.66667,29.0,7.33333,15.0,124.33333,0.00206,0.28376,0.59787,0.66278,0.66667,1
37.66667,0.41333,0.369,0.679,11.66667,33.66667,45.33333,16.66667,9.33333,13.66667,101.33333,-0.07408,0.3,0.47398,0.53018,46.66667,0.49433,0.37567,0.87,10.66667,31.66667,42.33333,27.0,7.66667,10.0,124.66667,0.02468,0.32434,0.57342,0.63221,0.66667,0
39.66667,0.448,0.28333,0.83833,10.33333,27.33333,37.66667,21.66667,8.33333,11.0,105.66667,-0.15174,0.31083,0.49495,0.56699,43.66667,0.45367,0.33633,0.797,14.0,39.33333,53.33333,23.33333,7.0,13.0,114.66667,0.04087,0.39499,0.503,0.56629,0.0,0
42.0,0.463,0.30933,0.8,13.0,36.0,49.0,28.66667,9.66667,16.66667,113.33333,-0.007,0.425,0.51536,0.58818,33.66667,0.38767,0.303,0.803,8.66667,31.66667,40.33333,15.66667,8.33333,16.0,92.66667,-0.28178,0.22751,0.44633,0.50894,1.0,1
34.0,0.42533,0.31533,0.79567,8.66667,30.0,38.66667,18.66667,5.66667,17.66667,97.66667,-0.37189,0.26309,0.48178,0.57054,39.66667,0.44067,0.324,0.796,12.0,32.33333,44.33333,21.33333,8.66667,17.33333,111.0,-0.1259,0.36708,0.50855,0.58246,1.0,1
41.33333,0.48033,0.327,0.78567,7.66667,36.66667,44.33333,24.0,15.66667,18.0,115.0,0.12033,0.22904,0.54714,0.62507,36.33333,0.42167,0.299,0.824,9.33333,32.66667,42.0,19.33333,6.66667,15.0,94.0,-0.1911,0.27014,0.47975,0.52653,1.0,0
44.0,0.53033,0.44633,0.77067,9.33333,38.66667,48.0,29.66667,5.66667,13.0,116.66667,0.13096,0.3797,0.6023,0.6661,43.33333,0.48,0.36933,0.83933,9.66667,35.66667,45.33333,32.0,10.0,16.66667,119.0,0.08514,0.27851,0.54318,0.62036,0.33333,0
39.0,0.43933,0.387,0.81833,12.33333,37.33333,49.66667,26.66667,5.66667,15.66667,106.33333,0.00626,0.35253,0.51273,0.57281,38.66667,0.43133,0.37867,0.72667,14.33333,32.0,46.33333,26.0,9.66667,18.0,106.33333,-0.10825,0.46092,0.49675,0.55971,0.66667,1
45.0,0.504,0.44433,0.769,9.66667,36.33333,46.0,30.66667,6.33333,15.33333,115.66667,0.09113,0.32848,0.57511,0.62131,43.0,0.49567,0.308,0.75767,8.0,31.33333,39.33333,23.0,8.66667,12.33333,109.0,-0.02236,0.23598,0.54752,0.59944,0.66667,0
39.33333,0.469,0.34833,0.761,8.33333,39.66667,48.0,23.0,7.66667,15.0,108.0,0.19325,0.25264,0.53718,0.60614,42.66667,0.49,0.39667,0.735,7.0,39.33333,46.33333,27.66667,6.66667,11.66667,109.66667,0.13947,0.18834,0.54579,0.59642,0.0,0
37.66667,0.45867,0.362,0.78767,10.33333,30.33333,40.66667,22.33333,8.66667,18.0,109.66667,-0.06915,0.32937,0.53343,0.62347,41.66667,0.45533,0.328,0.723,10.33333,38.0,48.33333,24.66667,9.66667,15.33333,107.66667,0.02981,0.28199,0.51034,0.56051,0.33333,1
43.33333,0.455,0.405,0.73133,13.66667,38.0,51.66667,23.0,4.33333,10.33333,111.0,0.21068,0.39162,0.52836,0.56392,37.33333,0.418,0.30067,0.68567,9.33333,31.0,40.33333,21.66667,8.66667,13.0,99.0,-0.16075,0.24896,0.47573,0.52773,1.0,1
40.33333,0.432,0.32833,0.75,14.66667,37.33333,52.0,25.33333,9.33333,15.0,115.66667,0.04162,0.44985,0.49622,0.57754,46.66667,0.52933,0.41533,0.762,8.33333,32.66667,41.0,25.0,5.66667,9.0,121.33333,0.2283,0.2831,0.60143,0.66077,0.0,0
46.0,0.504,0.45667,0.75367,9.66667,34.66667,44.33333,29.66667,11.33333,13.0,119.0,0.18824,0.29973,0.57516,0.62366,45.66667,0.501,0.43867,0.77967,10.0,34.33333,44.33333,29.0,7.33333,9.66667,125.0,0.22068,0.30276,0.56795,0.64355,0.0,0
41.66667,0.47267,0.373,0.75433,10.66667,36.0,46.66667,25.0,12.0,17.0,114.66667,0.01658,0.31145,0.53318,0.60966,34.33333,0.432,0.242,0.799,6.0,30.66667,36.66667,21.66667,6.33333,13.0,90.33333,-0.30342,0.16376,0.47868,0.54231,1.0,0
37.66667,0.42967,0.36467,0.77533,9.33333,35.33333,44.66667,20.66667,7.33333,10.0,109.66667,0.04438,0.27957,0.48843,0.58193,34.33333,0.40067,0.25467,0.79133,10.33333,33.66667,44.0,20.33333,7.33333,15.33333,93.33333,-0.12492,0.28149,0.45003,0.52071,0.66667,0
42.0,0.45533,0.293,0.69867,11.66667,29.33333,41.0,20.66667,8.33333,13.0,109.0,-0.12686,0.32865,0.50556,0.56088,41.33333,0.45,0.33667,0.731,10.0,35.0,45.0,24.66667,7.66667,13.66667,111.33333,-0.14177,0.25595,0.50466,0.57109,1.0,1
40.66667,0.51033,0.41,0.811,9.66667,38.33333,48.0,28.66667,5.33333,18.33333,117.33333,0.09813,0.37446,0.57962,0.67867,37.66667,0.455,0.333,0.71833,10.33333,32.0,42.33333,22.0,6.33333,16.33333,104.0,-0.11645,0.35,0.51516,0.58647,1.0,0
41.33333,0.46167,0.35767,0.633,12.33333,34.66667,47.0,23.33333,8.66667,15.33333,106.33333,0.02026,0.34274,0.51702,0.56313,41.33333,0.48567,0.39233,0.73367,9.0,33.66667,42.66667,23.0,6.33333,13.33333,111.33333,-0.02005,0.29423,0.54053,0.60981,0.33333,1
40.66667,0.468,0.35333,0.82333,11.0,31.33333,42.33333,22.66667,8.33333,12.66667,115.66667,-0.00124,0.37819,0.53325,0.6205,42.0,0.44367,0.32133,0.70667,13.0,37.0,50.0,24.66667,7.0,11.0,113.33333,-0.02302,0.3545,0.50242,0.56424,0.66667,1
47.66667,0.52633,0.48967,0.77833,7.66667,36.66667,44.33333,31.33333,10.0,12.0,124.66667,0.30518,0.23685,0.6222,0.66356,34.33333,0.38833,0.36167,0.78933,8.66667,34.66667,43.33333,22.33333,11.66667,16.0,98.33333,-0.1946,0.21627,0.45049,0.52535,1.0,0
38.0,0.451,0.393,0.70667,10.66667,38.33333,49.0,23.0,6.66667,15.0,105.66667,0.0462,0.29522,0.52501,0.59061,33.33333,0.383,0.34033,0.78767,11.33333,38.0,49.33333,19.33333,10.33333,16.66667,93.33333,0.00925,0.36281,0.43999,0.51393,0.66667,1
42.66667,0.49,0.415,0.80867,12.33333,34.33333,46.66667,27.33333,6.33333,15.0,123.33333,0.10874,0.40808,0.58116,0.66082,39.33333,0.47133,0.29667,0.78133,10.0,35.0,45.0,24.33333,8.33333,17.66667,109.0,0.04162,0.33041,0.52522,0.60923,0.33333,0
43.33333,0.47533,0.31867,0.63233,9.66667,34.33333,44.0,25.66667,10.33333,11.66667,113.0,0.02146,0.25954,0.53166,0.58414,42.0,0.48467,0.264,0.88633,8.66667,36.66667,45.33333,24.0,9.0,15.66667,109.66667,0.12009,0.26831,0.52669,0.60085,0.33333,1
42.66667,0.492,0.453,0.737,10.66667,42.0,52.66667,26.0,8.66667,17.0,113.0,0.33957,0.33889,0.55579,0.6162,43.0,0.48333,0.41967,0.734,8.66667,33.0,41.66667,25.33333,7.66667,11.33333,113.66667,0.10005,0.26371,0.55059,0.60676,0.0,1
44.0,0.50433,0.355,0.739,9.66667,35.66667,45.33333,24.66667,11.0,13.66667,113.33333,0.21128,0.29797,0.5543,0.61478,40.33333,0.451,0.32433,0.559,10.66667,32.66667,43.33333,25.33333,10.0,17.66667,101.66667,-0.18846,0.29349,0.50285,0.54086,1.0,0
35.66667,0.41667,0.293,0.65133,11.33333,35.0,46.33333,23.0,6.33333,13.0,92.0,-0.01069,0.33571,0.47258,0.51793,41.33333,0.484,0.42133,0.77767,10.0,37.0,47.0,28.33333,9.66667,12.0,112.33333,0.37115,0.32821,0.57163,0.62859,0.0,0
43.33333,0.47133,0.30867,0.80833,14.66667,33.66667,48.33333,22.0,8.0,14.33333,116.33333,0.0163,0.46645,0.51669,0.59555,39.66667,0.43467,0.356,0.801,10.33333,32.66667,43.0,24.33333,6.33333,9.66667,107.0,-0.04385,0.27512,0.50243,0.55972,0.66667,1
42.33333,0.48233,0.42133,0.70633,14.0,42.0,56.0,23.66667,8.33333,19.0,114.33333,0.28889,0.47778,0.54138,0.61,42.66667,0.47267,0.34333,0.849,9.33333,29.33333,38.66667,24.0,7.33333,13.0,111.66667,-0.16021,0.27225,0.53209,0.59214,1.0,0
42.66667,0.47,0.32667,0.71767,12.66667,36.66667,49.33333,23.33333,8.33333,12.66667,112.0,0.05876,0.36343,0.52131,0.58272,42.0,0.5,0.38633,0.75567,7.66667,34.33333,42.0,27.33333,10.0,12.33333,112.0,0.22241,0.23865,0.56705,0.62835,0.0,1
43.33333,0.498,0.342,0.80967,11.33333,36.33333,47.66667,27.66667,12.33333,19.0,113.66667,0.07625,0.4006,0.55146,0.61858,45.66667,0.50667,0.40033,0.76867,11.0,36.0,47.0,31.33333,6.66667,18.0,123.33333,-0.02455,0.34329,0.56928,0.64076,0.66667,1
39.33333,0.47167,0.33767,0.72667,9.66667,33.66667,43.33333,22.66667,7.66667,9.66667,110.0,0.06592,0.3028,0.52558,0.61024,36.33333,0.41633,0.349,0.721,6.66667,36.33333,43.0,17.66667,10.33333,14.0,98.0,-0.15231,0.17261,0.47655,0.53366,0.66667,0
38.33333,0.441,0.294,0.81833,11.0,28.0,39.0,21.0,8.0,15.33333,104.66667,-0.16942,0.35871,0.49493,0.56859,41.0,0.432,0.302,0.85933,14.33333,32.33333,46.66667,20.33333,7.33333,16.33333,116.33333,-0.0666,0.45016,0.49719,0.57952,0.66667,0
35.66667,0.42533,0.333,0.73633,13.0,31.33333,44.33333,21.66667,8.33333,15.0,102.0,-0.07418,0.40849,0.49197,0.57049,39.33333,0.42967,0.297,0.78267,10.66667,34.0,44.66667,29.66667,11.33333,15.0,113.0,-0.01715,0.28492,0.49231,0.57634,0.66667,1
39.33333,0.492,0.341,0.68233,6.33333,34.66667,41.0,20.66667,8.66667,12.66667,108.33333,0.06024,0.21498,0.54846,0.62629,37.0,0.436,0.36933,0.71633,7.0,34.0,41.0,21.33333,7.33333,14.66667,98.33333,-0.21,0.1936,0.49155,0.55001,1.0,1
43.0,0.50433,0.43333,0.73833,9.0,38.33333,47.33333,27.66667,8.33333,15.66667,114.0,0.04889,0.31541,0.57616,0.63404,38.66667,0.41967,0.30767,0.785,12.33333,39.66667,52.0,22.66667,7.33333,12.33333,106.0,0.01377,0.34877,0.46987,0.54348,0.33333,0
46.0,0.48767,0.41233,0.793,9.66667,38.66667,48.33333,29.66667,7.0,16.0,120.0,0.02555,0.28633,0.56677,0.61226,45.33333,0.47667,0.328,0.70967,11.33333,35.0,46.33333,24.66667,11.0,15.33333,119.0,-0.03778,0.32292,0.52968,0.5913,0.66667,0
37.0,0.45867,0.332,0.772,7.0,38.0,45.0,22.66667,8.66667,16.0,104.66667,0.12995,0.21507,0.52565,0.60514,33.33333,0.398,0.30633,0.76733,10.0,30.0,40.0,21.0,6.33333,16.0,90.0,-0.35748,0.26462,0.45204,0.51216,1.0,1
40.33333,0.46767,0.31033,0.80367,11.66667,31.66667,43.33333,24.33333,6.66667,17.33333,107.33333,-0.1016,0.38594,0.52553,0.59039,46.0,0.493,0.40067,0.763,11.33333,39.0,50.33333,29.33333,9.66667,13.0,117.66667,0.25879,0.34808,0.56806,0.60772,0.33333,1
39.33333,0.41,0.283,0.66667,14.33333,39.0,53.33333,20.0,5.33333,10.0,98.66667,0.06204,0.36313,0.45981,0.49595,45.33333,0.49267,0.38233,0.65967,9.66667,39.33333,49.0,28.0,9.0,13.0,120.33333,0.12194,0.27896,0.5634,0.61643,0.33333,0
44.66667,0.516,0.37133,0.74967,7.33333,40.66667,48.0,28.66667,6.66667,12.66667,120.0,0.26977,0.22266,0.57707,0.64992,46.33333,0.514,0.44833,0.71133,9.0,29.0,38.0,28.66667,5.0,8.33333,119.66667,0.10903,0.29457,0.59877,0.64218,0.33333,0
44.66667,0.508,0.36133,0.80567,11.66667,30.66667,42.33333,26.33333,9.0,13.33333,116.66667,0.09839,0.37715,0.56038,0.62739,39.33333,0.466,0.29367,0.80867,7.0,36.66667,43.66667,26.33333,7.66667,14.33333,104.66667,-0.02142,0.19947,0.51099,0.58511,0.66667,0
39.33333,0.42933,0.37867,0.861,9.33333,37.0,46.33333,27.66667,7.0,12.0,112.33333,0.04012,0.25617,0.51633,0.58588,46.66667,0.51167,0.44667,0.793,10.66667,29.66667,40.33333,28.0,7.0,9.66667,125.0,0.10366,0.35704,0.57338,0.64622,0.33333,0
41.66667,0.47633,0.33067,0.813,9.66667,31.0,40.66667,27.33333,5.66667,14.0,106.66667,-0.17497,0.2941,0.52485,0.58194,36.0,0.434,0.28133,0.73133,11.0,27.66667,38.66667,18.33333,7.0,13.0,94.0,-0.23311,0.3055,0.47678,0.53746,1.0,0
43.66667,0.49533,0.34533,0.74733,9.66667,35.33333,45.0,24.66667,8.66667,12.0,115.33333,0.2087,0.31162,0.54617,0.6166,39.66667,0.43533,0.47033,0.747,11.33333,30.33333,41.66667,22.33333,8.0,13.33333,108.0,-0.01783,0.32066,0.51053,0.56544,0.33333,0
38.33333,0.42233,0.27367,0.80467,13.0,36.33333,49.33333,20.33333,5.33333,15.33333,100.0,-0.15252,0.37544,0.46408,0.52747,40.0,0.445,0.38,0.764,9.33333,31.66667,41.0,28.0,7.33333,11.66667,111.33333,-0.06403,0.24444,0.50397,0.58117,1.0,1
42.33333,0.48867,0.45067,0.71167,7.33333,31.66667,39.0,26.0,7.66667,13.33333,116.66667,-0.00533,0.20873,0.57748,0.63551,40.0,0.488,0.31067,0.69367,7.33333,30.66667,38.0,24.66667,8.66667,15.33333,108.66667,-0.1534,0.24596,0.54882,0.61811,1.0,0
39.66667,0.44767,0.32733,0.667,11.33333,36.33333,47.66667,23.33333,7.0,17.33333,101.66667,-0.06232,0.3089,0.50016,0.54579,37.33333,0.47333,0.44067,0.72233,6.66667,32.66667,39.33333,20.66667,7.33333,15.0,108.0,-0.08924,0.21498,0.54571,0.6338,0.66667,1
46.66667,0.49233,0.351,0.82,9.33333,40.0,49.33333,29.66667,7.33333,12.33333,121.66667,0.14177,0.26944,0.56645,0.6166,37.66667,0.42,0.29,0.725,9.0,31.0,40.0,22.66667,9.33333,12.33333,98.33333,-0.15726,0.22962,0.47584,0.52518,1.0,0
37.66667,0.48133,0.30867,0.79433,8.0,34.0,42.0,23.0,7.0,15.66667,103.66667,0.04886,0.26637,0.53317,0.61852,40.66667,0.462,0.356,0.80333,8.33333,33.0,41.33333,27.66667,9.33333,12.66667,110.33333,0.03377,0.23651,0.5184,0.59203,0.66667,0
40.66667,0.47967,0.38333,0.756,13.0,31.33333,44.33333,23.0,12.0,13.66667,109.33333,0.19819,0.47791,0.54097,0.60799,37.0,0.41667,0.35267,0.76167,12.33333,38.0,50.33333,24.0,8.33333,16.0,98.0,0.0768,0.46076,0.48619,0.53238,0.33333,1
38.66667,0.468,0.40467,0.69133,9.66667,34.33333,44.0,24.66667,8.0,12.0,105.33333,0.13293,0.28704,0.54493,0.60282,40.0,0.46067,0.34233,0.68233,10.0,32.0,42.0,26.33333,9.0,15.66667,109.0,-0.10375,0.27052,0.52701,0.58921,0.66667,1
42.0,0.511,0.289,0.75333,10.66667,31.33333,42.0,22.33333,11.0,13.66667,107.33333,0.10051,0.38408,0.56116,0.61858,37.33333,0.43567,0.349,0.78167,10.66667,35.66667,46.33333,22.66667,5.66667,13.33333,102.0,0.04137,0.32198,0.49556,0.56462,0.66667,0
36.33333,0.41,0.35167,0.81833,10.66667,33.0,43.66667,23.66667,7.66667,12.0,104.33333,-0.12231,0.28346,0.47977,0.55568,35.33333,0.41133,0.38867,0.75,9.66667,35.0,44.66667,21.0,6.33333,10.66667,101.33333,0.05499,0.27591,0.49556,0.56038,0.66667,0
43.33333,0.48533,0.421,0.79767,11.33333,34.66667,46.0,29.66667,5.0,13.66667,121.33333,0.1108,0.37475,0.57297,0.63954,35.66667,0.39833,0.27567,0.75967,11.0,30.0,41.0,22.0,6.33333,11.33333,93.66667,-0.26828,0.2871,0.44869,0.50339,0.66667,0
43.33333,0.50267,0.41333,0.851,9.0,31.66667,40.66667,28.0,13.33333,16.0,129.0,0.17633,0.33571,0.59287,0.6932,44.33333,0.498,0.39533,0.768,7.33333,36.33333,43.66667,24.33333,8.0,10.33333,119.66667,0.15964,0.22885,0.55784,0.63086,0.0,1
33.66667,0.438,0.313,0.82067,7.33333,35.66667,43.0,21.0,7.0,16.33333,95.33333,0.03656,0.22917,0.48934,0.57945,41.33333,0.489,0.36733,0.63833,10.33333,33.33333,43.66667,24.66667,11.0,22.33333,108.66667,-0.12583,0.30245,0.55269,0.60592,1.0,0
35.33333,0.42833,0.30767,0.657,11.33333,38.33333,49.66667,23.33333,6.33333,11.33333,93.66667,0.11927,0.34062,0.48155,0.54107,35.33333,0.42333,0.27267,0.68967,8.33333,33.0,41.33333,20.0,6.66667,11.66667,90.66667,-0.18045,0.24117,0.4673,0.51923,1.0,0
40.33333,0.43733,0.30867,0.774,13.33333,31.66667,45.0,25.0,10.0,13.0,109.66667,-0.07132,0.40706,0.48638,0.56084,33.33333,0.39633,0.272,0.80733,9.66667,31.0,40.66667,18.66667,7.66667,13.66667,90.33333,-0.27181,0.25972,0.44433,0.51112,0.66667,0
40.0,0.45233,0.275,0.742,11.0,37.0,48.0,25.0,5.0,18.0,99.33333,-0.1935,0.31745,0.49655,0.54078,38.33333,0.42833,0.36333,0.77833,11.33333,29.33333,40.66667,24.33333,11.33333,13.0,101.33333,-0.14058,0.30616,0.47678,0.53807,0.66667,0
37.0,0.46933,0.377,0.85733,9.66667,32.0,41.66667,20.33333,10.0,14.66667,104.66667,0.14429,0.34223,0.53694,0.62267,48.33333,0.49867,0.39667,0.71933,15.0,40.0,55.0,29.66667,5.66667,15.33333,130.66667,0.05454,0.46261,0.56207,0.6313,0.33333,0
47.66667,0.52967,0.468,0.738,8.0,36.0,44.0,30.66667,10.0,12.33333,129.33333,0.34255,0.24675,0.62632,0.6823,35.33333,0.42233,0.381,0.804,7.66667,35.0,42.66667,20.33333,10.33333,12.33333,97.33333,0.03805,0.18963,0.47491,0.54955,0.66667,1
44.33333,0.48933,0.33067,0.70233,10.33333,31.0,41.33333,27.0,11.0,12.33333,113.66667,0.02568,0.31019,0.54253,0.59564,38.66667,0.43233,0.30067,0.80133,9.0,31.33333,40.33333,22.0,7.66667,13.0,101.0,-0.23266,0.23898,0.48482,0.54092,1.0,0
45.0,0.482,0.37733,0.81267,7.66667,36.66667,44.33333,25.66667,7.0,9.0,116.33333,0.05259,0.19373,0.5435,0.5961,38.33333,0.42167,0.358,0.74467,9.66667,37.33333,47.0,19.0,9.33333,13.66667,102.0,-0.11341,0.24946,0.47297,0.53243,0.66667,1
39.66667,0.44833,0.42033,0.80767,11.0,33.33333,44.33333,23.0,8.33333,14.0,108.0,0.01387,0.30238,0.51903,0.58108,40.33333,0.43533,0.279,0.80367,11.0,34.0,45.0,21.0,8.0,17.33333,109.33333,-0.12502,0.31734,0.48951,0.56049,0.66667,0
42.33333,0.49133,0.42633,0.859,8.0,35.0,43.0,26.66667,13.33333,18.33333,122.33333,0.17792,0.28571,0.58529,0.66762,42.33333,0.457,0.345,0.656,9.0,33.33333,42.33333,27.66667,6.66667,12.33333,112.33333,-0.02376,0.2444,0.5202,0.57521,0.66667,0
44.0,0.518,0.28,0.76933,8.66667,32.33333,41.0,24.0,8.0,9.0,113.0,0.21696,0.27985,0.56469,0.63007,39.33333,0.453,0.352,0.74367,10.0,31.33333,41.33333,29.66667,12.66667,15.33333,112.33333,-0.04071,0.28175,0.5207,0.60057,0.66667,0
42.33333,0.48167,0.347,0.79967,9.0,33.33333,42.33333,26.0,7.66667,11.33333,113.0,-0.00138,0.30391,0.5347,0.60712,40.0,0.45733,0.35233,0.77833,13.66667,35.66667,49.33333,24.33333,6.66667,15.33333,111.33333,0.02167,0.46914,0.52472,0.59875,0.33333,0
43.33333,0.51267,0.34833,0.67233,7.0,31.33333,38.33333,24.0,9.0,14.0,110.0,0.02386,0.22353,0.56769,0.61702,44.33333,0.48333,0.43367,0.73333,12.33333,36.66667,49.0,29.0,12.66667,15.0,117.66667,0.34737,0.38769,0.57067,0.61536,0.33333,1
47.33333,0.502,0.36267,0.799,10.0,38.66667,48.66667,32.0,8.0,14.33333,127.66667,0.0917,0.30903,0.58111,0.64408,40.66667,0.45533,0.36933,0.67967,11.0,27.0,38.0,25.66667,8.66667,8.66667,108.33333,-0.0761,0.30339,0.51915,0.57469,1.0,0
46.33333,0.51533,0.372,0.78267,9.0,40.0,49.0,28.33333,7.33333,12.33333,119.33333,0.27032,0.27724,0.57998,0.63368,41.0,0.45433,0.31833,0.76933,13.0,38.33333,51.33333,25.66667,5.33333,13.33333,111.0,0.0115,0.38307,0.51401,0.58118,0.66667,1
42.0,0.449,0.333,0.70133,13.0,40.66667,53.66667,22.33333,5.0,11.66667,103.0,0.12252,0.36471,0.50007,0.53333,38.0,0.448,0.383,0.77467,9.66667,38.0,47.66667,22.33333,6.33333,17.33333,100.66667,-0.04035,0.28384,0.5161,0.56786,0.66667,0
47.33333,0.527,0.35433,0.84067,12.66667,34.33333,47.0,31.0,6.33333,13.33333,123.66667,0.06349,0.41744,0.58678,0.65245,41.0,0.509,0.47667,0.78,7.66667,30.66667,38.33333,25.66667,7.66667,15.0,111.33333,0.07999,0.26417,0.59816,0.65807,0.66667,0
39.0,0.471,0.31267,0.867,9.66667,32.66667,42.33333,20.66667,7.0,19.33333,102.0,-0.12249,0.32754,0.52362,0.58748,38.0,0.425,0.31267,0.78667,11.0,29.66667,40.66667,19.66667,6.66667,16.0,95.66667,-0.18091,0.33204,0.4889,0.52126,1.0,1
42.0,0.46333,0.40933,0.84133,11.66667,40.0,51.66667,27.0,8.0,14.0,117.0,0.1473,0.38545,0.5335,0.61242,36.66667,0.412,0.26333,0.80333,9.66667,30.33333,40.0,21.33333,8.66667,9.66667,97.33333,-0.20716,0.25292,0.45438,0.52282,0.66667,0
42.0,0.50667,0.35167,0.777,9.0,34.66667,43.66667,24.33333,8.33333,14.0,110.66667,0.24051,0.29801,0.55657,0.63041,39.0,0.43967,0.43333,0.68033,7.33333,34.0,41.33333,25.66667,6.66667,13.0,108.66667,-0.16172,0.18131,0.52825,0.58136,1.0,0
38.0,0.44633,0.31167,0.72667,8.33333,30.66667,39.0,20.0,5.33333,15.33333,103.66667,-0.31985,0.23002,0.49909,0.5706,43.0,0.509,0.32033,0.89067,8.66667,37.66667,46.33333,25.33333,8.66667,17.0,114.33333,0.19512,0.27639,0.56451,0.64115,0.0,0
41.0,0.459,0.34333,0.737,10.66667,34.33333,45.0,30.66667,9.0,15.33333,109.33333,-0.0281,0.31363,0.5241,0.58056,39.66667,0.46767,0.34533,0.72033,6.66667,35.33333,42.0,25.0,6.66667,14.33333,105.33333,-0.12467,0.20536,0.52685,0.58901,1.0,0
37.66667,0.42133,0.31333,0.72567,13.33333,34.0,47.33333,20.66667,6.0,16.66667,100.66667,-0.1548,0.35847,0.47721,0.53463,38.66667,0.43933,0.364,0.75367,11.66667,36.0,47.66667,26.66667,7.33333,17.33333,104.0,-0.01175,0.33715,0.50943,0.56368,0.33333,0
40.66667,0.45467,0.30433,0.88033,11.33333,39.0,50.33333,25.0,8.66667,17.33333,111.33333,-0.01191,0.33565,0.50521,0.58569,43.66667,0.479,0.38233,0.80967,11.66667,26.66667,38.33333,23.66667,7.66667,10.33333,121.0,-0.08405,0.35365,0.53182,0.61888,0.66667,0
45.0,0.47567,0.367,0.79233,13.0,31.0,44.0,25.33333,8.33333,16.0,118.0,0.01512,0.42262,0.53835,0.59901,43.66667,0.49667,0.392,0.717,6.0,27.33333,33.33333,31.0,7.0,12.66667,116.66667,-0.09269,0.17445,0.5653,0.62766,1.0,0
43.33333,0.478,0.33733,0.67533,13.33333,35.33333,48.66667,25.66667,9.0,12.33333,114.66667,0.05675,0.37495,0.54087,0.59805,40.66667,0.431,0.32567,0.86233,10.66667,35.66667,46.33333,23.66667,9.66667,14.0,104.66667,-0.15375,0.29096,0.48581,0.53594,1.0,0
38.0,0.46433,0.31633,0.835,9.0,32.33333,41.33333,23.33333,8.66667,13.66667,106.0,0.09071,0.2864,0.52162,0.60714,39.33333,0.45867,0.40133,0.82033,9.0,30.33333,39.33333,21.66667,9.0,14.66667,104.33333,-0.16794,0.24766,0.51893,0.58106,1.0,0
44.0,0.47867,0.29067,0.698,13.33333,35.66667,49.0,22.0,6.66667,9.66667,109.0,0.11072,0.40887,0.5205,0.56756,34.33333,0.42867,0.33633,0.805,8.0,35.33333,43.33333,22.66667,6.33333,14.0,96.0,0.00325,0.29516,0.50043,0.56964,0.33333,0
36.66667,0.45167,0.379,0.74633,9.33333,32.0,41.33333,25.33333,9.0,11.33333,101.33333,0.09023,0.28069,0.52801,0.59044,37.33333,0.481,0.47633,0.79633,5.33333,34.66667,40.0,21.33333,9.33333,13.0,103.0,0.10601,0.15374,0.5435,0.62044,0.66667,1
36.0,0.40333,0.33567,0.74867,10.0,36.0,46.0,23.0,8.33333,11.0,101.66667,-0.0316,0.25965,0.46683,0.53669,44.33333,0.49267,0.34367,0.818,8.33333,38.33333,46.66667,25.0,7.66667,11.66667,120.33333,0.15447,0.26111,0.54995,0.62856,0.0,1
45.66667,0.522,0.46567,0.73667,10.33333,36.0,46.33333,33.33333,5.33333,13.66667,124.0,0.18959,0.35556,0.61178,0.6687,39.66667,0.48867,0.38667,0.68833,10.0,33.33333,43.33333,22.66667,9.33333,23.0,104.33333,-0.17513,0.31821,0.54899,0.60572,1.0,1
38.0,0.433,0.27,0.87933,12.66667,35.66667,48.33333,21.33333,7.66667,18.66667,103.0,-0.07477,0.38236,0.4806,0.55542,37.33333,0.437,0.344,0.88067,9.0,29.0,38.0,27.0,8.33333,14.66667,104.33333,-0.09422,0.26657,0.51558,0.58455,0.66667,0
42.0,0.45233,0.29867,0.65867,14.0,32.33333,46.33333,25.33333,8.33333,11.33333,110.0,-0.0178,0.37614,0.50792,0.56123,37.0,0.39733,0.32767,0.736,8.66667,38.0,46.66667,25.0,6.0,15.33333,96.33333,-0.13629,0.20449,0.46635,0.5023,0.66667,0
36.66667,0.45367,0.346,0.82667,8.0,41.33333,49.33333,26.66667,6.66667,9.0,105.33333,0.30071,0.23109,0.50665,0.60402,36.0,0.42667,0.302,0.76967,10.66667,37.33333,48.0,23.0,3.66667,10.66667,98.33333,0.07204,0.30468,0.47979,0.55142,0.33333,1
42.0,0.47667,0.38567,0.781,12.0,34.33333,46.33333,23.66667,9.0,13.66667,111.33333,0.10686,0.34926,0.52538,0.59391,41.0,0.50033,0.49367,0.70167,5.33333,37.66667,43.0,26.0,7.66667,12.33333,109.0,0.09831,0.14551,0.56222,0.62294,0.33333,0
43.33333,0.48733,0.31733,0.73467,10.33333,38.66667,49.0,25.66667,8.66667,13.0,116.0,0.12675,0.29803,0.54959,0.61522,44.0,0.47367,0.427,0.76,13.66667,43.0,56.66667,27.66667,6.66667,17.66667,120.33333,0.07924,0.41356,0.55423,0.61304,0.33333,0
43.0,0.482,0.399,0.82433,10.33333,40.66667,51.0,26.33333,6.33333,12.33333,117.66667,0.21321,0.32616,0.55294,0.62387,40.0,0.455,0.374,0.70767,9.33333,37.33333,46.66667,23.33333,8.33333,14.0,105.66667,-0.01296,0.26385,0.51396,0.57016,0.33333,0
37.66667,0.45767,0.33933,0.769,10.33333,30.0,40.33333,17.66667,7.33333,15.0,102.0,-0.00848,0.34011,0.50281,0.58249,48.66667,0.47133,0.303,0.78967,13.66667,34.0,47.66667,24.66667,10.0,16.33333,128.66667,-0.0638,0.39141,0.52495,0.58996,0.66667,1
32.66667,0.42467,0.379,0.77667,8.33333,25.0,33.33333,21.33333,8.0,13.66667,93.0,-0.25732,0.2577,0.50276,0.57209,40.66667,0.48633,0.341,0.738,9.66667,30.33333,40.0,29.33333,12.0,14.33333,115.66667,-0.01615,0.28704,0.54819,0.63682,0.66667,0
40.33333,0.44633,0.38467,0.772,13.33333,33.66667,47.0,23.0,5.66667,14.66667,107.0,-0.11678,0.41289,0.49845,0.56303,39.0,0.45267,0.34167,0.77,9.66667,39.66667,49.33333,25.0,6.0,16.0,112.33333,-0.04296,0.29056,0.52811,0.60842,0.66667,0
43.0,0.48633,0.351,0.68333,9.33333,29.33333,38.66667,24.66667,8.66667,12.33333,107.0,-0.0624,0.28097,0.53533,0.57841,40.66667,0.46833,0.36067,0.62867,8.66667,34.0,42.66667,26.33333,9.33333,12.0,104.33333,0.00523,0.27503,0.52963,0.57262,0.66667,0
48.66667,0.489,0.37133,0.78233,12.0,36.33333,48.33333,32.0,8.66667,12.0,129.0,0.07598,0.33998,0.56572,0.61999,43.0,0.53367,0.45833,0.78433,10.33333,33.33333,43.66667,29.66667,9.33333,17.33333,128.33333,0.15212,0.48268,0.60575,0.71934,0.0,1
36.33333,0.44533,0.349,0.81567,11.0,33.33333,44.33333,21.66667,8.33333,16.66667,103.66667,0.11682,0.36905,0.4987,0.5921,44.0,0.474,0.369,0.82167,11.66667,36.33333,48.0,26.33333,7.0,10.33333,116.0,0.11799,0.3512,0.53497,0.5953,0.33333,1
47.0,0.49867,0.31267,0.81667,11.0,38.0,49.0,29.66667,5.66667,11.33333,122.0,0.04402,0.3262,0.55405,0.61613,39.66667,0.457,0.33633,0.692,13.66667,32.33333,46.0,25.0,8.66667,15.66667,107.66667,0.03089,0.45269,0.51602,0.58142,0.33333,0
42.66667,0.46433,0.36533,0.749,9.66667,39.0,48.66667,26.66667,9.0,11.66667,119.0,0.0881,0.24357,0.52774,0.60482,40.33333,0.43033,0.303,0.80633,11.33333,33.0,44.33333,19.66667,7.0,15.0,101.0,-0.13833,0.32003,0.48044,0.52109,0.66667,0
45.0,0.491,0.39,0.80067,9.66667,42.66667,52.33333,30.0,7.33333,14.33333,116.33333,0.15703,0.32645,0.55447,0.60789,40.33333,0.44667,0.234,0.69867,12.0,35.66667,47.66667,20.66667,9.66667,16.66667,102.0,-0.01851,0.39414,0.48196,0.53965,0.66667,1
37.66667,0.416,0.366,0.66633,12.0,32.33333,44.33333,20.66667,5.0,10.66667,106.33333,-0.108,0.30873,0.49858,0.55413,37.33333,0.42467,0.32433,0.66533,12.66667,29.66667,42.33333,17.66667,7.33333,10.66667,100.66667,-0.13057,0.36052,0.47994,0.53922,1.0,0
46.66667,0.55833,0.30833,0.757,7.0,36.66667,43.66667,27.33333,8.33333,13.0,118.33333,0.27907,0.22904,0.60264,0.6672,36.0,0.44467,0.36833,0.85633,10.66667,31.0,41.66667,23.66667,8.0,15.0,101.33333,0.03609,0.3566,0.52391,0.59583,0.33333,1
39.33333,0.41933,0.30033,0.77133,10.66667,38.66667,49.33333,27.0,7.66667,15.66667,109.33333,-0.0442,0.27471,0.4867,0.55236,41.0,0.46433,0.40067,0.73233,8.33333,34.0,42.33333,26.33333,6.66667,12.66667,110.0,0.09101,0.24522,0.53452,0.59212,0.66667,1
38.66667,0.45867,0.31567,0.69367,8.66667,33.33333,42.0,22.0,6.66667,16.0,105.0,-0.24178,0.24328,0.51373,0.58132,43.33333,0.484,0.35,0.69533,9.0,33.0,42.0,25.0,7.66667,11.66667,109.33333,-0.11783,0.2453,0.53801,0.58402,1.0,0
36.66667,0.40733,0.24167,0.75733,12.33333,34.0,46.33333,19.0,7.66667,13.0,96.66667,-0.14436,0.3205,0.45197,0.51151,46.0,0.52133,0.39567,0.62933,6.66667,29.0,35.66667,29.66667,6.0,12.33333,118.33333,-0.1095,0.20307,0.59325,0.63704,1.0,1
42.66667,0.515,0.401,0.80733,10.0,35.0,45.0,29.0,5.66667,15.66667,126.33333,0.12975,0.38989,0.61316,0.70687,37.66667,0.41733,0.25433,0.706,11.33333,34.66667,46.0,20.66667,6.66667,12.0,96.0,-0.11883,0.30771,0.46683,0.51063,0.66667,0
36.66667,0.41,0.36133,0.70867,15.33333,32.33333,47.66667,23.33333,4.66667,13.33333,100.0,-0.12654,0.46123,0.48552,0.534,44.33333,0.45367,0.32667,0.74167,13.66667,28.0,41.66667,23.66667,8.66667,11.0,116.66667,-0.13431,0.39579,0.50335,0.56694,1.0,1
45.66667,0.47233,0.35733,0.739,9.33333,33.66667,43.0,26.33333,7.33333,15.33333,114.33333,-0.02446,0.24762,0.53105,0.57222,40.33333,0.48367,0.474,0.738,6.0,37.0,43.0,25.0,5.33333,14.66667,112.0,-0.10455,0.1663,0.56087,0.62884,1.0,1
35.0,0.42567,0.392,0.83767,10.0,32.33333,42.33333,21.33333,9.66667,13.33333,103.66667,0.13035,0.32239,0.50204,0.58953,43.0,0.442,0.293,0.75633,13.0,37.66667,50.66667,24.66667,8.33333,13.0,107.33333,-0.08208,0.35577,0.48676,0.53252,1.0,1
42.0,0.49,0.36567,0.73633,11.33333,36.66667,48.0,22.33333,7.0,15.33333,121.66667,0.07722,0.35028,0.56761,0.65458,34.66667,0.42433,0.34867,0.80067,13.0,33.33333,46.33333,24.0,5.66667,14.66667,97.33333,0.01045,0.46771,0.50074,0.56739,0.33333,1
33.0,0.41433,0.33133,0.748,11.0,26.33333,37.33333,20.66667,8.33333,12.0,94.66667,-0.15637,0.33069,0.47938,0.55783,44.66667,0.51233,0.4,0.806,11.0,37.0,48.0,28.0,7.0,10.0,118.0,0.24334,0.3715,0.57735,0.64168,0.0,1
43.33333,0.492,0.38233,0.82033,8.66667,36.33333,45.0,27.66667,9.0,9.0,116.33333,0.17731,0.25716,0.55013,0.62172,32.66667,0.38833,0.34733,0.748,8.33333,35.66667,44.0,20.66667,5.66667,11.33333,97.0,0.0273,0.2268,0.46976,0.54303,0.66667,1
34.66667,0.376,0.29433,0.752,11.66667,38.33333,50.0,20.33333,8.66667,10.33333,98.66667,-0.08404,0.26659,0.42661,0.50265,40.0,0.46833,0.28933,0.76533,8.66667,32.0,40.66667,26.0,9.0,11.66667,109.0,-0.15869,0.25812,0.51799,0.59737,1.0,1
43.33333,0.48767,0.419,0.765,10.33333,38.33333,48.66667,27.66667,5.66667,14.66667,114.33333,0.14202,0.33268,0.55709,0.61294,34.0,0.41333,0.33133,0.75567,10.0,34.66667,44.66667,23.66667,7.66667,12.33333,94.66667,0.05168,0.28448,0.47702,0.54448,0.33333,1
45.0,0.54167,0.467,0.89533,8.33333,33.0,41.33333,28.66667,6.66667,14.66667,123.66667,0.14317,0.29701,0.63012,0.70492,43.66667,0.48133,0.28867,0.75933,8.33333,41.33333,49.66667,26.0,7.0,10.33333,117.0,0.16946,0.24813,0.52709,0.60346,0.0,1
46.0,0.46267,0.27067,0.81967,14.0,38.0,52.0,28.33333,6.33333,11.0,118.33333,0.03689,0.43786,0.51297,0.57057,39.0,0.48267,0.46767,0.69967,8.33333,33.33333,41.66667,21.0,8.66667,21.33333,104.66667,-0.12976,0.25549,0.55525,0.61148,0.66667,0
37.0,0.451,0.36733,0.755,6.66667,36.0,42.66667,23.33333,7.0,8.66667,99.66667,0.02561,0.19042,0.49715,0.57116,43.66667,0.46033,0.414,0.63633,10.33333,36.33333,46.66667,26.0,6.0,17.0,119.0,-0.07527,0.29552,0.54858,0.59511,0.33333,0
41.66667,0.44167,0.34133,0.64167,12.33333,34.66667,47.0,27.0,9.33333,15.0,110.66667,-0.06192,0.31363,0.50859,0.557,38.33333,0.444,0.22833,0.73067,11.66667,33.66667,45.33333,22.33333,8.33333,17.33333,103.66667,-0.07268,0.36944,0.48093,0.56088,0.66667,1
40.66667,0.49167,0.38367,0.67833,8.66667,37.0,45.66667,22.0,7.0,13.0,112.0,0.12973,0.27054,0.55407,0.62825,44.0,0.516,0.512,0.72567,7.33333,38.33333,45.66667,26.0,5.0,13.33333,123.33333,0.08634,0.21445,0.60401,0.67475,0.66667,1
36.33333,0.45,0.38767,0.80233,8.33333,35.0,43.33333,19.66667,10.66667,18.66667,106.66667,0.09743,0.23383,0.51447,0.60986,38.66667,0.47133,0.45067,0.85667,9.0,28.66667,37.66667,22.33333,9.33333,14.0,106.33333,-0.09366,0.28067,0.54182,0.61528,1.0,1
45.33333,0.46733,0.36033,0.71533,8.66667,34.0,42.66667,28.33333,8.0,13.66667,114.66667,-0.0159,0.23045,0.52939,0.57098,44.0,0.477,0.379,0.78367,12.66667,43.33333,56.0,25.66667,7.0,15.66667,116.0,0.04026,0.37597,0.54208,0.59924,0.66667,0
44.0,0.46833,0.33467,0.69067,10.0,44.66667,54.66667,24.33333,7.33333,9.0,112.33333,0.19597,0.27371,0.51642,0.56903,36.66667,0.42167,0.41033,0.76833,9.33333,32.0,41.33333,22.66667,8.0,13.33333,102.33333,-0.15458,0.24468,0.4929,0.55809,0.66667,0
45.33333,0.50967,0.39433,0.839,9.0,31.33333,40.33333,27.33333,11.66667,15.33333,126.66667,0.11539,0.32228,0.58922,0.66799,41.66667,0.48233,0.34433,0.75867,8.33333,34.33333,42.66667,26.33333,8.0,14.0,109.0,0.00813,0.24177,0.5405,0.6003,0.33333,1
35.66667,0.40833,0.39867,0.80133,11.66667,37.0,48.66667,21.33333,6.0,16.0,105.66667,-0.06529,0.29138,0.49399,0.57117,39.0,0.46033,0.28167,0.692,10.66667,30.66667,41.33333,28.33333,11.0,13.66667,106.33333,-0.10584,0.29259,0.50586,0.58223,0.66667,1
40.66667,0.42033,0.204,0.746,14.33333,32.66667,47.0,22.33333,8.0,11.66667,106.66667,-0.08486,0.41032,0.44793,0.51872,38.66667,0.44033,0.30967,0.746,8.66667,33.66667,42.33333,24.33333,7.33333,14.0,106.33333,-0.15579,0.24365,0.49657,0.56813,1.0,0
43.66667,0.46633,0.35933,0.71667,10.33333,31.33333,41.66667,23.66667,7.33333,11.0,105.66667,0.04021,0.29262,0.51764,0.54804,38.33333,0.40433,0.40133,0.674,8.33333,35.0,43.33333,24.33333,6.33333,11.33333,101.0,-0.18358,0.19026,0.47863,0.51471,1.0,0
46.0,0.49833,0.37,0.84,9.66667,31.66667,41.33333,29.33333,8.66667,11.0,122.0,0.04387,0.28993,0.56458,0.62916,39.66667,0.45333,0.33767,0.77467,12.66667,40.0,52.66667,25.33333,7.66667,15.66667,112.33333,0.02267,0.37938,0.50443,0.59489,0.33333,0
43.66667,0.51267,0.30567,0.74167,9.66667,33.33333,43.0,22.33333,6.66667,10.66667,110.33333,0.15828,0.31862,0.55895,0.61708,32.33333,0.397,0.325,0.77333,8.0,36.0,44.0,19.66667,6.66667,13.0,97.33333,-0.03767,0.22346,0.47889,0.55961,0.66667,0
41.66667,0.44633,0.31733,0.732,11.33333,32.66667,44.0,25.0,11.0,16.33333,107.0,-0.05726,0.30559,0.50662,0.55093,43.66667,0.466,0.35567,0.79533,11.33333,32.0,43.33333,22.0,5.66667,13.33333,115.33333,-0.01354,0.32717,0.52338,0.58582,0.66667,0
48.0,0.527,0.39733,0.78567,10.66667,37.0,47.66667,28.66667,9.33333,12.66667,120.33333,0.10327,0.3787,0.58385,0.6339,42.66667,0.47067,0.304,0.79467,10.33333,43.0,53.33333,24.33333,8.0,15.66667,115.33333,-0.00249,0.28448,0.51717,0.5974,0.66667,1
46.66667,0.51133,0.42933,0.82533,11.66667,44.33333,56.0,27.0,6.0,13.66667,124.0,0.29965,0.39307,0.58816,0.6485,38.33333,0.43733,0.30033,0.65333,10.33333,30.33333,40.66667,20.66667,9.0,9.66667,101.0,-0.09377,0.2957,0.49474,0.54641,1.0,0
41.0,0.50933,0.29467,0.80933,7.33333,36.66667,44.0,23.33333,5.33333,12.33333,108.0,0.07575,0.2219,0.55239,0.62889,41.0,0.413,0.30167,0.74133,13.0,42.0,55.0,22.0,9.33333,10.0,113.33333,0.03303,0.30291,0.4654,0.53768,0.33333,0
40.33333,0.432,0.33733,0.812,9.33333,37.33333,46.66667,27.0,6.33333,14.0,112.66667,-0.03981,0.23867,0.50292,0.57182,44.0,0.49867,0.35467,0.73267,10.66667,32.66667,43.33333,26.33333,10.66667,16.0,113.0,0.04873,0.3608,0.56248,0.61449,0.33333,1
45.66667,0.515,0.408,0.76667,9.0,33.33333,42.33333,27.33333,12.33333,12.33333,118.0,0.18535,0.27507,0.5677,0.62997,40.66667,0.46567,0.32,0.75433,7.66667,37.33333,45.0,26.33333,9.0,13.33333,107.33333,-0.00336,0.20777,0.52186,0.58167,0.66667,0
39.0,0.47133,0.28267,0.70233,13.33333,33.33333,46.66667,21.0,7.66667,12.66667,101.66667,-0.01482,0.44817,0.52281,0.57896,39.0,0.45833,0.35233,0.67433,14.0,31.0,45.0,21.33333,7.66667,17.33333,109.33333,0.00406,0.47496,0.5335,0.60034,0.66667,1
35.0,0.445,0.374,0.76867,10.0,32.0,42.0,22.66667,8.33333,15.33333,100.0,0.01225,0.32993,0.52008,0.59459,41.0,0.46167,0.368,0.703,9.66667,34.33333,44.0,25.0,8.0,11.66667,107.66667,-0.10573,0.25618,0.52066,0.57765,1.0,0
42.33333,0.46367,0.4,0.78367,10.66667,42.0,52.66667,22.66667,7.0,15.33333,115.66667,0.09812,0.28388,0.5306,0.5982,44.66667,0.46667,0.29467,0.79,11.0,32.0,43.0,24.66667,9.33333,12.33333,117.0,-0.07323,0.29269,0.50951,0.5805,0.66667,1
44.0,0.499,0.40467,0.787,10.66667,33.66667,44.33333,24.33333,10.66667,9.66667,121.33333,0.20877,0.30604,0.5607,0.64145,42.66667,0.44833,0.386,0.63733,12.33333,36.33333,48.66667,26.66667,8.66667,12.66667,105.33333,-0.01182,0.33964,0.50678,0.53653,0.66667,1
33.66667,0.373,0.32133,0.78333,13.33333,40.0,53.33333,19.33333,5.66667,14.66667,99.33333,-0.05883,0.31807,0.44087,0.51975,41.33333,0.45767,0.346,0.727,13.33333,32.33333,45.66667,23.66667,8.66667,18.0,110.0,-0.15929,0.41743,0.51496,0.57764,1.0,0
45.0,0.48833,0.42333,0.821,9.66667,39.33333,49.0,32.33333,7.33333,12.66667,121.66667,0.13139,0.29613,0.57223,0.63099,39.66667,0.43033,0.39933,0.73033,7.0,36.33333,43.33333,28.0,6.0,13.66667,104.0,-0.06132,0.16908,0.51797,0.54882,0.66667,0
42.66667,0.47267,0.399,0.70667,10.66667,36.0,46.66667,25.0,5.66667,13.0,110.0,-0.00876,0.31046,0.53594,0.58305,33.0,0.40667,0.331,0.80567,8.33333,36.0,44.33333,20.0,6.66667,15.0,95.66667,-0.13741,0.24414,0.47874,0.55589,0.66667,1
41.33333,0.485,0.347,0.749,6.33333,32.0,38.33333,25.0,8.66667,13.66667,115.33333,0.01499,0.21026,0.55111,0.62971,41.33333,0.43967,0.383,0.68633,9.0,31.66667,40.66667,24.33333,5.0,12.66667,112.66667,-0.15995,0.22106,0.52171,0.56986,0.66667,1
44.0,0.485,0.335,0.767,12.0,27.0,39.0,22.0,12.66667,15.33333,121.0,0.02808,0.35207,0.53816,0.62065,44.0,0.481,0.33167,0.80867,10.66667,40.0,50.66667,27.0,7.0,12.66667,114.66667,0.16023,0.33535,0.53191,0.59479,0.0,1
41.33333,0.46333,0.32933,0.83333,12.66667,37.66667,50.33333,25.66667,9.0,18.66667,108.66667,0.15796,0.43699,0.52422,0.58412,36.66667,0.45333,0.417,0.72733,8.0,35.33333,43.33333,22.0,8.66667,21.33333,104.0,-0.18889,0.23859,0.52865,0.60302,0.66667,1
41.66667,0.47633,0.38467,0.75767,7.0,37.0,44.0,25.33333,7.33333,10.0,109.66667,0.04243,0.2133,0.52802,0.59354,45.0,0.48667,0.352,0.75567,12.33333,36.66667,49.0,26.0,8.33333,16.0,119.66667,0.03497,0.38732,0.53706,0.61042,0.33333,0
42.33333,0.45467,0.34867,0.844,9.66667,38.33333,48.0,22.66667,8.0,10.33333,113.66667,0.07018,0.24344,0.5147,0.58118,43.33333,0.49,0.44967,0.70767,6.33333,38.0,44.33333,28.0,5.66667,12.0,117.66667,0.17002,0.17456,0.56593,0.628,0.33333,0
43.66667,0.468,0.35467,0.79767,10.66667,38.33333,49.0,28.33333,7.66667,13.66667,115.66667,0.07373,0.31701,0.54161,0.59444,40.33333,0.48133,0.443,0.753,9.33333,34.0,43.33333,25.33333,7.33333,12.66667,114.0,0.00363,0.30517,0.54466,0.63325,0.33333,0
44.66667,0.452,0.33433,0.82333,14.0,32.66667,46.66667,27.0,8.0,16.33333,120.66667,-0.09907,0.40184,0.51595,0.58123,44.33333,0.519,0.41033,0.71933,7.33333,29.33333,36.66667,27.66667,8.33333,13.0,117.0,-0.0468,0.23269,0.59261,0.64778,0.66667,0
44.33333,0.495,0.371,0.58933,10.33333,38.0,48.33333,27.66667,7.33333,14.0,117.66667,0.07583,0.30407,0.56155,0.61878,42.0,0.48067,0.377,0.80567,9.66667,39.66667,49.33333,25.0,6.66667,15.66667,110.66667,-0.03861,0.2879,0.54356,0.60317,1.0,1
41.0,0.47033,0.34833,0.80333,9.0,31.66667,40.66667,26.0,7.33333,11.66667,105.33333,-0.02272,0.26061,0.52478,0.57784,39.0,0.462,0.40767,0.847,7.33333,32.33333,39.66667,25.0,6.33333,10.33333,116.33333,-0.02293,0.23275,0.5269,0.63714,0.33333,0
38.33333,0.445,0.32833,0.76467,10.66667,29.33333,40.0,19.0,8.66667,14.0,101.66667,-0.02818,0.33557,0.49169,0.55795,37.66667,0.455,0.40333,0.76833,9.66667,35.0,44.66667,20.33333,5.66667,14.0,103.33333,-0.05641,0.30026,0.52058,0.58814,0.66667,0
40.66667,0.442,0.31867,0.744,12.66667,37.33333,50.0,20.33333,10.0,15.33333,107.33333,0.06648,0.35963,0.49421,0.554,36.0,0.42333,0.41133,0.78367,8.0,33.0,41.0,21.66667,7.66667,13.0,101.33333,-0.12237,0.21134,0.5036,0.56652,0.66667,0
40.0,0.453,0.38233,0.63567,9.66667,32.66667,42.33333,26.0,11.0,13.66667,110.33333,0.00754,0.25615,0.51349,0.57997,46.33333,0.48933,0.36567,0.77,12.0,33.66667,45.66667,24.0,10.66667,13.33333,124.33333,0.02007,0.34985,0.54651,0.61864,0.66667,0
44.66667,0.47133,0.46367,0.78267,8.0,41.0,49.0,30.66667,7.33333,15.33333,121.0,-0.01891,0.20085,0.52682,0.59946,40.0,0.45333,0.24367,0.692,10.0,31.33333,41.33333,26.0,11.0,13.0,107.66667,-0.0625,0.25556,0.49248,0.56735,0.66667,0
43.33333,0.46933,0.33633,0.78033,8.0,33.0,41.0,24.33333,7.0,11.66667,109.66667,-0.0617,0.23427,0.52771,0.57166,37.33333,0.425,0.30967,0.748,9.33333,37.0,46.33333,21.66667,7.33333,15.66667,103.0,-0.18426,0.25433,0.4871,0.55311,1.0,0
42.66667,0.44667,0.35367,0.75833,8.66667,33.66667,42.33333,23.33333,5.66667,8.66667,107.33333,0.10695,0.22913,0.51216,0.54542,36.33333,0.42967,0.38467,0.76,11.0,32.66667,43.66667,23.66667,8.66667,13.33333,100.0,0.03252,0.35245,0.51112,0.56454,0.33333,1
46.0,0.49833,0.40867,0.834,9.0,33.33333,42.33333,27.0,8.0,10.33333,121.33333,0.10611,0.26386,0.56637,0.62723,39.33333,0.44333,0.35167,0.84767,11.33333,30.33333,41.66667,17.66667,6.66667,11.66667,104.66667,-0.1354,0.32086,0.49875,0.56368,1.0,0
46.33333,0.45867,0.23767,0.73567,12.66667,36.66667,49.33333,24.33333,8.33333,10.0,119.0,0.10669,0.37834,0.49298,0.55724,34.33333,0.40033,0.223,0.741,11.33333,34.33333,45.66667,19.33333,6.0,13.0,91.0,-0.2371,0.31441,0.4427,0.50424,1.0,1
41.33333,0.43867,0.313,0.762,10.33333,34.66667,45.0,25.66667,8.33333,13.66667,108.66667,0.00351,0.27248,0.4915,0.54933,42.66667,0.45533,0.32367,0.77967,8.33333,33.33333,41.66667,20.66667,8.33333,10.0,114.0,0.00768,0.21884,0.50904,0.57606,0.66667,1
45.33333,0.50167,0.37033,0.69433,8.66667,31.33333,40.0,27.66667,8.66667,10.33333,114.0,0.00321,0.25955,0.56445,0.60597,39.66667,0.457,0.309,0.702,10.0,32.66667,42.66667,25.0,10.66667,12.0,107.66667,-0.12749,0.26473,0.5093,0.58147,1.0,0
43.0,0.53933,0.31333,0.74433,7.33333,37.33333,44.66667,26.33333,4.66667,12.66667,109.33333,0.12562,0.24905,0.58505,0.64676,40.0,0.44467,0.38567,0.769,11.0,38.0,49.0,22.66667,5.33333,14.33333,113.0,-0.04273,0.37778,0.53338,0.59586,0.33333,0
42.33333,0.488,0.38267,0.80533,12.33333,36.66667,49.0,25.66667,8.0,18.33333,119.66667,0.18154,0.42557,0.57996,0.65311,39.66667,0.437,0.298,0.73533,10.66667,34.33333,45.0,25.33333,9.33333,13.33333,103.0,-0.01129,0.29177,0.48082,0.53956,0.33333,0
37.66667,0.42067,0.339,0.83433,9.33333,36.0,45.33333,22.66667,6.66667,14.0,107.33333,-0.11302,0.24988,0.48338,0.5649,41.66667,0.46833,0.34667,0.75433,11.66667,40.33333,52.0,23.66667,7.0,16.33333,115.33333,0.03436,0.38435,0.53028,0.60669,0.33333,1
39.0,0.45533,0.25633,0.68633,11.33333,35.66667,47.0,22.33333,7.0,12.33333,100.66667,-0.04664,0.35471,0.49891,0.55389,42.66667,0.48433,0.50067,0.81567,7.33333,41.0,48.33333,23.33333,4.33333,13.66667,121.33333,0.10704,0.20191,0.56774,0.64437,0.33333,1
38.66667,0.45767,0.407,0.74867,11.0,30.66667,41.66667,27.0,9.33333,16.0,108.66667,-0.05098,0.37752,0.53893,0.60824,39.33333,0.46667,0.33633,0.74367,9.66667,37.0,46.66667,25.66667,4.33333,10.66667,103.66667,0.19511,0.27629,0.52572,0.58361,0.33333,1
39.66667,0.449,0.32833,0.63033,8.33333,32.66667,41.0,23.0,9.33333,14.0,107.33333,-0.0573,0.207,0.50357,0.56581,33.33333,0.38667,0.23367,0.86967,11.33333,32.66667,44.0,21.66667,7.33333,17.66667,89.66667,-0.24303,0.30219,0.43375,0.50151,0.66667,0
42.33333,0.44633,0.33567,0.752,9.0,32.66667,41.66667,26.66667,6.66667,12.66667,111.0,-0.08465,0.23174,0.50416,0.55843,45.0,0.47867,0.40233,0.59433,10.0,35.66667,45.66667,28.66667,6.66667,15.66667,118.33333,-0.03868,0.29085,0.55805,0.59725,0.33333,0
45.33333,0.47233,0.352,0.82233,13.66667,40.0,53.66667,27.33333,7.66667,12.33333,124.0,0.11649,0.41327,0.52604,0.60704,42.0,0.446,0.38333,0.69467,10.0,39.66667,49.66667,24.0,9.0,11.0,109.66667,0.04879,0.25794,0.49585,0.55556,0.33333,0
35.33333,0.44667,0.39767,0.778,9.33333,31.0,40.33333,21.0,6.33333,16.0,96.33333,-0.10471,0.31386,0.51773,0.58203,38.33333,0.45533,0.39033,0.72933,6.66667,31.66667,38.33333,24.66667,8.66667,15.66667,112.33333,-0.14617,0.18075,0.5384,0.61886,0.66667,0
39.66667,0.43333,0.318,0.728,12.66667,34.66667,47.33333,19.33333,6.0,14.0,103.33333,-0.16183,0.36532,0.47515,0.5361,36.66667,0.44133,0.36767,0.72633,13.66667,31.33333,45.0,20.66667,7.33333,15.33333,107.33333,0.03879,0.47011,0.52463,0.60243,0.33333,0
50.0,0.55233,0.55733,0.78833,9.0,35.66667,44.66667,34.0,7.33333,17.33333,137.0,0.07157,0.2986,0.63524,0.71059,43.0,0.47667,0.31667,0.803,9.66667,41.66667,51.33333,24.66667,7.0,12.66667,112.66667,0.1433,0.3222,0.52084,0.58976,0.0,1
42.33333,0.50667,0.431,0.85267,10.33333,32.66667,43.0,27.0,7.0,16.66667,114.0,0.05432,0.35135,0.57477,0.6457,38.66667,0.44967,0.38567,0.75,9.0,39.0,48.0,23.66667,8.0,16.66667,110.66667,0.0035,0.26004,0.52566,0.60493,0.33333,1
41.0,0.455,0.35333,0.71567,8.66667,37.66667,46.33333,22.33333,6.33333,9.66667,103.33333,-0.01723,0.24559,0.49945,0.54789,42.33333,0.46633,0.36233,0.808,12.66667,39.66667,52.33333,25.0,6.33333,15.0,119.0,0.05388,0.42853,0.54698,0.61924,0.0,0
44.66667,0.47433,0.372,0.794,13.33333,33.0,46.33333,30.33333,8.66667,18.33333,121.0,0.00978,0.41905,0.54259,0.60778,40.33333,0.49,0.463,0.80767,8.0,34.0,42.0,24.33333,9.66667,10.66667,111.0,0.24928,0.25108,0.5604,0.63421,0.33333,1
45.0,0.454,0.35867,0.55733,12.33333,41.33333,53.66667,26.66667,10.0,15.0,111.33333,0.06898,0.30675,0.51627,0.54066,39.66667,0.455,0.34533,0.74067,11.66667,31.0,42.66667,23.66667,5.0,12.33333,106.0,-0.17559,0.34324,0.50823,0.57439,1.0,0
37.33333,0.429,0.38233,0.77567,14.0,36.0,50.0,24.33333,6.0,15.33333,107.0,0.00114,0.42871,0.50034,0.57699,37.66667,0.44333,0.289,0.78333,9.33333,33.0,42.33333,21.66667,11.66667,14.66667,101.0,-0.01537,0.25586,0.4863,0.55957,0.33333,1
33.66667,0.41533,0.365,0.74833,8.66667,34.33333,43.0,17.0,9.33333,17.66667,96.0,-0.07777,0.23655,0.48341,0.55748,36.66667,0.45467,0.39167,0.78133,9.0,35.33333,44.33333,18.33333,6.0,15.66667,98.33333,-0.11148,0.2787,0.506,0.57516,1.0,0
44.66667,0.504,0.386,0.88367,11.33333,36.66667,48.0,27.66667,5.66667,13.0,121.66667,0.22087,0.38001,0.57497,0.64912,34.0,0.37633,0.34933,0.72833,10.33333,33.33333,43.66667,16.0,8.33333,12.66667,95.0,-0.28347,0.22426,0.43957,0.50154,1.0,0
44.66667,0.50167,0.35633,0.76633,10.66667,35.0,45.66667,22.66667,8.0,16.33333,123.0,0.10367,0.31205,0.55406,0.63984,41.33333,0.47033,0.36867,0.72233,10.0,35.66667,45.66667,22.66667,7.66667,13.33333,108.33333,-0.04287,0.28796,0.52904,0.58652,0.66667,0
39.66667,0.446,0.36433,0.80733,10.66667,41.33333,52.0,24.0,4.66667,13.33333,109.66667,0.11321,0.34217,0.52426,0.59061,41.0,0.44867,0.265,0.67967,11.66667,28.33333,40.0,24.33333,13.33333,13.0,113.66667,-0.10681,0.31002,0.49426,0.57421,0.66667,1
38.66667,0.47967,0.334,0.771,11.33333,35.0,46.33333,22.0,8.33333,15.66667,114.33333,0.0558,0.36816,0.55038,0.64903,36.0,0.39833,0.34433,0.735,10.66667,31.66667,42.33333,25.66667,8.0,11.33333,99.0,-0.26832,0.25976,0.4623,0.52317,1.0,0
44.0,0.52433,0.464,0.86,8.0,30.66667,38.66667,28.0,7.66667,16.0,117.33333,0.02359,0.27192,0.60835,0.66969,35.33333,0.42233,0.272,0.78667,9.33333,34.0,43.33333,19.66667,7.0,17.0,96.66667,-0.25164,0.26399,0.48047,0.54883,1.0,0
43.33333,0.45067,0.31767,0.76933,8.33333,34.33333,42.66667,24.0,6.33333,10.33333,109.66667,0.08077,0.22226,0.51415,0.55219,46.33333,0.53367,0.36267,0.75667,8.33333,36.0,44.33333,27.33333,5.33333,12.33333,116.66667,0.26403,0.26434,0.59345,0.64256,0.0,1
47.66667,0.531,0.414,0.88033,5.66667,37.0,42.66667,27.33333,8.0,11.0,122.66667,0.18697,0.17266,0.60317,0.65742,38.0,0.43333,0.36233,0.82733,8.66667,34.66667,43.33333,22.0,8.66667,16.0,108.0,-0.10444,0.25599,0.51824,0.58666,0.66667,0
35.33333,0.40733,0.29233,0.792,10.66667,30.33333,41.0,16.66667,5.66667,11.33333,93.0,-0.10811,0.28634,0.45516,0.51269,38.33333,0.43133,0.322,0.84433,11.66667,34.0,45.66667,16.33333,8.0,11.0,104.33333,-0.07771,0.32479,0.48452,0.55711,0.66667,0
42.33333,0.48867,0.27333,0.7,10.0,34.0,44.0,26.0,7.33333,10.66667,108.0,0.16483,0.29709,0.53565,0.5917,37.66667,0.44767,0.334,0.815,8.66667,29.33333,38.0,26.0,8.0,12.33333,105.66667,-0.10607,0.25043,0.51815,0.59346,0.66667,0
37.33333,0.441,0.329,0.703,9.0,33.0,42.0,17.0,8.33333,13.33333,104.66667,-0.08992,0.2473,0.4977,0.57474,46.0,0.541,0.47433,0.799,10.66667,35.33333,46.0,29.0,6.66667,11.33333,119.0,0.30545,0.46204,0.61578,0.66928,0.0,1
46.66667,0.478,0.37333,0.781,14.0,34.0,48.0,28.33333,8.0,18.0,126.66667,0.0378,0.44118,0.54124,0.61121,41.0,0.44433,0.319,0.688,8.33333,32.33333,40.66667,23.33333,10.33333,11.33333,109.66667,0.02596,0.21623,0.49685,0.55961,0.66667,0
44.0,0.51267,0.422,0.70133,7.66667,27.0,34.66667,27.33333,9.33333,12.0,118.66667,0.01578,0.2364,0.60529,0.66046,37.0,0.40533,0.32067,0.81967,12.0,32.0,44.0,23.0,8.33333,11.33333,105.33333,-0.09521,0.33771,0.46312,0.54509,0.66667,1
39.66667,0.466,0.397,0.76267,10.0,30.33333,40.33333,23.0,9.0,13.66667,115.66667,-0.08103,0.27953,0.5316,0.62441,40.33333,0.459,0.36067,0.69333,13.0,29.66667,42.66667,24.33333,8.33333,11.66667,105.66667,-0.09828,0.38418,0.51594,0.5713,1.0,0
42.0,0.51167,0.32633,0.77633,9.33333,36.66667,46.0,26.66667,4.66667,14.66667,106.33333,0.06921,0.32253,0.55363,0.61521,37.0,0.418,0.372,0.761,13.33333,37.33333,50.66667,23.0,6.0,14.33333,108.0,-0.10004,0.3863,0.47991,0.56665,0.66667,1
37.33333,0.447,0.39567,0.737,8.33333,33.66667,42.0,16.33333,6.0,12.0,101.0,-0.23495,0.23396,0.50285,0.56848,39.33333,0.45133,0.298,0.74533,8.66667,32.0,40.66667,24.66667,10.33333,14.0,100.0,-0.02406,0.24365,0.49725,0.54899,0.33333,1
40.66667,0.446,0.39733,0.82367,10.66667,31.66667,42.33333,24.0,8.33333,11.33333,112.33333,-0.15121,0.2955,0.51453,0.58576,39.0,0.43167,0.26433,0.67033,8.33333,31.66667,40.0,22.33333,12.33333,13.0,101.33333,-0.01068,0.22345,0.47582,0.53108,0.66667,1
43.33333,0.451,0.31,0.762,12.33333,38.66667,51.0,26.66667,7.0,12.33333,113.0,-0.01211,0.37376,0.50609,0.56067,38.0,0.42667,0.32867,0.80333,8.33333,34.0,42.33333,21.0,11.0,11.0,107.0,-0.09463,0.19933,0.47964,0.56329,0.33333,0
41.66667,0.49333,0.47233,0.751,10.0,30.66667,40.66667,30.33333,7.66667,18.66667,114.33333,-0.07806,0.37188,0.58433,0.6452,38.0,0.44067,0.33533,0.81633,10.0,32.33333,42.33333,19.66667,6.0,10.33333,105.0,-0.12093,0.28495,0.48871,0.57061,1.0,0
38.0,0.45267,0.37067,0.72167,11.0,33.33333,44.33333,22.0,8.33333,17.0,111.66667,0.07664,0.34727,0.52498,0.61579,34.33333,0.39133,0.30433,0.84133,14.33333,30.33333,44.66667,23.33333,7.66667,20.33333,95.0,-0.28265,0.42274,0.45024,0.51963,1.0,0
40.0,0.44433,0.37533,0.75167,10.66667,34.66667,45.33333,23.66667,9.0,11.66667,115.33333,-0.01257,0.27205,0.50685,0.59377,42.66667,0.54733,0.49067,0.78033,8.33333,34.33333,42.66667,29.66667,8.66667,17.66667,128.66667,0.12667,0.31971,0.63896,0.74664,0.0,1
40.0,0.448,0.329,0.786,11.0,34.66667,45.66667,20.33333,9.66667,19.66667,106.66667,-0.04349,0.32182,0.51744,0.5726,42.66667,0.46367,0.412,0.778,8.33333,38.66667,47.0,23.0,9.0,11.33333,113.0,0.05577,0.22022,0.5232,0.58589,0.33333,1
33.66667,0.437,0.37933,0.713,8.33333,34.66667,43.0,23.66667,7.0,12.66667,104.66667,0.03098,0.24064,0.53055,0.6225,39.0,0.442,0.32467,0.715,9.66667,32.33333,42.0,26.66667,8.0,11.33333,107.0,-0.14824,0.25432,0.50759,0.57178,1.0,0
39.0,0.464,0.35867,0.81233,10.66667,32.33333,43.0,24.33333,6.33333,15.66667,106.66667,-0.0822,0.36549,0.51954,0.59727,37.33333,0.46333,0.40867,0.801,7.33333,33.66667,41.0,25.66667,7.66667,14.66667,107.33333,0.11627,0.23148,0.55603,0.6284,0.0,0
41.66667,0.47533,0.424,0.742,7.66667,37.0,44.66667,27.66667,7.66667,12.0,107.33333,0.18383,0.24036,0.552,0.59191,43.0,0.50667,0.34733,0.71067,8.0,31.0,39.0,25.66667,7.66667,10.66667,114.66667,0.05302,0.24778,0.56046,0.63429,0.33333,0
42.33333,0.48633,0.38367,0.84733,11.66667,36.33333,48.0,26.33333,9.33333,18.33333,115.66667,0.20047,0.41748,0.58186,0.63842,35.33333,0.41833,0.37233,0.832,12.0,32.66667,44.66667,21.33333,8.33333,13.33333,104.33333,-0.06028,0.36256,0.4868,0.57746,0.33333,0
37.0,0.42333,0.412,0.798,12.66667,35.0,47.66667,22.0,5.66667,19.33333,112.0,-0.07331,0.37381,0.51622,0.60054,34.0,0.417,0.39633,0.722,7.66667,39.0,46.66667,20.66667,5.66667,13.33333,98.66667,0.02308,0.21016,0.4986,0.56884,0.33333,1
41.33333,0.456,0.34833,0.763,9.33333,38.66667,48.0,25.66667,6.33333,11.0,118.66667,0.06774,0.23867,0.51881,0.60857,44.66667,0.48767,0.361,0.825,9.33333,31.66667,41.0,24.66667,9.33333,12.0,116.33333,-0.00821,0.24701,0.53927,0.60196,0.66667,0
34.66667,0.47633,0.36333,0.748,5.33333,38.0,43.33333,24.0,7.0,14.66667,106.66667,0.1151,0.15894,0.55751,0.66542,38.33333,0.456,0.37933,0.76967,10.33333,28.66667,39.0,23.0,8.66667,11.66667,111.33333,-0.0269,0.31972,0.53738,0.61921,0.66667,0
42.33333,0.476,0.348,0.82033,13.0,36.0,49.0,24.33333,7.33333,11.0,115.66667,0.19755,0.43099,0.5249,0.6101,44.66667,0.50767,0.42633,0.84933,11.0,39.66667,50.66667,26.0,6.33333,16.0,118.66667,0.1507,0.40792,0.57063,0.63945,0.0,1
38.33333,0.448,0.32433,0.771,8.33333,34.66667,43.0,22.0,6.66667,12.0,104.66667,-0.04366,0.22703,0.49884,0.57519,37.66667,0.42567,0.331,0.79433,12.0,36.66667,48.66667,23.66667,8.0,15.0,112.33333,0.00314,0.356,0.494,0.59205,0.33333,0
41.66667,0.49433,0.36,0.68533,6.66667,37.33333,44.0,27.33333,9.0,10.33333,108.33333,0.14506,0.18873,0.55365,0.6078,47.0,0.55333,0.56333,0.753,8.0,35.0,43.0,26.0,8.33333,13.33333,122.0,0.29364,0.28603,0.63365,0.68426,0.0,0
41.33333,0.47867,0.353,0.73567,10.33333,37.66667,48.0,21.66667,8.33333,16.66667,113.0,0.04459,0.29695,0.53311,0.61002,46.33333,0.546,0.45467,0.758,9.33333,35.0,44.33333,28.0,9.66667,17.33333,124.0,0.17817,0.3444,0.62523,0.69144,0.0,1
40.0,0.41367,0.30167,0.747,12.33333,36.0,48.33333,26.66667,9.66667,12.0,106.66667,0.00454,0.29503,0.4705,0.52538,38.66667,0.42033,0.32433,0.85867,7.66667,33.33333,41.0,24.0,4.66667,10.0,107.66667,-0.14078,0.20075,0.47156,0.55325,0.66667,0
44.66667,0.45467,0.34567,0.66667,10.66667,38.33333,49.0,27.0,9.33333,13.0,111.0,-0.01355,0.25299,0.50913,0.5456,34.33333,0.40133,0.32433,0.73867,9.0,37.33333,46.33333,19.33333,9.0,17.66667,98.0,-0.15334,0.23517,0.47123,0.54049,1.0,0
47.66667,0.49333,0.38,0.76433,12.33333,40.33333,52.66667,30.0,8.0,12.33333,126.66667,0.17405,0.37623,0.5569,0.62081,42.33333,0.51233,0.385,0.74867,12.66667,31.66667,44.33333,26.66667,10.0,17.33333,124.0,0.08493,0.54882,0.56942,0.67908,0.0,0
42.0,0.51967,0.419,0.755,8.66667,35.33333,44.0,28.0,6.33333,16.66667,109.66667,0.08117,0.30516,0.57367,0.64123,36.66667,0.38967,0.28633,0.74967,11.0,36.66667,47.66667,18.33333,7.66667,10.66667,96.66667,-0.18267,0.24437,0.43595,0.49232,1.0,0
43.33333,0.475,0.35267,0.73567,9.0,40.33333,49.33333,24.66667,6.66667,10.66667,112.33333,0.15824,0.27331,0.53774,0.58867,43.66667,0.47767,0.341,0.801,11.33333,29.33333,40.66667,23.0,13.0,13.66667,124.0,0.05195,0.32298,0.53636,0.62859,0.33333,1
40.66667,0.482,0.40233,0.82933,10.66667,34.0,44.66667,22.66667,7.0,13.33333,116.66667,0.05338,0.35002,0.55752,0.6449,40.33333,0.43467,0.31467,0.767,14.0,32.66667,46.66667,26.66667,7.0,12.0,108.33333,0.03319,0.42441,0.48313,0.55176,0.33333,0
47.0,0.50167,0.43033,0.77533,9.66667,34.66667,44.33333,32.33333,9.0,15.33333,126.33333,0.03968,0.26303,0.5826,0.644,35.0,0.40667,0.27767,0.76067,10.66667,34.33333,45.0,20.33333,6.66667,16.0,98.66667,-0.30126,0.27766,0.46719,0.54019,1.0,0
47.0,0.49633,0.40667,0.80433,8.66667,38.33333,47.0,28.66667,8.0,10.0,119.66667,0.24535,0.23444,0.57201,0.61192,42.66667,0.445,0.34067,0.74967,10.33333,33.0,43.33333,25.0,9.66667,14.33333,114.0,-0.19563,0.27281,0.50081,0.56656,1.0,1
38.33333,0.44533,0.332,0.87933,10.33333,34.66667,45.0,22.33333,6.0,13.0,103.66667,0.03544,0.2956,0.50132,0.57248,39.33333,0.405,0.32133,0.89167,11.0,36.0,47.0,21.0,8.66667,13.33333,113.33333,-0.11233,0.28375,0.47208,0.55148,0.33333,0
45.66667,0.50467,0.33567,0.75767,12.66667,34.66667,47.33333,29.66667,7.33333,12.0,123.0,0.18089,0.43434,0.56375,0.63885,42.0,0.47333,0.259,0.77433,10.0,34.66667,44.66667,25.33333,9.66667,12.33333,110.0,-0.07259,0.311,0.51274,0.58372,0.66667,0
42.66667,0.46867,0.437,0.777,10.66667,35.66667,46.33333,25.33333,6.33333,10.33333,123.33333,0.05157,0.29932,0.54565,0.63223,43.0,0.525,0.472,0.837,9.33333,36.33333,45.66667,27.66667,7.0,11.66667,115.33333,0.33106,0.39722,0.608,0.67021,0.0,1
40.33333,0.486,0.38167,0.687,6.66667,28.33333,35.0,25.66667,7.33333,9.66667,112.33333,0.01276,0.18878,0.57433,0.63786,41.66667,0.49033,0.40467,0.72567,14.0,30.0,44.0,26.33333,10.66667,20.0,117.0,0.04934,0.58057,0.55405,0.63708,0.33333,0
40.33333,0.44233,0.441,0.804,13.0,31.0,44.0,25.0,8.0,11.0,115.33333,-0.1281,0.37821,0.52368,0.59827,39.0,0.456,0.32733,0.81833,9.33333,32.0,41.33333,22.66667,5.33333,12.66667,107.66667,-0.15799,0.29413,0.51222,0.59161,1.0,1
45.66667,0.47433,0.34,0.816,11.33333,35.0,46.33333,28.33333,7.33333,12.33333,116.0,0.01932,0.36062,0.52937,0.57945,35.0,0.38033,0.287,0.79467,13.66667,32.33333,46.0,19.33333,5.66667,10.0,99.0,-0.1565,0.33395,0.43065,0.50685,1.0,0
45.33333,0.51333,0.472,0.82933,9.0,31.66667,40.66667,31.0,9.0,17.0,119.33333,0.02514,0.29579,0.6004,0.65018,44.33333,0.53467,0.47833,0.83033,10.33333,35.66667,46.0,28.66667,9.0,12.66667,122.33333,0.38332,0.43889,0.62296,0.69553,0.0,1
42.33333,0.47433,0.376,0.765,10.33333,26.33333,36.66667,24.0,11.33333,14.33333,118.33333,0.03941,0.29984,0.53795,0.6184,38.33333,0.409,0.31733,0.70033,15.66667,31.0,46.66667,25.0,7.66667,19.33333,97.66667,-0.34765,0.45147,0.46208,0.50148,1.0,1
45.66667,0.48767,0.38033,0.74933,14.0,42.66667,56.66667,28.66667,6.33333,13.33333,118.66667,0.24144,0.48677,0.55716,0.60654,42.0,0.435,0.308,0.77867,11.0,43.0,54.0,22.33333,8.66667,12.0,113.0,0.05094,0.25769,0.47981,0.55378,0.33333,1
42.0,0.46667,0.41567,0.73767,9.66667,41.66667,51.33333,27.66667,7.33333,11.66667,109.33333,0.32462,0.29092,0.5407,0.58498,45.0,0.53733,0.364,0.73367,6.33333,33.33333,39.66667,28.33333,6.0,11.66667,116.0,0.22613,0.20374,0.60966,0.66046,0.0,1
38.66667,0.42767,0.39467,0.74333,12.33333,36.0,48.33333,25.33333,8.0,18.0,109.33333,-0.08878,0.35045,0.50281,0.57066,40.0,0.43933,0.30033,0.73267,9.33333,32.33333,41.66667,21.0,6.33333,9.66667,109.66667,-0.03089,0.25329,0.50607,0.57053,0.66667,1
43.0,0.472,0.39367,0.672,11.33333,33.33333,44.66667,28.66667,12.33333,11.66667,116.66667,0.09522,0.3035,0.53258,0.59771,36.33333,0.41067,0.404,0.712,9.66667,32.33333,42.0,24.0,7.0,12.66667,103.0,-0.23076,0.24429,0.48658,0.54929,1.0,0
37.66667,0.42133,0.29533,0.74067,11.33333,38.0,49.33333,29.66667,7.66667,12.0,101.33333,-0.05354,0.27836,0.4806,0.53743,40.33333,0.43833,0.339,0.59433,11.33333,35.66667,47.0,26.66667,7.66667,18.33333,104.0,-0.17113,0.31591,0.49165,0.53645,0.66667,1
38.33333,0.44067,0.39233,0.82567,9.66667,30.66667,40.33333,22.66667,10.0,15.0,101.33333,-0.05367,0.28114,0.506,0.55948,40.66667,0.471,0.35567,0.77033,12.33333,37.33333,49.66667,19.33333,8.66667,15.33333,116.33333,0.10422,0.41306,0.533,0.62346,0.0,1
37.66667,0.43533,0.30933,0.76833,8.0,37.66667,45.66667,22.33333,9.33333,19.0,102.33333,-0.09336,0.21189,0.49387,0.55919,39.0,0.42367,0.33967,0.74633,7.33333,35.0,42.33333,22.33333,8.33333,10.66667,109.33333,-0.11545,0.16328,0.48219,0.55794,0.66667,1
38.33333,0.42533,0.32267,0.70333,12.33333,43.33333,55.66667,20.0,9.66667,16.0,106.0,0.1458,0.34369,0.48718,0.55215,42.0,0.43867,0.316,0.77267,14.66667,35.0,49.66667,23.66667,7.33333,11.0,115.66667,0.04811,0.41671,0.49297,0.56933,0.33333,1
42.0,0.459,0.34067,0.73,8.0,43.33333,51.33333,22.66667,7.0,9.66667,107.66667,0.18543,0.20182,0.51428,0.5637,40.0,0.49267,0.31867,0.78767,7.33333,29.66667,37.0,21.66667,10.33333,12.33333,108.0,0.0208,0.22411,0.53965,0.62082,0.33333,0
39.66667,0.45967,0.36267,0.76633,9.66667,35.33333,45.0,25.0,7.66667,17.66667,106.33333,-0.00263,0.32478,0.52387,0.58568,37.33333,0.417,0.28767,0.78433,7.0,34.66667,41.66667,22.0,3.66667,12.66667,103.33333,-0.22279,0.15934,0.47114,0.54454,1.0,0
44.0,0.47767,0.37567,0.79733,9.66667,35.66667,45.33333,23.0,8.0,12.33333,113.0,0.02551,0.25904,0.53109,0.5871,37.0,0.405,0.29267,0.82133,7.0,33.66667,40.66667,18.66667,10.0,10.66667,98.33333,-0.13811,0.16724,0.45083,0.51423,1.0,1
46.66667,0.497,0.39,0.73833,11.66667,34.0,45.66667,28.0,10.66667,15.0,121.0,0.08103,0.35842,0.56227,0.61431,38.33333,0.42467,0.278,0.82533,11.33333,39.66667,51.0,22.66667,6.33333,11.66667,103.0,0.00519,0.30706,0.48232,0.54466,0.66667,0
44.33333,0.51067,0.36433,0.70233,7.0,42.33333,49.33333,30.0,7.66667,12.66667,115.33333,0.23554,0.23681,0.5667,0.62654,37.0,0.42533,0.35333,0.73033,9.66667,32.33333,42.0,26.0,8.66667,12.0,104.0,-0.18663,0.24791,0.49125,0.56265,1.0,0
46.66667,0.50567,0.39567,0.72567,10.0,37.0,47.0,31.33333,11.33333,11.66667,124.66667,0.22795,0.32727,0.57088,0.63574,39.33333,0.43433,0.28867,0.81067,10.33333,33.33333,43.66667,21.0,7.0,11.33333,103.33333,-0.12383,0.28788,0.47145,0.54153,1.0,0
43.0,0.48033,0.381,0.775,9.33333,36.33333,45.66667,25.66667,4.33333,10.0,121.66667,0.14496,0.26444,0.56042,0.6366,37.33333,0.38667,0.257,0.78733,10.33333,36.33333,46.66667,18.0,10.0,10.0,97.0,-0.14951,0.22391,0.42732,0.4825,1.0,0
43.66667,0.50667,0.40167,0.85967,7.66667,39.66667,47.33333,30.0,6.33333,13.66667,119.0,0.18494,0.26391,0.57705,0.65301,39.0,0.43333,0.31467,0.718,13.33333,33.0,46.33333,25.0,8.33333,17.66667,103.33333,-0.17501,0.40651,0.49097,0.54773,1.0,1
38.33333,0.461,0.27167,0.82733,8.0,31.0,39.0,20.66667,8.0,13.66667,116.0,-0.05498,0.24083,0.5165,0.64039,42.66667,0.46833,0.345,0.86033,11.66667,31.0,42.66667,23.33333,11.33333,12.66667,120.33333,0.05923,0.33462,0.52754,0.61792,0.33333,1
42.33333,0.48267,0.423,0.78067,8.66667,34.66667,43.33333,28.0,8.0,11.66667,112.66667,0.06925,0.29702,0.55469,0.61506,38.33333,0.408,0.38433,0.82333,14.0,31.66667,45.66667,20.33333,6.33333,13.33333,105.33333,-0.1393,0.37093,0.46632,0.53426,0.66667,0
40.33333,0.499,0.404,0.769,7.33333,30.66667,38.0,23.0,10.66667,13.66667,112.66667,0.18942,0.24323,0.57877,0.65154,37.33333,0.42667,0.27467,0.81667,11.66667,31.0,42.66667,21.66667,6.66667,14.66667,103.66667,-0.24184,0.31698,0.4788,0.55834,1.0,0
43.33333,0.47433,0.324,0.76633,8.33333,34.0,42.33333,26.66667,9.33333,12.66667,105.33333,-0.0209,0.23929,0.51802,0.55777,41.66667,0.45,0.29533,0.74367,12.33333,33.33333,45.66667,23.0,8.66667,14.66667,107.33333,-0.10653,0.35253,0.49178,0.55082,1.0,0
45.0,0.49333,0.34733,0.73133,9.33333,37.66667,47.0,30.33333,13.0,14.0,120.66667,0.20766,0.29799,0.55739,0.62352,45.33333,0.485,0.365,0.782,10.66667,34.33333,45.0,23.0,8.33333,12.33333,118.66667,-0.06268,0.28787,0.53345,0.59791,1.0,0
43.66667,0.47867,0.36767,0.79633,7.33333,36.66667,44.0,26.33333,7.33333,10.66667,108.0,0.09617,0.19076,0.54358,0.57652,41.0,0.45667,0.356,0.73633,11.0,35.0,46.0,28.33333,7.0,16.0,105.33333,-0.09221,0.32192,0.52231,0.5656,0.66667,0
45.0,0.50133,0.35633,0.80967,12.0,35.33333,47.33333,29.33333,7.33333,14.66667,130.66667,0.178,0.41414,0.57935,0.67547,38.66667,0.40267,0.28033,0.68167,12.33333,38.66667,51.0,21.66667,9.33333,8.66667,108.66667,0.00292,0.28537,0.45949,0.53019,0.33333,1
40.66667,0.45567,0.33367,0.79533,8.33333,37.0,45.33333,23.66667,7.0,8.66667,108.33333,0.04291,0.22994,0.50804,0.57506,40.66667,0.44,0.326,0.72567,11.33333,32.0,43.33333,25.33333,10.33333,12.66667,106.66667,0.01921,0.32673,0.49982,0.55036,0.33333,1
38.0,0.457,0.34467,0.70467,9.0,31.33333,40.33333,27.0,9.33333,10.0,108.66667,0.07391,0.25351,0.53576,0.61036,38.66667,0.43433,0.34733,0.77167,6.0,33.66667,39.66667,20.66667,9.33333,10.33333,100.66667,-0.07922,0.15455,0.48282,0.54019,0.66667,0
37.0,0.462,0.411,0.755,9.33333,37.33333,46.66667,24.66667,6.33333,17.66667,105.33333,0.05215,0.30089,0.52458,0.6117,42.66667,0.456,0.36667,0.80133,11.0,37.0,48.0,21.66667,10.0,16.66667,115.33333,-0.02862,0.31231,0.52446,0.58491,0.66667,0
42.0,0.44967,0.463,0.786,13.66667,29.66667,43.33333,28.33333,7.0,9.33333,116.0,-0.15448,0.3941,0.53847,0.59362,42.33333,0.46167,0.36167,0.80833,12.33333,36.0,48.33333,25.0,9.66667,11.66667,119.66667,0.11976,0.35377,0.52706,0.61201,0.0,1
42.33333,0.45767,0.335,0.69733,13.33333,39.66667,53.0,28.0,6.0,12.66667,112.66667,0.04645,0.40115,0.51884,0.57629,43.33333,0.45667,0.36933,0.837,10.0,40.33333,50.33333,25.66667,6.66667,12.0,124.0,0.11812,0.26218,0.53794,0.61329,0.0,0
45.66667,0.48633,0.358,0.85867,12.66667,33.66667,46.33333,28.33333,7.0,11.33333,120.0,0.06741,0.41253,0.54295,0.61049,40.33333,0.462,0.405,0.83067,11.66667,29.33333,41.0,21.66667,9.0,14.0,115.66667,-0.14306,0.43314,0.52278,0.61585,0.33333,0
40.0,0.51667,0.385,0.74233,6.0,34.33333,40.33333,26.0,10.0,14.33333,111.33333,0.20365,0.20401,0.57659,0.66447,42.66667,0.46867,0.27,0.871,10.0,34.66667,44.66667,25.33333,10.0,13.33333,114.0,-0.12506,0.31378,0.51274,0.59256,0.66667,0
42.66667,0.45633,0.37167,0.777,13.0,38.66667,51.66667,31.0,8.0,11.66667,111.66667,0.10949,0.36656,0.5209,0.57156,42.33333,0.46067,0.41033,0.69767,13.33333,35.66667,49.0,29.33333,8.0,17.33333,108.33333,-0.07156,0.41047,0.53178,0.56852,0.66667,0
42.33333,0.48367,0.41133,0.732,10.0,32.66667,42.66667,25.33333,8.33333,14.33333,113.0,0.00313,0.31106,0.54284,0.60935,44.0,0.45133,0.39433,0.758,10.0,35.33333,45.33333,26.0,9.0,13.33333,114.33333,-0.04895,0.27028,0.51924,0.56622,0.66667,1
41.0,0.448,0.38733,0.77733,12.33333,30.0,42.33333,24.0,8.66667,13.33333,111.33333,-0.10957,0.35865,0.51931,0.57928,35.33333,0.402,0.362,0.81667,12.33333,36.0,48.33333,21.33333,7.66667,13.0,104.66667,-0.10234,0.33673,0.47248,0.55845,0.66667,1
37.0,0.49767,0.37,0.75067,5.0,38.0,43.0,24.0,9.33333,14.0,111.66667,0.24015,0.15567,0.56915,0.68129,39.66667,0.43467,0.32133,0.79233,11.33333,31.33333,42.66667,25.33333,5.0,12.0,103.66667,-0.07877,0.33567,0.4915,0.54489,0.66667,0
46.0,0.47433,0.438,0.774,12.0,41.33333,53.33333,32.33333,6.66667,10.66667,130.66667,0.07151,0.33427,0.56628,0.63499,35.33333,0.431,0.38067,0.813,7.0,42.33333,49.33333,22.0,6.33333,16.0,102.0,0.03394,0.19297,0.50443,0.58544,0.33333,1
39.33333,0.44,0.42467,0.75067,9.0,37.0,46.0,25.66667,8.0,10.33333,108.33333,0.13987,0.23257,0.51844,0.578,40.33333,0.44033,0.33967,0.81367,11.66667,28.33333,40.0,26.33333,8.66667,10.0,110.66667,-0.17005,0.30733,0.49811,0.57004,1.0,0
40.0,0.42267,0.359,0.71567,12.0,32.66667,44.66667,26.33333,6.33333,15.33333,107.66667,-0.16212,0.32953,0.48641,0.54219,47.33333,0.481,0.34367,0.79667,14.0,38.33333,52.33333,30.66667,8.33333,18.0,122.66667,-0.02462,0.46103,0.54698,0.59881,0.66667,0
44.66667,0.51467,0.41367,0.75467,8.33333,38.0,46.33333,29.66667,6.66667,13.0,115.0,0.20396,0.2853,0.58043,0.63303,36.66667,0.432,0.378,0.71133,8.0,30.0,38.0,25.66667,8.0,16.33333,108.33333,-0.27749,0.21151,0.51308,0.59148,1.0,1
44.33333,0.53833,0.45333,0.83433,8.0,32.0,40.0,28.0,5.66667,15.66667,118.33333,0.08608,0.29772,0.61507,0.6804,41.66667,0.496,0.40267,0.74667,10.0,32.33333,42.33333,26.66667,8.33333,17.33333,112.66667,-0.08644,0.39188,0.56531,0.63117,0.66667,0
40.66667,0.465,0.40767,0.794,10.0,31.0,41.0,24.0,7.33333,13.0,115.33333,-0.11541,0.3104,0.54141,0.62028,39.33333,0.433,0.30067,0.62767,9.33333,32.66667,42.0,24.33333,6.66667,13.0,102.66667,-0.16656,0.23497,0.48186,0.534,0.66667,0
34.33333,0.44333,0.39067,0.76433,7.33333,38.66667,46.0,23.0,6.33333,15.66667,101.66667,0.07893,0.21379,0.50538,0.60339,40.0,0.46267,0.37367,0.842,9.0,26.33333,35.33333,28.0,7.33333,12.66667,111.0,-0.18258,0.26926,0.5268,0.60541,1.0,1
43.66667,0.47233,0.375,0.849,12.0,37.66667,49.66667,23.66667,6.66667,12.66667,114.0,0.08193,0.37138,0.52615,0.58943,40.33333,0.47233,0.377,0.82233,11.0,35.66667,46.66667,20.66667,9.33333,15.0,115.66667,0.13335,0.35093,0.54682,0.632,0.0,1
38.33333,0.435,0.30267,0.74133,9.33333,41.66667,51.0,25.0,7.33333,17.33333,104.66667,-0.03203,0.24698,0.4924,0.55977,37.66667,0.43833,0.30567,0.76067,8.66667,31.66667,40.33333,24.0,8.66667,14.0,102.0,-0.21075,0.23571,0.49301,0.56138,1.0,0
41.33333,0.482,0.33533,0.816,9.33333,34.33333,43.66667,22.0,5.33333,13.0,111.66667,0.02469,0.27471,0.5323,0.61128,44.0,0.46167,0.38433,0.80167,14.0,38.33333,52.33333,27.66667,8.33333,15.66667,123.0,0.0032,0.42077,0.53159,0.60863,0.33333,0
45.0,0.48867,0.332,0.74133,12.0,37.0,49.0,27.66667,13.0,16.66667,121.33333,0.20631,0.38437,0.55009,0.61972,39.0,0.44033,0.326,0.78567,7.66667,33.66667,41.33333,23.33333,7.66667,15.33333,105.33333,-0.20068,0.18315,0.5028,0.5651,1.0,1
40.0,0.468,0.40733,0.75967,9.33333,36.0,45.33333,24.0,9.66667,16.0,118.33333,0.18517,0.28764,0.54327,0.64054,40.0,0.44567,0.324,0.70167,11.33333,38.0,49.33333,22.0,8.0,19.0,103.66667,-0.15445,0.32395,0.49297,0.5488,1.0,0
43.66667,0.47967,0.34333,0.75033,11.0,33.33333,44.33333,27.33333,12.0,15.33333,116.66667,0.13336,0.33692,0.54527,0.60834,43.0,0.51667,0.35133,0.538,8.0,32.0,40.0,26.0,4.66667,13.0,109.0,0.00547,0.25658,0.57817,0.61933,0.66667,1
44.0,0.47333,0.321,0.75767,13.0,38.66667,51.66667,28.0,6.66667,15.0,115.0,0.13654,0.37734,0.53784,0.59088,42.0,0.45,0.32733,0.78167,14.66667,34.66667,49.33333,24.33333,12.0,20.0,117.33333,-0.09536,0.45914,0.51096,0.58931,0.66667,0
43.0,0.47367,0.30467,0.817,11.0,41.0,52.0,25.33333,9.0,11.33333,111.0,0.21281,0.34365,0.52646,0.58473,41.66667,0.46933,0.35967,0.871,10.66667,35.33333,46.0,25.66667,8.0,11.33333,118.0,0.19559,0.30521,0.53726,0.62448,0.0,1
42.33333,0.46767,0.42967,0.81033,9.0,39.0,48.0,27.0,5.0,11.33333,113.33333,0.11878,0.2884,0.54613,0.60269,43.0,0.44533,0.36333,0.78367,13.33333,35.33333,48.66667,20.66667,7.66667,14.66667,117.66667,-0.09808,0.3593,0.4981,0.57186,1.0,0
45.33333,0.476,0.35933,0.73033,10.0,37.33333,47.33333,29.66667,9.66667,11.33333,112.66667,0.0927,0.26351,0.52837,0.56907,40.0,0.48,0.34133,0.767,8.33333,35.33333,43.66667,27.0,9.33333,16.66667,107.66667,-0.16078,0.26167,0.53498,0.60621,0.66667,1
42.0,0.449,0.41567,0.83333,9.0,36.33333,45.33333,27.33333,7.33333,10.33333,105.66667,0.07394,0.22816,0.51032,0.54852,36.33333,0.45467,0.36867,0.736,6.66667,44.33333,51.0,20.0,7.0,15.66667,100.66667,0.09412,0.20297,0.52106,0.59053,0.33333,1
46.0,0.52467,0.41367,0.82367,9.0,39.0,48.0,29.66667,6.0,13.66667,126.66667,0.22581,0.31694,0.60972,0.68096,38.0,0.418,0.332,0.713,10.0,37.0,47.0,20.33333,8.33333,8.33333,106.66667,-0.00017,0.2499,0.4787,0.54967,0.33333,0
41.66667,0.47767,0.32633,0.75033,11.66667,29.33333,41.0,26.0,13.66667,17.0,113.66667,0.07757,0.35696,0.53691,0.61063,45.33333,0.53433,0.35833,0.696,7.33333,34.0,41.33333,27.0,6.0,13.0,117.66667,0.14907,0.22962,0.60986,0.65899,0.0,1
42.66667,0.487,0.335,0.80733,10.66667,36.0,46.66667,27.33333,6.33333,14.0,125.33333,0.13537,0.35065,0.56078,0.66006,38.33333,0.422,0.382,0.79933,11.33333,31.33333,42.66667,21.0,5.66667,12.0,103.0,-0.22892,0.29308,0.4756,0.54047,1.0,0
42.0,0.472,0.388,0.71533,12.0,37.33333,49.33333,26.0,6.33333,12.33333,117.33333,0.18971,0.37083,0.55331,0.61948,46.0,0.54333,0.43467,0.83833,8.0,33.0,41.0,30.33333,10.0,10.33333,124.33333,0.30006,0.2963,0.61921,0.69361,0.0,1
43.33333,0.50033,0.42933,0.67967,10.66667,32.33333,43.0,24.66667,8.66667,14.66667,109.0,0.0113,0.34318,0.55447,0.60149,40.66667,0.45933,0.37833,0.79333,11.33333,29.33333,40.66667,24.66667,9.33333,11.33333,106.0,-0.0093,0.35668,0.53101,0.57626,0.33333,0
38.0,0.43433,0.32633,0.67467,11.66667,30.66667,42.33333,27.0,9.0,9.33333,105.0,0.05138,0.3171,0.50077,0.56306,36.66667,0.457,0.36567,0.79067,8.0,34.0,42.0,22.0,8.66667,14.33333,106.66667,0.04805,0.2497,0.52539,0.61834,0.33333,1
43.0,0.49033,0.37533,0.74733,11.33333,39.33333,50.66667,27.33333,6.33333,14.0,121.0,0.2094,0.37418,0.56961,0.64439,45.0,0.49733,0.38033,0.78233,9.33333,33.0,42.33333,28.0,5.0,10.33333,118.33333,0.01417,0.30435,0.56817,0.62609,0.66667,0
37.0,0.41333,0.331,0.79067,13.0,33.33333,46.33333,20.66667,5.0,12.66667,106.33333,-0.22334,0.36077,0.47545,0.55779,38.0,0.42733,0.32967,0.67267,10.0,33.66667,43.66667,20.66667,8.0,10.66667,100.33333,-0.06186,0.26316,0.48596,0.53739,0.66667,1
39.0,0.445,0.44133,0.85133,7.33333,35.66667,43.0,19.66667,7.66667,13.66667,103.33333,-0.08974,0.20269,0.5051,0.56659,39.66667,0.42433,0.372,0.82533,13.0,33.66667,46.66667,22.66667,8.33333,11.0,113.0,-0.03852,0.3526,0.49076,0.57212,0.33333,1
38.33333,0.403,0.34367,0.68767,14.66667,39.0,53.66667,22.33333,9.66667,16.33333,112.66667,8e-05,0.37166,0.47969,0.5505,44.0,0.49167,0.39067,0.747,10.33333,36.0,46.33333,28.0,7.0,16.66667,117.33333,-0.18066,0.30165,0.55669,0.61957,0.66667,0
37.66667,0.438,0.41267,0.847,9.33333,31.0,40.33333,22.66667,9.66667,14.33333,102.66667,0.00127,0.26798,0.51,0.57117,44.0,0.53067,0.468,0.808,8.0,34.0,42.0,29.0,10.66667,12.66667,120.0,0.25954,0.31173,0.61081,0.68348,0.0,1
41.66667,0.44333,0.42033,0.63567,9.66667,34.33333,44.0,29.66667,7.0,11.0,109.0,-0.06289,0.22765,0.51456,0.55466,42.0,0.485,0.368,0.50767,8.66667,31.66667,40.33333,28.0,4.66667,13.66667,103.66667,-0.03622,0.26055,0.5505,0.57348,0.66667,1
38.66667,0.47167,0.438,0.81833,5.66667,37.0,42.66667,16.66667,5.66667,13.33333,106.0,-0.11898,0.16121,0.53049,0.60612,38.0,0.44233,0.38567,0.75133,7.66667,29.66667,37.33333,25.66667,9.0,15.33333,111.0,-0.19406,0.20171,0.52029,0.60122,0.66667,0
47.66667,0.56533,0.42933,0.81833,7.0,36.33333,43.33333,32.0,6.66667,15.66667,127.0,0.20877,0.26858,0.65316,0.71367,38.66667,0.44833,0.37333,0.69267,13.0,33.33333,46.33333,24.33333,9.0,18.33333,107.66667,-0.03657,0.40808,0.5113,0.58252,0.66667,1
39.0,0.43433,0.359,0.77067,9.66667,37.33333,47.0,23.66667,7.33333,9.66667,106.33333,0.07535,0.29983,0.49817,0.56213,38.66667,0.42733,0.259,0.744,11.0,35.33333,46.33333,22.33333,6.66667,14.33333,103.66667,-0.11091,0.29233,0.46856,0.53922,0.66667,1
40.33333,0.45833,0.366,0.79267,12.0,30.66667,42.66667,26.0,6.66667,11.66667,112.0,-0.02333,0.41728,0.53212,0.60358,37.66667,0.44333,0.37767,0.79467,8.0,30.66667,38.66667,26.33333,5.66667,13.33333,105.66667,-0.126,0.22122,0.51572,0.58694,0.66667,1
37.66667,0.43133,0.308,0.90867,11.66667,39.66667,51.33333,22.33333,5.0,17.33333,106.33333,0.00586,0.35853,0.49995,0.57861,40.33333,0.47033,0.33633,0.82333,10.0,36.66667,46.66667,22.33333,8.33333,15.0,111.33333,0.17352,0.29806,0.54431,0.61387,0.0,1
43.33333,0.44033,0.357,0.734,12.66667,35.66667,48.33333,28.0,8.66667,9.0,120.0,-0.01394,0.33336,0.51453,0.57579,45.66667,0.472,0.35867,0.80767,15.66667,40.0,55.66667,26.33333,7.66667,18.66667,121.33333,-0.04149,0.50735,0.5389,0.59819,0.66667,0
41.33333,0.473,0.35467,0.78433,9.0,36.0,45.0,24.33333,4.66667,12.0,109.66667,0.00198,0.28347,0.53627,0.59653,37.33333,0.39667,0.29233,0.72133,12.66667,30.66667,43.33333,21.33333,8.66667,14.33333,98.66667,-0.2326,0.32179,0.4447,0.50065,1.0,0
39.66667,0.482,0.361,0.727,8.66667,35.66667,44.33333,26.33333,8.66667,15.66667,115.33333,0.20186,0.27657,0.54642,0.6444,40.33333,0.43967,0.33967,0.696,12.0,37.0,49.0,27.0,7.33333,12.66667,105.66667,-0.01551,0.33382,0.51032,0.55302,0.66667,0
40.66667,0.46533,0.35833,0.79533,11.0,33.33333,44.33333,23.66667,9.0,12.66667,114.0,0.04863,0.32545,0.51879,0.6071,39.0,0.43267,0.399,0.68533,15.0,37.33333,52.33333,27.0,8.33333,18.0,107.33333,0.0635,0.49655,0.50721,0.56462,0.66667,1
46.0,0.48333,0.36467,0.72933,14.33333,41.66667,56.0,29.66667,6.33333,13.66667,118.66667,0.13815,0.46868,0.55187,0.59762,37.66667,0.41467,0.28267,0.80733,10.0,31.66667,41.66667,16.33333,10.0,11.0,102.33333,-0.17943,0.26282,0.46853,0.53513,0.66667,0
40.0,0.466,0.34467,0.80367,11.33333,31.66667,43.0,24.33333,11.66667,15.33333,110.0,0.09527,0.38057,0.52656,0.60378,39.66667,0.43333,0.304,0.77433,12.66667,32.0,44.66667,19.0,8.33333,13.66667,107.66667,-0.12277,0.35356,0.48239,0.55345,1.0,0
38.33333,0.43367,0.31233,0.759,7.66667,38.66667,46.33333,21.0,8.0,13.33333,106.0,-0.042,0.19298,0.49285,0.56235,44.66667,0.50333,0.38533,0.82367,10.33333,33.66667,44.0,29.33333,8.66667,10.66667,123.33333,0.19506,0.33157,0.58461,0.65686,0.0,1
47.0,0.536,0.436,0.859,9.0,35.0,44.0,31.33333,4.66667,11.33333,122.66667,0.23393,0.34039,0.61939,0.6717,39.33333,0.437,0.33733,0.898,11.0,28.66667,39.66667,26.0,10.33333,12.66667,107.66667,-0.10011,0.32381,0.49962,0.57026,1.0,0
46.66667,0.46367,0.33933,0.77033,9.66667,38.66667,48.33333,29.0,10.0,10.0,126.66667,0.15815,0.23023,0.53917,0.59693,38.33333,0.42933,0.24867,0.81467,12.0,33.0,45.0,20.0,6.66667,9.66667,106.33333,-0.04809,0.32962,0.47802,0.55985,1.0,1
41.0,0.46733,0.38633,0.91667,7.0,34.66667,41.66667,26.66667,7.33333,10.0,106.66667,-0.00662,0.19764,0.5236,0.58468,37.66667,0.41733,0.321,0.678,8.66667,37.0,45.66667,23.66667,5.0,14.33333,98.0,-0.27282,0.21611,0.48332,0.52197,1.0,0
38.66667,0.46767,0.33367,0.60333,10.33333,36.0,46.33333,21.66667,4.66667,14.33333,100.0,-0.05616,0.31885,0.52028,0.57048,44.0,0.52533,0.37633,0.71467,9.66667,35.33333,45.0,29.0,7.33333,14.33333,118.33333,0.22367,0.31365,0.61255,0.6671,0.0,1
42.66667,0.475,0.327,0.76833,12.0,37.0,49.0,27.0,6.0,11.33333,110.66667,0.0666,0.36597,0.519,0.58343,38.0,0.45,0.355,0.75067,6.33333,36.0,42.33333,25.0,5.66667,14.33333,103.66667,-0.20129,0.17005,0.52089,0.58082,0.66667,0
36.33333,0.43533,0.315,0.648,8.0,41.66667,49.66667,21.33333,5.0,14.0,98.33333,0.08147,0.22164,0.48778,0.55624,39.66667,0.43733,0.37767,0.80833,13.66667,28.33333,42.0,23.66667,7.33333,8.66667,107.33333,0.00158,0.40771,0.51346,0.5672,0.33333,0
37.0,0.43133,0.334,0.70267,11.66667,32.0,43.66667,27.66667,7.66667,13.66667,102.66667,0.05499,0.33853,0.5009,0.5632,41.66667,0.46567,0.41933,0.797,9.0,34.66667,43.66667,27.0,5.66667,10.33333,116.0,0.00981,0.26085,0.53709,0.61137,0.33333,1
42.33333,0.48067,0.36967,0.784,9.33333,37.33333,46.66667,27.33333,3.66667,11.33333,113.0,0.11055,0.26966,0.54872,0.60897,47.0,0.50933,0.416,0.76367,12.0,32.66667,44.66667,30.0,4.66667,10.33333,120.0,-0.01501,0.40084,0.58671,0.62974,0.66667,0
38.33333,0.44067,0.274,0.73067,9.33333,34.0,43.33333,20.33333,3.66667,13.33333,105.33333,-0.27868,0.24201,0.48354,0.56298,39.66667,0.44067,0.36633,0.80567,8.33333,38.66667,47.0,20.33333,9.0,17.33333,109.0,-0.06962,0.23889,0.50831,0.57351,0.66667,1
39.0,0.43867,0.382,0.75933,11.0,33.66667,44.66667,26.33333,7.66667,15.33333,108.33333,-0.14521,0.30805,0.51597,0.57778,38.33333,0.434,0.363,0.88133,9.0,29.66667,38.66667,19.66667,9.33333,13.0,113.0,-0.25727,0.24613,0.49961,0.59743,0.66667,0
40.33333,0.476,0.36333,0.848,10.66667,38.66667,49.33333,20.33333,6.66667,14.0,115.66667,0.13932,0.35704,0.53136,0.63307,35.0,0.44167,0.32233,0.83667,6.0,28.66667,34.66667,23.0,5.33333,13.0,102.33333,-0.31741,0.16169,0.50572,0.60161,1.0,0
43.33333,0.51667,0.415,0.87333,8.33333,31.66667,40.0,26.0,6.33333,15.0,118.66667,0.01132,0.28775,0.59848,0.6707,39.0,0.48867,0.37,0.74367,8.0,37.33333,45.33333,21.66667,9.0,15.0,107.33333,0.16347,0.2597,0.55692,0.62831,0.0,0
46.66667,0.484,0.42567,0.75733,11.66667,34.33333,46.0,32.33333,9.0,16.0,123.66667,0.0034,0.3408,0.56482,0.61653,38.66667,0.45033,0.37167,0.79633,10.0,36.33333,46.33333,26.33333,6.0,15.0,104.66667,-0.06006,0.30423,0.52646,0.58319,0.66667,0
42.33333,0.47933,0.36933,0.66267,11.33333,39.33333,50.66667,23.66667,6.0,12.66667,107.33333,0.09052,0.36787,0.53446,0.58062,38.66667,0.452,0.332,0.78867,11.33333,30.33333,41.66667,23.33333,5.33333,12.0,103.33333,-0.07049,0.36463,0.51065,0.57414,0.66667,1
40.33333,0.40333,0.37733,0.72033,14.0,35.33333,49.33333,26.0,9.33333,14.33333,126.33333,0.06141,0.32327,0.50632,0.58651,41.0,0.464,0.253,0.811,11.0,32.66667,43.66667,25.66667,10.0,13.0,114.33333,0.0456,0.35658,0.51493,0.60329,0.33333,1
40.33333,0.45967,0.372,0.75967,12.33333,37.0,49.33333,23.66667,7.33333,15.33333,114.66667,0.18409,0.42412,0.53323,0.61017,40.0,0.51167,0.36633,0.77667,5.66667,40.0,45.66667,23.0,8.33333,14.33333,111.33333,0.19408,0.19304,0.58195,0.66239,0.0,1
43.33333,0.471,0.42067,0.659,8.66667,32.33333,41.0,29.66667,6.0,10.0,110.33333,-0.06124,0.23236,0.54697,0.57813,37.0,0.435,0.326,0.76833,11.66667,32.0,43.66667,22.66667,8.0,18.0,101.33333,-0.20728,0.37965,0.48622,0.5603,1.0,1
45.0,0.50967,0.36467,0.71467,7.66667,36.0,43.66667,28.33333,5.33333,14.66667,119.0,0.02613,0.268,0.58465,0.63871,41.66667,0.44633,0.36767,0.728,12.0,37.33333,49.33333,26.66667,8.0,11.0,110.33333,0.0729,0.32556,0.50494,0.56233,0.33333,1
45.66667,0.52067,0.40033,0.774,10.66667,37.33333,48.0,29.66667,8.0,14.66667,125.66667,0.23036,0.4333,0.58711,0.66697,41.66667,0.47133,0.336,0.806,10.0,34.0,44.0,23.66667,5.66667,12.66667,113.66667,0.01123,0.28533,0.5254,0.60411,0.33333,0
37.66667,0.43867,0.37167,0.835,8.33333,31.0,39.33333,23.66667,12.33333,10.66667,106.0,0.18423,0.24695,0.51182,0.58788,43.33333,0.48667,0.37,0.83567,8.66667,37.66667,46.33333,27.33333,7.0,13.33333,111.0,0.21996,0.25815,0.5619,0.60498,0.0,1
51.0,0.54,0.53933,0.83467,8.66667,37.0,45.66667,34.66667,7.33333,15.66667,135.0,0.07112,0.27744,0.61588,0.67899,40.66667,0.48167,0.422,0.80567,10.0,27.33333,37.33333,23.66667,10.33333,16.0,115.0,-0.21765,0.38393,0.54877,0.63461,0.66667,1
42.0,0.46967,0.33767,0.75967,11.66667,33.66667,45.33333,23.0,5.33333,13.0,112.33333,-0.04377,0.37329,0.52754,0.59352,50.0,0.508,0.36767,0.839,13.66667,39.66667,53.33333,27.66667,4.66667,15.66667,132.66667,-0.01211,0.4475,0.57532,0.6407,0.66667,0
41.0,0.45733,0.37133,0.73733,10.0,27.66667,37.66667,24.33333,11.0,13.33333,108.0,-0.04933,0.27471,0.51726,0.57331,37.0,0.46,0.31167,0.80167,7.66667,28.33333,36.0,22.33333,4.0,13.0,100.66667,-0.37296,0.23669,0.51651,0.59588,1.0,0
38.33333,0.437,0.344,0.79067,10.33333,31.0,41.33333,22.0,10.0,13.66667,111.0,-0.0457,0.28779,0.49587,0.58746,41.33333,0.466,0.34033,0.79367,8.66667,38.66667,47.33333,22.0,6.33333,11.0,112.66667,0.0449,0.25661,0.53513,0.60412,0.33333,0
40.0,0.46233,0.335,0.81833,12.33333,37.0,49.33333,22.33333,8.66667,14.33333,112.66667,0.20756,0.43194,0.52791,0.61101,35.66667,0.42467,0.33733,0.74833,11.33333,36.0,47.33333,19.66667,6.66667,19.0,101.33333,-0.21523,0.35304,0.4842,0.5627,1.0,0
39.0,0.444,0.368,0.818,10.0,34.33333,44.33333,23.33333,7.0,10.33333,112.0,0.00985,0.33733,0.50703,0.59655,35.66667,0.39667,0.33233,0.82767,8.66667,30.33333,39.0,17.33333,9.66667,11.0,105.66667,-0.27751,0.21442,0.45438,0.54905,0.66667,0
40.33333,0.484,0.43533,0.79667,9.0,33.0,42.0,23.66667,8.0,14.66667,115.33333,0.126,0.29879,0.58394,0.65284,37.66667,0.43633,0.34567,0.711,12.33333,37.66667,50.0,20.0,8.33333,19.66667,105.0,-0.09498,0.36941,0.49411,0.56859,1.0,0
45.33333,0.50967,0.32667,0.68533,7.33333,35.0,42.33333,30.33333,5.66667,15.66667,115.0,-0.02993,0.23545,0.5764,0.61803,41.0,0.46367,0.344,0.76733,8.33333,35.33333,43.66667,22.0,7.33333,12.0,105.33333,-0.07546,0.25952,0.50706,0.56747,0.66667,0
43.66667,0.491,0.40833,0.67733,10.33333,35.66667,46.0,29.66667,8.33333,16.33333,115.0,0.01098,0.33287,0.55834,0.6111,43.0,0.483,0.35033,0.773,7.33333,34.33333,41.66667,22.0,6.33333,11.33333,114.66667,0.02094,0.22137,0.55836,0.61473,0.33333,1
52.66667,0.54567,0.49333,0.82967,9.33333,34.0,43.33333,35.0,9.33333,8.33333,135.66667,0.25821,0.28727,0.62734,0.67804,43.66667,0.49267,0.376,0.81967,11.0,34.33333,45.33333,29.33333,7.33333,9.66667,124.0,0.18008,0.3768,0.57728,0.65692,0.0,0
39.0,0.44267,0.25567,0.69767,9.33333,34.0,43.33333,20.0,4.66667,14.0,107.66667,-0.19178,0.23449,0.4867,0.56672,38.33333,0.434,0.40133,0.82967,11.33333,29.0,40.33333,26.0,8.66667,16.0,106.0,-0.14696,0.33754,0.50889,0.57179,1.0,1
46.66667,0.462,0.34267,0.75467,11.66667,38.66667,50.33333,25.33333,7.33333,10.0,126.33333,0.05382,0.3026,0.5336,0.59222,37.0,0.434,0.37033,0.814,12.0,33.0,45.0,23.33333,7.66667,17.66667,105.66667,-0.10568,0.37395,0.50404,0.58307,0.66667,0
42.0,0.46667,0.33433,0.929,8.0,37.0,45.0,25.33333,9.0,9.66667,111.66667,0.10713,0.21939,0.51969,0.59291,38.0,0.42067,0.393,0.78867,14.0,34.33333,48.33333,21.66667,7.33333,17.0,107.33333,-0.10395,0.40305,0.49044,0.56238,0.66667,0
41.0,0.45,0.281,0.738,16.0,37.33333,53.33333,26.0,7.66667,15.66667,110.66667,0.17135,0.52778,0.50483,0.57332,40.66667,0.45133,0.35533,0.713,10.0,31.66667,41.66667,26.66667,7.66667,11.33333,110.66667,0.01469,0.28532,0.52502,0.58307,0.66667,0
46.33333,0.53433,0.412,0.888,9.66667,35.0,44.66667,30.33333,8.33333,14.66667,120.66667,0.25131,0.36338,0.61107,0.66825,42.66667,0.511,0.38733,0.71,9.33333,39.66667,49.0,28.33333,6.33333,16.66667,114.66667,0.17141,0.29809,0.58248,0.645,0.0,1
45.33333,0.52633,0.39933,0.73467,11.0,39.0,50.0,31.33333,6.33333,16.66667,118.33333,0.09547,0.3833,0.60342,0.65312,40.66667,0.49333,0.42533,0.74733,8.33333,34.66667,43.0,25.66667,8.33333,12.66667,109.0,0.14243,0.28395,0.5637,0.62704,0.0,0
42.33333,0.462,0.34333,0.855,12.66667,33.0,45.66667,25.33333,8.0,10.66667,116.0,0.06432,0.39524,0.52176,0.59884,36.33333,0.423,0.34233,0.784,12.66667,28.33333,41.0,22.33333,6.33333,9.33333,101.33333,-0.0423,0.37355,0.49074,0.55808,0.66667,1
36.66667,0.43233,0.37033,0.719,9.66667,33.66667,43.33333,27.0,5.33333,15.33333,101.66667,-0.01773,0.28448,0.51539,0.56846,40.66667,0.47133,0.318,0.75733,9.66667,32.0,41.66667,24.33333,6.66667,14.0,112.0,0.03894,0.31313,0.53508,0.60793,0.66667,1
43.33333,0.49133,0.32367,0.79067,11.66667,34.0,45.66667,26.66667,7.0,15.0,120.66667,0.09422,0.48032,0.5462,0.63542,45.33333,0.51967,0.41333,0.72733,11.0,30.0,41.0,28.33333,4.66667,11.33333,116.33333,-0.09634,0.36858,0.59765,0.64562,0.66667,0
38.33333,0.45833,0.33667,0.60733,7.33333,38.33333,45.66667,22.66667,6.0,11.33333,100.33333,0.07495,0.20144,0.51468,0.56835,42.66667,0.46767,0.364,0.78,9.33333,37.66667,47.0,27.0,7.66667,10.66667,107.66667,0.2415,0.2576,0.53535,0.57263,0.0,1
43.33333,0.46,0.31567,0.753,12.33333,34.33333,46.66667,25.33333,6.66667,14.33333,109.0,-0.11021,0.36329,0.50236,0.55299,39.0,0.44233,0.40467,0.86833,7.0,32.0,39.0,21.66667,8.66667,13.0,114.66667,-0.2843,0.18174,0.50492,0.60515,1.0,1
43.66667,0.52267,0.389,0.84033,10.0,36.33333,46.33333,24.33333,7.0,13.0,122.33333,0.16163,0.39455,0.5887,0.68134,39.66667,0.43233,0.30267,0.83,10.66667,36.0,46.66667,21.0,7.66667,13.0,107.33333,-0.10871,0.33856,0.48626,0.55521,1.0,1
46.66667,0.46433,0.415,0.76567,14.33333,35.0,49.33333,31.66667,8.0,13.33333,121.66667,0.04939,0.41587,0.53264,0.58219,47.33333,0.51567,0.38967,0.706,12.66667,39.33333,52.0,29.0,5.0,17.33333,124.33333,-0.08835,0.40809,0.58099,0.63842,0.66667,0
42.66667,0.49967,0.37267,0.80967,8.33333,32.0,40.33333,27.66667,7.66667,13.66667,115.66667,0.05747,0.26599,0.5714,0.63929,40.0,0.473,0.36267,0.83867,5.33333,38.66667,44.0,23.66667,5.33333,15.33333,104.33333,-0.045,0.17099,0.53307,0.59176,0.66667,0
42.33333,0.459,0.32733,0.742,10.33333,32.0,42.33333,24.0,4.66667,12.66667,113.33333,-0.12455,0.25354,0.52059,0.57856,36.0,0.41167,0.298,0.75433,10.33333,34.0,44.33333,23.0,4.0,12.66667,100.0,-0.18518,0.28968,0.47515,0.54154,1.0,1
39.66667,0.455,0.357,0.778,11.0,37.66667,48.66667,24.0,9.66667,16.0,113.0,0.17873,0.35044,0.52073,0.60397,44.0,0.47933,0.29867,0.755,8.66667,38.0,46.66667,28.66667,9.33333,9.66667,120.66667,0.18144,0.23294,0.53082,0.61283,0.0,0
43.0,0.41867,0.367,0.67033,13.0,31.66667,44.66667,26.66667,10.0,11.66667,128.66667,-0.0339,0.2767,0.51821,0.58602,41.0,0.465,0.42933,0.83067,9.33333,33.0,42.33333,27.33333,8.66667,14.0,120.66667,-0.1241,0.28398,0.53901,0.6361,0.66667,0
38.66667,0.45267,0.334,0.80633,8.0,30.66667,38.66667,23.66667,11.33333,14.33333,99.33333,-0.03505,0.2384,0.50919,0.55932,40.33333,0.464,0.336,0.80733,8.0,29.66667,37.66667,23.66667,7.33333,12.66667,109.33333,-0.21176,0.22619,0.52307,0.59472,1.0,1
41.0,0.44133,0.336,0.71333,10.33333,31.66667,42.0,25.0,8.33333,9.66667,115.0,0.06064,0.28858,0.50527,0.57896,40.0,0.47133,0.327,0.77567,8.66667,30.0,38.66667,20.33333,6.33333,9.0,106.0,-0.03451,0.27555,0.52651,0.59138,0.66667,1
41.0,0.446,0.361,0.71867,9.66667,33.66667,43.33333,24.66667,7.33333,12.66667,105.0,-0.08221,0.25469,0.50933,0.54858,38.0,0.45467,0.32133,0.82033,6.66667,36.33333,43.0,27.66667,5.33333,15.66667,100.66667,-0.12879,0.21644,0.50947,0.57447,0.66667,1
43.33333,0.468,0.41833,0.752,8.66667,35.0,43.66667,23.0,8.33333,13.33333,109.33333,-0.0499,0.23452,0.52273,0.56943,40.33333,0.475,0.32467,0.78533,9.33333,33.0,42.33333,22.66667,6.33333,15.33333,112.0,-0.01358,0.27438,0.53015,0.61441,0.66667,1
43.33333,0.46233,0.424,0.76867,11.0,41.33333,52.33333,30.0,6.33333,13.0,124.66667,0.02511,0.28938,0.55623,0.62531,41.33333,0.44533,0.386,0.80833,10.66667,29.66667,40.33333,20.66667,2.66667,9.33333,106.66667,-0.25148,0.29107,0.49608,0.55138,1.0,0
36.33333,0.47067,0.38967,0.753,9.0,35.0,44.0,24.33333,6.66667,17.33333,100.66667,0.08431,0.29023,0.53966,0.61238,41.66667,0.464,0.36367,0.71867,8.0,39.66667,47.66667,28.33333,6.66667,9.0,109.66667,0.09647,0.21994,0.52564,0.58071,0.0,1
40.0,0.46867,0.31533,0.731,8.0,34.66667,42.66667,21.0,6.66667,14.0,106.66667,-0.04031,0.23868,0.52972,0.59126,43.66667,0.45567,0.32033,0.72133,12.33333,35.33333,47.66667,25.66667,6.66667,15.0,114.0,-0.08589,0.37328,0.51697,0.56897,1.0,0
41.33333,0.44767,0.322,0.73633,10.0,31.66667,41.66667,24.66667,7.0,10.66667,109.0,-0.05555,0.27049,0.49667,0.55877,42.66667,0.447,0.33467,0.82033,16.66667,31.66667,48.33333,28.0,8.0,12.66667,117.33333,0.07835,0.55344,0.50447,0.58279,0.33333,1
38.33333,0.443,0.38133,0.783,9.66667,28.66667,38.33333,21.66667,10.33333,13.66667,110.33333,-0.01838,0.27252,0.5121,0.59492,38.33333,0.446,0.33133,0.781,8.33333,36.33333,44.66667,22.66667,9.66667,18.66667,109.66667,-0.16315,0.21902,0.50859,0.59366,1.0,0
39.0,0.475,0.34833,0.89367,10.33333,30.33333,40.66667,24.33333,8.33333,16.33333,113.0,-0.06935,0.35189,0.53397,0.63965,36.0,0.41267,0.315,0.753,13.0,34.33333,47.33333,21.66667,8.33333,17.0,102.0,-0.11316,0.3536,0.4759,0.55018,1.0,0
45.33333,0.509,0.35033,0.86367,13.0,33.0,46.0,29.66667,8.33333,16.0,124.33333,0.10308,0.47041,0.56975,0.65861,41.66667,0.46633,0.34933,0.79667,10.33333,37.66667,48.0,23.33333,6.0,12.0,106.33333,-0.02192,0.33856,0.51128,0.56918,0.66667,0
41.66667,0.48033,0.37567,0.65967,11.0,36.33333,47.33333,28.33333,7.0,16.33333,107.0,-0.03548,0.3459,0.54536,0.58754,46.66667,0.47833,0.438,0.68933,8.66667,36.33333,45.0,26.66667,8.66667,10.33333,119.33333,0.08842,0.23614,0.54538,0.58619,0.33333,0
39.66667,0.43433,0.35833,0.81267,13.66667,37.33333,51.0,23.0,4.33333,13.33333,109.33333,0.13202,0.39788,0.50368,0.56892,44.0,0.48333,0.38433,0.78367,10.33333,33.0,43.33333,28.0,8.66667,12.0,122.0,0.08449,0.34046,0.56754,0.6339,0.33333,1
38.66667,0.43933,0.30833,0.93633,11.33333,39.33333,50.66667,22.33333,5.0,18.0,104.33333,-0.067,0.35853,0.50388,0.56874,39.66667,0.47567,0.378,0.736,7.66667,36.66667,44.33333,23.33333,5.33333,11.0,108.0,0.07706,0.22641,0.54949,0.61161,0.33333,1
45.66667,0.45967,0.34633,0.84633,12.66667,36.66667,49.33333,24.33333,7.66667,12.66667,123.0,0.01729,0.37297,0.53543,0.59049,42.33333,0.50267,0.45433,0.69867,5.0,32.0,37.0,27.0,10.0,12.66667,115.33333,-0.01867,0.14147,0.58511,0.64359,0.66667,0
43.0,0.472,0.30833,0.741,14.0,36.33333,50.33333,28.0,8.33333,14.0,111.33333,0.17048,0.4232,0.53048,0.58321,38.0,0.41767,0.34333,0.70167,10.33333,29.66667,40.0,23.0,8.33333,12.33333,102.0,-0.1784,0.26623,0.47631,0.53382,1.0,0
43.0,0.49533,0.29933,0.88733,8.0,37.66667,45.66667,25.33333,9.0,10.33333,113.66667,0.13568,0.27795,0.5471,0.62261,35.0,0.407,0.36467,0.787,11.66667,32.0,43.66667,21.66667,5.33333,8.66667,107.33333,-0.0491,0.32118,0.48271,0.57812,0.66667,0
41.66667,0.46333,0.38267,0.807,9.66667,33.66667,43.33333,28.33333,12.0,12.33333,113.33333,0.16839,0.29354,0.54179,0.60118,37.33333,0.43033,0.32333,0.63467,8.66667,29.33333,38.0,22.66667,6.66667,10.66667,100.66667,-0.20967,0.23785,0.48612,0.54662,1.0,0
39.66667,0.44667,0.34333,0.70533,12.33333,32.33333,44.66667,23.66667,7.0,12.66667,110.0,0.07306,0.36804,0.50933,0.58047,38.0,0.42367,0.32733,0.67333,9.0,28.33333,37.33333,21.66667,9.0,11.66667,101.0,-0.19276,0.23449,0.47772,0.5348,1.0,0
44.66667,0.45633,0.38933,0.699,13.0,37.66667,50.66667,28.0,8.0,12.33333,117.0,0.02572,0.34639,0.52721,0.57271,40.66667,0.46233,0.37933,0.796,11.0,40.0,51.0,28.0,6.33333,13.66667,110.33333,0.1242,0.32539,0.53003,0.59491,0.0,1
35.66667,0.41867,0.293,0.802,9.33333,36.33333,45.66667,19.33333,8.0,12.33333,99.66667,-0.04918,0.26327,0.47075,0.55017,38.33333,0.475,0.408,0.73067,7.33333,37.0,44.33333,24.66667,7.33333,12.66667,105.66667,0.09749,0.23427,0.5498,0.61623,0.33333,1
38.66667,0.45533,0.313,0.805,8.0,35.33333,43.33333,20.0,8.33333,12.33333,105.66667,-0.01531,0.23398,0.50579,0.58488,42.0,0.49833,0.38367,0.595,8.0,33.0,41.0,29.0,5.66667,13.33333,103.66667,0.02799,0.2487,0.564,0.59047,0.33333,0
38.0,0.44567,0.34067,0.71367,8.33333,35.33333,43.66667,26.66667,5.0,13.66667,99.0,-0.04824,0.26002,0.51337,0.55715,41.0,0.479,0.39533,0.71067,9.33333,34.0,43.33333,24.0,5.33333,10.66667,105.0,0.06801,0.28634,0.53753,0.58448,0.33333,0
38.33333,0.43967,0.31167,0.59233,10.0,35.33333,45.33333,20.33333,5.33333,10.66667,97.33333,-0.06037,0.28139,0.49591,0.53451,45.0,0.49333,0.44567,0.633,9.0,35.66667,44.66667,29.33333,7.66667,12.0,127.0,0.03051,0.25526,0.58057,0.64998,0.33333,0
39.66667,0.47967,0.36233,0.799,11.33333,33.66667,45.0,23.66667,6.66667,15.33333,114.66667,-0.08196,0.40705,0.55214,0.64355,44.0,0.47233,0.419,0.792,16.66667,40.0,56.66667,25.33333,7.0,18.0,118.66667,0.2097,0.58297,0.54562,0.60594,0.0,1
39.66667,0.48567,0.36967,0.72433,8.0,30.0,38.0,26.0,8.0,14.0,106.33333,0.03874,0.24684,0.55635,0.61393,43.66667,0.51133,0.46167,0.788,5.0,37.33333,42.33333,24.33333,7.66667,10.66667,113.0,0.09891,0.14926,0.58314,0.63379,0.0,0
43.66667,0.445,0.33933,0.76367,10.33333,34.33333,44.66667,26.66667,8.0,10.0,124.33333,0.0647,0.23947,0.52919,0.59678,41.33333,0.452,0.35667,0.75867,10.0,35.66667,45.66667,29.0,5.33333,12.33333,111.0,0.00335,0.30718,0.52034,0.57968,0.66667,0
39.0,0.44367,0.28867,0.73267,11.0,34.66667,45.66667,21.33333,6.33333,11.0,102.0,-0.04052,0.31765,0.4967,0.55089,41.0,0.466,0.362,0.74533,9.33333,31.33333,40.66667,26.66667,5.33333,10.33333,102.33333,0.03204,0.27918,0.52314,0.5624,0.33333,1
40.33333,0.48667,0.336,0.831,9.66667,28.33333,38.0,25.66667,9.33333,16.0,114.0,-0.05728,0.32891,0.54707,0.6409,41.0,0.466,0.266,0.794,8.66667,36.33333,45.0,25.33333,10.66667,11.66667,116.33333,0.10665,0.24547,0.51905,0.61214,0.33333,1
41.66667,0.48033,0.43133,0.85233,8.33333,33.33333,41.66667,25.66667,12.0,13.33333,117.66667,0.24283,0.26307,0.58047,0.64603,42.33333,0.5,0.38367,0.73367,8.0,30.33333,38.33333,25.33333,6.66667,13.33333,118.33333,0.06136,0.24581,0.57468,0.65065,0.33333,0
38.33333,0.43867,0.329,0.75633,7.66667,30.0,37.66667,25.0,9.0,11.66667,99.66667,-0.11501,0.20457,0.49887,0.5476,42.66667,0.44,0.295,0.86967,14.0,30.66667,44.66667,18.0,9.33333,10.66667,115.66667,0.01951,0.37526,0.50099,0.56825,0.66667,0
40.33333,0.44933,0.32967,0.767,13.66667,31.66667,45.33333,26.33333,6.0,13.66667,113.66667,-0.11743,0.37383,0.50851,0.59117,41.33333,0.50767,0.34967,0.75167,7.33333,32.33333,39.66667,22.33333,6.66667,9.66667,108.0,0.11703,0.25446,0.55724,0.62528,0.33333,1
40.66667,0.444,0.29533,0.77567,10.0,31.33333,41.33333,24.33333,7.66667,13.0,104.0,-0.16995,0.26303,0.49698,0.54507,40.66667,0.45067,0.301,0.73733,7.33333,34.33333,41.66667,18.66667,8.33333,12.66667,108.66667,-0.08358,0.20503,0.50263,0.56923,1.0,1
39.33333,0.44167,0.27233,0.653,10.0,30.0,40.0,25.33333,6.66667,14.33333,100.66667,-0.17067,0.26914,0.49334,0.53857,35.33333,0.42633,0.30633,0.84233,9.33333,32.66667,42.0,20.0,9.33333,16.33333,99.0,0.01642,0.28853,0.48462,0.56554,0.33333,0
39.33333,0.45167,0.39633,0.799,12.66667,29.66667,42.33333,22.0,8.33333,10.66667,112.0,0.06861,0.36637,0.52567,0.6033,43.33333,0.47967,0.37167,0.72667,7.66667,38.0,45.66667,28.66667,6.66667,9.0,113.33333,0.08533,0.21027,0.53496,0.59411,0.0,0
36.66667,0.46067,0.35167,0.70767,6.66667,33.0,39.66667,23.33333,6.0,15.33333,109.33333,-0.14186,0.19672,0.53133,0.63203,40.0,0.445,0.35,0.77133,9.0,35.33333,44.33333,24.0,7.66667,7.66667,104.66667,0.19138,0.24165,0.50845,0.56041,0.0,1
44.33333,0.513,0.378,0.73933,11.0,31.33333,42.33333,29.66667,7.33333,15.66667,122.0,-0.0243,0.345,0.58259,0.66021,42.0,0.48333,0.45633,0.76667,6.0,35.66667,41.66667,24.0,7.0,12.0,110.0,0.07156,0.1732,0.57102,0.61108,0.0,1
32.33333,0.40167,0.31433,0.78567,7.66667,34.33333,42.0,20.0,7.33333,12.33333,94.33333,-0.0143,0.2149,0.47053,0.55338,43.33333,0.46033,0.32667,0.71333,8.33333,35.33333,43.66667,27.66667,9.0,14.66667,116.66667,-0.08723,0.20023,0.52447,0.58726,1.0,0
42.33333,0.48433,0.35967,0.74233,7.66667,36.66667,44.33333,21.66667,8.66667,15.33333,116.33333,0.07899,0.23868,0.55133,0.62243,41.66667,0.44533,0.355,0.70333,10.33333,36.66667,47.0,26.0,5.66667,17.33333,111.33333,-0.15127,0.28784,0.51818,0.56827,1.0,1
44.66667,0.49133,0.37933,0.815,14.0,37.66667,51.66667,26.33333,7.33333,14.33333,127.66667,0.24365,0.54516,0.55923,0.6524,43.66667,0.44767,0.34167,0.775,16.0,34.33333,50.33333,28.66667,9.0,11.66667,116.66667,0.10766,0.48229,0.50777,0.56942,0.33333,0
37.66667,0.43333,0.37433,0.77333,9.0,32.0,41.0,20.66667,8.0,14.33333,109.33333,-0.01743,0.24359,0.51183,0.58922,46.33333,0.49067,0.37567,0.76067,11.66667,40.66667,52.33333,29.33333,7.0,12.66667,122.66667,0.14967,0.33805,0.55649,0.6167,0.33333,1
44.0,0.48133,0.30867,0.73233,11.33333,34.33333,45.66667,27.66667,8.0,15.33333,111.66667,-0.04281,0.35896,0.52901,0.58181,37.0,0.41767,0.33467,0.74133,13.0,34.0,47.0,22.33333,6.33333,17.33333,105.66667,-0.15373,0.34922,0.48956,0.56123,1.0,0
43.0,0.47133,0.33333,0.77867,11.0,31.33333,42.33333,27.33333,6.66667,10.0,116.33333,-0.05278,0.32332,0.52804,0.60314,38.66667,0.42833,0.29433,0.79767,13.33333,30.33333,43.66667,21.66667,7.33333,15.66667,109.33333,-0.15042,0.35491,0.48997,0.56984,1.0,0
41.0,0.471,0.32467,0.78733,12.0,28.33333,40.33333,24.0,10.0,16.0,112.66667,-0.02339,0.36957,0.52646,0.60712,40.66667,0.454,0.35633,0.78167,9.66667,32.0,41.66667,21.0,2.33333,9.33333,106.66667,-0.26675,0.26765,0.5044,0.56684,1.0,0
39.33333,0.456,0.35733,0.711,10.66667,34.0,44.66667,24.33333,7.0,12.0,105.33333,-0.00656,0.32225,0.53183,0.58143,40.66667,0.45233,0.36267,0.755,10.66667,37.66667,48.33333,25.0,7.66667,12.33333,114.33333,0.12308,0.33053,0.52434,0.59701,0.33333,1
39.66667,0.435,0.28533,0.93467,12.0,36.0,48.0,23.33333,5.33333,16.33333,100.0,-0.13276,0.36581,0.48979,0.53387,45.0,0.48867,0.31867,0.82433,10.66667,31.0,41.66667,31.0,6.66667,12.66667,116.33333,-0.06288,0.33432,0.53788,0.60159,0.66667,1
44.0,0.45,0.358,0.84933,13.66667,36.66667,50.33333,26.0,7.33333,13.0,114.66667,0.03984,0.39736,0.5094,0.56339,41.66667,0.47733,0.39867,0.813,5.66667,35.33333,41.0,25.66667,8.0,9.33333,107.0,0.02379,0.15116,0.5328,0.58739,0.33333,0
35.66667,0.395,0.26467,0.694,11.0,31.66667,42.66667,21.0,8.33333,12.0,99.66667,-0.13972,0.28201,0.44675,0.51634,36.0,0.42867,0.31567,0.73567,8.0,29.33333,37.33333,21.0,7.0,8.66667,99.66667,-0.16209,0.21824,0.48214,0.55546,1.0,0
50.0,0.56933,0.515,0.65633,7.33333,36.33333,43.66667,31.33333,8.0,14.66667,132.0,0.12853,0.25126,0.66403,0.70918,40.66667,0.472,0.39733,0.76433,10.33333,39.0,49.33333,26.33333,3.0,11.66667,111.66667,0.05694,0.32045,0.54147,0.60921,0.0,1
37.66667,0.39467,0.227,0.79933,12.0,35.0,47.0,22.33333,6.66667,13.66667,100.33333,-0.21474,0.28323,0.43322,0.49895,36.0,0.42067,0.353,0.76933,9.66667,36.0,45.66667,21.0,7.0,11.0,105.66667,-0.04143,0.26502,0.4952,0.57752,0.66667,1
42.33333,0.47767,0.391,0.769,10.66667,36.66667,47.33333,28.66667,6.0,14.0,111.33333,0.07543,0.3953,0.55669,0.60325,42.33333,0.45033,0.27833,0.69033,8.66667,38.66667,47.33333,21.0,9.0,11.33333,109.66667,0.02213,0.21892,0.49813,0.55341,0.66667,0
41.66667,0.43433,0.37733,0.81567,11.33333,29.66667,41.0,27.0,5.66667,13.0,109.66667,-0.18208,0.28571,0.50712,0.55151,43.33333,0.49133,0.40567,0.81733,14.0,35.66667,49.66667,21.66667,9.0,17.33333,118.66667,0.11851,0.49102,0.56537,0.63507,0.0,1
47.33333,0.51,0.379,0.701,10.33333,33.33333,43.66667,29.0,6.66667,9.0,121.0,0.02026,0.30517,0.57659,0.62189,43.33333,0.46133,0.36567,0.73267,12.0,37.0,49.0,29.66667,7.33333,14.66667,118.0,-0.04598,0.35724,0.52819,0.59235,0.66667,0
42.33333,0.506,0.33333,0.762,11.0,30.66667,41.66667,28.33333,8.0,15.0,114.66667,-0.09854,0.38888,0.56971,0.64269,40.33333,0.43733,0.28033,0.835,12.66667,30.0,42.66667,20.33333,7.33333,13.66667,111.0,-0.17619,0.32675,0.49596,0.57047,1.0,1
43.66667,0.44533,0.33967,0.632,14.0,34.33333,48.33333,28.0,8.66667,10.33333,111.66667,-0.01315,0.39124,0.5033,0.54518,44.33333,0.469,0.315,0.77733,14.33333,38.66667,53.0,25.66667,6.66667,15.66667,117.0,-0.04609,0.47002,0.52899,0.58867,1.0,1
39.33333,0.49233,0.39667,0.73567,8.33333,33.33333,41.66667,27.0,6.66667,13.66667,106.66667,0.13492,0.2561,0.55893,0.62625,43.0,0.50867,0.424,0.738,8.33333,35.33333,43.66667,24.0,7.0,11.33333,111.33333,0.2046,0.25579,0.56871,0.62487,0.0,1
39.0,0.43267,0.345,0.795,11.33333,34.66667,46.0,20.33333,8.0,11.0,112.33333,0.02376,0.34039,0.50981,0.58678,42.0,0.47367,0.30567,0.78833,8.66667,33.66667,42.33333,30.66667,5.33333,13.33333,110.66667,-0.06193,0.28069,0.52625,0.59281,0.66667,0
38.0,0.428,0.32567,0.736,10.33333,32.0,42.33333,21.33333,6.66667,12.0,100.33333,-0.12366,0.27135,0.49445,0.54131,38.0,0.45667,0.34867,0.764,9.0,36.0,45.0,23.66667,9.33333,18.66667,100.0,-0.13498,0.28825,0.5196,0.57417,0.66667,0
48.33333,0.49533,0.403,0.70333,9.66667,35.33333,45.0,31.33333,8.66667,9.33333,123.66667,0.22818,0.25397,0.57032,0.61087,41.0,0.43533,0.369,0.659,11.33333,29.0,40.33333,21.66667,9.66667,13.33333,109.0,-0.19482,0.31617,0.50607,0.55188,1.0,1
38.33333,0.43067,0.33333,0.75333,8.0,31.0,39.0,23.33333,10.0,11.66667,102.33333,-0.0561,0.20895,0.48787,0.54729,39.33333,0.44533,0.31933,0.77733,11.0,31.66667,42.66667,25.66667,7.33333,17.33333,105.33333,-0.17822,0.34268,0.50474,0.56922,0.66667,0
44.0,0.51933,0.37467,0.66067,9.0,40.66667,49.66667,28.33333,4.0,15.33333,113.0,0.04177,0.29924,0.59395,0.63437,37.66667,0.411,0.28033,0.67267,9.0,39.0,48.0,23.66667,4.33333,15.0,97.0,-0.26117,0.21426,0.46851,0.50805,1.0,0
39.0,0.43967,0.35067,0.709,12.33333,29.33333,41.66667,23.66667,8.33333,12.66667,106.33333,-0.03673,0.33382,0.50677,0.56667,41.0,0.45067,0.301,0.80633,6.66667,38.33333,45.0,24.66667,7.0,11.33333,105.0,-0.06246,0.17192,0.49267,0.55038,0.66667,0
38.0,0.42967,0.33667,0.801,8.33333,36.0,44.33333,23.33333,7.0,12.66667,107.66667,-0.13237,0.21053,0.49077,0.57001,43.0,0.476,0.362,0.689,8.0,37.0,45.0,26.0,7.0,11.0,110.33333,0.01708,0.20358,0.52764,0.57996,0.33333,1
42.0,0.46333,0.32,0.757,11.66667,33.66667,45.33333,26.0,9.66667,17.33333,108.0,-0.07792,0.36174,0.51672,0.56963,35.66667,0.41967,0.36633,0.78067,8.66667,37.0,45.66667,24.66667,6.66667,9.33333,101.66667,0.15147,0.22935,0.48849,0.56376,0.0,1
41.33333,0.45833,0.28967,0.79833,10.33333,33.33333,43.66667,23.0,7.33333,9.66667,117.0,0.01395,0.29339,0.51344,0.60274,39.66667,0.458,0.37667,0.84033,7.33333,32.33333,39.66667,19.33333,9.0,12.33333,110.0,-0.12623,0.20668,0.52741,0.60099,0.66667,1
44.33333,0.48567,0.36733,0.75333,14.0,33.66667,47.66667,25.33333,8.33333,14.33333,121.33333,0.2284,0.48621,0.54187,0.62086,40.66667,0.45833,0.42533,0.70833,6.66667,32.66667,39.33333,26.33333,9.66667,9.0,110.0,0.06093,0.17682,0.53738,0.58873,0.33333,0
47.0,0.51867,0.34233,0.83033,13.0,34.33333,47.33333,31.33333,7.0,15.0,127.0,0.1298,0.44919,0.57996,0.6608,41.0,0.43033,0.38067,0.78867,15.66667,40.0,55.66667,26.66667,7.33333,15.0,110.33333,0.14018,0.50925,0.49494,0.5537,0.33333,1
37.66667,0.42733,0.325,0.77033,10.0,34.33333,44.33333,23.0,6.33333,13.0,107.0,-0.02138,0.26423,0.49396,0.57001,44.66667,0.487,0.36367,0.68233,8.0,33.33333,41.33333,27.33333,7.66667,10.0,111.33333,-0.08977,0.21762,0.5401,0.58325,0.66667,1
38.66667,0.44733,0.35967,0.81067,11.66667,35.66667,47.33333,27.33333,8.66667,16.66667,112.66667,0.10803,0.36321,0.50992,0.60425,39.0,0.454,0.342,0.70933,9.66667,29.66667,39.33333,25.0,7.66667,12.66667,106.33333,-0.19873,0.29936,0.52918,0.58556,1.0,0
47.0,0.49933,0.431,0.77,14.66667,30.0,44.66667,27.66667,8.66667,13.0,124.66667,0.22773,0.48162,0.56969,0.62829,39.0,0.42667,0.33233,0.83367,9.33333,36.66667,46.0,20.0,10.33333,13.0,113.0,0.03431,0.26777,0.49401,0.57938,0.66667,0
48.33333,0.51433,0.344,0.706,12.0,35.0,47.0,32.66667,8.66667,13.0,125.0,0.12466,0.38986,0.57665,0.6318,42.66667,0.48533,0.35867,0.89433,8.0,37.0,45.0,30.33333,7.0,13.66667,115.33333,0.00561,0.2586,0.54743,0.62214,0.33333,1
43.33333,0.51367,0.38367,0.73133,9.33333,38.33333,47.66667,31.0,11.66667,12.66667,120.66667,0.22475,0.30081,0.57908,0.6616,41.66667,0.456,0.37067,0.67167,10.33333,36.33333,46.66667,22.0,10.0,12.33333,114.66667,0.06833,0.28967,0.53074,0.59025,0.33333,0
39.33333,0.45267,0.29867,0.86167,11.0,36.33333,47.33333,21.0,4.0,14.33333,101.33333,-0.11051,0.3314,0.50437,0.55906,42.66667,0.46333,0.36167,0.785,9.66667,40.33333,50.0,27.33333,5.0,17.66667,110.33333,-0.0041,0.27949,0.53032,0.57641,0.66667,0
41.33333,0.44167,0.317,0.742,13.33333,32.0,45.33333,26.33333,6.33333,13.66667,109.33333,-0.17921,0.35528,0.49798,0.55601,38.33333,0.421,0.357,0.69833,11.33333,32.66667,44.0,21.66667,8.33333,14.33333,104.33333,-0.15951,0.3129,0.49035,0.54759,0.66667,0
42.0,0.42867,0.353,0.865,12.0,38.33333,50.33333,25.66667,9.33333,13.33333,110.33333,0.11369,0.32791,0.48812,0.54186,39.33333,0.45733,0.28933,0.78467,8.0,35.0,43.0,21.66667,9.33333,15.0,104.33333,-0.07811,0.23164,0.50316,0.57408,0.66667,0
44.66667,0.49833,0.38133,0.77267,12.33333,36.33333,48.66667,28.33333,9.33333,13.66667,115.0,0.13618,0.41833,0.56709,0.61514,35.66667,0.44833,0.329,0.615,5.66667,27.66667,33.33333,23.66667,7.33333,16.66667,92.0,-0.36323,0.16409,0.50274,0.55125,1.0,0
39.33333,0.42367,0.32133,0.81867,11.66667,36.0,47.66667,20.66667,9.0,12.0,107.66667,0.00882,0.33761,0.4902,0.5535,37.0,0.45233,0.32967,0.80633,8.33333,33.33333,41.66667,20.66667,6.0,9.66667,100.66667,-0.11269,0.25718,0.503,0.57948,1.0,1
37.33333,0.4,0.279,0.734,12.33333,34.0,46.33333,24.66667,5.66667,13.0,105.33333,-0.21426,0.29438,0.46813,0.53411,46.33333,0.51067,0.41833,0.797,10.66667,35.0,45.66667,30.0,4.0,10.66667,121.0,0.06714,0.33992,0.58477,0.63703,0.0,1
44.66667,0.50933,0.41033,0.85167,9.66667,34.66667,44.33333,26.66667,8.0,11.66667,116.0,0.16519,0.34403,0.5778,0.63468,41.33333,0.46433,0.40867,0.88,10.0,35.0,45.0,28.66667,7.66667,12.66667,119.0,0.003,0.33267,0.54991,0.62988,0.33333,0
38.33333,0.436,0.34333,0.74133,14.0,38.33333,52.33333,22.66667,4.0,13.66667,110.0,0.16462,0.46269,0.49856,0.58168,40.66667,0.48233,0.363,0.84267,6.66667,36.0,42.66667,26.66667,6.66667,10.66667,109.0,0.08115,0.19863,0.55528,0.61615,0.33333,0
33.0,0.398,0.226,0.76167,10.33333,33.0,43.33333,19.0,7.33333,9.66667,93.66667,-0.15244,0.28063,0.4361,0.52549,41.66667,0.454,0.31933,0.72933,14.33333,40.33333,54.66667,23.33333,8.33333,16.33333,112.0,0.01737,0.43611,0.5124,0.57728,0.33333,0
45.33333,0.50933,0.43833,0.755,9.66667,35.0,44.66667,31.66667,7.66667,13.66667,123.33333,0.12188,0.36953,0.59558,0.65497,39.66667,0.46467,0.366,0.81633,8.66667,30.0,38.66667,21.66667,9.66667,12.33333,110.66667,-0.0834,0.27433,0.53311,0.60997,0.66667,0
41.0,0.46667,0.364,0.747,8.0,30.33333,38.33333,25.33333,8.33333,12.0,110.0,-0.00535,0.22439,0.53641,0.59421,38.33333,0.456,0.32867,0.80867,8.0,27.33333,35.33333,24.0,5.66667,12.33333,109.0,-0.27573,0.24895,0.52838,0.60976,1.0,0
41.33333,0.46667,0.38633,0.79167,11.0,35.0,46.0,23.33333,6.33333,15.0,110.66667,-0.04148,0.32938,0.55152,0.60033,40.66667,0.47467,0.41533,0.751,10.66667,33.66667,44.33333,25.0,10.33333,13.33333,106.0,0.18638,0.31387,0.53394,0.58917,0.0,1
40.0,0.40867,0.323,0.83333,14.66667,30.33333,45.0,25.0,7.33333,13.33333,106.0,-0.1935,0.37262,0.46503,0.51983,43.66667,0.50533,0.40433,0.80367,8.66667,33.0,41.66667,20.33333,7.66667,15.33333,113.66667,-0.10281,0.2937,0.56317,0.62653,0.66667,0
38.33333,0.44167,0.29367,0.672,14.33333,33.33333,47.66667,23.0,7.33333,19.66667,103.0,-0.26094,0.44333,0.49694,0.55878,38.33333,0.46667,0.35633,0.81667,12.33333,33.0,45.33333,24.66667,4.66667,16.33333,108.0,-0.04379,0.40231,0.53015,0.6179,0.66667,0
46.33333,0.49,0.343,0.747,11.33333,34.66667,46.0,30.0,6.33333,14.33333,117.66667,-0.08742,0.31502,0.55676,0.59856,43.0,0.46567,0.32167,0.77733,14.33333,38.33333,52.66667,25.66667,7.33333,16.33333,112.66667,-0.01165,0.45397,0.52505,0.58216,0.66667,1
43.33333,0.48867,0.38967,0.89167,9.0,37.0,46.0,27.33333,9.0,13.33333,114.33333,0.12689,0.26535,0.55085,0.61625,41.66667,0.481,0.32067,0.738,8.33333,31.0,39.33333,29.0,9.33333,16.66667,106.0,-0.15559,0.27381,0.52369,0.58273,0.66667,0
42.33333,0.474,0.37467,0.74433,12.33333,30.33333,42.66667,28.0,11.33333,12.0,119.66667,0.19719,0.36528,0.53881,0.62167,41.0,0.45367,0.313,0.843,12.33333,35.66667,48.0,24.66667,8.66667,15.0,118.0,-0.02678,0.39141,0.50679,0.60587,0.33333,0
48.33333,0.511,0.43467,0.85733,9.33333,34.66667,44.0,34.33333,7.33333,9.33333,126.33333,0.23631,0.28345,0.59193,0.64539,44.66667,0.50767,0.35567,0.86767,9.33333,30.0,39.33333,28.66667,8.33333,12.33333,116.33333,0.0135,0.30608,0.5654,0.63025,0.66667,0
43.0,0.45633,0.39133,0.778,11.33333,32.33333,43.66667,26.0,8.0,10.33333,116.33333,-0.01816,0.30289,0.53323,0.5883,36.0,0.44,0.28833,0.904,10.66667,33.33333,44.0,21.0,7.0,15.66667,101.33333,-0.00736,0.37177,0.49378,0.58467,0.66667,0
42.33333,0.46867,0.37067,0.82333,8.66667,35.0,43.66667,22.0,10.66667,12.0,114.33333,0.05813,0.2401,0.52926,0.59926,41.33333,0.47367,0.34667,0.766,11.66667,33.33333,45.0,26.66667,4.66667,12.33333,109.66667,0.05182,0.37374,0.53844,0.59739,0.33333,0
44.0,0.48967,0.348,0.71367,7.66667,33.66667,41.33333,27.33333,8.33333,14.33333,116.0,-0.07279,0.20977,0.56451,0.61611,43.0,0.466,0.39733,0.79667,10.0,40.0,50.0,26.33333,6.66667,11.33333,114.66667,0.12985,0.27123,0.52366,0.58913,0.33333,0
41.33333,0.478,0.388,0.867,10.0,31.66667,41.66667,22.66667,9.0,10.66667,117.33333,0.07024,0.2944,0.54541,0.63503,37.33333,0.46333,0.367,0.80367,7.33333,37.66667,45.0,27.33333,6.66667,12.0,111.66667,0.14821,0.21285,0.53305,0.63538,0.0,1
43.0,0.50267,0.42967,0.80233,7.0,33.33333,40.33333,26.33333,8.66667,11.66667,119.33333,0.08313,0.22619,0.59352,0.66161,37.33333,0.441,0.32267,0.80033,8.66667,35.0,43.66667,21.33333,10.33333,18.33333,109.33333,-0.17555,0.23357,0.49727,0.59554,1.0,0
39.66667,0.45033,0.342,0.77133,8.66667,33.66667,42.33333,25.66667,6.0,11.66667,111.33333,-0.08508,0.231,0.5112,0.59109,42.33333,0.44033,0.30433,0.757,14.0,33.0,47.0,25.0,7.66667,15.66667,117.66667,-0.05169,0.35776,0.49608,0.57269,0.66667,1
40.33333,0.45233,0.31233,0.87533,12.33333,37.33333,49.66667,27.66667,8.66667,15.66667,112.66667,0.0519,0.37926,0.49907,0.59301,41.33333,0.45333,0.393,0.738,10.66667,33.0,43.66667,26.33333,5.0,16.66667,109.33333,-0.19399,0.34313,0.52592,0.57923,1.0,0
50.0,0.53467,0.37867,0.677,10.66667,36.33333,47.0,31.33333,8.33333,9.0,127.33333,0.16802,0.34487,0.59871,0.64616,41.66667,0.482,0.33533,0.81567,8.33333,31.0,39.33333,22.0,9.66667,12.66667,111.33333,-0.10496,0.26209,0.53928,0.6094,0.66667,0
42.66667,0.46967,0.429,0.77533,8.66667,32.0,40.66667,24.33333,8.33333,12.66667,111.33333,-0.08465,0.24246,0.53881,0.59233,42.66667,0.473,0.33333,0.80233,9.33333,30.0,39.33333,21.33333,4.33333,8.33333,111.66667,-0.16966,0.26765,0.52091,0.58766,1.0,0
51.33333,0.55767,0.41067,0.77433,8.66667,35.66667,44.33333,31.33333,10.0,9.0,131.66667,0.2515,0.30591,0.62995,0.68146,38.0,0.44167,0.28833,0.811,7.66667,33.66667,41.33333,21.0,11.33333,15.66667,108.33333,-0.08004,0.21401,0.50068,0.58495,0.66667,0
43.33333,0.47633,0.37367,0.90367,8.66667,38.33333,47.0,23.33333,8.66667,14.0,122.0,0.01487,0.25951,0.54749,0.63288,41.66667,0.459,0.371,0.72833,9.0,36.66667,45.66667,22.0,9.66667,11.33333,114.33333,0.05188,0.261,0.53257,0.5945,0.33333,0
38.66667,0.44167,0.32167,0.76633,11.33333,38.33333,49.66667,21.0,5.0,13.66667,101.0,-0.04197,0.32702,0.50243,0.55224,45.33333,0.51233,0.37167,0.81667,5.66667,34.33333,40.0,31.66667,7.0,12.66667,118.66667,0.04298,0.16487,0.57902,0.64149,0.33333,0
43.66667,0.45967,0.34133,0.865,8.33333,38.0,46.33333,26.66667,9.66667,12.0,115.33333,0.08569,0.22535,0.51392,0.57879,40.66667,0.47367,0.34167,0.813,9.0,37.0,46.0,23.33333,6.66667,12.0,106.0,0.08007,0.25971,0.53623,0.59138,0.33333,1
40.66667,0.48433,0.35,0.775,10.0,34.0,44.0,25.33333,7.0,14.33333,106.0,0.04112,0.30722,0.54887,0.60284,40.0,0.42633,0.28633,0.84033,10.0,35.0,45.0,24.0,7.33333,13.0,100.33333,-0.13923,0.28682,0.46842,0.51692,1.0,0
45.66667,0.50033,0.36633,0.81333,11.0,37.33333,48.33333,28.33333,7.0,13.66667,125.0,0.03851,0.32945,0.56906,0.64503,39.66667,0.48,0.47833,0.88233,8.33333,34.0,42.33333,22.66667,4.33333,10.66667,109.0,-0.05952,0.26781,0.55134,0.62537,0.66667,0
39.66667,0.451,0.33667,0.75133,10.33333,31.66667,42.0,24.0,7.66667,9.33333,112.0,-0.03167,0.29148,0.51973,0.595,46.66667,0.477,0.316,0.74233,10.66667,41.66667,52.33333,26.0,7.33333,13.0,120.0,0.05026,0.28558,0.53128,0.58455,0.66667,1
34.33333,0.43133,0.36667,0.74,7.66667,35.33333,43.0,21.33333,9.0,12.66667,100.33333,0.07605,0.2149,0.51741,0.59373,46.0,0.52767,0.39633,0.784,8.33333,36.33333,44.66667,29.33333,4.33333,13.66667,123.66667,0.1124,0.28365,0.60325,0.67124,0.0,0
36.33333,0.417,0.27667,0.81267,11.66667,33.0,44.66667,23.0,8.33333,8.66667,103.66667,0.03006,0.34095,0.48467,0.56162,38.33333,0.45867,0.293,0.83333,6.66667,33.33333,40.0,21.33333,10.0,15.0,106.0,-0.09967,0.1861,0.50714,0.59157,0.66667,0
39.66667,0.45833,0.37967,0.779,9.0,33.33333,42.33333,24.33333,8.66667,13.33333,108.33333,0.11842,0.24632,0.53127,0.59289,43.0,0.48,0.277,0.70333,10.0,38.66667,48.66667,22.0,6.66667,15.0,105.33333,0.02829,0.3254,0.53263,0.56871,0.66667,1
44.33333,0.51867,0.482,0.82767,9.33333,35.66667,45.0,30.33333,8.0,16.66667,127.0,0.15606,0.36164,0.60571,0.69333,45.66667,0.52633,0.32933,0.718,9.66667,39.0,48.66667,24.33333,6.33333,16.33333,111.66667,0.10807,0.34524,0.58671,0.62243,0.33333,1
41.0,0.47567,0.37867,0.782,9.66667,32.66667,42.33333,23.66667,6.66667,15.66667,112.0,-0.08121,0.2938,0.55802,0.61793,44.33333,0.50667,0.35267,0.81467,4.33333,37.66667,42.0,27.33333,6.33333,13.33333,115.33333,-0.04195,0.13217,0.57165,0.62719,1.0,0
37.66667,0.41833,0.28533,0.71033,15.33333,38.66667,54.0,22.33333,6.0,14.0,103.66667,0.09594,0.47515,0.46819,0.5398,39.0,0.44767,0.367,0.62567,10.66667,30.33333,41.0,22.66667,5.66667,11.66667,101.0,-0.08398,0.30747,0.4974,0.54688,0.66667,0
40.66667,0.42467,0.342,0.787,14.33333,30.33333,44.66667,25.33333,6.33333,10.0,112.0,-0.08656,0.40411,0.48453,0.55296,41.33333,0.45867,0.467,0.84667,10.0,34.33333,44.33333,24.0,4.0,12.0,114.66667,-0.03714,0.29033,0.54274,0.6068,0.33333,1
43.33333,0.491,0.47567,0.79433,9.0,31.66667,40.66667,24.66667,7.33333,13.66667,117.33333,-0.02809,0.27817,0.57445,0.6366,41.66667,0.44233,0.351,0.68,12.66667,31.0,43.66667,26.33333,5.66667,16.33333,107.0,-0.22622,0.39358,0.50766,0.55154,1.0,0
44.33333,0.503,0.371,0.69567,14.0,32.33333,46.33333,27.0,6.0,16.33333,110.66667,-0.10244,0.50721,0.55546,0.60001,40.0,0.42767,0.32967,0.83667,16.33333,30.0,46.33333,25.33333,10.33333,13.33333,114.33333,0.07057,0.54392,0.48461,0.57412,0.33333,0
35.66667,0.43967,0.32567,0.82433,10.66667,38.0,48.66667,24.0,6.0,18.0,100.66667,-0.01318,0.32209,0.49991,0.5837,42.33333,0.45833,0.41733,0.914,12.33333,37.0,49.33333,26.66667,7.66667,12.33333,124.66667,0.03595,0.38079,0.54693,0.6353,0.33333,1
39.0,0.44967,0.30833,0.84467,9.33333,35.66667,45.0,25.33333,7.33333,7.33333,114.33333,0.07478,0.26786,0.52756,0.61721,42.0,0.476,0.328,0.80733,10.0,35.33333,45.33333,26.66667,6.66667,16.33333,117.66667,-0.07638,0.3339,0.53038,0.62005,0.33333,0
50.33333,0.54633,0.40533,0.82133,9.0,36.66667,45.66667,32.33333,10.66667,10.0,131.0,0.2749,0.31667,0.62439,0.67949,36.66667,0.42767,0.238,0.824,14.0,34.0,48.0,22.66667,6.66667,15.0,97.0,-0.03939,0.45034,0.47278,0.53826,0.66667,1
43.33333,0.50067,0.40833,0.76967,9.66667,38.33333,48.0,29.66667,10.33333,13.0,121.66667,0.20129,0.32108,0.56985,0.65272,41.33333,0.47867,0.41633,0.75033,11.33333,33.33333,44.66667,23.33333,10.33333,14.0,110.66667,0.21017,0.35901,0.55007,0.60873,0.0,1
35.33333,0.37433,0.285,0.78667,11.33333,34.66667,46.0,23.33333,6.33333,13.33333,100.0,-0.21095,0.26256,0.44019,0.50503,33.66667,0.4,0.324,0.61133,11.66667,27.33333,39.0,20.33333,8.0,12.0,90.66667,-0.23144,0.33664,0.45867,0.51139,1.0,1
41.0,0.422,0.34467,0.59867,13.0,32.66667,45.66667,25.33333,9.66667,12.33333,107.66667,-0.09766,0.33382,0.49353,0.53087,43.33333,0.507,0.38767,0.72267,5.33333,33.33333,38.66667,29.33333,8.0,13.66667,119.0,-0.07004,0.15399,0.58851,0.65265,1.0,0
47.33333,0.50033,0.434,0.89067,8.0,37.66667,45.66667,32.33333,8.33333,11.66667,129.33333,0.09731,0.23856,0.57846,0.65038,46.0,0.473,0.354,0.86833,13.0,38.66667,51.66667,27.0,7.66667,12.66667,119.0,0.08672,0.35686,0.52811,0.58723,0.66667,0
43.66667,0.48067,0.39667,0.75033,10.33333,38.66667,49.0,26.0,6.66667,10.66667,117.33333,0.09155,0.29724,0.55015,0.61138,38.66667,0.46433,0.402,0.769,7.66667,37.66667,45.33333,27.33333,9.66667,13.33333,115.0,0.133,0.20816,0.52978,0.63155,0.0,0
43.33333,0.463,0.35,0.88133,12.0,39.33333,51.33333,31.0,6.0,15.33333,122.33333,0.07446,0.36835,0.53108,0.61667,40.66667,0.45033,0.37367,0.80433,11.0,39.66667,50.66667,23.33333,8.33333,20.33333,117.66667,-0.14092,0.32478,0.51499,0.60605,1.0,1
34.66667,0.39067,0.30733,0.80767,8.33333,33.66667,42.0,22.0,5.0,11.66667,93.0,-0.31133,0.18516,0.44594,0.50347,42.0,0.482,0.38733,0.80233,6.0,34.66667,40.66667,29.0,6.33333,15.33333,120.66667,-0.05459,0.16954,0.57024,0.65038,1.0,1
41.0,0.441,0.322,0.77867,11.66667,31.66667,43.33333,26.33333,10.0,14.33333,110.0,-0.07067,0.32973,0.49657,0.56105,45.33333,0.48567,0.326,0.844,11.66667,36.66667,48.33333,30.66667,9.0,15.33333,118.33333,0.05534,0.32927,0.54478,0.60478,0.66667,1
45.33333,0.49933,0.423,0.72433,13.33333,26.66667,40.0,28.66667,10.0,13.33333,119.33333,0.2024,0.45793,0.56492,0.62149,41.66667,0.437,0.33533,0.77433,13.0,32.66667,45.66667,20.33333,8.33333,12.33333,111.66667,0.02056,0.3543,0.50627,0.55908,0.66667,0
38.33333,0.43,0.317,0.81333,10.66667,30.0,40.66667,25.33333,4.33333,10.0,108.0,-0.17628,0.2773,0.4842,0.56814,42.0,0.47333,0.42067,0.633,8.66667,35.66667,44.33333,27.33333,6.0,12.0,120.66667,0.01503,0.23423,0.56081,0.63427,0.33333,1
49.66667,0.54167,0.437,0.75367,10.66667,31.66667,42.33333,28.66667,9.33333,13.66667,131.33333,0.06981,0.33586,0.61542,0.67684,41.0,0.48133,0.341,0.783,6.33333,32.66667,39.0,23.0,8.66667,15.0,111.0,-0.02153,0.18122,0.55228,0.61804,0.66667,0
50.0,0.54767,0.445,0.62067,9.66667,32.66667,42.33333,30.33333,8.33333,13.33333,129.66667,0.04524,0.29545,0.62179,0.66836,38.66667,0.461,0.37967,0.599,10.33333,29.0,39.33333,24.0,7.0,12.66667,105.66667,-0.1363,0.30361,0.51231,0.58129,0.66667,0
40.33333,0.45233,0.354,0.78967,8.66667,33.0,41.66667,25.33333,6.66667,13.66667,107.33333,-0.09259,0.24271,0.52023,0.57376,43.66667,0.452,0.34733,0.73,8.33333,35.66667,44.0,24.66667,9.33333,8.66667,120.0,-0.0518,0.20655,0.52137,0.58522,0.66667,1
41.0,0.48067,0.364,0.792,10.0,40.33333,50.33333,22.66667,4.33333,14.0,111.0,0.03164,0.32098,0.54867,0.61531,40.66667,0.46167,0.35433,0.81167,8.33333,39.33333,47.66667,27.66667,6.33333,14.66667,116.66667,0.02154,0.23303,0.53761,0.62124,0.66667,0
43.66667,0.47967,0.34633,0.83433,11.33333,36.0,47.33333,22.0,11.0,12.66667,117.33333,0.18064,0.36199,0.54009,0.61039,44.66667,0.48067,0.42067,0.51767,9.33333,29.33333,38.66667,26.66667,8.0,10.33333,117.33333,-0.15544,0.25811,0.56844,0.60212,0.66667,1
48.33333,0.47633,0.363,0.81833,10.0,38.66667,48.66667,30.66667,10.0,14.0,122.66667,0.04303,0.25602,0.53558,0.58237,42.0,0.47833,0.46033,0.92367,9.0,34.33333,43.33333,23.0,3.66667,11.33333,115.0,-0.07314,0.26688,0.54827,0.62385,0.66667,1
44.0,0.52367,0.39333,0.799,7.66667,34.0,41.66667,27.66667,6.33333,12.33333,115.33333,0.18204,0.26235,0.59933,0.6546,41.66667,0.42033,0.22767,0.877,15.33333,39.33333,54.66667,22.33333,7.66667,13.66667,107.66667,0.0166,0.41191,0.45749,0.51979,0.33333,1
38.66667,0.44033,0.347,0.83067,10.0,28.66667,38.66667,24.33333,7.0,10.33333,106.66667,-0.13108,0.28725,0.51441,0.57836,37.33333,0.393,0.259,0.79233,12.33333,33.66667,46.0,21.33333,6.66667,12.66667,96.66667,-0.27768,0.33871,0.43502,0.48934,1.0,1
43.33333,0.493,0.345,0.78733,8.0,38.0,46.0,29.33333,7.66667,11.66667,108.33333,0.11569,0.2419,0.54961,0.59414,40.66667,0.452,0.35067,0.76367,11.0,35.33333,46.33333,22.0,7.33333,12.0,112.0,-0.02102,0.29406,0.5044,0.58268,0.66667,1
43.33333,0.51567,0.39433,0.71667,10.0,35.0,45.0,29.33333,12.33333,12.0,122.33333,0.2977,0.31528,0.57738,0.66702,44.66667,0.46833,0.33833,0.805,11.33333,38.0,49.33333,27.0,7.33333,13.66667,118.33333,0.05034,0.30556,0.52569,0.58631,0.33333,0
39.66667,0.472,0.41933,0.807,6.33333,35.0,41.33333,26.0,7.66667,15.0,118.66667,0.00367,0.17477,0.54835,0.65058,39.66667,0.421,0.30733,0.82733,8.0,34.66667,42.66667,20.66667,6.33333,8.66667,101.0,-0.14198,0.19371,0.47644,0.51738,1.0,0
39.66667,0.43767,0.32,0.83333,11.66667,31.0,42.66667,23.0,11.0,11.66667,116.0,-0.03304,0.33323,0.48168,0.59058,40.33333,0.46533,0.327,0.736,9.33333,31.0,40.33333,25.33333,9.33333,12.66667,109.0,-0.14151,0.29316,0.5346,0.59477,1.0,0
40.0,0.47833,0.41833,0.75067,8.66667,36.33333,45.0,21.0,5.0,13.66667,107.66667,-0.05661,0.25698,0.54862,0.60904,39.66667,0.475,0.378,0.75967,10.66667,31.33333,42.0,23.33333,8.0,14.0,109.33333,-0.02815,0.29508,0.54263,0.61542,0.66667,1
40.66667,0.42933,0.27933,0.81533,14.0,30.66667,44.66667,23.33333,9.33333,9.0,115.33333,0.00112,0.3922,0.48075,0.56926,41.66667,0.486,0.374,0.78467,9.33333,31.66667,41.0,25.66667,10.0,13.66667,112.66667,0.15187,0.31641,0.55248,0.6208,0.0,0
42.0,0.47167,0.36667,0.72767,15.0,35.0,50.0,24.66667,4.33333,16.33333,111.0,-0.04651,0.52473,0.52579,0.58995,44.0,0.454,0.369,0.68533,14.0,37.0,51.0,26.0,6.33333,15.0,116.33333,-0.04604,0.42187,0.51881,0.5732,1.0,1
46.33333,0.49767,0.34467,0.69333,11.33333,31.33333,42.66667,32.0,8.0,11.0,123.0,0.01018,0.32504,0.56188,0.62263,40.33333,0.47967,0.34433,0.79267,9.33333,37.66667,47.0,22.66667,6.66667,18.0,114.0,-0.02752,0.30393,0.55069,0.63472,0.33333,0
37.0,0.46267,0.30267,0.75933,10.33333,33.0,43.33333,24.66667,9.66667,20.33333,102.33333,-0.07487,0.33071,0.52772,0.60157,39.33333,0.465,0.33267,0.63867,9.0,27.0,36.0,27.0,7.66667,13.33333,106.0,-0.21888,0.24673,0.52383,0.58623,1.0,0
37.66667,0.417,0.338,0.82567,12.66667,35.0,47.66667,21.0,5.66667,14.0,106.0,0.01376,0.36515,0.48507,0.55565,39.66667,0.46967,0.35967,0.81633,7.33333,38.33333,45.66667,26.66667,5.33333,16.33333,114.0,-0.1335,0.20917,0.53563,0.62833,0.66667,0
42.33333,0.46667,0.386,0.752,10.66667,32.33333,43.0,27.33333,8.0,9.66667,115.0,0.08716,0.30611,0.53603,0.59809,38.66667,0.43567,0.32633,0.85433,10.33333,30.66667,41.0,23.33333,10.33333,14.0,109.66667,-0.01581,0.33551,0.49872,0.58158,0.66667,0
45.0,0.503,0.36267,0.819,10.33333,33.33333,43.66667,25.0,12.66667,14.33333,119.33333,0.10491,0.33234,0.54777,0.62637,36.33333,0.42067,0.37033,0.77867,14.33333,35.66667,50.0,24.66667,5.33333,12.33333,101.33333,-0.05035,0.44277,0.47481,0.55129,0.66667,1
38.66667,0.45,0.36033,0.79833,9.0,30.66667,39.66667,26.33333,8.33333,13.0,108.0,0.03955,0.24194,0.53477,0.59619,45.0,0.49033,0.34967,0.82333,8.33333,33.0,41.33333,30.0,5.66667,11.0,114.0,-0.10094,0.23398,0.54365,0.59662,0.66667,0
36.66667,0.40633,0.36867,0.802,7.33333,34.33333,41.66667,23.0,6.66667,12.66667,101.0,-0.16509,0.1731,0.48326,0.53725,42.0,0.48233,0.33867,0.785,5.66667,32.0,37.66667,27.66667,7.0,10.66667,112.66667,-0.03023,0.15298,0.54614,0.61388,0.66667,1
41.66667,0.48167,0.36733,0.88967,8.66667,35.66667,44.33333,21.66667,8.33333,14.66667,116.0,0.0129,0.26802,0.54153,0.63007,43.66667,0.45733,0.393,0.836,9.66667,39.33333,49.0,27.0,7.33333,14.33333,109.66667,0.03281,0.26644,0.5288,0.56011,0.66667,0
42.66667,0.431,0.325,0.833,12.66667,41.0,53.66667,25.0,4.66667,14.0,120.33333,0.00356,0.34076,0.50036,0.57516,39.66667,0.46467,0.38867,0.83633,12.0,28.66667,40.66667,25.33333,5.33333,13.33333,112.66667,-0.07546,0.3742,0.54909,0.6253,0.66667,0
37.0,0.42133,0.38133,0.792,6.33333,32.66667,39.0,26.0,5.33333,12.66667,98.0,-0.276,0.15183,0.48598,0.5373,41.66667,0.48533,0.352,0.794,9.0,37.33333,46.33333,24.33333,8.0,11.66667,119.66667,0.06273,0.25492,0.53432,0.63899,0.33333,0
42.0,0.42667,0.28533,0.78533,13.33333,35.66667,49.0,26.0,10.66667,13.66667,112.0,-0.03511,0.34735,0.46947,0.53942,44.0,0.45433,0.399,0.74967,10.66667,40.66667,51.33333,25.0,7.66667,15.33333,125.66667,-0.02847,0.29823,0.51588,0.60293,0.66667,1
43.66667,0.47533,0.34467,0.71067,9.66667,34.33333,44.0,30.66667,7.66667,9.66667,116.66667,0.13044,0.26499,0.52983,0.5946,42.33333,0.504,0.36667,0.722,12.33333,36.0,48.33333,23.33333,8.0,18.0,117.66667,0.10182,0.43891,0.57737,0.65166,0.0,1
39.66667,0.45467,0.312,0.79033,9.33333,28.66667,38.0,23.33333,4.66667,11.33333,105.66667,-0.13813,0.25593,0.50581,0.57314,39.33333,0.443,0.30433,0.81167,10.33333,38.66667,49.0,26.66667,6.33333,13.33333,108.33333,-0.04795,0.29211,0.50254,0.57702,0.66667,0
46.66667,0.518,0.35933,0.81267,7.0,37.33333,44.33333,26.66667,7.66667,10.33333,119.66667,0.11472,0.21799,0.58311,0.63634,40.33333,0.46333,0.335,0.80167,5.33333,31.33333,36.66667,25.0,6.33333,15.0,116.0,-0.11987,0.13696,0.53279,0.62256,1.0,0
41.33333,0.469,0.32233,0.78367,13.0,33.33333,46.33333,26.0,11.66667,15.0,119.66667,0.1312,0.40024,0.52015,0.62283,38.66667,0.44633,0.285,0.82233,6.66667,31.33333,38.0,24.0,5.66667,11.33333,100.66667,-0.28256,0.17329,0.48837,0.55254,1.0,0
45.33333,0.476,0.483,0.87933,12.0,37.66667,49.66667,31.66667,5.0,11.33333,131.0,0.10181,0.34903,0.55974,0.64738,43.0,0.482,0.41867,0.79267,14.33333,33.33333,47.66667,26.33333,8.66667,16.33333,120.66667,0.00246,0.48863,0.5618,0.63432,0.33333,0
41.66667,0.456,0.42633,0.76667,10.66667,38.33333,49.0,24.33333,5.33333,10.0,117.0,0.14169,0.28482,0.54707,0.60915,47.0,0.44767,0.36833,0.75867,8.66667,41.33333,50.0,28.0,9.0,11.33333,134.33333,-0.04301,0.18979,0.51992,0.59539,0.66667,1
43.33333,0.481,0.41033,0.76967,9.33333,40.33333,49.66667,26.66667,5.33333,12.0,114.0,0.14896,0.29205,0.56069,0.60864,41.33333,0.44667,0.35333,0.82433,11.0,39.0,50.0,24.0,8.66667,14.33333,116.33333,-0.01286,0.2916,0.51177,0.59115,0.66667,1
47.66667,0.482,0.354,0.81833,11.66667,34.66667,46.33333,27.33333,7.66667,13.33333,127.0,-0.03083,0.3295,0.54688,0.61344,43.66667,0.50833,0.39467,0.78733,7.33333,31.66667,39.0,24.0,7.33333,12.0,122.66667,0.11123,0.24907,0.59368,0.669,0.33333,0
43.33333,0.516,0.35633,0.81267,6.66667,35.33333,42.0,28.0,3.66667,11.33333,112.66667,0.17177,0.21667,0.58382,0.64032,41.33333,0.42033,0.39667,0.77767,10.0,33.66667,43.66667,24.66667,9.33333,9.0,107.66667,-0.13324,0.23498,0.48889,0.53,1.0,0
41.0,0.48167,0.389,0.78067,7.66667,30.66667,38.33333,25.33333,6.33333,10.33333,113.33333,-0.05597,0.2252,0.56213,0.62744,37.0,0.445,0.40967,0.8,9.0,37.0,46.0,23.0,7.33333,15.66667,108.33333,0.00858,0.24603,0.50216,0.6038,0.33333,1
45.66667,0.50667,0.34433,0.73,10.0,33.66667,43.66667,30.66667,7.33333,11.0,114.0,0.10205,0.32107,0.56554,0.6072,41.66667,0.44867,0.331,0.76633,10.66667,33.66667,44.33333,26.0,6.66667,14.33333,112.0,-0.09543,0.31481,0.5069,0.57206,0.33333,0
38.66667,0.473,0.362,0.73033,8.66667,36.33333,45.0,25.66667,7.66667,13.33333,107.66667,0.08575,0.26577,0.54806,0.61858,43.0,0.44467,0.32733,0.71167,12.33333,35.66667,48.0,26.0,8.0,15.0,116.66667,-0.04341,0.31165,0.50353,0.56704,0.66667,0
42.66667,0.46633,0.37633,0.84133,8.66667,35.0,43.66667,29.66667,8.66667,7.0,122.0,0.17185,0.25738,0.56472,0.63416,43.0,0.45167,0.29767,0.86,12.33333,35.66667,48.0,24.0,7.33333,13.66667,111.0,-0.00195,0.35185,0.49361,0.55598,0.33333,0
40.0,0.46933,0.349,0.73367,12.0,32.66667,44.66667,27.0,9.66667,16.66667,110.66667,-0.02073,0.38243,0.54757,0.61135,42.66667,0.47967,0.36267,0.65367,13.33333,39.33333,52.66667,26.66667,8.66667,16.66667,109.0,0.08913,0.42619,0.54457,0.58494,0.33333,0
38.0,0.46233,0.33967,0.81033,6.66667,35.66667,42.33333,23.0,7.33333,13.66667,108.33333,-0.00984,0.18562,0.51927,0.6136,45.0,0.487,0.30967,0.81633,11.0,40.0,51.0,28.66667,5.66667,12.0,121.0,0.05383,0.33681,0.54564,0.61923,0.33333,1
47.0,0.522,0.4,0.76333,8.33333,34.33333,42.66667,29.66667,8.33333,13.33333,125.66667,0.03151,0.25046,0.59893,0.66175,35.33333,0.404,0.25333,0.77933,8.0,35.0,43.0,24.33333,10.33333,15.0,100.33333,-0.20845,0.20517,0.44744,0.53606,1.0,0
34.66667,0.42933,0.387,0.741,8.33333,32.0,40.33333,19.0,5.33333,11.66667,98.0,-0.20228,0.23037,0.48921,0.56861,41.33333,0.46467,0.39333,0.71033,10.66667,35.0,45.66667,26.0,7.66667,12.0,115.66667,0.06297,0.32709,0.55019,0.61168,0.33333,1
41.66667,0.46933,0.361,0.82633,11.66667,33.0,44.66667,22.33333,6.66667,9.66667,121.66667,0.04792,0.3718,0.54696,0.6379,39.66667,0.42,0.30933,0.837,11.66667,30.66667,42.33333,19.66667,7.33333,9.33333,103.66667,-0.20772,0.32785,0.4662,0.52707,0.66667,0
43.0,0.48433,0.38533,0.761,11.33333,35.66667,47.0,26.33333,5.66667,14.66667,114.66667,0.03855,0.37592,0.54427,0.61124,43.33333,0.466,0.33067,0.83467,11.66667,33.0,44.66667,27.33333,6.66667,13.33333,116.0,0.00041,0.35895,0.54032,0.59798,0.33333,1
36.33333,0.42133,0.32967,0.79267,10.66667,34.0,44.66667,24.66667,7.33333,14.0,103.33333,0.04997,0.28788,0.49412,0.56515,38.0,0.472,0.39667,0.758,8.33333,34.0,42.33333,20.66667,6.0,18.0,110.66667,-0.08128,0.29282,0.56157,0.64104,0.66667,0
42.33333,0.46833,0.37033,0.81967,9.66667,34.0,43.66667,27.66667,6.33333,9.66667,110.66667,0.04797,0.27908,0.52895,0.58582,34.0,0.40233,0.303,0.642,12.0,32.33333,44.33333,20.0,5.66667,9.0,95.33333,-0.0773,0.3364,0.46653,0.5307,0.66667,0
43.0,0.47233,0.38033,0.75733,11.66667,39.0,50.66667,19.0,7.0,11.33333,122.66667,0.07324,0.33007,0.52328,0.61941,37.33333,0.45,0.345,0.80467,8.0,34.33333,42.33333,25.0,6.0,15.33333,108.66667,-0.23155,0.21752,0.51693,0.60948,1.0,0
48.66667,0.511,0.41867,0.82833,7.33333,36.0,43.33333,31.0,10.66667,14.66667,129.33333,0.15256,0.21836,0.58662,0.64794,35.0,0.427,0.347,0.74767,11.33333,36.66667,48.0,23.0,6.66667,15.0,103.33333,-0.01488,0.32857,0.47703,0.57959,0.33333,0
43.66667,0.43833,0.36,0.76067,8.33333,39.0,47.33333,27.66667,5.0,8.66667,114.33333,-0.09357,0.1945,0.49061,0.54677,42.66667,0.45267,0.30333,0.82,10.0,35.0,45.0,27.33333,9.66667,13.0,115.33333,0.02239,0.29174,0.51343,0.58062,0.66667,1
38.33333,0.417,0.34567,0.81267,6.33333,36.66667,43.0,25.66667,5.66667,10.33333,100.66667,-0.14948,0.15398,0.46804,0.52457,40.33333,0.43333,0.31567,0.717,13.0,35.33333,48.33333,21.66667,8.0,15.33333,109.0,0.02436,0.36088,0.49829,0.55477,0.66667,1
40.33333,0.48967,0.414,0.659,11.0,29.33333,40.33333,27.33333,11.33333,16.33333,111.66667,0.02923,0.36279,0.58399,0.63721,44.33333,0.44667,0.394,0.822,11.0,38.33333,49.33333,25.33333,7.66667,9.66667,109.33333,0.05579,0.26644,0.50709,0.53707,0.66667,0
45.33333,0.50133,0.449,0.75167,11.66667,37.33333,49.0,26.0,8.0,14.33333,122.66667,0.13325,0.36221,0.56231,0.63551,38.0,0.437,0.37267,0.85133,11.66667,27.66667,39.33333,22.33333,8.66667,16.33333,112.0,-0.11101,0.3338,0.51306,0.60424,1.0,0
46.33333,0.45467,0.33533,0.725,10.66667,35.33333,46.0,27.66667,11.33333,9.66667,122.33333,0.00214,0.27626,0.51639,0.57068,46.0,0.48367,0.29833,0.75367,12.66667,35.66667,48.33333,27.66667,9.0,18.33333,116.0,-0.08138,0.33662,0.53632,0.58369,0.66667,1
36.66667,0.43733,0.31867,0.75933,12.0,35.0,47.0,23.33333,5.66667,14.0,105.0,-0.07977,0.37625,0.49788,0.58231,46.0,0.47033,0.406,0.71467,10.0,40.66667,50.66667,30.0,8.0,15.33333,124.66667,0.02717,0.28459,0.53271,0.59805,0.33333,0
37.33333,0.40933,0.34333,0.77233,9.33333,35.66667,45.0,22.66667,7.33333,12.33333,98.0,-0.18676,0.2413,0.46016,0.51419,41.0,0.45867,0.298,0.65567,15.0,38.0,53.0,21.0,5.66667,14.0,110.66667,-0.0467,0.47806,0.50547,0.57564,0.66667,1
40.66667,0.42,0.26167,0.74567,12.0,35.0,47.0,28.0,9.33333,12.33333,108.33333,-0.08346,0.29642,0.45829,0.52845,43.0,0.47433,0.39733,0.70033,8.33333,32.66667,41.0,27.33333,6.33333,9.33333,118.66667,0.02767,0.23993,0.56277,0.61852,0.33333,0
43.66667,0.46567,0.33533,0.81567,10.0,38.33333,48.33333,26.66667,9.66667,17.0,118.33333,0.0906,0.28862,0.53665,0.60087,44.66667,0.525,0.41833,0.72467,10.33333,37.0,47.33333,27.66667,10.33333,18.0,121.66667,0.13152,0.36484,0.60118,0.66951,0.0,0
40.66667,0.479,0.306,0.83,7.66667,30.0,37.66667,23.66667,6.0,12.33333,107.0,-0.07102,0.2075,0.53341,0.59904,43.33333,0.47567,0.35633,0.83,10.33333,32.33333,42.66667,27.0,8.33333,12.33333,118.66667,0.07495,0.32998,0.55646,0.62065,0.0,1
41.66667,0.448,0.325,0.77767,10.33333,42.0,52.33333,24.0,5.66667,17.0,117.66667,0.02651,0.28129,0.52012,0.59313,40.66667,0.466,0.33533,0.803,11.33333,34.33333,45.66667,22.66667,4.66667,11.33333,115.33333,-0.04166,0.3368,0.52624,0.61582,0.66667,1
42.66667,0.47967,0.42733,0.756,10.33333,35.33333,45.66667,27.0,8.66667,14.66667,121.33333,0.05039,0.31128,0.55724,0.63675,40.33333,0.42667,0.335,0.83733,6.0,37.0,43.0,25.0,5.66667,9.0,105.0,-0.09262,0.14227,0.48957,0.53433,1.0,0
35.33333,0.436,0.383,0.67533,9.33333,35.0,44.33333,22.33333,7.33333,16.33333,102.33333,-0.15368,0.26704,0.50365,0.59062,39.0,0.46967,0.354,0.75867,9.66667,29.66667,39.33333,25.33333,7.0,12.66667,108.0,-0.12796,0.28164,0.53139,0.60724,1.0,0
49.0,0.49767,0.40867,0.779,9.0,34.0,43.0,28.66667,11.66667,10.0,131.66667,0.14351,0.25035,0.57734,0.63589,38.33333,0.41667,0.25,0.78433,10.33333,32.33333,42.66667,27.0,10.33333,15.33333,108.66667,-0.16444,0.26813,0.45936,0.55224,1.0,1
46.66667,0.458,0.345,0.74933,9.66667,36.66667,46.33333,30.0,4.33333,8.0,122.0,-0.09308,0.22942,0.51381,0.56978,39.33333,0.422,0.29033,0.84833,8.0,33.66667,41.66667,21.66667,6.66667,7.33333,106.33333,-0.17644,0.18532,0.46622,0.54126,1.0,0
44.66667,0.499,0.387,0.798,6.66667,40.33333,47.0,30.0,7.0,8.33333,124.33333,0.27945,0.18964,0.58814,0.65714,45.0,0.48867,0.30133,0.73333,13.66667,32.66667,46.33333,25.0,7.33333,16.33333,115.33333,-0.07913,0.44482,0.53849,0.5953,0.66667,0
45.66667,0.464,0.39467,0.74567,13.66667,38.33333,52.0,28.66667,5.33333,12.66667,123.66667,0.09852,0.39183,0.53831,0.59948,48.0,0.46533,0.35233,0.716,8.66667,44.0,52.66667,28.66667,7.33333,12.66667,134.0,0.02149,0.19272,0.53319,0.60275,0.33333,1
42.33333,0.47433,0.367,0.807,9.33333,37.0,46.33333,28.33333,5.33333,14.0,113.0,0.00065,0.29418,0.54304,0.60512,44.33333,0.45867,0.393,0.71067,12.33333,42.0,54.33333,24.0,5.0,13.0,121.66667,0.00315,0.31571,0.52915,0.59374,0.33333,1
44.66667,0.47667,0.41067,0.746,11.33333,36.66667,48.0,24.66667,5.33333,9.0,119.0,0.05428,0.31158,0.54372,0.60274,47.33333,0.49467,0.36333,0.82567,13.0,39.66667,52.66667,26.0,6.33333,14.0,122.66667,0.12475,0.38422,0.55522,0.61341,0.33333,0
45.33333,0.50767,0.37833,0.80767,9.66667,37.66667,47.33333,28.66667,5.66667,11.33333,123.33333,0.19277,0.32203,0.58908,0.6541,38.66667,0.45833,0.366,0.757,13.33333,31.33333,44.66667,23.0,8.0,16.33333,106.66667,-0.12343,0.43228,0.52969,0.59701,1.0,0
44.0,0.46567,0.32833,0.71567,11.66667,26.33333,38.0,29.66667,10.33333,10.0,120.0,-0.02056,0.33949,0.53487,0.60003,43.33333,0.478,0.349,0.741,6.66667,29.66667,36.33333,28.33333,6.0,7.66667,114.33333,-0.04208,0.18288,0.54779,0.60078,0.66667,1
44.66667,0.49767,0.35133,0.60967,10.33333,34.0,44.33333,26.0,5.66667,10.33333,112.0,0.07265,0.32769,0.55662,0.59429,37.66667,0.42133,0.31267,0.76233,10.33333,28.0,38.33333,22.0,7.33333,11.0,108.66667,-0.14505,0.28641,0.50143,0.57207,1.0,0
42.33333,0.49467,0.389,0.749,11.33333,36.0,47.33333,27.33333,8.33333,14.33333,117.0,0.17192,0.38115,0.57294,0.64159,41.0,0.47733,0.37833,0.73333,11.33333,38.0,49.33333,25.0,9.66667,15.0,109.0,0.05282,0.34583,0.54616,0.60221,0.33333,1
38.33333,0.45433,0.26333,0.68233,6.0,36.0,42.0,24.0,6.66667,12.0,102.33333,-0.11155,0.15774,0.50385,0.56957,44.0,0.45967,0.36233,0.884,11.66667,37.33333,49.0,29.0,11.66667,12.66667,123.0,0.16072,0.30827,0.52997,0.60858,0.33333,0
37.0,0.45767,0.40167,0.72367,8.0,33.0,41.0,19.66667,6.33333,12.66667,100.66667,-0.13463,0.22057,0.5136,0.58576,38.66667,0.43,0.37233,0.728,8.66667,32.33333,41.0,22.33333,5.66667,14.33333,106.0,-0.1576,0.24217,0.49978,0.56041,0.66667,0
40.66667,0.465,0.33533,0.82833,10.0,36.33333,46.33333,22.33333,6.33333,13.33333,113.0,-0.00816,0.30021,0.53457,0.60991,45.0,0.48,0.31267,0.747,11.33333,33.33333,44.66667,26.66667,9.33333,8.33333,114.66667,0.05352,0.37549,0.52354,0.58306,0.33333,1
39.66667,0.45967,0.34,0.79,9.66667,37.66667,47.33333,24.33333,7.33333,17.33333,112.0,-0.02375,0.28426,0.525,0.60786,36.66667,0.41833,0.25667,0.74067,11.33333,36.0,47.33333,17.66667,8.33333,13.33333,101.0,-0.06048,0.32617,0.47406,0.54338,0.66667,1
41.0,0.43367,0.24533,0.721,12.66667,35.66667,48.33333,26.0,9.0,12.66667,107.33333,-0.01803,0.34422,0.46766,0.53575,38.66667,0.49533,0.448,0.75533,7.0,29.0,36.0,23.33333,6.66667,16.33333,111.0,-0.11436,0.26305,0.59112,0.66501,1.0,0
44.33333,0.46067,0.41167,0.86367,12.0,41.66667,53.66667,25.0,5.33333,14.33333,125.0,0.02505,0.34903,0.53399,0.61339,36.66667,0.40867,0.25367,0.683,15.0,36.33333,51.33333,20.66667,6.33333,10.66667,102.33333,-0.06412,0.42469,0.45356,0.53121,0.66667,0
39.33333,0.46133,0.28733,0.777,7.66667,35.0,42.66667,25.66667,5.66667,16.0,103.66667,-0.20727,0.21565,0.5131,0.57774,37.66667,0.429,0.33933,0.76933,10.0,37.66667,47.66667,23.66667,5.0,13.66667,109.66667,-0.15711,0.25198,0.49835,0.58478,1.0,0
41.0,0.45733,0.321,0.749,11.33333,41.33333,52.66667,26.33333,8.66667,15.33333,114.33333,0.11598,0.32215,0.51139,0.59237,44.66667,0.474,0.281,0.84967,9.66667,37.66667,47.33333,26.33333,6.0,12.66667,118.66667,-0.00364,0.29203,0.53314,0.5994,0.66667,1
36.33333,0.44367,0.32333,0.82033,10.0,31.66667,41.66667,23.0,7.0,14.0,109.33333,-0.01914,0.30711,0.52746,0.62077,44.33333,0.47167,0.33933,0.878,11.0,33.66667,44.66667,28.0,9.66667,12.0,119.0,0.10924,0.34754,0.53904,0.60495,0.0,1
44.66667,0.47967,0.302,0.78433,11.33333,28.33333,39.66667,27.66667,7.33333,11.33333,122.0,-0.01542,0.33512,0.54257,0.61683,40.0,0.45067,0.32467,0.77567,7.33333,30.0,37.33333,23.66667,7.33333,11.0,112.33333,-0.12903,0.20258,0.52398,0.5956,0.66667,0
40.33333,0.441,0.28533,0.81133,12.0,34.33333,46.33333,23.33333,8.66667,13.33333,111.66667,0.02055,0.32745,0.49849,0.57498,39.66667,0.41467,0.365,0.75433,14.0,28.0,42.0,21.0,7.33333,13.33333,112.0,-0.1147,0.35761,0.49483,0.55441,1.0,0
38.33333,0.44333,0.407,0.59633,10.33333,38.0,48.33333,24.0,8.0,15.33333,104.0,-0.0806,0.28864,0.51766,0.567,44.66667,0.50067,0.31167,0.658,10.0,37.33333,47.33333,29.0,9.33333,20.66667,113.33333,-0.003,0.27574,0.55276,0.60156,0.33333,1
40.66667,0.43767,0.31667,0.776,13.66667,38.33333,52.0,24.33333,5.33333,11.0,114.66667,0.12017,0.40932,0.49982,0.5792,40.33333,0.453,0.362,0.76167,6.33333,38.66667,45.0,26.33333,8.33333,14.0,107.33333,0.01059,0.16537,0.5015,0.56929,0.33333,0
39.33333,0.46333,0.31467,0.814,7.66667,35.33333,43.0,26.0,7.33333,11.33333,106.0,-0.0667,0.21667,0.51174,0.5879,43.66667,0.516,0.454,0.81367,10.0,36.33333,46.33333,23.66667,5.66667,11.33333,119.66667,0.18911,0.33065,0.60229,0.66986,0.33333,0
47.66667,0.462,0.36767,0.71433,13.0,37.33333,50.33333,27.0,7.66667,10.0,125.0,-0.02858,0.32351,0.52257,0.57577,44.66667,0.52133,0.41933,0.68867,9.66667,36.66667,46.33333,30.33333,7.0,17.66667,118.66667,0.05961,0.33107,0.58755,0.65003,0.33333,0
40.66667,0.489,0.32,0.825,4.66667,31.33333,36.0,24.66667,7.0,14.0,106.33333,-0.05988,0.13449,0.5472,0.6099,38.0,0.464,0.31433,0.84233,8.0,37.66667,45.66667,22.0,9.33333,18.33333,108.66667,0.01301,0.23133,0.51222,0.61657,0.33333,0
39.0,0.41967,0.28267,0.72233,12.0,43.33333,55.33333,18.66667,5.0,15.0,107.33333,-0.02052,0.31429,0.47579,0.54214,48.0,0.525,0.318,0.65433,12.66667,29.33333,42.0,27.0,7.66667,14.0,121.0,-0.05746,0.43295,0.58083,0.62798,0.66667,0
38.33333,0.43267,0.31933,0.756,12.33333,38.0,50.33333,24.0,10.0,16.33333,113.33333,0.11943,0.34596,0.49258,0.58836,43.33333,0.444,0.311,0.65633,12.33333,41.0,53.33333,28.0,4.66667,15.33333,113.66667,-0.08237,0.3187,0.50097,0.55268,0.66667,1
42.66667,0.457,0.318,0.77733,9.33333,31.33333,40.66667,29.0,12.33333,14.33333,117.66667,-0.06432,0.24787,0.50867,0.5894,38.33333,0.40067,0.31267,0.79267,12.0,35.33333,47.33333,20.33333,6.33333,9.33333,108.33333,-0.10961,0.29971,0.45782,0.53421,1.0,1
44.66667,0.49167,0.41067,0.836,10.0,41.0,51.0,27.66667,7.0,14.33333,124.33333,0.12567,0.30262,0.57266,0.64637,42.33333,0.448,0.29533,0.86133,12.33333,40.0,52.33333,20.0,6.0,13.33333,107.66667,0.05996,0.34401,0.49346,0.54793,0.33333,1
40.66667,0.439,0.334,0.85867,11.66667,31.66667,43.33333,28.33333,11.0,17.66667,113.33333,-0.10069,0.33065,0.50189,0.57909,44.33333,0.44967,0.36067,0.68733,10.66667,44.33333,55.0,26.0,7.0,15.33333,131.0,0.0603,0.25709,0.52677,0.60924,0.0,0
40.0,0.463,0.383,0.732,7.66667,35.66667,43.33333,27.33333,6.66667,14.66667,107.33333,-0.04786,0.21565,0.53603,0.59252,44.66667,0.48967,0.34633,0.80467,12.33333,39.66667,52.0,29.33333,5.66667,10.33333,119.66667,0.14953,0.36206,0.55905,0.62388,0.0,1
43.0,0.472,0.348,0.80667,9.0,39.66667,48.66667,26.0,7.33333,14.33333,122.66667,0.05256,0.24984,0.53932,0.62794,38.0,0.44233,0.30233,0.75333,9.66667,36.33333,46.0,20.33333,8.0,13.0,110.0,0.03674,0.27546,0.50304,0.59257,0.33333,0
42.0,0.473,0.36467,0.857,11.0,38.0,49.0,26.33333,6.0,13.66667,120.33333,0.07337,0.3637,0.5547,0.63639,40.33333,0.44133,0.35433,0.76067,11.66667,33.0,44.66667,27.0,6.0,11.0,109.33333,-0.10909,0.32337,0.50669,0.56531,1.0,1
47.66667,0.47933,0.37067,0.70367,9.66667,40.66667,50.33333,27.66667,7.33333,16.66667,125.66667,-0.03376,0.25392,0.554,0.60142,43.66667,0.47967,0.32033,0.67733,15.33333,34.0,49.33333,23.0,5.66667,13.66667,114.33333,-0.06837,0.5037,0.52756,0.58928,0.66667,0
44.66667,0.509,0.396,0.652,13.0,32.0,45.0,26.0,4.66667,11.33333,119.0,0.06383,0.45981,0.57538,0.63472,38.0,0.44367,0.381,0.68367,8.66667,33.66667,42.33333,20.66667,8.66667,13.0,105.0,-0.10688,0.22399,0.5059,0.57351,0.66667,0
47.66667,0.51767,0.38567,0.77167,9.0,36.66667,45.66667,30.66667,7.33333,10.0,126.66667,0.24755,0.31121,0.60062,0.65468,37.33333,0.399,0.256,0.85933,9.33333,34.33333,43.66667,17.33333,6.33333,9.33333,98.33333,-0.20044,0.22399,0.44397,0.5047,0.66667,0
37.66667,0.45567,0.31033,0.787,10.66667,35.66667,46.33333,21.33333,5.66667,14.66667,104.0,-0.12638,0.32908,0.51364,0.59077,39.33333,0.463,0.38233,0.74733,10.33333,40.0,50.33333,27.0,8.33333,14.0,108.66667,0.15462,0.30694,0.53698,0.6035,0.33333,1
42.0,0.498,0.35333,0.642,6.0,36.33333,42.33333,28.33333,8.0,12.66667,108.33333,0.00477,0.1751,0.56338,0.60908,43.0,0.47,0.37033,0.65933,12.33333,34.0,46.33333,26.66667,9.33333,13.0,118.33333,-0.00989,0.33704,0.55814,0.61174,0.66667,1
44.33333,0.47333,0.37033,0.71867,10.33333,31.66667,42.0,30.0,11.33333,12.66667,122.33333,0.02981,0.26975,0.53386,0.6082,36.66667,0.41267,0.25933,0.72267,10.33333,32.33333,42.66667,25.33333,8.33333,15.0,106.33333,-0.12503,0.26813,0.46768,0.55663,0.66667,1
36.0,0.44933,0.34367,0.70033,7.33333,33.0,40.33333,18.66667,8.33333,15.0,100.0,-0.04043,0.20194,0.51001,0.584,39.66667,0.489,0.44567,0.794,9.33333,28.66667,38.0,28.33333,7.66667,16.0,116.0,0.0189,0.30021,0.6064,0.67341,0.66667,0
45.0,0.46733,0.44667,0.832,13.66667,35.0,48.66667,32.33333,5.0,10.33333,129.33333,0.11137,0.38114,0.53634,0.62788,39.66667,0.44833,0.36767,0.81133,12.33333,30.66667,43.0,25.33333,7.66667,13.33333,109.33333,-0.07646,0.3443,0.51964,0.58605,1.0,0
40.33333,0.46767,0.41533,0.82067,10.66667,38.33333,49.0,23.33333,4.0,16.33333,115.33333,0.0255,0.32164,0.55148,0.62919,38.33333,0.438,0.347,0.836,12.33333,31.66667,44.0,23.66667,7.33333,14.33333,105.0,-0.14154,0.35321,0.50406,0.57092,1.0,1
39.33333,0.47267,0.34633,0.77033,8.33333,37.33333,45.66667,24.66667,8.33333,16.0,109.66667,-0.09427,0.2533,0.53969,0.61738,39.0,0.44667,0.33767,0.799,10.33333,36.66667,47.0,25.66667,7.0,14.0,108.33333,-0.04392,0.3012,0.51118,0.58574,0.66667,1
40.66667,0.479,0.42367,0.691,11.0,36.0,47.0,25.33333,8.66667,13.33333,113.33333,0.1436,0.34926,0.57315,0.62917,44.0,0.48433,0.349,0.79567,11.0,34.33333,45.33333,24.33333,8.66667,12.0,118.66667,0.03614,0.36502,0.54477,0.61637,0.33333,0
40.66667,0.51167,0.42067,0.84167,3.33333,30.33333,33.66667,25.33333,9.0,14.0,115.66667,0.00306,0.10131,0.58913,0.67725,40.0,0.428,0.33933,0.701,10.0,32.33333,42.33333,23.0,7.66667,12.33333,110.66667,-0.21454,0.23977,0.49218,0.55834,1.0,1
43.33333,0.49167,0.28533,0.82967,11.0,35.33333,46.33333,24.0,9.33333,13.66667,118.66667,0.11203,0.3298,0.54695,0.63324,42.33333,0.49133,0.38867,0.68467,10.33333,34.0,44.33333,25.0,8.33333,14.33333,114.0,0.05112,0.33732,0.56401,0.62172,0.33333,1
35.0,0.437,0.357,0.77,10.0,32.33333,42.33333,22.33333,6.0,16.33333,103.66667,-0.00792,0.32182,0.52067,0.60358,36.33333,0.44333,0.37267,0.80133,6.33333,40.33333,46.66667,22.0,8.66667,17.33333,100.33333,0.03083,0.17989,0.51388,0.58051,0.66667,1
40.33333,0.45733,0.29133,0.70733,10.33333,34.33333,44.66667,23.66667,8.33333,14.0,106.33333,0.06422,0.29875,0.50882,0.56995,43.0,0.45067,0.40833,0.762,8.0,30.66667,38.66667,26.66667,7.0,10.66667,113.33333,-0.19516,0.1968,0.52315,0.57128,1.0,1
42.0,0.48033,0.44533,0.77533,6.33333,36.0,42.33333,27.33333,9.0,14.0,116.66667,0.16855,0.1688,0.55948,0.62979,42.33333,0.43867,0.367,0.69667,13.0,33.33333,46.33333,23.66667,8.33333,16.33333,118.33333,-0.09136,0.32025,0.51313,0.57679,1.0,0
44.66667,0.46633,0.382,0.70533,13.66667,38.0,51.66667,22.66667,9.66667,10.0,116.66667,0.08523,0.36182,0.51995,0.57788,47.66667,0.498,0.31367,0.73633,10.33333,41.0,51.33333,28.33333,9.33333,18.33333,117.33333,0.14458,0.2763,0.55145,0.59015,0.0,1
39.66667,0.41767,0.37467,0.81633,12.0,38.0,50.0,24.0,6.33333,15.33333,108.66667,0.02648,0.31979,0.49267,0.54884,44.0,0.445,0.329,0.74067,14.0,42.33333,56.33333,25.66667,4.0,13.0,120.33333,-0.02329,0.3572,0.50286,0.57388,0.33333,0
38.33333,0.42933,0.411,0.806,13.33333,35.33333,48.66667,23.33333,8.66667,15.66667,109.66667,0.05772,0.35833,0.51152,0.57926,38.66667,0.44333,0.363,0.77467,10.33333,36.33333,46.66667,22.0,5.33333,11.33333,110.0,0.0442,0.29215,0.51404,0.59103,0.33333,0
38.66667,0.457,0.35833,0.82933,8.33333,35.0,43.33333,22.66667,5.0,15.33333,108.0,0.01251,0.23579,0.52828,0.6035,37.33333,0.44067,0.363,0.75433,6.33333,37.33333,43.66667,24.66667,8.33333,16.33333,99.66667,-0.05833,0.17778,0.50295,0.56091,0.66667,1
38.66667,0.46867,0.29233,0.85633,8.66667,35.0,43.66667,22.66667,7.66667,10.66667,109.0,0.06923,0.25758,0.52509,0.6168,45.0,0.49333,0.30467,0.71233,10.0,34.0,44.0,26.33333,11.0,11.0,117.33333,0.05264,0.34151,0.54114,0.60756,0.33333,0
40.0,0.441,0.395,0.78067,8.33333,37.33333,45.66667,26.66667,8.0,13.66667,111.33333,0.043,0.21501,0.51349,0.58138,42.66667,0.47533,0.39967,0.698,12.66667,36.33333,49.0,26.0,8.0,16.33333,114.66667,-0.02291,0.38147,0.54211,0.60206,0.66667,0
44.33333,0.49633,0.46167,0.73533,10.66667,38.66667,49.33333,23.66667,7.66667,12.66667,122.66667,0.1412,0.33354,0.55604,0.63686,44.0,0.49033,0.41033,0.81433,12.0,34.0,46.0,21.0,5.0,12.66667,114.33333,-0.08268,0.39398,0.54894,0.6079,0.66667,1
39.0,0.44767,0.30733,0.733,9.0,42.33333,51.33333,22.66667,8.33333,16.0,109.0,0.01622,0.24236,0.50875,0.58446,37.33333,0.43367,0.28567,0.70267,11.33333,36.33333,47.66667,18.66667,8.66667,13.66667,102.66667,0.02163,0.32867,0.50749,0.56486,0.33333,0
43.66667,0.46267,0.35233,0.73867,13.66667,36.0,49.66667,24.33333,9.0,11.66667,116.33333,0.0144,0.36011,0.51891,0.58274,39.0,0.41567,0.35367,0.82733,9.0,34.0,43.0,21.0,6.0,10.0,99.33333,-0.12486,0.22412,0.48346,0.51394,1.0,0
40.66667,0.43,0.34,0.628,12.33333,39.0,51.33333,25.0,10.0,15.33333,105.0,-0.09781,0.32453,0.4867,0.53082,36.0,0.417,0.342,0.79533,9.66667,25.66667,35.33333,24.33333,7.0,13.33333,103.66667,-0.20652,0.27686,0.50439,0.57005,1.0,1
45.33333,0.44367,0.35467,0.71933,11.33333,35.0,46.33333,23.66667,9.33333,13.33333,118.66667,-0.07222,0.30139,0.49767,0.55153,40.33333,0.48567,0.33767,0.84233,7.33333,34.0,41.33333,23.33333,9.0,17.33333,108.33333,-0.05096,0.20355,0.53954,0.61622,0.66667,0
41.0,0.45833,0.36,0.742,11.33333,40.66667,52.0,20.66667,6.66667,11.0,123.33333,0.04515,0.30994,0.5124,0.62367,40.0,0.41933,0.34233,0.79267,13.33333,34.66667,48.0,20.0,9.66667,11.0,110.33333,-0.03104,0.3581,0.46993,0.54601,0.66667,1
37.33333,0.44033,0.33633,0.907,8.33333,38.0,46.33333,23.66667,7.66667,10.66667,108.66667,0.14054,0.24158,0.5071,0.60249,46.0,0.48667,0.28233,0.69233,11.66667,32.33333,44.0,26.66667,6.0,11.66667,119.66667,-0.11107,0.34129,0.53666,0.59769,1.0,0
32.66667,0.368,0.28533,0.72567,14.66667,34.66667,49.33333,20.33333,8.33333,14.0,97.33333,-0.10973,0.40254,0.42813,0.51149,40.66667,0.44133,0.361,0.77767,8.66667,39.66667,48.33333,25.66667,5.66667,12.66667,113.66667,-0.0075,0.21999,0.51872,0.58127,0.33333,0
41.33333,0.429,0.33333,0.76133,15.0,40.0,55.0,26.33333,7.0,10.66667,112.33333,0.18511,0.42843,0.48686,0.55189,41.33333,0.46567,0.32533,0.73833,8.66667,34.66667,43.33333,23.0,8.66667,11.66667,104.33333,-0.02864,0.24578,0.50502,0.56078,0.33333,0
41.0,0.465,0.38767,0.86067,11.33333,40.33333,51.66667,25.66667,8.0,14.33333,119.66667,0.09288,0.37194,0.55327,0.6368,37.0,0.46533,0.36833,0.71467,8.0,36.33333,44.33333,27.0,7.66667,17.0,104.0,-0.02487,0.23798,0.5525,0.61557,0.33333,0
46.66667,0.46133,0.38,0.773,10.66667,41.0,51.66667,25.66667,8.0,16.0,124.33333,0.01372,0.28095,0.52909,0.58688,39.33333,0.44433,0.396,0.883,12.0,31.0,43.0,23.33333,6.33333,13.0,110.0,-0.10614,0.34741,0.5117,0.58876,1.0,0
43.33333,0.51233,0.39733,0.70933,12.33333,39.33333,51.66667,25.66667,4.66667,15.66667,115.0,0.1244,0.45683,0.57507,0.63725,40.33333,0.43933,0.311,0.86567,8.33333,34.33333,42.66667,18.66667,6.33333,11.33333,104.0,-0.05162,0.2109,0.49588,0.5469,0.66667,0
46.66667,0.52867,0.42067,0.753,9.66667,38.66667,48.33333,28.33333,6.66667,13.0,123.33333,0.23254,0.34684,0.61002,0.66408,41.0,0.46333,0.37967,0.776,11.33333,30.66667,42.0,25.66667,8.66667,15.33333,112.66667,-0.0401,0.34105,0.53751,0.60106,0.33333,0
40.33333,0.44433,0.37133,0.75967,9.66667,39.33333,49.0,23.33333,5.33333,11.66667,111.66667,0.09819,0.25044,0.53439,0.58939,36.0,0.44833,0.359,0.746,7.66667,35.33333,43.0,22.33333,6.66667,13.66667,102.0,0.11562,0.21264,0.52991,0.59713,0.33333,1
41.33333,0.477,0.34933,0.65933,8.0,32.33333,40.33333,27.33333,9.33333,13.66667,108.66667,-0.03943,0.21796,0.5482,0.59479,47.66667,0.50867,0.398,0.75633,9.66667,32.66667,42.33333,29.33333,8.66667,12.33333,120.0,0.09598,0.28041,0.58005,0.61883,0.33333,1
46.33333,0.50467,0.45,0.80833,11.33333,29.66667,41.0,31.33333,6.33333,8.0,129.33333,0.14791,0.34153,0.58015,0.66124,41.66667,0.46067,0.345,0.656,12.0,33.66667,45.66667,28.0,8.66667,16.33333,114.33333,0.02733,0.33275,0.53178,0.59312,0.33333,0
40.0,0.49,0.34733,0.69333,8.66667,37.66667,46.33333,21.0,9.33333,14.66667,105.0,0.29873,0.29101,0.54525,0.60546,42.0,0.48633,0.35133,0.76267,7.66667,37.33333,45.0,23.33333,6.0,13.33333,107.66667,-0.01644,0.25119,0.55804,0.60022,0.66667,0
43.0,0.46933,0.374,0.80667,12.66667,36.0,48.66667,24.0,7.66667,14.33333,122.66667,0.04867,0.39345,0.53169,0.62353,40.66667,0.44133,0.38267,0.87633,11.66667,35.33333,47.0,28.33333,11.33333,14.0,117.0,0.09631,0.32407,0.51778,0.60085,0.33333,1
40.33333,0.477,0.37867,0.72867,10.33333,38.33333,48.66667,24.0,9.33333,13.66667,111.0,0.21033,0.31801,0.55033,0.61696,41.0,0.45833,0.36367,0.819,11.0,29.66667,40.66667,24.66667,9.33333,14.33333,108.66667,-0.07626,0.33891,0.52369,0.58018,0.66667,0
49.33333,0.49533,0.45,0.68867,10.0,41.0,51.0,28.66667,7.33333,13.0,132.33333,0.11547,0.27419,0.58203,0.63264,44.0,0.45867,0.342,0.68967,13.0,30.66667,43.66667,24.33333,7.33333,12.0,116.66667,-0.03991,0.40236,0.5228,0.57638,0.66667,0
40.66667,0.472,0.296,0.892,11.66667,35.66667,47.33333,21.33333,6.66667,13.33333,111.66667,-0.00649,0.34074,0.52129,0.60932,37.66667,0.44167,0.355,0.84533,9.33333,34.66667,44.0,23.33333,8.66667,13.0,106.33333,-0.05521,0.28686,0.51012,0.58879,0.66667,0
35.33333,0.43233,0.35733,0.79133,10.33333,31.33333,41.66667,21.66667,5.66667,17.66667,104.0,-0.06526,0.32441,0.52079,0.59851,39.33333,0.42967,0.32767,0.74867,10.0,35.0,45.0,23.66667,5.66667,12.33333,97.0,-0.18057,0.2584,0.48125,0.51524,1.0,1
39.0,0.46833,0.42933,0.74867,13.0,36.0,49.0,23.66667,8.0,18.0,115.33333,0.12863,0.42315,0.55683,0.63969,42.0,0.444,0.41067,0.72867,9.0,34.0,43.0,25.66667,7.33333,11.66667,114.0,-0.1332,0.23709,0.52181,0.57403,0.66667,0
36.33333,0.421,0.32333,0.75167,10.66667,32.33333,43.0,18.66667,6.0,12.0,101.0,-0.08975,0.2706,0.48607,0.55308,42.33333,0.45233,0.385,0.634,11.66667,34.33333,46.0,23.66667,5.66667,15.66667,114.0,-0.11464,0.31666,0.53031,0.5763,1.0,1
38.33333,0.45967,0.50167,0.77467,11.0,29.0,40.0,22.66667,8.33333,13.0,110.66667,-0.09354,0.34152,0.5325,0.61732,49.0,0.51767,0.29867,0.794,7.0,42.33333,49.33333,29.66667,8.0,16.33333,123.66667,0.20763,0.19634,0.57186,0.6243,0.0,1
38.66667,0.45667,0.35767,0.838,6.0,31.33333,37.33333,24.0,7.33333,12.66667,102.0,-0.12955,0.17671,0.50398,0.57379,41.33333,0.459,0.33467,0.80333,11.33333,31.33333,42.66667,22.0,7.33333,9.33333,116.66667,0.0631,0.3269,0.52091,0.60595,0.33333,1
40.0,0.48367,0.326,0.89767,7.33333,36.0,43.33333,26.33333,7.33333,11.0,111.0,0.08142,0.22228,0.54756,0.63233,38.66667,0.47833,0.33933,0.81467,7.33333,32.33333,39.66667,22.0,9.0,15.66667,108.0,-0.07274,0.21942,0.54986,0.62745,0.66667,0
42.0,0.46267,0.29933,0.743,11.0,34.0,45.0,22.66667,9.66667,13.33333,113.33333,0.0635,0.31015,0.52685,0.58984,40.33333,0.445,0.341,0.768,14.33333,34.0,48.33333,24.33333,9.0,14.33333,106.66667,0.07676,0.45612,0.49829,0.56041,0.33333,1
42.66667,0.46733,0.345,0.78067,12.0,36.33333,48.33333,29.0,9.66667,14.0,117.33333,0.0813,0.38358,0.53003,0.6051,45.0,0.462,0.403,0.79467,14.66667,35.33333,50.0,19.66667,3.66667,13.66667,118.0,-0.09448,0.43556,0.51924,0.57758,0.66667,0
42.33333,0.45867,0.35467,0.74167,10.33333,36.0,46.33333,24.33333,5.66667,13.0,107.33333,-0.03133,0.3077,0.50391,0.55545,37.66667,0.43533,0.33533,0.73133,12.0,35.66667,47.66667,20.33333,5.66667,15.33333,103.33333,-0.12987,0.35678,0.48439,0.55895,1.0,1
41.33333,0.44733,0.32833,0.73867,10.0,42.33333,52.33333,25.66667,7.33333,13.0,113.66667,0.00864,0.25005,0.50786,0.57954,37.66667,0.407,0.35367,0.69833,10.33333,31.33333,41.66667,17.66667,6.66667,11.0,98.0,-0.15191,0.2484,0.46184,0.50804,1.0,0
39.33333,0.45433,0.33333,0.75533,7.0,30.66667,37.66667,23.0,11.66667,11.33333,104.33333,0.13041,0.19266,0.51086,0.57284,40.66667,0.45267,0.35167,0.78167,8.33333,36.0,44.33333,22.0,5.0,11.66667,106.33333,-0.09516,0.22119,0.52236,0.5667,1.0,0
41.66667,0.444,0.30533,0.62533,10.33333,34.0,44.33333,26.66667,11.33333,15.0,106.66667,-0.16257,0.26834,0.49734,0.54216,43.33333,0.51567,0.46433,0.82433,7.66667,38.0,45.66667,25.33333,5.0,11.0,115.0,0.14364,0.27526,0.60398,0.65583,0.33333,0
50.0,0.546,0.45233,0.81767,11.0,30.33333,41.33333,33.0,5.66667,9.0,133.0,0.2241,0.36679,0.62497,0.6884,39.66667,0.44,0.38433,0.73833,11.66667,36.66667,48.33333,20.66667,8.66667,13.0,108.0,0.04201,0.32485,0.49653,0.56435,0.33333,0
42.33333,0.46167,0.303,0.784,9.66667,37.0,46.66667,24.0,8.66667,13.66667,115.33333,0.06995,0.26022,0.51759,0.59235,41.0,0.444,0.341,0.77767,12.33333,33.0,45.33333,22.66667,10.0,13.0,109.0,0.1019,0.38701,0.50347,0.56298,0.0,0
35.0,0.43667,0.28267,0.77467,11.33333,36.0,47.33333,21.0,4.66667,14.0,97.33333,-0.1107,0.35924,0.4907,0.57052,38.66667,0.419,0.37667,0.80633,9.66667,34.0,43.66667,26.0,7.0,12.0,113.66667,-0.12215,0.24777,0.50373,0.57757,0.66667,1
45.66667,0.53333,0.36567,0.78167,8.0,35.33333,43.33333,26.66667,5.33333,15.33333,118.66667,0.03071,0.28609,0.5947,0.65694,38.0,0.40867,0.32933,0.71233,10.33333,30.0,40.33333,18.33333,6.66667,9.66667,100.66667,-0.15346,0.25053,0.45644,0.5147,1.0,0
39.66667,0.409,0.31633,0.78133,16.33333,41.33333,57.66667,22.33333,6.33333,12.0,111.33333,0.12086,0.44088,0.46463,0.54052,44.33333,0.49967,0.43333,0.73433,11.0,30.0,41.0,25.66667,7.33333,13.66667,120.33333,-0.0332,0.38907,0.56876,0.63729,0.66667,0
37.66667,0.43367,0.39033,0.78233,11.66667,40.0,51.66667,25.0,7.0,14.0,107.0,0.12948,0.36254,0.5158,0.58266,36.0,0.40767,0.30667,0.78567,8.33333,32.0,40.33333,23.33333,9.33333,15.0,102.0,-0.18878,0.21742,0.47263,0.54666,0.66667,1
44.0,0.516,0.42667,0.771,12.66667,39.0,51.66667,29.0,6.66667,14.0,117.33333,0.23119,0.46926,0.58196,0.64741,38.0,0.46267,0.36133,0.80933,8.0,35.0,43.0,24.66667,7.0,13.0,105.66667,0.1877,0.2306,0.53915,0.60805,0.0,0
43.66667,0.50067,0.37433,0.782,11.33333,35.66667,47.0,27.66667,6.0,12.33333,114.33333,0.06096,0.4006,0.56541,0.62342,42.0,0.432,0.34867,0.82033,13.66667,33.0,46.66667,22.0,8.66667,12.0,115.66667,-0.03421,0.38581,0.47944,0.56069,0.66667,0
41.33333,0.487,0.36933,0.80267,8.33333,31.0,39.33333,27.0,9.0,13.66667,111.66667,0.01085,0.23743,0.56123,0.62478,43.66667,0.47633,0.356,0.81467,11.0,31.66667,42.66667,26.66667,8.0,9.0,120.66667,0.1154,0.29726,0.54836,0.62129,0.33333,1
41.33333,0.51333,0.416,0.76,7.66667,39.0,46.66667,21.66667,8.33333,12.0,112.33333,0.36186,0.2721,0.58165,0.6536,41.0,0.47967,0.338,0.78433,10.33333,38.66667,49.0,22.66667,7.66667,15.33333,108.66667,0.09208,0.35854,0.52206,0.59796,0.33333,1
39.0,0.457,0.34267,0.881,11.0,34.66667,45.66667,21.66667,9.33333,14.33333,112.0,0.03104,0.31019,0.51938,0.61234,39.66667,0.45767,0.43433,0.79933,10.0,31.33333,41.33333,21.66667,5.0,12.66667,109.66667,-0.18165,0.28123,0.52425,0.59568,1.0,0
35.66667,0.415,0.34567,0.751,11.0,32.0,43.0,20.66667,5.66667,15.66667,103.0,-0.12864,0.28277,0.48808,0.56264,39.33333,0.43133,0.34633,0.711,9.66667,36.0,45.66667,22.0,4.33333,11.33333,100.0,-0.1825,0.24622,0.48524,0.52758,1.0,0
39.66667,0.47567,0.32967,0.753,9.0,29.66667,38.66667,26.33333,9.33333,13.33333,107.66667,0.07303,0.28491,0.54421,0.60991,41.33333,0.459,0.392,0.83,10.66667,36.0,46.66667,28.33333,10.33333,14.0,116.0,0.08824,0.3012,0.52604,0.60715,0.33333,0
44.33333,0.479,0.33033,0.78367,13.66667,34.66667,48.33333,28.0,8.33333,15.66667,119.66667,-0.00154,0.40737,0.53719,0.60955,38.33333,0.42967,0.29333,0.90533,13.66667,33.66667,47.33333,23.66667,6.66667,14.33333,101.0,-0.1203,0.41181,0.48859,0.54558,0.66667,0
40.0,0.471,0.331,0.74233,10.0,37.66667,47.66667,24.0,7.66667,12.0,108.33333,0.1788,0.30476,0.5337,0.60069,43.33333,0.42533,0.32367,0.844,15.66667,34.33333,50.0,22.33333,5.0,10.33333,118.66667,-0.0864,0.42895,0.47516,0.55138,0.66667,0
40.0,0.466,0.36433,0.77667,6.33333,31.66667,38.0,23.66667,11.66667,12.33333,108.33333,0.13668,0.17863,0.52879,0.59733,41.33333,0.45467,0.275,0.766,15.66667,33.0,48.66667,20.0,6.33333,11.0,109.33333,-0.05051,0.49858,0.4953,0.56633,0.66667,0
43.33333,0.45933,0.36933,0.75433,15.0,40.0,55.0,25.0,8.0,16.0,118.0,0.07712,0.44259,0.51933,0.58938,44.66667,0.48967,0.35233,0.751,10.66667,38.66667,49.33333,30.0,6.33333,11.0,116.0,0.1625,0.30462,0.55905,0.60988,0.0,1
37.0,0.38867,0.28433,0.72667,15.0,34.0,49.0,23.66667,9.33333,11.66667,104.0,-0.04836,0.42818,0.44589,0.51829,40.66667,0.43167,0.383,0.824,12.0,35.0,47.0,24.0,7.33333,12.66667,107.0,-0.04958,0.32125,0.49344,0.54512,0.66667,0
35.33333,0.41167,0.357,0.71967,11.0,34.0,45.0,24.33333,4.33333,15.33333,98.66667,-0.0997,0.30121,0.48561,0.54495,41.33333,0.44233,0.40867,0.77067,9.66667,34.0,43.66667,23.66667,7.0,14.66667,115.0,-0.11041,0.25513,0.52517,0.58586,0.66667,0
40.66667,0.45767,0.30767,0.81367,9.33333,32.33333,41.66667,19.33333,4.66667,13.0,108.66667,-0.08881,0.27407,0.51535,0.58143,43.0,0.46467,0.40533,0.67833,9.33333,37.0,46.33333,30.0,6.33333,16.0,113.0,-0.0295,0.26599,0.54543,0.5852,0.66667,1
40.33333,0.45867,0.31867,0.76967,11.33333,36.33333,47.66667,23.66667,9.33333,15.33333,115.33333,0.03773,0.33017,0.52344,0.61009,48.0,0.49267,0.333,0.853,9.66667,42.66667,52.33333,28.0,7.33333,14.66667,126.33333,0.21327,0.2909,0.54913,0.61698,0.0,1
41.66667,0.465,0.34367,0.804,10.33333,33.33333,43.66667,25.66667,9.66667,11.66667,113.33333,0.03121,0.29633,0.5273,0.59847,40.0,0.45367,0.37,0.79833,8.0,38.66667,46.66667,24.66667,10.0,13.33333,107.33333,0.08951,0.22619,0.52497,0.58249,0.33333,1
40.33333,0.46033,0.298,0.746,9.0,35.66667,44.66667,21.0,8.33333,12.0,115.33333,0.04245,0.23625,0.53179,0.61291,40.33333,0.46567,0.35567,0.74433,9.66667,30.66667,40.33333,27.0,11.0,14.33333,115.33333,-0.02761,0.27464,0.55029,0.62422,0.66667,0
49.0,0.502,0.46367,0.76867,13.33333,31.66667,45.0,30.0,8.66667,8.0,129.33333,0.23282,0.41883,0.56697,0.62959,37.33333,0.43,0.35,0.754,12.66667,39.0,51.66667,21.33333,7.33333,15.66667,105.0,-0.01406,0.38594,0.48614,0.56476,0.66667,1
41.0,0.47067,0.44933,0.64467,14.33333,29.0,43.33333,24.66667,8.33333,12.66667,111.33333,-0.10075,0.42955,0.52955,0.59717,39.0,0.43667,0.40467,0.75867,7.66667,35.33333,43.0,23.33333,4.66667,12.66667,100.0,-0.16435,0.20163,0.50876,0.54168,1.0,0
45.0,0.49167,0.33033,0.81267,9.0,40.33333,49.33333,29.66667,8.66667,13.33333,123.33333,0.08446,0.25798,0.54734,0.63215,43.33333,0.459,0.353,0.72333,11.66667,36.66667,48.33333,28.66667,6.66667,11.33333,115.33333,0.14935,0.31548,0.53535,0.58502,0.0,0
43.66667,0.478,0.49433,0.74767,12.0,33.66667,45.66667,27.0,6.66667,8.66667,121.33333,0.16299,0.35426,0.55189,0.62376,39.66667,0.46667,0.39833,0.74233,9.66667,37.33333,47.0,20.66667,7.66667,15.0,111.66667,0.00848,0.25985,0.53934,0.61347,0.33333,0
43.0,0.445,0.33033,0.71267,11.33333,34.66667,46.0,27.33333,10.66667,14.0,111.33333,-0.07817,0.28411,0.50699,0.55304,39.33333,0.469,0.39467,0.779,7.66667,32.66667,40.33333,22.33333,5.33333,12.33333,106.33333,-0.22452,0.23118,0.52263,0.59586,1.0,0
41.0,0.47033,0.384,0.76667,6.66667,33.0,39.66667,23.0,6.33333,13.0,105.0,-0.07766,0.1925,0.51802,0.57492,43.0,0.459,0.39333,0.83033,11.33333,33.33333,44.66667,26.33333,6.33333,10.0,111.33333,-0.05073,0.31106,0.52677,0.57249,0.66667,1
43.33333,0.50033,0.327,0.779,9.33333,30.33333,39.66667,24.0,8.66667,14.66667,117.0,0.01775,0.30449,0.56165,0.6343,40.66667,0.46133,0.333,0.641,9.66667,37.66667,47.33333,24.33333,8.0,13.33333,110.33333,-0.02728,0.26085,0.54336,0.59348,0.66667,0
38.33333,0.46067,0.361,0.75533,6.0,30.33333,36.33333,21.33333,7.66667,14.0,102.66667,-0.25372,0.17149,0.51656,0.58349,41.0,0.462,0.39767,0.847,6.66667,31.33333,38.0,28.33333,9.0,12.0,116.0,-0.06246,0.17362,0.5583,0.62183,0.66667,0
43.66667,0.49267,0.32733,0.84167,11.66667,36.33333,48.0,26.66667,4.33333,13.0,121.66667,0.05184,0.38099,0.54725,0.64054,40.66667,0.46933,0.34467,0.739,9.33333,37.0,46.33333,26.66667,6.33333,11.33333,111.66667,-0.01848,0.25801,0.52713,0.60228,0.66667,0
40.66667,0.42967,0.38033,0.784,15.66667,41.0,56.66667,23.66667,6.66667,13.0,113.66667,0.14165,0.43519,0.49307,0.56617,39.33333,0.46933,0.39767,0.72233,7.66667,33.0,40.66667,21.0,8.33333,17.66667,107.0,-0.13439,0.22051,0.53934,0.60224,0.66667,1
40.0,0.489,0.39967,0.807,8.66667,36.33333,45.0,26.33333,6.66667,13.66667,105.66667,0.07371,0.27754,0.56408,0.6177,38.33333,0.40333,0.331,0.72467,12.66667,32.66667,45.33333,23.0,8.66667,12.33333,107.66667,-0.07543,0.29916,0.46603,0.5346,0.66667,0
44.33333,0.437,0.32,0.84667,15.66667,35.33333,51.0,25.0,9.33333,11.0,118.0,0.07463,0.41912,0.49653,0.55701,44.0,0.51633,0.35333,0.737,8.33333,34.33333,42.66667,22.66667,8.66667,14.33333,114.0,0.09818,0.27671,0.57474,0.63306,0.33333,0
44.33333,0.49833,0.42367,0.79967,11.0,39.0,50.0,29.33333,6.0,11.66667,115.66667,0.18618,0.36825,0.56902,0.62193,37.33333,0.41,0.37933,0.68267,11.0,34.33333,45.33333,22.0,8.0,13.66667,106.0,-0.18191,0.28387,0.48764,0.54912,0.66667,0
42.0,0.48633,0.401,0.782,10.33333,36.33333,46.66667,25.33333,7.0,13.0,112.33333,0.05854,0.33854,0.55883,0.61768,42.0,0.483,0.374,0.75433,8.0,30.33333,38.33333,24.66667,11.0,18.0,112.0,-0.09631,0.24501,0.55081,0.61173,0.33333,0
43.33333,0.46033,0.36933,0.85067,11.0,38.0,49.0,30.0,6.66667,14.33333,117.33333,0.00145,0.32074,0.53094,0.5953,38.33333,0.451,0.35567,0.86367,8.66667,28.66667,37.33333,21.33333,6.0,10.0,107.33333,0.01589,0.25067,0.52668,0.59873,0.33333,1
37.66667,0.43433,0.29167,0.83433,8.66667,31.33333,40.0,23.0,6.33333,10.33333,102.0,-0.1464,0.22378,0.48954,0.55915,36.33333,0.42233,0.36367,0.822,10.33333,36.66667,47.0,20.66667,7.33333,15.0,100.0,-0.07601,0.28744,0.48354,0.55276,1.0,0
40.0,0.50833,0.38733,0.81733,8.33333,32.33333,40.66667,22.0,7.33333,12.66667,110.66667,0.11999,0.30644,0.56969,0.65633,40.33333,0.44433,0.361,0.85333,10.33333,28.66667,39.0,24.0,9.0,10.66667,112.0,-0.09655,0.29722,0.49827,0.58141,1.0,0
41.66667,0.48233,0.36367,0.79133,10.66667,39.33333,50.0,24.66667,6.33333,12.33333,114.0,0.10775,0.3416,0.55309,0.62182,36.66667,0.41733,0.34167,0.77133,11.66667,35.33333,47.0,21.33333,8.66667,15.33333,103.0,-0.16568,0.31786,0.47079,0.54983,0.66667,1
35.66667,0.431,0.31233,0.78833,11.33333,36.33333,47.66667,23.33333,4.33333,16.0,97.66667,-0.13055,0.36193,0.49773,0.56309,36.0,0.43833,0.33367,0.792,10.0,33.33333,43.33333,23.0,7.0,15.0,104.0,-0.11975,0.279,0.51683,0.59378,1.0,0
48.33333,0.544,0.45533,0.78133,10.33333,32.0,42.33333,33.0,6.0,10.0,128.0,0.25913,0.36417,0.62873,0.68485,39.33333,0.44933,0.34467,0.89767,11.33333,32.66667,44.0,24.33333,6.66667,15.33333,104.66667,-0.0699,0.35097,0.51595,0.5739,0.66667,0
38.0,0.46033,0.333,0.774,10.0,33.0,43.0,25.0,8.0,13.33333,104.66667,0.13132,0.32509,0.52344,0.59678,43.66667,0.47833,0.42633,0.74633,13.66667,34.66667,48.33333,25.66667,5.66667,14.0,120.66667,0.04912,0.45759,0.54528,0.61918,0.66667,0
36.0,0.40367,0.294,0.72967,11.66667,39.0,50.66667,18.66667,8.66667,12.33333,109.33333,-0.04335,0.28613,0.4616,0.55957,39.0,0.44333,0.327,0.81833,11.33333,34.66667,46.0,22.0,6.0,12.33333,103.66667,-0.04602,0.31775,0.49593,0.56221,0.66667,0
42.0,0.45533,0.388,0.78333,13.66667,36.0,49.66667,26.66667,8.33333,12.0,122.0,0.12876,0.42488,0.53391,0.62069,37.0,0.39933,0.24967,0.80067,10.0,37.33333,47.33333,19.0,7.0,15.33333,92.66667,-0.28646,0.23314,0.44359,0.48516,1.0,0
39.66667,0.45833,0.394,0.714,10.66667,38.33333,49.0,28.0,3.66667,13.66667,109.33333,0.07714,0.30317,0.53717,0.59708,47.66667,0.53333,0.403,0.69067,7.66667,32.66667,40.33333,33.33333,8.0,11.0,119.0,0.0922,0.23902,0.60819,0.64291,0.33333,1
45.33333,0.457,0.315,0.74233,12.66667,38.0,50.66667,24.33333,6.33333,10.66667,116.0,0.00081,0.30587,0.50522,0.55987,36.0,0.46667,0.39433,0.74967,7.33333,29.0,36.33333,26.66667,7.0,17.0,103.0,-0.15867,0.22631,0.57027,0.63058,0.66667,1
38.66667,0.42,0.31933,0.797,14.0,35.66667,49.66667,22.33333,8.33333,10.66667,107.0,-0.08162,0.36496,0.47259,0.54904,42.33333,0.485,0.45067,0.76167,7.0,39.66667,46.66667,29.66667,6.33333,16.0,110.33333,0.03409,0.20621,0.57053,0.61025,0.33333,0
37.0,0.446,0.33567,0.80333,11.0,38.0,49.0,24.66667,6.66667,17.33333,108.0,-0.06952,0.38364,0.5202,0.60717,47.33333,0.48433,0.31933,0.80667,11.0,40.33333,51.33333,28.0,7.33333,16.66667,130.0,0.12421,0.32186,0.5338,0.62048,0.0,1
40.66667,0.44567,0.312,0.80033,7.66667,34.66667,42.33333,21.0,5.0,11.0,107.33333,-0.07407,0.19312,0.4967,0.56003,45.0,0.489,0.37667,0.82267,13.0,32.66667,45.66667,29.33333,8.0,9.33333,123.66667,0.16121,0.36893,0.56592,0.63569,0.33333,1
41.33333,0.48167,0.35367,0.76567,9.33333,33.0,42.33333,28.0,9.33333,15.0,111.0,0.17405,0.28924,0.55246,0.61491,43.33333,0.487,0.376,0.872,7.66667,42.0,49.66667,28.33333,11.33333,13.66667,116.33333,0.18269,0.22202,0.55952,0.6248,0.0,0
39.33333,0.45133,0.32633,0.825,8.66667,38.33333,47.0,23.66667,7.0,9.66667,106.33333,0.12377,0.24326,0.50478,0.57988,31.66667,0.38033,0.258,0.75467,9.66667,34.66667,44.33333,20.0,7.0,14.66667,87.33333,-0.21677,0.25558,0.43449,0.49798,0.66667,1
45.0,0.51367,0.34933,0.74233,9.0,33.66667,42.66667,26.0,8.33333,15.33333,120.33333,0.01906,0.29374,0.57043,0.64156,38.66667,0.427,0.24833,0.861,9.0,35.0,44.0,17.0,5.0,13.66667,97.66667,-0.18904,0.22845,0.47474,0.52208,1.0,0
42.66667,0.44967,0.29867,0.77767,11.66667,35.0,46.66667,23.0,6.66667,10.33333,122.66667,-0.02793,0.30477,0.51927,0.60531,41.0,0.432,0.306,0.64833,10.66667,39.66667,50.33333,24.0,7.33333,14.66667,102.0,-0.16932,0.2463,0.48971,0.51849,1.0,0
40.0,0.449,0.446,0.68367,14.33333,32.33333,46.66667,23.0,6.0,10.66667,107.33333,-0.11545,0.42258,0.49588,0.56625,45.66667,0.50133,0.357,0.772,9.66667,40.0,49.66667,25.0,9.33333,13.33333,119.0,0.19617,0.28936,0.57086,0.62401,0.33333,1
44.66667,0.48967,0.31267,0.81767,9.66667,42.66667,52.33333,29.66667,6.0,14.33333,120.0,0.08217,0.28482,0.5436,0.62083,44.0,0.48667,0.35567,0.93967,9.0,33.0,42.0,26.66667,6.33333,11.66667,119.0,0.02589,0.27461,0.55145,0.62752,0.33333,1
36.33333,0.42867,0.347,0.70633,8.66667,36.66667,45.33333,22.33333,4.66667,14.33333,103.33333,0.02058,0.2361,0.52004,0.57684,39.33333,0.44467,0.319,0.81867,14.0,34.33333,48.33333,24.0,7.0,16.33333,103.33333,-0.08431,0.44376,0.49946,0.55764,0.66667,0
42.0,0.472,0.30633,0.76433,7.66667,34.66667,42.33333,26.33333,10.66667,10.0,105.0,0.20929,0.22008,0.51697,0.5665,39.33333,0.46267,0.36367,0.78,8.0,35.66667,43.66667,23.33333,10.33333,15.0,107.33333,-0.01085,0.24806,0.53333,0.59791,0.66667,0
40.66667,0.43967,0.40733,0.73,12.66667,37.33333,50.0,25.66667,10.33333,16.33333,118.66667,0.06075,0.3621,0.51687,0.59635,37.0,0.42167,0.28633,0.782,7.33333,36.0,43.33333,21.66667,7.66667,11.33333,98.66667,-0.11408,0.18146,0.46651,0.53263,0.66667,0
43.0,0.47867,0.42367,0.84433,13.66667,37.66667,51.33333,26.0,5.33333,12.66667,127.33333,0.13493,0.44226,0.55586,0.65704,40.0,0.45167,0.34867,0.83,12.33333,34.66667,47.0,24.0,7.0,10.33333,110.33333,-0.04168,0.36444,0.51946,0.58948,0.66667,1
43.33333,0.513,0.43033,0.794,9.66667,35.0,44.66667,29.33333,6.66667,12.66667,112.0,0.15449,0.31795,0.59537,0.6394,39.33333,0.45967,0.359,0.83267,10.0,31.66667,41.66667,25.0,6.66667,10.0,109.66667,0.0173,0.30635,0.53664,0.60793,0.66667,0
46.0,0.517,0.454,0.76167,10.0,33.0,43.0,33.0,7.33333,11.33333,123.33333,0.25826,0.33598,0.61415,0.66256,40.33333,0.46233,0.341,0.71367,12.0,35.0,47.0,25.33333,7.66667,13.0,106.66667,0.05076,0.3719,0.51787,0.5792,0.33333,0
40.0,0.47133,0.39667,0.72633,7.33333,31.66667,39.0,23.0,7.66667,15.33333,109.33333,-0.16357,0.21554,0.54948,0.60962,45.33333,0.52067,0.35333,0.734,8.0,36.0,44.0,23.66667,8.66667,14.66667,118.33333,0.07919,0.25814,0.58896,0.64377,0.33333,1
46.33333,0.51767,0.42967,0.779,8.33333,36.66667,45.0,29.66667,7.33333,7.66667,122.66667,0.24481,0.2658,0.60127,0.65387,41.0,0.449,0.34667,0.82267,9.0,38.33333,47.33333,24.33333,5.66667,10.33333,106.0,-0.02715,0.23704,0.51614,0.5618,0.66667,0
44.33333,0.443,0.33033,0.66033,10.33333,36.66667,47.0,24.0,5.33333,10.33333,110.66667,-0.10723,0.23633,0.49275,0.53145,40.33333,0.45533,0.30733,0.73867,11.0,32.66667,43.66667,22.33333,6.33333,14.0,104.33333,-0.20128,0.33049,0.5205,0.56439,1.0,0
41.66667,0.48133,0.337,0.846,8.0,36.0,44.0,26.33333,5.33333,10.0,108.33333,0.05807,0.25198,0.52971,0.59721,39.0,0.432,0.29133,0.799,13.0,36.66667,49.66667,23.66667,6.66667,15.33333,103.0,-0.12019,0.36492,0.47604,0.54173,1.0,0
41.33333,0.54833,0.404,0.797,8.33333,29.66667,38.0,25.0,4.33333,14.66667,112.0,-0.03965,0.36865,0.61693,0.69501,37.33333,0.44633,0.31367,0.82267,9.66667,29.0,38.66667,22.0,8.0,10.33333,102.0,-0.11896,0.31015,0.50335,0.57598,1.0,0
41.33333,0.535,0.39733,0.80033,7.66667,30.0,37.66667,22.0,5.33333,13.0,113.66667,-0.04082,0.30536,0.59774,0.68429,40.33333,0.46767,0.36333,0.772,9.66667,38.33333,48.0,25.33333,8.0,12.66667,110.0,0.06298,0.28347,0.54024,0.60411,0.33333,0
37.33333,0.43367,0.29633,0.79333,7.33333,36.0,43.33333,22.66667,7.0,9.66667,101.33333,0.06508,0.19522,0.48579,0.55901,38.66667,0.465,0.41333,0.72367,8.0,32.66667,40.66667,22.33333,5.0,12.0,104.0,-0.17098,0.23737,0.53124,0.59107,1.0,0
36.0,0.39767,0.31733,0.74733,13.33333,36.66667,50.0,21.0,6.0,13.0,102.0,-0.12355,0.33255,0.45614,0.53008,40.0,0.443,0.411,0.90067,12.0,31.0,43.0,20.33333,8.33333,13.66667,113.33333,0.0025,0.35325,0.5253,0.59746,0.66667,1
39.0,0.424,0.291,0.794,9.66667,37.66667,47.33333,23.66667,5.66667,12.0,108.33333,-0.03852,0.24868,0.47282,0.55299,39.33333,0.43967,0.36567,0.736,12.0,35.0,47.0,22.66667,7.66667,13.33333,107.33333,-0.15686,0.34373,0.51708,0.57075,1.0,1
46.33333,0.53267,0.42033,0.76033,5.66667,33.66667,39.33333,28.33333,6.33333,8.33333,121.33333,0.13731,0.18961,0.61881,0.66686,43.0,0.48733,0.40833,0.738,11.33333,35.66667,47.0,26.66667,5.66667,16.66667,115.33333,-0.06509,0.35325,0.54707,0.61457,1.0,0
47.0,0.44533,0.39867,0.86633,17.0,34.66667,51.66667,26.0,8.66667,11.33333,124.33333,0.04593,0.4634,0.50596,0.56592,41.33333,0.431,0.391,0.691,11.0,35.66667,46.66667,26.66667,9.0,11.0,112.33333,0.05514,0.26228,0.50761,0.55862,0.33333,0
45.66667,0.49467,0.40767,0.80033,9.33333,37.33333,46.66667,30.33333,7.0,10.0,130.0,0.12483,0.31496,0.58229,0.66332,42.33333,0.47233,0.33833,0.74733,15.0,34.0,49.0,20.66667,10.0,12.0,119.33333,0.16768,0.48776,0.52792,0.6146,0.0,1
43.33333,0.46033,0.35733,0.72267,12.66667,36.66667,49.33333,28.33333,7.0,10.0,116.66667,0.18441,0.35953,0.53719,0.59041,36.0,0.41,0.37633,0.83967,12.0,32.33333,44.33333,21.0,8.0,12.33333,108.66667,-0.08609,0.3253,0.50679,0.58426,1.0,1
40.66667,0.455,0.404,0.701,13.33333,37.0,50.33333,29.33333,4.0,11.33333,109.66667,0.09421,0.39812,0.5304,0.58331,39.33333,0.436,0.41667,0.83567,11.66667,37.66667,49.33333,26.66667,6.66667,8.0,117.33333,0.24536,0.33219,0.52855,0.612,0.0,1
39.33333,0.446,0.32533,0.765,12.66667,34.0,46.66667,25.33333,7.66667,17.0,107.0,-0.17382,0.39973,0.51279,0.5749,35.33333,0.39567,0.31233,0.68467,10.0,32.33333,42.33333,21.0,7.33333,13.33333,97.66667,-0.29225,0.23857,0.46743,0.52132,1.0,0
43.33333,0.471,0.31833,0.765,12.66667,33.66667,46.33333,24.0,6.66667,9.33333,120.66667,0.0843,0.35061,0.53381,0.6148,45.33333,0.498,0.46733,0.80933,6.33333,41.0,47.33333,32.0,8.33333,15.0,123.0,0.08472,0.15929,0.59481,0.64613,0.33333,1
40.33333,0.47267,0.33167,0.751,9.33333,37.66667,47.0,24.66667,10.33333,15.33333,114.66667,0.08915,0.28739,0.5327,0.62047,45.33333,0.482,0.36967,0.81733,13.66667,37.0,50.66667,27.0,9.0,18.0,124.33333,0.16626,0.42624,0.55516,0.62452,0.0,1
42.0,0.45167,0.34567,0.786,12.66667,35.0,47.66667,24.0,7.33333,13.0,116.66667,0.08311,0.33332,0.52083,0.59278,42.0,0.47467,0.43333,0.858,12.0,36.0,48.0,28.66667,6.33333,8.66667,124.0,0.20978,0.3551,0.56874,0.6565,0.0,1
41.66667,0.466,0.36667,0.812,9.66667,37.0,46.66667,25.33333,6.66667,9.33333,109.66667,0.21249,0.30574,0.52605,0.58618,43.66667,0.47533,0.37267,0.796,7.66667,39.33333,47.0,28.66667,9.33333,12.0,112.66667,0.03801,0.22202,0.54125,0.59083,0.33333,1
45.66667,0.465,0.36133,0.83933,12.33333,38.66667,51.0,30.66667,5.33333,14.0,121.66667,0.01948,0.33933,0.53365,0.59261,38.33333,0.43233,0.24967,0.79433,8.66667,36.33333,45.0,18.33333,6.0,15.66667,96.0,-0.20534,0.21952,0.4791,0.52352,1.0,0
49.66667,0.486,0.396,0.81267,15.33333,36.33333,51.66667,30.33333,9.33333,13.33333,128.33333,0.11704,0.43634,0.54314,0.59971,42.0,0.46867,0.33967,0.76267,14.0,35.0,49.0,24.66667,9.33333,12.66667,116.0,0.23356,0.48596,0.52978,0.60577,0.0,1
40.33333,0.45867,0.31833,0.712,11.33333,33.0,44.33333,23.33333,5.0,9.66667,105.33333,-0.11631,0.31031,0.49877,0.56614,41.66667,0.47733,0.384,0.757,11.33333,34.66667,46.0,24.66667,10.66667,14.0,120.66667,0.0482,0.32856,0.55391,0.64147,0.66667,1
41.33333,0.49,0.31667,0.86567,8.66667,39.0,47.66667,28.0,4.0,13.66667,118.33333,0.04307,0.29268,0.56105,0.65635,45.66667,0.484,0.37067,0.84133,11.0,35.33333,46.33333,28.33333,11.0,18.33333,127.0,0.15495,0.32452,0.57234,0.63811,0.0,0
36.66667,0.42433,0.34633,0.71667,9.33333,35.0,44.33333,18.33333,4.66667,12.33333,106.66667,-0.03564,0.25042,0.50358,0.57652,45.66667,0.47467,0.35267,0.719,12.66667,36.66667,49.33333,29.0,8.66667,14.66667,118.0,-0.01869,0.39111,0.544,0.58735,0.66667,1
36.0,0.42267,0.32667,0.74133,9.0,37.66667,46.66667,22.0,10.0,13.0,105.0,-0.00358,0.23058,0.47907,0.56845,34.66667,0.40767,0.29867,0.79633,7.33333,34.33333,41.66667,20.66667,10.0,14.0,99.0,-0.16151,0.19991,0.46667,0.54798,0.66667,1
40.66667,0.49,0.40567,0.70667,12.66667,37.0,49.66667,25.0,6.0,18.0,116.66667,0.13115,0.43246,0.5773,0.65159,35.33333,0.40567,0.28167,0.821,8.33333,31.0,39.33333,19.66667,7.66667,13.0,96.66667,-0.30781,0.21832,0.45116,0.52696,1.0,0
38.33333,0.436,0.376,0.81767,11.33333,36.33333,47.66667,24.33333,5.33333,11.0,116.0,-0.00303,0.31931,0.50649,0.60866,31.0,0.34533,0.30767,0.72433,11.0,33.0,44.0,19.66667,6.0,14.0,90.0,-0.35522,0.24911,0.41304,0.47503,1.0,0
42.66667,0.44467,0.33233,0.74667,16.33333,36.66667,53.0,24.0,9.66667,16.33333,115.33333,-0.01777,0.47963,0.49676,0.5666,40.0,0.472,0.38733,0.89933,8.0,26.33333,34.33333,23.0,9.66667,10.33333,109.33333,-0.09029,0.25341,0.539,0.61292,1.0,0
49.66667,0.582,0.511,0.861,8.0,35.0,43.0,34.66667,7.0,14.0,126.66667,0.25311,0.32517,0.67893,0.71943,38.66667,0.42633,0.34733,0.70667,9.66667,29.66667,39.33333,21.66667,9.33333,12.66667,105.33333,-0.22989,0.25999,0.4827,0.55054,1.0,0
45.66667,0.47733,0.37233,0.76167,13.0,30.0,43.0,26.66667,8.66667,9.66667,119.33333,0.07339,0.39025,0.52134,0.5894,37.0,0.40567,0.37767,0.87133,11.0,27.0,38.0,26.0,9.66667,10.66667,107.66667,-0.12468,0.31197,0.4891,0.56387,0.33333,0
40.66667,0.45533,0.316,0.75467,10.66667,36.66667,47.33333,23.0,6.33333,12.0,111.0,-0.05357,0.32062,0.51687,0.58544,35.0,0.402,0.297,0.76433,11.33333,39.0,50.33333,22.33333,6.33333,14.0,97.33333,-0.01126,0.31937,0.46509,0.52992,0.33333,0
44.33333,0.47733,0.37367,0.78167,10.66667,32.33333,43.0,26.33333,7.66667,9.33333,119.0,0.06273,0.29623,0.54364,0.60834,44.33333,0.48067,0.37933,0.88767,10.66667,31.0,41.66667,27.0,4.0,10.0,123.33333,0.01049,0.32318,0.54813,0.6319,0.33333,0
46.33333,0.52833,0.383,0.849,10.66667,37.33333,48.0,28.33333,8.33333,17.0,124.33333,0.07892,0.34275,0.60267,0.67175,35.66667,0.41033,0.27867,0.72,11.33333,34.33333,45.66667,20.33333,6.33333,7.66667,97.0,-0.02979,0.29815,0.46482,0.52853,1.0,1
38.0,0.43367,0.30833,0.86167,9.33333,33.66667,43.0,19.66667,4.33333,9.33333,101.33333,-0.15583,0.24344,0.47572,0.55013,37.33333,0.42967,0.33267,0.77233,11.0,31.66667,42.66667,23.33333,5.33333,12.66667,100.66667,-0.15506,0.33007,0.49167,0.55186,1.0,0
41.33333,0.47367,0.36167,0.659,8.66667,34.0,42.66667,23.33333,7.66667,10.0,104.66667,0.1039,0.26164,0.54053,0.57822,35.33333,0.41167,0.39067,0.857,10.33333,34.0,44.33333,22.33333,6.66667,17.66667,97.33333,-0.19784,0.28744,0.47816,0.54192,1.0,1
42.66667,0.50333,0.42467,0.78467,6.66667,36.33333,43.0,27.66667,6.66667,12.66667,124.33333,0.02104,0.20311,0.58815,0.67864,42.66667,0.461,0.277,0.749,13.33333,31.0,44.33333,24.66667,8.33333,15.0,111.0,-0.13455,0.39135,0.50314,0.56683,1.0,0
36.0,0.43833,0.38,0.80233,9.33333,35.0,44.33333,22.0,10.0,16.66667,102.0,-0.06727,0.27866,0.50491,0.58373,37.66667,0.42833,0.40533,0.93467,13.0,34.0,47.0,22.33333,7.66667,14.66667,111.33333,0.01739,0.39055,0.51267,0.59871,0.66667,0
38.33333,0.44533,0.34567,0.743,12.66667,36.33333,49.0,26.0,6.66667,14.66667,105.33333,0.07648,0.39082,0.51363,0.58023,46.0,0.48867,0.37867,0.79033,12.0,35.66667,47.66667,29.33333,5.33333,12.33333,113.66667,0.11788,0.38414,0.54939,0.586,0.33333,0
41.66667,0.46367,0.331,0.75167,10.33333,32.33333,42.66667,19.33333,8.33333,12.33333,110.66667,-0.09894,0.28796,0.51919,0.58237,36.33333,0.389,0.291,0.695,10.0,33.66667,43.66667,20.0,6.66667,11.33333,95.33333,-0.29659,0.22841,0.45667,0.49229,1.0,0
38.0,0.421,0.218,0.829,10.33333,33.0,43.33333,20.66667,5.66667,9.33333,98.33333,-0.13279,0.26432,0.45582,0.51975,45.33333,0.49267,0.478,0.80933,8.66667,41.66667,50.33333,29.66667,8.0,14.33333,123.33333,0.07991,0.24716,0.58146,0.63828,0.33333,1
38.66667,0.43633,0.24567,0.735,10.0,39.66667,49.66667,23.33333,6.66667,10.66667,104.0,-0.05682,0.26602,0.48191,0.55215,44.33333,0.50567,0.41067,0.761,7.0,38.33333,45.33333,28.66667,7.0,13.33333,112.33333,0.04292,0.23591,0.5834,0.62054,0.33333,1
41.66667,0.44567,0.336,0.73,13.33333,36.0,49.33333,28.66667,11.33333,17.33333,118.33333,0.00344,0.35899,0.50968,0.58889,40.66667,0.44467,0.34267,0.70067,10.0,31.0,41.0,23.66667,9.0,14.66667,108.33333,-0.17643,0.28081,0.50678,0.56221,0.66667,0
42.33333,0.49,0.32633,0.90267,8.0,38.33333,46.33333,27.66667,3.66667,14.33333,117.66667,0.0186,0.25564,0.56358,0.64639,36.66667,0.41267,0.25733,0.86233,10.33333,35.66667,46.0,23.66667,6.0,13.0,97.33333,-0.22536,0.28873,0.45156,0.52209,1.0,0
37.33333,0.42867,0.31233,0.72367,9.33333,34.33333,43.66667,19.0,3.33333,10.33333,104.0,-0.09116,0.25682,0.49676,0.56241,42.0,0.472,0.381,0.67933,7.33333,37.66667,45.0,27.66667,5.66667,10.0,113.66667,-0.04211,0.19038,0.54641,0.60308,0.66667,0
37.66667,0.41733,0.27633,0.71867,13.66667,35.0,48.66667,20.33333,5.66667,14.33333,105.33333,-0.13884,0.35703,0.46622,0.54643,44.33333,0.49167,0.34033,0.78533,11.0,40.0,51.0,27.33333,7.0,11.66667,117.33333,0.21846,0.346,0.55828,0.61946,0.33333,1
47.0,0.50167,0.411,0.79033,13.0,36.33333,49.33333,29.33333,9.33333,15.33333,123.66667,0.08711,0.38544,0.56805,0.62858,33.66667,0.37867,0.32333,0.81267,8.33333,31.66667,40.0,17.66667,8.66667,10.66667,96.66667,-0.28735,0.20221,0.43077,0.51317,1.0,0
38.66667,0.44367,0.319,0.765,9.66667,39.0,48.66667,26.33333,10.66667,17.33333,116.66667,0.04643,0.28098,0.50879,0.6129,41.33333,0.47833,0.437,0.81167,9.0,37.33333,46.33333,20.33333,7.0,12.0,111.0,0.02758,0.30289,0.55396,0.61449,0.33333,0
41.0,0.41933,0.28633,0.666,12.0,37.66667,49.66667,22.0,4.66667,12.66667,106.0,-0.11287,0.27629,0.46891,0.51768,43.33333,0.46267,0.343,0.80067,12.66667,39.33333,52.0,21.66667,7.66667,12.33333,119.66667,0.06931,0.37552,0.51425,0.59812,0.66667,0
39.66667,0.46267,0.37033,0.77733,7.33333,35.66667,43.0,24.0,6.0,12.33333,113.33333,0.05006,0.21399,0.5369,0.61655,33.0,0.37333,0.289,0.744,12.0,37.66667,49.66667,21.33333,5.0,13.33333,92.66667,-0.10805,0.31726,0.44269,0.50037,0.66667,1
42.66667,0.47433,0.33867,0.67467,9.66667,34.66667,44.33333,29.66667,9.0,11.33333,111.33333,0.17368,0.27156,0.54102,0.58906,46.33333,0.47633,0.35567,0.82233,13.66667,37.0,50.66667,29.33333,6.0,14.0,116.33333,0.09161,0.43546,0.53995,0.5796,0.33333,0
46.33333,0.44633,0.307,0.73233,16.33333,37.0,53.33333,27.0,10.0,13.0,125.0,-0.01687,0.45269,0.49711,0.56567,42.66667,0.44067,0.35,0.785,9.66667,31.33333,41.0,19.66667,4.33333,7.66667,109.33333,-0.08178,0.23806,0.49899,0.54454,1.0,0
43.0,0.423,0.33567,0.63267,12.66667,39.66667,52.33333,25.0,7.0,10.66667,113.66667,-0.04193,0.28613,0.488,0.53346,32.33333,0.36733,0.352,0.77333,11.66667,33.33333,45.0,19.33333,7.33333,14.66667,92.66667,-0.24426,0.27874,0.42791,0.49702,1.0,1
47.33333,0.54767,0.513,0.784,8.66667,38.33333,47.0,35.0,7.33333,15.33333,125.66667,0.29797,0.33419,0.65229,0.69988,46.33333,0.47467,0.401,0.87467,9.33333,34.33333,43.66667,29.33333,11.66667,12.66667,126.0,0.14307,0.24482,0.54947,0.61526,0.33333,1
45.0,0.492,0.34867,0.80933,8.66667,33.0,41.66667,26.66667,10.0,12.33333,114.0,0.08663,0.26891,0.5424,0.59798,39.0,0.44133,0.37867,0.81,10.66667,35.0,45.66667,27.33333,8.66667,11.33333,113.66667,0.20037,0.31629,0.52473,0.60513,0.0,0
48.66667,0.56833,0.415,0.71867,5.66667,35.0,40.66667,28.66667,7.0,12.0,125.0,0.21352,0.21486,0.65382,0.69742,40.66667,0.45367,0.36167,0.71967,16.33333,31.0,47.33333,21.66667,12.0,11.33333,120.66667,0.12156,0.51284,0.51669,0.61404,0.0,0
40.66667,0.42067,0.34433,0.74567,15.0,33.66667,48.66667,25.66667,7.33333,11.33333,109.66667,0.0374,0.40028,0.49041,0.54338,43.0,0.45467,0.30833,0.81933,12.66667,36.33333,49.0,27.0,4.33333,12.0,118.66667,-0.05532,0.34957,0.50381,0.58901,0.33333,1
44.66667,0.503,0.37167,0.78733,10.66667,32.66667,43.33333,25.0,7.33333,11.33333,113.66667,0.25383,0.36107,0.56149,0.61359,37.66667,0.449,0.35533,0.871,8.33333,27.0,35.33333,27.33333,7.0,8.66667,110.0,-0.07422,0.26468,0.53078,0.61711,0.66667,0
40.0,0.42767,0.296,0.76933,8.0,38.0,46.0,21.66667,6.0,7.66667,110.66667,-0.02418,0.1988,0.48883,0.55915,35.66667,0.40267,0.254,0.715,11.33333,39.0,50.33333,21.0,6.66667,8.33333,95.66667,0.00105,0.28148,0.44499,0.51094,0.66667,0
42.0,0.53033,0.40067,0.761,9.66667,35.33333,45.0,25.0,3.33333,13.0,111.0,0.06509,0.37624,0.5963,0.66076,39.33333,0.436,0.36767,0.865,10.66667,30.0,40.66667,27.33333,8.33333,13.66667,105.0,-0.15362,0.29992,0.50271,0.55948,0.66667,0
43.0,0.484,0.401,0.695,8.66667,37.0,45.66667,29.33333,7.0,11.66667,111.0,0.15642,0.26274,0.55698,0.5989,38.0,0.41433,0.316,0.83167,13.33333,33.33333,46.66667,21.33333,4.66667,13.33333,98.33333,-0.13606,0.38012,0.47123,0.51925,1.0,1
40.0,0.41033,0.31367,0.77367,15.66667,38.33333,54.0,24.0,8.33333,12.66667,113.66667,-0.10466,0.4075,0.46664,0.54739,40.0,0.42833,0.33233,0.78833,11.66667,30.33333,42.0,24.66667,8.66667,12.33333,109.0,-0.15284,0.2883,0.49049,0.55506,1.0,1
40.33333,0.44033,0.33767,0.75467,13.33333,38.33333,51.66667,23.33333,9.0,15.66667,108.0,-0.03884,0.40143,0.50202,0.56028,39.66667,0.43333,0.30267,0.76033,10.0,32.33333,42.33333,25.33333,10.33333,13.0,108.66667,-0.10378,0.26752,0.49353,0.56183,0.66667,1
40.66667,0.434,0.322,0.723,13.66667,38.0,51.66667,23.0,7.33333,13.66667,101.0,-0.14538,0.37524,0.48377,0.52113,39.33333,0.44633,0.235,0.785,10.33333,28.33333,38.66667,23.33333,10.66667,15.0,104.33333,-0.20068,0.30739,0.48099,0.55867,1.0,1
42.0,0.51133,0.36467,0.71133,10.0,41.0,51.0,27.33333,5.66667,17.0,118.0,0.13353,0.36765,0.58569,0.66356,44.33333,0.479,0.41233,0.883,10.0,35.0,45.0,27.33333,9.66667,15.0,120.33333,0.13586,0.30258,0.56979,0.62461,0.33333,1
41.0,0.49467,0.349,0.804,5.33333,38.33333,43.66667,26.66667,7.66667,15.0,117.0,0.07384,0.17173,0.56,0.65584,44.66667,0.49,0.36733,0.86167,9.0,32.0,41.0,23.0,6.66667,11.33333,124.66667,-0.06573,0.24828,0.5612,0.63997,1.0,0
36.0,0.40867,0.32067,0.818,14.33333,33.66667,48.0,23.33333,7.66667,14.0,103.33333,-0.03949,0.41048,0.47467,0.55439,46.66667,0.49533,0.478,0.712,12.66667,37.33333,50.0,30.0,7.33333,13.0,126.66667,0.07235,0.40204,0.58032,0.63593,0.33333,0
45.0,0.441,0.347,0.749,14.66667,38.33333,53.0,27.66667,9.0,9.33333,125.66667,0.04473,0.38537,0.49828,0.57597,39.66667,0.416,0.36367,0.77867,9.33333,36.33333,45.66667,22.0,6.66667,12.0,105.66667,-0.19736,0.2115,0.49258,0.53437,1.0,1
44.33333,0.50867,0.348,0.705,6.33333,39.33333,45.66667,31.0,8.0,11.0,113.33333,0.31379,0.18664,0.56988,0.61905,40.33333,0.457,0.31667,0.67133,10.0,36.66667,46.66667,24.0,6.0,13.66667,104.33333,-0.21255,0.25155,0.51395,0.56324,1.0,0
40.0,0.471,0.29667,0.721,8.33333,42.66667,51.0,25.66667,6.0,17.33333,110.66667,0.01299,0.2486,0.53506,0.60671,41.66667,0.475,0.40233,0.69133,8.33333,37.0,45.33333,24.66667,4.33333,12.0,106.66667,0.02018,0.27145,0.55658,0.5887,0.33333,0
43.33333,0.49567,0.388,0.65233,9.0,33.0,42.0,25.33333,7.33333,12.33333,110.0,0.03294,0.3,0.5646,0.60455,40.66667,0.447,0.41733,0.863,11.0,30.0,41.0,27.33333,11.0,12.33333,111.33333,-0.00615,0.32318,0.53028,0.58717,0.33333,0
43.33333,0.48133,0.39233,0.75,9.0,35.66667,44.66667,26.66667,6.66667,7.33333,116.66667,0.14132,0.24217,0.54466,0.61151,45.0,0.44833,0.34167,0.889,15.33333,44.0,59.33333,23.33333,5.66667,12.66667,126.66667,0.07825,0.40881,0.50639,0.59345,0.66667,0
42.33333,0.49367,0.327,0.92133,7.0,33.33333,40.33333,24.33333,4.33333,10.66667,120.33333,0.04308,0.22801,0.57591,0.66447,42.0,0.47333,0.40133,0.80367,9.0,37.66667,46.66667,22.66667,6.33333,12.33333,108.33333,-0.02989,0.28129,0.55075,0.59149,0.66667,1
38.33333,0.40167,0.27767,0.63067,15.66667,36.0,51.66667,19.66667,5.33333,15.33333,102.33333,-0.2508,0.37696,0.44988,0.50776,36.33333,0.4,0.31967,0.821,10.0,32.66667,42.66667,21.0,10.0,13.66667,100.66667,-0.17984,0.236,0.44933,0.52308,0.66667,1
39.66667,0.451,0.33967,0.68833,9.33333,33.33333,42.66667,21.66667,6.66667,14.0,105.33333,-0.22014,0.24623,0.51629,0.56866,43.0,0.46467,0.348,0.702,16.0,32.0,48.0,19.66667,10.0,10.0,119.0,-0.00461,0.45808,0.50945,0.59366,0.33333,1
39.33333,0.484,0.39067,0.81833,5.66667,34.66667,40.33333,25.33333,6.66667,14.33333,108.66667,0.00901,0.15899,0.5619,0.63304,46.33333,0.52233,0.38433,0.66233,9.33333,32.33333,41.66667,31.33333,8.0,12.0,114.0,0.13957,0.29921,0.59759,0.62434,0.0,1
38.0,0.461,0.35433,0.80067,7.33333,41.0,48.33333,24.0,9.33333,18.0,112.66667,0.03696,0.20437,0.53195,0.63016,40.33333,0.48167,0.29267,0.70067,8.0,35.33333,43.33333,23.0,6.33333,13.33333,105.66667,-0.17228,0.22192,0.53421,0.59663,1.0,0
38.66667,0.45233,0.32333,0.71533,8.0,33.0,41.0,23.66667,5.66667,13.66667,106.0,-0.02286,0.2288,0.51585,0.58328,39.33333,0.43267,0.33333,0.844,13.33333,26.33333,39.66667,26.33333,7.0,13.0,103.66667,-0.18529,0.3715,0.49495,0.54848,0.66667,1
43.66667,0.518,0.477,0.80867,7.33333,41.0,48.33333,32.0,7.0,17.0,119.0,0.21695,0.27081,0.61879,0.675,39.33333,0.41133,0.24467,0.812,14.33333,34.33333,48.66667,23.33333,7.0,13.0,98.66667,-0.02971,0.40465,0.44278,0.49551,0.66667,1
37.66667,0.42167,0.28133,0.66467,13.33333,40.0,53.33333,20.0,4.33333,14.33333,99.33333,-0.25801,0.34673,0.46799,0.52717,42.33333,0.441,0.37733,0.66733,11.0,39.33333,50.33333,26.0,5.33333,11.66667,113.0,-0.09463,0.2765,0.51429,0.56135,1.0,0
44.33333,0.483,0.377,0.751,8.33333,36.33333,44.66667,27.0,6.0,8.66667,120.33333,0.07849,0.22913,0.54683,0.6168,45.0,0.50633,0.38733,0.78367,9.0,41.0,50.0,30.66667,7.0,10.0,118.66667,0.34059,0.28035,0.58147,0.63783,0.0,1
48.0,0.567,0.41,0.748,6.0,33.0,39.0,29.33333,4.66667,13.33333,123.33333,0.1589,0.23001,0.64951,0.69641,39.33333,0.42967,0.33033,0.74933,9.0,34.0,43.0,26.0,7.66667,9.33333,111.0,-0.00895,0.22913,0.5148,0.57656,0.66667,0
45.0,0.49233,0.31833,0.72033,7.33333,34.66667,42.0,31.0,5.66667,9.66667,116.66667,0.10491,0.23753,0.5542,0.60741,41.33333,0.471,0.34567,0.80567,9.66667,37.0,46.66667,23.66667,7.66667,10.0,109.33333,0.02916,0.27125,0.52542,0.59149,0.33333,1
37.66667,0.40867,0.20733,0.72733,11.0,35.66667,46.66667,21.66667,6.33333,9.33333,99.66667,-0.14201,0.26742,0.44788,0.51154,41.0,0.47267,0.42633,0.85633,10.33333,35.0,45.33333,24.0,8.0,14.33333,111.0,0.07172,0.3139,0.54746,0.61102,0.33333,1
42.33333,0.50733,0.337,0.753,8.66667,38.33333,47.0,26.0,8.66667,16.66667,114.66667,0.18535,0.30665,0.56514,0.64689,40.66667,0.46033,0.329,0.798,9.66667,33.66667,43.33333,24.33333,4.0,9.0,112.33333,-0.06164,0.26499,0.50969,0.59427,0.33333,1
44.33333,0.49733,0.351,0.63767,11.66667,33.66667,45.33333,25.66667,8.0,15.66667,111.0,0.15076,0.38762,0.56473,0.60165,40.66667,0.45467,0.36733,0.849,8.33333,31.66667,40.0,23.0,7.33333,12.0,115.0,-0.1616,0.22605,0.52938,0.60356,1.0,0
40.66667,0.44133,0.272,0.86433,8.33333,32.66667,41.0,23.0,7.0,9.66667,106.33333,-0.08136,0.21141,0.4861,0.55111,34.66667,0.37933,0.23233,0.72067,12.33333,37.0,49.33333,19.33333,7.66667,9.0,90.66667,-0.12636,0.28661,0.41841,0.47425,0.66667,0
41.66667,0.53067,0.41133,0.77167,8.33333,36.66667,45.0,26.66667,5.0,14.66667,109.0,0.08475,0.31016,0.59512,0.65723,41.66667,0.48867,0.39933,0.743,7.0,36.33333,43.33333,24.66667,5.33333,15.33333,108.0,-0.01188,0.23567,0.57858,0.6131,0.33333,0
40.33333,0.39433,0.30233,0.693,17.33333,40.0,57.33333,24.0,9.33333,14.33333,108.0,-0.14937,0.43633,0.44636,0.50179,44.33333,0.464,0.39433,0.861,10.0,36.0,46.0,25.66667,11.66667,11.0,121.0,0.13034,0.25317,0.52859,0.60185,0.33333,1
49.0,0.55567,0.39133,0.746,7.33333,32.66667,40.0,29.66667,6.0,11.66667,123.66667,0.19,0.25859,0.63459,0.67512,35.0,0.39733,0.29,0.87767,9.66667,22.66667,32.33333,24.0,11.0,10.66667,102.0,-0.29257,0.26468,0.44906,0.54408,1.0,0
47.0,0.51533,0.36733,0.68033,10.0,40.0,50.0,32.0,6.0,12.0,117.0,0.35287,0.32427,0.57912,0.61494,38.0,0.424,0.32533,0.83033,10.66667,34.33333,45.0,25.66667,5.33333,12.33333,99.33333,-0.20602,0.30833,0.4713,0.53194,1.0,0
42.0,0.471,0.28867,0.69867,10.0,39.66667,49.66667,28.33333,8.0,15.66667,112.0,0.02,0.29286,0.52825,0.59123,40.0,0.452,0.282,0.814,10.66667,28.66667,39.33333,20.66667,10.0,13.66667,113.0,-0.0448,0.31888,0.50728,0.59687,0.66667,1
38.66667,0.43067,0.27933,0.687,9.66667,30.0,39.66667,21.0,7.0,12.66667,99.0,-0.23437,0.24437,0.47968,0.52756,41.33333,0.44967,0.32133,0.852,9.33333,33.0,42.33333,25.66667,8.0,14.66667,109.66667,-0.04299,0.24301,0.51993,0.5747,0.66667,0
36.66667,0.433,0.33167,0.84167,10.33333,34.33333,44.66667,23.33333,9.33333,16.0,104.33333,-0.00898,0.29518,0.49885,0.58042,41.0,0.452,0.38367,0.82167,10.66667,32.66667,43.33333,28.0,10.33333,12.66667,109.0,-0.08631,0.32001,0.52151,0.57667,0.66667,0
45.66667,0.53467,0.43533,0.79133,7.0,41.0,48.0,28.66667,9.0,19.66667,128.66667,0.11982,0.23214,0.6204,0.70241,42.0,0.43867,0.415,0.80433,9.33333,35.66667,45.0,22.66667,7.0,11.33333,115.0,-0.08746,0.22205,0.52871,0.5761,0.66667,0
38.66667,0.46667,0.39033,0.825,10.0,37.33333,47.33333,25.0,8.66667,16.0,110.66667,0.03205,0.34078,0.52949,0.62207,46.33333,0.50933,0.426,0.724,13.0,34.66667,47.66667,29.0,7.0,14.0,119.66667,0.06729,0.42967,0.58264,0.62835,0.33333,1
46.66667,0.45967,0.37033,0.83933,14.66667,42.33333,57.0,28.33333,7.0,12.66667,124.0,0.13548,0.39439,0.52733,0.58502,43.33333,0.49567,0.39467,0.73667,13.33333,32.33333,45.66667,23.66667,7.33333,13.33333,117.0,0.07786,0.429,0.55863,0.62879,0.33333,0
42.0,0.474,0.33667,0.81933,10.33333,39.33333,49.66667,22.0,7.33333,14.66667,113.0,-0.02251,0.27688,0.54029,0.60604,40.33333,0.443,0.314,0.759,10.66667,35.66667,46.33333,26.0,9.33333,10.66667,107.33333,0.12039,0.29252,0.50441,0.56226,0.33333,0
45.33333,0.52267,0.45833,0.655,9.0,33.0,42.0,27.33333,7.0,13.33333,117.33333,0.10686,0.30714,0.61005,0.64947,44.0,0.47733,0.349,0.80133,11.33333,35.33333,46.66667,28.66667,6.33333,11.66667,110.66667,0.05596,0.32319,0.53191,0.5788,0.66667,1
43.33333,0.425,0.33567,0.71067,14.66667,41.0,55.66667,24.33333,6.66667,14.33333,121.33333,-0.01162,0.36724,0.50413,0.56637,42.66667,0.45667,0.35067,0.75333,10.33333,33.33333,43.66667,23.33333,3.0,10.33333,113.0,-0.10264,0.27741,0.51404,0.57419,1.0,1
44.66667,0.481,0.47433,0.75267,13.66667,36.66667,50.33333,30.0,9.66667,16.66667,124.33333,0.18067,0.41693,0.55563,0.62571,36.66667,0.42233,0.302,0.71433,9.33333,37.33333,46.66667,24.0,4.33333,13.66667,96.33333,-0.28661,0.27398,0.46909,0.52719,1.0,0
44.0,0.481,0.31467,0.86767,9.66667,32.0,41.66667,23.33333,6.33333,10.66667,115.33333,0.02796,0.27754,0.54482,0.60648,40.33333,0.42367,0.32367,0.69733,10.0,32.0,42.0,22.66667,10.66667,9.33333,108.66667,-0.12314,0.24845,0.47768,0.5403,1.0,0
43.66667,0.468,0.29133,0.70333,8.0,37.66667,45.66667,31.33333,6.33333,9.33333,111.33333,0.08602,0.22919,0.52523,0.57041,46.0,0.52067,0.346,0.71467,10.0,34.33333,44.33333,27.0,7.0,13.0,113.66667,0.04773,0.31875,0.5795,0.61939,0.0,1
38.66667,0.44867,0.37,0.688,9.0,35.33333,44.33333,25.66667,7.0,12.66667,103.33333,-0.04717,0.27534,0.51992,0.57108,46.0,0.44733,0.30433,0.8,19.33333,41.66667,61.0,25.33333,6.0,12.66667,125.0,0.05522,0.53418,0.5043,0.57206,0.66667,1
38.33333,0.42733,0.36133,0.655,10.33333,33.66667,44.0,23.66667,6.0,12.66667,103.0,-0.06966,0.2796,0.4904,0.54474,47.66667,0.531,0.32367,0.786,11.0,34.0,45.0,28.33333,5.0,13.33333,119.0,0.09392,0.385,0.58156,0.63414,0.0,1
49.0,0.49833,0.42067,0.73167,10.33333,37.33333,47.66667,30.0,8.66667,8.66667,133.0,0.04847,0.27396,0.57009,0.63485,44.33333,0.48833,0.33933,0.823,10.66667,31.66667,42.33333,28.33333,7.66667,11.0,113.33333,0.06978,0.30996,0.55072,0.60067,0.33333,1
39.33333,0.448,0.38267,0.84567,9.0,37.33333,46.33333,25.33333,8.33333,13.66667,112.66667,0.06518,0.25411,0.52525,0.60438,42.0,0.447,0.373,0.83567,10.0,33.66667,43.66667,25.33333,10.66667,12.0,114.0,0.01647,0.24674,0.50629,0.57606,0.33333,0
37.33333,0.44067,0.34633,0.82,10.0,40.0,50.0,25.0,5.66667,15.0,103.66667,-0.04932,0.27875,0.51956,0.58223,43.66667,0.51367,0.34667,0.79333,9.66667,36.33333,46.0,24.66667,8.0,13.0,112.66667,0.15734,0.32848,0.56283,0.62866,0.0,1
44.0,0.50167,0.42533,0.774,7.66667,33.0,40.66667,28.33333,7.33333,14.0,115.0,-0.00443,0.24692,0.57858,0.62873,43.66667,0.47267,0.37367,0.727,9.66667,38.66667,48.33333,27.33333,4.0,12.0,114.66667,-0.07247,0.25358,0.54554,0.59336,1.0,1
41.33333,0.484,0.36267,0.857,5.66667,35.0,40.66667,25.33333,7.66667,14.33333,113.0,0.0714,0.15504,0.55648,0.63039,42.33333,0.455,0.35733,0.73733,9.66667,37.33333,47.0,24.33333,3.33333,11.0,117.66667,-0.04302,0.26032,0.51764,0.59102,0.66667,0
45.66667,0.47933,0.38067,0.649,10.33333,40.66667,51.0,30.33333,6.0,11.0,120.66667,0.32913,0.31038,0.56605,0.60449,45.0,0.51933,0.38367,0.73167,8.33333,40.33333,48.66667,30.0,6.33333,9.66667,119.33333,0.27898,0.27023,0.59206,0.65083,0.0,1
39.66667,0.41833,0.307,0.775,11.66667,40.66667,52.33333,25.0,5.66667,8.33333,111.66667,0.00698,0.28571,0.48231,0.55447,42.33333,0.47567,0.40233,0.769,10.66667,34.0,44.66667,21.33333,9.33333,12.33333,111.33333,-0.0201,0.33677,0.54167,0.59871,0.66667,0
46.66667,0.504,0.46567,0.787,11.66667,37.0,48.66667,30.0,10.0,12.33333,128.66667,0.32069,0.37242,0.59919,0.65891,41.33333,0.45133,0.314,0.80833,9.66667,38.0,47.66667,25.33333,5.0,10.0,111.33333,-0.03615,0.26499,0.50946,0.57705,0.33333,0
44.66667,0.49767,0.333,0.63033,13.66667,35.66667,49.33333,25.66667,7.0,17.66667,112.0,0.0483,0.45823,0.55315,0.59837,40.66667,0.43433,0.292,0.688,11.33333,33.0,44.33333,21.33333,10.0,14.0,108.0,-0.1493,0.29304,0.48181,0.54487,1.0,0
40.66667,0.42067,0.264,0.77067,15.66667,34.66667,50.33333,24.66667,5.0,12.66667,106.66667,-0.0374,0.4314,0.46559,0.52585,36.66667,0.42433,0.26,0.75667,10.66667,33.33333,44.0,21.0,8.0,11.66667,96.66667,-0.14875,0.30883,0.46496,0.53083,0.66667,0
42.33333,0.48167,0.376,0.71833,13.0,39.33333,52.33333,26.33333,7.33333,16.0,109.66667,0.10981,0.43735,0.53685,0.59297,41.33333,0.43233,0.27,0.76067,15.66667,32.66667,48.33333,23.33333,10.66667,10.66667,105.0,-0.00815,0.43696,0.47248,0.52586,0.66667,1
41.66667,0.47267,0.31467,0.713,10.0,37.66667,47.66667,26.33333,7.33333,13.33333,113.66667,0.16469,0.32268,0.53537,0.60969,39.66667,0.424,0.26633,0.80633,12.0,37.0,49.0,24.0,7.0,10.66667,100.66667,0.11143,0.3252,0.46026,0.51578,0.33333,0
42.0,0.41233,0.28567,0.655,13.33333,41.0,54.33333,26.33333,8.66667,14.66667,108.0,-0.12428,0.32764,0.46299,0.50734,42.66667,0.465,0.37,0.80367,9.66667,36.33333,46.0,26.0,7.0,10.0,116.66667,0.0199,0.23868,0.53619,0.60181,0.33333,0
42.33333,0.47867,0.346,0.767,8.66667,36.0,44.66667,23.0,7.66667,10.66667,117.33333,-0.05099,0.2402,0.54313,0.62056,36.33333,0.39033,0.23867,0.862,10.33333,28.33333,38.66667,22.66667,12.0,10.33333,102.0,-0.28858,0.27122,0.43028,0.51796,1.0,0
40.66667,0.45067,0.34133,0.694,11.66667,38.0,49.66667,23.33333,8.0,14.0,105.33333,-0.16605,0.32343,0.50414,0.55517,37.33333,0.44433,0.38,0.734,6.0,35.0,41.0,21.33333,6.66667,16.0,106.33333,-0.10935,0.17353,0.53779,0.59981,0.66667,0
40.33333,0.446,0.21433,0.67733,12.0,29.66667,41.66667,21.66667,6.0,12.66667,97.66667,-0.22953,0.37199,0.47159,0.51691,40.66667,0.45267,0.38467,0.812,10.66667,35.0,45.66667,24.0,9.0,14.66667,117.66667,0.07182,0.30836,0.52691,0.61295,0.33333,0
42.33333,0.47733,0.27933,0.85367,9.66667,30.66667,40.33333,25.33333,8.66667,9.33333,113.33333,0.04577,0.29501,0.51992,0.60231,41.0,0.456,0.362,0.81833,9.0,32.0,41.0,27.0,10.0,12.66667,110.66667,0.0151,0.25,0.54096,0.59205,0.66667,1
44.0,0.47433,0.34267,0.751,9.33333,36.0,45.33333,26.66667,5.33333,8.33333,116.0,0.02564,0.24883,0.53165,0.5916,37.0,0.42733,0.34933,0.738,10.33333,38.66667,49.0,26.0,5.66667,13.0,105.0,0.04037,0.29011,0.5013,0.57163,0.33333,0
41.66667,0.49667,0.42933,0.81967,10.0,35.0,45.0,26.66667,8.0,15.0,116.66667,0.00069,0.34773,0.56486,0.64972,43.33333,0.45067,0.43833,0.694,9.66667,36.0,45.66667,25.33333,5.33333,10.66667,119.33333,-0.05537,0.22871,0.54223,0.59145,0.66667,1
42.0,0.456,0.31533,0.70033,11.33333,37.33333,48.66667,24.0,5.33333,11.0,106.33333,-0.13382,0.2941,0.51373,0.55457,47.66667,0.52733,0.402,0.768,12.66667,32.0,44.66667,27.33333,7.33333,14.66667,124.33333,0.05151,0.45291,0.59929,0.65406,0.33333,1
47.66667,0.45967,0.347,0.83167,15.66667,38.0,53.66667,27.33333,9.66667,12.0,125.66667,0.11414,0.41833,0.52105,0.57987,42.0,0.48033,0.377,0.70267,9.33333,36.0,45.33333,25.0,7.0,13.66667,112.33333,0.00578,0.28296,0.56633,0.61373,0.66667,1
42.33333,0.48533,0.35933,0.74767,9.33333,32.66667,42.0,24.33333,7.33333,12.0,114.66667,0.10926,0.27013,0.56294,0.62413,40.66667,0.43533,0.36133,0.699,10.33333,34.0,44.33333,23.0,7.33333,13.0,113.66667,-0.17079,0.2591,0.50511,0.57029,1.0,0
39.33333,0.41567,0.37567,0.65233,13.0,37.0,50.0,25.66667,4.33333,13.66667,103.0,-0.16067,0.34463,0.47864,0.5207,42.0,0.46967,0.30967,0.795,13.33333,34.0,47.33333,23.66667,7.0,13.66667,109.0,0.10613,0.42143,0.52561,0.58245,0.33333,1
39.33333,0.439,0.388,0.74933,13.33333,36.66667,50.0,25.66667,6.33333,16.33333,112.33333,-0.08812,0.43871,0.51449,0.58621,41.0,0.45933,0.35933,0.843,11.33333,33.33333,44.66667,27.66667,9.0,13.66667,111.0,0.00348,0.32646,0.52231,0.59052,0.66667,0
45.0,0.513,0.44033,0.66267,6.66667,33.66667,40.33333,27.33333,7.66667,12.0,115.66667,-0.02135,0.20037,0.58519,0.6284,42.33333,0.45667,0.35733,0.68867,9.33333,35.33333,44.66667,24.0,4.33333,10.66667,115.66667,-0.0965,0.24918,0.51425,0.58324,0.66667,1
44.0,0.49267,0.378,0.775,8.33333,33.66667,42.0,26.66667,5.66667,11.0,116.0,0.04,0.23798,0.5541,0.61495,43.0,0.43567,0.30467,0.797,10.33333,38.33333,48.66667,26.33333,11.0,11.66667,113.33333,-0.0066,0.23563,0.49252,0.54903,0.33333,1
44.0,0.51,0.35767,0.656,13.0,40.66667,53.66667,27.33333,7.0,18.33333,116.33333,0.13464,0.45079,0.5717,0.63722,39.66667,0.44833,0.36333,0.75233,8.33333,34.0,42.33333,24.33333,9.0,10.0,106.0,-0.04778,0.2277,0.51256,0.57139,0.66667,0
40.0,0.46967,0.307,0.72933,9.0,29.66667,38.66667,26.33333,7.33333,13.33333,105.0,-0.0362,0.28648,0.52688,0.58776,37.33333,0.43333,0.312,0.729,10.0,29.66667,39.66667,21.0,7.0,11.66667,96.66667,-0.19458,0.29908,0.4867,0.53808,1.0,1
40.33333,0.47433,0.38967,0.725,10.66667,34.0,44.66667,26.66667,8.66667,15.0,107.66667,-0.02887,0.37296,0.53536,0.59954,45.33333,0.46,0.40867,0.64133,10.0,38.0,48.0,30.0,5.33333,11.0,122.33333,0.02732,0.23954,0.5596,0.59617,0.33333,0
45.33333,0.44333,0.40833,0.72,11.66667,40.33333,52.0,30.33333,6.66667,15.0,126.33333,-0.05773,0.29065,0.53411,0.59038,38.0,0.459,0.342,0.77333,8.33333,35.33333,43.66667,24.33333,6.0,12.33333,101.66667,0.12237,0.25705,0.51312,0.58267,0.33333,1
43.0,0.43,0.31533,0.668,13.33333,37.66667,51.0,26.33333,9.33333,13.0,108.33333,-0.06995,0.35917,0.49369,0.52548,45.66667,0.475,0.43733,0.829,14.33333,39.0,53.33333,27.0,7.33333,15.66667,131.33333,0.12962,0.4024,0.55554,0.63946,0.33333,1
46.33333,0.50167,0.363,0.76267,8.0,38.0,46.0,27.0,11.33333,9.0,123.33333,0.10467,0.20687,0.56952,0.63241,39.0,0.433,0.33067,0.77567,10.0,32.33333,42.33333,23.33333,11.66667,13.33333,106.66667,-0.19751,0.26694,0.47838,0.55523,1.0,0
40.0,0.44067,0.334,0.70433,14.33333,34.0,48.33333,22.0,6.33333,13.0,106.66667,-0.2285,0.41753,0.49705,0.55525,38.33333,0.42633,0.317,0.703,8.33333,32.33333,40.66667,18.66667,9.33333,12.0,102.66667,-0.17662,0.20757,0.47107,0.53779,1.0,1
47.33333,0.496,0.31567,0.683,12.33333,31.66667,44.0,27.66667,6.33333,12.66667,117.66667,-0.0563,0.39228,0.53708,0.58507,40.66667,0.45333,0.35433,0.65167,9.66667,38.33333,48.0,25.33333,4.66667,13.33333,105.66667,-0.28695,0.27398,0.51197,0.55986,1.0,0
43.0,0.47333,0.36467,0.772,10.0,37.33333,47.33333,29.0,8.0,12.66667,119.0,-0.01294,0.29526,0.53875,0.61463,41.0,0.45033,0.382,0.735,9.33333,27.0,36.33333,23.0,8.0,11.0,109.33333,-0.17563,0.26423,0.52712,0.57668,1.0,0
43.33333,0.476,0.32767,0.813,13.0,29.33333,42.33333,28.33333,8.0,11.66667,114.0,-0.01414,0.40476,0.52639,0.59464,37.66667,0.44667,0.372,0.78533,5.66667,32.0,37.66667,21.33333,8.0,15.33333,108.0,-0.12747,0.15444,0.5434,0.60813,1.0,0
41.66667,0.49933,0.39233,0.85467,5.33333,31.33333,36.66667,26.66667,7.0,11.66667,114.33333,-0.01675,0.16041,0.57645,0.64883,41.0,0.44167,0.36467,0.77333,10.0,38.66667,48.66667,26.33333,8.0,14.0,107.0,-0.12457,0.2672,0.50063,0.55292,1.0,1
41.0,0.45433,0.31867,0.754,7.33333,35.33333,42.66667,25.66667,6.33333,10.66667,106.0,-0.12284,0.19135,0.52038,0.56427,38.33333,0.45867,0.24633,0.76767,8.0,30.66667,38.66667,20.66667,10.0,13.66667,103.66667,-0.28938,0.21266,0.50199,0.58026,1.0,1
37.66667,0.41867,0.387,0.69867,10.33333,37.33333,47.66667,24.0,5.33333,11.66667,101.0,-0.15418,0.27056,0.4833,0.53559,42.0,0.482,0.33533,0.74633,11.0,37.66667,48.66667,24.33333,6.0,13.0,109.66667,0.18528,0.3628,0.54619,0.59995,0.0,1
34.0,0.38967,0.34667,0.767,13.33333,40.66667,54.0,22.66667,6.33333,17.33333,102.33333,-0.03567,0.42299,0.46161,0.54555,36.33333,0.41467,0.28533,0.80133,9.66667,35.33333,45.0,26.0,8.66667,14.0,98.33333,-0.04896,0.25933,0.46754,0.53332,0.66667,0
41.66667,0.482,0.32033,0.64267,9.0,33.0,42.0,25.0,6.33333,13.33333,108.66667,-0.11573,0.26452,0.53777,0.59371,41.66667,0.45267,0.38367,0.778,9.0,35.66667,44.66667,20.66667,6.0,9.33333,116.0,-0.00212,0.24536,0.5105,0.59042,0.33333,0
41.0,0.454,0.33533,0.78933,9.0,32.66667,41.66667,21.0,5.33333,12.33333,111.0,-0.05319,0.23081,0.50776,0.57905,42.33333,0.42867,0.33233,0.79367,13.33333,40.0,53.33333,25.66667,9.0,12.33333,113.33333,0.01786,0.35101,0.48543,0.54668,0.33333,1
42.0,0.49367,0.36,0.77067,13.66667,36.66667,50.33333,23.33333,6.33333,12.33333,117.0,0.11537,0.48122,0.5449,0.6358,40.66667,0.461,0.389,0.643,9.33333,31.33333,40.66667,28.0,7.0,10.33333,104.33333,-0.12112,0.25239,0.53314,0.56773,1.0,1
36.66667,0.42967,0.257,0.75733,10.66667,27.66667,38.33333,21.0,8.0,12.0,99.33333,-0.19754,0.30484,0.47533,0.54918,40.33333,0.46633,0.406,0.72233,9.66667,33.0,42.66667,22.66667,5.33333,11.66667,102.0,-0.03324,0.30607,0.52354,0.56691,0.66667,0
41.0,0.45567,0.35433,0.698,11.0,37.66667,48.66667,28.0,8.0,12.66667,111.0,0.09467,0.34801,0.52264,0.58417,41.0,0.42167,0.36667,0.58533,8.33333,40.66667,49.0,29.0,5.33333,12.0,106.66667,-0.15531,0.18215,0.50331,0.53008,0.66667,0
40.33333,0.42467,0.39,0.774,11.66667,35.66667,47.33333,25.33333,6.33333,15.0,115.33333,-0.13071,0.32019,0.50371,0.57369,37.66667,0.466,0.36933,0.82267,9.33333,36.66667,46.0,22.0,4.66667,13.66667,105.33333,0.09875,0.31124,0.53638,0.61408,0.33333,1
42.33333,0.43533,0.31633,0.75233,12.66667,32.0,44.66667,25.0,8.0,11.0,113.33333,-0.09232,0.34965,0.4988,0.55785,47.0,0.47967,0.42233,0.84233,13.66667,40.33333,54.0,31.33333,6.66667,14.33333,130.33333,0.10956,0.38793,0.5531,0.62796,0.33333,1
47.66667,0.51933,0.40767,0.844,8.66667,41.0,49.66667,30.0,10.0,12.66667,126.66667,0.22292,0.25864,0.59658,0.65891,39.66667,0.44133,0.37533,0.769,8.33333,34.0,42.33333,23.66667,8.66667,13.66667,107.33333,-0.20847,0.22726,0.49386,0.56279,1.0,1
36.66667,0.432,0.33033,0.69033,11.33333,36.0,47.33333,22.66667,8.33333,14.0,105.33333,-0.13987,0.31942,0.5019,0.5764,37.33333,0.421,0.35033,0.664,8.0,35.33333,43.33333,20.0,9.0,12.66667,103.33333,-0.12188,0.20138,0.48175,0.54683,0.66667,0
49.33333,0.51033,0.35833,0.78367,12.0,35.66667,47.66667,29.0,6.0,12.66667,126.0,0.18424,0.39176,0.56881,0.62108,36.66667,0.43433,0.26833,0.73567,6.66667,38.66667,45.33333,21.66667,5.66667,15.33333,99.66667,-0.3866,0.17594,0.48146,0.55572,1.0,0
41.66667,0.46333,0.40033,0.77333,10.0,34.33333,44.33333,23.33333,8.0,15.0,115.33333,-0.04224,0.28562,0.52919,0.60313,43.0,0.45367,0.32167,0.74433,14.0,28.0,42.0,22.33333,8.0,12.0,112.66667,-0.07191,0.40232,0.51661,0.56874,1.0,0
40.0,0.473,0.37367,0.77967,12.33333,30.0,42.33333,27.66667,7.33333,13.66667,113.33333,0.07441,0.40148,0.53674,0.62537,37.33333,0.44467,0.36433,0.802,8.33333,30.0,38.33333,18.66667,7.33333,14.33333,109.66667,-0.1087,0.25197,0.53365,0.61287,1.0,1
41.0,0.48433,0.332,0.79633,5.33333,33.33333,38.66667,24.0,5.33333,11.0,107.66667,-0.08106,0.1559,0.54633,0.60665,40.0,0.424,0.40967,0.79,11.0,38.66667,49.66667,26.0,7.0,11.66667,107.33333,-0.07021,0.2896,0.49322,0.54664,0.66667,0
37.0,0.41633,0.31267,0.86667,6.66667,32.33333,39.0,24.33333,8.0,11.33333,102.0,-0.10427,0.1723,0.49,0.55338,39.33333,0.44367,0.29033,0.81133,8.66667,31.33333,40.0,22.66667,11.66667,13.0,103.66667,-0.17082,0.22434,0.4944,0.55588,0.66667,1
37.0,0.41733,0.361,0.79133,10.66667,36.33333,47.0,22.0,5.33333,12.0,104.0,-0.08185,0.29304,0.4828,0.55513,40.0,0.413,0.35167,0.665,9.0,38.33333,47.33333,28.33333,6.33333,11.0,104.0,-0.21314,0.20186,0.48642,0.5195,0.66667,1
41.0,0.423,0.396,0.75933,9.66667,31.33333,41.0,27.66667,7.0,10.66667,109.66667,-0.18861,0.23908,0.49538,0.54384,35.0,0.411,0.32267,0.72367,8.0,33.0,41.0,24.66667,9.33333,12.66667,93.66667,-0.06711,0.20613,0.47199,0.52531,0.66667,1
43.66667,0.48333,0.29367,0.69133,12.0,32.0,44.0,25.33333,6.66667,12.66667,114.33333,-0.01817,0.45,0.52425,0.59345,42.0,0.46133,0.405,0.783,10.33333,28.33333,38.66667,18.66667,5.33333,10.66667,114.33333,-0.10433,0.29463,0.52549,0.5949,0.66667,0
40.66667,0.496,0.351,0.74467,11.66667,34.66667,46.33333,23.66667,6.0,10.0,113.0,0.02388,0.40017,0.54115,0.63437,39.66667,0.45833,0.43267,0.732,9.33333,32.0,41.33333,27.66667,4.0,9.0,106.33333,-0.03452,0.26772,0.53728,0.58655,0.66667,0
37.0,0.43167,0.30233,0.7,10.0,30.66667,40.66667,23.33333,9.0,10.66667,100.0,-0.09004,0.26467,0.47897,0.54871,39.33333,0.45467,0.38367,0.749,9.33333,36.66667,46.0,21.33333,4.33333,10.33333,100.33333,-0.03497,0.26576,0.50222,0.55536,0.66667,0
39.0,0.429,0.365,0.80233,11.66667,30.0,41.66667,22.66667,7.66667,11.0,114.0,-0.08735,0.33509,0.50425,0.58928,46.66667,0.48767,0.40533,0.869,12.66667,39.33333,52.0,31.0,5.66667,14.0,127.33333,0.12475,0.39156,0.55926,0.63062,0.33333,1
46.0,0.52267,0.39467,0.86867,10.0,36.66667,46.66667,32.0,12.0,17.33333,127.66667,0.16934,0.32207,0.59338,0.68404,41.33333,0.482,0.44833,0.73333,7.0,30.66667,37.66667,28.0,10.33333,18.33333,114.33333,-0.16934,0.19563,0.54975,0.62167,0.66667,1
36.33333,0.421,0.33233,0.768,13.66667,38.33333,52.0,21.66667,7.0,13.33333,106.66667,0.06813,0.44121,0.4959,0.57756,44.0,0.502,0.40033,0.834,8.0,30.66667,38.66667,29.0,9.0,15.0,122.66667,-0.02756,0.26658,0.5742,0.65565,0.33333,0
46.66667,0.49633,0.4,0.839,9.33333,37.33333,46.66667,25.33333,7.0,13.33333,127.66667,0.25622,0.25924,0.57717,0.64701,37.33333,0.41667,0.26467,0.76033,10.0,33.66667,43.66667,23.33333,10.0,14.33333,100.33333,-0.3686,0.26687,0.46512,0.53397,1.0,0
40.33333,0.43867,0.39067,0.76733,10.33333,38.0,48.33333,19.33333,8.0,14.66667,111.33333,0.07289,0.29175,0.50882,0.57413,40.66667,0.442,0.25,0.78733,14.33333,29.33333,43.66667,21.33333,7.0,14.0,108.0,-0.13447,0.42188,0.49179,0.55764,1.0,0
41.0,0.488,0.30767,0.82433,5.33333,34.33333,39.66667,23.0,5.66667,9.0,108.66667,0.09893,0.15768,0.54854,0.61505,35.66667,0.39333,0.37667,0.72633,11.33333,38.0,49.33333,21.0,5.33333,13.0,98.33333,-0.16561,0.2896,0.45957,0.51639,0.66667,0
40.33333,0.445,0.334,0.78067,11.0,32.0,43.0,21.33333,7.0,14.33333,115.0,0.02033,0.27855,0.50601,0.59161,32.66667,0.38533,0.33767,0.728,11.33333,35.66667,47.0,18.66667,6.0,14.66667,94.0,-0.21839,0.29658,0.44782,0.52015,0.66667,0
36.66667,0.42733,0.41233,0.73833,10.33333,33.66667,44.0,26.33333,6.33333,15.33333,106.33333,-0.02331,0.3074,0.50562,0.58186,35.66667,0.40967,0.277,0.79333,9.66667,36.0,45.66667,18.66667,4.0,7.66667,93.66667,-0.14909,0.25387,0.44419,0.51236,1.0,0
33.66667,0.40033,0.27233,0.83733,6.33333,30.66667,37.0,21.66667,8.33333,15.0,92.66667,-0.22355,0.16353,0.46524,0.52831,39.0,0.43233,0.37667,0.814,10.33333,29.0,39.33333,20.33333,7.33333,13.0,111.33333,-0.1341,0.28235,0.49697,0.5793,0.66667,0
33.66667,0.39233,0.35233,0.74033,8.66667,33.66667,42.33333,19.0,6.33333,10.0,97.33333,-0.16147,0.22454,0.4583,0.53264,39.66667,0.43133,0.34933,0.66833,7.0,39.66667,46.66667,23.33333,5.33333,10.33333,99.0,-0.15154,0.15746,0.49107,0.522,0.66667,0
37.66667,0.409,0.36267,0.81267,10.33333,31.0,41.33333,23.66667,8.66667,12.0,107.66667,-0.1937,0.26139,0.48286,0.55797,35.33333,0.42767,0.33633,0.61267,6.66667,34.0,40.66667,22.66667,9.0,13.0,96.0,-0.0733,0.15642,0.49671,0.54694,0.66667,1
43.0,0.511,0.36667,0.76433,12.0,32.0,44.0,24.0,5.33333,7.33333,113.66667,0.05476,0.42636,0.55489,0.63224,39.66667,0.45067,0.25833,0.71633,12.33333,32.66667,45.0,21.0,6.66667,15.66667,102.66667,-0.12885,0.35105,0.49235,0.55289,1.0,0
39.66667,0.46767,0.35167,0.71967,9.0,36.33333,45.33333,26.33333,5.66667,9.33333,106.0,0.10281,0.24986,0.52787,0.59056,38.66667,0.44867,0.34567,0.72667,10.33333,36.0,46.33333,19.0,4.33333,9.33333,98.66667,-0.10281,0.28822,0.48555,0.54463,0.66667,0
35.66667,0.39767,0.32733,0.79833,12.0,29.66667,41.66667,21.66667,7.0,12.0,106.66667,-0.22198,0.30517,0.45632,0.55296,34.66667,0.38667,0.23567,0.752,12.0,33.33333,45.33333,23.33333,10.0,15.0,93.66667,-0.2705,0.32633,0.43135,0.49892,1.0,0
35.66667,0.451,0.30833,0.76067,10.33333,35.66667,46.0,23.0,7.66667,16.0,104.0,0.08268,0.37533,0.51368,0.60579,41.66667,0.50833,0.37733,0.85233,6.66667,27.33333,34.0,25.66667,10.33333,14.33333,121.33333,0.02639,0.24435,0.59274,0.68939,0.33333,0
38.66667,0.44167,0.28467,0.77033,9.33333,32.33333,41.66667,18.66667,6.0,13.0,110.33333,-0.01846,0.23149,0.49684,0.58431,32.33333,0.383,0.29133,0.65033,12.33333,34.33333,46.66667,20.0,4.66667,15.66667,91.0,-0.29414,0.32515,0.44025,0.50566,1.0,1
37.0,0.454,0.43533,0.813,7.0,31.33333,38.33333,24.0,8.33333,13.66667,113.0,0.02366,0.216,0.53947,0.63927,36.33333,0.43167,0.31067,0.747,9.0,33.33333,42.33333,18.66667,5.0,10.33333,96.33333,-0.14244,0.25714,0.47954,0.54282,1.0,1
35.33333,0.43167,0.314,0.86533,7.66667,32.66667,40.33333,22.66667,6.33333,15.33333,98.0,-0.03983,0.23918,0.49271,0.56824,38.0,0.429,0.322,0.76733,9.66667,26.33333,36.0,20.33333,6.66667,12.33333,106.0,-0.2708,0.25839,0.48682,0.56171,1.0,1
35.33333,0.39833,0.372,0.76267,9.66667,37.33333,47.0,19.66667,5.33333,10.66667,106.33333,-0.03295,0.24695,0.47927,0.56067,39.33333,0.43633,0.36967,0.75967,7.0,39.33333,46.33333,22.33333,4.66667,10.33333,104.33333,-0.07737,0.161,0.50092,0.55581,0.66667,0
45.66667,0.486,0.33233,0.81033,15.0,34.66667,49.66667,23.66667,6.66667,9.66667,121.0,0.02259,0.43165,0.5329,0.60673,45.33333,0.46933,0.32667,0.65967,14.33333,36.33333,50.66667,24.33333,7.0,17.0,115.33333,-0.11557,0.39014,0.52304,0.56966,1.0,1
39.0,0.435,0.39733,0.75433,12.33333,33.33333,45.66667,21.33333,6.33333,12.33333,113.66667,-0.09246,0.37422,0.51334,0.59324,38.66667,0.404,0.29067,0.73233,12.0,31.33333,43.33333,26.66667,10.0,11.66667,104.0,-0.14368,0.31911,0.45826,0.51699,1.0,0
39.0,0.46633,0.31267,0.819,14.0,31.0,45.0,24.0,8.0,15.33333,108.66667,0.12252,0.51462,0.52317,0.60765,37.66667,0.476,0.36833,0.85033,7.33333,29.0,36.33333,20.0,7.33333,13.66667,112.66667,-0.01384,0.28179,0.56969,0.66454,0.66667,0
36.66667,0.40667,0.334,0.82933,8.33333,35.33333,43.66667,25.0,7.0,12.66667,107.0,-0.17825,0.19648,0.47788,0.56273,30.33333,0.41467,0.28967,0.86867,6.33333,37.33333,43.66667,19.0,4.66667,17.66667,91.0,-0.14763,0.20791,0.47207,0.57907,0.66667,0
36.66667,0.42733,0.30633,0.783,8.0,31.33333,39.33333,21.33333,7.33333,11.0,101.66667,0.0179,0.18856,0.48673,0.55679,32.33333,0.39133,0.29833,0.77733,11.33333,38.0,49.33333,21.66667,5.33333,16.33333,95.0,-0.12223,0.32515,0.45178,0.53897,0.66667,0
36.0,0.40933,0.332,0.753,12.0,33.33333,45.33333,21.66667,8.33333,11.66667,103.0,-0.06303,0.31572,0.47268,0.55019,36.0,0.436,0.31667,0.81367,8.0,36.0,44.0,19.0,4.66667,11.33333,98.66667,-0.01874,0.24444,0.48836,0.56289,0.66667,0
36.66667,0.44467,0.321,0.78633,9.0,31.66667,40.66667,23.66667,6.33333,14.0,99.0,-0.03907,0.27728,0.50333,0.56887,35.33333,0.42333,0.29067,0.78367,8.33333,31.33333,39.66667,20.0,7.66667,12.0,98.66667,-0.16725,0.22407,0.47522,0.55499,0.66667,0
46.33333,0.48867,0.37733,0.82233,15.33333,33.33333,48.66667,22.0,6.66667,11.33333,124.0,0.067,0.46667,0.54916,0.61895,47.0,0.47867,0.41367,0.731,15.66667,34.33333,50.0,24.33333,7.33333,14.33333,122.66667,-0.00593,0.45582,0.54255,0.59662,0.66667,0
40.66667,0.43933,0.371,0.74033,15.33333,36.0,51.33333,20.0,5.66667,13.33333,116.0,-0.03966,0.46294,0.52249,0.59017,39.66667,0.427,0.301,0.742,9.66667,32.0,41.66667,25.66667,6.66667,11.33333,107.33333,-0.07186,0.2596,0.48237,0.54615,1.0,1
36.33333,0.40067,0.33267,0.84867,7.66667,42.33333,50.0,25.66667,8.0,15.0,111.66667,-0.05707,0.17405,0.47804,0.57643,33.0,0.40733,0.30033,0.78333,7.66667,39.33333,47.0,19.0,8.0,18.0,97.0,-0.19902,0.189,0.46562,0.5582,1.0,0
39.0,0.45833,0.36933,0.78633,12.0,34.66667,46.66667,26.0,5.66667,14.33333,108.0,0.12134,0.42921,0.5213,0.59701,36.66667,0.41567,0.31833,0.75967,7.33333,41.33333,48.66667,21.0,5.33333,12.33333,101.66667,-0.10159,0.16825,0.47263,0.54615,0.66667,0
38.0,0.45667,0.33433,0.818,5.66667,33.66667,39.33333,21.0,8.33333,9.66667,107.33333,0.19874,0.15029,0.5263,0.60427,32.66667,0.402,0.29333,0.81333,9.0,36.66667,45.66667,21.33333,5.0,17.33333,92.66667,-0.19874,0.27144,0.45709,0.53869,0.66667,0
39.66667,0.44733,0.318,0.79633,13.33333,38.0,51.33333,22.66667,7.33333,9.33333,111.66667,0.11004,0.37446,0.49704,0.58771,37.66667,0.43667,0.31967,0.69133,9.66667,34.0,43.66667,19.0,5.33333,11.33333,102.66667,-0.11004,0.26111,0.49448,0.55871,0.66667,1
42.0,0.46467,0.40167,0.702,14.0,34.33333,48.33333,19.66667,6.33333,13.66667,117.0,0.01614,0.48619,0.56059,0.61379,42.33333,0.42433,0.39067,0.84367,19.0,32.66667,51.66667,23.66667,8.33333,11.33333,120.33333,-0.04019,0.55999,0.48829,0.57546,0.66667,1
37.0,0.40233,0.215,0.74533,15.33333,41.66667,57.0,20.33333,3.66667,7.0,103.33333,0.05751,0.39997,0.43097,0.52204,33.33333,0.435,0.33867,0.83433,7.0,28.33333,35.33333,16.66667,9.66667,15.33333,102.66667,-0.06832,0.24568,0.52837,0.62333,1.0,0
38.33333,0.41367,0.313,0.83233,9.0,41.0,50.0,28.33333,8.0,13.0,113.0,0.04926,0.22101,0.485,0.57202,34.33333,0.42233,0.32167,0.718,8.33333,39.66667,48.0,22.66667,8.66667,15.66667,101.33333,-0.11382,0.21133,0.49081,0.57866,1.0,0
37.0,0.42033,0.30767,0.78033,14.0,37.66667,51.66667,23.33333,7.0,14.0,105.33333,0.06231,0.44967,0.48315,0.56186,32.33333,0.359,0.29767,0.83467,9.0,38.0,47.0,18.33333,7.0,13.0,97.66667,-0.24377,0.20048,0.41801,0.50874,1.0,0
38.33333,0.43667,0.36333,0.67333,11.66667,32.0,43.66667,20.33333,8.0,13.0,108.0,-0.054,0.36317,0.52194,0.57991,38.0,0.43567,0.37433,0.90033,13.33333,32.66667,46.0,23.33333,7.66667,9.0,111.33333,0.0209,0.42473,0.49459,0.59628,0.33333,1
39.66667,0.45333,0.31767,0.818,11.33333,40.33333,51.66667,23.66667,6.0,8.66667,112.0,0.19466,0.32658,0.50552,0.59722,33.0,0.41567,0.32267,0.84867,11.33333,31.0,42.33333,19.0,6.66667,17.66667,100.66667,-0.15059,0.38439,0.49174,0.5904,1.0,0
40.33333,0.442,0.308,0.788,14.0,41.0,55.0,25.0,6.33333,12.33333,115.0,0.17982,0.45276,0.50396,0.58796,33.33333,0.369,0.283,0.79167,8.66667,36.66667,45.33333,18.33333,6.33333,13.0,98.0,-0.24683,0.19383,0.42777,0.50942,1.0,1
41.0,0.45067,0.38,0.67067,9.33333,30.33333,39.66667,24.66667,7.66667,12.66667,109.66667,-0.07964,0.28815,0.53112,0.57653,35.0,0.412,0.32833,0.677,10.66667,37.66667,48.33333,23.66667,9.66667,14.33333,102.66667,-0.13301,0.28583,0.48414,0.56064,1.0,0
39.33333,0.439,0.29667,0.77233,11.33333,44.0,55.33333,24.66667,5.33333,10.0,110.66667,0.10181,0.31561,0.50231,0.57847,33.66667,0.407,0.335,0.89667,11.33333,29.66667,41.0,21.0,7.66667,16.33333,101.33333,-0.13765,0.34865,0.48127,0.57585,1.0,1
37.66667,0.43233,0.34067,0.80933,12.66667,37.0,49.66667,19.33333,9.0,18.66667,112.0,0.03832,0.41293,0.50069,0.59829,37.0,0.43133,0.387,0.56467,11.33333,33.66667,45.0,26.66667,8.66667,12.66667,98.33333,-0.09871,0.31447,0.49923,0.54228,0.66667,1
36.0,0.41133,0.298,0.79867,13.0,40.33333,53.33333,20.33333,5.33333,15.66667,105.0,-0.06171,0.38008,0.46223,0.5575,47.66667,0.49433,0.33867,0.80567,13.33333,34.66667,48.0,27.33333,9.0,14.33333,122.0,0.08472,0.42607,0.55146,0.60517,0.66667,1
44.0,0.46833,0.35067,0.696,12.0,31.33333,43.33333,26.33333,8.33333,11.33333,113.0,-0.15235,0.34107,0.54081,0.579,37.33333,0.445,0.393,0.70533,8.66667,38.66667,47.33333,21.66667,4.66667,17.0,104.33333,-0.08373,0.21937,0.53721,0.59078,1.0,0
43.66667,0.44933,0.36233,0.851,8.66667,37.33333,46.0,21.66667,6.66667,10.0,120.66667,0.00449,0.23116,0.50566,0.58623,38.0,0.467,0.43567,0.73767,6.66667,36.0,42.66667,20.66667,9.33333,18.66667,109.66667,0.0499,0.19532,0.5453,0.63235,0.33333,0
44.33333,0.489,0.341,0.81367,9.66667,33.66667,43.33333,26.33333,9.66667,16.33333,114.0,0.1233,0.30021,0.55716,0.60685,46.0,0.51867,0.45033,0.83033,10.66667,34.66667,45.33333,29.66667,7.66667,14.66667,129.66667,0.18455,0.32407,0.60566,0.6843,0.0,1
43.0,0.48267,0.38433,0.76567,9.33333,41.33333,50.66667,27.66667,11.66667,16.33333,117.33333,0.1181,0.27366,0.55886,0.62299,41.33333,0.478,0.299,0.80067,10.66667,41.0,51.66667,24.66667,10.0,17.66667,110.66667,0.11947,0.32282,0.54048,0.60725,0.33333,1
41.33333,0.45267,0.31067,0.717,9.33333,42.0,51.33333,24.33333,9.66667,12.66667,108.33333,0.15055,0.22638,0.50966,0.56369,46.66667,0.49733,0.44767,0.759,11.66667,32.66667,44.33333,29.33333,7.66667,17.66667,129.66667,0.0194,0.40541,0.59084,0.65325,0.33333,1
42.33333,0.446,0.36167,0.70233,12.66667,33.66667,46.33333,26.0,7.0,11.0,111.0,-0.12127,0.35394,0.52289,0.56253,40.66667,0.44133,0.36933,0.72367,9.33333,30.33333,39.66667,25.0,8.0,15.33333,114.0,0.01236,0.24451,0.52618,0.58531,0.33333,1
37.66667,0.44333,0.30667,0.75533,7.33333,40.0,47.33333,20.66667,7.66667,14.33333,103.0,0.10185,0.21779,0.50418,0.57392,43.0,0.46833,0.31933,0.81367,8.0,37.33333,45.33333,21.0,7.66667,14.66667,113.33333,0.00882,0.20457,0.5208,0.5865,0.33333,0
37.66667,0.44733,0.343,0.773,10.0,34.33333,44.33333,22.66667,7.33333,15.66667,105.33333,-0.00846,0.29253,0.51514,0.58874,37.0,0.41933,0.28433,0.678,10.33333,41.66667,52.0,21.0,6.66667,13.33333,97.0,0.03157,0.29541,0.48121,0.5267,0.66667,1
42.33333,0.52333,0.43867,0.735,7.66667,34.33333,42.0,22.0,7.33333,16.66667,116.0,0.02699,0.23121,0.60274,0.67196,35.66667,0.41567,0.31567,0.73067,11.0,35.66667,46.66667,25.66667,7.66667,12.66667,101.66667,-0.08854,0.29672,0.47404,0.5538,0.66667,0
48.66667,0.54933,0.52967,0.77167,8.66667,38.33333,47.0,31.66667,9.33333,18.0,136.66667,0.1476,0.30321,0.65712,0.72441,42.66667,0.45533,0.34367,0.77033,8.0,35.33333,43.33333,24.0,9.66667,15.66667,119.0,0.07226,0.20301,0.52802,0.59725,0.33333,1
39.33333,0.44067,0.29333,0.75933,11.0,38.33333,49.33333,20.0,6.33333,15.33333,105.66667,-0.01868,0.31825,0.48995,0.56242,36.33333,0.441,0.37067,0.716,6.33333,37.66667,44.0,24.33333,7.33333,17.33333,103.0,-0.05805,0.20171,0.50311,0.5807,0.66667,0
42.0,0.48133,0.40333,0.81633,9.0,33.33333,42.33333,27.33333,9.33333,14.33333,120.66667,0.0264,0.269,0.56243,0.64384,41.66667,0.43067,0.375,0.78067,13.66667,34.66667,48.33333,23.66667,7.66667,13.33333,115.66667,-0.09642,0.39213,0.50629,0.56877,1.0,0
36.0,0.432,0.322,0.73133,8.33333,31.66667,40.0,19.0,9.66667,15.33333,97.33333,0.04757,0.24458,0.49044,0.55336,36.33333,0.43967,0.362,0.69833,9.0,33.66667,42.66667,19.66667,5.0,18.0,98.33333,-0.14366,0.25728,0.50786,0.56368,1.0,0
39.33333,0.45733,0.31367,0.68633,11.66667,34.0,45.66667,25.66667,6.33333,16.33333,104.66667,-0.01162,0.35603,0.51013,0.57363,31.66667,0.375,0.27067,0.94067,9.66667,34.0,43.66667,19.33333,8.33333,19.0,92.66667,-0.26379,0.24786,0.42472,0.5189,1.0,0
41.33333,0.46967,0.30267,0.848,11.0,43.0,54.0,22.33333,9.33333,16.0,119.33333,0.36805,0.34429,0.50944,0.62396,44.0,0.50633,0.368,0.77567,6.0,34.0,40.0,25.0,8.66667,13.0,116.66667,0.07379,0.16274,0.56328,0.6318,0.33333,1
41.66667,0.47267,0.31433,0.83433,11.33333,31.0,42.33333,26.33333,7.0,13.33333,113.0,0.125,0.35964,0.52521,0.60396,34.66667,0.41367,0.24333,0.70267,7.33333,29.66667,37.0,23.0,9.66667,22.0,99.33333,-0.2745,0.19085,0.47467,0.55342,1.0,0
37.0,0.46733,0.30833,0.77267,8.66667,37.0,45.66667,23.66667,5.33333,19.0,106.0,-0.00668,0.29308,0.51778,0.61755,41.66667,0.43667,0.363,0.784,8.33333,39.66667,48.0,25.33333,4.66667,13.33333,116.0,-0.09299,0.19977,0.5129,0.57785,0.66667,0
38.0,0.45267,0.32867,0.68067,9.0,35.0,44.0,25.66667,7.0,14.0,101.0,0.00693,0.26312,0.51884,0.57169,45.0,0.483,0.354,0.764,10.33333,38.66667,49.0,22.33333,9.0,19.33333,120.66667,0.05914,0.29187,0.55376,0.61314,0.66667,1
42.0,0.44033,0.348,0.84167,11.0,37.66667,48.66667,23.33333,7.33333,15.66667,123.66667,0.09048,0.30343,0.51374,0.60494,41.33333,0.45067,0.451,0.74533,9.66667,30.33333,40.0,21.0,12.0,15.66667,114.33333,-0.00292,0.25423,0.52495,0.58854,0.66667,0
37.33333,0.38167,0.31367,0.806,14.33333,36.33333,50.66667,23.0,7.66667,11.66667,103.66667,-0.05063,0.3476,0.44134,0.5053,46.33333,0.48567,0.33967,0.78533,12.0,36.33333,48.33333,28.0,7.0,14.33333,121.33333,0.00628,0.36984,0.54643,0.60478,0.33333,1
44.0,0.46567,0.286,0.69067,12.66667,39.0,51.66667,25.0,7.33333,14.33333,110.33333,0.04337,0.35615,0.51721,0.56122,39.66667,0.45267,0.336,0.70167,10.33333,34.33333,44.66667,22.66667,9.0,11.66667,109.66667,0.16996,0.29623,0.52644,0.58825,0.33333,1
43.33333,0.47333,0.309,0.819,10.66667,34.66667,45.33333,22.66667,5.0,12.66667,112.33333,0.07871,0.32091,0.51903,0.58449,37.33333,0.42367,0.343,0.79767,10.66667,32.66667,43.33333,26.0,5.66667,16.33333,102.33333,-0.1518,0.3017,0.4897,0.55142,1.0,0
40.66667,0.515,0.43767,0.677,5.66667,33.0,38.66667,21.33333,10.0,20.66667,114.0,-0.03831,0.16456,0.59099,0.6645,33.66667,0.41033,0.33733,0.75667,9.33333,36.33333,45.66667,18.66667,7.0,20.33333,104.33333,-0.15362,0.25167,0.47399,0.58456,0.66667,0
38.33333,0.41167,0.23367,0.68167,15.66667,36.66667,52.33333,21.66667,8.0,17.33333,96.33333,-0.12857,0.44338,0.4501,0.49868,34.33333,0.40467,0.32633,0.68833,7.33333,28.0,35.33333,17.33333,8.66667,14.66667,98.0,-0.2026,0.16795,0.46602,0.53952,1.0,0
38.0,0.43933,0.28867,0.757,9.33333,35.33333,44.66667,23.66667,8.0,17.33333,107.66667,-0.08091,0.28828,0.48595,0.57809,34.33333,0.44533,0.331,0.79433,7.66667,33.0,40.66667,19.66667,7.66667,16.0,99.66667,-0.04694,0.23598,0.50797,0.59966,1.0,0
41.66667,0.488,0.359,0.687,6.66667,35.0,41.66667,25.66667,8.33333,16.0,109.66667,0.18935,0.18738,0.56187,0.61285,39.33333,0.42333,0.399,0.80733,11.66667,35.66667,47.33333,27.33333,6.0,18.33333,110.0,-0.12261,0.30633,0.5032,0.56381,1.0,0
40.33333,0.457,0.341,0.778,9.0,35.66667,44.66667,21.0,7.33333,13.33333,107.0,-0.00324,0.25648,0.5122,0.57643,44.0,0.447,0.346,0.75733,12.66667,41.66667,54.33333,22.66667,8.66667,19.0,117.66667,0.09878,0.34176,0.50651,0.56652,0.33333,0
40.66667,0.51267,0.42833,0.742,5.66667,34.66667,40.33333,22.66667,8.33333,19.33333,115.0,0.00858,0.16995,0.59492,0.67313,33.66667,0.41067,0.329,0.778,6.33333,32.0,38.33333,16.66667,4.33333,16.33333,90.66667,-0.25024,0.17079,0.46125,0.52463,1.0,0
41.33333,0.44233,0.34,0.779,14.66667,35.33333,50.0,23.0,9.33333,15.33333,119.0,0.09818,0.46756,0.50889,0.59806,46.66667,0.52333,0.39033,0.75233,6.0,36.66667,42.66667,29.33333,5.66667,13.0,119.66667,-0.00161,0.18141,0.58573,0.6396,0.33333,0
39.66667,0.47167,0.345,0.724,15.0,38.0,53.0,24.0,4.0,16.66667,110.0,0.12017,0.5153,0.52481,0.60633,38.33333,0.438,0.296,0.70933,10.66667,33.0,43.66667,23.0,11.0,16.33333,103.66667,0.01491,0.29036,0.50134,0.56102,0.33333,1
34.66667,0.39433,0.28233,0.796,12.0,37.0,49.0,19.33333,5.66667,17.33333,98.33333,-0.23312,0.32422,0.44294,0.52559,41.0,0.466,0.343,0.74967,6.66667,35.33333,42.0,22.0,6.33333,13.66667,108.33333,-0.01626,0.16769,0.51491,0.58021,0.66667,1
42.33333,0.443,0.32467,0.756,13.66667,36.33333,50.0,26.0,7.0,13.33333,110.0,0.00796,0.40737,0.48963,0.54846,37.33333,0.42567,0.31367,0.68067,11.33333,36.0,47.33333,21.66667,4.66667,11.33333,104.33333,-0.1006,0.29212,0.49981,0.5603,1.0,0
44.33333,0.46267,0.37167,0.84733,7.66667,36.0,43.66667,23.0,6.33333,8.33333,122.0,0.10128,0.21153,0.52826,0.6033,35.33333,0.41567,0.31533,0.816,9.66667,34.33333,44.0,17.66667,6.66667,15.0,100.0,-0.08884,0.24394,0.46581,0.55122,1.0,0
44.33333,0.482,0.36133,0.811,9.66667,35.0,44.66667,26.33333,9.33333,18.0,125.33333,0.09695,0.29722,0.56168,0.63959,44.66667,0.482,0.33967,0.794,10.33333,38.66667,49.0,28.66667,9.66667,15.0,116.33333,0.19253,0.3094,0.54291,0.59906,0.33333,1
38.0,0.47133,0.38067,0.849,6.0,38.66667,44.66667,25.33333,6.0,14.33333,109.33333,0.07694,0.19079,0.55369,0.63825,41.66667,0.48033,0.324,0.724,10.33333,40.0,50.33333,21.66667,11.0,17.66667,113.66667,0.10388,0.30753,0.5503,0.61656,0.33333,0
40.66667,0.47067,0.32833,0.74733,9.66667,35.33333,45.0,29.0,6.66667,17.0,104.0,0.11369,0.30431,0.52531,0.57558,45.66667,0.51,0.41567,0.80167,8.0,34.66667,42.66667,27.66667,5.33333,11.0,120.33333,0.07923,0.24918,0.5949,0.64464,0.33333,1
38.0,0.47433,0.39967,0.82433,8.33333,38.0,46.33333,27.33333,6.33333,12.33333,107.0,0.16038,0.27249,0.5536,0.63159,43.66667,0.49833,0.31333,0.798,7.66667,36.66667,44.33333,20.66667,10.33333,15.0,115.33333,0.04132,0.22267,0.54347,0.61966,0.33333,1
44.33333,0.49767,0.38567,0.81867,9.0,30.0,39.0,28.66667,9.0,14.0,117.33333,0.14706,0.28078,0.56736,0.62807,35.0,0.39533,0.32633,0.78667,8.33333,36.66667,45.0,23.66667,6.66667,16.66667,98.66667,-0.15951,0.22589,0.45702,0.52621,1.0,0
35.66667,0.44667,0.377,0.78567,9.33333,38.0,47.33333,22.0,7.66667,15.66667,104.0,0.09161,0.28805,0.52861,0.61065,41.33333,0.45333,0.327,0.73367,9.66667,34.0,43.66667,26.0,9.66667,14.33333,106.66667,-0.00214,0.27037,0.5068,0.55787,0.66667,0
48.0,0.46433,0.34533,0.62233,14.0,36.0,50.0,29.0,10.0,15.0,125.66667,0.05042,0.37725,0.5383,0.58008,35.33333,0.40367,0.322,0.72333,14.0,38.66667,52.66667,19.66667,7.0,15.66667,100.0,-0.07327,0.40088,0.46226,0.53799,0.66667,0
37.0,0.423,0.242,0.77133,10.66667,39.66667,50.33333,22.33333,6.66667,15.66667,110.33333,-0.00943,0.26423,0.46765,0.57622,41.33333,0.45167,0.32,0.80667,15.0,33.33333,48.33333,24.66667,7.33333,13.0,113.66667,0.14701,0.43942,0.5108,0.58505,0.0,0
40.0,0.45833,0.396,0.72733,12.33333,34.0,46.33333,21.33333,5.0,17.33333,108.66667,-0.02451,0.38634,0.52192,0.58375,35.33333,0.41567,0.354,0.74367,7.33333,37.66667,45.0,20.66667,7.33333,14.66667,100.0,0.0144,0.21491,0.48811,0.55864,0.33333,1
40.0,0.478,0.39533,0.76567,7.0,39.0,46.0,22.33333,9.33333,13.33333,114.0,0.14043,0.20154,0.5609,0.63619,42.66667,0.48067,0.33467,0.81267,7.33333,37.66667,45.0,22.33333,7.66667,16.0,117.0,0.03793,0.20172,0.55124,0.62056,0.33333,0
37.33333,0.393,0.347,0.77367,9.33333,34.66667,44.0,22.0,8.0,13.33333,104.33333,-0.20972,0.20679,0.46664,0.52401,34.33333,0.427,0.33833,0.697,8.0,33.33333,41.33333,18.33333,5.0,18.0,95.66667,-0.1519,0.2246,0.49112,0.55869,1.0,1
38.66667,0.432,0.35567,0.682,11.0,39.0,50.0,22.66667,9.0,18.33333,106.0,-0.09676,0.30287,0.49425,0.55752,43.66667,0.50167,0.40633,0.77767,6.33333,34.33333,40.66667,23.33333,8.0,16.66667,115.0,-0.05552,0.18631,0.57089,0.62832,0.66667,1
36.66667,0.388,0.281,0.71567,12.0,37.66667,49.66667,23.0,6.66667,14.66667,101.0,-0.15387,0.2854,0.44454,0.50669,31.33333,0.35367,0.221,0.87333,11.33333,31.33333,42.66667,19.0,8.66667,15.66667,90.66667,-0.29857,0.28578,0.39674,0.48316,1.0,1
42.0,0.46833,0.30633,0.821,9.66667,41.33333,51.0,26.0,7.66667,13.33333,115.66667,0.26783,0.28741,0.51663,0.60403,43.66667,0.502,0.37567,0.78,9.0,37.66667,46.66667,27.0,10.33333,18.66667,114.33333,0.11741,0.28153,0.57231,0.62778,0.33333,1
39.0,0.432,0.37233,0.71267,11.0,34.66667,45.66667,23.66667,10.33333,19.33333,108.33333,-0.08475,0.32801,0.49361,0.56254,41.0,0.43733,0.36167,0.75033,9.66667,35.66667,45.33333,24.66667,7.0,17.33333,118.0,0.06848,0.25264,0.51906,0.59015,0.33333,0
40.0,0.45367,0.29533,0.69167,13.0,34.66667,47.66667,26.33333,9.0,17.0,107.33333,0.08475,0.4007,0.50815,0.57219,36.33333,0.43733,0.37167,0.73867,8.33333,34.33333,42.66667,20.0,9.0,18.33333,109.0,-0.04708,0.2231,0.50621,0.6083,0.66667,1
42.0,0.466,0.37933,0.766,11.0,32.66667,43.66667,26.33333,10.33333,18.66667,120.0,0.06398,0.32668,0.54524,0.62286,33.33333,0.41667,0.31333,0.70567,7.0,27.33333,34.33333,24.66667,9.66667,19.33333,101.66667,-0.2301,0.19429,0.50034,0.5863,1.0,0
43.0,0.459,0.339,0.83133,13.33333,38.0,51.33333,24.33333,9.0,13.0,121.0,0.12456,0.38106,0.52002,0.6056,39.0,0.42133,0.38133,0.851,9.0,36.0,45.0,22.66667,7.0,14.66667,110.66667,-0.14794,0.21758,0.50314,0.57198,1.0,0
41.33333,0.444,0.228,0.824,9.66667,38.0,47.66667,26.0,13.66667,14.66667,107.66667,-0.01534,0.24585,0.48955,0.55177,45.0,0.47133,0.37033,0.83333,11.33333,38.33333,49.66667,29.33333,7.33333,16.33333,121.0,0.05487,0.3442,0.54106,0.60401,0.33333,1
43.33333,0.46967,0.379,0.71867,10.66667,31.33333,42.0,26.66667,7.66667,11.0,116.33333,-0.09558,0.29625,0.55114,0.60207,37.66667,0.44833,0.30933,0.78433,9.0,35.33333,44.33333,21.33333,8.0,12.33333,106.33333,0.16968,0.27083,0.51162,0.59301,0.33333,0
45.33333,0.48833,0.327,0.89333,10.66667,35.0,45.66667,24.66667,5.66667,13.66667,116.0,0.18239,0.34976,0.5353,0.59893,35.66667,0.38433,0.29967,0.69333,12.0,30.33333,42.33333,20.66667,9.0,15.66667,96.66667,-0.26971,0.27884,0.43457,0.49418,1.0,0
35.33333,0.41567,0.325,0.84433,8.33333,36.0,44.33333,20.0,7.33333,14.0,104.33333,0.08732,0.23199,0.48037,0.57412,38.66667,0.44367,0.41833,0.70867,10.66667,30.0,40.66667,26.33333,5.33333,17.66667,109.66667,-0.21745,0.31365,0.53735,0.59526,1.0,0
40.66667,0.49133,0.414,0.79667,8.0,37.33333,45.33333,25.66667,6.66667,16.0,114.66667,0.14576,0.28222,0.57779,0.65035,36.0,0.42967,0.316,0.759,7.0,29.66667,36.66667,15.66667,10.66667,15.66667,99.33333,-0.14009,0.187,0.48781,0.55935,1.0,0
40.0,0.48633,0.342,0.795,9.33333,34.66667,44.0,26.0,8.0,18.66667,111.66667,-0.06908,0.33435,0.54748,0.63463,44.0,0.468,0.38967,0.791,13.33333,34.66667,48.0,25.0,8.0,12.0,121.66667,0.20274,0.37998,0.54563,0.61392,0.0,1
38.33333,0.40333,0.26633,0.67733,15.66667,41.0,56.66667,25.66667,7.33333,16.33333,102.0,-0.06492,0.43092,0.45232,0.50948,45.66667,0.441,0.34433,0.751,13.33333,35.0,48.33333,25.0,9.33333,12.0,120.33333,-0.02449,0.36928,0.50259,0.55591,0.33333,1
39.66667,0.505,0.409,0.68533,4.33333,35.0,39.33333,24.66667,7.33333,16.0,109.66667,0.07701,0.12317,0.59017,0.65508,39.66667,0.46467,0.338,0.665,9.0,32.66667,41.66667,24.33333,10.66667,15.0,106.33333,0.09933,0.24892,0.53344,0.58801,0.33333,1
38.0,0.43967,0.23567,0.84467,11.33333,41.66667,53.0,21.0,6.0,15.0,111.0,0.04874,0.33102,0.47462,0.59099,39.0,0.46467,0.39033,0.78667,11.66667,33.66667,45.33333,22.33333,9.33333,15.66667,106.66667,0.05921,0.38094,0.53867,0.60312,0.33333,0
42.33333,0.479,0.385,0.80567,9.66667,36.0,45.66667,24.0,8.0,13.0,115.66667,0.02735,0.29227,0.54517,0.61767,40.0,0.44633,0.36533,0.77933,7.33333,34.66667,42.0,26.33333,4.66667,14.0,97.33333,-0.18935,0.20912,0.49883,0.53079,0.66667,0
39.66667,0.481,0.326,0.76733,9.33333,36.33333,45.66667,24.66667,6.33333,16.33333,101.0,-0.00177,0.32986,0.53184,0.58535,39.0,0.43,0.41,0.778,10.33333,33.66667,44.0,25.0,7.33333,16.66667,109.33333,-0.10783,0.29054,0.51409,0.57347,1.0,0
36.66667,0.43067,0.29233,0.72233,10.66667,33.33333,44.0,17.66667,7.33333,13.66667,100.66667,0.05292,0.33903,0.48627,0.55581,42.33333,0.44833,0.28933,0.783,16.0,32.0,48.0,19.0,5.0,9.66667,112.66667,0.06583,0.4558,0.50183,0.56659,0.33333,1
37.33333,0.38367,0.34833,0.77233,12.33333,34.66667,47.0,20.66667,8.0,16.66667,107.0,-0.27664,0.28179,0.44886,0.51903,34.0,0.41967,0.31233,0.84633,6.33333,30.0,36.33333,18.33333,5.66667,16.66667,93.66667,-0.23474,0.1742,0.46682,0.54649,1.0,0
41.0,0.46967,0.38433,0.77133,12.0,34.33333,46.33333,25.0,7.0,11.0,119.0,0.09786,0.36564,0.5463,0.63308,42.0,0.47133,0.37967,0.78367,11.0,34.66667,45.66667,24.0,7.66667,17.33333,114.33333,0.07514,0.37591,0.53859,0.60831,0.33333,0
44.0,0.45233,0.32867,0.80667,12.66667,34.0,46.66667,27.33333,7.66667,13.33333,124.33333,0.09325,0.35563,0.51872,0.6014,38.33333,0.40133,0.33867,0.71467,12.0,35.66667,47.66667,20.33333,7.66667,14.33333,106.0,-0.0605,0.28169,0.471,0.52649,0.66667,0
37.33333,0.39967,0.35167,0.79667,13.66667,36.0,49.66667,22.33333,3.66667,14.66667,105.0,-0.20597,0.35705,0.45757,0.53015,41.0,0.45533,0.318,0.765,12.33333,32.66667,45.0,21.33333,4.66667,10.0,111.0,0.05534,0.33543,0.51835,0.58503,0.33333,1
39.0,0.461,0.344,0.78967,11.66667,33.0,44.66667,24.33333,8.33333,15.66667,107.0,0.06508,0.38889,0.53169,0.59904,41.33333,0.445,0.33633,0.744,12.66667,31.66667,44.33333,24.0,5.33333,9.0,113.66667,-0.07736,0.33869,0.50959,0.57725,1.0,0
45.0,0.468,0.35,0.84,9.66667,35.66667,45.33333,21.33333,6.0,9.33333,124.0,0.10459,0.27878,0.53009,0.60883,38.0,0.44533,0.417,0.586,11.33333,34.66667,46.0,27.0,7.0,14.66667,103.66667,-0.09649,0.35521,0.51757,0.56905,0.66667,0
39.66667,0.44733,0.348,0.78733,9.0,30.33333,39.33333,20.33333,7.66667,10.33333,111.66667,0.01669,0.26134,0.52073,0.59129,44.66667,0.45933,0.35967,0.809,10.0,30.0,40.0,21.33333,12.66667,14.0,119.66667,-0.0226,0.26953,0.52088,0.58513,0.66667,1
41.33333,0.48267,0.32733,0.75633,8.33333,34.33333,42.66667,26.0,8.33333,17.66667,104.0,-0.02649,0.27801,0.54613,0.58621,37.66667,0.45,0.29767,0.76167,10.33333,36.0,46.33333,22.0,8.66667,13.0,108.0,0.18905,0.30592,0.51153,0.59978,0.33333,1
46.0,0.47267,0.32867,0.68667,10.0,40.0,50.0,26.33333,6.33333,8.33333,119.33333,0.16072,0.26103,0.53215,0.58496,40.0,0.456,0.35933,0.689,11.33333,36.0,47.33333,23.66667,11.33333,18.33333,112.33333,0.0522,0.31712,0.53305,0.60016,0.33333,1
39.33333,0.47633,0.37967,0.79467,7.33333,34.33333,41.66667,25.66667,7.66667,12.0,113.0,0.11508,0.20499,0.53509,0.63232,47.0,0.547,0.42933,0.82933,6.33333,39.33333,45.66667,29.66667,6.66667,15.0,119.33333,0.15621,0.21255,0.63128,0.6711,0.0,1
37.66667,0.40067,0.303,0.726,14.66667,38.66667,53.33333,26.66667,6.0,14.33333,102.66667,-0.02314,0.42424,0.46226,0.51972,41.0,0.46467,0.34367,0.70967,10.0,37.0,47.0,22.66667,11.33333,13.66667,110.33333,0.0518,0.27071,0.51861,0.58653,0.33333,0
37.33333,0.43767,0.265,0.71467,9.0,36.66667,45.66667,24.66667,8.0,14.0,102.33333,0.03176,0.23654,0.49214,0.5626,43.33333,0.462,0.35,0.79167,10.33333,32.33333,42.66667,24.33333,7.33333,13.0,121.66667,-0.00498,0.30031,0.53805,0.61294,0.66667,1
43.33333,0.47467,0.40833,0.82367,10.66667,37.33333,48.0,26.33333,9.66667,18.66667,121.0,0.07148,0.35365,0.5351,0.62,40.33333,0.455,0.34633,0.71767,9.33333,31.66667,41.0,24.0,8.0,11.33333,101.66667,-0.11356,0.25132,0.5064,0.55043,1.0,1
46.33333,0.49033,0.39467,0.71533,12.66667,37.66667,50.33333,27.0,8.0,16.0,122.66667,0.11761,0.37328,0.56966,0.61961,34.0,0.38633,0.23667,0.79633,9.33333,32.66667,42.0,21.33333,8.33333,15.33333,94.66667,-0.17576,0.23006,0.43374,0.50862,0.66667,0
41.33333,0.45967,0.35433,0.705,11.66667,31.0,42.66667,23.33333,6.0,14.0,110.66667,-0.06656,0.3633,0.52455,0.57966,39.0,0.40667,0.356,0.67633,14.33333,37.66667,52.0,20.33333,5.66667,12.0,105.66667,-0.12925,0.39213,0.46921,0.52408,1.0,0
41.33333,0.47133,0.44,0.731,10.0,36.66667,46.66667,20.33333,10.0,12.66667,114.66667,0.12846,0.29831,0.55176,0.61518,38.66667,0.42567,0.34767,0.799,11.33333,27.33333,38.66667,19.66667,5.33333,9.33333,101.66667,-0.39527,0.31689,0.47778,0.53585,1.0,1
38.66667,0.45433,0.28367,0.817,9.33333,41.33333,50.66667,22.66667,5.66667,15.33333,113.0,0.03393,0.2619,0.49557,0.60907,36.33333,0.42533,0.341,0.72367,9.66667,37.0,46.66667,16.33333,5.66667,16.0,106.66667,-0.06307,0.25556,0.4919,0.57665,0.66667,0
39.66667,0.459,0.36633,0.705,7.0,35.66667,42.66667,25.66667,8.33333,14.66667,107.66667,-0.09128,0.18699,0.52747,0.58859,44.66667,0.52,0.383,0.857,8.0,33.66667,41.66667,24.33333,8.0,17.0,116.0,-0.04927,0.25714,0.58187,0.64387,0.66667,1
43.0,0.478,0.36467,0.802,8.66667,35.66667,44.33333,26.66667,7.33333,12.33333,114.66667,0.12664,0.25503,0.54343,0.60643,38.33333,0.423,0.31367,0.789,8.0,34.66667,42.66667,22.0,8.66667,14.0,97.66667,-0.05138,0.21026,0.47783,0.52458,0.66667,0
38.33333,0.41933,0.283,0.72667,15.66667,32.66667,48.33333,20.0,9.0,14.0,102.66667,-0.02296,0.46356,0.46566,0.53022,34.0,0.42633,0.37167,0.70567,6.33333,27.33333,33.66667,23.0,8.33333,18.66667,100.66667,-0.23215,0.17577,0.52061,0.5912,1.0,0
41.0,0.46967,0.44267,0.68567,11.33333,34.66667,46.0,27.0,8.33333,14.33333,111.66667,0.1494,0.36209,0.54817,0.60548,40.66667,0.433,0.424,0.859,8.66667,34.0,42.66667,27.0,8.33333,13.66667,116.33333,-0.10892,0.21321,0.52246,0.59279,1.0,0
47.66667,0.48033,0.40033,0.843,14.66667,33.66667,48.33333,32.0,6.33333,11.0,128.33333,0.09613,0.47099,0.54497,0.6151,42.0,0.43067,0.285,0.79933,12.33333,37.66667,50.0,22.66667,7.33333,17.0,111.0,-0.07339,0.32401,0.47072,0.53943,0.66667,1
44.0,0.478,0.344,0.84867,12.0,36.66667,48.66667,25.33333,6.0,14.66667,107.33333,0.17632,0.3868,0.5256,0.56667,36.33333,0.42433,0.31767,0.84167,9.66667,28.0,37.66667,23.0,8.66667,17.33333,97.33333,-0.21809,0.289,0.48946,0.54541,1.0,0
39.33333,0.45867,0.35067,0.779,9.66667,33.0,42.66667,22.33333,6.0,12.33333,107.33333,0.11722,0.30417,0.521,0.59144,37.0,0.41833,0.30533,0.80733,9.0,36.0,45.0,23.0,7.0,14.66667,97.66667,-0.05569,0.24163,0.47484,0.53298,0.66667,0
44.0,0.50033,0.47633,0.76333,9.66667,32.66667,42.33333,29.0,4.66667,13.33333,122.0,0.05979,0.30715,0.58958,0.65611,38.66667,0.45667,0.394,0.75333,7.33333,32.0,39.33333,17.33333,9.0,13.33333,102.33333,-0.0625,0.20562,0.52007,0.57624,1.0,0
40.66667,0.47933,0.342,0.71333,10.0,38.66667,48.66667,26.66667,6.0,17.33333,107.66667,-0.03296,0.32961,0.54605,0.60314,33.66667,0.40233,0.262,0.79967,7.0,37.66667,44.66667,19.66667,8.0,12.66667,93.33333,-0.10828,0.18457,0.45722,0.52977,1.0,0
38.33333,0.43367,0.39333,0.74033,12.0,33.33333,45.33333,26.33333,8.66667,15.0,99.66667,0.01812,0.35914,0.49595,0.54158,41.66667,0.425,0.37933,0.787,13.66667,36.0,49.66667,19.66667,7.0,12.33333,115.33333,0.00676,0.3797,0.49476,0.55826,0.33333,0
40.33333,0.49333,0.354,0.68133,7.33333,29.0,36.33333,23.0,8.0,13.0,108.33333,-0.13333,0.23231,0.55716,0.62321,35.66667,0.41233,0.25367,0.73233,8.33333,29.33333,37.66667,24.33333,7.66667,14.0,95.66667,-0.16016,0.2193,0.46437,0.52597,0.66667,0
35.33333,0.39767,0.28,0.75833,14.0,39.66667,53.66667,20.66667,5.33333,18.0,100.66667,-0.20455,0.37873,0.44279,0.52777,38.33333,0.48967,0.38667,0.74067,7.66667,33.0,40.66667,21.0,8.0,18.0,106.0,-0.0127,0.25568,0.56372,0.63646,0.66667,0
41.33333,0.46233,0.36833,0.76867,12.0,36.66667,48.66667,23.0,8.66667,12.66667,116.0,0.1052,0.36887,0.52553,0.6066,37.66667,0.44,0.38833,0.7,10.33333,37.0,47.33333,21.66667,10.0,14.66667,104.66667,-0.02233,0.27846,0.51021,0.5736,0.66667,0
40.66667,0.43367,0.30633,0.69967,12.33333,39.33333,51.66667,27.33333,5.66667,13.66667,107.66667,-0.07293,0.32414,0.49254,0.54665,37.33333,0.40033,0.324,0.75133,12.33333,35.0,47.33333,17.33333,6.0,14.0,108.0,-0.06196,0.30101,0.46994,0.54509,0.66667,0
40.66667,0.45267,0.27267,0.68067,12.33333,33.0,45.33333,17.66667,7.66667,11.66667,105.0,-0.00066,0.38595,0.49899,0.55508,43.33333,0.45333,0.375,0.74033,12.0,32.66667,44.66667,25.33333,7.66667,14.33333,122.0,0.03208,0.34204,0.54262,0.60453,0.33333,0
41.66667,0.456,0.34033,0.803,14.0,37.33333,51.33333,27.0,9.66667,12.0,111.66667,0.19859,0.46623,0.52083,0.58311,41.33333,0.466,0.35933,0.80133,14.0,29.66667,43.66667,23.66667,7.33333,14.33333,114.66667,-0.03465,0.46865,0.52473,0.6063,0.66667,0
45.66667,0.48733,0.38933,0.859,11.33333,32.66667,44.0,31.0,7.66667,14.0,133.0,0.23878,0.37815,0.56494,0.66206,38.33333,0.442,0.33333,0.81567,9.0,30.66667,39.66667,26.33333,7.0,15.66667,101.33333,-0.08734,0.25665,0.51407,0.56213,0.66667,0
38.66667,0.40567,0.37033,0.75667,10.66667,35.66667,46.33333,25.0,8.33333,14.0,101.0,-0.16957,0.24638,0.47728,0.51319,40.33333,0.49033,0.40567,0.74233,9.0,31.0,40.0,23.66667,9.0,15.33333,111.33333,0.10689,0.29112,0.57062,0.63713,0.33333,1
36.33333,0.41367,0.38367,0.71333,12.66667,35.33333,48.0,20.33333,6.33333,15.0,106.0,-0.04373,0.38016,0.49026,0.56605,41.33333,0.46833,0.34133,0.744,10.0,29.33333,39.33333,26.0,3.33333,9.33333,113.66667,-0.07271,0.30737,0.54598,0.60966,1.0,0
45.0,0.50533,0.374,0.77767,13.0,37.0,50.0,30.33333,9.0,13.66667,116.0,0.18344,0.46825,0.57136,0.62313,44.33333,0.44833,0.36,0.78067,11.33333,36.0,47.33333,21.66667,11.33333,14.33333,118.66667,0.07455,0.30657,0.51385,0.57224,0.66667,0
42.33333,0.504,0.327,0.83267,10.33333,32.0,42.33333,28.0,7.0,14.0,114.66667,0.13702,0.37165,0.55697,0.64062,42.66667,0.50067,0.40433,0.71667,10.33333,37.0,47.33333,28.66667,11.66667,20.33333,114.0,0.13351,0.33092,0.58179,0.63644,0.0,0
37.0,0.40667,0.39167,0.72467,10.0,38.33333,48.33333,21.66667,7.33333,16.0,101.66667,-0.09293,0.23454,0.48732,0.53493,38.33333,0.44467,0.326,0.74333,9.0,35.33333,44.33333,25.0,11.33333,18.33333,112.0,0.05242,0.24557,0.52054,0.60365,0.33333,1
38.66667,0.426,0.24233,0.63633,15.0,33.33333,48.33333,23.0,8.0,17.66667,95.0,-0.15782,0.44205,0.47079,0.50753,36.0,0.42733,0.28733,0.794,11.0,32.66667,43.66667,21.0,8.0,11.66667,104.66667,0.09487,0.30526,0.49183,0.57995,0.33333,0
46.0,0.461,0.37033,0.81633,17.0,39.33333,56.33333,26.66667,8.66667,13.66667,128.0,0.17379,0.50873,0.53764,0.6075,45.66667,0.55233,0.397,0.80233,4.0,39.33333,43.33333,29.33333,7.0,15.0,113.66667,0.16422,0.12912,0.61891,0.66224,0.0,0
44.33333,0.48333,0.39833,0.764,11.66667,34.33333,46.0,25.33333,6.66667,13.0,114.66667,-0.0021,0.3525,0.55646,0.60183,38.33333,0.41867,0.28367,0.66933,10.33333,36.0,46.33333,23.0,4.0,15.33333,101.0,-0.18159,0.25933,0.47091,0.52525,1.0,1
36.66667,0.415,0.26133,0.732,11.33333,37.0,48.33333,24.33333,7.0,14.33333,99.66667,-0.09818,0.30523,0.46869,0.53346,35.33333,0.428,0.311,0.822,10.33333,31.33333,41.66667,21.66667,7.33333,13.66667,104.66667,-0.05851,0.29524,0.48783,0.5868,1.0,0
38.66667,0.42067,0.25067,0.78967,12.0,34.0,46.0,23.33333,9.66667,16.33333,105.0,-0.21336,0.33447,0.47568,0.54168,39.33333,0.45033,0.384,0.64367,9.33333,39.0,48.33333,25.66667,4.0,12.66667,105.0,-0.03869,0.28979,0.51966,0.56773,0.66667,0
46.0,0.516,0.443,0.85733,9.66667,35.0,44.66667,29.33333,8.66667,18.33333,133.33333,0.34526,0.35434,0.60399,0.69654,42.33333,0.48533,0.398,0.72433,8.66667,32.33333,41.0,24.33333,6.66667,14.33333,110.33333,-0.07877,0.27601,0.55409,0.60333,0.66667,0
46.33333,0.505,0.389,0.78233,13.33333,37.33333,50.66667,27.0,8.33333,18.33333,119.66667,0.16709,0.45692,0.56526,0.62227,43.66667,0.50233,0.39767,0.779,7.66667,38.0,45.66667,23.66667,8.0,16.66667,123.66667,0.08245,0.2147,0.58145,0.66087,0.33333,0
39.33333,0.412,0.18533,0.81333,12.0,35.66667,47.66667,22.0,11.66667,15.0,103.33333,-0.16205,0.29683,0.44824,0.51419,45.66667,0.47167,0.30867,0.73333,12.33333,38.33333,50.66667,29.33333,6.66667,14.66667,117.0,0.03029,0.34035,0.51205,0.57269,0.33333,1
39.33333,0.44867,0.26533,0.81833,10.33333,38.33333,48.66667,23.0,7.66667,13.66667,110.0,0.04483,0.29839,0.48694,0.58346,37.66667,0.41167,0.313,0.69667,11.66667,37.0,48.66667,21.0,4.0,13.0,102.33333,-0.15304,0.29852,0.46744,0.52986,1.0,0
40.0,0.43933,0.41367,0.734,10.0,38.33333,48.33333,22.33333,6.0,18.0,115.33333,-0.01281,0.25192,0.52222,0.5944,35.0,0.39867,0.31967,0.90267,11.66667,31.0,42.66667,23.33333,6.0,15.33333,99.0,-0.21847,0.32734,0.45907,0.53682,1.0,1
36.66667,0.41467,0.38367,0.76833,12.0,38.0,50.0,18.0,10.0,14.66667,111.0,-0.00485,0.3419,0.4953,0.58598,43.33333,0.49367,0.402,0.73533,9.33333,34.0,43.33333,29.33333,9.0,14.0,118.0,0.15895,0.28254,0.56974,0.63346,0.0,1
45.0,0.502,0.40467,0.729,6.33333,33.0,39.33333,27.33333,7.33333,12.66667,118.0,-0.06867,0.17744,0.57823,0.62689,42.33333,0.477,0.37933,0.78667,8.66667,36.33333,45.0,28.66667,6.66667,13.33333,117.0,0.15001,0.25886,0.5445,0.62032,0.33333,1
45.33333,0.50133,0.463,0.718,8.0,33.0,41.0,28.33333,6.0,13.66667,117.33333,0.02265,0.2342,0.58595,0.62596,37.0,0.40267,0.366,0.84533,13.0,36.66667,49.66667,19.66667,7.66667,10.0,109.33333,0.13244,0.33586,0.48091,0.56134,0.0,1
44.66667,0.48067,0.37767,0.792,11.66667,37.33333,49.0,31.0,11.33333,12.0,119.33333,0.231,0.37584,0.5595,0.6148,36.0,0.43733,0.37967,0.73933,8.33333,24.0,32.33333,23.0,10.66667,17.66667,100.66667,-0.21314,0.24741,0.52503,0.58111,1.0,0
37.33333,0.394,0.37933,0.78667,12.66667,39.66667,52.33333,18.66667,6.33333,18.0,111.0,-0.11752,0.30736,0.46702,0.54888,38.0,0.43667,0.266,0.82067,13.0,34.66667,47.66667,20.66667,7.0,15.0,102.0,-0.11363,0.38659,0.47596,0.55459,1.0,1
41.0,0.44,0.30667,0.647,9.66667,37.33333,47.0,20.33333,6.33333,11.33333,103.33333,-0.09298,0.25877,0.50128,0.53493,41.66667,0.43367,0.38033,0.76567,8.33333,33.66667,42.0,26.33333,9.0,14.33333,111.33333,-0.1347,0.2063,0.51163,0.55821,1.0,0
42.0,0.46833,0.455,0.82833,9.33333,33.0,42.33333,26.66667,8.0,17.0,120.0,-0.05336,0.28082,0.54308,0.62675,36.0,0.409,0.29833,0.81833,11.0,35.33333,46.33333,17.66667,7.33333,14.0,106.0,-0.04402,0.27857,0.46323,0.56114,1.0,1
43.0,0.495,0.36933,0.81267,11.33333,32.66667,44.0,28.0,12.0,21.33333,118.0,0.08683,0.3833,0.5652,0.63786,42.66667,0.46433,0.317,0.69633,11.33333,37.0,48.33333,28.66667,10.33333,16.0,111.33333,0.04145,0.33616,0.51871,0.57496,0.33333,1
41.33333,0.458,0.34467,0.75633,12.66667,35.66667,48.33333,24.33333,7.33333,15.66667,104.33333,0.16111,0.38919,0.51605,0.55785,41.33333,0.44967,0.392,0.794,10.66667,34.0,44.66667,23.33333,7.0,10.66667,115.0,0.04673,0.26832,0.52671,0.5951,0.33333,1
41.33333,0.49667,0.36833,0.825,9.66667,34.33333,44.0,24.0,5.0,15.66667,110.33333,0.1001,0.33085,0.55687,0.62758,40.66667,0.47533,0.38367,0.80267,8.66667,27.66667,36.33333,25.0,9.33333,16.0,108.33333,-0.16594,0.29453,0.54492,0.60266,0.66667,0
40.33333,0.48033,0.38867,0.73667,8.66667,35.0,43.66667,24.33333,8.33333,14.0,106.66667,0.04538,0.25221,0.5365,0.60014,35.66667,0.423,0.38333,0.788,7.0,33.0,40.0,23.0,5.66667,13.33333,95.33333,-0.09859,0.2038,0.48149,0.54446,0.33333,0
39.0,0.443,0.27767,0.82833,11.66667,31.66667,43.33333,23.66667,10.33333,16.33333,100.0,-0.00338,0.34737,0.49203,0.54552,40.33333,0.47467,0.36367,0.761,6.33333,33.33333,39.66667,17.0,8.0,12.66667,101.66667,-0.07586,0.18066,0.52189,0.5732,1.0,0
41.0,0.47433,0.38567,0.73467,12.0,38.66667,50.66667,26.0,4.33333,14.0,111.33333,0.0591,0.39324,0.54896,0.61035,41.33333,0.471,0.40333,0.75567,9.66667,32.66667,42.33333,25.0,5.66667,13.33333,107.66667,-0.014,0.31451,0.55919,0.59416,0.66667,1
41.0,0.49467,0.33,0.712,13.33333,38.33333,51.66667,27.0,8.66667,20.33333,114.33333,0.1016,0.44487,0.55368,0.63595,41.0,0.43467,0.34,0.81667,11.0,34.33333,45.33333,20.0,6.33333,11.33333,115.33333,-0.0739,0.28792,0.49834,0.57627,0.66667,0
41.0,0.5,0.367,0.76933,7.66667,29.66667,37.33333,24.33333,9.66667,13.0,110.66667,-0.02464,0.25832,0.56971,0.63881,40.66667,0.43367,0.38767,0.76533,11.0,36.66667,47.66667,20.33333,9.66667,15.66667,110.33333,0.05259,0.30657,0.50169,0.5629,0.66667,0
37.66667,0.453,0.32333,0.83133,8.66667,33.33333,42.0,21.0,7.33333,13.33333,111.33333,0.01276,0.23526,0.50546,0.61482,36.66667,0.41667,0.35633,0.67667,12.33333,28.66667,41.0,25.0,6.66667,14.66667,104.33333,-0.24233,0.33951,0.50022,0.55928,1.0,0
41.33333,0.43933,0.276,0.72733,11.66667,36.33333,48.0,21.0,7.0,10.0,106.66667,-0.00088,0.34706,0.48709,0.54172,47.0,0.49533,0.307,0.82067,12.33333,33.33333,45.66667,25.66667,7.0,12.0,125.33333,0.10442,0.35896,0.55136,0.62434,0.33333,1
45.0,0.48333,0.38033,0.80967,10.66667,34.33333,45.0,31.0,6.33333,14.66667,125.66667,0.0083,0.33782,0.55312,0.63284,44.33333,0.491,0.40567,0.69733,8.66667,35.0,43.66667,26.33333,6.33333,11.66667,105.0,-0.04597,0.25792,0.54636,0.56869,0.66667,0
40.33333,0.485,0.32367,0.73,11.33333,29.66667,41.0,22.33333,9.33333,14.33333,108.0,0.04561,0.40348,0.54945,0.61404,46.0,0.49967,0.33633,0.87367,12.0,32.33333,44.33333,24.66667,9.0,13.33333,121.0,0.00968,0.38056,0.55723,0.62432,0.66667,1
36.33333,0.39533,0.269,0.788,14.33333,40.33333,54.66667,24.33333,6.33333,14.33333,104.66667,0.05308,0.41816,0.45634,0.53563,43.0,0.52733,0.45667,0.76533,8.0,33.66667,41.66667,26.0,8.0,16.66667,123.0,0.17328,0.27553,0.62559,0.70177,0.0,1
37.0,0.412,0.34867,0.798,14.33333,38.0,52.33333,21.0,5.66667,15.33333,105.0,-0.09574,0.39815,0.4718,0.54963,45.0,0.487,0.29767,0.755,9.33333,36.0,45.33333,30.33333,7.66667,16.0,115.66667,-0.13226,0.2821,0.53349,0.59407,0.66667,1
37.66667,0.42767,0.31,0.78133,9.0,37.33333,46.33333,22.66667,6.33333,12.66667,111.0,-0.02076,0.24329,0.50324,0.58829,42.33333,0.47767,0.379,0.652,9.33333,27.33333,36.66667,29.33333,4.33333,12.33333,115.0,-0.07519,0.28885,0.57384,0.61867,1.0,0
39.33333,0.415,0.255,0.73267,14.0,40.66667,54.66667,19.0,6.33333,12.33333,110.33333,0.03501,0.37908,0.45878,0.54701,37.33333,0.47367,0.44933,0.64967,10.33333,33.0,43.33333,22.0,4.66667,17.0,106.33333,-0.04007,0.34444,0.57012,0.62808,0.33333,1
37.33333,0.451,0.23,0.745,11.0,38.33333,49.33333,23.33333,7.33333,20.66667,108.33333,0.00424,0.31005,0.49165,0.59781,42.66667,0.522,0.44633,0.789,9.0,35.0,44.0,27.33333,8.33333,22.66667,113.33333,0.01611,0.32567,0.61597,0.66466,0.33333,1
42.33333,0.49933,0.35867,0.761,10.66667,31.66667,42.33333,26.33333,7.33333,13.66667,112.66667,0.07839,0.35556,0.56039,0.62858,38.0,0.44233,0.304,0.734,8.66667,33.33333,42.0,27.0,11.33333,16.0,111.33333,0.00959,0.23192,0.51072,0.59862,0.33333,0
37.33333,0.41367,0.34933,0.66333,13.33333,40.33333,53.66667,21.0,6.0,14.0,104.33333,0.00494,0.37511,0.48378,0.54963,42.66667,0.51333,0.38033,0.808,4.66667,36.33333,41.0,28.33333,7.33333,13.66667,108.66667,0.11236,0.13397,0.58339,0.62911,0.33333,1
42.66667,0.461,0.363,0.77333,13.33333,37.66667,51.0,23.66667,5.0,11.66667,115.0,0.00532,0.40432,0.53004,0.59009,45.0,0.50767,0.431,0.78367,7.66667,35.66667,43.33333,27.33333,9.66667,16.0,121.0,0.1134,0.23867,0.59597,0.65034,0.0,1
40.33333,0.45467,0.40033,0.79,10.33333,35.0,45.33333,27.0,5.66667,14.66667,107.66667,0.06677,0.35458,0.52232,0.57963,39.33333,0.43,0.416,0.72967,12.66667,36.0,48.66667,19.33333,7.33333,11.66667,106.0,-0.04748,0.34801,0.50187,0.55277,0.66667,0
36.66667,0.4,0.273,0.80567,12.33333,37.0,49.33333,24.33333,8.33333,14.0,104.0,-0.06191,0.3183,0.45602,0.53511,34.33333,0.425,0.33433,0.77367,10.33333,31.33333,41.66667,21.66667,5.33333,13.33333,105.66667,0.07879,0.33591,0.49806,0.60403,0.0,1
36.66667,0.416,0.352,0.77767,10.66667,37.0,47.66667,23.33333,9.0,18.0,97.33333,-0.05481,0.29097,0.49326,0.53401,37.33333,0.44333,0.32267,0.74,8.66667,37.66667,46.33333,22.66667,4.33333,13.66667,104.33333,-0.07217,0.27285,0.51384,0.58186,0.66667,0
42.66667,0.49967,0.436,0.819,10.33333,36.66667,47.0,28.33333,6.0,16.66667,114.0,0.18045,0.37958,0.57988,0.6375,45.33333,0.49633,0.419,0.76533,9.0,34.66667,43.66667,26.66667,7.66667,13.33333,125.0,0.12159,0.27457,0.57819,0.64681,0.33333,1
35.66667,0.40733,0.34833,0.77333,7.0,33.33333,40.33333,19.0,6.0,9.0,99.66667,-0.131,0.19652,0.48357,0.54272,37.33333,0.439,0.28267,0.645,6.66667,30.66667,37.33333,18.33333,7.0,13.0,93.66667,-0.21036,0.17314,0.47969,0.52929,1.0,0
40.0,0.44233,0.40367,0.77867,13.33333,35.0,48.33333,22.66667,10.66667,18.0,116.66667,-0.05729,0.41492,0.51599,0.60404,41.0,0.46033,0.40233,0.78933,8.66667,38.33333,47.0,25.66667,4.33333,10.66667,116.0,0.11843,0.2489,0.54524,0.61577,0.0,0
45.0,0.49433,0.41433,0.76,8.0,33.0,41.0,29.33333,7.66667,13.66667,116.66667,-0.048,0.25231,0.56942,0.61558,44.66667,0.48967,0.368,0.83867,8.33333,37.66667,46.0,27.0,6.66667,10.33333,123.0,0.11473,0.23386,0.55853,0.63498,0.0,1
42.33333,0.475,0.43167,0.74867,9.0,35.66667,44.66667,26.0,7.0,14.66667,116.66667,0.0053,0.26051,0.55915,0.62453,37.66667,0.44933,0.302,0.80367,11.33333,37.0,48.33333,26.33333,8.0,16.66667,107.33333,0.04214,0.35356,0.50987,0.59957,0.33333,0
37.66667,0.43767,0.28133,0.809,10.33333,32.66667,43.0,23.33333,8.0,16.66667,100.0,-0.03545,0.30663,0.49031,0.55304,35.33333,0.41833,0.28033,0.77933,8.33333,36.33333,44.66667,25.66667,9.33333,15.33333,107.0,-0.00974,0.20783,0.48393,0.58407,0.33333,1
43.33333,0.494,0.459,0.77767,7.66667,37.33333,45.0,27.33333,5.66667,13.33333,116.66667,0.12804,0.25102,0.57912,0.63349,36.66667,0.43,0.34867,0.76733,9.0,24.33333,33.33333,22.33333,11.33333,16.66667,98.0,-0.25015,0.25028,0.50285,0.55233,1.0,0
48.66667,0.55467,0.48133,0.802,11.33333,34.33333,45.66667,28.66667,11.0,17.66667,133.33333,0.38554,0.45238,0.64754,0.71495,43.33333,0.466,0.39633,0.79133,6.33333,34.0,40.33333,27.66667,5.66667,13.0,112.33333,-0.1145,0.16422,0.55297,0.58802,1.0,0
41.33333,0.46033,0.46967,0.80067,10.66667,36.33333,47.0,26.33333,6.0,16.0,117.66667,-0.00992,0.30717,0.53456,0.6139,42.66667,0.51233,0.44233,0.832,9.66667,31.66667,41.33333,24.66667,6.0,16.0,125.0,0.09188,0.3422,0.60863,0.69726,0.0,1
40.0,0.47233,0.379,0.85433,10.33333,31.33333,41.66667,26.66667,11.0,18.33333,113.33333,0.03804,0.3287,0.53891,0.6254,41.66667,0.458,0.36467,0.86633,7.0,36.66667,43.66667,23.0,7.33333,13.0,111.66667,0.007,0.18589,0.52576,0.58726,0.66667,0
42.0,0.45933,0.33333,0.81,11.66667,37.33333,49.0,24.33333,8.66667,13.33333,118.33333,0.11358,0.34802,0.51838,0.60501,42.33333,0.491,0.34367,0.76267,7.33333,35.0,42.33333,22.33333,7.33333,14.33333,116.33333,-0.03133,0.21031,0.5488,0.62748,0.66667,0
47.33333,0.53467,0.46667,0.72667,9.33333,34.0,43.33333,32.33333,5.33333,15.0,123.33333,0.0994,0.31516,0.61967,0.66599,36.0,0.439,0.34933,0.67067,11.33333,31.0,42.33333,20.33333,5.0,13.33333,103.66667,-0.0852,0.3386,0.5244,0.58916,0.66667,1
39.33333,0.45033,0.362,0.73233,10.0,36.33333,46.33333,25.33333,8.33333,12.0,106.0,0.09296,0.27166,0.50187,0.57075,40.33333,0.48333,0.28233,0.92,9.0,36.0,45.0,21.33333,7.66667,17.0,107.66667,-0.05726,0.28474,0.52545,0.61113,0.66667,0
40.66667,0.497,0.37267,0.83833,8.66667,37.33333,46.0,25.0,5.66667,14.33333,109.0,0.17128,0.30411,0.56518,0.6339,43.0,0.488,0.355,0.77767,7.33333,36.0,43.33333,27.66667,6.66667,10.66667,108.66667,0.06969,0.21073,0.55217,0.59472,0.33333,1
40.33333,0.47,0.32267,0.77667,12.0,31.66667,43.66667,23.66667,8.0,15.0,108.33333,0.05996,0.41883,0.53189,0.59743,37.66667,0.46067,0.36767,0.74133,6.33333,31.0,37.33333,16.66667,6.66667,14.0,98.0,-0.20224,0.17828,0.51158,0.57145,1.0,0
39.66667,0.44767,0.33933,0.69733,14.0,40.0,54.0,25.66667,3.33333,14.33333,106.0,0.02022,0.45324,0.509,0.56686,37.66667,0.413,0.33767,0.741,11.66667,31.66667,43.33333,24.33333,9.66667,10.66667,102.33333,0.00367,0.30608,0.47842,0.53533,0.66667,0
39.66667,0.456,0.301,0.83967,10.66667,39.33333,50.0,24.0,6.33333,13.66667,113.66667,0.10047,0.3338,0.50433,0.60634,44.66667,0.514,0.41567,0.781,6.66667,33.66667,40.33333,28.66667,8.33333,10.66667,120.0,0.05727,0.18862,0.58052,0.64958,0.33333,1
38.66667,0.45733,0.269,0.81767,10.0,34.0,44.0,23.0,7.66667,14.66667,102.0,0.00464,0.32079,0.50514,0.57377,39.0,0.42767,0.37333,0.80333,11.0,34.0,45.0,21.0,5.33333,9.66667,112.0,-0.04755,0.29587,0.49858,0.57681,0.66667,0
39.0,0.45167,0.38267,0.76333,8.66667,37.0,45.66667,23.33333,6.0,14.0,110.33333,0.08224,0.27079,0.53091,0.60088,34.66667,0.40567,0.32967,0.61033,13.0,30.66667,43.66667,25.66667,6.33333,15.33333,96.33333,-0.25098,0.37106,0.48254,0.53334,1.0,0
41.33333,0.464,0.44333,0.77333,8.66667,36.33333,45.0,27.66667,5.33333,12.0,115.0,0.14772,0.27284,0.55532,0.61345,38.66667,0.425,0.31433,0.805,10.33333,39.0,49.33333,18.33333,6.33333,14.33333,108.66667,0.01012,0.25441,0.48884,0.56332,0.66667,0
44.66667,0.492,0.37867,0.848,10.0,36.33333,46.33333,27.66667,5.33333,15.0,127.0,-0.03971,0.32884,0.56931,0.6553,35.33333,0.44267,0.306,0.80633,7.0,32.66667,39.66667,21.66667,8.33333,14.33333,97.0,-0.12111,0.20666,0.50793,0.57723,1.0,0
38.0,0.477,0.36967,0.88067,9.33333,37.33333,46.66667,23.0,5.66667,19.0,106.0,0.04534,0.32351,0.55042,0.62927,45.33333,0.508,0.38067,0.872,8.33333,33.0,41.33333,26.0,8.66667,13.66667,121.0,-0.01834,0.25227,0.57739,0.64499,0.66667,1
35.0,0.41467,0.28567,0.79233,10.0,38.33333,48.33333,20.33333,7.66667,16.66667,95.0,-0.09195,0.26874,0.47138,0.53551,32.0,0.38367,0.292,0.741,9.33333,31.0,40.33333,20.33333,10.66667,17.0,92.33333,-0.25277,0.23339,0.43194,0.51834,1.0,0
36.66667,0.41967,0.317,0.78067,9.0,33.66667,42.66667,24.66667,8.33333,14.66667,102.0,-0.21475,0.24476,0.48349,0.55258,37.0,0.45133,0.37533,0.596,9.0,29.0,38.0,26.66667,5.0,15.66667,101.66667,-0.13992,0.27469,0.55862,0.5932,1.0,0
37.0,0.42133,0.302,0.782,11.0,37.66667,48.66667,24.0,8.66667,19.66667,96.0,-0.03918,0.30314,0.48571,0.52823,37.66667,0.41967,0.30367,0.77433,10.0,35.66667,45.66667,23.0,7.0,14.0,101.0,0.00358,0.27222,0.47332,0.53716,0.66667,0
41.0,0.455,0.41367,0.593,11.66667,36.66667,48.33333,24.0,9.66667,15.0,107.33333,0.18043,0.33922,0.52887,0.56743,43.66667,0.49533,0.461,0.778,10.33333,31.66667,42.0,28.0,8.0,18.33333,113.66667,-0.00111,0.35354,0.59656,0.62778,0.33333,0
38.66667,0.47733,0.27033,0.72533,11.0,36.33333,47.33333,22.66667,7.0,21.66667,110.66667,-0.0616,0.34567,0.52744,0.62579,39.0,0.45733,0.39833,0.80467,8.33333,36.0,44.33333,26.66667,7.0,13.66667,109.0,0.09673,0.22532,0.5353,0.60378,0.0,0
41.66667,0.47467,0.35767,0.76067,14.0,31.66667,45.66667,22.0,8.0,14.66667,115.0,0.18447,0.47282,0.54387,0.61541,38.66667,0.421,0.348,0.74933,11.0,30.33333,41.33333,19.0,6.66667,10.66667,102.0,-0.26437,0.30278,0.48152,0.53245,1.0,0
42.66667,0.449,0.334,0.76,13.66667,37.66667,51.33333,25.0,4.66667,12.0,114.0,-0.06694,0.3998,0.5123,0.57,37.66667,0.43367,0.29233,0.845,10.0,30.33333,40.33333,21.0,10.33333,16.66667,103.66667,-0.2059,0.28542,0.4853,0.56391,1.0,1
41.33333,0.482,0.36233,0.811,9.0,38.66667,47.66667,27.33333,10.0,14.66667,114.33333,0.15336,0.29203,0.55462,0.62995,38.33333,0.43967,0.34367,0.83867,9.66667,30.33333,40.0,22.0,9.0,14.66667,103.66667,-0.15552,0.31358,0.50237,0.56685,0.66667,1
41.0,0.45067,0.32,0.671,13.33333,33.33333,46.66667,26.0,9.33333,16.0,108.66667,-0.05997,0.40182,0.51501,0.56789,34.33333,0.38167,0.25867,0.779,13.66667,31.66667,45.33333,20.66667,11.33333,17.66667,97.66667,-0.21469,0.351,0.42768,0.51411,1.0,0
39.66667,0.462,0.35533,0.83067,11.0,31.0,42.0,23.0,12.0,15.0,106.0,0.04528,0.32439,0.52402,0.58819,42.0,0.44933,0.31133,0.76467,10.66667,33.33333,44.0,26.66667,6.0,15.0,115.66667,-0.08533,0.27856,0.51256,0.58302,0.66667,0
34.66667,0.41833,0.36867,0.792,6.0,32.66667,38.66667,19.0,8.33333,9.66667,105.33333,-0.0868,0.17344,0.49023,0.58806,40.0,0.43833,0.339,0.74633,11.66667,33.33333,45.0,22.33333,10.33333,12.0,111.0,0.05642,0.32024,0.50992,0.57475,0.0,1
37.66667,0.42567,0.357,0.85833,10.0,37.33333,47.33333,23.33333,9.66667,16.33333,108.33333,-0.02867,0.28974,0.49397,0.57888,34.33333,0.35933,0.30433,0.74133,14.33333,33.66667,48.0,18.66667,4.0,13.0,95.33333,-0.40667,0.33411,0.422,0.47696,1.0,0
44.33333,0.492,0.40733,0.77167,9.0,32.66667,41.66667,26.33333,8.0,14.33333,113.0,-0.05981,0.29675,0.55685,0.60312,41.0,0.46333,0.43,0.73833,8.66667,34.0,42.66667,23.66667,6.0,14.33333,110.33333,-0.10393,0.24079,0.52663,0.58929,1.0,1
39.0,0.45333,0.415,0.729,10.0,40.0,50.0,24.33333,6.0,16.33333,113.0,0.04631,0.28712,0.53474,0.61817,43.66667,0.46133,0.44233,0.82233,7.66667,32.66667,40.33333,25.33333,10.33333,8.33333,116.66667,0.06293,0.20476,0.53672,0.58891,0.66667,0
48.33333,0.52867,0.42367,0.80833,9.66667,36.66667,46.33333,26.66667,8.0,16.33333,135.66667,0.15248,0.31378,0.60738,0.69067,34.33333,0.40967,0.31533,0.83667,8.33333,25.0,33.33333,21.0,9.33333,13.66667,101.66667,-0.25111,0.2282,0.47144,0.56826,1.0,0
43.0,0.51333,0.42,0.70233,9.33333,35.66667,45.0,30.0,8.0,14.0,116.33333,0.08992,0.34021,0.59754,0.65691,39.33333,0.439,0.359,0.733,8.0,35.0,43.0,24.33333,5.0,16.0,103.33333,-0.12622,0.21534,0.51791,0.55734,1.0,0
38.33333,0.41633,0.4,0.79233,11.0,33.66667,44.66667,23.66667,6.66667,16.0,109.66667,-0.11818,0.29551,0.48556,0.56139,43.33333,0.484,0.38333,0.76333,9.33333,35.66667,45.0,27.0,5.33333,10.66667,116.0,0.08178,0.27321,0.5545,0.61472,0.0,1
42.0,0.50667,0.40367,0.89233,8.33333,35.66667,44.0,27.33333,8.33333,17.0,119.33333,0.09046,0.28879,0.58104,0.67239,36.0,0.41033,0.29167,0.76367,12.66667,34.33333,47.0,21.66667,11.33333,16.33333,103.66667,-0.03646,0.33628,0.47516,0.55733,1.0,0
43.0,0.47333,0.45633,0.83567,11.0,36.0,47.0,26.33333,7.33333,12.33333,115.0,0.07153,0.34988,0.54128,0.60338,40.33333,0.45333,0.38833,0.72033,9.0,33.66667,42.66667,22.66667,7.0,14.0,106.0,-0.06818,0.26064,0.5105,0.56617,0.66667,1
43.33333,0.50033,0.43067,0.768,14.66667,35.33333,50.0,26.0,5.66667,16.0,116.0,0.08564,0.55966,0.56744,0.63308,40.0,0.473,0.36267,0.78033,7.33333,37.66667,45.0,22.0,6.33333,12.0,113.0,0.1251,0.21204,0.54717,0.62494,0.0,1
35.0,0.40733,0.36133,0.837,9.33333,29.66667,39.0,22.0,6.33333,16.0,100.66667,-0.17157,0.27018,0.47983,0.55477,39.66667,0.42967,0.33533,0.736,10.66667,32.33333,43.0,23.0,6.33333,9.0,112.66667,-0.12611,0.26715,0.49473,0.57157,1.0,1
39.66667,0.48633,0.38033,0.721,10.33333,38.33333,48.66667,25.66667,7.66667,17.33333,108.66667,0.08369,0.35704,0.55387,0.62359,36.0,0.41867,0.33667,0.78867,11.0,33.33333,44.33333,24.33333,9.66667,13.33333,104.0,-0.03578,0.30965,0.48233,0.56589,1.0,1
43.33333,0.45267,0.325,0.73133,13.66667,35.0,48.66667,22.0,5.0,10.66667,112.33333,0.05421,0.38306,0.50654,0.55961,34.66667,0.38967,0.31633,0.67967,15.0,31.33333,46.33333,23.33333,7.33333,15.0,97.0,-0.2187,0.43283,0.45719,0.51632,1.0,0
40.33333,0.428,0.30467,0.721,12.0,36.66667,48.66667,19.66667,5.66667,11.0,108.0,-0.01833,0.32749,0.49407,0.5462,44.0,0.46467,0.383,0.728,7.66667,35.0,42.66667,25.66667,7.66667,11.66667,107.33333,0.02883,0.20541,0.53004,0.55446,0.66667,0
44.0,0.496,0.314,0.79533,10.0,41.0,51.0,27.33333,6.33333,18.0,119.33333,-0.00774,0.31291,0.55657,0.63252,41.33333,0.46333,0.336,0.73367,11.33333,37.0,48.33333,25.0,11.66667,18.66667,111.66667,0.02088,0.3473,0.53055,0.59178,0.33333,1
35.33333,0.422,0.32133,0.69567,9.33333,30.33333,39.66667,18.33333,6.33333,12.66667,97.0,-0.09271,0.24269,0.47205,0.54136,44.33333,0.50267,0.417,0.866,7.0,36.66667,43.66667,24.0,7.0,14.0,119.33333,0.0303,0.20808,0.57841,0.64424,0.33333,0
46.0,0.53433,0.40767,0.69767,10.66667,33.0,43.66667,27.0,9.66667,16.0,120.33333,0.23601,0.38095,0.61589,0.66362,41.66667,0.46,0.39333,0.75667,8.33333,29.33333,37.66667,24.33333,8.0,12.33333,107.33333,-0.15244,0.24627,0.5263,0.57226,1.0,0
41.33333,0.48933,0.43033,0.74833,10.0,38.33333,48.33333,22.33333,6.0,14.66667,111.66667,0.10913,0.34326,0.5642,0.62487,42.33333,0.48,0.39167,0.80333,11.33333,33.66667,45.0,24.66667,7.0,15.66667,126.33333,0.09019,0.35318,0.56458,0.66056,0.0,0
52.0,0.57967,0.49267,0.73867,10.66667,37.33333,48.0,33.0,9.66667,12.0,136.0,0.46565,0.43376,0.67396,0.72457,37.66667,0.43367,0.30333,0.64033,10.33333,29.33333,39.66667,23.33333,5.66667,15.0,99.33333,-0.19691,0.29714,0.51169,0.54936,1.0,0
40.33333,0.47333,0.38567,0.82333,10.33333,32.33333,42.66667,23.33333,11.0,14.0,112.66667,0.13543,0.3162,0.54989,0.62384,36.66667,0.42133,0.26933,0.77333,10.33333,30.33333,40.66667,19.66667,9.0,17.0,98.33333,-0.15812,0.28148,0.46809,0.53684,1.0,1
42.66667,0.446,0.352,0.818,14.33333,40.0,54.33333,25.0,8.66667,12.66667,120.66667,0.10426,0.42539,0.51356,0.59435,35.0,0.43133,0.32533,0.77467,9.66667,36.33333,46.0,26.66667,9.33333,16.66667,106.66667,-0.00069,0.27621,0.50757,0.60544,0.33333,1
47.66667,0.51833,0.46767,0.76367,13.66667,33.0,46.66667,24.33333,8.0,11.66667,130.0,0.34676,0.49917,0.60574,0.6713,39.66667,0.47767,0.33067,0.64467,5.33333,33.0,38.33333,22.33333,7.33333,16.33333,100.33333,-0.08696,0.14194,0.52763,0.57706,1.0,0
38.33333,0.39333,0.386,0.79,12.0,37.0,49.0,23.66667,7.33333,13.33333,103.66667,-0.19093,0.28657,0.45839,0.50971,42.66667,0.46667,0.346,0.79733,8.0,32.0,40.0,24.33333,9.0,10.0,109.33333,0.03453,0.22178,0.53457,0.57802,0.33333,1
42.0,0.45333,0.276,0.75833,11.66667,37.0,48.66667,26.66667,5.66667,12.66667,112.0,-0.14375,0.32926,0.50699,0.5709,40.66667,0.474,0.406,0.70133,7.66667,36.33333,44.0,21.33333,6.33333,14.33333,108.33333,-0.0175,0.22342,0.54116,0.59831,0.33333,1
38.33333,0.444,0.29267,0.79467,7.33333,32.66667,40.0,22.0,8.66667,14.33333,100.0,-0.08623,0.19982,0.50226,0.55466,39.0,0.42767,0.26633,0.79067,13.0,31.0,44.0,19.33333,7.33333,14.66667,104.33333,-0.09456,0.35157,0.47287,0.54154,0.66667,0
46.66667,0.51133,0.45333,0.69467,9.66667,32.33333,42.0,33.0,8.0,14.33333,119.0,0.0384,0.30611,0.58952,0.62703,36.66667,0.43167,0.36333,0.82,9.66667,27.66667,37.33333,22.33333,9.33333,12.66667,100.33333,-0.16689,0.29606,0.50453,0.56465,0.66667,0
37.0,0.46,0.41967,0.84367,9.66667,38.33333,48.0,25.33333,6.66667,19.33333,113.0,0.05482,0.31339,0.54906,0.65,37.0,0.42,0.361,0.756,11.33333,32.66667,44.0,23.33333,10.66667,15.33333,98.33333,-0.03142,0.29284,0.48384,0.53419,0.33333,1
42.33333,0.479,0.34767,0.688,12.66667,34.33333,47.0,26.33333,9.66667,17.0,110.66667,-0.02374,0.40599,0.54391,0.5967,39.0,0.44,0.41267,0.815,8.66667,38.33333,47.0,26.33333,5.66667,11.33333,108.0,0.05095,0.24057,0.52358,0.58191,0.33333,0
43.33333,0.49967,0.34167,0.67667,10.33333,33.33333,43.66667,24.66667,10.33333,15.66667,114.66667,0.14977,0.34085,0.56394,0.62213,42.0,0.45333,0.35667,0.75533,10.66667,33.0,43.66667,26.0,8.0,15.66667,117.66667,-0.08316,0.27856,0.52923,0.59867,0.66667,0
35.33333,0.426,0.355,0.82033,5.33333,31.33333,36.66667,22.66667,6.33333,10.66667,103.0,-0.1841,0.14947,0.49023,0.58012,43.0,0.48633,0.425,0.72967,10.33333,33.66667,44.0,25.0,7.0,14.0,117.66667,-0.04264,0.32754,0.56574,0.62788,0.66667,1
42.33333,0.455,0.39033,0.86167,11.33333,38.33333,49.66667,27.66667,9.33333,14.66667,115.0,0.16818,0.33319,0.52503,0.58968,42.0,0.508,0.43433,0.78267,7.33333,36.33333,43.66667,24.33333,6.33333,15.66667,117.66667,0.03314,0.23665,0.5869,0.66559,0.33333,1
39.33333,0.45133,0.43067,0.74933,11.33333,32.0,43.33333,23.66667,7.66667,17.0,107.33333,-0.06576,0.38238,0.53016,0.58816,38.0,0.44267,0.284,0.77533,5.66667,31.66667,37.33333,24.0,8.33333,11.66667,100.0,-0.12962,0.15047,0.49916,0.55695,1.0,1
46.0,0.51067,0.34667,0.84567,11.0,39.0,50.0,28.33333,6.66667,16.33333,124.66667,0.04399,0.3673,0.5776,0.65367,37.0,0.448,0.339,0.88,9.0,30.66667,39.66667,20.66667,9.33333,16.66667,101.66667,-0.12262,0.28461,0.51486,0.58505,1.0,0
38.33333,0.46367,0.32833,0.777,10.33333,37.66667,48.0,24.33333,8.33333,17.0,105.66667,0.0571,0.34378,0.52425,0.59981,35.0,0.411,0.31267,0.85467,8.0,27.0,35.0,24.33333,7.0,11.0,102.66667,-0.18795,0.20096,0.47152,0.56661,1.0,0
42.0,0.47767,0.44733,0.74367,12.0,35.33333,47.33333,26.0,6.66667,13.66667,118.33333,0.22159,0.40413,0.5683,0.63439,39.33333,0.42533,0.37467,0.82467,11.0,36.33333,47.33333,24.0,4.0,15.0,105.33333,-0.22772,0.27404,0.51092,0.5521,1.0,0
39.0,0.408,0.29067,0.80033,9.66667,37.33333,47.0,23.66667,5.0,12.33333,105.33333,-0.1475,0.23584,0.45497,0.52308,37.66667,0.414,0.34767,0.74067,11.33333,30.0,41.33333,21.0,7.33333,11.0,103.0,-0.29776,0.29296,0.4709,0.53503,0.66667,0
42.66667,0.482,0.40267,0.84733,10.66667,37.0,47.66667,28.0,5.33333,12.33333,127.66667,0.11856,0.32541,0.56513,0.66793,45.66667,0.52567,0.45967,0.788,9.66667,35.66667,45.33333,27.66667,7.33333,17.0,123.33333,-0.01205,0.31828,0.60609,0.6706,0.33333,0
37.66667,0.45633,0.327,0.78833,8.33333,31.0,39.33333,21.0,7.0,12.33333,107.66667,-0.03197,0.23041,0.51141,0.60462,35.66667,0.47,0.454,0.66867,8.66667,32.33333,41.0,20.66667,5.0,17.33333,106.33333,-0.03533,0.29879,0.56412,0.64301,0.33333,1
41.66667,0.46167,0.45467,0.925,7.33333,38.0,45.33333,24.0,6.33333,10.66667,112.33333,0.03589,0.22316,0.536,0.59737,42.0,0.46233,0.388,0.74567,9.0,36.33333,45.33333,25.33333,8.33333,12.33333,118.33333,0.0272,0.23988,0.53989,0.61143,0.66667,1
38.66667,0.46433,0.345,0.829,8.66667,36.66667,45.33333,21.66667,6.66667,16.0,109.0,-0.00409,0.27543,0.5389,0.61771,47.0,0.51267,0.41033,0.733,9.0,33.33333,42.33333,28.0,10.33333,11.33333,120.66667,0.23503,0.28421,0.58874,0.6325,0.0,1
40.66667,0.446,0.33233,0.786,10.33333,35.0,45.33333,26.66667,6.33333,13.0,110.66667,-0.01096,0.30503,0.51866,0.57916,43.66667,0.47333,0.41,0.70833,8.33333,33.66667,42.0,26.33333,6.66667,11.66667,109.0,-0.09353,0.21998,0.54478,0.57383,1.0,1
44.66667,0.479,0.39533,0.737,11.0,35.66667,46.66667,27.0,7.66667,12.33333,115.0,0.11851,0.30899,0.5457,0.59191,37.0,0.45467,0.33833,0.675,6.66667,30.33333,37.0,18.66667,7.33333,15.66667,97.66667,-0.17429,0.18254,0.50763,0.57069,1.0,0
43.66667,0.51133,0.41833,0.793,10.33333,35.66667,46.0,27.0,8.66667,20.33333,121.33333,0.00827,0.40377,0.58544,0.66413,41.33333,0.45667,0.36333,0.77567,9.33333,29.33333,38.66667,25.33333,7.33333,14.33333,118.66667,-0.15644,0.24937,0.54165,0.61632,0.66667,0
37.0,0.404,0.326,0.85533,9.33333,37.33333,46.66667,19.0,6.66667,11.0,96.66667,-0.13985,0.22318,0.46681,0.51191,36.66667,0.44033,0.36967,0.78433,8.66667,31.0,39.66667,22.33333,10.33333,14.66667,108.66667,-0.0002,0.24667,0.51935,0.60827,0.66667,0
40.0,0.468,0.38567,0.80667,8.66667,36.33333,45.0,23.66667,8.33333,13.66667,112.0,0.15638,0.26858,0.55168,0.62008,35.66667,0.402,0.34633,0.70667,14.66667,34.33333,49.0,21.66667,6.0,17.33333,101.33333,-0.22561,0.42758,0.47731,0.54014,1.0,1
42.66667,0.45233,0.33067,0.71,12.66667,34.66667,47.33333,19.0,6.33333,11.33333,112.66667,0.0593,0.36637,0.51491,0.56845,41.66667,0.46433,0.328,0.77133,11.66667,33.0,44.66667,27.33333,9.33333,15.0,114.66667,0.10013,0.35079,0.53146,0.602,0.0,1
37.33333,0.426,0.344,0.858,9.66667,29.66667,39.33333,23.0,6.66667,14.33333,103.33333,-0.10442,0.3,0.48941,0.56109,42.0,0.44467,0.404,0.903,6.66667,35.33333,42.0,23.66667,8.0,11.0,113.66667,-0.00339,0.16208,0.5202,0.57807,0.66667,1
40.0,0.444,0.434,0.71,13.33333,34.33333,47.66667,23.0,7.0,13.33333,109.33333,0.02742,0.45282,0.52666,0.57826,38.0,0.43633,0.31867,0.826,14.66667,30.33333,45.0,22.0,8.66667,17.0,107.66667,-0.07141,0.49697,0.49432,0.57616,0.33333,1
37.66667,0.448,0.377,0.675,10.0,29.33333,39.33333,22.0,6.33333,11.66667,105.0,0.01984,0.27139,0.50723,0.57957,36.33333,0.41767,0.25367,0.64033,12.66667,29.33333,42.0,18.66667,6.66667,16.0,92.0,-0.25839,0.37176,0.46934,0.5088,1.0,1
40.66667,0.47433,0.37633,0.78833,11.0,34.0,45.0,21.66667,9.0,13.66667,108.66667,0.22401,0.38819,0.53666,0.59991,41.0,0.454,0.33167,0.66667,10.33333,30.33333,40.66667,26.66667,8.66667,9.33333,108.66667,0.02201,0.30501,0.52849,0.57442,0.33333,0
39.66667,0.45333,0.36767,0.668,10.33333,38.0,48.33333,25.66667,7.33333,12.66667,105.0,0.17175,0.29597,0.51798,0.56887,44.66667,0.48767,0.347,0.79367,9.66667,33.33333,43.0,26.66667,9.33333,11.0,114.33333,0.09932,0.28638,0.55151,0.59966,0.0,1
39.66667,0.435,0.28967,0.73333,9.66667,36.66667,46.33333,24.66667,5.33333,12.66667,103.33333,-0.18616,0.25538,0.49117,0.54148,39.33333,0.452,0.348,0.86333,7.33333,32.33333,39.66667,23.0,8.66667,11.0,108.66667,-0.07473,0.2124,0.50919,0.58915,0.66667,1
39.33333,0.469,0.29533,0.77,6.33333,33.0,39.33333,23.0,6.33333,13.33333,101.66667,-0.08694,0.19982,0.52657,0.57912,37.33333,0.42533,0.27233,0.755,9.66667,30.0,39.66667,21.33333,7.66667,18.0,97.33333,-0.26593,0.25962,0.47206,0.52812,1.0,0
42.33333,0.45333,0.435,0.69733,10.0,34.66667,44.66667,28.0,7.0,13.66667,112.66667,-0.12962,0.26135,0.53059,0.57731,36.0,0.424,0.363,0.77467,8.66667,27.66667,36.33333,20.33333,9.0,9.0,98.66667,-0.20562,0.24478,0.49127,0.55346,0.66667,1
44.33333,0.49333,0.46133,0.741,12.66667,43.0,55.66667,25.33333,6.33333,12.33333,124.33333,0.45003,0.40979,0.59333,0.65247,38.33333,0.451,0.35467,0.75,8.0,34.33333,42.33333,25.0,10.66667,16.66667,100.0,-0.01857,0.21683,0.52165,0.56583,0.33333,1
46.33333,0.48567,0.38667,0.671,12.33333,38.0,50.33333,30.33333,10.66667,17.66667,120.66667,0.06728,0.34646,0.54698,0.59924,38.66667,0.41733,0.353,0.773,13.33333,37.0,50.33333,23.0,5.0,15.66667,109.66667,-0.15536,0.36722,0.48931,0.55994,0.66667,1
39.0,0.46967,0.36233,0.912,6.66667,29.0,35.66667,25.0,6.66667,11.33333,107.66667,-0.0769,0.21693,0.52992,0.61292,40.0,0.46,0.38967,0.841,9.33333,31.66667,41.0,23.66667,8.66667,10.66667,111.66667,-0.0292,0.28564,0.53731,0.60899,0.33333,0
41.33333,0.451,0.40067,0.85733,9.66667,36.66667,46.33333,28.33333,8.0,12.33333,115.0,0.11553,0.26282,0.52734,0.59637,40.33333,0.44867,0.34733,0.812,9.33333,33.33333,42.66667,21.0,7.66667,16.0,106.66667,-0.13488,0.28061,0.50806,0.56876,1.0,1
37.66667,0.456,0.45333,0.838,9.66667,36.0,45.66667,25.66667,7.66667,19.0,111.33333,0.05318,0.30697,0.54324,0.63021,42.0,0.48533,0.39267,0.87033,8.0,34.0,42.0,22.0,7.33333,12.66667,123.0,-0.00867,0.25317,0.56581,0.66285,0.33333,1
42.33333,0.46933,0.35867,0.81033,11.66667,34.33333,46.0,23.66667,9.66667,13.66667,123.33333,0.1113,0.40241,0.54745,0.63625,34.66667,0.419,0.342,0.873,6.66667,29.66667,36.33333,22.66667,6.0,11.33333,104.33333,-0.13482,0.18026,0.48927,0.59006,1.0,0
42.66667,0.453,0.26067,0.805,10.0,34.33333,44.33333,25.0,5.0,10.33333,111.66667,-0.07387,0.29831,0.4992,0.56373,42.0,0.48067,0.404,0.777,9.66667,33.0,42.66667,23.33333,6.66667,12.0,113.66667,0.02118,0.30953,0.55131,0.61529,0.33333,0
40.33333,0.441,0.44067,0.698,10.0,38.33333,48.33333,27.33333,9.0,13.0,109.0,0.08034,0.25884,0.51754,0.56798,36.33333,0.387,0.37,0.81233,12.33333,40.0,52.33333,23.66667,8.0,9.66667,106.0,0.08327,0.28747,0.45807,0.53377,0.0,1
43.66667,0.48633,0.39033,0.764,9.66667,39.33333,49.0,27.66667,4.0,11.33333,123.66667,0.15292,0.29613,0.56823,0.64543,38.33333,0.423,0.398,0.82233,13.33333,31.33333,44.66667,22.66667,6.66667,12.0,109.66667,-0.12803,0.37778,0.49687,0.57157,0.66667,0
44.33333,0.495,0.45833,0.694,12.33333,38.66667,51.0,28.66667,6.0,11.66667,122.33333,0.33843,0.40317,0.58782,0.64311,41.66667,0.472,0.38,0.78367,9.66667,38.0,47.66667,21.33333,8.0,12.0,120.0,0.10217,0.28176,0.54623,0.63354,0.33333,0
40.33333,0.44133,0.34767,0.76267,12.66667,37.33333,50.0,26.66667,9.33333,19.33333,105.0,0.05611,0.37351,0.51582,0.55559,34.0,0.45567,0.38633,0.75767,8.0,34.66667,42.66667,22.0,6.0,16.33333,105.0,0.07021,0.27498,0.52867,0.63948,0.0,1
41.33333,0.443,0.39567,0.911,10.33333,38.33333,48.66667,20.33333,5.33333,9.33333,112.0,-0.0061,0.28126,0.51557,0.57654,43.66667,0.486,0.39467,0.73,7.33333,30.0,37.33333,23.66667,11.66667,10.33333,117.66667,0.02362,0.20685,0.56049,0.61672,0.66667,1
39.0,0.46167,0.32033,0.78233,9.0,35.0,44.0,21.33333,7.66667,17.0,103.66667,-0.11185,0.28553,0.52655,0.58474,32.66667,0.34167,0.27967,0.81233,13.66667,34.0,47.66667,17.33333,5.66667,14.33333,91.66667,-0.49502,0.30799,0.39895,0.45944,1.0,0
46.0,0.53667,0.51233,0.782,8.66667,40.33333,49.0,26.33333,6.0,14.33333,125.66667,0.28788,0.32089,0.63099,0.69236,40.66667,0.44967,0.41733,0.68,9.33333,32.33333,41.66667,25.0,10.33333,11.0,106.66667,0.01455,0.24562,0.52845,0.56796,0.66667,0
44.66667,0.511,0.41667,0.768,9.0,36.33333,45.33333,25.0,10.66667,19.0,125.0,0.05662,0.32482,0.59109,0.66732,43.0,0.443,0.31433,0.699,12.0,33.66667,45.66667,26.0,5.33333,12.0,110.33333,-0.27713,0.3005,0.49561,0.54262,1.0,0
44.0,0.47467,0.38067,0.73033,11.66667,42.0,53.66667,25.66667,7.66667,11.0,123.0,0.32135,0.32235,0.55324,0.62146,35.33333,0.44133,0.39,0.732,6.33333,34.66667,41.0,22.33333,9.33333,16.33333,101.0,0.01096,0.18001,0.52545,0.59472,0.66667,1
46.0,0.51267,0.41467,0.66867,11.33333,34.66667,46.0,31.66667,8.33333,13.66667,117.0,0.16025,0.38992,0.58664,0.62492,39.0,0.45533,0.35067,0.823,9.0,40.0,49.0,19.0,7.0,14.0,114.66667,-0.00676,0.27037,0.51929,0.61974,0.33333,1
37.0,0.42933,0.29467,0.78667,11.0,37.33333,48.33333,24.33333,8.66667,16.33333,103.0,-0.01491,0.32698,0.48754,0.56645,38.66667,0.46567,0.328,0.75167,6.33333,29.66667,36.0,21.66667,5.66667,18.33333,101.33333,-0.25124,0.16788,0.51562,0.57774,1.0,0
46.66667,0.51833,0.361,0.788,9.66667,38.66667,48.33333,29.66667,8.0,17.66667,124.66667,0.12144,0.31378,0.58334,0.65261,41.0,0.43233,0.311,0.65133,13.66667,33.33333,47.0,24.66667,7.66667,13.66667,110.66667,-0.12495,0.35295,0.50353,0.55479,1.0,0
35.66667,0.46833,0.35267,0.822,9.66667,32.33333,42.0,21.0,8.0,20.33333,108.33333,0.00504,0.33134,0.54878,0.65535,45.66667,0.52133,0.441,0.744,8.33333,37.33333,45.66667,26.0,6.0,14.66667,125.0,0.06305,0.27605,0.60343,0.67024,0.33333,1
44.33333,0.495,0.33833,0.74433,10.66667,36.33333,47.0,24.66667,9.0,14.66667,124.66667,0.21505,0.38053,0.57178,0.64816,39.0,0.46067,0.33333,0.73333,10.0,31.0,41.0,27.66667,10.33333,13.0,103.66667,-0.01947,0.34586,0.52535,0.58122,0.33333,1
39.66667,0.44733,0.36967,0.78167,12.33333,34.33333,46.66667,23.33333,7.0,13.0,103.66667,-0.00496,0.39704,0.50383,0.55809,41.33333,0.44967,0.35233,0.83333,16.66667,32.0,48.66667,23.33333,9.66667,17.0,111.33333,-0.03711,0.59441,0.5063,0.57293,0.33333,1
39.66667,0.42133,0.26533,0.68767,11.0,32.66667,43.66667,19.33333,7.0,12.0,101.33333,-0.18862,0.28704,0.47196,0.51573,38.66667,0.437,0.29767,0.7,12.66667,31.0,43.66667,21.0,5.66667,13.66667,99.33333,-0.14322,0.40879,0.48697,0.53698,0.66667,0
43.66667,0.46733,0.378,0.72867,13.33333,31.66667,45.0,23.66667,7.66667,13.33333,115.0,-0.00973,0.43139,0.52944,0.58456,38.66667,0.457,0.306,0.66667,8.0,32.0,40.0,23.66667,7.0,10.33333,100.33333,-0.05553,0.2343,0.51209,0.56296,0.66667,1
45.0,0.52533,0.43433,0.65233,9.66667,39.33333,49.0,32.33333,7.0,12.66667,120.33333,0.23323,0.34756,0.6183,0.66847,38.0,0.41133,0.358,0.81333,13.0,32.33333,45.33333,19.0,6.0,13.33333,106.0,-0.02248,0.3463,0.4825,0.54689,0.66667,1
39.33333,0.44867,0.349,0.74667,11.33333,32.0,43.33333,24.0,10.33333,13.0,103.33333,0.22523,0.37826,0.52486,0.56831,40.66667,0.46533,0.299,0.829,11.0,37.33333,48.33333,26.66667,10.66667,15.33333,110.66667,0.10677,0.3522,0.52198,0.59881,0.33333,1
53.33333,0.59667,0.50667,0.69967,8.33333,38.0,46.33333,32.0,9.66667,10.33333,131.33333,0.46952,0.32882,0.68251,0.71077,39.33333,0.387,0.30767,0.92567,14.33333,39.0,53.33333,21.33333,9.0,15.0,111.33333,-0.05896,0.34812,0.44625,0.52041,1.0,1
39.33333,0.43767,0.29467,0.72533,7.66667,34.33333,42.0,22.66667,7.0,11.66667,102.66667,-0.2027,0.19954,0.49882,0.54696,38.33333,0.42633,0.36933,0.78633,9.33333,34.33333,43.66667,26.66667,8.66667,17.0,107.0,-0.17179,0.2508,0.50259,0.56625,1.0,1
40.33333,0.471,0.318,0.782,8.66667,36.0,44.66667,23.33333,6.33333,13.66667,103.33333,0.10107,0.2783,0.533,0.57973,41.33333,0.451,0.34067,0.821,11.66667,30.66667,42.33333,25.33333,8.66667,15.0,114.0,-0.0914,0.321,0.52721,0.59176,0.66667,1
38.66667,0.43367,0.35133,0.67433,9.33333,36.66667,46.0,22.66667,8.0,13.33333,107.0,0.01187,0.25634,0.50052,0.56424,40.0,0.46167,0.295,0.72233,8.66667,34.0,42.66667,25.0,7.0,13.33333,104.33333,-0.06606,0.2721,0.5176,0.57194,0.66667,0
39.33333,0.451,0.29333,0.688,10.33333,33.0,43.33333,22.66667,6.33333,12.33333,100.0,-0.07043,0.28944,0.50503,0.54936,42.0,0.45767,0.38133,0.849,11.33333,38.33333,49.66667,23.66667,8.66667,13.0,121.33333,0.13277,0.31785,0.53818,0.62195,0.0,1
41.0,0.464,0.35667,0.80233,11.33333,36.33333,47.66667,24.66667,5.66667,15.66667,109.66667,-0.01727,0.37037,0.54975,0.59759,39.33333,0.45333,0.378,0.73233,9.0,38.33333,47.33333,24.66667,10.66667,17.66667,108.0,-0.0254,0.24808,0.5247,0.58719,0.33333,1
44.33333,0.47367,0.37833,0.785,11.33333,38.0,49.33333,29.66667,11.0,18.66667,122.0,-0.02306,0.31705,0.54166,0.61414,42.66667,0.48133,0.40433,0.74833,10.33333,35.0,45.33333,26.66667,9.33333,13.33333,113.0,0.21459,0.3254,0.55432,0.61069,0.0,1
43.0,0.488,0.41,0.797,9.66667,35.33333,45.0,25.66667,6.33333,13.33333,112.66667,0.03036,0.30393,0.57157,0.61561,38.33333,0.43567,0.33933,0.728,9.66667,30.66667,40.33333,25.66667,5.66667,15.33333,109.33333,-0.23405,0.2525,0.51173,0.58304,1.0,1
39.33333,0.45433,0.34967,0.85933,10.0,32.0,42.0,23.0,5.0,13.0,104.0,-0.05695,0.33598,0.5121,0.5735,40.33333,0.47833,0.391,0.69433,11.0,35.0,46.0,28.33333,6.0,14.0,114.33333,0.23192,0.37442,0.56153,0.63719,0.0,1
39.33333,0.42467,0.36633,0.79767,11.66667,37.33333,49.0,24.33333,7.66667,13.66667,112.33333,0.01767,0.29815,0.4929,0.57071,41.0,0.42833,0.38867,0.79367,15.0,38.33333,53.33333,26.33333,6.66667,17.0,116.66667,0.00771,0.42638,0.51505,0.57894,0.33333,1
45.33333,0.49333,0.249,0.83567,10.0,33.33333,43.33333,22.66667,5.66667,8.0,120.33333,0.01809,0.32278,0.53115,0.6142,39.33333,0.43467,0.31267,0.83233,12.33333,32.66667,45.0,23.66667,10.33333,15.0,108.0,-0.05205,0.33981,0.49993,0.56813,0.66667,0
39.0,0.44567,0.41033,0.87233,9.0,34.66667,43.66667,28.0,8.0,16.33333,112.0,-0.00987,0.26729,0.52099,0.60343,45.0,0.49933,0.33567,0.79,8.66667,26.66667,35.33333,23.66667,10.0,11.33333,113.33333,-0.0243,0.28805,0.55633,0.60396,0.66667,0
35.66667,0.42767,0.35133,0.74867,6.66667,31.66667,38.33333,20.0,7.33333,15.66667,98.66667,-0.24773,0.17399,0.49158,0.55851,39.66667,0.447,0.34633,0.785,6.33333,32.0,38.33333,26.33333,6.0,12.0,109.66667,-0.11531,0.16783,0.53073,0.58989,1.0,1
35.0,0.386,0.31067,0.821,12.33333,34.66667,47.0,21.66667,7.33333,14.66667,103.33333,-0.20593,0.30936,0.44463,0.53359,40.33333,0.44,0.381,0.83533,11.66667,38.66667,50.33333,24.0,7.0,11.0,114.0,0.08796,0.31216,0.51616,0.58802,0.0,1
45.0,0.494,0.36533,0.73967,10.0,41.0,51.0,26.33333,6.0,9.66667,124.33333,0.3319,0.31823,0.5705,0.63985,32.0,0.34633,0.27633,0.79,11.66667,33.0,44.66667,18.33333,7.0,14.33333,93.33333,-0.36504,0.26747,0.39701,0.476,1.0,0
41.0,0.465,0.34233,0.672,8.33333,37.33333,45.66667,24.66667,8.33333,13.33333,105.66667,-0.01829,0.23791,0.53644,0.57519,41.33333,0.44267,0.375,0.86433,13.0,36.33333,49.33333,22.33333,9.0,15.33333,120.66667,0.12834,0.36923,0.52191,0.60874,0.0,1
43.33333,0.48767,0.376,0.74367,7.33333,37.66667,45.0,23.66667,12.33333,17.66667,122.33333,0.09343,0.20904,0.56624,0.64182,47.66667,0.50667,0.339,0.782,10.0,28.0,38.0,26.33333,10.0,13.0,118.33333,-0.07235,0.33403,0.56336,0.60619,1.0,0
38.66667,0.457,0.42467,0.66633,9.33333,32.0,41.33333,24.33333,9.0,13.33333,106.0,0.09865,0.28792,0.56328,0.60375,37.66667,0.435,0.33333,0.74233,9.0,39.66667,48.66667,18.0,7.33333,12.33333,110.33333,0.01155,0.24266,0.50259,0.59024,0.33333,0
40.33333,0.49167,0.30833,0.83767,8.0,35.33333,43.33333,22.66667,8.0,13.33333,109.0,0.07897,0.2641,0.54767,0.62594,38.33333,0.40133,0.36933,0.90733,11.33333,42.33333,53.66667,24.33333,7.0,14.0,114.33333,-0.00037,0.27277,0.48121,0.56392,0.66667,0
43.33333,0.48533,0.37433,0.76867,10.0,28.66667,38.66667,24.33333,6.0,10.66667,116.33333,-0.16481,0.29868,0.55848,0.61836,38.0,0.45767,0.37533,0.70967,8.0,33.0,41.0,22.66667,8.0,13.66667,103.0,0.03504,0.24034,0.53662,0.59487,0.33333,1
45.66667,0.486,0.36967,0.68433,9.0,39.66667,48.66667,30.66667,7.33333,12.0,118.33333,0.10389,0.27896,0.55744,0.60165,40.33333,0.43933,0.36067,0.78233,11.0,36.66667,47.66667,26.66667,8.0,12.66667,114.33333,0.01296,0.28545,0.51767,0.58804,0.33333,0
38.0,0.458,0.36367,0.768,9.0,34.33333,43.33333,26.66667,8.66667,18.33333,103.0,-0.02424,0.28166,0.52865,0.59324,40.33333,0.479,0.30133,0.77067,10.0,36.66667,46.66667,23.66667,10.33333,15.33333,105.33333,0.08212,0.31517,0.52742,0.59154,0.33333,1
36.0,0.43167,0.36367,0.723,11.66667,38.0,49.66667,26.0,4.66667,13.0,107.33333,0.02049,0.34269,0.51639,0.60199,43.33333,0.485,0.37867,0.78867,9.33333,38.0,47.33333,25.66667,8.33333,15.33333,119.33333,0.04018,0.28467,0.5582,0.62886,0.33333,1
37.33333,0.444,0.30167,0.765,5.66667,30.66667,36.33333,21.33333,9.0,12.33333,103.33333,-0.14937,0.15011,0.49947,0.57609,43.0,0.46433,0.31533,0.81833,14.0,34.33333,48.33333,23.66667,8.66667,17.33333,106.33333,-0.03981,0.50562,0.50602,0.55255,0.33333,1
39.0,0.45533,0.32433,0.747,10.66667,34.66667,45.33333,23.0,7.66667,16.33333,104.0,0.00252,0.33542,0.51663,0.57683,38.33333,0.42633,0.30233,0.82833,10.33333,37.66667,48.0,17.33333,8.0,16.66667,105.33333,-0.03608,0.29584,0.48041,0.55466,0.66667,0
35.66667,0.432,0.25367,0.824,9.66667,38.33333,48.0,25.0,8.0,14.66667,93.33333,0.05867,0.30987,0.47936,0.5381,37.0,0.432,0.36033,0.679,12.33333,29.66667,42.0,22.0,8.33333,17.66667,98.66667,-0.17945,0.38407,0.49471,0.54805,0.66667,0
42.33333,0.47,0.38433,0.806,12.66667,28.66667,41.33333,23.33333,8.0,16.33333,114.33333,-0.03207,0.41832,0.54326,0.60485,41.0,0.435,0.365,0.84867,14.0,39.0,53.0,29.0,7.66667,17.0,117.33333,0.18264,0.41249,0.52078,0.59175,0.0,0
39.0,0.45133,0.38733,0.73767,10.33333,26.66667,37.0,21.0,6.0,10.33333,107.66667,-0.03034,0.2804,0.50861,0.58184,36.33333,0.40067,0.394,0.83033,12.66667,32.33333,45.0,20.33333,3.0,9.66667,108.0,0.02125,0.34101,0.48419,0.56237,0.33333,0
36.66667,0.45,0.30667,0.79833,9.33333,35.0,44.33333,20.66667,7.33333,16.0,107.66667,0.00994,0.29003,0.51169,0.61144,43.66667,0.484,0.33533,0.746,9.33333,30.33333,39.66667,21.0,7.0,11.33333,112.66667,-0.03346,0.30236,0.54484,0.59654,0.66667,0
48.0,0.566,0.43067,0.707,5.66667,36.33333,42.0,28.0,10.66667,12.66667,120.0,0.26824,0.21771,0.62832,0.67561,35.66667,0.39133,0.30967,0.84033,9.33333,35.33333,44.66667,23.66667,8.33333,18.0,101.33333,-0.2305,0.22959,0.45416,0.5278,1.0,0
40.66667,0.424,0.29767,0.69033,9.66667,34.66667,44.33333,24.0,6.66667,8.66667,108.0,-0.15599,0.22746,0.4893,0.53815,38.33333,0.446,0.34033,0.801,9.33333,34.0,43.33333,26.33333,7.66667,11.33333,103.0,-0.03723,0.29133,0.5002,0.56613,0.66667,1
41.33333,0.485,0.34533,0.783,8.66667,39.33333,48.0,24.33333,8.0,15.0,109.66667,0.07888,0.25351,0.54638,0.61079,36.66667,0.39967,0.29133,0.79833,13.33333,31.33333,44.66667,20.66667,7.0,13.33333,104.0,-0.17083,0.36614,0.45567,0.53353,0.66667,1
38.66667,0.44867,0.30933,0.73267,13.33333,34.0,47.33333,22.33333,7.0,15.0,102.0,-0.06046,0.45455,0.50442,0.56216,45.0,0.49233,0.38067,0.78933,8.0,38.66667,46.66667,22.33333,6.33333,13.66667,123.66667,0.06342,0.20757,0.56925,0.63863,0.0,1
37.0,0.40233,0.28467,0.75533,10.33333,36.33333,46.66667,15.66667,7.33333,12.33333,93.33333,-0.12103,0.25493,0.45148,0.49128,40.0,0.454,0.28067,0.687,8.66667,33.66667,42.33333,24.0,7.0,12.0,102.66667,-0.08139,0.2721,0.5029,0.55376,0.66667,0
39.0,0.435,0.24667,0.74867,10.66667,31.33333,42.0,22.33333,5.0,9.33333,99.66667,-0.14921,0.29379,0.47771,0.53141,39.33333,0.433,0.36133,0.769,10.0,29.0,39.0,26.33333,7.66667,12.33333,113.0,-0.1915,0.24907,0.51779,0.58722,0.66667,1
43.0,0.47033,0.36433,0.73167,8.66667,35.66667,44.33333,23.66667,9.66667,11.0,114.0,0.05301,0.22944,0.53528,0.59095,40.66667,0.527,0.41467,0.80167,5.66667,40.33333,46.0,27.0,9.0,21.0,111.33333,0.15749,0.20833,0.60615,0.67639,0.0,0
44.66667,0.47367,0.38233,0.72933,11.0,34.66667,45.66667,30.33333,10.66667,17.33333,118.0,-0.06057,0.33289,0.54097,0.5958,38.66667,0.43667,0.36767,0.653,11.66667,29.66667,41.33333,25.66667,8.66667,12.0,102.0,-0.02799,0.33853,0.4989,0.54767,0.66667,1
36.66667,0.42333,0.31767,0.84667,6.33333,30.0,36.33333,22.0,7.0,14.66667,101.66667,-0.24349,0.15748,0.48172,0.55628,36.66667,0.418,0.335,0.68,11.33333,29.0,40.33333,26.0,10.66667,12.0,100.0,-0.0364,0.31134,0.47899,0.53856,0.66667,1
39.33333,0.44067,0.32133,0.82233,8.0,33.66667,41.66667,25.66667,7.33333,13.0,112.0,-0.051,0.19936,0.49034,0.58287,37.33333,0.43033,0.36733,0.827,12.0,26.0,38.0,20.66667,10.66667,13.0,102.33333,0.0479,0.36262,0.50503,0.56519,0.33333,0
42.66667,0.457,0.35433,0.72233,13.0,32.0,45.0,24.33333,5.0,10.0,111.33333,0.00947,0.3516,0.52478,0.57088,41.0,0.46867,0.35167,0.69267,8.0,34.0,42.0,25.33333,5.66667,14.66667,113.0,-0.06208,0.25183,0.55364,0.61199,0.66667,0
42.33333,0.459,0.41933,0.64733,8.66667,32.66667,41.33333,28.0,6.66667,12.66667,113.33333,-0.16792,0.21969,0.53545,0.58457,42.0,0.45433,0.36833,0.80533,10.66667,35.66667,46.33333,26.33333,7.66667,11.66667,113.66667,0.10863,0.30437,0.5303,0.58733,0.0,1
50.0,0.54733,0.34233,0.861,10.66667,31.0,41.66667,25.0,7.33333,9.33333,134.0,0.1334,0.39814,0.60153,0.68762,44.33333,0.50633,0.454,0.818,7.0,34.66667,41.66667,26.66667,8.0,13.0,128.0,0.06898,0.22291,0.60551,0.68665,0.0,0
46.33333,0.52233,0.393,0.79033,7.33333,41.0,48.33333,25.33333,9.33333,11.66667,124.33333,0.30039,0.24109,0.59491,0.66091,42.33333,0.49,0.43233,0.82667,10.33333,36.33333,46.66667,22.0,5.66667,15.0,122.0,0.10619,0.31216,0.57198,0.66015,0.0,1
46.33333,0.517,0.40367,0.77333,6.33333,40.33333,46.66667,26.33333,9.0,12.33333,122.0,0.29304,0.20424,0.60008,0.65053,37.0,0.414,0.283,0.844,9.66667,28.66667,38.33333,23.33333,9.66667,16.0,96.66667,-0.24741,0.26193,0.46422,0.51962,1.0,0
41.66667,0.47433,0.37533,0.57767,10.33333,36.0,46.33333,28.66667,7.33333,15.66667,105.33333,-0.03354,0.31453,0.55944,0.58138,41.33333,0.48433,0.294,0.72133,7.0,33.66667,40.66667,21.0,11.0,12.0,107.33333,-0.0221,0.19797,0.53675,0.5945,0.66667,0
45.0,0.50667,0.37667,0.77233,8.0,37.33333,45.33333,22.33333,10.33333,15.0,120.33333,0.19241,0.25321,0.57198,0.63872,37.0,0.397,0.301,0.77333,12.0,33.66667,45.66667,19.33333,8.66667,15.0,103.33333,-0.11093,0.29707,0.46109,0.52642,1.0,0
43.0,0.49233,0.422,0.66833,11.66667,38.33333,50.0,29.66667,5.66667,16.0,113.66667,0.02932,0.38121,0.5779,0.6235,36.0,0.38733,0.31633,0.67267,13.66667,36.66667,50.33333,17.33333,6.33333,9.66667,102.33333,-0.11867,0.34111,0.44744,0.5173,0.66667,0
40.66667,0.45233,0.376,0.85,11.66667,36.33333,48.0,24.33333,9.66667,16.0,111.66667,0.11211,0.3759,0.517,0.58873,39.0,0.447,0.35967,0.71233,9.0,34.33333,43.33333,22.0,8.33333,11.33333,103.0,0.0442,0.26071,0.51922,0.56803,0.33333,1
45.66667,0.47867,0.33,0.70667,10.33333,45.33333,55.66667,27.33333,6.33333,12.33333,120.0,0.14412,0.29494,0.54195,0.59644,38.66667,0.437,0.37733,0.79,12.0,28.0,40.0,22.0,10.33333,14.66667,112.33333,-0.11438,0.34623,0.50519,0.59371,1.0,1
34.0,0.415,0.31333,0.76367,9.33333,36.33333,45.66667,26.0,7.66667,18.0,95.0,-0.01716,0.26778,0.48221,0.55057,44.0,0.50867,0.42267,0.76867,7.66667,32.33333,40.0,26.66667,6.0,12.33333,118.66667,0.0667,0.2687,0.59114,0.65043,0.33333,1
40.0,0.45467,0.37633,0.71933,10.66667,29.0,39.66667,24.0,11.66667,13.66667,102.66667,0.19588,0.35024,0.54195,0.57015,43.0,0.50433,0.35167,0.694,5.0,35.0,40.0,23.66667,12.33333,10.33333,112.33333,0.12419,0.15168,0.56638,0.62133,0.33333,0
46.33333,0.51933,0.411,0.76667,9.33333,40.33333,49.66667,26.33333,7.66667,15.33333,129.0,0.22106,0.30267,0.59062,0.67132,40.66667,0.47433,0.39533,0.80267,10.66667,34.0,44.66667,27.0,9.0,15.0,108.0,0.02104,0.38722,0.55472,0.6038,0.33333,0
41.66667,0.452,0.35167,0.74533,13.0,31.66667,44.66667,27.33333,5.66667,13.0,113.33333,-0.00477,0.38997,0.52752,0.58463,42.33333,0.45667,0.34233,0.795,10.33333,41.0,51.33333,25.66667,7.66667,15.33333,117.33333,0.09759,0.29419,0.52316,0.59654,0.0,0
47.0,0.49967,0.39533,0.78767,11.66667,38.0,49.66667,29.0,7.33333,12.33333,133.33333,0.15935,0.41438,0.58945,0.66661,36.33333,0.43267,0.283,0.74367,10.33333,36.0,46.33333,22.33333,10.33333,15.33333,97.33333,-0.01794,0.29537,0.47904,0.54567,0.33333,0
41.33333,0.45633,0.46467,0.77133,10.0,34.0,44.0,26.0,11.66667,13.0,116.33333,0.08074,0.28395,0.54259,0.60758,44.0,0.47467,0.31033,0.783,12.33333,39.33333,51.66667,25.0,9.66667,17.0,113.66667,0.11683,0.41085,0.52024,0.58326,0.0,1
39.66667,0.46833,0.37433,0.74267,8.66667,32.66667,41.33333,24.0,9.0,14.0,112.66667,0.00217,0.27695,0.53603,0.61956,38.33333,0.43567,0.292,0.81733,6.66667,32.66667,39.33333,22.66667,6.33333,10.0,105.33333,-0.17617,0.17618,0.49567,0.56573,0.33333,1
46.66667,0.53767,0.397,0.76533,5.33333,34.0,39.33333,25.33333,10.0,10.33333,122.33333,0.11461,0.16457,0.60504,0.66721,36.0,0.434,0.383,0.76733,7.0,29.0,36.0,24.66667,6.66667,12.66667,100.33333,-0.19069,0.22179,0.5045,0.572,0.66667,0
40.66667,0.45167,0.37367,0.767,9.66667,30.33333,40.0,22.66667,8.0,15.33333,110.66667,-0.04159,0.25622,0.52622,0.58481,44.0,0.471,0.401,0.84967,12.33333,33.0,45.33333,25.66667,10.0,15.0,124.66667,0.07661,0.37347,0.54611,0.62814,0.0,1
53.33333,0.549,0.421,0.78367,9.66667,40.33333,50.0,32.33333,9.0,11.66667,138.0,0.27532,0.32667,0.61394,0.67358,36.33333,0.41433,0.35,0.75267,9.66667,31.0,40.66667,21.33333,5.0,12.0,101.33333,-0.08966,0.26409,0.48641,0.54808,0.66667,0
44.33333,0.49633,0.38233,0.589,12.66667,37.33333,50.0,29.33333,5.66667,10.66667,117.33333,0.13596,0.41797,0.57988,0.62294,35.66667,0.445,0.31933,0.70167,10.0,34.66667,44.66667,23.0,8.0,19.0,98.33333,-0.12343,0.29894,0.50509,0.57331,0.33333,1
44.33333,0.53533,0.41567,0.71867,5.0,33.66667,38.66667,22.33333,10.33333,14.0,114.66667,0.14355,0.15963,0.60468,0.65804,39.0,0.412,0.32033,0.83,15.0,39.33333,54.33333,27.33333,7.66667,20.0,111.0,0.1005,0.43271,0.49253,0.55944,0.33333,0
35.0,0.39567,0.25167,0.79133,12.0,37.33333,49.33333,23.33333,7.33333,11.0,96.0,0.02719,0.32029,0.4463,0.51267,42.0,0.47567,0.42167,0.83533,10.33333,31.33333,41.66667,23.33333,10.33333,13.33333,112.0,0.20231,0.35009,0.55846,0.61271,0.0,0
40.66667,0.43,0.30633,0.69033,10.33333,33.66667,44.0,25.66667,8.33333,10.0,108.33333,-0.14696,0.24372,0.4943,0.54583,41.0,0.445,0.321,0.74033,10.0,35.66667,45.66667,26.0,5.33333,14.33333,111.0,-0.13071,0.26548,0.51378,0.57235,1.0,0
36.66667,0.42267,0.32633,0.78967,9.33333,38.0,47.33333,23.33333,5.33333,11.0,109.33333,0.03014,0.25655,0.50195,0.5892,37.66667,0.43133,0.30767,0.83767,10.0,27.66667,37.66667,21.33333,5.33333,11.33333,102.66667,-0.22086,0.29077,0.49392,0.55985,0.66667,1
39.33333,0.45633,0.343,0.731,13.0,31.0,44.0,23.66667,8.66667,17.0,104.0,-0.08299,0.43434,0.52358,0.57545,39.0,0.42567,0.32333,0.76967,9.33333,42.33333,51.66667,24.66667,6.0,15.66667,106.66667,-0.02096,0.24432,0.48911,0.55256,0.66667,0
41.0,0.44533,0.37367,0.772,11.0,37.33333,48.33333,22.0,5.33333,11.0,112.66667,0.11693,0.28173,0.52695,0.58361,39.33333,0.47,0.28433,0.75467,9.33333,33.33333,42.66667,22.66667,6.33333,13.0,102.0,-0.06106,0.306,0.51373,0.5773,0.66667,0
42.66667,0.502,0.38467,0.80367,10.33333,37.66667,48.0,27.33333,7.0,16.0,118.0,0.13929,0.36724,0.57486,0.65187,42.33333,0.486,0.37967,0.80733,8.66667,38.0,46.66667,24.66667,6.33333,12.0,116.66667,0.11394,0.27901,0.56033,0.63172,0.33333,1
43.66667,0.47167,0.376,0.83533,11.33333,32.33333,43.66667,25.66667,7.66667,12.66667,115.66667,0.13806,0.35376,0.5414,0.59758,40.0,0.5,0.378,0.764,9.66667,38.33333,48.0,25.0,7.33333,20.66667,108.66667,0.10268,0.31619,0.56491,0.63592,0.33333,0
41.33333,0.463,0.373,0.75,11.33333,28.0,39.33333,26.66667,8.33333,12.66667,108.66667,-0.16139,0.36146,0.53729,0.58542,42.33333,0.43067,0.304,0.747,13.33333,34.0,47.33333,27.33333,8.66667,15.33333,107.0,-0.27034,0.34085,0.47757,0.5228,1.0,1
39.0,0.423,0.32567,0.71367,13.66667,37.33333,51.0,23.0,8.0,14.33333,103.66667,-0.01826,0.4018,0.47221,0.53299,39.66667,0.46167,0.38733,0.777,9.0,36.0,45.0,26.0,6.33333,16.66667,110.66667,-0.08532,0.2662,0.5444,0.60961,0.66667,0
39.66667,0.43167,0.308,0.708,11.66667,38.33333,50.0,27.0,7.66667,10.33333,106.0,0.08752,0.31332,0.49806,0.54961,40.66667,0.44633,0.32767,0.81933,9.66667,39.66667,49.33333,19.33333,7.66667,16.33333,110.33333,0.02594,0.27433,0.50732,0.5749,0.66667,0
34.33333,0.38333,0.25067,0.82267,12.0,35.33333,47.33333,18.0,8.66667,16.33333,102.66667,-0.17321,0.29835,0.43522,0.5333,33.0,0.39333,0.259,0.74433,11.66667,40.0,51.66667,22.0,8.0,19.33333,92.66667,-0.07141,0.33271,0.4448,0.51898,0.33333,0
41.0,0.43867,0.30867,0.757,11.66667,37.33333,49.0,25.0,8.0,14.0,113.66667,-0.04935,0.34474,0.50029,0.57264,43.0,0.45467,0.34433,0.66033,11.66667,32.0,43.66667,26.66667,7.33333,12.66667,117.66667,-0.19895,0.29434,0.52446,0.58592,1.0,0
42.66667,0.48567,0.38067,0.824,10.66667,34.33333,45.0,23.0,9.0,15.66667,112.0,-0.06078,0.33611,0.54891,0.60896,43.66667,0.482,0.36533,0.82267,13.0,29.0,42.0,27.33333,9.66667,12.0,122.33333,0.10154,0.42254,0.56088,0.63676,0.33333,1
41.0,0.46033,0.33867,0.78867,10.0,36.33333,46.33333,26.66667,5.33333,12.66667,116.0,0.01579,0.2662,0.5209,0.60604,42.66667,0.469,0.37867,0.86267,12.33333,29.66667,42.0,25.0,7.0,14.33333,114.0,-0.11474,0.39464,0.52821,0.59879,1.0,1
39.33333,0.444,0.38633,0.82533,10.66667,28.66667,39.33333,20.66667,10.0,13.66667,109.66667,-0.09621,0.3049,0.51528,0.58597,43.0,0.468,0.32933,0.64333,10.33333,32.33333,42.66667,26.33333,6.66667,12.66667,116.0,-0.09916,0.2944,0.54384,0.596,0.66667,0
40.33333,0.43567,0.40467,0.63967,9.33333,32.66667,42.0,28.0,7.0,12.66667,109.0,-0.19048,0.22045,0.52163,0.56307,45.0,0.5,0.43867,0.69167,7.66667,34.33333,42.0,28.0,7.33333,13.0,117.66667,0.08287,0.22362,0.58905,0.62707,0.33333,1
50.33333,0.54567,0.37667,0.863,10.33333,30.33333,40.66667,27.33333,7.33333,9.66667,135.33333,0.17061,0.36637,0.60792,0.6899,39.66667,0.454,0.29667,0.89167,9.66667,30.0,39.66667,22.33333,8.33333,12.66667,103.66667,-0.10295,0.28934,0.50177,0.56864,1.0,0
49.0,0.547,0.40933,0.797,8.66667,33.0,41.66667,28.33333,7.66667,10.0,129.0,0.19562,0.27247,0.62905,0.68544,41.33333,0.50067,0.44033,0.82667,10.0,38.33333,48.33333,20.66667,5.0,17.0,119.33333,0.10888,0.33742,0.58307,0.67374,0.0,1
47.66667,0.49633,0.38467,0.80167,9.66667,36.66667,46.33333,29.66667,9.33333,11.66667,126.0,0.12791,0.2833,0.55887,0.62454,43.66667,0.49533,0.44433,0.684,10.0,34.66667,44.66667,29.66667,6.66667,14.0,115.33333,0.20711,0.32423,0.58612,0.62614,0.0,0
39.33333,0.451,0.28,0.724,7.66667,36.66667,44.33333,20.33333,7.0,14.66667,98.0,-0.02807,0.2197,0.49883,0.54094,38.33333,0.45333,0.391,0.891,10.33333,29.66667,40.0,25.66667,8.0,13.66667,107.66667,-0.03631,0.31902,0.53706,0.60715,0.66667,1
44.0,0.48933,0.41633,0.55267,10.33333,40.33333,50.66667,30.33333,5.33333,15.0,112.66667,0.03045,0.30361,0.58213,0.60544,41.0,0.47133,0.27033,0.83233,9.33333,30.33333,39.66667,21.33333,6.66667,11.33333,102.0,-0.13088,0.28987,0.51529,0.56606,1.0,0
44.0,0.494,0.396,0.79467,8.33333,33.66667,42.0,22.66667,10.33333,13.33333,117.0,0.20974,0.26198,0.55564,0.62182,39.66667,0.419,0.30067,0.75433,11.33333,39.33333,50.66667,21.66667,8.0,10.66667,107.0,0.05394,0.28555,0.47975,0.53973,0.0,1
48.66667,0.52467,0.403,0.86867,10.66667,31.66667,42.33333,30.0,7.66667,11.33333,125.33333,0.16863,0.36209,0.59636,0.64881,37.33333,0.37267,0.285,0.63867,15.33333,33.0,48.33333,20.33333,8.66667,9.66667,100.66667,-0.24069,0.34933,0.42226,0.47632,1.0,0
43.33333,0.438,0.30367,0.67433,10.33333,40.33333,50.66667,25.66667,7.0,11.66667,114.33333,-0.11058,0.22947,0.49887,0.5498,39.33333,0.45133,0.366,0.84733,8.66667,37.33333,46.0,21.33333,6.0,10.33333,113.66667,0.06107,0.26528,0.52912,0.61237,0.0,0
38.0,0.449,0.29,0.71933,8.33333,36.0,44.33333,26.66667,6.66667,15.66667,100.33333,-0.03756,0.2392,0.51279,0.56543,37.33333,0.41067,0.24233,0.67467,14.66667,31.66667,46.33333,23.66667,4.33333,11.0,97.33333,-0.18482,0.42276,0.45238,0.50855,1.0,0
44.0,0.496,0.395,0.77867,10.66667,39.33333,50.0,24.0,6.0,13.66667,125.33333,0.15844,0.34433,0.57178,0.65611,42.0,0.46867,0.377,0.83467,9.33333,41.0,50.33333,23.66667,5.33333,12.33333,115.66667,0.15254,0.26879,0.54101,0.61122,0.0,0
41.66667,0.496,0.41,0.814,13.0,41.66667,54.66667,24.66667,6.0,20.0,114.0,0.15548,0.45598,0.57738,0.64378,36.66667,0.43367,0.33633,0.796,10.66667,40.33333,51.0,22.66667,6.66667,18.0,107.33333,-0.03916,0.30172,0.49703,0.59034,0.33333,1
40.33333,0.40867,0.395,0.76567,11.33333,35.66667,47.0,26.33333,9.33333,11.33333,112.33333,-0.09173,0.26755,0.49262,0.545,40.33333,0.46633,0.243,0.72367,10.66667,41.0,51.66667,22.33333,9.66667,18.0,107.33333,0.09242,0.30753,0.5008,0.57933,0.0,1
36.66667,0.44467,0.35233,0.77867,7.66667,31.33333,39.0,21.66667,8.33333,10.33333,109.66667,-0.04702,0.22487,0.51045,0.61042,39.66667,0.446,0.34267,0.77667,10.33333,33.33333,43.66667,27.0,6.0,13.33333,112.66667,-0.1077,0.28591,0.52267,0.59592,1.0,1
39.66667,0.43833,0.287,0.66533,10.66667,35.33333,46.0,27.66667,6.66667,13.66667,103.66667,-0.04406,0.28427,0.50395,0.54739,37.0,0.44,0.34667,0.722,6.33333,27.33333,33.66667,23.0,7.66667,12.66667,101.0,-0.26342,0.17519,0.49957,0.56524,1.0,1
37.0,0.38933,0.35,0.783,12.0,35.66667,47.66667,21.33333,6.33333,12.66667,105.0,-0.02724,0.28161,0.46417,0.52689,42.0,0.40933,0.29733,0.82567,15.0,39.0,54.0,21.0,9.0,16.33333,118.0,0.02228,0.38096,0.47289,0.54421,0.66667,0
42.0,0.49867,0.42233,0.723,11.33333,35.33333,46.66667,26.66667,3.66667,13.0,113.66667,0.07674,0.35729,0.58963,0.64153,37.33333,0.40333,0.28333,0.751,12.0,33.66667,45.66667,18.66667,6.0,11.33333,104.66667,-0.11685,0.29792,0.45914,0.53171,0.66667,1
37.33333,0.45333,0.322,0.80767,9.33333,29.33333,38.66667,24.33333,7.0,17.0,101.0,-0.13523,0.31863,0.53303,0.5868,41.33333,0.461,0.36967,0.847,13.0,34.33333,47.33333,30.0,9.0,13.0,113.33333,0.06394,0.44373,0.54275,0.60399,0.33333,0
33.66667,0.427,0.36533,0.82,11.0,35.66667,46.66667,20.66667,8.33333,19.0,109.33333,0.0314,0.32751,0.51393,0.63125,44.33333,0.499,0.42133,0.79367,10.0,34.66667,44.66667,27.66667,6.33333,12.66667,122.33333,0.15826,0.32892,0.58712,0.65171,0.0,1
39.66667,0.41167,0.28533,0.738,13.33333,36.33333,49.66667,25.0,9.66667,11.0,108.0,-0.08822,0.32273,0.46534,0.53099,35.66667,0.413,0.28333,0.82,11.33333,34.66667,46.0,19.0,8.0,18.0,101.33333,-0.13552,0.30218,0.47628,0.55236,1.0,1
42.33333,0.494,0.389,0.73833,13.33333,28.66667,42.0,22.33333,7.66667,17.0,115.0,-0.00113,0.48646,0.56943,0.63165,40.33333,0.43833,0.265,0.82233,13.0,33.0,46.0,26.33333,4.66667,12.66667,105.66667,-0.16252,0.40183,0.487,0.5481,1.0,1
42.0,0.455,0.27767,0.68767,11.33333,36.0,47.33333,22.0,9.33333,14.33333,108.0,0.05399,0.34926,0.50826,0.55709,44.33333,0.475,0.28667,0.79,10.0,36.66667,46.66667,23.33333,8.66667,15.66667,118.66667,0.07723,0.30208,0.53546,0.60599,0.33333,0
43.66667,0.49567,0.317,0.736,9.33333,33.33333,42.66667,23.0,6.33333,14.33333,115.33333,-0.11109,0.28598,0.55499,0.61797,37.33333,0.47467,0.348,0.77333,8.66667,33.33333,42.0,22.0,9.0,20.0,102.0,0.05495,0.26262,0.5386,0.60954,0.66667,0
43.0,0.48567,0.41433,0.72133,9.66667,27.33333,37.0,25.33333,7.0,13.0,111.33333,-0.1393,0.31452,0.5683,0.6069,42.0,0.458,0.36533,0.79767,8.66667,44.0,52.66667,22.33333,7.66667,16.33333,115.66667,0.04257,0.21862,0.51753,0.5937,0.0,1
39.33333,0.394,0.33967,0.76433,13.0,39.0,52.0,22.33333,7.66667,10.0,109.66667,0.06022,0.28927,0.45733,0.52166,40.0,0.44333,0.37733,0.85133,9.33333,39.0,48.33333,24.66667,8.33333,13.66667,113.66667,0.02983,0.24037,0.52452,0.59714,0.33333,0
40.66667,0.41467,0.29267,0.74467,14.33333,40.0,54.33333,26.33333,9.0,11.66667,106.66667,0.08106,0.37549,0.46678,0.51985,41.0,0.45433,0.317,0.699,12.33333,33.0,45.33333,22.0,8.66667,12.66667,110.33333,-0.06018,0.34161,0.51753,0.57669,0.66667,0
34.66667,0.413,0.299,0.771,7.0,32.0,39.0,20.66667,8.66667,13.66667,97.66667,-0.0847,0.18038,0.47234,0.54709,37.0,0.40467,0.286,0.73333,12.0,40.0,52.0,20.66667,5.66667,11.66667,104.0,-0.08015,0.30511,0.45793,0.53396,0.66667,0
36.33333,0.42333,0.306,0.85033,11.33333,34.0,45.33333,19.66667,10.33333,17.66667,106.0,-0.10912,0.31964,0.48552,0.57757,39.66667,0.424,0.264,0.822,11.0,38.66667,49.66667,19.0,8.33333,16.66667,108.66667,-0.02667,0.30342,0.47886,0.55312,0.66667,1
40.0,0.43333,0.35,0.757,11.33333,35.0,46.33333,24.66667,8.33333,12.66667,109.66667,-0.14548,0.29017,0.50174,0.56414,42.66667,0.49067,0.36967,0.832,12.0,29.66667,41.66667,27.33333,8.0,13.0,121.33333,0.0607,0.41884,0.55792,0.64957,0.33333,0
41.33333,0.46533,0.34567,0.793,9.66667,33.33333,43.0,24.66667,7.0,11.66667,112.33333,-0.01449,0.2662,0.52795,0.59574,38.0,0.43167,0.34533,0.85733,12.66667,31.66667,44.33333,22.66667,8.66667,14.66667,105.33333,-0.02686,0.39988,0.50511,0.57001,0.66667,0
38.33333,0.42467,0.344,0.75533,9.0,38.33333,47.33333,25.33333,5.66667,10.66667,113.33333,0.02753,0.23144,0.50635,0.59005,41.33333,0.47667,0.38533,0.832,9.33333,35.0,44.33333,25.0,6.66667,16.66667,118.33333,0.04005,0.27622,0.55525,0.63914,0.33333,0
38.66667,0.403,0.338,0.711,9.66667,34.33333,44.0,25.0,8.0,12.66667,106.33333,-0.24269,0.21456,0.47225,0.52711,39.66667,0.466,0.34567,0.80867,8.66667,36.0,44.66667,22.33333,7.66667,13.0,111.0,0.03307,0.28028,0.53082,0.61186,0.33333,0
41.33333,0.41,0.32633,0.64367,15.0,38.0,53.0,20.66667,6.66667,11.0,109.0,0.07063,0.35715,0.47094,0.51674,36.33333,0.45067,0.35467,0.80967,11.0,42.33333,53.33333,17.33333,6.66667,21.33333,108.33333,0.09703,0.3811,0.50937,0.61725,0.0,0
41.33333,0.455,0.25367,0.65,11.0,35.33333,46.33333,22.66667,7.33333,15.0,102.0,0.03212,0.31197,0.49918,0.53922,40.33333,0.44967,0.36967,0.80733,11.66667,34.0,45.66667,25.66667,6.33333,16.33333,114.33333,0.04074,0.36069,0.52951,0.60185,0.66667,1
36.33333,0.44167,0.413,0.86067,9.66667,32.33333,42.0,24.0,10.0,18.66667,108.33333,-0.04209,0.28364,0.5355,0.61869,42.66667,0.49067,0.46867,0.69967,9.0,31.0,40.0,25.66667,8.33333,11.66667,113.33333,0.08527,0.29687,0.58472,0.62493,0.33333,0
42.0,0.45833,0.379,0.805,11.33333,30.33333,41.66667,23.66667,7.33333,11.0,112.33333,0.09659,0.33048,0.51465,0.58159,42.66667,0.50167,0.47133,0.84167,10.0,32.66667,42.66667,26.33333,7.66667,15.0,121.33333,0.16394,0.36191,0.59848,0.67361,0.0,1
40.66667,0.459,0.379,0.72,11.33333,35.0,46.33333,26.33333,5.33333,12.0,116.0,0.10278,0.35525,0.54599,0.6171,37.66667,0.433,0.32233,0.81767,10.0,31.66667,41.66667,24.66667,10.0,13.33333,101.66667,-0.08236,0.27776,0.48458,0.55238,1.0,1
42.66667,0.488,0.379,0.77467,8.66667,30.66667,39.33333,21.33333,6.66667,12.33333,113.66667,0.10856,0.27386,0.54739,0.61404,41.0,0.454,0.39267,0.81567,10.33333,35.66667,46.0,23.66667,6.66667,12.33333,112.0,0.03956,0.30126,0.52972,0.59087,0.33333,1
38.33333,0.43567,0.303,0.75533,10.33333,35.33333,45.66667,23.0,8.66667,12.0,107.0,0.01106,0.27706,0.48668,0.56772,39.33333,0.401,0.35867,0.74633,14.0,31.66667,45.66667,20.33333,9.66667,11.33333,107.0,-0.13726,0.34202,0.46655,0.52157,1.0,1
42.33333,0.464,0.319,0.80033,10.66667,31.66667,42.33333,24.0,8.66667,14.33333,111.0,-0.09637,0.31922,0.52085,0.58033,40.0,0.439,0.316,0.84333,9.0,39.0,48.0,23.66667,9.0,12.33333,110.0,0.05318,0.22459,0.50143,0.57215,0.0,1
41.0,0.433,0.35367,0.653,12.66667,35.66667,48.33333,23.33333,7.66667,13.0,108.66667,-0.08333,0.29934,0.50742,0.54958,35.33333,0.382,0.342,0.73067,7.0,36.33333,43.33333,22.0,10.0,11.66667,97.66667,-0.19089,0.15362,0.45627,0.50791,1.0,0
42.33333,0.49833,0.37667,0.789,10.66667,32.66667,43.33333,27.66667,7.0,16.66667,120.33333,0.04551,0.38788,0.5768,0.65954,40.33333,0.439,0.30133,0.78667,11.33333,38.0,49.33333,27.66667,6.0,16.0,109.0,-0.02008,0.31641,0.50424,0.56625,0.66667,0
38.66667,0.42667,0.415,0.79967,9.66667,33.33333,43.0,22.0,9.66667,13.66667,108.33333,-0.02176,0.26913,0.49815,0.56618,40.0,0.44133,0.35767,0.888,11.33333,30.66667,42.0,26.0,8.33333,11.0,110.33333,-0.0037,0.33063,0.52009,0.58248,0.66667,1
42.0,0.46333,0.451,0.678,12.33333,34.66667,47.0,27.0,8.0,13.33333,113.66667,0.15364,0.39225,0.54988,0.59676,41.0,0.458,0.26533,0.75233,6.66667,38.33333,45.0,20.33333,8.0,8.33333,104.0,0.00262,0.17367,0.5023,0.55523,0.66667,0
44.66667,0.50133,0.377,0.72233,9.0,37.66667,46.66667,27.33333,5.66667,12.33333,116.0,0.13051,0.26858,0.57585,0.62251,38.66667,0.45767,0.36233,0.75133,10.66667,40.0,50.66667,22.66667,7.0,16.0,111.33333,0.04729,0.31139,0.52305,0.61253,0.33333,1
42.33333,0.44467,0.397,0.83967,13.66667,41.66667,55.33333,28.33333,7.33333,11.33333,116.66667,0.23321,0.39403,0.53122,0.58845,40.33333,0.468,0.268,0.71,10.66667,44.33333,55.0,22.66667,10.33333,19.33333,108.0,0.17361,0.30753,0.5101,0.58583,0.0,0
37.66667,0.44933,0.36567,0.817,7.33333,30.0,37.33333,22.33333,10.33333,11.33333,109.0,-0.07718,0.20255,0.5144,0.60479,39.0,0.46233,0.34,0.82867,9.33333,32.0,41.33333,23.0,8.33333,15.0,106.66667,0.0035,0.29199,0.53512,0.60131,0.33333,1
43.33333,0.477,0.35433,0.735,10.33333,34.33333,44.66667,21.0,10.0,16.33333,110.0,0.1451,0.30679,0.53413,0.58089,40.33333,0.48133,0.36567,0.692,7.66667,31.66667,39.33333,25.0,6.0,12.0,107.66667,-0.09209,0.28703,0.54705,0.60608,0.66667,0
36.33333,0.426,0.324,0.641,9.66667,32.33333,42.0,25.0,8.0,13.0,100.33333,-0.00483,0.26115,0.4974,0.55719,37.66667,0.401,0.24367,0.72433,11.33333,38.66667,50.0,17.33333,7.33333,13.0,98.33333,-0.07293,0.26076,0.44473,0.49794,0.66667,1
51.0,0.53067,0.42967,0.78267,10.66667,42.0,52.66667,28.33333,10.0,13.0,133.66667,0.2638,0.34103,0.59143,0.65648,41.33333,0.444,0.36567,0.775,12.0,27.0,39.0,24.66667,10.33333,9.66667,107.0,-0.01465,0.34314,0.52333,0.55939,0.66667,0
43.66667,0.512,0.428,0.736,10.33333,28.0,38.33333,27.0,7.66667,13.66667,119.0,0.06665,0.35799,0.59191,0.65528,41.0,0.479,0.324,0.75767,10.66667,35.0,45.66667,19.66667,7.33333,11.33333,116.33333,0.09616,0.34243,0.53428,0.6294,0.33333,0
46.33333,0.49833,0.37867,0.727,10.33333,39.0,49.33333,24.0,10.0,14.0,119.0,0.16966,0.33444,0.56931,0.61334,42.0,0.462,0.317,0.71733,9.66667,34.33333,44.0,18.0,6.33333,9.0,107.66667,-0.09137,0.26525,0.51889,0.56656,1.0,0
41.0,0.429,0.32533,0.805,14.0,41.66667,55.66667,28.0,6.33333,12.33333,110.0,0.08998,0.38618,0.49378,0.55136,40.66667,0.45267,0.36533,0.78733,8.0,38.33333,46.33333,24.0,5.66667,12.66667,114.33333,0.08399,0.23481,0.52485,0.59929,0.0,0
36.66667,0.45467,0.33767,0.75067,11.33333,31.0,42.33333,25.0,7.66667,18.33333,102.33333,-0.08111,0.43146,0.52841,0.59636,38.0,0.425,0.26767,0.64333,13.0,34.33333,47.33333,23.66667,5.0,12.66667,101.33333,-0.14476,0.37336,0.47545,0.5353,1.0,0
40.0,0.47667,0.351,0.82,7.66667,34.0,41.66667,20.66667,8.66667,17.66667,111.66667,-0.11382,0.23251,0.544,0.62437,43.66667,0.47867,0.33967,0.853,10.66667,27.66667,38.33333,26.66667,10.33333,13.66667,112.0,-0.10307,0.34413,0.53384,0.59089,1.0,0
41.0,0.453,0.37733,0.74833,9.33333,30.33333,39.66667,21.66667,6.0,10.0,110.33333,0.01018,0.26524,0.51758,0.57824,38.66667,0.436,0.33533,0.85,14.33333,32.0,46.33333,24.0,10.0,14.0,111.33333,0.06034,0.48563,0.49775,0.58688,0.33333,0
41.0,0.444,0.35167,0.77533,11.0,34.66667,45.66667,25.66667,8.0,11.0,110.0,0.00781,0.30174,0.50894,0.56664,39.0,0.426,0.29867,0.87167,11.66667,40.33333,52.0,24.66667,8.66667,12.33333,107.33333,0.1037,0.32752,0.48236,0.55607,0.0,0
41.0,0.463,0.347,0.703,9.33333,33.66667,43.0,25.0,7.33333,14.66667,105.33333,0.03655,0.28127,0.51801,0.5675,41.33333,0.45267,0.35967,0.75933,8.33333,31.66667,40.0,22.33333,9.66667,7.66667,110.0,-0.0774,0.19657,0.51868,0.57361,1.0,0
37.0,0.43367,0.32967,0.772,8.66667,31.0,39.66667,21.33333,8.33333,13.0,103.66667,-0.02342,0.26307,0.49635,0.57172,40.33333,0.455,0.39167,0.78867,9.0,37.33333,46.33333,27.66667,7.66667,17.66667,113.33333,-0.11444,0.25469,0.54327,0.60689,0.66667,0
42.0,0.46367,0.38767,0.81067,10.33333,40.66667,51.0,23.66667,5.66667,11.0,117.66667,0.09285,0.30528,0.5371,0.61401,36.66667,0.42067,0.33,0.75767,10.66667,47.0,57.66667,19.33333,6.33333,20.33333,105.33333,0.04067,0.34539,0.48154,0.56392,0.33333,0
42.66667,0.495,0.38567,0.69933,11.33333,32.33333,43.66667,27.66667,6.33333,15.0,122.0,0.03284,0.37942,0.57072,0.65532,42.33333,0.473,0.399,0.72533,7.33333,36.0,43.33333,24.0,7.66667,15.0,115.66667,0.01035,0.18665,0.55716,0.61185,0.33333,1
40.0,0.448,0.271,0.78333,11.66667,35.0,46.66667,25.66667,7.0,14.66667,103.0,0.02204,0.3326,0.5032,0.55431,46.0,0.48233,0.37,0.67533,10.66667,31.66667,42.33333,27.66667,8.33333,10.0,118.66667,-0.02385,0.28094,0.546,0.59292,0.66667,1
41.33333,0.481,0.432,0.8,11.66667,43.0,54.66667,23.66667,5.0,17.0,113.33333,0.13721,0.38515,0.56429,0.62771,38.33333,0.433,0.34433,0.73267,8.33333,37.66667,46.0,26.0,5.33333,15.0,104.33333,-0.14657,0.21906,0.50811,0.5634,0.66667,0
42.66667,0.477,0.35433,0.77467,9.0,29.0,38.0,24.33333,7.33333,11.66667,109.0,0.00585,0.27463,0.53291,0.58374,40.0,0.46033,0.434,0.74967,10.0,36.0,46.0,20.33333,7.33333,12.33333,107.0,0.10209,0.3101,0.55063,0.59273,0.33333,0
40.33333,0.451,0.41033,0.614,11.33333,33.33333,44.66667,24.66667,7.0,12.33333,108.33333,0.05274,0.34116,0.53278,0.5754,42.0,0.45633,0.319,0.77867,9.33333,44.66667,54.0,20.0,6.66667,15.0,115.0,-0.02765,0.24993,0.49965,0.58323,0.33333,1
36.0,0.43667,0.36533,0.74967,9.66667,32.0,41.66667,20.66667,10.33333,14.66667,104.0,0.02085,0.3028,0.51428,0.59075,38.33333,0.40467,0.36133,0.77267,12.66667,34.66667,47.33333,20.0,9.33333,12.66667,103.66667,-0.05685,0.31858,0.47106,0.52496,0.66667,1
42.0,0.46167,0.39433,0.673,10.33333,35.0,45.33333,24.33333,6.0,12.0,114.66667,-0.05689,0.25546,0.54998,0.59936,42.33333,0.487,0.38633,0.71233,9.0,35.33333,44.33333,25.0,7.0,15.66667,112.0,0.01305,0.32047,0.56104,0.6115,0.66667,1
38.33333,0.43967,0.273,0.68667,10.0,31.33333,41.33333,23.66667,8.33333,13.66667,105.33333,-0.11229,0.27068,0.49783,0.56903,41.66667,0.46467,0.37267,0.79,6.66667,35.33333,42.0,22.66667,7.66667,8.0,110.66667,-0.02208,0.16958,0.53159,0.58867,1.0,0
46.33333,0.534,0.436,0.74833,12.0,30.0,42.0,24.0,6.0,11.66667,124.66667,0.13094,0.46153,0.60022,0.67196,40.33333,0.463,0.33767,0.744,10.66667,38.66667,49.33333,23.66667,8.33333,15.66667,111.33333,0.12801,0.30045,0.51441,0.59673,0.33333,1
35.33333,0.42033,0.35,0.78933,8.33333,30.66667,39.0,21.66667,9.0,13.66667,99.0,-0.17884,0.22463,0.48904,0.55725,38.33333,0.469,0.32533,0.77767,8.66667,38.0,46.66667,25.66667,6.33333,17.33333,102.0,-0.06344,0.27167,0.53224,0.59259,0.33333,1
41.66667,0.46833,0.462,0.83,10.66667,32.33333,43.0,24.0,3.0,10.33333,109.66667,-0.06197,0.31248,0.54331,0.59333,40.0,0.409,0.315,0.76633,14.0,37.66667,51.66667,18.0,7.66667,10.0,109.0,0.1067,0.35718,0.46517,0.52814,0.33333,1
37.66667,0.433,0.38433,0.80433,8.66667,34.66667,43.33333,24.66667,10.66667,14.33333,106.33333,-0.01663,0.22381,0.50884,0.57645,41.33333,0.47933,0.34667,0.81733,11.0,36.33333,47.33333,24.66667,6.33333,13.66667,110.66667,-0.05673,0.35791,0.53881,0.6078,0.66667,0
49.66667,0.513,0.40333,0.762,10.66667,42.33333,53.0,24.0,7.66667,16.33333,128.66667,0.13753,0.33867,0.57315,0.63006,33.33333,0.41333,0.33033,0.75433,9.66667,37.33333,47.0,22.33333,8.33333,19.33333,97.0,-0.09003,0.27326,0.47257,0.55799,0.66667,0
44.66667,0.485,0.35533,0.799,10.66667,30.66667,41.33333,25.33333,9.33333,12.0,116.66667,0.0936,0.29312,0.55383,0.60672,38.33333,0.44167,0.351,0.84733,11.66667,35.33333,47.0,22.66667,7.0,17.66667,107.66667,0.06171,0.36505,0.5161,0.58937,0.33333,0
43.66667,0.516,0.331,0.85933,11.33333,40.66667,52.0,26.66667,4.66667,16.0,112.0,0.18491,0.45054,0.57591,0.63267,42.0,0.43733,0.34967,0.69667,10.0,29.33333,39.33333,26.33333,10.66667,10.66667,107.66667,-0.05226,0.25363,0.51022,0.54341,1.0,1
40.0,0.455,0.38233,0.80833,9.66667,34.33333,44.0,25.66667,9.33333,13.0,113.0,0.00141,0.26324,0.52411,0.60418,41.33333,0.48333,0.38367,0.83833,10.0,33.0,43.0,24.66667,7.33333,15.0,110.0,-0.03874,0.32099,0.5454,0.61217,0.66667,0
43.0,0.42933,0.36333,0.66267,13.33333,40.33333,53.66667,20.66667,9.66667,13.0,116.0,0.13127,0.31794,0.5004,0.55103,38.0,0.43933,0.33067,0.797,8.0,41.33333,49.33333,19.33333,6.66667,12.0,109.66667,0.02402,0.23024,0.50778,0.59192,0.33333,0
36.33333,0.40667,0.23233,0.82633,10.0,36.0,46.0,20.66667,8.33333,12.66667,99.66667,-0.05815,0.24964,0.45138,0.52807,39.0,0.43567,0.289,0.824,12.66667,30.0,42.66667,21.66667,8.66667,12.33333,103.0,-0.10808,0.37758,0.49014,0.55043,1.0,1
45.66667,0.521,0.41067,0.77133,9.66667,39.66667,49.33333,24.66667,9.33333,15.0,118.0,0.32453,0.34202,0.59079,0.64336,43.0,0.475,0.38333,0.74133,10.66667,36.0,46.66667,26.0,8.0,16.33333,113.66667,-0.01725,0.31454,0.55149,0.60132,0.33333,0
40.33333,0.45167,0.37667,0.72367,7.66667,35.33333,43.0,29.0,4.33333,9.66667,110.0,0.09092,0.2066,0.50987,0.57875,40.33333,0.43167,0.322,0.712,10.33333,36.0,46.33333,24.0,6.33333,16.33333,103.0,-0.16294,0.29511,0.48721,0.5311,1.0,0
38.33333,0.43433,0.38433,0.85233,10.0,34.0,44.0,20.0,9.66667,14.66667,106.66667,-0.03896,0.28165,0.49499,0.57197,41.0,0.44367,0.30767,0.753,12.66667,34.66667,47.33333,24.33333,8.33333,16.66667,106.0,-0.16254,0.35314,0.4998,0.54989,0.66667,1
36.66667,0.41433,0.255,0.87567,10.33333,34.66667,45.0,22.0,8.66667,13.33333,100.0,-0.07528,0.27277,0.46331,0.53829,37.66667,0.43567,0.30767,0.79633,12.33333,35.0,47.33333,24.33333,8.0,16.0,104.33333,-0.08248,0.39034,0.4892,0.56636,0.66667,0
42.33333,0.462,0.336,0.80867,8.0,31.33333,39.33333,25.66667,9.66667,10.33333,114.66667,-0.0035,0.22222,0.52211,0.59122,42.66667,0.483,0.35867,0.746,9.33333,35.66667,45.0,22.66667,7.66667,13.66667,118.0,0.01862,0.27419,0.55542,0.62652,0.33333,1
38.0,0.46633,0.375,0.753,10.0,28.33333,38.33333,28.0,8.0,15.0,102.66667,-0.01686,0.38384,0.53353,0.59601,39.0,0.46233,0.39767,0.82267,9.0,32.33333,41.33333,22.0,8.33333,16.33333,116.33333,-0.04601,0.26779,0.53318,0.63621,0.66667,0
38.66667,0.40033,0.35667,0.695,10.33333,37.0,47.33333,24.0,9.66667,13.0,103.0,-0.16683,0.24117,0.47221,0.513,32.33333,0.39667,0.30467,0.753,9.33333,37.0,46.33333,21.66667,8.66667,18.0,90.0,-0.12439,0.25697,0.44738,0.51905,0.66667,1
40.0,0.43633,0.36633,0.66733,14.0,34.33333,48.33333,24.66667,4.66667,11.66667,108.0,-0.04559,0.41926,0.51609,0.56188,35.0,0.41633,0.23867,0.72567,9.33333,44.33333,53.66667,18.33333,7.33333,20.0,97.66667,-0.07571,0.29377,0.45647,0.53866,0.66667,0
43.0,0.486,0.28,0.77067,10.66667,37.33333,48.0,24.33333,5.33333,13.66667,115.0,-0.03845,0.32004,0.53164,0.60927,39.66667,0.44067,0.332,0.81467,8.66667,37.66667,46.33333,24.66667,5.66667,12.66667,112.0,-0.02265,0.24484,0.50328,0.5856,0.33333,0
43.0,0.50033,0.414,0.71867,11.0,33.33333,44.33333,26.0,6.66667,13.33333,115.0,0.08795,0.36607,0.58536,0.63571,44.33333,0.469,0.367,0.658,11.0,34.33333,45.33333,24.33333,9.33333,12.33333,121.33333,0.03016,0.30322,0.54618,0.60375,0.33333,0
39.0,0.42433,0.32433,0.81467,13.0,34.0,47.0,23.0,5.33333,12.33333,100.66667,-0.0415,0.35482,0.48933,0.53213,42.0,0.45033,0.36433,0.77067,8.33333,32.33333,40.66667,26.33333,8.33333,11.33333,111.33333,-0.02913,0.21729,0.52959,0.5772,0.66667,1
46.33333,0.49167,0.41,0.767,10.66667,41.0,51.66667,21.33333,9.66667,18.33333,119.66667,0.22591,0.32262,0.55786,0.60802,39.33333,0.45267,0.42,0.84433,8.33333,36.33333,44.66667,21.33333,7.33333,13.0,107.33333,0.04982,0.25029,0.53914,0.5937,0.66667,1
42.33333,0.51167,0.38,0.78467,9.0,32.33333,41.33333,29.0,7.66667,18.0,123.0,0.03107,0.33781,0.58444,0.68302,40.33333,0.47367,0.39533,0.753,10.33333,36.66667,47.0,24.33333,7.0,12.33333,111.33333,0.07344,0.32248,0.54218,0.61317,0.33333,0
42.66667,0.47467,0.34967,0.717,10.0,31.0,41.0,22.66667,5.66667,10.66667,114.33333,0.01005,0.28912,0.53581,0.5988,40.66667,0.44967,0.33067,0.77533,12.0,34.33333,46.33333,24.33333,6.33333,9.33333,118.66667,0.03957,0.3385,0.50854,0.60595,0.33333,0
39.0,0.43633,0.315,0.82933,9.66667,35.33333,45.0,23.33333,8.33333,11.66667,105.66667,-0.053,0.26355,0.49245,0.5611,42.0,0.472,0.35367,0.92467,9.66667,34.66667,44.33333,27.33333,7.66667,13.66667,113.33333,0.07994,0.31445,0.53554,0.60753,0.33333,1
39.33333,0.444,0.37333,0.76467,9.33333,37.33333,46.66667,23.66667,6.0,12.66667,114.33333,-0.00486,0.2332,0.53061,0.60551,45.66667,0.516,0.41133,0.72667,8.33333,34.33333,42.66667,27.33333,9.0,14.66667,120.33333,0.02568,0.24989,0.58959,0.64603,0.66667,0
42.66667,0.503,0.464,0.821,8.33333,37.66667,46.0,26.66667,7.33333,15.33333,124.0,0.18646,0.25437,0.59216,0.68004,38.33333,0.43833,0.309,0.73633,8.33333,34.0,42.33333,16.33333,6.66667,10.66667,99.33333,-0.17657,0.22571,0.48724,0.54283,1.0,0
35.33333,0.43167,0.361,0.77,8.66667,28.66667,37.33333,21.66667,11.66667,16.33333,99.33333,-0.18294,0.25957,0.49879,0.57131,43.33333,0.48167,0.274,0.78433,10.33333,31.66667,42.0,19.66667,7.66667,9.33333,119.33333,0.11655,0.32062,0.52552,0.61599,0.33333,0
44.0,0.47733,0.321,0.74567,12.0,37.66667,49.66667,26.33333,6.66667,14.0,115.66667,0.07304,0.35729,0.53764,0.59767,43.0,0.47667,0.36533,0.754,8.66667,36.66667,45.33333,26.66667,7.0,11.0,115.33333,0.13818,0.25078,0.53233,0.60354,0.33333,1
42.33333,0.469,0.413,0.757,12.0,36.0,48.0,25.0,10.33333,15.0,116.33333,-0.01688,0.34548,0.52801,0.60591,43.66667,0.49833,0.35933,0.79,9.66667,38.33333,48.0,27.0,7.66667,16.66667,116.0,0.11945,0.34197,0.57199,0.62998,0.33333,0
38.66667,0.465,0.38767,0.77467,7.33333,33.0,40.33333,25.33333,9.66667,10.33333,112.0,0.11909,0.2007,0.5435,0.62766,39.66667,0.423,0.33767,0.75833,12.0,39.33333,51.33333,18.66667,9.0,11.66667,108.66667,0.1838,0.32698,0.48151,0.54793,0.0,0
42.0,0.50633,0.331,0.80933,9.33333,42.66667,52.0,26.66667,5.0,14.33333,108.66667,0.23896,0.36838,0.56716,0.6241,46.66667,0.52033,0.463,0.76767,9.66667,34.33333,44.0,26.66667,9.33333,12.66667,123.66667,0.06562,0.30268,0.58937,0.65517,0.66667,0
41.0,0.48833,0.41067,0.76867,7.66667,31.66667,39.33333,26.0,9.66667,14.33333,109.33333,0.02153,0.24365,0.57133,0.62145,40.33333,0.47267,0.36133,0.79333,9.0,34.33333,43.33333,21.66667,4.66667,14.33333,112.66667,-0.15026,0.25526,0.54488,0.62122,0.66667,0
40.66667,0.449,0.334,0.81067,12.0,30.66667,42.66667,24.66667,8.66667,13.33333,111.33333,0.10539,0.32746,0.52157,0.58558,43.33333,0.493,0.402,0.78733,15.33333,30.66667,46.0,24.0,7.66667,14.0,115.33333,-0.00701,0.55769,0.56599,0.62783,0.33333,1
40.66667,0.46667,0.35833,0.79067,11.0,34.66667,45.66667,24.66667,7.66667,13.33333,111.66667,0.01135,0.33108,0.52902,0.60417,42.0,0.48067,0.366,0.91667,7.66667,38.66667,46.33333,27.0,11.66667,14.33333,119.66667,0.14714,0.22935,0.56351,0.64668,0.0,1
44.0,0.50433,0.365,0.86633,10.33333,39.66667,50.0,27.0,4.33333,13.0,114.0,0.16177,0.36433,0.57544,0.6284,39.0,0.45033,0.30533,0.81633,10.33333,37.33333,47.66667,20.0,5.66667,13.0,106.0,-0.04138,0.30622,0.51145,0.58072,0.66667,1
42.66667,0.50933,0.433,0.793,9.0,30.0,39.0,25.33333,5.0,10.0,119.66667,-0.00871,0.32741,0.5838,0.66909,43.33333,0.475,0.35133,0.86767,15.0,32.33333,47.33333,27.0,6.66667,12.0,114.66667,-0.07125,0.49226,0.53387,0.6011,0.66667,1
47.33333,0.52767,0.43067,0.77133,9.0,40.33333,49.33333,26.33333,7.0,13.33333,122.0,0.28326,0.2798,0.60002,0.65104,40.0,0.453,0.33233,0.889,11.33333,36.66667,48.0,25.33333,8.33333,17.0,113.66667,-0.02205,0.32166,0.5385,0.60996,0.66667,1
43.66667,0.49367,0.41367,0.73067,11.0,35.33333,46.33333,27.66667,5.66667,15.0,120.66667,0.06187,0.35114,0.5712,0.64218,43.66667,0.49833,0.42833,0.84433,13.33333,33.66667,47.0,27.0,8.33333,14.0,118.66667,0.17632,0.50079,0.5823,0.64813,0.0,0
40.0,0.455,0.37533,0.75567,10.33333,35.33333,45.66667,20.66667,7.33333,12.33333,111.33333,0.0664,0.31105,0.53646,0.60181,43.0,0.47033,0.28667,0.74567,9.66667,33.66667,43.33333,22.66667,9.66667,13.33333,116.0,-0.06326,0.27,0.52701,0.59982,0.66667,0
42.0,0.473,0.28533,0.78267,11.0,38.33333,49.33333,20.33333,7.33333,17.33333,109.33333,-0.02707,0.33317,0.51967,0.58369,41.33333,0.441,0.27467,0.66867,11.0,32.33333,43.33333,27.0,7.0,14.0,103.33333,-0.19662,0.32222,0.48541,0.52878,1.0,0
41.66667,0.47433,0.38767,0.87067,9.66667,38.66667,48.33333,25.33333,6.66667,12.66667,116.33333,0.12286,0.30496,0.55721,0.62897,41.0,0.47433,0.343,0.75433,11.0,37.33333,48.33333,23.66667,9.0,15.0,109.0,0.12135,0.34827,0.54554,0.60332,0.0,1
40.66667,0.45967,0.341,0.708,8.0,32.33333,40.33333,26.33333,6.33333,12.0,108.0,-0.05681,0.22061,0.51623,0.57631,42.33333,0.46033,0.282,0.696,13.0,31.33333,44.33333,27.66667,5.0,13.0,107.33333,-0.0946,0.41597,0.51265,0.55807,1.0,0
40.66667,0.47167,0.434,0.786,10.33333,36.0,46.33333,25.0,8.66667,14.33333,111.33333,0.14551,0.30112,0.5343,0.61034,40.66667,0.43967,0.28667,0.832,11.0,33.0,44.0,24.33333,7.33333,14.33333,105.0,-0.14542,0.32282,0.49345,0.54726,1.0,0
44.66667,0.473,0.31833,0.78433,10.33333,34.0,44.33333,24.66667,7.0,11.66667,120.33333,-0.04182,0.27519,0.52637,0.60031,45.0,0.52767,0.423,0.75,8.0,34.66667,42.66667,24.33333,7.0,15.33333,121.33333,0.02646,0.23384,0.61428,0.67262,0.33333,1
41.0,0.474,0.376,0.752,13.33333,28.66667,42.0,26.0,8.66667,12.33333,115.0,0.08735,0.4176,0.55531,0.62313,36.33333,0.427,0.33533,0.81133,9.66667,38.33333,48.0,21.33333,8.33333,16.66667,97.66667,-0.00413,0.27951,0.48947,0.54852,0.66667,0
43.66667,0.49,0.37033,0.655,10.0,35.66667,45.66667,23.33333,3.66667,9.66667,113.66667,0.05345,0.30955,0.56289,0.60761,38.0,0.42533,0.30933,0.80533,7.66667,35.33333,43.0,23.66667,5.66667,7.66667,101.33333,-0.05653,0.19775,0.48102,0.54078,1.0,0
39.0,0.391,0.38533,0.66533,12.0,34.0,46.0,25.0,9.66667,11.66667,103.0,-0.16683,0.26823,0.47382,0.50201,42.33333,0.46167,0.379,0.663,9.0,33.33333,42.33333,23.33333,7.0,7.66667,110.33333,-0.09593,0.23155,0.52188,0.57097,0.66667,0
38.33333,0.403,0.334,0.82433,13.66667,42.0,55.66667,22.0,9.33333,15.0,110.0,0.06606,0.36936,0.46276,0.54456,36.33333,0.41167,0.34767,0.74167,7.33333,32.66667,40.0,24.0,9.0,14.0,97.66667,-0.21306,0.18487,0.48342,0.53329,1.0,0
41.66667,0.45933,0.42133,0.80233,9.66667,35.66667,45.33333,23.0,4.33333,13.33333,109.66667,-0.07072,0.26442,0.5296,0.58104,36.0,0.39933,0.271,0.71067,9.33333,38.0,47.33333,18.66667,7.33333,14.0,100.33333,-0.16928,0.22811,0.44991,0.51951,1.0,1
36.66667,0.403,0.301,0.81367,13.33333,32.33333,45.66667,21.66667,7.66667,9.0,100.33333,-0.13545,0.35402,0.46516,0.52635,38.33333,0.44133,0.29367,0.762,8.66667,38.33333,47.0,23.66667,4.66667,15.33333,106.0,-0.12561,0.23622,0.50287,0.57543,0.66667,1
32.33333,0.39033,0.378,0.753,10.66667,39.33333,50.0,22.33333,8.0,13.66667,103.66667,-0.03877,0.27468,0.47457,0.57566,44.66667,0.53767,0.47033,0.811,6.66667,32.33333,39.0,25.0,7.66667,17.0,121.0,0.06399,0.21364,0.63412,0.69258,0.0,0
39.33333,0.44967,0.45933,0.783,11.66667,34.33333,46.0,24.33333,9.33333,14.66667,112.66667,-0.02201,0.33339,0.52214,0.60239,41.66667,0.44867,0.355,0.608,11.33333,37.66667,49.0,23.33333,8.33333,11.66667,112.33333,0.00409,0.30426,0.51835,0.56963,0.33333,1
38.0,0.43867,0.42033,0.88567,10.33333,32.66667,43.0,20.66667,4.0,11.66667,102.0,-0.09581,0.29776,0.51955,0.56925,41.33333,0.467,0.348,0.792,7.66667,37.0,44.66667,21.33333,7.66667,12.33333,111.33333,-0.03531,0.21544,0.53113,0.59827,0.66667,0
39.33333,0.46367,0.371,0.80033,11.33333,41.33333,52.66667,21.33333,5.0,18.66667,110.0,0.02473,0.35631,0.5405,0.61277,41.0,0.476,0.372,0.775,8.0,37.0,45.0,22.66667,6.33333,15.33333,115.66667,0.04428,0.21671,0.56012,0.63255,0.33333,0
44.33333,0.477,0.37133,0.778,11.66667,32.66667,44.33333,24.66667,5.66667,11.66667,118.66667,0.07243,0.35174,0.53927,0.60392,42.33333,0.49667,0.39567,0.65,8.0,35.0,43.0,25.33333,4.33333,13.66667,112.33333,-0.07281,0.22692,0.57927,0.62736,0.66667,1
40.66667,0.44933,0.408,0.84833,9.33333,41.0,50.33333,26.0,6.33333,15.0,110.0,-0.03689,0.25873,0.53175,0.58642,43.0,0.46767,0.446,0.82133,11.33333,36.33333,47.66667,28.0,6.0,10.0,117.33333,0.09457,0.33472,0.53836,0.60567,0.0,1
42.33333,0.441,0.348,0.74867,13.66667,40.33333,54.0,23.66667,6.33333,10.66667,112.66667,0.13687,0.39406,0.50336,0.55972,39.66667,0.44333,0.357,0.88833,10.33333,35.33333,45.66667,26.66667,8.0,14.33333,115.0,0.07956,0.31507,0.51992,0.60537,0.33333,0
44.0,0.47667,0.38033,0.834,8.66667,37.0,45.66667,29.33333,5.33333,10.66667,125.0,0.02498,0.23945,0.56024,0.63904,36.33333,0.431,0.31233,0.84667,7.66667,35.33333,43.0,19.66667,6.33333,13.66667,98.66667,-0.0756,0.21296,0.49615,0.56006,0.33333,1
32.0,0.42733,0.30467,0.686,7.33333,32.33333,39.66667,21.66667,7.0,17.0,94.33333,-0.10744,0.21855,0.49947,0.58423,43.66667,0.477,0.30467,0.69967,12.33333,36.33333,48.66667,25.0,9.33333,11.33333,109.33333,0.13923,0.37494,0.52919,0.57218,0.0,1
37.0,0.41267,0.358,0.86267,13.33333,32.66667,46.0,19.33333,10.0,11.66667,107.0,-0.07194,0.36173,0.47403,0.56105,37.66667,0.45267,0.35467,0.76067,9.0,37.0,46.0,24.33333,7.66667,16.66667,103.33333,-0.0961,0.26407,0.5125,0.58324,0.66667,1
44.33333,0.48667,0.319,0.87733,11.66667,33.0,44.66667,28.0,6.0,12.66667,114.33333,0.03135,0.35712,0.55635,0.60613,38.33333,0.432,0.36233,0.82533,11.66667,30.66667,42.33333,15.33333,5.66667,12.66667,100.0,-0.24451,0.32074,0.48395,0.54064,1.0,0
40.33333,0.45033,0.308,0.69867,12.0,36.33333,48.33333,22.33333,10.33333,12.66667,106.0,0.14645,0.34499,0.49913,0.55924,39.33333,0.43933,0.221,0.79367,12.0,31.0,43.0,17.0,6.33333,11.66667,110.0,0.00079,0.35485,0.47639,0.5701,0.66667,0
35.66667,0.428,0.356,0.70033,8.66667,33.0,41.66667,22.0,10.0,15.33333,98.33333,-0.08794,0.24648,0.49244,0.5562,40.33333,0.444,0.34467,0.76,9.66667,34.33333,44.0,19.33333,5.33333,11.0,110.0,-0.14943,0.28067,0.50261,0.57282,1.0,0
40.33333,0.48567,0.35067,0.739,11.66667,33.33333,45.0,26.0,6.33333,15.66667,113.33333,0.05446,0.40681,0.56525,0.63759,42.33333,0.457,0.32567,0.778,9.66667,35.0,44.66667,27.66667,6.33333,14.66667,113.33333,-0.09232,0.24992,0.52627,0.58367,0.66667,0
43.66667,0.44867,0.39,0.68133,13.0,40.33333,53.33333,19.33333,7.66667,13.66667,117.66667,0.12451,0.33725,0.53077,0.57748,37.0,0.436,0.29967,0.75,11.66667,39.0,50.66667,19.66667,6.0,15.33333,98.33333,-0.00086,0.34265,0.49781,0.55427,0.33333,0
40.0,0.41067,0.26167,0.638,14.0,36.33333,50.33333,23.66667,9.66667,10.0,104.33333,0.01914,0.33529,0.44553,0.50377,42.0,0.46167,0.31467,0.79967,9.0,35.66667,44.66667,22.0,9.0,9.66667,115.0,0.10139,0.25733,0.51742,0.59368,0.33333,0
41.33333,0.492,0.372,0.734,9.66667,36.66667,46.33333,26.33333,7.33333,13.66667,114.66667,0.13519,0.32444,0.57324,0.64049,46.0,0.49567,0.314,0.74067,15.0,28.66667,43.66667,25.0,8.0,12.66667,114.0,-0.04541,0.52173,0.53885,0.58833,0.33333,1
40.33333,0.44033,0.31733,0.72067,14.33333,29.33333,43.66667,22.0,10.0,14.66667,105.66667,0.04572,0.42085,0.49855,0.55267,42.33333,0.491,0.367,0.822,11.33333,32.66667,44.0,29.0,6.33333,15.66667,112.33333,-0.00379,0.39506,0.5677,0.62233,0.66667,1
38.33333,0.403,0.29367,0.77567,13.66667,47.0,60.66667,23.66667,7.66667,16.0,107.66667,0.04447,0.3396,0.45567,0.53245,41.66667,0.456,0.37667,0.802,11.0,31.66667,42.66667,24.0,7.33333,12.66667,116.0,0.065,0.32335,0.53654,0.60322,0.33333,1
38.66667,0.45467,0.298,0.792,10.33333,33.33333,43.66667,24.33333,7.66667,13.66667,103.66667,-0.03318,0.3114,0.50214,0.57562,40.33333,0.44167,0.25267,0.79367,9.66667,37.66667,47.33333,21.66667,10.0,12.0,113.0,0.03553,0.24992,0.48516,0.57658,0.33333,1
41.33333,0.50333,0.39333,0.77533,8.0,32.33333,40.33333,23.66667,5.33333,11.33333,116.33333,0.01885,0.30263,0.57942,0.66285,42.33333,0.47667,0.326,0.78967,9.66667,39.0,48.66667,23.0,9.66667,12.33333,114.0,0.19167,0.31085,0.53883,0.60885,0.0,1
41.33333,0.49533,0.438,0.78833,10.33333,34.33333,44.66667,30.66667,6.0,13.0,116.0,0.11294,0.39603,0.57956,0.65324,39.33333,0.45267,0.319,0.809,13.66667,34.0,47.66667,25.0,7.33333,16.33333,107.33333,-0.02476,0.44081,0.52283,0.58567,0.66667,0
39.33333,0.416,0.40733,0.697,10.66667,37.0,47.66667,23.0,8.0,13.0,104.66667,-0.12478,0.26762,0.50039,0.53648,42.0,0.50233,0.36333,0.889,9.66667,37.33333,47.0,27.0,10.0,20.0,116.0,0.06179,0.30991,0.58328,0.65635,0.33333,1
42.0,0.46033,0.39067,0.692,14.33333,39.0,53.33333,26.66667,5.33333,12.33333,112.33333,0.09767,0.44889,0.54412,0.58863,41.0,0.43333,0.271,0.68467,12.33333,30.0,42.33333,28.33333,8.66667,15.0,107.0,-0.26681,0.33748,0.48055,0.53625,1.0,1
40.66667,0.477,0.35833,0.87533,7.66667,34.66667,42.33333,22.66667,6.66667,12.0,113.33333,0.07023,0.24515,0.55028,0.62877,42.0,0.51967,0.37733,0.80533,10.0,38.33333,48.33333,25.0,7.0,17.33333,112.0,0.14059,0.35939,0.58183,0.65348,0.0,1
39.33333,0.431,0.29533,0.76533,13.0,31.0,44.0,22.66667,9.66667,13.33333,103.66667,-0.0875,0.37387,0.48396,0.54178,43.33333,0.50367,0.33533,0.77067,10.66667,34.33333,45.0,28.66667,5.0,14.33333,112.0,-0.02231,0.35125,0.56978,0.62222,0.66667,0
39.33333,0.47567,0.413,0.74033,10.0,30.66667,40.66667,20.66667,9.0,13.66667,112.0,0.01423,0.33169,0.55885,0.63342,43.0,0.48167,0.36833,0.84033,14.0,31.33333,45.33333,26.33333,7.33333,12.33333,113.33333,-0.01737,0.46836,0.53647,0.60531,0.33333,1
40.0,0.451,0.44,0.79333,11.0,35.33333,46.33333,23.0,8.66667,13.33333,118.33333,0.01145,0.29557,0.52289,0.61701,39.66667,0.44367,0.327,0.81767,8.66667,34.66667,43.33333,25.66667,6.33333,13.66667,106.33333,-0.1166,0.24279,0.49669,0.57027,1.0,0
44.0,0.46267,0.292,0.81933,11.0,34.33333,45.33333,23.66667,6.33333,11.66667,118.66667,-0.10829,0.27972,0.51036,0.5885,42.66667,0.50433,0.35433,0.71733,8.33333,32.33333,40.66667,26.33333,6.33333,13.66667,115.33333,-0.05277,0.24514,0.56732,0.63666,0.33333,0
38.0,0.447,0.37933,0.81767,10.33333,31.33333,41.66667,25.0,11.0,10.66667,110.66667,0.15956,0.28695,0.52988,0.61102,42.0,0.46433,0.25933,0.82967,13.66667,34.33333,48.0,27.0,5.66667,12.66667,112.0,-0.07025,0.46641,0.51008,0.58488,0.66667,1
42.66667,0.44733,0.37233,0.86433,9.0,35.33333,44.33333,31.66667,6.33333,11.33333,117.33333,-0.01497,0.24312,0.52785,0.5906,36.66667,0.41567,0.27567,0.82767,9.66667,35.33333,45.0,21.66667,4.66667,9.66667,101.0,-0.0977,0.25596,0.4703,0.54169,1.0,0
38.66667,0.47733,0.36167,0.87967,6.0,32.0,38.0,19.66667,5.66667,13.0,108.33333,-0.07507,0.18994,0.55556,0.63297,36.33333,0.43133,0.28233,0.75867,9.33333,35.66667,45.0,19.66667,7.33333,13.66667,101.0,-0.08422,0.26382,0.48103,0.55916,0.66667,1
32.0,0.36,0.339,0.77067,10.66667,38.33333,49.0,20.33333,8.33333,11.33333,100.66667,-0.06504,0.24446,0.42354,0.52679,44.66667,0.48633,0.38667,0.77867,9.66667,39.0,48.66667,27.0,7.33333,10.66667,124.0,0.0973,0.27143,0.56301,0.63481,0.33333,0
39.33333,0.45567,0.34833,0.763,9.0,35.0,44.0,27.0,7.0,10.33333,110.0,0.05973,0.24209,0.52731,0.60205,44.0,0.474,0.37333,0.56533,10.66667,35.33333,46.0,26.33333,8.0,11.66667,112.33333,-0.03658,0.29658,0.5432,0.57692,0.33333,0
43.33333,0.443,0.34167,0.82467,13.66667,37.66667,51.33333,26.33333,7.33333,12.0,119.33333,0.08454,0.37021,0.51022,0.58061,39.66667,0.456,0.367,0.781,11.66667,35.33333,47.0,22.33333,6.0,13.33333,107.66667,0.01215,0.3489,0.5239,0.58678,0.66667,0
36.33333,0.43633,0.32067,0.797,10.66667,38.66667,49.33333,22.33333,7.0,16.66667,103.33333,-0.02062,0.3198,0.49833,0.58254,39.66667,0.44233,0.268,0.76867,8.66667,38.0,46.66667,25.33333,11.66667,14.33333,114.0,0.03531,0.231,0.50017,0.59076,0.33333,1
36.33333,0.391,0.322,0.86,14.66667,34.33333,49.0,20.0,8.33333,10.33333,104.0,-0.0607,0.39675,0.44827,0.52966,34.66667,0.41933,0.28133,0.80567,9.33333,39.33333,48.66667,20.0,8.33333,17.66667,94.33333,-0.06687,0.27793,0.47185,0.54165,0.66667,1
42.0,0.46133,0.33667,0.741,11.66667,32.0,43.66667,23.66667,8.0,15.0,112.66667,-0.0047,0.33917,0.51404,0.58194,41.33333,0.48667,0.30867,0.64833,8.33333,30.0,38.33333,25.0,5.66667,13.66667,107.33333,-0.13517,0.21924,0.54777,0.5977,0.66667,1
42.66667,0.492,0.354,0.74767,11.66667,32.33333,44.0,26.0,8.0,14.33333,109.66667,0.10976,0.36406,0.56931,0.60966,46.0,0.48333,0.42567,0.82533,10.33333,39.0,49.33333,27.33333,6.0,9.33333,124.0,0.14613,0.30972,0.55004,0.61886,0.0,0
39.33333,0.42133,0.44133,0.79,12.0,37.66667,49.66667,26.0,7.0,13.0,108.66667,-0.04,0.30952,0.5127,0.56282,39.0,0.43867,0.31,0.83033,9.0,34.33333,43.33333,26.0,9.33333,16.33333,112.66667,-0.07077,0.2496,0.50231,0.59242,0.66667,1
34.33333,0.44233,0.36667,0.67033,9.33333,36.66667,46.0,25.66667,5.33333,18.0,98.66667,-0.04268,0.29256,0.52839,0.59596,39.33333,0.41733,0.346,0.82333,12.33333,35.0,47.33333,18.66667,4.0,12.0,106.0,-0.06063,0.33614,0.49007,0.54252,0.66667,1
39.66667,0.494,0.33967,0.84967,8.0,32.66667,40.66667,26.33333,6.0,14.33333,114.0,-0.01189,0.26962,0.56405,0.6594,35.66667,0.42667,0.318,0.82533,10.33333,30.0,40.33333,17.33333,6.33333,15.33333,92.33333,-0.30159,0.28817,0.46815,0.5286,1.0,0
40.0,0.44,0.33,0.77167,12.33333,34.0,46.33333,22.0,6.0,8.66667,106.66667,-0.08789,0.34431,0.50215,0.55842,38.0,0.42267,0.22133,0.69767,11.33333,36.66667,48.0,18.0,6.0,15.33333,103.0,-0.12603,0.29799,0.46124,0.53519,1.0,1
41.66667,0.48167,0.35767,0.74467,11.66667,35.0,46.66667,24.33333,7.33333,14.66667,107.33333,-0.03274,0.36111,0.53793,0.59119,42.0,0.465,0.274,0.77,11.0,35.66667,46.66667,23.0,6.66667,9.33333,118.33333,0.00704,0.31617,0.51237,0.60554,0.33333,1
38.66667,0.45933,0.374,0.68567,10.33333,33.66667,44.0,21.66667,9.66667,13.66667,104.0,0.04476,0.32255,0.52111,0.58294,36.0,0.38,0.32233,0.79767,9.66667,39.33333,49.0,21.33333,7.0,10.0,108.0,-0.1537,0.2074,0.44524,0.53391,1.0,0
39.0,0.451,0.42533,0.826,11.0,35.0,46.0,26.0,9.33333,14.33333,107.66667,-0.00691,0.32042,0.5117,0.58945,41.66667,0.46967,0.287,0.78067,10.0,33.33333,43.33333,24.33333,6.0,14.66667,111.66667,-0.13289,0.27301,0.52243,0.59433,0.66667,1
40.66667,0.44733,0.38933,0.78267,11.33333,44.0,55.33333,21.0,8.0,15.0,115.33333,0.13861,0.30474,0.5246,0.59694,41.0,0.45167,0.399,0.809,10.0,34.0,44.0,19.0,5.66667,12.0,106.66667,-0.13029,0.2938,0.52344,0.56627,1.0,0
43.33333,0.477,0.334,0.81067,10.33333,33.33333,43.66667,24.0,5.0,8.33333,112.66667,-0.11222,0.2952,0.53244,0.59116,38.0,0.42033,0.26267,0.86467,5.33333,36.0,41.33333,22.66667,11.0,11.33333,103.33333,-0.0903,0.12532,0.47447,0.54236,0.66667,1
43.0,0.466,0.31367,0.71567,13.33333,31.0,44.33333,24.0,7.33333,10.33333,110.66667,0.04147,0.40467,0.52382,0.57522,38.0,0.41067,0.30667,0.759,10.0,33.33333,43.33333,20.0,7.33333,14.33333,99.66667,-0.21611,0.24725,0.45911,0.5216,1.0,0
41.66667,0.46733,0.40567,0.75133,11.0,36.66667,47.66667,26.0,9.0,14.0,112.0,0.05817,0.30931,0.52063,0.59403,42.33333,0.463,0.38033,0.80333,14.0,30.66667,44.66667,27.0,9.0,12.66667,116.0,0.14245,0.42289,0.5418,0.60501,0.0,1
42.66667,0.466,0.289,0.70167,12.0,32.66667,44.66667,24.33333,5.33333,11.0,108.66667,-0.11025,0.35675,0.51496,0.56592,45.0,0.438,0.364,0.78067,13.0,41.0,54.0,25.0,6.66667,9.0,119.33333,0.05912,0.32185,0.5071,0.55901,0.66667,1
38.66667,0.46767,0.41633,0.794,6.66667,31.33333,38.0,29.0,7.66667,13.66667,117.33333,-0.04775,0.18948,0.56774,0.65721,44.0,0.51133,0.35833,0.839,7.0,39.0,46.0,25.66667,8.0,14.66667,114.33333,0.12146,0.21306,0.5733,0.6347,0.0,1
41.0,0.45,0.336,0.80333,10.33333,30.66667,41.0,20.0,4.66667,10.66667,114.66667,-0.15196,0.28374,0.5146,0.59147,39.66667,0.42267,0.26633,0.73833,11.66667,37.0,48.66667,27.33333,8.33333,12.0,111.33333,-0.11654,0.28719,0.47532,0.55347,0.66667,1
36.33333,0.43333,0.331,0.74333,10.66667,31.66667,42.33333,22.66667,8.66667,13.66667,102.33333,-0.06845,0.30096,0.4944,0.57099,44.33333,0.47233,0.42333,0.72833,9.33333,32.33333,41.66667,21.33333,8.0,11.0,122.66667,-0.07635,0.25624,0.55225,0.61573,0.66667,1
38.66667,0.45033,0.376,0.749,11.33333,30.66667,42.0,19.66667,7.33333,12.66667,115.0,-0.05916,0.33008,0.53297,0.62011,37.66667,0.42833,0.323,0.799,11.0,35.0,46.0,20.33333,5.0,13.0,101.0,-0.06163,0.3099,0.49548,0.5488,0.66667,1
44.33333,0.46833,0.30067,0.78967,11.66667,34.66667,46.33333,25.66667,7.0,10.66667,115.66667,-0.01913,0.29681,0.51623,0.58051,42.33333,0.45067,0.31533,0.75533,12.66667,35.33333,48.0,23.33333,9.0,14.33333,110.33333,-0.01541,0.33801,0.50435,0.55953,0.33333,1
39.0,0.416,0.267,0.761,13.33333,43.66667,57.0,19.66667,6.0,16.33333,104.33333,-0.06082,0.33774,0.46169,0.52591,46.66667,0.51133,0.407,0.70667,11.0,35.33333,46.33333,27.0,9.0,12.66667,121.33333,0.03839,0.32132,0.57533,0.63081,0.66667,0
40.66667,0.502,0.30767,0.893,8.66667,33.0,41.66667,23.66667,5.66667,12.33333,115.33333,0.06644,0.29992,0.56936,0.66457,35.66667,0.40433,0.26567,0.84133,9.0,34.0,43.0,21.0,5.66667,9.33333,95.66667,-0.12159,0.22855,0.45906,0.51956,1.0,0
37.66667,0.47533,0.38567,0.80533,7.66667,32.0,39.66667,28.66667,8.0,19.66667,111.0,-0.12531,0.24986,0.5679,0.65371,40.0,0.461,0.33367,0.77067,9.33333,36.33333,45.66667,22.0,6.66667,13.33333,107.66667,0.01848,0.26382,0.51796,0.58541,0.33333,1
45.66667,0.49467,0.33767,0.76067,11.0,31.66667,42.66667,24.33333,4.33333,9.0,116.33333,-0.0982,0.32196,0.54334,0.59974,43.0,0.492,0.42333,0.68467,8.33333,32.66667,41.0,23.33333,6.66667,12.33333,116.0,-0.11541,0.23772,0.57762,0.62878,0.66667,0
37.0,0.438,0.33267,0.87767,7.33333,37.33333,44.66667,20.66667,7.0,13.0,103.66667,-0.07931,0.1981,0.49731,0.58097,34.66667,0.40267,0.301,0.69567,10.33333,33.0,43.33333,19.0,7.33333,17.0,95.0,-0.29888,0.26837,0.44702,0.52248,1.0,1
41.66667,0.47067,0.39067,0.77067,7.0,35.33333,42.33333,27.66667,5.0,8.33333,116.66667,0.12857,0.19731,0.53295,0.61461,44.66667,0.493,0.36067,0.79967,12.66667,31.33333,44.0,23.33333,7.66667,9.0,115.33333,0.0302,0.40417,0.54496,0.60591,0.33333,0
41.66667,0.448,0.37233,0.80867,8.66667,33.0,41.66667,24.0,8.66667,14.66667,113.33333,-0.06357,0.25055,0.51369,0.57858,38.66667,0.44333,0.36733,0.85667,9.33333,33.33333,42.66667,22.66667,7.66667,12.0,109.0,-0.1113,0.25223,0.52772,0.5941,0.66667,1
41.66667,0.473,0.36533,0.78333,11.0,41.33333,52.33333,29.0,10.66667,19.0,114.0,0.18745,0.32116,0.54422,0.61219,43.66667,0.45933,0.469,0.811,10.0,38.66667,48.66667,24.66667,6.33333,9.0,118.66667,0.10238,0.27522,0.53921,0.59796,0.33333,0
42.33333,0.508,0.38567,0.85467,8.33333,31.66667,40.0,29.66667,6.33333,11.66667,119.33333,0.0971,0.29235,0.58161,0.67011,43.0,0.513,0.41167,0.744,7.33333,37.0,44.33333,27.0,7.0,17.33333,115.33333,0.00407,0.20949,0.59935,0.65347,0.33333,1
44.0,0.464,0.4,0.74367,9.0,38.66667,47.66667,31.66667,5.33333,9.33333,114.66667,0.07249,0.25427,0.55243,0.58629,35.33333,0.41,0.30633,0.784,10.0,32.33333,42.33333,19.33333,9.0,14.33333,100.0,-0.01134,0.2779,0.47208,0.54735,0.66667,1
44.0,0.47467,0.377,0.636,11.33333,36.33333,47.66667,27.33333,4.0,9.66667,114.0,0.07443,0.35122,0.55219,0.59009,39.0,0.45367,0.33,0.84667,9.66667,33.33333,43.0,20.66667,6.66667,16.66667,104.33333,-0.01515,0.31512,0.51962,0.58209,0.33333,1
38.66667,0.45367,0.32067,0.75033,9.33333,32.33333,41.66667,21.33333,7.33333,13.0,103.66667,-0.10628,0.2885,0.51742,0.57746,39.66667,0.46267,0.351,0.77333,9.33333,29.0,38.33333,19.33333,4.0,13.0,99.0,-0.27616,0.26114,0.5153,0.5579,1.0,0
46.33333,0.50967,0.41233,0.74233,12.66667,35.66667,48.33333,29.66667,5.33333,14.0,124.0,0.16983,0.42765,0.59829,0.65014,34.66667,0.38667,0.26733,0.73833,12.0,36.66667,48.66667,19.33333,7.0,12.66667,94.33333,-0.10137,0.29785,0.44727,0.50369,0.66667,0
41.0,0.47267,0.35567,0.80167,11.33333,29.33333,40.66667,22.66667,7.66667,16.66667,106.33333,-0.19925,0.37312,0.53618,0.58744,40.66667,0.447,0.26333,0.703,12.33333,39.33333,51.66667,20.0,6.0,15.0,107.33333,-0.02676,0.35514,0.49279,0.55573,0.66667,0
39.66667,0.45067,0.35533,0.832,9.66667,33.66667,43.33333,32.0,9.33333,17.33333,114.33333,-0.08429,0.29271,0.53593,0.61224,43.33333,0.49233,0.31933,0.77633,12.33333,34.33333,46.66667,24.33333,9.33333,13.66667,122.66667,0.10835,0.40506,0.55252,0.64396,0.33333,1
41.66667,0.48233,0.41867,0.67267,9.0,39.33333,48.33333,21.0,6.66667,12.0,112.0,0.09524,0.27498,0.54777,0.60752,38.0,0.45567,0.316,0.73133,7.33333,33.33333,40.66667,22.0,9.66667,16.66667,99.33333,-0.19175,0.16935,0.50473,0.56301,0.66667,1
41.66667,0.483,0.383,0.75467,12.0,39.66667,51.66667,22.66667,6.33333,14.33333,113.66667,0.15767,0.36416,0.55403,0.62128,42.66667,0.46333,0.37733,0.74667,12.33333,39.33333,51.66667,24.33333,7.33333,14.33333,116.0,-0.00444,0.33678,0.51823,0.59317,0.33333,1
38.0,0.40867,0.31967,0.82,8.66667,39.66667,48.33333,24.0,7.0,15.66667,101.66667,-0.22002,0.19302,0.47268,0.52758,40.66667,0.44933,0.284,0.87767,5.0,33.0,38.0,22.66667,10.0,9.0,105.66667,-0.07921,0.1332,0.50708,0.56068,0.66667,1
46.0,0.48233,0.37767,0.77867,10.0,40.33333,50.33333,29.33333,6.66667,11.66667,116.33333,0.18235,0.27947,0.55395,0.59079,44.33333,0.47633,0.38067,0.72867,13.66667,34.0,47.66667,30.0,9.0,10.0,112.0,0.13856,0.41097,0.54377,0.58099,0.0,1
38.66667,0.46767,0.351,0.79233,11.33333,33.66667,45.0,27.0,7.0,15.0,111.66667,0.07469,0.38339,0.5336,0.62527,38.66667,0.43933,0.42767,0.759,11.0,32.0,43.0,18.0,6.66667,13.0,105.66667,-0.12754,0.31946,0.51132,0.56726,1.0,0
45.66667,0.489,0.29067,0.699,13.66667,30.66667,44.33333,25.33333,8.33333,9.66667,114.33333,0.07486,0.42588,0.53402,0.58391,44.66667,0.48867,0.39633,0.742,10.66667,35.0,45.66667,28.66667,9.33333,11.66667,124.0,0.04655,0.28439,0.55804,0.63137,0.66667,0
45.0,0.511,0.42033,0.76233,8.66667,43.66667,52.33333,27.66667,7.0,12.66667,124.33333,0.35152,0.28272,0.60255,0.66687,44.0,0.46833,0.38,0.81133,14.0,31.0,45.0,27.33333,10.0,12.0,118.0,0.13747,0.42289,0.54074,0.59967,0.0,1
45.0,0.49133,0.39433,0.70633,9.66667,30.66667,40.33333,25.0,4.33333,11.33333,115.0,-0.16332,0.29568,0.56807,0.60502,38.66667,0.458,0.32067,0.583,7.66667,27.0,34.66667,21.0,8.0,14.33333,93.66667,-0.31738,0.20976,0.50783,0.5387,1.0,0
39.66667,0.45533,0.36567,0.77467,9.0,31.66667,40.66667,29.66667,9.0,13.33333,112.33333,-0.04794,0.24193,0.54026,0.6063,42.0,0.45033,0.338,0.772,11.33333,40.0,51.33333,20.33333,9.0,12.0,117.66667,0.10116,0.31675,0.51083,0.58995,0.0,0
46.33333,0.48567,0.413,0.77967,12.66667,37.33333,50.0,25.0,12.0,14.33333,122.0,0.08069,0.37851,0.54088,0.60792,42.66667,0.482,0.28533,0.77767,12.33333,28.0,40.33333,22.0,9.0,13.33333,108.33333,-0.06943,0.38562,0.52611,0.58359,0.33333,1
40.66667,0.45,0.418,0.712,11.0,38.33333,49.33333,26.33333,7.66667,14.66667,109.0,0.15564,0.31147,0.52805,0.57758,45.66667,0.50233,0.39867,0.74,10.33333,35.0,45.33333,26.0,9.66667,12.0,128.0,0.03135,0.2881,0.56993,0.65071,0.66667,0
44.0,0.45067,0.34933,0.79367,13.0,37.66667,50.66667,24.66667,7.66667,11.0,118.33333,0.1309,0.36222,0.52172,0.57913,39.0,0.43567,0.41467,0.798,9.0,32.33333,41.33333,25.0,8.0,17.0,111.66667,-0.16433,0.23434,0.52702,0.59229,1.0,0
41.33333,0.44567,0.38,0.78167,9.66667,34.0,43.66667,24.33333,6.33333,12.0,109.0,-0.06371,0.24436,0.51038,0.56323,40.66667,0.43167,0.30333,0.738,13.33333,37.0,50.33333,25.0,10.33333,14.0,116.66667,-0.03772,0.34232,0.49328,0.57544,0.33333,1
37.33333,0.45067,0.38833,0.824,8.0,31.66667,39.66667,21.0,5.0,13.66667,102.66667,-0.11996,0.22637,0.52928,0.59175,38.33333,0.451,0.303,0.72867,10.33333,36.0,46.33333,23.66667,5.66667,14.0,100.33333,-0.08071,0.30535,0.51443,0.56506,0.66667,1
41.0,0.49033,0.40733,0.72867,8.0,38.0,46.0,26.33333,4.33333,10.66667,114.0,0.21124,0.25537,0.55826,0.63422,42.0,0.489,0.308,0.84633,10.66667,34.33333,45.0,26.33333,6.33333,11.0,114.33333,0.00883,0.37367,0.54797,0.6269,0.33333,0
38.66667,0.47633,0.364,0.70233,10.66667,33.66667,44.33333,25.33333,7.33333,16.33333,110.33333,-0.05726,0.3467,0.54551,0.6261,42.66667,0.47467,0.32,0.71,11.33333,32.66667,44.0,21.66667,7.66667,7.66667,110.66667,-0.06053,0.33075,0.52611,0.58234,0.66667,1
42.33333,0.46267,0.33767,0.77933,10.33333,32.0,42.33333,26.66667,8.66667,8.66667,115.0,0.02685,0.26958,0.51916,0.59182,37.0,0.455,0.384,0.73367,7.66667,28.33333,36.0,21.33333,9.66667,10.33333,105.0,0.00471,0.22855,0.535,0.60543,0.33333,1
46.0,0.52367,0.41667,0.78367,9.33333,35.0,44.33333,28.33333,15.0,16.66667,126.0,0.30641,0.30824,0.61076,0.67718,41.0,0.43767,0.303,0.83333,10.0,33.33333,43.33333,23.33333,8.0,11.0,108.0,-0.09428,0.267,0.50176,0.55529,1.0,0
45.0,0.52867,0.469,0.76133,9.33333,37.33333,46.66667,27.0,7.0,14.33333,126.66667,0.25313,0.32559,0.6292,0.69882,35.66667,0.39633,0.35667,0.83467,7.33333,36.66667,44.0,19.66667,10.0,10.0,107.33333,-0.09469,0.16685,0.47054,0.55888,1.0,0
38.0,0.45567,0.389,0.741,10.66667,39.33333,50.0,22.66667,5.33333,11.66667,109.33333,0.15883,0.3132,0.52144,0.60661,45.66667,0.53567,0.42467,0.72767,9.33333,35.66667,45.0,30.0,6.66667,17.33333,121.66667,0.13897,0.31001,0.62236,0.67822,0.33333,1
42.0,0.47667,0.36767,0.81,8.66667,36.66667,45.33333,26.0,7.66667,14.0,109.33333,0.00747,0.24874,0.54435,0.59936,41.0,0.458,0.36833,0.74533,9.66667,31.33333,41.0,25.0,8.33333,13.0,111.66667,-0.15675,0.24801,0.52148,0.58501,1.0,0
37.33333,0.424,0.28833,0.808,8.0,32.66667,40.66667,22.0,10.66667,14.33333,105.33333,-0.13633,0.22138,0.47544,0.56163,40.0,0.451,0.333,0.828,10.0,34.66667,44.66667,20.0,5.66667,15.33333,115.0,-0.0234,0.27615,0.53426,0.61188,0.66667,0
40.66667,0.46567,0.381,0.741,8.0,37.66667,45.66667,27.33333,4.66667,11.33333,109.33333,0.01534,0.24635,0.5441,0.59765,44.33333,0.467,0.36933,0.71567,10.33333,29.0,39.33333,22.33333,11.0,12.33333,124.33333,-0.07295,0.28216,0.53504,0.61005,0.66667,1
41.33333,0.44933,0.32333,0.62767,12.66667,45.0,57.66667,24.66667,9.33333,15.0,109.33333,0.16836,0.32632,0.49672,0.55525,41.66667,0.447,0.379,0.78367,9.0,32.66667,41.66667,24.66667,5.66667,6.66667,108.66667,-0.08178,0.23155,0.51116,0.55964,0.66667,1
44.33333,0.50067,0.39433,0.80067,11.66667,36.0,47.66667,28.33333,9.0,14.66667,123.33333,0.25513,0.40005,0.58361,0.65587,42.66667,0.52733,0.385,0.742,9.33333,34.66667,44.0,25.66667,8.0,15.66667,109.66667,0.09848,0.33333,0.58976,0.64589,0.0,0
40.33333,0.49567,0.362,0.66667,8.0,38.0,46.0,25.33333,6.66667,14.0,105.0,0.12534,0.26198,0.56102,0.61098,42.33333,0.47367,0.29567,0.68,10.66667,36.33333,47.0,20.66667,7.0,15.33333,109.33333,-0.02985,0.3183,0.52401,0.57863,0.66667,0
40.66667,0.48167,0.36167,0.71033,11.0,36.0,47.0,26.33333,7.0,15.33333,117.0,0.01988,0.3557,0.55618,0.63908,43.0,0.48867,0.32633,0.78,11.0,31.0,42.0,25.33333,11.33333,14.0,122.66667,0.10006,0.36227,0.5489,0.64308,0.33333,0
40.66667,0.461,0.41567,0.71533,11.0,37.0,48.0,21.0,5.66667,12.0,111.66667,0.01916,0.33896,0.53467,0.59568,43.66667,0.45933,0.349,0.865,14.33333,31.0,45.33333,21.66667,11.0,11.33333,122.33333,0.05789,0.42593,0.51816,0.60221,0.0,0
40.66667,0.439,0.301,0.78367,11.0,32.33333,43.33333,20.66667,6.0,12.0,113.0,-0.15716,0.30068,0.49699,0.5728,42.0,0.51067,0.34467,0.73367,6.66667,34.66667,41.33333,24.33333,6.33333,13.33333,113.33333,0.01907,0.1982,0.57275,0.6438,0.33333,0
41.0,0.452,0.34867,0.683,12.66667,41.0,53.66667,22.0,6.66667,12.66667,109.66667,0.06682,0.34522,0.51044,0.5716,37.0,0.46033,0.37733,0.71233,7.0,31.33333,38.33333,23.0,10.33333,10.0,102.66667,0.0815,0.20622,0.535,0.6001,0.0,0
36.0,0.42933,0.344,0.69467,12.0,38.66667,50.66667,22.0,4.66667,12.66667,99.0,0.09995,0.34588,0.48321,0.55291,41.0,0.44533,0.35667,0.80033,5.33333,37.33333,42.66667,24.0,10.66667,13.33333,107.0,0.02767,0.14478,0.52118,0.5613,0.33333,1
42.66667,0.494,0.36667,0.806,10.0,31.0,41.0,27.33333,7.33333,13.0,111.66667,0.05624,0.30659,0.58389,0.62589,38.33333,0.451,0.373,0.81667,8.33333,35.66667,44.0,21.33333,7.0,15.0,109.66667,0.05741,0.23894,0.5339,0.6094,0.33333,0
38.0,0.39333,0.29,0.85033,8.66667,38.0,46.66667,22.0,8.33333,15.33333,101.33333,-0.26791,0.17941,0.45387,0.50624,44.33333,0.48433,0.42467,0.64333,13.66667,31.66667,45.33333,30.0,8.0,9.66667,111.0,0.17464,0.42613,0.5533,0.58584,0.0,1
38.33333,0.47333,0.34067,0.85467,10.33333,32.66667,43.0,26.66667,7.66667,14.0,104.0,0.06819,0.34223,0.52867,0.60471,39.0,0.40167,0.31567,0.81933,11.0,36.33333,47.33333,20.66667,6.0,8.66667,114.33333,-0.1637,0.24325,0.465,0.55274,1.0,0
46.0,0.49933,0.32233,0.72867,12.0,34.66667,46.66667,28.33333,8.0,8.33333,119.66667,0.19208,0.35333,0.5609,0.61635,38.0,0.431,0.412,0.83367,8.66667,33.0,41.66667,23.33333,6.0,16.0,111.0,-0.18101,0.22481,0.52164,0.59585,1.0,0
46.0,0.52767,0.465,0.806,7.0,34.66667,41.66667,30.0,10.0,16.66667,129.66667,0.1691,0.22262,0.62881,0.70055,43.33333,0.47967,0.38433,0.836,10.33333,33.66667,44.0,25.0,10.0,11.66667,113.0,0.17437,0.30413,0.54556,0.6005,0.0,1
45.33333,0.48867,0.417,0.70767,11.33333,35.0,46.33333,23.33333,4.66667,11.0,120.0,-0.02326,0.35193,0.5754,0.61988,40.66667,0.458,0.35667,0.78467,9.33333,31.33333,40.66667,20.33333,5.66667,11.33333,110.66667,-0.13705,0.26555,0.52741,0.59135,0.66667,1
40.66667,0.444,0.40067,0.838,13.0,32.66667,45.66667,29.33333,9.66667,14.66667,117.33333,0.02478,0.39519,0.52711,0.60351,45.66667,0.487,0.37167,0.792,10.0,31.0,41.0,20.66667,9.33333,12.0,128.66667,0.00576,0.28535,0.55027,0.63715,0.33333,1
41.0,0.504,0.398,0.72867,10.0,36.0,46.0,25.33333,7.0,15.33333,108.0,0.13435,0.33168,0.58845,0.63507,42.33333,0.49167,0.316,0.77367,10.33333,33.66667,44.0,25.0,6.0,13.33333,110.0,-0.02865,0.33538,0.55589,0.61057,0.66667,0
40.66667,0.49767,0.34267,0.86467,7.0,36.33333,43.33333,24.66667,6.66667,15.33333,114.66667,0.06679,0.22222,0.58086,0.66072,44.33333,0.48333,0.30333,0.81467,12.0,34.0,46.0,23.66667,8.66667,15.66667,113.33333,0.08422,0.37258,0.52947,0.58901,0.0,0
39.33333,0.45633,0.36133,0.69933,10.66667,39.0,49.66667,25.33333,7.33333,17.66667,106.33333,0.18036,0.30714,0.53202,0.58656,39.66667,0.45233,0.34467,0.77867,8.66667,31.0,39.66667,25.0,7.0,14.33333,112.33333,-0.13487,0.2382,0.53027,0.60264,1.0,0
46.66667,0.50233,0.40667,0.74833,9.0,41.33333,50.33333,29.33333,5.66667,12.33333,117.33333,0.10772,0.25562,0.5756,0.61113,43.66667,0.46067,0.35233,0.793,11.66667,40.33333,52.0,25.33333,9.0,12.0,121.66667,0.17124,0.37033,0.52905,0.60628,0.0,0
42.66667,0.45567,0.33,0.84367,10.66667,38.66667,49.33333,23.66667,6.66667,10.33333,116.33333,0.11629,0.29372,0.52121,0.58916,44.66667,0.504,0.34333,0.82167,9.0,37.66667,46.66667,26.0,9.66667,14.0,111.0,0.09736,0.26951,0.56187,0.6049,0.0,1
45.0,0.503,0.33533,0.829,11.0,37.66667,48.66667,22.0,9.0,17.66667,120.33333,0.08069,0.36696,0.56538,0.63504,42.0,0.492,0.29967,0.826,10.0,36.66667,46.66667,24.0,7.0,10.66667,113.66667,0.06124,0.34037,0.55126,0.62736,0.33333,0
40.0,0.45067,0.357,0.72,12.33333,34.66667,47.0,22.66667,5.0,12.33333,115.33333,0.04585,0.36523,0.52999,0.60478,39.33333,0.431,0.28833,0.67433,12.66667,32.33333,45.0,19.33333,8.0,16.0,101.66667,-0.26196,0.3409,0.4698,0.52753,0.66667,1
41.0,0.45467,0.36767,0.71567,10.0,32.33333,42.33333,27.0,9.33333,10.66667,112.33333,-0.03141,0.26611,0.5171,0.58459,42.0,0.448,0.322,0.87267,13.33333,32.33333,45.66667,21.33333,9.0,12.66667,114.0,-0.01562,0.39815,0.5039,0.57581,0.33333,0
43.66667,0.49033,0.32133,0.73767,10.0,32.33333,42.33333,26.66667,7.0,9.0,116.33333,-0.03011,0.28979,0.5518,0.6167,45.66667,0.503,0.43333,0.82067,8.33333,34.66667,43.0,23.33333,6.66667,14.66667,115.66667,-0.0029,0.24874,0.57824,0.61776,0.33333,1
40.33333,0.439,0.31967,0.72433,15.66667,37.66667,53.33333,25.33333,7.33333,16.0,113.0,0.00992,0.46916,0.50782,0.57471,44.33333,0.45267,0.28933,0.8,9.66667,34.0,43.66667,26.33333,9.66667,11.33333,114.0,-0.06713,0.25599,0.51383,0.56081,1.0,1
45.0,0.49,0.36167,0.77667,10.0,33.66667,43.66667,24.66667,8.0,13.0,121.33333,0.02811,0.34197,0.55753,0.62347,41.0,0.495,0.371,0.762,9.0,35.33333,44.33333,27.0,6.66667,15.33333,110.66667,0.10591,0.29381,0.5681,0.63231,0.33333,1
40.33333,0.423,0.28,0.73933,9.66667,34.33333,44.0,21.0,7.0,12.33333,104.66667,-0.11458,0.22845,0.47916,0.52739,36.66667,0.40467,0.29133,0.67033,12.0,33.66667,45.66667,22.0,7.33333,14.33333,95.66667,-0.15535,0.29548,0.46245,0.50536,0.66667,1
39.66667,0.46167,0.326,0.81633,7.33333,35.33333,42.66667,23.33333,10.0,16.66667,110.66667,-0.01338,0.2248,0.51406,0.60198,39.0,0.42233,0.28633,0.71233,14.0,32.66667,46.66667,22.0,8.66667,8.66667,104.33333,-0.10668,0.3776,0.47568,0.53432,0.66667,1
39.0,0.46167,0.358,0.90367,9.0,36.0,45.0,22.0,6.0,18.0,107.66667,-0.02326,0.32882,0.53127,0.60691,45.33333,0.458,0.39733,0.75567,13.66667,34.0,47.66667,27.0,6.33333,8.33333,123.0,-0.00189,0.36351,0.54381,0.59524,0.66667,0
42.33333,0.455,0.293,0.70767,9.0,32.0,41.0,26.66667,8.0,12.66667,108.33333,-0.08654,0.23519,0.51838,0.56041,44.66667,0.48033,0.297,0.811,10.66667,37.66667,48.33333,23.33333,7.0,10.0,122.66667,0.11082,0.29961,0.53753,0.61862,0.0,1
40.66667,0.485,0.39267,0.72867,8.0,36.33333,44.33333,26.0,4.33333,12.33333,113.66667,0.00377,0.25905,0.56171,0.63573,38.66667,0.48567,0.39033,0.77067,8.0,32.33333,40.33333,26.0,6.66667,19.33333,108.0,0.05373,0.26045,0.56949,0.63929,0.66667,0
42.66667,0.47833,0.34067,0.78067,10.0,31.66667,41.66667,28.0,6.66667,8.33333,116.33333,-0.00169,0.28844,0.55775,0.62022,40.66667,0.461,0.38933,0.79,8.66667,32.66667,41.33333,21.33333,7.33333,10.33333,111.33333,-0.06106,0.24021,0.54284,0.60055,0.33333,0
40.66667,0.468,0.34167,0.82067,8.33333,35.0,43.33333,30.66667,10.33333,19.33333,116.66667,-0.09575,0.24821,0.54833,0.6284,39.0,0.462,0.34867,0.71467,10.0,35.66667,45.66667,25.0,10.66667,14.0,103.66667,0.15779,0.30969,0.52333,0.58173,0.0,1
44.0,0.51167,0.378,0.76133,10.66667,36.0,46.66667,27.33333,11.33333,15.0,123.33333,0.31877,0.37149,0.5951,0.67018,37.66667,0.43133,0.28433,0.801,8.0,37.66667,45.66667,22.66667,5.66667,11.66667,101.0,-0.07593,0.2156,0.48848,0.55038,0.33333,0
46.0,0.48933,0.36267,0.864,10.33333,34.66667,45.0,28.33333,8.0,12.66667,120.66667,0.04909,0.3438,0.5517,0.61391,41.0,0.44667,0.348,0.51667,8.66667,28.33333,37.0,20.66667,8.0,10.66667,98.66667,-0.2578,0.21386,0.50632,0.52363,1.0,1
45.66667,0.48567,0.35133,0.58967,13.66667,36.0,49.66667,21.33333,6.33333,11.0,112.66667,0.06648,0.41021,0.53835,0.57318,43.0,0.46467,0.31533,0.724,13.0,28.0,41.0,25.0,8.33333,11.66667,111.33333,-0.04359,0.3797,0.51728,0.57292,0.66667,0
46.33333,0.51167,0.45333,0.83367,7.66667,32.33333,40.0,29.33333,8.66667,14.33333,128.66667,0.08096,0.23464,0.60461,0.67436,40.66667,0.47633,0.323,0.72267,10.33333,33.33333,43.66667,25.0,10.0,15.0,117.66667,0.11959,0.33089,0.53755,0.63101,0.33333,0
41.0,0.45733,0.428,0.69833,12.66667,37.33333,50.0,23.33333,6.0,14.0,116.33333,0.03055,0.39452,0.53936,0.60603,42.0,0.44433,0.35467,0.81967,9.66667,33.66667,43.33333,28.66667,7.33333,8.0,114.33333,-0.09704,0.26141,0.51528,0.57775,0.66667,1
42.66667,0.47067,0.373,0.71333,12.66667,34.33333,47.0,25.0,7.33333,16.33333,115.33333,0.04949,0.4377,0.54262,0.60074,44.33333,0.48433,0.38433,0.74433,8.0,38.0,46.0,26.33333,9.33333,13.33333,117.33333,0.16253,0.23818,0.56258,0.61225,0.0,1
42.0,0.45767,0.374,0.69233,12.0,42.0,54.0,23.66667,5.0,10.33333,114.0,0.10849,0.3472,0.53431,0.5884,43.33333,0.477,0.389,0.63133,13.66667,35.0,48.66667,28.33333,8.0,11.33333,111.33333,0.18345,0.42183,0.54628,0.58719,0.0,0
41.33333,0.514,0.37467,0.77733,7.33333,37.66667,45.0,30.66667,7.66667,15.33333,108.0,0.16993,0.23555,0.57421,0.63358,43.33333,0.499,0.40967,0.839,8.0,35.33333,43.33333,23.66667,5.66667,9.66667,115.0,0.15794,0.24804,0.57177,0.63184,0.0,1
47.33333,0.524,0.361,0.72133,10.66667,36.66667,47.33333,31.33333,8.66667,10.66667,123.0,0.24538,0.33668,0.5884,0.64452,42.66667,0.521,0.39833,0.75367,9.33333,33.33333,42.66667,26.0,9.0,15.33333,111.0,0.04005,0.32626,0.58268,0.64412,0.33333,0
40.0,0.44667,0.429,0.82267,9.66667,38.66667,48.33333,21.66667,3.66667,11.0,111.33333,-0.05505,0.28954,0.53599,0.59497,42.33333,0.45867,0.355,0.74033,11.66667,33.66667,45.33333,21.33333,11.0,14.66667,113.66667,-0.01001,0.33529,0.51796,0.58124,0.33333,0
39.0,0.41833,0.36333,0.701,14.66667,39.66667,54.33333,23.33333,5.33333,13.0,107.33333,0.00927,0.42126,0.49643,0.54767,41.66667,0.46267,0.345,0.74933,11.66667,31.66667,43.33333,22.33333,8.0,7.66667,109.0,-0.02284,0.33561,0.51434,0.57405,0.33333,0
39.33333,0.451,0.40067,0.74767,13.66667,33.0,46.66667,25.33333,8.33333,14.33333,109.0,0.00492,0.43889,0.52351,0.58848,39.33333,0.43433,0.35567,0.789,11.0,34.0,45.0,21.66667,9.0,16.0,114.66667,0.00087,0.2957,0.51046,0.59325,0.66667,0
47.66667,0.51767,0.34967,0.732,9.66667,32.0,41.66667,26.33333,5.66667,11.33333,120.33333,-0.06925,0.29534,0.56499,0.61939,45.0,0.47767,0.37567,0.70633,13.0,38.66667,51.66667,25.0,7.66667,14.0,117.66667,0.06287,0.40974,0.54631,0.59483,0.33333,1
45.66667,0.49633,0.34633,0.83067,9.66667,38.66667,48.33333,26.33333,7.33333,12.33333,119.33333,0.1183,0.31414,0.5601,0.61976,38.0,0.453,0.34433,0.72733,10.0,30.66667,40.66667,26.66667,4.33333,14.0,101.66667,-0.08201,0.2909,0.51902,0.5762,0.66667,0
42.0,0.47933,0.30333,0.81267,11.0,36.33333,47.33333,23.33333,7.0,15.0,108.0,0.0827,0.41047,0.52882,0.58732,37.33333,0.428,0.35,0.744,9.33333,29.66667,39.0,23.33333,10.33333,12.0,102.0,-0.05206,0.25885,0.49281,0.55439,0.66667,1
42.33333,0.524,0.38867,0.751,7.66667,37.33333,45.0,31.33333,7.0,18.33333,105.66667,0.06437,0.25446,0.59197,0.6273,40.0,0.46733,0.34633,0.79967,7.33333,35.66667,43.0,22.33333,6.0,11.66667,110.33333,0.0208,0.20343,0.5434,0.61013,0.66667,0
40.0,0.46,0.39133,0.791,9.0,38.33333,47.33333,27.33333,5.66667,11.66667,111.66667,0.00177,0.25119,0.53475,0.60618,43.33333,0.46967,0.342,0.74067,9.66667,33.0,42.66667,22.66667,8.0,12.33333,115.0,-0.0882,0.26836,0.52368,0.58864,0.33333,0
43.0,0.465,0.36867,0.74767,12.33333,34.33333,46.66667,26.33333,8.33333,14.0,119.0,-0.03156,0.41228,0.52761,0.60226,41.33333,0.457,0.34933,0.81833,12.66667,36.0,48.66667,24.0,8.33333,10.66667,114.33333,0.03203,0.36437,0.51911,0.59475,0.33333,1
39.66667,0.44467,0.347,0.81667,8.66667,38.66667,47.33333,25.0,5.66667,12.33333,104.66667,0.06878,0.24941,0.51236,0.56503,45.66667,0.459,0.34067,0.82333,11.33333,34.66667,46.0,30.0,8.66667,11.33333,121.33333,-0.01898,0.30906,0.52989,0.5855,0.66667,0
47.0,0.53133,0.33967,0.83267,8.33333,39.33333,47.66667,25.0,8.33333,15.33333,124.66667,0.15444,0.27501,0.59403,0.66413,41.66667,0.529,0.43033,0.788,7.33333,32.66667,40.0,27.66667,7.33333,18.0,112.66667,0.0005,0.26566,0.60852,0.67822,0.66667,0
41.66667,0.44633,0.31433,0.73933,9.66667,30.0,39.66667,23.33333,8.33333,11.33333,108.33333,-0.10327,0.24503,0.50919,0.55721,45.66667,0.50333,0.35667,0.85133,8.33333,35.0,43.33333,25.0,11.0,12.66667,120.0,0.10007,0.24671,0.56791,0.63032,0.0,1
47.0,0.47133,0.33733,0.79367,9.66667,37.66667,47.33333,27.33333,12.66667,10.66667,120.33333,0.05931,0.28305,0.52153,0.57746,37.66667,0.41867,0.35367,0.77433,12.33333,33.66667,46.0,19.66667,7.0,17.33333,107.0,-0.14927,0.3251,0.49301,0.5627,1.0,1
40.33333,0.44267,0.38633,0.71733,13.33333,36.33333,49.66667,22.66667,5.66667,13.0,114.33333,0.05206,0.40756,0.53238,0.59314,48.0,0.53833,0.47133,0.775,7.66667,37.33333,45.0,26.66667,6.66667,13.66667,123.33333,0.12618,0.25569,0.62078,0.66592,0.0,0
42.66667,0.46933,0.41733,0.71567,11.66667,33.66667,45.33333,28.33333,8.66667,15.0,114.66667,0.02579,0.3949,0.55723,0.60159,37.0,0.43367,0.366,0.77767,8.33333,31.33333,39.66667,19.33333,8.33333,14.33333,97.66667,-0.15468,0.23519,0.49953,0.54667,1.0,0
38.0,0.46433,0.27767,0.79733,8.66667,32.0,40.66667,21.0,8.33333,18.0,105.66667,-0.11576,0.27908,0.50484,0.60018,42.0,0.43933,0.40267,0.914,8.33333,33.0,41.33333,25.0,8.33333,12.66667,118.66667,-0.0805,0.21644,0.52607,0.59292,0.66667,0
45.0,0.48967,0.341,0.827,8.66667,35.0,43.66667,26.66667,8.33333,16.0,119.33333,-0.03238,0.29049,0.55155,0.61698,48.0,0.482,0.394,0.81367,12.33333,31.66667,44.0,29.33333,5.66667,7.66667,128.66667,-0.02508,0.34031,0.55767,0.61681,0.66667,0
39.0,0.45833,0.37733,0.72533,9.66667,33.33333,43.0,24.33333,9.33333,18.0,104.33333,-0.01767,0.29241,0.54517,0.58751,43.66667,0.482,0.35867,0.83867,11.66667,34.33333,46.0,24.33333,6.33333,10.66667,120.33333,0.11158,0.35883,0.55015,0.62673,0.0,1
41.0,0.48033,0.377,0.816,10.0,34.66667,44.66667,26.66667,5.66667,12.33333,115.0,-0.01986,0.31619,0.54983,0.63167,38.0,0.432,0.34133,0.74467,7.66667,36.66667,44.33333,25.0,8.0,12.0,108.33333,-0.08264,0.2244,0.51105,0.58223,0.66667,0
40.33333,0.464,0.335,0.742,11.66667,36.66667,48.33333,28.66667,7.33333,18.0,113.66667,-0.08635,0.38468,0.53853,0.61111,39.0,0.46467,0.34833,0.817,9.33333,34.66667,44.0,23.0,8.0,13.66667,108.66667,2e-05,0.27748,0.53871,0.61109,0.33333,1
35.66667,0.421,0.33467,0.688,12.66667,35.66667,48.33333,22.0,5.66667,15.0,99.66667,-0.01217,0.35923,0.47435,0.54812,38.66667,0.43933,0.33967,0.762,9.66667,36.66667,46.33333,22.0,7.0,15.66667,105.66667,-0.0974,0.26687,0.50547,0.56847,0.33333,0
45.66667,0.50833,0.36167,0.611,8.0,35.33333,43.33333,31.33333,7.66667,13.33333,115.66667,0.00992,0.22989,0.56615,0.60891,39.66667,0.44033,0.34467,0.56033,8.33333,29.66667,38.0,18.66667,10.66667,12.33333,107.0,-0.12739,0.20635,0.51139,0.56253,0.66667,1
41.66667,0.47367,0.379,0.89267,9.66667,37.33333,47.0,27.0,8.33333,17.0,115.33333,0.03779,0.3199,0.55252,0.62245,40.0,0.42533,0.31767,0.65033,13.0,31.0,44.0,25.33333,8.0,13.0,104.66667,-0.11339,0.35805,0.48765,0.53211,1.0,1
42.66667,0.45533,0.33533,0.70533,13.33333,42.33333,55.66667,26.33333,10.33333,16.0,113.0,0.15095,0.34854,0.50568,0.56651,44.0,0.50967,0.44,0.76233,7.66667,32.66667,40.33333,23.33333,8.0,13.66667,117.0,0.00907,0.24181,0.58864,0.64482,0.33333,0
38.0,0.448,0.33767,0.64167,11.0,38.33333,49.33333,23.0,5.66667,16.0,101.66667,0.01558,0.32297,0.5073,0.56356,37.66667,0.43767,0.27767,0.771,9.33333,32.0,41.33333,21.33333,7.66667,13.0,116.66667,-0.07828,0.2383,0.49073,0.61124,0.66667,0
37.66667,0.41633,0.337,0.74367,14.0,34.33333,48.33333,21.33333,7.66667,14.0,107.33333,-0.02527,0.42291,0.48441,0.55748,37.66667,0.45433,0.271,0.75233,8.0,32.33333,40.33333,20.33333,7.0,12.33333,115.0,-0.13784,0.21092,0.50226,0.62302,1.0,1
43.66667,0.46733,0.32533,0.83633,10.66667,42.0,52.66667,27.33333,8.66667,14.0,122.0,0.15346,0.2886,0.53142,0.61292,39.0,0.44467,0.344,0.80867,9.0,33.66667,42.66667,24.33333,6.0,15.33333,108.33333,-0.21825,0.2605,0.50357,0.58072,0.66667,0
45.33333,0.462,0.32267,0.58133,15.33333,35.0,50.33333,20.0,7.0,10.0,111.33333,0.04524,0.42524,0.50873,0.54277,39.66667,0.453,0.35167,0.75567,11.66667,30.66667,42.33333,27.33333,8.66667,17.33333,111.33333,-0.18015,0.33492,0.54111,0.60244,1.0,0
41.0,0.47867,0.33,0.76,9.66667,30.33333,40.0,20.33333,8.33333,17.66667,104.0,-0.16279,0.31756,0.53305,0.58126,44.66667,0.48433,0.43067,0.70533,9.33333,40.33333,49.66667,29.33333,9.66667,15.66667,120.66667,0.17541,0.27638,0.57271,0.62268,0.0,0
38.0,0.457,0.36767,0.896,6.33333,35.0,41.33333,25.66667,5.0,12.66667,101.66667,0.04735,0.19015,0.52963,0.5887,42.0,0.47533,0.353,0.61,11.66667,35.66667,47.33333,22.66667,7.33333,12.33333,104.66667,0.14934,0.37189,0.53725,0.57091,0.33333,1
47.33333,0.52633,0.35867,0.72633,8.33333,32.66667,41.0,28.66667,12.0,11.66667,119.66667,0.13005,0.26044,0.5869,0.6347,42.33333,0.47333,0.381,0.76833,10.33333,39.33333,49.66667,23.0,6.33333,11.33333,117.33333,0.00737,0.28415,0.54004,0.61686,0.33333,1
47.0,0.467,0.36667,0.79833,10.0,39.0,49.0,27.33333,11.0,11.0,122.0,0.06891,0.28851,0.5233,0.5799,44.0,0.51767,0.39967,0.80333,7.0,35.0,42.0,23.0,8.0,9.66667,116.0,0.20107,0.22572,0.5902,0.64924,0.0,1
39.66667,0.43133,0.40533,0.83933,8.33333,38.0,46.33333,23.33333,6.0,9.0,112.33333,0.00182,0.22451,0.51781,0.58237,39.66667,0.46633,0.29567,0.73867,9.0,33.33333,42.33333,22.33333,6.33333,14.33333,104.0,-0.0095,0.27922,0.52439,0.58134,0.66667,1
42.0,0.49867,0.40833,0.62867,12.0,34.33333,46.33333,27.33333,10.0,16.66667,110.33333,0.07595,0.41174,0.5597,0.61505,40.33333,0.42567,0.34533,0.85233,9.33333,29.66667,39.0,20.66667,7.0,11.0,117.33333,-0.14739,0.23413,0.50117,0.58259,1.0,1
43.33333,0.45933,0.30467,0.82233,13.0,43.0,56.0,27.0,8.66667,15.66667,120.0,0.14656,0.3599,0.52286,0.59891,36.0,0.44333,0.301,0.66167,7.66667,31.0,38.66667,21.33333,9.66667,16.66667,95.33333,-0.18589,0.2196,0.49574,0.55181,1.0,0
39.33333,0.45433,0.239,0.85767,10.66667,36.33333,47.0,19.0,7.33333,14.33333,104.0,-0.01507,0.4017,0.49103,0.56865,45.33333,0.487,0.40033,0.674,13.0,39.66667,52.66667,27.66667,7.66667,14.66667,119.33333,0.08687,0.42964,0.56328,0.60869,0.33333,1
42.66667,0.428,0.31367,0.79833,11.33333,35.33333,46.66667,26.0,8.66667,11.33333,112.33333,-0.12656,0.30671,0.47986,0.53869,41.66667,0.45667,0.37367,0.76,11.33333,35.0,46.33333,22.66667,7.33333,14.66667,112.66667,-0.07329,0.34799,0.52214,0.58485,0.66667,0
37.0,0.405,0.33333,0.74867,13.33333,41.0,54.33333,21.33333,4.66667,12.33333,103.66667,0.03409,0.35592,0.46714,0.53608,40.66667,0.46667,0.26667,0.75533,8.33333,32.33333,40.66667,21.66667,6.66667,14.0,105.0,-0.07701,0.23178,0.52176,0.57514,1.0,1
38.33333,0.404,0.296,0.78733,14.66667,37.66667,52.33333,23.0,6.33333,12.0,108.66667,0.00077,0.3964,0.46712,0.54023,40.66667,0.49967,0.37833,0.746,6.33333,33.66667,40.0,24.33333,9.33333,17.0,106.0,-0.07977,0.17863,0.55842,0.61689,0.33333,1
37.66667,0.46967,0.37667,0.74433,7.0,38.33333,45.33333,23.66667,7.33333,18.66667,112.33333,-0.01938,0.20173,0.55728,0.64383,37.0,0.398,0.30533,0.71667,9.0,33.66667,42.66667,25.66667,6.0,10.66667,99.33333,-0.26624,0.20549,0.46299,0.51201,1.0,1
44.33333,0.49867,0.34667,0.79067,7.66667,35.66667,43.33333,25.33333,8.33333,16.33333,119.66667,0.04684,0.25716,0.56621,0.63459,44.0,0.46733,0.409,0.71833,8.66667,30.0,38.66667,22.66667,8.66667,8.0,116.0,-0.07759,0.22105,0.53126,0.58615,0.33333,1
41.33333,0.44267,0.38567,0.806,13.0,35.33333,48.33333,25.0,7.33333,14.66667,117.33333,-0.03788,0.42622,0.51531,0.59106,35.66667,0.43933,0.266,0.69967,6.0,31.33333,37.33333,24.33333,8.66667,16.66667,94.66667,-0.18676,0.16537,0.49766,0.55225,1.0,0
39.66667,0.45833,0.34833,0.88933,8.33333,30.66667,39.0,26.66667,6.66667,9.0,113.0,0.00459,0.23989,0.53428,0.61709,41.0,0.51267,0.43567,0.84033,7.0,37.33333,44.33333,23.0,7.33333,15.0,113.66667,0.14497,0.23377,0.58721,0.6673,0.0,1
34.0,0.36467,0.31433,0.86133,9.33333,35.33333,44.66667,21.33333,7.66667,14.33333,100.33333,-0.23815,0.20001,0.43489,0.51172,42.0,0.43567,0.251,0.79833,14.0,28.33333,42.33333,21.33333,10.0,12.66667,110.66667,-0.13996,0.39667,0.48143,0.54428,0.66667,1
47.0,0.515,0.42567,0.82633,9.33333,33.0,42.33333,27.66667,5.66667,12.66667,132.66667,0.03356,0.31071,0.59427,0.67963,37.66667,0.38733,0.29833,0.81167,9.66667,34.0,43.66667,20.0,7.33333,11.33333,107.66667,-0.18826,0.2078,0.45594,0.52526,1.0,0
44.66667,0.51367,0.34433,0.80133,9.33333,40.33333,49.66667,24.66667,7.33333,14.33333,124.0,0.15495,0.29622,0.57938,0.66391,39.33333,0.43633,0.40767,0.75433,8.33333,34.66667,43.0,25.33333,6.66667,10.66667,107.33333,-0.13556,0.24014,0.52707,0.57254,0.66667,0
37.33333,0.47733,0.337,0.815,5.33333,39.0,44.33333,22.66667,8.0,19.0,108.66667,0.01612,0.157,0.55396,0.64437,43.0,0.494,0.38567,0.87733,7.0,36.66667,43.66667,23.33333,9.33333,11.66667,117.0,0.09886,0.21306,0.55735,0.63597,0.0,1
43.0,0.48833,0.34267,0.737,10.66667,35.66667,46.33333,24.66667,6.66667,18.66667,115.66667,-0.01127,0.33177,0.54385,0.61552,43.66667,0.498,0.41267,0.782,10.33333,33.33333,43.66667,26.66667,7.33333,14.66667,120.33333,-0.0377,0.32914,0.57516,0.64619,0.66667,0
40.33333,0.47667,0.284,0.84767,7.66667,30.66667,38.33333,22.66667,5.66667,8.66667,109.66667,-0.0868,0.22133,0.5217,0.60756,45.33333,0.486,0.43133,0.80333,9.0,28.0,37.0,26.33333,6.0,9.66667,124.66667,-0.05888,0.26452,0.5788,0.63634,0.66667,0
41.33333,0.51533,0.376,0.87233,6.0,39.66667,45.66667,23.0,8.33333,15.33333,122.66667,0.20251,0.19192,0.60236,0.70697,39.33333,0.49767,0.42167,0.75433,8.0,31.0,39.0,26.33333,6.66667,20.33333,110.66667,-0.07708,0.26449,0.5842,0.65705,1.0,1
43.33333,0.49467,0.32867,0.83333,9.33333,37.66667,47.0,21.66667,7.0,12.66667,117.0,0.08961,0.27245,0.54934,0.62829,45.0,0.50767,0.40267,0.83267,11.33333,34.66667,46.0,29.66667,7.66667,12.66667,125.33333,0.16675,0.37711,0.59628,0.66788,0.0,0
39.0,0.46767,0.38567,0.776,10.0,38.0,48.0,26.33333,6.33333,17.66667,111.66667,-0.06303,0.33521,0.54968,0.62674,46.0,0.535,0.39667,0.75933,7.0,32.33333,39.33333,27.0,9.0,11.66667,122.33333,0.15764,0.23558,0.61442,0.6735,0.0,1
45.33333,0.524,0.407,0.758,9.0,42.66667,51.66667,27.0,8.66667,17.66667,122.66667,0.21717,0.28787,0.58673,0.65955,36.66667,0.42233,0.34633,0.717,10.0,36.33333,46.33333,22.66667,7.66667,16.66667,103.66667,-0.16422,0.26779,0.4996,0.56365,0.66667,0
44.66667,0.49933,0.38733,0.695,14.33333,39.0,53.33333,27.66667,4.0,14.33333,121.66667,0.14412,0.47728,0.56395,0.63392,39.66667,0.445,0.33267,0.658,9.66667,35.66667,45.33333,18.66667,8.33333,11.66667,110.33333,0.02863,0.24603,0.51647,0.58122,0.33333,0
41.0,0.43733,0.35767,0.824,7.0,34.66667,41.66667,25.33333,6.66667,6.0,109.33333,-0.06042,0.17523,0.50874,0.56203,41.66667,0.44767,0.38,0.675,13.33333,31.66667,45.0,29.33333,7.33333,12.0,113.0,-0.05356,0.38278,0.52009,0.57572,0.66667,0
39.66667,0.44967,0.36233,0.79967,11.66667,32.0,43.66667,22.66667,9.0,15.0,113.0,-0.00646,0.35971,0.51933,0.60033,40.0,0.434,0.35233,0.64967,11.66667,34.33333,46.0,23.66667,4.66667,11.66667,103.66667,-0.01227,0.32237,0.5146,0.54503,0.66667,1
40.33333,0.47633,0.36233,0.72633,10.33333,39.0,49.33333,26.0,6.0,16.66667,115.0,0.07133,0.3099,0.54535,0.62836,36.0,0.43033,0.307,0.80867,6.66667,28.66667,35.33333,23.33333,7.66667,15.66667,102.0,-0.29894,0.19229,0.49075,0.57362,1.0,0
46.0,0.48233,0.33233,0.597,15.0,34.0,49.0,20.66667,7.33333,9.66667,114.0,0.09078,0.45049,0.53253,0.5705,40.66667,0.453,0.414,0.87367,12.0,35.66667,47.66667,25.0,7.66667,14.33333,117.0,0.10742,0.35146,0.54641,0.61956,0.0,1
44.33333,0.53367,0.37167,0.66,9.0,36.66667,45.66667,30.0,6.66667,20.33333,110.66667,0.04752,0.31245,0.59647,0.63412,43.66667,0.48433,0.406,0.747,10.66667,34.66667,45.33333,27.66667,9.0,14.33333,120.0,0.04516,0.33221,0.5611,0.62689,0.33333,0
44.66667,0.47233,0.391,0.782,7.66667,31.0,38.66667,27.0,8.66667,7.66667,116.66667,-0.00918,0.20821,0.55556,0.59634,41.66667,0.49533,0.34333,0.658,9.33333,34.66667,44.0,26.0,6.66667,12.33333,106.66667,0.08621,0.29124,0.56497,0.60583,0.33333,1
43.66667,0.50333,0.34133,0.72367,6.66667,29.0,35.66667,25.0,12.33333,13.66667,110.33333,-0.04166,0.20284,0.56115,0.60833,40.66667,0.43333,0.35133,0.743,11.33333,33.0,44.33333,18.66667,5.33333,10.0,108.0,-0.12007,0.29182,0.50697,0.55327,0.66667,0
42.33333,0.49233,0.359,0.561,8.33333,35.66667,44.0,28.33333,9.0,15.33333,108.33333,-0.03999,0.24378,0.54998,0.59342,44.66667,0.48833,0.355,0.792,9.66667,37.66667,47.33333,23.33333,6.0,12.33333,113.66667,0.17225,0.30036,0.54802,0.59674,0.0,0
44.0,0.50233,0.314,0.81567,8.0,31.0,39.0,24.0,6.0,10.0,120.33333,-0.09345,0.22619,0.5497,0.63883,38.66667,0.454,0.37467,0.70567,11.66667,29.66667,41.33333,26.0,3.66667,14.66667,103.66667,-0.06752,0.35695,0.5247,0.57817,0.66667,0
41.66667,0.48267,0.35133,0.82667,8.0,29.66667,37.66667,22.0,8.66667,15.66667,111.33333,-0.06553,0.26111,0.54835,0.61228,36.33333,0.40967,0.39833,0.836,10.0,33.0,43.0,23.33333,10.0,17.33333,110.33333,-0.02029,0.27537,0.50258,0.5852,0.66667,0
40.0,0.465,0.37533,0.764,9.66667,32.33333,42.0,23.33333,9.66667,17.66667,111.33333,-0.04126,0.2808,0.55647,0.61347,46.33333,0.522,0.44067,0.68667,9.66667,36.33333,46.0,29.0,9.0,11.33333,117.66667,0.11884,0.32715,0.60242,0.6367,0.33333,1
41.33333,0.49167,0.352,0.731,9.66667,37.33333,47.0,26.33333,8.0,13.0,111.66667,0.24534,0.39345,0.55694,0.62396,42.33333,0.46067,0.34967,0.75367,14.33333,37.33333,51.66667,25.0,6.66667,17.66667,111.66667,-0.12931,0.44603,0.52214,0.57845,1.0,0
36.66667,0.38033,0.276,0.78067,16.0,34.66667,50.66667,24.33333,7.0,10.0,105.33333,-0.05508,0.41837,0.43387,0.51344,42.0,0.504,0.438,0.89567,6.33333,37.33333,43.66667,23.33333,7.0,15.0,124.33333,0.08186,0.20155,0.58739,0.69133,0.0,0
45.66667,0.48733,0.42167,0.758,13.33333,35.33333,48.66667,29.66667,7.0,13.0,121.33333,0.21811,0.42736,0.56232,0.61695,44.0,0.48367,0.43133,0.75033,6.33333,28.66667,35.0,22.0,8.0,9.0,116.66667,-0.04016,0.15974,0.56693,0.61526,0.33333,0
44.33333,0.47733,0.46533,0.78767,12.66667,37.0,49.66667,27.66667,7.0,16.0,121.66667,0.10016,0.43465,0.55968,0.62221,41.33333,0.457,0.41333,0.75,13.0,35.66667,48.66667,27.66667,6.66667,14.0,116.66667,0.00151,0.40371,0.5433,0.60856,0.66667,1
35.33333,0.42067,0.34267,0.89033,7.33333,31.66667,39.0,25.66667,4.66667,10.0,101.33333,-0.07275,0.19377,0.49785,0.57318,39.33333,0.442,0.33833,0.828,7.66667,38.0,45.66667,24.0,8.33333,11.0,111.66667,0.02411,0.22706,0.51665,0.5941,0.66667,0
40.0,0.47433,0.325,0.77067,9.0,38.66667,47.66667,23.66667,6.66667,12.66667,116.66667,0.19269,0.25835,0.53722,0.63645,38.33333,0.43267,0.37167,0.803,11.0,34.66667,45.66667,26.66667,5.66667,9.0,107.66667,-0.04209,0.30619,0.50778,0.5756,0.33333,0
34.33333,0.363,0.317,0.84133,9.33333,35.66667,45.0,24.33333,9.0,15.66667,102.66667,-0.19798,0.20593,0.43904,0.51535,36.66667,0.454,0.42933,0.83433,10.33333,38.0,48.33333,23.66667,6.0,14.33333,107.66667,0.18587,0.33793,0.54104,0.62608,0.0,1
47.33333,0.51467,0.45833,0.827,8.66667,41.33333,50.0,26.66667,7.33333,11.66667,131.0,0.27433,0.25545,0.5997,0.6703,43.33333,0.50133,0.41733,0.86433,5.66667,35.0,40.66667,23.66667,8.33333,12.33333,125.66667,0.08101,0.15899,0.57848,0.67563,0.0,1
42.0,0.46133,0.30333,0.68433,9.66667,30.0,39.66667,27.0,8.0,13.33333,106.0,-0.15226,0.26495,0.52548,0.56179,41.33333,0.483,0.409,0.69667,6.0,30.66667,36.66667,27.0,10.0,10.33333,108.0,0.08945,0.16361,0.54879,0.59938,0.33333,1
42.66667,0.47467,0.34933,0.792,11.33333,34.33333,45.66667,25.66667,6.0,16.0,117.33333,0.06547,0.35783,0.54251,0.6156,46.66667,0.506,0.34033,0.75633,10.66667,34.0,44.66667,27.0,7.33333,12.0,114.33333,0.11161,0.3497,0.55652,0.59735,0.33333,0
43.66667,0.50133,0.40467,0.75733,10.33333,42.66667,53.0,28.0,5.33333,11.66667,115.66667,0.13087,0.36548,0.57182,0.62956,42.66667,0.456,0.42167,0.92833,8.66667,27.0,35.66667,23.66667,6.33333,10.0,116.0,-0.15962,0.23862,0.54109,0.5966,1.0,0
38.0,0.44267,0.36033,0.83967,8.0,36.33333,44.33333,27.66667,5.33333,10.33333,108.0,0.02598,0.21656,0.52879,0.59749,41.66667,0.48233,0.40833,0.817,11.66667,33.66667,45.33333,30.0,10.33333,14.33333,119.33333,0.13403,0.41017,0.57303,0.64958,0.33333,0
43.66667,0.482,0.33067,0.71567,10.33333,31.33333,41.66667,23.66667,5.66667,11.0,113.66667,-0.16777,0.29102,0.52793,0.59107,39.0,0.436,0.29667,0.83667,11.33333,35.0,46.33333,26.33333,8.33333,10.0,105.0,0.01385,0.31287,0.49841,0.56098,0.33333,0
39.33333,0.45867,0.38467,0.82933,12.0,36.66667,48.66667,25.33333,5.66667,17.0,109.0,-0.06868,0.42287,0.54056,0.60587,44.33333,0.497,0.41067,0.85067,10.0,39.66667,49.66667,23.66667,6.0,12.33333,120.33333,0.1615,0.32621,0.56246,0.63931,0.0,1
46.0,0.54733,0.392,0.755,9.66667,32.33333,42.0,29.0,7.0,19.33333,118.0,0.04516,0.34293,0.61744,0.66794,37.66667,0.42533,0.35833,0.73933,10.33333,33.66667,44.0,24.0,9.0,19.0,106.66667,-0.23199,0.26608,0.51089,0.57156,1.0,0
36.66667,0.44967,0.40267,0.703,5.66667,34.0,39.66667,24.0,8.33333,14.33333,107.0,0.00989,0.15607,0.54902,0.61936,40.33333,0.452,0.34433,0.693,9.66667,35.33333,45.0,17.0,9.33333,11.66667,112.66667,0.0381,0.24419,0.52506,0.59249,0.33333,0
47.66667,0.51167,0.37933,0.83333,10.0,38.33333,48.33333,27.33333,9.33333,13.66667,130.0,0.17079,0.30545,0.57488,0.65415,43.66667,0.494,0.34833,0.79167,12.0,33.33333,45.33333,26.0,8.33333,11.0,118.33333,0.0984,0.37574,0.55546,0.62823,0.33333,0
39.33333,0.493,0.43167,0.658,4.0,28.0,32.0,25.33333,5.0,13.66667,103.66667,-0.07111,0.11229,0.57456,0.61989,42.66667,0.491,0.34567,0.83267,9.0,31.0,40.0,21.0,8.66667,12.66667,124.33333,-0.07131,0.28528,0.55269,0.65884,0.66667,0
38.0,0.44133,0.35,0.83433,9.66667,30.66667,40.33333,17.0,7.66667,12.33333,109.0,-0.07331,0.26227,0.50341,0.59222,41.0,0.46833,0.364,0.79167,12.66667,42.0,54.66667,22.66667,3.33333,17.66667,111.0,-0.0913,0.39926,0.54126,0.6035,0.66667,0
37.33333,0.45833,0.36433,0.777,9.0,33.0,42.0,25.33333,4.66667,13.33333,98.66667,-0.07325,0.2995,0.52629,0.58129,33.33333,0.40733,0.288,0.83533,7.0,32.0,39.0,21.0,8.0,15.33333,98.0,-0.26916,0.20596,0.46848,0.56099,1.0,0
44.66667,0.46767,0.30467,0.68533,12.33333,34.0,46.33333,23.66667,7.33333,7.33333,112.33333,0.02574,0.32894,0.51985,0.56258,40.33333,0.44733,0.355,0.76533,9.33333,32.0,41.33333,24.33333,7.66667,13.66667,107.0,-0.11215,0.27865,0.50484,0.56518,1.0,0
40.33333,0.488,0.377,0.77167,10.33333,37.66667,48.0,26.0,5.0,14.0,112.0,0.14437,0.41193,0.56617,0.63644,39.0,0.43933,0.32133,0.76867,12.0,33.0,45.0,24.66667,7.0,11.33333,111.0,0.0096,0.34386,0.51022,0.58542,0.33333,0
42.66667,0.46833,0.27167,0.785,10.0,35.33333,45.33333,23.0,7.66667,8.66667,112.0,0.03514,0.29044,0.51322,0.58365,41.66667,0.49533,0.41267,0.74133,9.0,32.66667,41.66667,27.0,5.66667,10.66667,106.66667,0.10042,0.29801,0.57838,0.61254,0.33333,1
41.33333,0.491,0.34967,0.757,6.0,28.33333,34.33333,21.33333,11.66667,13.66667,109.0,-0.03176,0.18051,0.55065,0.61407,43.0,0.454,0.322,0.72367,12.66667,39.0,51.66667,23.66667,6.66667,15.33333,112.66667,-0.01933,0.36222,0.52025,0.56985,0.66667,1
42.66667,0.47633,0.36367,0.85933,9.33333,40.33333,49.66667,25.33333,7.0,16.0,121.0,0.13215,0.29001,0.55059,0.63382,44.0,0.51333,0.37367,0.75,7.66667,30.33333,38.0,25.33333,12.33333,12.66667,119.33333,0.13447,0.22691,0.58524,0.65377,0.0,1
42.33333,0.475,0.36267,0.717,14.66667,36.33333,51.0,24.0,4.33333,14.33333,119.33333,0.05752,0.46455,0.54561,0.62245,39.66667,0.47233,0.41333,0.731,10.33333,28.66667,39.0,24.66667,3.66667,15.33333,108.33333,-0.02302,0.32349,0.55438,0.6116,0.66667,0
42.33333,0.495,0.29267,0.81533,7.0,35.66667,42.66667,25.0,7.66667,13.0,109.0,0.14392,0.21667,0.54632,0.60673,41.33333,0.444,0.358,0.67067,10.33333,35.66667,46.0,25.33333,4.33333,12.33333,107.0,-0.09167,0.26642,0.52378,0.55629,0.66667,0
41.66667,0.48833,0.44267,0.65467,6.33333,37.0,43.33333,28.0,7.66667,13.0,116.0,0.13241,0.17751,0.60882,0.64905,47.66667,0.54567,0.505,0.72667,10.66667,35.66667,46.33333,31.66667,10.33333,14.33333,127.66667,0.20458,0.40607,0.63707,0.69134,0.0,1
44.33333,0.51433,0.36933,0.84767,8.66667,34.33333,43.0,22.66667,5.33333,10.0,119.0,0.1262,0.31139,0.57523,0.6514,41.33333,0.465,0.362,0.77333,14.0,42.0,56.0,24.0,3.33333,18.33333,113.33333,-0.12258,0.43987,0.53458,0.60249,1.0,1
39.66667,0.463,0.41933,0.85033,9.33333,32.33333,41.66667,23.66667,4.66667,16.0,114.66667,-0.12843,0.31422,0.54672,0.63009,36.0,0.40533,0.31967,0.72533,11.66667,31.66667,43.33333,26.0,9.33333,15.66667,103.66667,-0.2333,0.30529,0.4904,0.55248,1.0,0
34.66667,0.412,0.36633,0.83633,11.66667,36.66667,48.33333,22.66667,5.66667,17.33333,102.33333,-0.10714,0.3672,0.49171,0.57489,38.33333,0.45433,0.28367,0.78767,10.66667,36.66667,47.33333,21.66667,6.0,14.0,103.33333,0.03915,0.34116,0.51509,0.58119,0.33333,1
42.0,0.445,0.36833,0.72767,11.33333,33.66667,45.0,30.33333,7.0,9.0,118.66667,0.01215,0.29688,0.52632,0.59381,48.66667,0.52667,0.42467,0.78633,10.33333,32.0,42.33333,31.66667,11.66667,12.0,128.33333,0.11874,0.32002,0.60023,0.66169,0.0,1
41.66667,0.463,0.41967,0.69367,7.33333,35.0,42.33333,27.0,8.0,12.33333,115.66667,0.03341,0.19375,0.53886,0.60415,38.33333,0.45567,0.42933,0.765,5.33333,26.0,31.33333,22.33333,7.0,11.66667,107.66667,-0.17876,0.13648,0.54069,0.60821,0.66667,0
39.0,0.415,0.389,0.75867,10.33333,37.0,47.33333,26.0,6.66667,12.0,108.33333,-0.04087,0.26399,0.48275,0.54731,37.33333,0.461,0.31133,0.72933,9.66667,33.0,42.66667,23.0,8.66667,16.66667,102.66667,-0.14155,0.33664,0.52688,0.59534,1.0,0
39.0,0.436,0.31067,0.74833,10.33333,31.0,41.33333,21.0,9.66667,13.33333,105.66667,-0.06175,0.28768,0.49258,0.55941,36.0,0.425,0.33333,0.793,12.0,32.33333,44.33333,23.66667,5.0,11.0,102.33333,-0.18559,0.36525,0.49761,0.56996,0.66667,0
35.66667,0.378,0.29833,0.78967,8.66667,36.0,44.66667,26.0,8.66667,13.0,102.0,-0.18268,0.1884,0.44554,0.51464,40.33333,0.44733,0.38867,0.80467,12.66667,35.66667,48.33333,25.0,8.33333,13.66667,115.0,0.07169,0.36371,0.52908,0.60243,0.0,0
40.66667,0.47667,0.39067,0.814,10.33333,34.33333,44.66667,22.33333,8.0,13.66667,116.0,0.09857,0.30174,0.54609,0.6347,39.66667,0.453,0.388,0.76667,12.66667,30.33333,43.0,27.0,7.0,14.33333,112.66667,-0.12105,0.37937,0.54836,0.60973,1.0,0
43.0,0.42333,0.30367,0.82233,13.33333,33.33333,46.66667,24.33333,9.66667,10.66667,114.66667,-0.06283,0.34685,0.48222,0.54042,38.0,0.45733,0.35133,0.69167,9.66667,34.33333,44.0,24.0,5.66667,14.0,105.66667,0.05756,0.2655,0.52739,0.59464,0.66667,1
32.66667,0.38233,0.30533,0.68133,12.0,34.0,46.0,19.33333,4.66667,11.33333,89.33333,-0.11316,0.31485,0.43481,0.49446,45.33333,0.51833,0.42367,0.79833,8.66667,32.0,40.66667,30.33333,11.0,13.33333,123.66667,0.15825,0.25501,0.60027,0.66775,0.0,1
43.0,0.50933,0.45167,0.75633,8.0,34.66667,42.66667,26.0,6.66667,11.33333,109.66667,0.11575,0.27241,0.58065,0.6252,39.33333,0.47533,0.42767,0.79,6.33333,30.0,36.33333,23.66667,7.66667,10.66667,114.0,0.05154,0.18738,0.56223,0.64334,0.33333,0
39.33333,0.46,0.295,0.73333,9.66667,30.33333,40.0,25.0,7.0,15.0,103.66667,-0.14524,0.30412,0.51833,0.57936,45.66667,0.471,0.247,0.70933,10.33333,32.0,42.33333,24.0,8.66667,14.0,116.0,-0.13689,0.26558,0.51175,0.56767,0.66667,1
47.66667,0.56733,0.40467,0.75767,10.0,33.0,43.0,28.33333,7.33333,17.33333,125.66667,0.20967,0.38316,0.64323,0.70492,36.66667,0.43167,0.269,0.735,7.0,31.33333,38.33333,25.66667,10.33333,16.0,100.66667,-0.18183,0.18323,0.48233,0.55495,1.0,0
39.33333,0.464,0.383,0.687,7.0,35.0,42.0,28.33333,6.33333,11.33333,107.33333,0.04107,0.19262,0.56531,0.60671,40.33333,0.43267,0.386,0.90867,9.33333,29.0,38.33333,21.66667,7.66667,9.33333,112.0,-0.15553,0.23914,0.51241,0.57501,1.0,0
46.0,0.52833,0.44067,0.74067,8.66667,44.33333,53.0,28.0,3.33333,12.66667,120.66667,0.15829,0.32892,0.60634,0.65931,38.33333,0.463,0.36133,0.76033,10.66667,33.66667,44.33333,26.33333,9.66667,16.66667,111.66667,0.00824,0.3689,0.55111,0.62909,0.66667,0
43.0,0.515,0.47067,0.762,7.66667,29.33333,37.0,26.0,7.0,11.0,118.33333,0.07838,0.2432,0.61075,0.6709,40.33333,0.43967,0.33033,0.705,9.66667,34.33333,44.0,18.66667,9.33333,10.33333,104.33333,-0.06413,0.23514,0.50638,0.54761,0.66667,1
46.33333,0.56167,0.454,0.755,10.66667,31.66667,42.33333,29.33333,8.66667,17.0,126.66667,0.19989,0.40697,0.64633,0.71669,42.66667,0.45933,0.352,0.74367,13.33333,38.33333,51.66667,25.66667,6.33333,13.33333,116.33333,0.0606,0.38819,0.52533,0.59207,0.33333,0
37.0,0.44767,0.38833,0.82633,7.0,38.33333,45.33333,22.0,7.66667,14.33333,110.66667,0.03837,0.20645,0.53603,0.62727,46.0,0.48967,0.362,0.771,11.33333,36.0,47.33333,24.33333,11.0,14.66667,125.0,-0.02459,0.33941,0.55004,0.62568,0.66667,0
38.0,0.46067,0.36533,0.84833,7.66667,32.66667,40.33333,17.66667,7.0,13.66667,114.0,0.01126,0.20703,0.53395,0.64072,42.33333,0.48933,0.388,0.80433,9.0,37.33333,46.33333,23.0,7.33333,15.66667,119.0,-0.04395,0.27614,0.55874,0.64385,0.33333,1
45.66667,0.486,0.35733,0.822,8.66667,37.33333,46.0,23.33333,9.66667,12.33333,124.33333,0.13545,0.23543,0.56009,0.62654,32.0,0.40833,0.313,0.82433,8.33333,30.33333,38.66667,19.66667,9.0,15.66667,99.66667,-0.23221,0.24405,0.47685,0.58592,1.0,0
41.66667,0.47167,0.40067,0.91233,9.66667,34.33333,44.0,27.0,8.66667,16.0,116.0,-0.04237,0.32112,0.54618,0.62212,41.0,0.47567,0.36367,0.77267,11.33333,29.33333,40.66667,25.0,6.66667,15.0,110.0,-0.19595,0.35529,0.53036,0.60145,1.0,0
42.0,0.48233,0.377,0.756,6.33333,32.33333,38.66667,23.33333,8.33333,14.33333,118.33333,0.04711,0.16555,0.56617,0.63551,43.0,0.509,0.43967,0.775,9.33333,36.33333,45.66667,30.0,7.33333,9.66667,114.33333,0.26562,0.30516,0.60714,0.64933,0.0,0
42.33333,0.465,0.33733,0.73933,9.33333,30.0,39.33333,23.66667,6.66667,9.0,107.33333,-0.1076,0.26109,0.53345,0.57124,43.0,0.47367,0.40567,0.87467,7.66667,39.0,46.66667,29.0,4.66667,16.0,116.33333,0.0248,0.21668,0.56329,0.61645,0.66667,1
42.33333,0.461,0.37033,0.68233,8.33333,36.66667,45.0,27.33333,5.33333,12.66667,112.66667,-0.04352,0.2252,0.53363,0.58292,38.66667,0.43667,0.30167,0.80167,9.0,28.33333,37.33333,22.66667,9.66667,12.0,104.66667,-0.02118,0.27555,0.48808,0.56,0.33333,1
48.0,0.548,0.486,0.69333,9.66667,39.33333,49.0,27.0,4.33333,12.0,125.33333,0.23084,0.36806,0.64099,0.68263,37.33333,0.43767,0.36067,0.723,9.66667,28.66667,38.33333,19.66667,5.0,13.66667,103.0,-0.17747,0.28786,0.51087,0.57122,1.0,0
41.33333,0.49533,0.24,0.822,8.0,34.0,42.0,24.66667,6.0,10.33333,109.66667,0.14813,0.28043,0.53932,0.61807,40.66667,0.47167,0.424,0.833,8.0,39.0,47.0,27.66667,5.0,13.66667,113.0,0.10724,0.23977,0.56108,0.62609,0.33333,0
44.66667,0.52333,0.37833,0.818,8.66667,37.66667,46.33333,28.66667,9.33333,18.66667,121.0,0.17162,0.33436,0.59656,0.67037,45.33333,0.531,0.48467,0.79067,8.0,34.66667,42.66667,33.33333,12.0,15.0,122.33333,0.11648,0.28239,0.61513,0.67765,0.0,1
44.66667,0.506,0.31233,0.74067,6.0,36.0,42.0,27.0,8.33333,16.66667,117.66667,-0.02431,0.19524,0.5701,0.63011,43.33333,0.48767,0.408,0.77733,8.33333,29.66667,38.0,27.33333,11.0,9.66667,114.33333,0.1472,0.26765,0.5501,0.61059,0.0,0
44.0,0.51067,0.47767,0.847,8.66667,30.66667,39.33333,28.33333,6.33333,15.0,125.33333,-0.0029,0.3039,0.60966,0.68576,39.0,0.47633,0.37033,0.814,6.66667,34.33333,41.0,24.0,9.33333,14.66667,114.66667,0.16032,0.19976,0.54154,0.64554,0.33333,1
43.0,0.43933,0.362,0.78733,12.0,31.0,43.0,24.0,10.66667,11.0,115.66667,-0.04672,0.31712,0.50696,0.56303,37.33333,0.437,0.372,0.84,11.33333,37.66667,49.0,22.33333,6.66667,13.33333,106.33333,0.11753,0.35463,0.51815,0.59004,0.0,1
40.33333,0.42433,0.34067,0.679,13.66667,31.33333,45.0,29.33333,8.66667,11.33333,110.33333,-0.14497,0.34278,0.49474,0.55117,39.33333,0.441,0.32933,0.77267,9.66667,31.0,40.66667,25.66667,9.0,15.0,107.33333,-0.12888,0.28354,0.50127,0.5695,1.0,0
36.0,0.42867,0.351,0.83233,8.33333,35.66667,44.0,18.0,6.66667,10.66667,114.66667,0.00416,0.20992,0.5064,0.62609,39.0,0.46133,0.38,0.737,8.33333,30.33333,38.66667,22.66667,8.0,15.0,108.66667,-0.11787,0.2299,0.53159,0.60502,0.66667,0
51.66667,0.55567,0.41533,0.72667,9.33333,35.0,44.33333,28.66667,10.33333,14.33333,134.66667,0.1464,0.29795,0.63423,0.68652,37.66667,0.46167,0.35467,0.77233,12.0,32.0,44.0,25.66667,5.33333,17.33333,106.66667,-0.1667,0.41543,0.54118,0.61414,0.66667,1
40.0,0.42833,0.28967,0.776,8.66667,37.66667,46.33333,27.33333,10.0,13.33333,107.0,-0.09611,0.20417,0.48623,0.54471,37.66667,0.45567,0.35867,0.768,12.0,31.0,43.0,24.0,6.33333,13.33333,96.66667,0.04607,0.42798,0.51454,0.56178,0.33333,1
42.66667,0.50767,0.36033,0.826,8.33333,33.33333,41.66667,23.66667,7.33333,9.66667,126.66667,0.25885,0.25294,0.5766,0.68893,44.33333,0.44733,0.39233,0.90767,11.0,33.66667,44.66667,25.66667,7.33333,10.66667,122.0,-0.10604,0.27823,0.51854,0.58775,0.66667,0
44.66667,0.513,0.46233,0.80467,9.33333,32.33333,41.66667,25.0,10.0,15.66667,122.66667,0.10916,0.28767,0.59632,0.66582,41.33333,0.461,0.38467,0.739,9.33333,31.0,40.33333,26.0,6.66667,10.33333,113.0,-0.13074,0.27156,0.53047,0.5953,0.66667,0
39.0,0.438,0.29667,0.77967,11.0,34.66667,45.66667,24.33333,9.33333,11.66667,105.0,0.11015,0.3301,0.50582,0.56077,42.66667,0.50033,0.40067,0.85167,8.0,35.66667,43.66667,24.66667,7.0,16.33333,125.0,-0.05947,0.24421,0.57833,0.67854,0.33333,1
45.33333,0.49167,0.39233,0.69033,14.66667,41.33333,56.0,26.33333,4.33333,15.33333,121.0,0.10098,0.46574,0.56035,0.61831,44.66667,0.467,0.24733,0.72,8.66667,32.66667,41.33333,24.0,9.0,14.66667,113.0,-0.12005,0.21929,0.51004,0.56283,0.66667,0
39.33333,0.45733,0.36567,0.688,8.33333,31.33333,39.66667,25.66667,5.0,12.66667,105.33333,-0.03022,0.23689,0.52285,0.58055,44.66667,0.521,0.36933,0.76667,9.33333,32.66667,42.0,28.33333,5.66667,12.66667,112.0,0.01003,0.30208,0.58202,0.62763,0.66667,1
49.33333,0.53167,0.42533,0.844,11.0,32.33333,43.33333,28.33333,5.66667,12.0,138.33333,0.0836,0.40466,0.61268,0.69687,37.0,0.45767,0.36233,0.80367,7.0,32.0,39.0,22.66667,7.0,15.0,109.0,0.01719,0.21575,0.52964,0.62519,0.66667,1
40.0,0.47467,0.33533,0.758,10.0,31.66667,41.66667,24.33333,5.0,16.33333,108.33333,-0.12528,0.32198,0.53788,0.60879,36.66667,0.474,0.33967,0.854,11.0,30.66667,41.66667,24.0,11.33333,20.0,110.66667,0.04911,0.41168,0.53869,0.65565,0.33333,1
42.0,0.46433,0.40067,0.83433,9.0,35.33333,44.33333,22.33333,8.0,12.66667,118.33333,0.09425,0.24523,0.54723,0.61909,37.33333,0.44967,0.42433,0.80667,10.66667,43.66667,54.33333,23.33333,4.0,15.33333,108.33333,0.20956,0.33962,0.53629,0.61581,0.0,0
45.33333,0.49433,0.416,0.76233,13.33333,35.0,48.33333,29.0,8.33333,13.0,120.0,0.23998,0.47563,0.5694,0.62398,41.0,0.47433,0.43367,0.83433,10.33333,31.66667,42.0,26.66667,5.66667,16.66667,120.66667,-0.04837,0.31687,0.577,0.65625,1.0,0
43.66667,0.47167,0.36933,0.738,8.0,32.0,40.0,24.0,10.0,12.0,117.66667,-0.01754,0.19788,0.53851,0.59904,40.0,0.42333,0.40133,0.893,10.66667,31.0,41.66667,25.0,7.0,8.66667,111.0,-0.12848,0.27817,0.50709,0.56418,1.0,1
36.33333,0.41833,0.37833,0.73067,9.66667,32.66667,42.33333,26.0,6.33333,18.0,104.33333,-0.19554,0.27328,0.50216,0.5639,42.0,0.416,0.387,0.81367,11.0,38.66667,49.66667,24.33333,7.66667,11.0,112.0,-0.08743,0.24536,0.49426,0.53751,0.66667,0
40.66667,0.42333,0.24367,0.72167,13.66667,33.0,46.66667,21.0,8.33333,9.0,105.66667,-0.12133,0.3553,0.47236,0.5249,37.66667,0.42533,0.322,0.77633,10.66667,32.66667,43.33333,26.0,6.66667,12.66667,106.66667,-0.12313,0.29691,0.50023,0.56686,0.66667,1
36.33333,0.42467,0.32033,0.80333,13.0,35.0,48.0,22.33333,5.66667,18.66667,102.33333,-0.12852,0.42066,0.49152,0.56696,38.66667,0.42867,0.278,0.76333,10.66667,27.66667,38.33333,23.33333,6.66667,12.0,101.0,-0.33978,0.29759,0.47181,0.53321,1.0,0
44.0,0.51567,0.32867,0.84867,9.66667,33.33333,43.0,29.33333,10.33333,19.66667,114.33333,-0.00204,0.37801,0.57784,0.64189,40.66667,0.442,0.41933,0.75933,7.66667,35.0,42.66667,18.33333,10.66667,8.66667,109.33333,-0.03917,0.18094,0.51381,0.5685,0.66667,1
41.33333,0.44367,0.33833,0.76,12.0,30.0,42.0,21.33333,8.0,10.0,108.33333,-0.13492,0.3197,0.51435,0.56012,46.66667,0.47133,0.36433,0.82333,13.66667,36.66667,50.33333,26.33333,10.33333,15.66667,127.33333,-0.00416,0.41209,0.53203,0.6078,0.66667,0
43.66667,0.45933,0.36633,0.672,12.0,35.0,47.0,28.66667,6.66667,11.33333,114.66667,-0.0442,0.3118,0.53158,0.57677,32.66667,0.401,0.32133,0.843,11.33333,32.66667,44.0,18.66667,7.66667,15.0,100.66667,-0.18938,0.32814,0.46887,0.57302,1.0,0
38.0,0.42767,0.25267,0.73733,8.66667,35.66667,44.33333,23.0,7.33333,10.33333,101.0,-0.10866,0.22579,0.47091,0.53931,45.33333,0.52633,0.42533,0.723,8.0,37.33333,45.33333,23.33333,6.33333,20.66667,121.33333,-0.01572,0.24444,0.61086,0.66591,0.33333,0
43.0,0.479,0.356,0.80633,11.0,36.33333,47.33333,25.33333,9.0,10.66667,120.0,0.23429,0.42006,0.55975,0.63085,42.66667,0.49733,0.37967,0.74,12.33333,31.33333,43.66667,27.66667,5.33333,13.0,108.66667,-0.0381,0.4425,0.55653,0.60588,0.66667,1
39.66667,0.438,0.37533,0.76167,7.33333,36.0,43.33333,24.33333,5.0,18.0,112.33333,-0.14543,0.18615,0.5223,0.58544,43.0,0.49833,0.37167,0.79467,11.0,36.33333,47.33333,25.66667,6.66667,11.66667,110.66667,0.18336,0.37963,0.57111,0.61611,0.33333,1
37.0,0.39433,0.273,0.824,13.33333,33.66667,47.0,23.66667,8.33333,12.0,103.0,-0.03373,0.37149,0.46606,0.52417,40.66667,0.486,0.378,0.704,9.33333,35.33333,44.66667,27.66667,7.33333,15.0,110.66667,0.11088,0.28123,0.5578,0.62228,0.33333,1
41.33333,0.47533,0.35467,0.763,8.66667,30.0,38.66667,26.33333,12.33333,12.66667,113.66667,0.08545,0.24543,0.54794,0.61726,46.0,0.48133,0.34267,0.78967,8.33333,36.0,44.33333,27.66667,9.0,12.66667,120.0,-0.00876,0.22001,0.5353,0.59748,0.33333,0
43.66667,0.48167,0.40233,0.78567,9.66667,33.66667,43.33333,21.66667,7.0,9.0,114.33333,0.09469,0.32978,0.55268,0.60452,45.0,0.50933,0.404,0.80567,9.33333,37.66667,47.0,26.66667,7.33333,10.66667,118.0,0.07786,0.2953,0.57328,0.63483,0.33333,1
40.66667,0.45567,0.364,0.79767,9.66667,33.66667,43.33333,26.0,5.33333,12.66667,110.33333,-0.03428,0.28552,0.52454,0.58815,39.0,0.45567,0.33767,0.80133,11.66667,33.66667,45.33333,19.33333,7.33333,9.66667,109.0,0.00708,0.36771,0.52205,0.59945,0.33333,0
42.0,0.49067,0.35833,0.71467,9.66667,29.66667,39.33333,23.66667,10.66667,18.33333,113.66667,-0.00095,0.29195,0.56812,0.62638,37.66667,0.44667,0.41633,0.78167,7.66667,28.0,35.66667,24.33333,5.33333,11.66667,106.33333,-0.17506,0.23371,0.53068,0.59705,1.0,1
41.66667,0.47933,0.22267,0.85167,8.33333,36.66667,45.0,27.33333,7.66667,11.33333,106.66667,0.1249,0.27605,0.51489,0.58404,41.66667,0.46,0.43133,0.76167,10.0,34.66667,44.66667,30.66667,7.66667,11.33333,118.0,-0.00607,0.26998,0.54762,0.61215,0.66667,0
44.33333,0.494,0.388,0.70333,8.66667,32.33333,41.0,23.33333,7.66667,14.33333,117.0,-0.1031,0.23699,0.55316,0.61414,43.66667,0.51567,0.45233,0.786,9.0,33.66667,42.66667,32.0,11.66667,16.66667,124.33333,0.19448,0.32739,0.61648,0.68883,0.0,1
45.0,0.504,0.43733,0.75267,6.33333,31.0,37.33333,28.0,6.66667,14.66667,122.0,-0.01556,0.17071,0.58951,0.64739,39.33333,0.46433,0.37767,0.80833,10.66667,39.0,49.66667,23.66667,5.0,16.66667,109.66667,-0.10515,0.31592,0.54126,0.61225,0.66667,0
42.33333,0.492,0.462,0.79833,8.0,32.0,40.0,25.0,6.66667,13.33333,118.66667,0.00223,0.27249,0.57511,0.64869,39.33333,0.43733,0.33,0.83867,11.0,28.33333,39.33333,26.66667,7.66667,16.33333,115.0,-0.11912,0.30928,0.51213,0.59972,1.0,0
42.0,0.46433,0.42433,0.812,7.33333,39.66667,47.0,28.66667,4.66667,13.0,118.66667,0.03612,0.20356,0.55249,0.62068,38.0,0.41867,0.29467,0.78833,7.33333,38.0,45.33333,24.66667,7.0,10.33333,107.33333,-0.13365,0.17363,0.48226,0.55888,1.0,1
42.33333,0.474,0.34333,0.72267,8.66667,35.0,43.66667,24.33333,7.0,13.66667,111.0,-0.14187,0.23163,0.52985,0.58851,37.33333,0.44533,0.35667,0.69633,9.0,32.0,41.0,22.66667,7.66667,15.33333,105.66667,-0.16786,0.24359,0.50442,0.58666,1.0,0
39.33333,0.44433,0.33633,0.71033,8.0,34.0,42.0,24.0,8.33333,10.33333,115.0,0.03433,0.20387,0.51152,0.59727,40.0,0.43333,0.364,0.76533,9.0,37.66667,46.66667,25.0,7.66667,9.0,109.33333,-0.04179,0.22884,0.50573,0.56421,0.66667,0
41.0,0.419,0.25267,0.72667,14.0,38.0,52.0,23.33333,9.33333,10.66667,106.66667,-0.07718,0.35505,0.46693,0.52016,40.33333,0.477,0.35767,0.76233,10.0,29.0,39.0,27.0,9.0,18.0,113.33333,-0.19204,0.35521,0.56174,0.63115,0.66667,0
40.66667,0.461,0.31133,0.797,8.33333,37.0,45.33333,27.0,7.66667,14.66667,106.33333,-0.12856,0.21562,0.52146,0.57629,43.33333,0.477,0.32433,0.65133,11.0,40.0,51.0,21.0,5.33333,18.0,111.0,0.00649,0.31204,0.53669,0.5819,0.33333,1
47.33333,0.55633,0.467,0.724,7.0,30.66667,37.66667,28.0,10.33333,15.66667,126.0,0.10492,0.23988,0.63951,0.70051,44.66667,0.51067,0.40567,0.76167,10.0,35.66667,45.66667,26.66667,6.0,12.0,118.33333,-0.00095,0.33838,0.58538,0.6422,0.33333,0
43.33333,0.49933,0.38733,0.76833,10.66667,31.0,41.66667,24.33333,5.0,15.66667,115.66667,-0.04543,0.36166,0.56687,0.63581,38.0,0.38133,0.36333,0.70867,10.66667,36.66667,47.33333,21.33333,7.66667,11.33333,103.33333,-0.19245,0.21765,0.45801,0.4998,1.0,0
43.33333,0.48767,0.385,0.67167,10.33333,31.66667,42.0,24.66667,10.0,12.33333,107.0,0.02612,0.34325,0.54057,0.57892,36.0,0.392,0.261,0.73767,9.0,30.66667,39.66667,21.33333,6.33333,12.0,92.0,-0.33237,0.22952,0.43576,0.48211,1.0,1
45.0,0.50833,0.395,0.77967,12.33333,37.33333,49.66667,27.66667,8.0,14.66667,119.66667,0.21648,0.45791,0.58443,0.64394,40.66667,0.49967,0.369,0.70567,10.0,35.33333,45.33333,27.0,7.66667,16.33333,112.33333,0.06838,0.32994,0.56886,0.64508,0.33333,1
40.33333,0.437,0.44933,0.744,9.66667,36.66667,46.33333,27.0,6.66667,16.0,118.33333,-0.05455,0.26547,0.53504,0.60227,43.33333,0.50833,0.404,0.758,10.0,39.0,49.0,24.33333,5.66667,14.0,114.66667,-0.02452,0.34015,0.58098,0.63834,0.33333,0
43.33333,0.55567,0.43267,0.71867,7.66667,32.33333,40.0,28.0,9.0,15.33333,111.0,0.08201,0.31313,0.62121,0.67428,39.33333,0.48467,0.33067,0.74867,8.66667,36.0,44.66667,23.0,6.33333,17.66667,108.0,-0.13936,0.31658,0.54844,0.6224,1.0,0
46.33333,0.53967,0.51433,0.742,8.66667,33.33333,42.0,29.0,5.0,10.66667,124.66667,0.14518,0.28869,0.64639,0.6939,39.0,0.44667,0.376,0.67433,12.33333,32.66667,45.0,23.0,5.66667,12.33333,105.33333,-0.05514,0.37296,0.52711,0.57598,0.66667,1
43.66667,0.46433,0.36433,0.743,10.66667,32.66667,43.33333,28.66667,7.66667,11.33333,112.66667,-0.03768,0.30854,0.52615,0.5756,36.0,0.427,0.34133,0.732,7.66667,33.33333,41.0,24.0,6.66667,15.0,106.33333,-0.11372,0.22277,0.50773,0.58383,0.66667,0
34.33333,0.40533,0.28567,0.78433,12.0,37.0,49.0,23.66667,5.66667,15.66667,99.66667,-0.05261,0.3532,0.4653,0.55182,40.0,0.452,0.36,0.696,10.33333,29.66667,40.0,26.33333,7.66667,14.33333,111.33333,-0.10796,0.30138,0.5307,0.5935,0.66667,0
41.66667,0.49167,0.37467,0.81533,11.33333,37.0,48.33333,23.33333,8.66667,21.0,115.66667,0.14648,0.42457,0.57466,0.64552,41.0,0.45367,0.41667,0.783,6.33333,36.0,42.33333,20.33333,10.66667,9.0,111.33333,0.01517,0.15342,0.53267,0.589,0.33333,1
46.66667,0.51533,0.35767,0.83033,12.33333,36.33333,48.66667,26.66667,6.66667,16.0,133.0,0.0499,0.44388,0.58285,0.67924,40.66667,0.49267,0.34667,0.76,11.66667,33.66667,45.33333,28.66667,10.33333,19.0,113.33333,0.10841,0.42871,0.56073,0.64316,0.0,0
45.0,0.49367,0.43233,0.66567,9.66667,33.33333,43.0,26.33333,9.33333,12.33333,111.33333,0.07219,0.29828,0.55766,0.59057,44.0,0.44333,0.33233,0.75733,13.33333,38.33333,51.66667,27.0,8.66667,16.0,122.0,-0.05415,0.3544,0.50806,0.5805,1.0,1
36.0,0.42867,0.32333,0.80467,8.0,36.66667,44.66667,20.0,8.66667,11.66667,115.66667,0.01698,0.2092,0.5064,0.62766,40.33333,0.45467,0.417,0.78067,11.0,35.33333,46.33333,28.33333,7.0,13.66667,113.66667,0.01206,0.31953,0.54568,0.60523,0.66667,1
43.0,0.50633,0.30733,0.86267,9.66667,36.0,45.66667,24.33333,7.33333,19.0,114.0,-0.0024,0.36905,0.56504,0.63858,37.66667,0.41733,0.35533,0.83367,11.66667,35.0,46.66667,20.0,7.0,15.33333,113.33333,-0.12143,0.30289,0.48802,0.58631,1.0,1
36.66667,0.407,0.30333,0.766,9.66667,34.33333,44.0,21.0,8.0,12.0,102.66667,-0.08629,0.24768,0.46359,0.53819,43.0,0.449,0.351,0.75733,12.66667,37.66667,50.33333,27.0,7.0,13.0,120.33333,0.00183,0.3575,0.51746,0.59107,0.66667,0
41.33333,0.487,0.39133,0.84367,6.0,39.33333,45.33333,24.0,6.33333,14.0,113.66667,0.04074,0.16903,0.5519,0.63133,40.0,0.46367,0.285,0.71533,12.33333,40.0,52.33333,22.66667,7.33333,13.66667,103.0,0.15525,0.38668,0.51747,0.56908,0.33333,1
45.66667,0.533,0.40733,0.779,12.0,32.66667,44.66667,28.33333,9.66667,16.0,124.33333,0.19047,0.43347,0.60712,0.68017,36.66667,0.446,0.311,0.794,8.33333,34.66667,43.0,22.33333,9.33333,14.66667,107.66667,0.11113,0.24738,0.5012,0.60403,0.33333,0
44.66667,0.50067,0.36967,0.74067,11.0,30.66667,41.66667,31.33333,13.33333,14.0,116.0,0.11073,0.3658,0.5719,0.62163,40.0,0.512,0.37233,0.74,8.66667,33.66667,42.33333,25.0,8.66667,16.0,113.0,0.0264,0.30879,0.58412,0.66747,0.33333,0
44.0,0.48367,0.38767,0.77933,10.33333,31.33333,41.66667,24.66667,9.0,13.0,122.33333,0.02788,0.33474,0.56275,0.63424,52.66667,0.554,0.41067,0.78633,10.66667,36.66667,47.33333,33.33333,11.0,11.33333,134.33333,0.27021,0.35388,0.6252,0.67669,0.0,0
38.0,0.43867,0.32867,0.844,10.66667,33.0,43.66667,21.33333,8.0,13.0,105.33333,0.00055,0.32495,0.5,0.57591,39.0,0.43167,0.34233,0.73667,10.66667,35.66667,46.33333,24.66667,8.0,11.33333,106.66667,-0.14634,0.27938,0.49601,0.55886,0.66667,0
41.33333,0.48633,0.32767,0.78467,9.0,34.0,43.0,25.0,7.66667,11.0,110.33333,0.06278,0.30029,0.54412,0.61357,42.66667,0.477,0.40467,0.71933,9.33333,31.66667,41.0,29.33333,7.33333,12.33333,118.66667,-0.0583,0.28352,0.5562,0.62373,0.66667,0
44.66667,0.48267,0.395,0.89833,9.66667,39.0,48.66667,27.66667,6.0,13.0,119.33333,0.07677,0.32112,0.55201,0.61662,38.66667,0.441,0.28267,0.839,10.33333,26.33333,36.66667,21.66667,9.33333,13.66667,106.33333,-0.10415,0.32634,0.49694,0.57396,0.33333,0
41.66667,0.468,0.39567,0.83267,8.0,41.66667,49.66667,26.66667,5.0,14.33333,118.66667,0.08507,0.21883,0.55155,0.62845,44.66667,0.49733,0.42633,0.695,9.66667,34.66667,44.33333,33.66667,10.33333,13.0,121.0,0.23727,0.29352,0.5986,0.64604,0.0,1
43.33333,0.49433,0.40967,0.732,8.66667,33.33333,42.0,26.66667,8.33333,12.0,123.33333,0.18528,0.25049,0.57822,0.65361,39.66667,0.45433,0.37267,0.77767,12.0,38.0,50.0,23.0,8.33333,16.66667,110.33333,-0.08873,0.35989,0.52519,0.59583,0.66667,0
41.66667,0.481,0.40033,0.81467,7.33333,37.33333,44.66667,26.66667,9.33333,14.0,114.66667,0.1826,0.23594,0.55768,0.62668,38.66667,0.43033,0.36833,0.731,8.66667,30.66667,39.33333,26.33333,10.0,12.33333,106.0,-0.1819,0.22232,0.50838,0.56322,1.0,1
41.33333,0.42267,0.309,0.72467,11.33333,37.33333,48.66667,23.0,7.0,12.0,114.33333,-0.11753,0.28299,0.47827,0.54781,37.66667,0.46533,0.32567,0.83433,6.66667,29.0,35.66667,22.0,7.66667,17.0,104.66667,-0.14828,0.1956,0.53322,0.60993,0.66667,1
43.0,0.482,0.388,0.74433,8.0,31.66667,39.66667,28.0,9.66667,14.66667,116.33333,-0.09962,0.22564,0.55263,0.61559,43.66667,0.508,0.44933,0.64333,8.0,34.66667,42.66667,30.0,9.33333,12.66667,120.66667,0.26754,0.24788,0.61481,0.66408,0.0,1
44.66667,0.54833,0.447,0.793,7.66667,39.66667,47.33333,28.0,4.33333,15.0,121.0,0.18183,0.28784,0.62606,0.69812,39.66667,0.456,0.337,0.68333,10.0,36.33333,46.33333,24.33333,8.66667,17.66667,108.66667,-0.0987,0.27439,0.50661,0.58161,1.0,0
46.66667,0.513,0.415,0.747,13.0,39.0,52.0,30.33333,6.0,13.66667,127.33333,0.21165,0.44613,0.5879,0.6564,33.66667,0.36633,0.355,0.76667,13.66667,32.0,45.66667,22.33333,9.66667,16.66667,95.66667,-0.13586,0.36241,0.43297,0.49676,1.0,0
40.66667,0.43133,0.405,0.70567,11.0,34.33333,45.33333,25.33333,7.33333,10.33333,112.33333,-0.03629,0.30113,0.51302,0.56581,41.66667,0.491,0.38367,0.78067,6.66667,29.33333,36.0,27.33333,8.0,17.0,117.33333,-0.10021,0.2335,0.59146,0.65456,0.66667,0
44.0,0.495,0.371,0.78767,7.0,36.66667,43.66667,26.66667,7.0,17.33333,119.33333,-0.06436,0.2003,0.56398,0.63182,36.0,0.39733,0.28933,0.77667,10.66667,26.33333,37.0,25.33333,10.33333,19.0,102.66667,-0.33134,0.27057,0.4574,0.53427,1.0,1
43.33333,0.50267,0.36367,0.76,8.0,37.66667,45.66667,20.33333,6.66667,9.0,121.66667,0.26913,0.23183,0.57191,0.65701,40.0,0.39467,0.33633,0.721,12.0,37.33333,49.33333,22.33333,7.0,11.33333,106.66667,-0.18453,0.25645,0.45931,0.50621,1.0,0
41.0,0.46067,0.345,0.71367,10.66667,38.66667,49.33333,26.33333,7.66667,11.33333,113.33333,0.02197,0.29259,0.52996,0.59845,42.66667,0.469,0.36767,0.75467,12.0,39.0,51.0,22.33333,6.66667,12.66667,119.0,-0.03178,0.3421,0.52945,0.61017,0.33333,1
48.0,0.508,0.418,0.755,11.66667,38.66667,50.33333,29.0,5.0,15.0,124.33333,0.1819,0.37117,0.5909,0.63438,39.33333,0.44233,0.30567,0.773,12.33333,32.0,44.33333,22.33333,9.66667,10.66667,102.66667,0.16356,0.41302,0.49313,0.54987,0.0,1
45.0,0.489,0.421,0.80933,14.0,35.0,49.0,27.0,7.33333,13.33333,124.66667,0.14662,0.47608,0.56938,0.64112,39.66667,0.42867,0.37367,0.74767,11.33333,33.0,44.33333,23.33333,4.33333,14.33333,106.0,-0.09667,0.33879,0.49367,0.54678,1.0,0
43.66667,0.50733,0.44033,0.69467,14.33333,33.33333,47.66667,25.0,9.66667,20.66667,121.66667,0.01683,0.50892,0.59675,0.66029,39.0,0.475,0.37367,0.74433,8.66667,36.0,44.66667,23.66667,6.0,15.66667,109.0,-0.12927,0.30743,0.55028,0.62188,1.0,0
41.0,0.475,0.351,0.80633,7.0,37.33333,44.33333,27.66667,8.33333,15.0,109.66667,0.13863,0.23398,0.53834,0.60329,37.33333,0.443,0.35367,0.732,7.0,33.33333,40.33333,27.33333,8.33333,16.66667,104.0,-0.09069,0.21719,0.52558,0.5828,0.66667,1
40.66667,0.476,0.35033,0.77267,10.0,37.66667,47.66667,30.33333,6.0,16.0,113.33333,0.0685,0.31272,0.54885,0.62191,40.66667,0.46667,0.358,0.811,11.33333,30.66667,42.0,26.33333,11.33333,11.66667,110.0,0.13025,0.34427,0.53597,0.59993,0.0,1
37.66667,0.43467,0.36667,0.75733,9.0,34.33333,43.33333,22.33333,8.33333,12.66667,112.33333,-0.0825,0.23742,0.50991,0.59965,44.66667,0.49733,0.50567,0.82467,8.0,34.66667,42.66667,25.0,10.33333,9.66667,121.33333,0.16143,0.25358,0.57484,0.64167,0.0,1
43.66667,0.507,0.37667,0.76033,11.66667,33.33333,45.0,25.66667,9.33333,20.0,124.33333,0.02132,0.41349,0.58464,0.66805,46.33333,0.52933,0.48,0.80067,8.66667,32.66667,41.33333,24.66667,8.66667,10.33333,121.66667,0.17031,0.30381,0.6104,0.66404,0.0,0
44.0,0.46433,0.41333,0.793,11.33333,34.0,45.33333,27.0,7.0,8.33333,122.33333,0.11605,0.32705,0.54869,0.61185,40.66667,0.41433,0.30667,0.83733,12.66667,38.66667,51.33333,19.0,7.0,15.0,117.0,-0.0457,0.31717,0.48188,0.56351,0.66667,1
43.66667,0.46067,0.383,0.87633,12.0,33.66667,45.66667,25.0,7.0,15.66667,117.33333,0.04899,0.3349,0.54553,0.59681,37.66667,0.41233,0.27067,0.77167,6.66667,32.33333,39.0,22.66667,6.0,10.0,98.0,-0.22563,0.15708,0.46935,0.51672,0.66667,1
42.0,0.47867,0.363,0.92967,12.0,31.66667,43.66667,26.33333,8.33333,11.66667,117.66667,0.13479,0.40615,0.54682,0.63371,38.66667,0.461,0.279,0.753,11.33333,34.0,45.33333,22.33333,8.0,13.66667,99.33333,0.02015,0.36585,0.50523,0.56424,0.33333,1
45.66667,0.53067,0.38367,0.736,13.66667,32.33333,46.0,28.66667,9.66667,16.33333,123.0,0.11764,0.55014,0.58887,0.66457,43.66667,0.466,0.344,0.68933,11.33333,44.0,55.33333,23.66667,7.33333,12.33333,117.66667,0.16518,0.31654,0.52862,0.59112,0.0,0
37.33333,0.45133,0.39,0.87933,7.33333,37.33333,44.66667,22.66667,7.33333,15.0,115.33333,0.03161,0.21571,0.53407,0.64586,48.66667,0.51933,0.36667,0.75467,10.33333,35.0,45.33333,28.33333,11.0,13.33333,125.66667,0.10338,0.33182,0.58273,0.6404,0.33333,0
43.0,0.50833,0.41333,0.77967,9.0,33.66667,42.66667,29.0,10.33333,13.33333,112.66667,0.10748,0.31271,0.57482,0.63274,40.33333,0.49833,0.372,0.86333,7.66667,33.66667,41.33333,24.0,8.66667,17.0,108.33333,0.06164,0.2384,0.57253,0.63748,0.33333,1
45.0,0.49267,0.39967,0.876,8.0,38.66667,46.66667,27.33333,8.0,12.66667,119.33333,0.1786,0.2721,0.55957,0.62425,40.0,0.47833,0.37633,0.85933,8.33333,30.0,38.33333,25.33333,11.0,15.66667,107.0,0.03173,0.25052,0.55428,0.61374,0.33333,1
37.66667,0.416,0.335,0.77067,9.66667,37.66667,47.33333,22.33333,8.0,14.33333,109.0,-0.09273,0.26643,0.4807,0.55943,40.0,0.42433,0.352,0.70633,16.0,34.33333,50.33333,24.0,10.66667,16.33333,109.66667,-0.20027,0.45447,0.48611,0.55038,1.0,1
35.0,0.38833,0.23733,0.75933,15.0,31.0,46.0,23.33333,8.66667,15.0,92.33333,-0.14432,0.42887,0.4391,0.49004,38.66667,0.424,0.35667,0.85,13.66667,36.33333,50.0,21.66667,6.66667,14.0,113.66667,0.00309,0.39149,0.49713,0.58521,0.33333,0
41.0,0.43033,0.32667,0.775,10.66667,39.0,49.66667,25.33333,6.66667,12.0,114.33333,0.01009,0.28934,0.49069,0.5628,38.66667,0.43367,0.28467,0.91833,11.33333,31.0,42.33333,25.33333,6.0,14.33333,104.0,-0.18712,0.33426,0.4861,0.55663,1.0,1
41.33333,0.48067,0.37567,0.775,5.33333,32.0,37.33333,30.0,10.33333,18.0,107.33333,-0.17984,0.14813,0.54455,0.59525,36.0,0.37867,0.316,0.75633,13.33333,36.33333,49.66667,22.0,8.0,11.33333,96.66667,-0.09305,0.32381,0.43464,0.48744,0.66667,0
34.33333,0.37867,0.35367,0.77867,9.0,36.33333,45.33333,23.66667,5.0,11.66667,95.66667,-0.01541,0.20362,0.46042,0.50787,38.33333,0.45267,0.35933,0.76133,8.66667,35.0,43.66667,25.0,9.0,17.33333,109.33333,-0.10181,0.25146,0.52577,0.604,1.0,0
46.66667,0.512,0.40067,0.78033,10.66667,37.0,47.66667,26.66667,8.0,14.66667,127.0,0.27744,0.3366,0.59899,0.65944,46.0,0.48233,0.37167,0.732,11.0,33.0,44.0,24.66667,7.0,12.0,121.66667,-0.0941,0.33416,0.5523,0.60665,0.66667,1
36.66667,0.44067,0.274,0.80633,9.33333,30.0,39.33333,20.33333,6.66667,14.66667,103.0,-0.10705,0.26199,0.4861,0.57626,34.0,0.36333,0.34567,0.764,15.0,33.66667,48.66667,21.66667,7.33333,14.66667,94.0,-0.14562,0.38413,0.43228,0.48402,1.0,1
37.66667,0.39533,0.33467,0.79067,9.0,34.66667,43.66667,23.33333,6.33333,14.33333,105.33333,-0.10556,0.2024,0.4675,0.52551,42.33333,0.48567,0.38467,0.78467,5.66667,31.66667,37.33333,27.66667,6.33333,12.33333,120.0,-0.03283,0.16303,0.58974,0.65265,0.66667,0
48.33333,0.54,0.38467,0.72133,9.0,36.0,45.0,29.0,8.33333,15.33333,131.0,0.09483,0.28604,0.6101,0.68388,43.33333,0.49367,0.409,0.894,7.0,35.66667,42.66667,29.0,5.33333,15.66667,120.0,0.01755,0.20743,0.58627,0.65141,0.66667,0
40.33333,0.45933,0.348,0.83033,7.66667,35.66667,43.33333,28.66667,8.66667,14.33333,102.33333,-0.07527,0.22819,0.51634,0.56225,44.33333,0.47533,0.359,0.729,9.0,29.0,38.0,25.33333,7.66667,11.66667,114.66667,-0.11194,0.24506,0.53064,0.58586,0.66667,1
41.66667,0.45033,0.24933,0.795,11.0,35.66667,46.66667,22.0,7.66667,16.0,108.33333,-0.16705,0.32414,0.49809,0.55716,39.0,0.44867,0.37633,0.737,10.33333,30.66667,41.0,23.66667,10.66667,10.66667,111.66667,0.08028,0.29823,0.51548,0.59742,0.33333,0
47.33333,0.50033,0.42433,0.708,12.0,35.0,47.0,27.66667,6.66667,15.0,120.66667,0.17138,0.39176,0.5909,0.62017,40.33333,0.46067,0.37367,0.80733,9.0,25.66667,34.66667,25.66667,9.33333,10.33333,116.66667,-0.01222,0.25509,0.54845,0.62469,0.66667,1
46.66667,0.52,0.38833,0.73067,7.66667,43.0,50.66667,27.0,4.33333,11.33333,122.66667,0.26645,0.22692,0.59838,0.65113,44.33333,0.48567,0.36533,0.76667,9.33333,37.0,46.33333,28.33333,9.33333,13.33333,119.0,0.0621,0.26889,0.56068,0.62066,0.66667,0
43.66667,0.47467,0.33867,0.78,8.66667,33.0,41.66667,24.66667,9.0,13.66667,123.33333,0.09029,0.24823,0.54722,0.62558,38.66667,0.403,0.319,0.789,11.33333,33.66667,45.0,22.0,3.33333,12.66667,106.33333,-0.13522,0.29753,0.45926,0.52646,1.0,0
36.66667,0.47667,0.377,0.87533,7.66667,31.0,38.66667,19.33333,8.66667,22.0,111.0,-0.0405,0.28117,0.55823,0.66847,41.33333,0.44933,0.44633,0.806,12.33333,34.33333,46.66667,25.33333,7.66667,12.66667,115.0,0.01249,0.34909,0.54365,0.59997,0.33333,0
45.33333,0.50933,0.42767,0.758,13.66667,35.66667,49.33333,23.66667,9.0,17.0,124.0,0.00719,0.47742,0.58614,0.65447,41.66667,0.48133,0.44333,0.82833,9.33333,35.66667,45.0,24.33333,7.0,14.0,116.66667,0.0894,0.2863,0.57346,0.63679,0.33333,0
44.0,0.551,0.46467,0.84,8.33333,34.33333,42.66667,24.66667,6.66667,13.66667,121.33333,0.14361,0.31562,0.62808,0.70914,39.0,0.47733,0.41667,0.77833,6.66667,34.66667,41.33333,25.33333,7.0,15.66667,117.0,-0.06917,0.24101,0.57132,0.66184,1.0,1
39.66667,0.483,0.411,0.82733,7.0,32.66667,39.66667,26.0,6.33333,13.33333,112.33333,-0.04764,0.21117,0.56618,0.64357,38.66667,0.47367,0.31533,0.86,9.66667,36.33333,46.0,19.33333,7.33333,13.0,109.0,-0.01469,0.31518,0.53229,0.62393,0.33333,0
40.33333,0.45033,0.358,0.599,10.66667,35.66667,46.33333,24.33333,7.33333,12.0,108.66667,-0.05509,0.27214,0.52572,0.57573,38.66667,0.469,0.42233,0.74933,7.0,34.33333,41.33333,25.0,9.66667,15.33333,112.66667,0.04418,0.22981,0.56366,0.63858,0.33333,0
40.66667,0.478,0.38067,0.78,8.33333,35.33333,43.66667,31.66667,6.33333,15.33333,116.0,0.07114,0.24708,0.56066,0.63738,41.66667,0.50833,0.47767,0.705,5.0,34.33333,39.33333,24.33333,10.0,13.0,117.33333,0.28577,0.15534,0.59281,0.66442,0.0,1
43.33333,0.48133,0.40767,0.79533,8.33333,29.33333,37.66667,21.33333,7.33333,8.33333,118.66667,0.05077,0.27899,0.56491,0.6282,42.33333,0.46733,0.357,0.72633,8.33333,31.0,39.33333,28.33333,9.66667,11.0,108.66667,-0.05051,0.23226,0.53513,0.57676,0.66667,1
41.66667,0.48633,0.37667,0.7,13.0,34.66667,47.66667,23.0,10.66667,20.33333,117.0,-0.0082,0.43928,0.56464,0.63536,43.66667,0.502,0.39033,0.56267,8.0,37.33333,45.33333,27.66667,9.0,13.0,114.33333,0.29059,0.23245,0.57493,0.61944,0.0,1
47.66667,0.516,0.41033,0.83767,13.33333,36.0,49.33333,28.33333,8.66667,12.66667,130.33333,0.19262,0.46824,0.58814,0.66536,42.66667,0.505,0.38133,0.71367,9.66667,39.66667,49.33333,20.0,5.66667,20.0,118.66667,0.0146,0.31587,0.57954,0.65263,0.33333,0
44.66667,0.48367,0.331,0.75933,14.0,37.66667,51.66667,29.0,7.66667,12.0,118.33333,0.13873,0.43333,0.53428,0.60337,43.66667,0.46533,0.38233,0.722,10.0,36.0,46.0,27.66667,5.66667,11.66667,118.33333,-0.06479,0.27771,0.54748,0.6003,0.66667,0
39.0,0.44967,0.34767,0.716,10.66667,32.0,42.66667,20.0,7.33333,13.0,107.66667,-0.09186,0.29773,0.51928,0.58398,43.33333,0.50333,0.39267,0.762,8.0,30.66667,38.66667,27.33333,8.66667,12.0,111.0,0.02551,0.26393,0.58349,0.62317,0.33333,1
40.66667,0.47133,0.37133,0.77967,8.66667,26.0,34.66667,25.0,7.0,8.66667,112.0,-0.1039,0.25039,0.54624,0.61399,43.33333,0.422,0.291,0.784,16.0,41.0,57.0,19.33333,7.0,17.0,124.33333,0.01104,0.45893,0.48769,0.56749,0.33333,1
41.33333,0.49267,0.411,0.81433,8.66667,40.33333,49.0,26.0,5.0,15.33333,112.66667,0.07108,0.29059,0.56032,0.6339,40.33333,0.434,0.37967,0.81667,10.33333,37.0,47.33333,23.0,6.66667,11.33333,108.0,0.15125,0.31822,0.51581,0.56079,0.33333,0
42.66667,0.44733,0.312,0.72833,13.33333,41.66667,55.0,22.0,6.0,14.66667,115.0,-0.03844,0.42579,0.50232,0.56728,39.0,0.469,0.29267,0.83733,11.33333,32.66667,44.0,24.66667,8.66667,12.66667,103.66667,0.05641,0.37869,0.52153,0.59194,0.0,0
45.0,0.52867,0.39533,0.70967,12.0,33.66667,45.66667,28.0,7.33333,16.66667,122.0,0.11843,0.4791,0.60408,0.67013,43.33333,0.46367,0.377,0.85667,9.0,37.0,46.0,24.33333,5.66667,9.0,117.66667,0.13071,0.28722,0.53972,0.60167,0.33333,0
42.66667,0.44433,0.32633,0.71367,12.66667,35.66667,48.33333,25.0,8.66667,14.33333,111.33333,-0.07578,0.33327,0.50337,0.55372,43.0,0.482,0.36467,0.747,9.0,33.33333,42.33333,23.0,5.33333,12.33333,119.0,-0.11889,0.28561,0.56057,0.62632,0.66667,0
42.0,0.49767,0.40067,0.87,11.33333,30.0,41.33333,26.0,8.33333,11.66667,119.0,0.16478,0.41156,0.57662,0.66265,44.66667,0.52367,0.401,0.817,9.66667,35.0,44.66667,25.33333,7.66667,13.0,117.0,0.11876,0.32687,0.60067,0.65655,0.0,0
42.33333,0.46067,0.40133,0.87533,10.0,38.33333,48.33333,26.0,7.0,15.33333,113.33333,0.13837,0.32534,0.53346,0.59345,38.0,0.43733,0.32633,0.822,9.66667,26.0,35.66667,24.66667,8.0,14.0,110.66667,-0.18181,0.29434,0.51303,0.59755,1.0,1
43.66667,0.504,0.40733,0.78333,6.66667,27.66667,34.33333,29.66667,8.33333,12.33333,116.0,-0.03708,0.19515,0.59526,0.64406,40.66667,0.434,0.34567,0.68767,15.66667,37.66667,53.33333,23.33333,8.66667,15.0,114.66667,-0.08815,0.45447,0.5,0.57304,0.66667,1
42.66667,0.504,0.371,0.84267,6.33333,35.66667,42.0,27.66667,8.0,14.66667,114.0,0.15518,0.21954,0.57947,0.64235,36.66667,0.37767,0.27967,0.75167,8.66667,34.0,42.66667,18.0,8.0,12.33333,98.33333,-0.35241,0.1778,0.43331,0.48514,1.0,0
46.33333,0.50067,0.33533,0.73433,14.0,40.33333,54.33333,29.0,7.0,13.33333,122.0,0.1232,0.44084,0.55447,0.62006,34.33333,0.38067,0.326,0.718,12.66667,32.66667,45.33333,20.0,7.33333,12.66667,99.0,-0.21581,0.32754,0.44546,0.51709,0.66667,0
44.33333,0.507,0.37433,0.747,8.66667,46.33333,55.0,26.0,3.33333,16.33333,113.0,0.20985,0.29069,0.57749,0.62207,39.33333,0.43867,0.33533,0.74867,11.66667,32.33333,44.0,21.33333,8.0,13.33333,104.0,-0.19711,0.32567,0.49064,0.55097,0.66667,0
45.0,0.46433,0.387,0.76833,12.66667,33.66667,46.33333,27.66667,7.33333,9.66667,125.66667,0.06346,0.35957,0.54696,0.61272,38.0,0.43867,0.325,0.752,7.66667,36.33333,44.0,25.66667,9.33333,18.0,106.33333,-0.13785,0.21495,0.50811,0.57817,1.0,1
44.0,0.48333,0.415,0.765,8.66667,32.0,40.66667,29.0,7.33333,12.66667,115.66667,-0.04269,0.24738,0.56187,0.61075,38.33333,0.44933,0.33,0.75533,6.66667,35.66667,42.33333,24.66667,2.33333,11.33333,106.66667,-0.12365,0.18207,0.53567,0.59434,1.0,0
48.33333,0.524,0.36233,0.77833,10.66667,39.66667,50.33333,31.33333,7.33333,16.0,133.66667,0.08805,0.35203,0.59412,0.6767,46.33333,0.48933,0.40233,0.767,7.0,29.66667,36.66667,26.0,9.0,11.33333,116.33333,6e-05,0.188,0.55455,0.59419,0.33333,1
42.33333,0.49667,0.43767,0.82333,6.33333,30.0,36.33333,29.66667,8.0,12.66667,116.66667,-0.02165,0.1866,0.59378,0.65301,44.33333,0.47,0.329,0.684,10.33333,41.0,51.33333,24.33333,8.33333,11.33333,115.33333,0.10478,0.2898,0.52654,0.58034,0.33333,1
41.66667,0.465,0.37367,0.74,7.33333,25.33333,32.66667,24.0,9.33333,6.33333,115.0,-0.0725,0.19352,0.55243,0.61116,38.66667,0.42833,0.37633,0.80333,11.0,28.0,39.0,23.66667,10.0,10.33333,114.66667,-0.01012,0.30486,0.51067,0.59435,0.66667,1
43.66667,0.472,0.351,0.74333,12.0,38.0,50.0,26.66667,6.0,15.33333,114.33333,0.08227,0.40207,0.5491,0.59386,40.0,0.43267,0.31233,0.79133,14.0,38.0,52.0,20.66667,8.33333,18.0,113.0,0.06405,0.43621,0.51705,0.57952,0.0,1
43.66667,0.48867,0.33667,0.77633,11.0,36.0,47.0,27.0,7.66667,13.66667,115.33333,0.1063,0.32414,0.54964,0.61315,43.0,0.477,0.39367,0.80267,7.66667,35.66667,43.33333,27.0,7.0,16.66667,119.66667,0.01017,0.20987,0.56916,0.63026,0.66667,1
39.33333,0.482,0.32133,0.77033,11.66667,35.0,46.66667,21.33333,9.0,12.33333,104.33333,0.08365,0.38571,0.53055,0.60047,39.33333,0.42367,0.28433,0.75267,12.66667,31.33333,44.0,23.0,3.33333,12.33333,107.33333,-0.14279,0.3457,0.46993,0.54171,1.0,0
37.66667,0.47033,0.413,0.847,8.33333,29.66667,38.0,18.0,9.33333,18.33333,112.0,-0.0471,0.27219,0.55444,0.65411,40.0,0.513,0.40667,0.74333,6.33333,33.0,39.33333,25.33333,8.66667,18.33333,109.0,0.00253,0.23087,0.5853,0.65981,0.66667,1
38.33333,0.45333,0.252,0.769,8.33333,32.66667,41.0,22.66667,6.66667,12.33333,102.33333,-0.08084,0.23034,0.49418,0.56887,40.0,0.432,0.37167,0.83267,12.33333,33.33333,45.66667,21.33333,7.0,11.66667,108.66667,-0.05055,0.34539,0.50642,0.56409,0.66667,1
39.0,0.46633,0.30033,0.835,7.0,35.66667,42.66667,25.0,5.0,15.33333,109.0,-0.04856,0.19431,0.52711,0.61149,38.66667,0.446,0.26367,0.89367,9.66667,33.0,42.66667,22.0,7.0,13.0,106.0,-0.13464,0.26657,0.49052,0.57655,0.66667,0
42.0,0.47767,0.38467,0.76667,9.0,33.66667,42.66667,34.0,5.33333,16.33333,120.0,-0.01189,0.26559,0.56712,0.63931,40.33333,0.472,0.43633,0.77167,7.66667,31.66667,39.33333,25.0,8.0,13.33333,117.0,0.01628,0.22965,0.57188,0.64437,0.66667,1
40.66667,0.463,0.28967,0.70933,10.0,33.33333,43.33333,23.0,7.33333,10.66667,108.0,-0.04595,0.27907,0.51409,0.5783,40.66667,0.48167,0.425,0.76933,7.66667,33.33333,41.0,24.33333,8.66667,15.0,112.66667,-0.02526,0.25875,0.57415,0.6348,0.66667,0
40.33333,0.44467,0.304,0.83767,10.0,35.66667,45.66667,29.33333,5.0,14.66667,113.33333,-0.09026,0.2803,0.51259,0.59003,46.33333,0.51933,0.467,0.80067,11.0,30.0,41.0,25.66667,9.66667,10.66667,121.33333,0.08966,0.36492,0.588,0.64696,0.33333,1
40.66667,0.44767,0.401,0.77833,11.33333,37.66667,49.0,25.0,7.66667,15.0,121.33333,0.06964,0.30675,0.52881,0.62002,43.66667,0.50633,0.37067,0.72267,8.33333,37.33333,45.66667,22.0,7.66667,18.66667,118.33333,-0.03226,0.27373,0.58151,0.64549,0.66667,1
39.0,0.44467,0.35367,0.74067,12.66667,31.33333,44.0,21.33333,6.33333,12.66667,105.0,-0.12685,0.35329,0.51721,0.5713,36.33333,0.40033,0.318,0.68233,11.33333,31.33333,42.66667,18.0,7.33333,14.0,97.0,-0.24839,0.28553,0.45878,0.51023,1.0,1
41.66667,0.46033,0.31567,0.75933,11.0,36.33333,47.33333,28.0,10.0,12.66667,106.66667,0.11165,0.3207,0.51629,0.56397,33.66667,0.37333,0.25033,0.76867,10.0,32.0,42.0,25.0,11.66667,15.66667,96.66667,-0.23943,0.24484,0.42612,0.50598,0.66667,1
38.66667,0.43567,0.37633,0.629,11.0,39.66667,50.66667,23.66667,7.66667,12.33333,106.66667,-0.09122,0.27188,0.51319,0.56834,39.0,0.50067,0.4,0.81433,10.33333,29.0,39.33333,25.0,11.0,18.0,117.66667,0.00782,0.38604,0.57793,0.689,0.33333,0
38.0,0.405,0.29467,0.837,12.66667,30.33333,43.0,19.0,6.66667,16.0,102.33333,-0.26206,0.33274,0.47457,0.52582,44.33333,0.43167,0.345,0.67467,10.66667,34.0,44.66667,23.33333,6.33333,10.0,119.0,-0.15018,0.25037,0.50299,0.55428,1.0,0
42.66667,0.52867,0.42833,0.796,9.33333,30.33333,39.66667,30.33333,7.0,14.66667,116.0,0.12012,0.37214,0.61665,0.68043,45.0,0.47533,0.33933,0.63467,10.0,38.66667,48.66667,26.66667,6.66667,14.33333,110.33333,-0.11363,0.2626,0.53307,0.56328,0.66667,0
42.0,0.52867,0.374,0.803,10.33333,33.0,43.33333,27.33333,9.66667,15.33333,110.66667,0.09636,0.38413,0.58473,0.6547,42.33333,0.47033,0.34067,0.842,8.0,28.33333,36.33333,25.66667,8.0,9.0,120.33333,0.12481,0.21901,0.54709,0.62782,0.33333,0
48.66667,0.529,0.36067,0.726,10.33333,36.66667,47.0,34.33333,9.33333,17.0,132.0,0.01163,0.35411,0.59606,0.67133,42.0,0.44867,0.36867,0.723,14.66667,37.0,51.66667,23.66667,8.33333,14.0,119.33333,0.04003,0.45335,0.51832,0.59646,0.33333,0
41.33333,0.486,0.33667,0.84933,6.66667,35.0,41.66667,25.66667,7.66667,14.33333,111.33333,0.02255,0.21066,0.55391,0.62243,39.66667,0.512,0.38433,0.78467,7.66667,30.66667,38.33333,25.0,10.66667,17.0,116.0,-0.03672,0.27616,0.5938,0.68963,0.66667,1
34.33333,0.39067,0.251,0.755,12.33333,35.0,47.33333,21.33333,7.0,13.0,97.0,-0.18503,0.31369,0.43825,0.51602,40.33333,0.484,0.45533,0.88533,6.33333,31.66667,38.0,27.0,7.66667,11.66667,119.66667,0.07392,0.20629,0.57627,0.67093,0.33333,1
39.0,0.433,0.27433,0.84533,11.66667,35.0,46.66667,26.0,8.0,16.33333,101.66667,-0.09158,0.36921,0.48147,0.53981,42.0,0.45733,0.369,0.709,11.33333,29.0,40.33333,22.0,6.66667,12.0,110.0,-0.25909,0.32535,0.52362,0.57187,1.0,1
35.33333,0.41633,0.259,0.749,9.0,34.0,43.0,20.0,5.33333,10.66667,102.0,-0.23273,0.21739,0.47006,0.5574,37.33333,0.42467,0.33467,0.74267,10.33333,34.33333,44.66667,23.33333,8.33333,14.66667,104.66667,-0.09036,0.2837,0.50255,0.56433,0.66667,0
43.0,0.49867,0.41367,0.87533,11.66667,35.33333,47.0,25.33333,8.66667,14.66667,124.66667,0.18453,0.3954,0.57191,0.67497,36.66667,0.401,0.299,0.72833,12.33333,35.33333,47.66667,23.66667,7.66667,11.33333,98.66667,-0.10219,0.31085,0.46056,0.51436,0.66667,0
41.66667,0.469,0.408,0.83033,9.66667,39.33333,49.0,23.33333,7.33333,14.0,123.33333,0.10926,0.27142,0.55221,0.646,49.0,0.50833,0.37933,0.77767,8.66667,28.66667,37.33333,27.0,9.0,14.33333,121.66667,-0.00228,0.25167,0.57396,0.61096,0.33333,0
45.0,0.48967,0.38533,0.70967,11.0,40.33333,51.33333,29.0,6.66667,11.33333,119.33333,0.19328,0.33718,0.56312,0.61482,39.66667,0.46533,0.33433,0.74267,7.0,35.33333,42.33333,25.66667,4.33333,11.66667,105.0,-0.10471,0.19841,0.53567,0.58759,1.0,1
41.66667,0.46067,0.339,0.79733,13.33333,31.33333,44.66667,21.0,5.33333,11.0,106.66667,-0.0881,0.37646,0.5237,0.56902,36.66667,0.38333,0.25733,0.78367,7.66667,31.66667,39.33333,17.66667,10.0,13.0,94.66667,-0.3867,0.15873,0.42796,0.47652,1.0,0
43.0,0.44633,0.34967,0.69633,10.33333,39.0,49.33333,28.33333,8.33333,15.0,115.33333,-0.00888,0.2702,0.52614,0.57217,46.66667,0.518,0.325,0.67,7.0,40.0,47.0,27.66667,8.33333,11.33333,117.0,0.11926,0.21434,0.57088,0.61735,0.33333,1
42.33333,0.48833,0.38333,0.73533,8.66667,31.0,39.66667,25.66667,7.66667,11.0,115.0,0.11199,0.28102,0.56669,0.62657,38.0,0.478,0.37233,0.72467,8.66667,37.33333,46.0,20.33333,7.66667,18.33333,106.0,0.01313,0.3023,0.55308,0.62811,0.66667,0
39.66667,0.443,0.31233,0.72067,11.0,32.33333,43.33333,22.66667,7.0,14.0,104.66667,-0.132,0.3563,0.50866,0.55904,35.33333,0.41967,0.34933,0.74267,7.66667,35.0,42.66667,21.0,7.0,16.33333,102.66667,-0.04465,0.20171,0.50234,0.57485,0.66667,1
43.0,0.478,0.321,0.73967,9.66667,35.33333,45.0,27.0,7.33333,12.66667,113.66667,-0.02866,0.2663,0.53169,0.59586,46.0,0.51767,0.422,0.825,6.66667,37.33333,44.0,26.66667,7.33333,13.66667,125.66667,0.12068,0.20022,0.60753,0.67113,0.33333,0
45.33333,0.48333,0.344,0.75867,8.66667,41.66667,50.33333,28.33333,3.33333,12.33333,125.66667,0.07275,0.23317,0.54532,0.6231,40.33333,0.46067,0.291,0.71733,9.66667,28.66667,38.33333,24.0,5.66667,9.66667,108.0,-0.18257,0.26462,0.51253,0.57885,1.0,0
39.66667,0.47967,0.41167,0.85133,7.33333,30.0,37.33333,18.0,8.0,16.0,114.66667,-0.06427,0.23077,0.55025,0.65061,41.66667,0.46667,0.358,0.71667,9.33333,34.0,43.33333,24.33333,6.33333,13.0,115.0,-0.07834,0.27076,0.54051,0.60666,0.66667,1
44.0,0.479,0.37033,0.78667,8.0,35.66667,43.66667,26.0,7.66667,12.0,115.0,0.05941,0.22271,0.54618,0.5996,42.33333,0.493,0.42533,0.80867,6.0,31.33333,37.33333,26.33333,9.33333,11.66667,123.0,0.06512,0.17769,0.59403,0.67257,0.33333,1
40.33333,0.47833,0.39633,0.72667,9.66667,34.66667,44.33333,25.0,7.0,15.33333,110.0,0.04987,0.3003,0.55494,0.61519,42.33333,0.48033,0.39533,0.804,7.0,34.33333,41.33333,22.33333,9.33333,14.0,115.0,-0.0558,0.2161,0.56415,0.62454,0.66667,1
36.33333,0.411,0.28567,0.82,12.33333,38.33333,50.66667,20.0,6.33333,15.0,108.0,-0.00027,0.37847,0.46465,0.56692,42.0,0.47633,0.38733,0.80533,12.0,34.0,46.0,22.0,9.33333,12.33333,111.33333,0.05488,0.38492,0.54795,0.60394,0.33333,1
39.66667,0.44733,0.298,0.72267,11.0,35.33333,46.33333,26.0,10.33333,10.66667,102.66667,0.12705,0.30332,0.49781,0.55101,45.0,0.48567,0.37167,0.71767,11.33333,35.33333,46.66667,24.66667,8.66667,14.0,120.66667,0.04383,0.37569,0.55766,0.61547,0.66667,0
42.66667,0.476,0.40233,0.89167,10.33333,30.33333,40.66667,30.66667,6.33333,12.0,121.0,-0.00724,0.30941,0.57067,0.64124,38.0,0.441,0.35467,0.777,11.33333,36.0,47.33333,20.33333,8.0,18.0,111.0,0.0643,0.3743,0.52086,0.60043,0.0,0
41.66667,0.446,0.34967,0.71833,10.33333,34.0,44.33333,25.0,7.0,11.66667,112.66667,-0.03152,0.27909,0.52448,0.57553,37.33333,0.401,0.24233,0.77067,8.66667,32.33333,41.0,18.0,9.33333,14.66667,99.33333,-0.32248,0.20057,0.4439,0.50743,1.0,1
41.0,0.47067,0.31,0.76567,9.33333,28.33333,37.66667,25.0,7.66667,15.33333,113.0,-0.1575,0.26778,0.52903,0.60821,41.66667,0.44033,0.36733,0.80867,8.33333,34.33333,42.66667,23.0,8.33333,8.0,115.0,0.10897,0.25944,0.51362,0.5779,0.66667,1
41.0,0.46267,0.34,0.855,10.33333,34.33333,44.66667,24.66667,8.66667,15.66667,110.66667,0.03498,0.3014,0.53625,0.59804,43.66667,0.44833,0.34233,0.64767,10.33333,36.66667,47.0,24.33333,6.33333,14.66667,114.0,-0.1855,0.26033,0.51736,0.56033,1.0,1
40.66667,0.50133,0.38867,0.74233,10.0,31.66667,41.66667,26.33333,8.0,14.66667,109.66667,0.07425,0.34823,0.57708,0.63892,37.66667,0.43133,0.30233,0.888,10.0,30.33333,40.33333,22.0,8.0,12.66667,103.66667,-0.02188,0.3164,0.49037,0.56439,0.66667,1
40.66667,0.467,0.372,0.803,8.0,40.33333,48.33333,25.66667,7.0,13.0,119.33333,0.15602,0.22529,0.55005,0.6382,38.66667,0.46,0.356,0.781,8.33333,26.33333,34.66667,26.33333,8.33333,12.66667,110.66667,-0.0631,0.25245,0.54627,0.61959,0.66667,0
39.33333,0.43867,0.34767,0.75933,11.66667,29.33333,41.0,23.33333,6.33333,10.33333,103.66667,-0.11293,0.34771,0.50134,0.5531,42.0,0.49767,0.32333,0.79267,7.66667,32.0,39.66667,22.66667,12.33333,10.33333,109.0,0.1786,0.22438,0.55509,0.61275,0.0,1
44.33333,0.553,0.43833,0.78667,6.66667,32.33333,39.0,24.33333,7.33333,13.33333,121.33333,0.00654,0.2282,0.62979,0.7059,41.66667,0.49167,0.439,0.81967,5.33333,33.66667,39.0,25.33333,11.0,13.33333,120.33333,0.23441,0.15867,0.57338,0.66286,0.0,0
41.0,0.468,0.393,0.71767,13.33333,36.33333,49.66667,25.66667,8.0,16.0,114.33333,0.04525,0.4392,0.5457,0.61328,41.33333,0.48567,0.33567,0.66133,6.0,38.66667,44.66667,25.0,6.0,14.66667,101.66667,-0.17167,0.17196,0.54675,0.57793,0.66667,1
42.0,0.469,0.34,0.868,8.0,41.0,49.0,25.66667,9.33333,14.0,120.66667,0.14262,0.22934,0.54551,0.63165,41.0,0.47667,0.391,0.763,10.0,39.0,49.0,21.33333,8.33333,15.33333,119.0,0.12202,0.33907,0.55429,0.64079,0.33333,0
44.0,0.539,0.37767,0.76833,7.0,31.33333,38.33333,26.0,6.66667,12.33333,115.33333,0.00143,0.2319,0.60599,0.66755,37.66667,0.41167,0.318,0.65033,11.33333,32.0,43.33333,18.33333,8.0,11.0,98.0,-0.20616,0.29478,0.4697,0.51271,0.66667,0
42.0,0.43267,0.32567,0.74267,9.66667,37.66667,47.33333,25.66667,10.33333,16.33333,117.33333,-0.0016,0.24189,0.50667,0.57241,42.66667,0.468,0.378,0.75233,10.66667,29.66667,40.33333,22.66667,7.33333,11.66667,115.0,-0.10071,0.31957,0.54051,0.59997,0.66667,0
39.0,0.423,0.256,0.79767,15.0,35.66667,50.66667,21.0,7.33333,12.66667,107.33333,0.01204,0.46181,0.4664,0.54779,32.33333,0.381,0.336,0.73333,10.33333,39.66667,50.0,23.0,8.66667,15.66667,96.0,-0.14982,0.28182,0.45065,0.53015,0.33333,0
35.66667,0.37667,0.269,0.803,14.0,30.33333,44.33333,21.66667,7.66667,13.33333,96.0,-0.25807,0.33567,0.43644,0.48776,38.66667,0.424,0.39867,0.81633,12.66667,33.33333,46.0,27.66667,6.66667,12.66667,110.66667,-0.10729,0.34936,0.50438,0.57788,0.66667,0
42.0,0.477,0.35033,0.78667,9.0,27.66667,36.66667,27.33333,8.0,12.66667,113.33333,-0.12444,0.25399,0.55765,0.61592,35.33333,0.38967,0.27033,0.75,11.66667,34.33333,46.0,24.33333,8.33333,12.33333,97.66667,-0.14567,0.29239,0.4496,0.51129,0.66667,1
38.33333,0.42433,0.29967,0.79567,10.0,35.33333,45.33333,27.33333,7.0,12.33333,106.0,-0.0986,0.27895,0.49489,0.55821,38.66667,0.46067,0.37967,0.769,9.33333,35.0,44.33333,22.33333,5.66667,13.0,103.66667,-0.04095,0.30741,0.53458,0.58996,0.66667,1
36.33333,0.40067,0.301,0.81267,9.33333,39.0,48.33333,23.0,7.33333,11.66667,101.0,0.08081,0.22029,0.46042,0.52834,41.33333,0.47667,0.37267,0.77633,10.33333,34.66667,45.0,24.33333,8.0,13.66667,118.33333,0.06915,0.33261,0.54616,0.63391,0.33333,0
38.66667,0.43967,0.30933,0.77933,11.33333,30.33333,41.66667,22.0,4.33333,12.0,101.0,-0.08728,0.36122,0.48883,0.54742,47.0,0.50067,0.352,0.809,8.66667,32.33333,41.0,27.0,10.33333,14.66667,121.66667,0.02326,0.2493,0.56463,0.62018,0.33333,1
39.66667,0.47933,0.40567,0.791,10.0,29.33333,39.33333,26.66667,6.66667,12.0,114.66667,0.09536,0.34431,0.5582,0.64806,47.33333,0.49033,0.37333,0.768,11.66667,34.0,45.66667,25.0,10.0,11.33333,127.33333,0.11235,0.37767,0.56038,0.62282,0.66667,1
36.66667,0.40533,0.21767,0.739,11.33333,35.33333,46.66667,19.33333,6.66667,12.0,97.66667,-0.19752,0.32897,0.44563,0.5112,37.0,0.40767,0.36767,0.831,12.66667,32.66667,45.33333,25.33333,8.0,15.0,109.66667,-0.04535,0.34464,0.47904,0.56594,0.33333,0
37.33333,0.43,0.31367,0.855,8.0,33.66667,41.66667,25.66667,8.66667,12.0,102.66667,-0.08403,0.2234,0.50361,0.56589,46.66667,0.512,0.38567,0.82833,7.0,33.33333,40.33333,28.0,8.66667,13.33333,123.66667,-0.00906,0.20512,0.58662,0.64622,0.66667,1
42.66667,0.51067,0.361,0.755,6.33333,30.33333,36.66667,27.66667,7.0,13.66667,117.66667,-0.01335,0.19389,0.5841,0.65874,42.33333,0.48833,0.37467,0.72,9.33333,29.0,38.33333,24.66667,6.33333,10.0,114.0,-0.12196,0.30546,0.54771,0.61553,1.0,0
43.0,0.48733,0.37533,0.84867,8.33333,35.0,43.33333,19.66667,6.0,13.0,116.0,0.0071,0.24985,0.54926,0.62254,34.33333,0.43967,0.43433,0.85,10.66667,34.0,44.66667,18.0,6.66667,17.0,107.33333,0.043,0.37104,0.53374,0.6415,0.33333,1
39.33333,0.42733,0.40467,0.76167,7.66667,38.66667,46.33333,24.33333,10.33333,14.33333,120.0,0.05718,0.19061,0.52803,0.60971,39.66667,0.44433,0.35833,0.794,11.0,36.33333,47.33333,24.33333,7.33333,12.66667,119.0,0.1083,0.30338,0.52875,0.62063,0.0,0
46.66667,0.52733,0.42867,0.769,9.66667,41.0,50.66667,28.33333,4.0,12.0,124.33333,0.18168,0.32514,0.59678,0.66162,43.33333,0.51233,0.42033,0.68,10.0,33.0,43.0,24.66667,9.33333,14.33333,113.33333,0.06951,0.33475,0.59939,0.64342,0.33333,0
40.33333,0.47433,0.34667,0.733,12.0,31.33333,43.33333,21.66667,8.33333,17.33333,106.33333,0.03971,0.42824,0.53296,0.59241,46.0,0.49667,0.36367,0.79467,9.66667,33.66667,43.33333,25.33333,8.33333,14.33333,120.33333,-0.05462,0.3361,0.57422,0.62369,0.66667,0
43.66667,0.48767,0.39833,0.74433,10.0,36.33333,46.33333,27.33333,9.33333,13.33333,123.33333,0.17507,0.29367,0.56553,0.64173,40.66667,0.46433,0.36167,0.803,10.33333,33.66667,44.0,22.66667,11.0,14.33333,112.0,0.04044,0.31587,0.53251,0.60451,0.33333,0
44.66667,0.51767,0.396,0.80533,11.0,36.0,47.0,24.0,9.0,17.0,122.66667,0.05684,0.37663,0.58536,0.66621,42.66667,0.47333,0.334,0.82067,4.33333,32.66667,37.0,26.33333,8.33333,8.33333,118.33333,-0.04486,0.12151,0.53427,0.61611,0.66667,0
41.33333,0.46567,0.34467,0.82767,11.33333,35.33333,46.66667,24.0,6.66667,13.0,112.0,-0.01015,0.32127,0.53197,0.59984,36.66667,0.46933,0.47767,0.864,7.66667,33.66667,41.33333,22.33333,6.33333,15.66667,109.66667,0.05688,0.27104,0.56944,0.6635,0.33333,0
42.0,0.45467,0.338,0.658,9.33333,38.0,47.33333,25.33333,6.66667,15.66667,112.66667,-0.0564,0.25317,0.53995,0.58248,38.66667,0.46433,0.41,0.83533,7.0,31.0,38.0,23.33333,8.33333,15.33333,109.33333,0.01426,0.22143,0.55604,0.62301,0.33333,0
42.0,0.44967,0.35233,0.61567,10.66667,35.66667,46.33333,25.0,9.0,12.66667,106.33333,-0.04442,0.26476,0.51723,0.549,44.66667,0.49867,0.404,0.78033,8.33333,32.33333,40.66667,22.0,7.33333,13.66667,123.66667,-0.03485,0.25703,0.57358,0.64926,0.66667,0
35.66667,0.398,0.38333,0.76867,10.66667,34.33333,45.0,24.0,8.66667,14.0,108.0,-0.00541,0.28371,0.48837,0.56763,39.0,0.45033,0.334,0.73333,8.0,31.66667,39.66667,26.0,8.33333,13.0,109.66667,-0.05228,0.21475,0.53331,0.59734,0.66667,1
44.66667,0.49667,0.43267,0.71,13.0,37.0,50.0,28.33333,6.66667,18.0,127.33333,0.03686,0.44575,0.5861,0.65857,39.33333,0.44533,0.39967,0.86333,10.0,33.0,43.0,27.0,7.0,13.66667,121.0,-0.03633,0.30037,0.53097,0.63316,0.66667,0
35.33333,0.41933,0.30567,0.84067,9.66667,37.66667,47.33333,20.33333,6.66667,16.66667,106.0,-0.00201,0.28043,0.48471,0.58451,43.0,0.485,0.36833,0.76133,12.66667,39.0,51.66667,21.0,8.66667,18.0,117.66667,0.0415,0.44462,0.55308,0.62395,0.66667,0
40.66667,0.43267,0.282,0.81867,12.33333,35.33333,47.66667,24.0,9.0,14.33333,110.0,0.04311,0.34516,0.49695,0.55841,38.66667,0.50967,0.39633,0.83367,5.66667,34.0,39.66667,26.66667,9.0,18.33333,113.33333,0.08043,0.20952,0.58166,0.68857,0.33333,1
40.33333,0.47567,0.32333,0.74533,9.33333,29.33333,38.66667,25.0,7.0,17.33333,113.0,-0.14271,0.2749,0.54054,0.62088,42.66667,0.46567,0.337,0.769,13.66667,35.0,48.66667,17.66667,6.66667,14.33333,111.66667,-0.03847,0.48413,0.52167,0.57993,0.66667,0
34.66667,0.40633,0.254,0.78333,10.0,33.66667,43.66667,21.66667,5.0,11.66667,105.0,-0.1521,0.25579,0.46407,0.56719,45.66667,0.50267,0.36767,0.687,5.33333,38.0,43.33333,24.0,7.66667,11.33333,120.66667,-0.04763,0.1418,0.5771,0.62643,0.33333,1
41.66667,0.459,0.37567,0.78833,10.33333,32.66667,43.0,24.0,7.66667,10.66667,117.33333,0.01816,0.29336,0.529,0.60703,34.33333,0.42433,0.32567,0.79267,7.33333,37.66667,45.0,19.33333,7.33333,14.33333,103.33333,0.0959,0.19906,0.4953,0.59367,0.33333,0
41.33333,0.44833,0.32767,0.77467,11.66667,32.33333,44.0,24.0,9.0,13.0,113.33333,-0.06416,0.32317,0.51684,0.58163,42.66667,0.47567,0.30667,0.79467,10.66667,32.66667,43.33333,25.0,11.0,17.0,116.33333,-0.0002,0.32858,0.53317,0.61116,0.33333,0
44.33333,0.488,0.40433,0.72167,12.33333,40.33333,52.66667,27.66667,3.0,14.0,124.66667,0.07709,0.37898,0.56158,0.63676,37.0,0.406,0.31533,0.783,13.0,31.0,44.0,26.66667,8.0,14.33333,103.0,-0.13928,0.3539,0.47142,0.53655,0.66667,1
34.33333,0.39633,0.33367,0.78767,10.66667,29.33333,40.0,25.0,8.33333,16.33333,101.33333,-0.11291,0.31079,0.47759,0.55385,40.66667,0.419,0.308,0.78733,9.33333,33.66667,43.0,23.33333,8.33333,12.33333,110.33333,-0.10053,0.21816,0.48517,0.54338,0.66667,0
38.33333,0.43967,0.28033,0.78133,11.0,39.0,50.0,21.0,7.33333,14.33333,103.66667,0.03117,0.34087,0.49495,0.56283,42.0,0.46033,0.311,0.81433,7.33333,33.66667,41.0,21.66667,7.0,11.0,115.0,-0.10809,0.178,0.51341,0.59369,1.0,0
38.33333,0.421,0.311,0.74233,12.66667,30.0,42.66667,21.66667,7.33333,14.33333,101.0,-0.06081,0.40423,0.47567,0.52952,39.0,0.424,0.31267,0.896,10.66667,32.33333,43.0,25.33333,6.0,11.0,106.66667,-0.06193,0.30251,0.48556,0.55398,0.66667,0
45.66667,0.50967,0.40233,0.777,7.66667,37.66667,45.33333,26.66667,7.0,14.0,128.33333,0.0775,0.22846,0.60315,0.67258,44.0,0.513,0.37833,0.83933,6.0,38.0,44.0,27.33333,7.33333,13.33333,118.33333,0.07777,0.18824,0.58343,0.6532,0.33333,1
41.66667,0.48133,0.31533,0.862,6.33333,34.0,40.33333,22.33333,5.0,13.33333,113.0,-0.09026,0.18662,0.53341,0.6152,40.66667,0.45967,0.342,0.779,9.66667,31.33333,41.0,21.0,7.33333,10.33333,112.33333,-0.11499,0.30714,0.51827,0.59545,1.0,1
41.0,0.459,0.35833,0.837,9.66667,31.33333,41.0,28.0,6.0,11.66667,114.0,-0.01866,0.26655,0.53399,0.6047,41.66667,0.475,0.37267,0.77633,10.66667,31.66667,42.33333,24.66667,10.66667,11.66667,117.0,0.11717,0.33988,0.54354,0.62398,0.0,0
42.0,0.472,0.42833,0.729,11.33333,38.33333,49.66667,25.66667,7.0,16.33333,122.33333,0.06542,0.33639,0.56186,0.63831,39.66667,0.472,0.34267,0.76567,8.0,34.33333,42.33333,26.66667,6.0,14.33333,119.0,-0.0165,0.22607,0.55556,0.65105,0.33333,1
43.33333,0.45267,0.362,0.76567,11.0,42.33333,53.33333,25.66667,7.66667,16.33333,123.66667,-0.04439,0.3091,0.5262,0.60267,44.66667,0.48367,0.379,0.81633,10.66667,35.0,45.66667,26.0,8.33333,14.66667,121.0,-0.04587,0.35294,0.55975,0.62343,0.66667,0
39.66667,0.467,0.347,0.82567,9.66667,34.33333,44.0,23.33333,7.33333,13.0,114.0,0.04281,0.2929,0.54121,0.6288,31.66667,0.39033,0.33867,0.76,9.0,41.33333,50.33333,21.0,7.0,15.66667,99.66667,-0.00618,0.25732,0.46605,0.56521,0.33333,1
43.66667,0.46067,0.40167,0.79333,6.66667,38.66667,45.33333,26.66667,8.0,10.66667,115.33333,0.03333,0.16903,0.53588,0.58565,40.0,0.469,0.362,0.805,9.0,35.0,44.0,22.0,9.33333,15.33333,110.66667,0.04301,0.29048,0.5333,0.60986,0.33333,1
43.33333,0.501,0.4,0.84867,9.33333,36.33333,45.66667,23.33333,8.33333,13.66667,125.33333,0.14821,0.2901,0.57231,0.67214,37.0,0.42267,0.26233,0.80033,10.0,33.66667,43.66667,23.0,8.33333,16.0,103.0,-0.06409,0.28609,0.47767,0.55403,0.66667,0
42.66667,0.48033,0.32667,0.75167,9.0,31.66667,40.66667,26.0,6.0,10.0,115.33333,0.03934,0.24856,0.54385,0.61108,41.66667,0.47233,0.36733,0.82767,6.66667,29.33333,36.0,23.33333,8.66667,15.0,114.66667,-0.13523,0.20116,0.54256,0.61574,0.66667,0
44.0,0.50167,0.407,0.688,7.0,40.66667,47.66667,27.0,6.66667,15.33333,122.33333,0.10294,0.22155,0.60055,0.65689,40.66667,0.45467,0.37233,0.738,9.66667,36.0,45.66667,23.66667,5.66667,12.66667,110.66667,-0.04835,0.2549,0.52101,0.5855,0.33333,1
44.33333,0.50967,0.39,0.75633,10.33333,32.66667,43.0,28.33333,8.33333,14.66667,124.0,0.04755,0.31416,0.58556,0.66467,41.66667,0.46933,0.33267,0.78367,7.0,32.66667,39.66667,26.66667,9.33333,10.33333,115.0,-0.00794,0.20124,0.52892,0.60706,0.66667,0
41.33333,0.475,0.45933,0.85867,10.66667,30.0,40.66667,27.33333,7.0,10.66667,120.66667,-0.03893,0.32886,0.57319,0.65176,38.66667,0.482,0.39567,0.72267,7.33333,33.0,40.33333,27.66667,7.66667,14.33333,112.0,0.08911,0.21632,0.5763,0.6511,0.33333,1
42.66667,0.45067,0.319,0.724,11.33333,41.0,52.33333,28.66667,7.66667,13.66667,109.33333,0.12077,0.31566,0.50876,0.55511,40.0,0.47533,0.254,0.724,12.33333,39.0,51.33333,20.0,8.66667,21.33333,108.0,-0.11504,0.41746,0.52395,0.59965,1.0,1
40.0,0.42567,0.31,0.695,11.66667,32.33333,44.0,25.33333,8.33333,13.33333,103.66667,-0.09073,0.31391,0.48631,0.52982,44.0,0.48,0.33133,0.80133,8.66667,32.66667,41.33333,23.66667,7.0,11.33333,121.0,-0.07968,0.2311,0.53836,0.61999,1.0,0
36.0,0.43067,0.353,0.87833,6.0,36.33333,42.33333,25.0,8.66667,18.0,109.33333,0.11169,0.17858,0.52388,0.61362,42.0,0.47067,0.35467,0.83,14.0,34.0,48.0,20.0,6.0,15.66667,114.66667,-0.05668,0.51111,0.53418,0.6076,0.66667,0
36.0,0.43533,0.31633,0.778,7.66667,31.33333,39.0,23.33333,4.0,10.66667,107.0,-0.14884,0.22569,0.51376,0.60232,37.0,0.415,0.33967,0.78167,8.0,32.33333,40.33333,25.0,6.33333,12.33333,114.0,-0.12201,0.2161,0.49567,0.58976,1.0,1
44.33333,0.515,0.44633,0.75267,9.33333,34.66667,44.0,31.0,8.33333,14.0,126.66667,0.15255,0.28463,0.60527,0.68457,37.0,0.482,0.40567,0.80733,6.0,35.0,41.0,20.33333,7.0,15.66667,109.0,0.07479,0.26144,0.55713,0.65709,0.66667,1
35.0,0.40833,0.317,0.78133,7.33333,32.0,39.33333,26.33333,9.66667,12.66667,98.0,-0.10948,0.1904,0.48841,0.54573,38.33333,0.41533,0.374,0.82333,9.0,34.0,43.0,25.33333,6.33333,13.66667,115.66667,-0.07167,0.21759,0.51155,0.59312,0.66667,1
41.33333,0.45233,0.41967,0.768,10.0,33.0,43.0,23.0,12.0,11.66667,124.33333,0.09628,0.30989,0.54293,0.63136,41.0,0.471,0.316,0.784,10.0,36.33333,46.33333,24.66667,5.66667,16.33333,122.66667,0.03063,0.28348,0.54888,0.6477,0.33333,0
39.66667,0.45933,0.33,0.82867,11.33333,41.0,52.33333,23.33333,8.0,16.33333,111.66667,0.1497,0.36111,0.52286,0.60627,43.33333,0.48967,0.432,0.71533,9.33333,36.66667,46.0,27.0,4.66667,14.0,116.33333,-0.05386,0.25862,0.57596,0.62621,0.33333,0
43.33333,0.484,0.48,0.812,11.66667,32.33333,44.0,25.33333,8.33333,12.66667,126.0,0.1779,0.40263,0.58125,0.65844,40.33333,0.46967,0.31733,0.77,6.66667,36.66667,43.33333,27.0,8.33333,14.0,111.0,0.04078,0.18888,0.53419,0.60738,0.33333,0
35.0,0.40667,0.30167,0.791,9.0,35.33333,44.33333,26.66667,7.0,15.33333,102.66667,-0.09959,0.23313,0.48248,0.56026,44.0,0.48867,0.38033,0.86967,11.33333,33.66667,45.0,22.0,5.33333,10.0,120.33333,0.0111,0.41251,0.54768,0.62949,0.66667,1
41.33333,0.48033,0.404,0.79233,9.33333,36.33333,45.66667,25.66667,7.33333,15.66667,124.33333,0.1,0.29422,0.56257,0.66395,36.66667,0.42667,0.34367,0.73233,9.33333,40.66667,50.0,22.33333,6.33333,16.0,104.33333,0.03779,0.25581,0.50226,0.5737,0.33333,0
43.33333,0.47633,0.36167,0.82433,9.0,31.66667,40.66667,27.66667,5.33333,14.66667,117.0,-0.0385,0.2612,0.5364,0.60785,44.0,0.51267,0.40833,0.80033,5.66667,32.0,37.66667,24.33333,8.33333,12.0,117.66667,0.03074,0.17319,0.57438,0.64599,0.33333,0
40.66667,0.47267,0.365,0.853,10.33333,36.33333,46.66667,24.0,6.33333,14.66667,120.33333,0.16927,0.32037,0.54252,0.64687,38.0,0.442,0.28133,0.811,9.0,31.66667,40.66667,19.66667,9.33333,11.66667,108.0,0.0285,0.25649,0.49254,0.58406,0.33333,0
44.66667,0.529,0.38367,0.737,7.0,28.33333,35.33333,28.0,6.33333,11.33333,117.66667,-0.03044,0.21603,0.59549,0.65677,42.66667,0.50733,0.33133,0.89333,7.0,32.33333,39.33333,26.33333,8.66667,15.0,117.0,0.07458,0.22619,0.55932,0.65128,0.33333,1
37.0,0.44433,0.30967,0.79733,9.33333,36.33333,45.66667,22.33333,8.33333,14.66667,110.33333,-0.03999,0.26743,0.52126,0.61464,37.66667,0.41233,0.38,0.78967,12.0,30.0,42.0,24.0,9.0,13.66667,106.66667,-0.10231,0.32307,0.48313,0.55241,0.33333,1
41.0,0.47033,0.37933,0.819,10.66667,34.66667,45.33333,24.33333,6.33333,13.66667,119.0,0.15827,0.32861,0.54928,0.63724,43.66667,0.45867,0.34033,0.86467,9.33333,31.0,40.33333,26.0,8.0,14.0,119.33333,-0.1518,0.26062,0.53228,0.5975,1.0,1
42.66667,0.52933,0.51833,0.78267,7.33333,31.66667,39.0,27.33333,6.0,15.66667,124.66667,-0.03572,0.26425,0.63715,0.71835,41.33333,0.47033,0.315,0.807,9.66667,36.33333,46.0,25.33333,5.66667,13.0,114.66667,-0.05027,0.28132,0.53067,0.61154,0.66667,1
42.33333,0.48767,0.42233,0.77133,10.66667,25.66667,36.33333,25.66667,7.33333,10.66667,121.0,-0.04349,0.36291,0.56496,0.64773,37.66667,0.417,0.31033,0.72167,9.0,35.66667,44.66667,22.66667,10.0,17.66667,104.33333,-0.01885,0.23277,0.49036,0.55066,0.66667,0
42.0,0.488,0.383,0.747,11.33333,35.0,46.33333,22.66667,10.33333,18.0,111.0,0.0999,0.38909,0.54587,0.60915,39.0,0.467,0.446,0.77733,10.0,31.66667,41.66667,27.33333,7.33333,13.66667,115.0,0.05783,0.29861,0.56645,0.64459,0.33333,0
42.33333,0.46733,0.353,0.82067,8.66667,32.33333,41.0,22.33333,8.0,11.66667,116.33333,-0.0072,0.24958,0.52554,0.60469,40.0,0.448,0.239,0.73533,13.66667,42.0,55.66667,21.33333,10.66667,20.0,107.0,-0.07158,0.41525,0.48686,0.56125,0.66667,1
41.0,0.444,0.31933,0.72267,10.0,36.66667,46.66667,25.33333,6.33333,12.66667,107.66667,0.0046,0.27772,0.50549,0.55742,36.66667,0.44867,0.39267,0.894,9.66667,35.66667,45.33333,20.33333,6.0,16.0,110.66667,0.021,0.30351,0.52994,0.63804,0.33333,0
39.66667,0.46733,0.33833,0.825,10.66667,33.33333,44.0,25.0,7.0,16.33333,117.0,-0.02489,0.32318,0.54434,0.64014,42.33333,0.46367,0.34867,0.78767,15.33333,32.0,47.33333,20.33333,7.33333,18.0,113.66667,-0.0907,0.54286,0.5256,0.59098,1.0,0
38.33333,0.44233,0.35167,0.74167,9.33333,31.66667,41.0,23.0,4.66667,11.33333,110.33333,-0.07165,0.27199,0.52888,0.60039,43.33333,0.49033,0.47933,0.79733,11.33333,31.33333,42.66667,31.0,6.66667,15.33333,127.33333,0.11671,0.33631,0.59687,0.67637,0.33333,1
46.33333,0.53167,0.45967,0.75567,9.33333,33.0,42.33333,28.66667,4.66667,15.66667,126.33333,-0.05459,0.33018,0.62471,0.68709,44.33333,0.52733,0.40667,0.75167,7.66667,36.0,43.66667,27.0,9.0,13.66667,120.66667,0.13646,0.31597,0.60327,0.67923,0.33333,1
35.33333,0.43233,0.346,0.839,7.33333,29.66667,37.0,24.66667,8.33333,15.33333,108.0,-0.08509,0.21844,0.52002,0.61604,38.0,0.429,0.26267,0.80167,11.33333,30.33333,41.66667,21.0,9.0,13.66667,106.0,-0.12015,0.32316,0.47391,0.55885,0.66667,0
41.33333,0.46167,0.392,0.88633,6.66667,37.0,43.66667,26.66667,10.66667,11.66667,123.0,0.11437,0.18767,0.56566,0.64656,47.0,0.50933,0.40233,0.73133,6.33333,36.33333,42.66667,23.66667,7.0,10.0,125.33333,0.00027,0.18464,0.59423,0.6438,0.33333,0
43.0,0.466,0.32333,0.783,10.0,35.66667,45.66667,26.66667,7.66667,9.33333,116.66667,0.09043,0.2643,0.52554,0.59588,40.0,0.424,0.375,0.78933,9.66667,35.66667,45.33333,27.33333,7.33333,13.0,116.33333,-0.00753,0.24128,0.52082,0.58854,0.33333,1
43.66667,0.48267,0.35567,0.811,8.33333,36.33333,44.66667,26.33333,5.0,14.33333,123.33333,0.00941,0.23586,0.54526,0.63283,37.33333,0.42,0.29467,0.879,10.0,32.0,42.0,21.33333,7.66667,15.33333,104.0,-0.08417,0.29641,0.47608,0.55489,0.66667,1
40.66667,0.47533,0.393,0.841,12.0,45.33333,57.33333,25.33333,9.0,19.33333,118.66667,0.26402,0.39977,0.55283,0.64497,41.33333,0.47267,0.31133,0.76167,10.66667,40.33333,51.0,24.66667,11.33333,18.0,113.0,0.1051,0.32892,0.52973,0.60524,0.33333,0
44.0,0.44267,0.35267,0.79433,10.33333,40.66667,51.0,31.66667,4.0,11.66667,122.66667,0.01762,0.24638,0.5124,0.58211,41.33333,0.48867,0.32,0.75667,6.66667,37.0,43.66667,24.33333,7.0,13.66667,114.66667,0.08072,0.21175,0.55777,0.6334,0.33333,1
35.66667,0.42067,0.28433,0.78567,11.66667,33.0,44.66667,22.66667,8.0,12.33333,106.33333,-0.13224,0.32843,0.4849,0.581,42.0,0.47167,0.366,0.79567,10.66667,35.33333,46.0,24.33333,5.66667,9.33333,118.66667,0.03408,0.3485,0.54278,0.62233,0.33333,1
42.66667,0.493,0.36833,0.76033,8.66667,30.33333,39.0,26.0,6.66667,10.66667,114.33333,-0.00239,0.25873,0.54997,0.62072,39.33333,0.44567,0.372,0.73533,8.0,33.0,41.0,24.33333,7.0,12.33333,119.66667,-0.03368,0.22877,0.53462,0.62362,0.66667,0
45.0,0.51267,0.45467,0.72767,12.33333,27.0,39.33333,28.0,8.66667,12.0,122.33333,0.02347,0.42625,0.59446,0.65649,43.33333,0.51067,0.45967,0.754,7.33333,32.33333,39.66667,24.66667,5.66667,12.33333,116.33333,-0.02872,0.23187,0.57507,0.64308,0.66667,0
41.66667,0.41633,0.35167,0.90267,7.66667,38.33333,46.0,29.0,10.66667,9.0,121.66667,0.09677,0.17543,0.50786,0.58055,41.33333,0.48867,0.33067,0.876,6.33333,34.66667,41.0,25.33333,9.0,13.66667,114.33333,0.14525,0.18223,0.54685,0.63481,0.0,1
38.0,0.445,0.299,0.866,5.66667,33.0,38.66667,20.33333,8.66667,14.0,106.0,-0.19085,0.16209,0.50339,0.58472,40.0,0.42067,0.318,0.802,12.33333,35.0,47.33333,23.0,9.0,16.0,110.0,-0.1055,0.31852,0.47815,0.54804,0.66667,0
42.33333,0.47933,0.39267,0.847,9.33333,34.33333,43.66667,21.66667,9.0,13.66667,121.66667,0.03314,0.26436,0.55443,0.64384,40.0,0.437,0.36733,0.78367,9.33333,35.66667,45.0,26.0,10.33333,17.0,110.0,0.01972,0.25111,0.52073,0.57622,0.66667,0
35.66667,0.41967,0.33967,0.741,9.33333,37.0,46.33333,26.0,7.0,16.33333,108.66667,-0.09691,0.24239,0.50239,0.59159,42.66667,0.45433,0.30767,0.801,12.33333,33.66667,46.0,23.33333,6.33333,12.0,116.66667,-0.08579,0.34961,0.51444,0.58691,0.66667,1
41.33333,0.447,0.39767,0.77667,8.33333,36.33333,44.66667,25.33333,6.0,11.0,113.66667,-0.0415,0.23411,0.53672,0.59068,36.66667,0.411,0.29067,0.846,7.66667,34.66667,42.33333,22.0,8.0,14.0,105.0,-0.19007,0.18321,0.46536,0.55243,1.0,0
42.0,0.459,0.35433,0.82,9.66667,45.0,54.66667,25.0,8.66667,17.0,115.0,0.04444,0.27963,0.52231,0.59408,40.66667,0.46133,0.28767,0.81233,9.33333,34.0,43.33333,23.33333,10.0,13.0,113.0,-0.04872,0.2676,0.51824,0.60028,0.66667,0
41.0,0.48233,0.39367,0.80333,10.33333,38.0,48.33333,26.33333,8.33333,16.33333,118.33333,0.1405,0.30541,0.57243,0.65324,37.33333,0.41733,0.31633,0.768,13.33333,31.66667,45.0,18.33333,7.33333,17.33333,104.0,-0.14896,0.38474,0.48252,0.55123,1.0,1
42.0,0.477,0.37333,0.7,8.66667,31.33333,40.0,27.0,4.0,10.0,113.0,-0.13434,0.24564,0.56609,0.61284,47.66667,0.49567,0.396,0.80233,10.0,39.33333,49.33333,22.0,5.0,9.0,130.66667,0.05749,0.29822,0.572,0.64093,0.33333,1
43.66667,0.48,0.41367,0.72633,8.66667,34.66667,43.33333,29.33333,6.33333,9.0,117.33333,0.0594,0.25574,0.57442,0.6197,43.33333,0.46,0.438,0.698,10.0,36.0,46.0,25.0,5.0,13.33333,116.33333,0.02475,0.25845,0.5508,0.59277,0.33333,0
39.0,0.46633,0.36733,0.893,6.0,33.33333,39.33333,25.33333,10.33333,20.0,112.33333,0.06025,0.18612,0.56158,0.63688,44.66667,0.48933,0.48933,0.80133,11.66667,35.66667,47.33333,26.0,5.33333,15.66667,121.66667,-0.00717,0.36434,0.56809,0.6332,0.66667,1
43.0,0.474,0.345,0.71567,11.33333,34.66667,46.0,26.0,6.66667,13.33333,119.0,-0.04939,0.31508,0.54775,0.61794,43.33333,0.51467,0.46467,0.708,8.0,35.0,43.0,27.33333,7.0,14.66667,119.0,0.07536,0.32279,0.60749,0.67111,0.33333,0
36.33333,0.46067,0.388,0.76067,8.0,37.0,45.0,25.0,9.66667,18.66667,113.66667,0.12435,0.24286,0.55411,0.65702,41.0,0.45667,0.422,0.737,9.33333,34.66667,44.0,24.0,6.0,13.0,115.0,-0.02796,0.26502,0.54635,0.60746,0.66667,0
41.0,0.408,0.336,0.85267,9.33333,35.33333,44.66667,27.0,7.66667,8.66667,123.0,-0.02171,0.20471,0.49199,0.57793,38.0,0.42733,0.38267,0.74767,11.33333,32.33333,43.66667,23.33333,8.0,12.66667,107.33333,-0.05969,0.30918,0.50352,0.56918,0.33333,0
39.66667,0.42933,0.29033,0.83033,10.33333,43.33333,53.66667,25.33333,8.33333,16.0,110.66667,0.1528,0.27994,0.49891,0.57112,38.0,0.43533,0.32133,0.80167,10.66667,36.66667,47.33333,20.66667,5.66667,14.66667,105.66667,-0.10043,0.31668,0.49666,0.57133,0.66667,0
40.66667,0.42767,0.303,0.73433,13.0,37.66667,50.66667,26.33333,6.33333,12.33333,113.33333,-0.00559,0.3268,0.48757,0.55972,40.33333,0.44967,0.38233,0.855,8.66667,38.66667,47.33333,27.0,7.66667,15.66667,117.33333,0.02999,0.22867,0.54244,0.62056,0.33333,0
39.66667,0.45167,0.403,0.83933,9.33333,40.66667,50.0,25.66667,8.33333,15.33333,119.33333,0.19479,0.2673,0.5445,0.63424,42.0,0.46767,0.4,0.81033,9.0,41.33333,50.33333,26.0,8.33333,14.0,116.66667,0.11598,0.2685,0.54651,0.61598,0.33333,0
40.66667,0.45433,0.408,0.77333,8.66667,36.0,44.66667,27.33333,5.0,15.66667,113.0,-0.05587,0.21667,0.53713,0.5988,44.0,0.51333,0.35167,0.75867,6.66667,36.66667,43.33333,25.0,9.0,14.66667,118.66667,0.09357,0.21767,0.59128,0.65387,0.33333,1
33.66667,0.37167,0.245,0.822,14.33333,35.33333,49.66667,20.0,7.33333,12.33333,100.33333,-0.198,0.35813,0.41928,0.51576,41.66667,0.46967,0.36867,0.848,8.33333,37.0,45.33333,23.66667,6.33333,9.66667,119.0,0.10559,0.28294,0.54073,0.62652,0.0,1
43.66667,0.52133,0.51733,0.82567,10.66667,31.66667,42.33333,27.66667,7.66667,14.0,123.33333,0.01461,0.38462,0.62279,0.69336,49.66667,0.511,0.39633,0.74833,8.33333,39.33333,47.66667,24.66667,6.0,9.33333,137.0,0.05934,0.22877,0.59299,0.65968,0.33333,1
44.0,0.51833,0.49433,0.7,13.33333,31.0,44.33333,27.33333,8.33333,13.0,121.66667,0.21626,0.47151,0.61623,0.67459,40.0,0.478,0.43867,0.78667,9.66667,31.33333,41.0,24.33333,4.0,13.33333,107.0,-0.1629,0.2903,0.54515,0.60482,0.66667,0
38.66667,0.44433,0.29567,0.897,8.0,29.0,37.0,22.0,10.0,11.33333,109.66667,-0.11194,0.22876,0.50775,0.59359,37.33333,0.417,0.34567,0.793,15.0,37.66667,52.66667,23.0,7.66667,16.33333,105.33333,-0.01759,0.44064,0.47914,0.55355,0.66667,0
39.0,0.447,0.38833,0.894,10.33333,34.66667,45.0,20.66667,7.0,12.66667,116.66667,0.00349,0.27362,0.52716,0.62642,38.66667,0.42933,0.35467,0.763,9.33333,33.33333,42.66667,28.0,9.0,17.0,106.0,-0.17081,0.25313,0.5091,0.56383,1.0,0
34.0,0.39667,0.355,0.75267,9.66667,36.33333,46.0,25.33333,7.0,16.33333,106.33333,-0.16623,0.23985,0.48796,0.57531,44.66667,0.471,0.369,0.75367,11.66667,37.66667,49.33333,26.33333,7.0,12.66667,119.0,0.06357,0.33518,0.54735,0.60049,0.33333,1
45.66667,0.50333,0.34567,0.762,10.33333,38.33333,48.66667,25.0,9.66667,15.0,121.0,0.11629,0.33891,0.55582,0.62709,45.33333,0.48533,0.456,0.77,11.33333,32.0,43.33333,31.0,8.0,12.66667,127.0,0.08613,0.31692,0.58943,0.64588,0.33333,0
42.66667,0.47067,0.339,0.81533,7.0,44.33333,51.33333,25.66667,9.0,18.0,118.0,0.05925,0.18813,0.53833,0.61261,39.33333,0.438,0.29433,0.788,7.66667,35.66667,43.33333,20.33333,9.66667,14.33333,108.33333,-0.13273,0.20773,0.50876,0.57302,1.0,0
39.33333,0.465,0.39767,0.802,11.0,35.0,46.0,24.66667,8.33333,16.0,108.66667,0.03172,0.33536,0.54499,0.61058,37.66667,0.42333,0.32233,0.75933,11.66667,30.66667,42.33333,18.66667,9.0,14.33333,105.33333,-0.04874,0.32918,0.49096,0.56028,0.66667,1
43.66667,0.49633,0.387,0.682,8.33333,33.33333,41.66667,28.0,4.66667,10.66667,116.66667,-0.10393,0.23638,0.58525,0.63126,46.66667,0.48867,0.38267,0.80733,9.66667,39.33333,49.0,22.66667,6.33333,9.33333,132.0,0.02708,0.27096,0.56547,0.64641,0.33333,0
44.33333,0.50033,0.40367,0.754,9.66667,33.0,42.66667,26.66667,7.66667,9.33333,120.0,0.11034,0.29699,0.59166,0.64563,40.66667,0.456,0.37733,0.75167,8.0,37.0,45.0,22.66667,6.33333,17.66667,114.0,-0.0173,0.2158,0.54817,0.60845,0.66667,1
39.66667,0.45467,0.38867,0.91533,6.0,32.0,38.0,22.66667,10.0,16.66667,112.33333,0.06025,0.17176,0.54678,0.61497,43.66667,0.49133,0.45333,0.74467,12.66667,38.0,50.66667,26.66667,5.66667,16.66667,119.66667,0.00707,0.39962,0.56201,0.63121,0.66667,1
43.66667,0.46033,0.316,0.743,14.33333,36.0,50.33333,25.33333,8.33333,12.33333,112.33333,0.07316,0.41932,0.51855,0.56696,39.66667,0.45333,0.36833,0.697,8.0,37.0,45.0,23.0,7.0,15.66667,108.0,-0.02452,0.2302,0.53356,0.59105,0.33333,0
36.66667,0.42467,0.33333,0.78933,8.66667,42.66667,51.33333,24.0,9.66667,16.33333,114.0,0.1212,0.23651,0.50681,0.61311,39.33333,0.453,0.34167,0.78,8.33333,36.33333,44.66667,23.33333,6.66667,14.0,108.66667,-0.11019,0.22095,0.51846,0.58965,0.66667,0
42.0,0.44867,0.333,0.742,11.66667,41.0,52.66667,28.66667,6.66667,16.0,114.33333,0.032,0.30625,0.52243,0.58015,39.0,0.425,0.30067,0.83667,10.0,38.33333,48.33333,23.66667,8.66667,13.0,110.66667,0.01496,0.24985,0.48892,0.57016,0.33333,0
38.33333,0.43367,0.34933,0.82533,9.0,37.0,46.0,23.0,7.33333,11.33333,113.66667,0.14077,0.23396,0.52936,0.60539,40.33333,0.482,0.39633,0.851,7.66667,40.66667,48.33333,22.66667,4.0,13.66667,113.33333,0.03793,0.26437,0.56573,0.64066,0.66667,0
43.33333,0.529,0.49433,0.75767,10.66667,35.33333,46.0,22.66667,6.33333,13.0,123.33333,0.21199,0.3718,0.63009,0.70554,40.33333,0.453,0.40067,0.80267,14.0,29.0,43.0,23.0,2.66667,12.66667,108.66667,-0.20303,0.42371,0.52505,0.5809,1.0,1
32.66667,0.37167,0.24567,0.812,14.0,32.66667,46.66667,17.33333,7.0,9.33333,102.33333,-0.12018,0.37169,0.4188,0.53348,37.33333,0.423,0.35733,0.76833,8.33333,35.66667,44.0,28.33333,5.33333,15.33333,106.0,-0.15266,0.22271,0.50479,0.57071,1.0,1
36.0,0.39833,0.373,0.75767,10.0,34.33333,44.33333,24.0,7.33333,14.66667,111.66667,-0.2306,0.23472,0.4942,0.57583,34.66667,0.42233,0.31867,0.78133,13.0,35.0,48.0,22.0,6.0,15.0,99.33333,-0.11955,0.40369,0.47043,0.5626,0.66667,1
48.33333,0.498,0.39633,0.78967,9.33333,37.33333,46.66667,26.33333,10.0,11.66667,129.33333,0.07771,0.25356,0.56722,0.63163,46.33333,0.48767,0.37267,0.74967,12.33333,35.33333,47.66667,27.0,7.66667,14.66667,127.0,0.00902,0.34722,0.57754,0.6339,0.66667,1
43.0,0.47633,0.36367,0.78733,8.33333,44.66667,53.0,21.33333,8.0,17.0,119.66667,0.1397,0.24021,0.54619,0.62143,40.33333,0.45067,0.34333,0.81533,6.0,36.0,42.0,21.0,10.0,14.0,112.0,-0.06777,0.156,0.54709,0.59962,1.0,0
46.33333,0.5,0.37567,0.69667,9.0,37.0,46.0,26.66667,5.33333,10.66667,122.66667,-0.07663,0.26416,0.5783,0.62913,46.0,0.485,0.39167,0.884,9.33333,35.0,44.33333,20.33333,7.66667,8.0,132.33333,0.03425,0.26321,0.56067,0.65286,0.33333,1
43.66667,0.48833,0.34933,0.76033,9.0,36.66667,45.66667,22.66667,7.33333,10.33333,120.0,0.09102,0.24794,0.55711,0.63095,39.66667,0.43833,0.37167,0.723,8.0,38.0,46.0,20.33333,6.33333,15.33333,113.33333,-0.00015,0.19402,0.51592,0.58753,0.66667,0
41.0,0.46133,0.409,0.87267,10.33333,30.33333,40.66667,20.66667,9.33333,16.0,113.0,-0.09028,0.33013,0.53454,0.60353,33.0,0.40633,0.32233,0.76967,10.0,40.66667,50.66667,16.66667,3.66667,17.33333,93.33333,-0.23956,0.27071,0.47724,0.5446,1.0,1
40.33333,0.45367,0.33933,0.78367,8.66667,41.66667,50.33333,17.66667,8.0,16.0,113.33333,0.08247,0.2394,0.52282,0.59742,36.33333,0.42167,0.37967,0.772,8.33333,36.33333,44.66667,17.33333,7.0,17.33333,103.33333,-0.11099,0.23449,0.48825,0.56487,0.66667,1
39.66667,0.45533,0.427,0.78433,6.66667,37.66667,44.33333,28.66667,6.66667,17.33333,110.66667,-0.06715,0.17398,0.55165,0.60672,35.66667,0.43133,0.34267,0.67533,6.0,32.66667,38.66667,21.0,7.66667,15.33333,98.0,-0.20148,0.14207,0.50397,0.55984,1.0,0
38.33333,0.467,0.38833,0.797,7.66667,34.33333,42.0,26.33333,10.0,16.0,103.33333,-0.01389,0.23732,0.5418,0.60211,37.33333,0.412,0.32267,0.844,7.33333,38.33333,45.66667,23.0,6.0,12.33333,107.33333,-0.08076,0.16392,0.48177,0.56095,0.66667,1
41.33333,0.44367,0.37333,0.809,8.33333,35.66667,44.0,24.66667,8.0,8.33333,116.0,0.29276,0.20337,0.54749,0.59915,33.66667,0.39933,0.289,0.79567,10.0,40.66667,50.66667,16.0,2.33333,14.33333,95.33333,-0.29276,0.27292,0.46126,0.53485,1.0,0
31.33333,0.36367,0.24867,0.802,11.66667,33.66667,45.33333,16.0,7.66667,11.33333,98.0,-0.14135,0.29392,0.41746,0.52365,38.33333,0.44167,0.36233,0.734,7.0,40.0,47.0,27.66667,5.0,17.66667,107.0,-0.03435,0.19427,0.52697,0.58641,0.66667,1
36.0,0.40033,0.33467,0.749,9.33333,34.0,43.33333,22.0,6.33333,13.66667,105.66667,-0.21961,0.2221,0.48041,0.55077,37.0,0.449,0.29867,0.719,9.0,33.33333,42.33333,22.33333,4.66667,13.33333,102.0,-0.14594,0.29985,0.50263,0.58047,0.66667,1
39.66667,0.51333,0.48967,0.77667,8.0,31.0,39.0,20.33333,6.33333,10.0,120.0,0.12681,0.28268,0.6212,0.71459,39.66667,0.468,0.37367,0.75833,6.66667,33.66667,40.33333,20.66667,7.33333,14.33333,116.0,-0.13929,0.17611,0.54696,0.63317,0.66667,0
45.66667,0.48167,0.42033,0.79433,11.0,33.66667,44.66667,24.66667,7.0,10.66667,124.66667,-0.03574,0.35852,0.56083,0.62559,45.66667,0.51067,0.391,0.782,11.0,31.66667,42.66667,26.33333,7.33333,9.33333,124.33333,0.09623,0.35317,0.60414,0.66136,0.33333,0
44.66667,0.476,0.351,0.682,8.66667,37.33333,46.0,22.33333,5.66667,10.66667,118.0,-0.0882,0.23653,0.54976,0.5987,38.0,0.46567,0.387,0.768,8.33333,31.33333,39.66667,23.66667,6.0,11.0,103.0,0.02484,0.25908,0.55504,0.60448,0.66667,1
39.0,0.443,0.39067,0.89633,10.0,26.66667,36.66667,20.0,8.0,12.33333,108.33333,-0.15645,0.30849,0.51125,0.5837,35.66667,0.44233,0.31867,0.70333,10.33333,38.66667,49.0,20.0,5.0,17.33333,98.0,-0.13468,0.30682,0.51148,0.57298,0.66667,1
38.33333,0.44567,0.322,0.839,9.66667,36.33333,46.0,17.0,8.0,16.0,106.0,-0.03779,0.27393,0.51155,0.58349,39.0,0.45133,0.372,0.76633,8.0,33.66667,41.66667,17.66667,10.33333,16.66667,107.33333,-0.07674,0.23364,0.51932,0.58636,0.66667,0
36.33333,0.43833,0.42333,0.817,6.66667,35.66667,42.33333,25.66667,6.33333,15.0,109.33333,-0.05557,0.17398,0.54894,0.62231,37.0,0.44033,0.34633,0.7,6.66667,31.66667,38.33333,22.0,8.66667,13.0,100.66667,-0.16558,0.16526,0.51416,0.56846,1.0,1
36.33333,0.47033,0.409,0.734,6.0,30.33333,36.33333,23.0,8.33333,16.0,101.66667,-0.14378,0.1883,0.55266,0.61812,35.66667,0.402,0.32167,0.837,10.0,35.0,45.0,20.33333,6.66667,12.66667,105.0,-0.0822,0.27503,0.46559,0.55584,0.66667,1
34.0,0.39867,0.26333,0.79833,7.33333,32.66667,40.0,19.66667,9.0,11.33333,99.66667,-0.11642,0.19352,0.45713,0.54598,34.66667,0.42633,0.39067,0.81133,5.33333,41.33333,46.66667,22.66667,5.66667,18.66667,104.33333,0.07492,0.15454,0.52087,0.60307,0.33333,1
37.0,0.436,0.29667,0.75367,8.33333,36.0,44.33333,20.0,5.66667,14.0,106.0,-0.13891,0.2202,0.50189,0.58059,36.0,0.42633,0.31633,0.721,6.66667,32.66667,39.33333,22.33333,4.33333,11.33333,101.66667,-0.07438,0.18304,0.49444,0.56739,0.33333,1
41.33333,0.533,0.46667,0.795,6.66667,30.66667,37.33333,19.0,5.66667,11.33333,118.66667,0.05872,0.2404,0.62517,0.71219,39.0,0.45633,0.34067,0.689,9.0,31.0,40.0,21.33333,7.33333,12.33333,111.66667,-0.20785,0.2382,0.52247,0.60246,0.66667,1
43.0,0.493,0.49167,0.85133,8.66667,31.33333,40.0,22.33333,5.0,10.0,119.0,-1e-05,0.30117,0.58954,0.651,43.33333,0.497,0.422,0.792,10.33333,30.66667,41.0,24.33333,6.0,12.0,118.66667,1e-05,0.33297,0.59715,0.65065,0.66667,0
44.66667,0.46333,0.32733,0.71267,9.0,35.0,44.0,24.0,7.33333,11.66667,113.0,-0.08389,0.24189,0.52414,0.56373,36.66667,0.47567,0.35367,0.74967,5.66667,35.66667,41.33333,20.66667,6.66667,14.66667,99.33333,-0.0289,0.16384,0.55098,0.61004,0.66667,1
35.33333,0.44967,0.41767,0.837,8.0,24.66667,32.66667,22.33333,9.0,14.0,105.66667,-0.16792,0.26256,0.53284,0.62873,35.33333,0.45833,0.337,0.797,7.0,32.66667,39.66667,20.66667,8.0,13.0,102.33333,0.02486,0.21234,0.5209,0.61482,0.33333,0
40.0,0.47167,0.35533,0.78067,9.66667,34.66667,44.33333,21.66667,9.66667,16.33333,106.0,-0.01623,0.29129,0.5403,0.59614,39.33333,0.46767,0.41833,0.76267,7.33333,32.33333,39.66667,20.33333,10.66667,16.66667,114.33333,0.00086,0.22438,0.56689,0.63939,0.66667,0
33.33333,0.40033,0.287,0.861,8.0,32.33333,40.33333,20.33333,6.33333,14.33333,91.66667,-0.14746,0.20826,0.4622,0.52715,38.33333,0.44067,0.32967,0.70767,7.33333,34.0,41.33333,22.66667,8.66667,12.33333,101.66667,-0.11696,0.19114,0.51062,0.55896,0.66667,1
36.66667,0.45733,0.36333,0.728,9.33333,31.33333,40.66667,21.0,8.0,16.33333,106.0,-0.09816,0.29064,0.53166,0.61293,37.66667,0.43833,0.377,0.807,9.0,34.66667,43.66667,21.66667,7.66667,12.33333,111.66667,-0.00402,0.27328,0.52362,0.60846,0.33333,1
33.33333,0.38567,0.275,0.81567,8.0,31.0,39.0,22.0,9.33333,13.0,94.0,-0.20484,0.19149,0.4495,0.51737,36.33333,0.46167,0.385,0.873,4.33333,42.0,46.33333,22.0,6.33333,16.66667,108.33333,0.20484,0.141,0.55232,0.64468,0.0,1
35.66667,0.43033,0.33667,0.705,12.33333,29.33333,41.66667,19.33333,6.33333,14.66667,104.0,-0.10068,0.3522,0.49619,0.57975,39.66667,0.43233,0.37167,0.69067,7.33333,34.66667,42.0,22.66667,7.0,12.33333,109.66667,0.05123,0.18304,0.52122,0.56983,0.0,1
39.33333,0.47767,0.39933,0.738,11.0,31.33333,42.33333,21.0,8.0,13.66667,109.33333,0.01016,0.35774,0.55484,0.62485,38.0,0.44,0.31633,0.70967,11.0,27.66667,38.66667,19.0,8.66667,13.33333,106.0,-0.21873,0.30944,0.50884,0.5758,0.66667,1
36.33333,0.429,0.318,0.74467,7.0,31.66667,38.66667,23.66667,6.33333,12.66667,96.33333,-0.1496,0.18286,0.49105,0.55001,34.66667,0.44833,0.292,0.723,7.33333,36.0,43.33333,19.33333,6.66667,12.66667,95.66667,0.07259,0.21434,0.50624,0.57819,0.33333,0
35.33333,0.48267,0.401,0.854,5.33333,28.0,33.33333,24.33333,8.66667,14.33333,105.33333,-0.05582,0.21001,0.56832,0.66805,36.0,0.44867,0.29567,0.75267,7.33333,27.0,34.33333,22.0,9.33333,12.66667,100.0,-0.03637,0.21472,0.49898,0.58262,0.66667,1
35.66667,0.40233,0.30633,0.774,13.66667,29.66667,43.33333,21.0,7.66667,12.0,98.33333,-0.14267,0.38726,0.46646,0.52772,35.66667,0.43367,0.34633,0.72933,7.0,28.66667,35.66667,19.66667,8.66667,14.33333,105.66667,-0.0682,0.19453,0.53382,0.60313,0.66667,0
32.33333,0.39633,0.28633,0.855,9.66667,31.0,40.66667,19.0,4.66667,14.66667,94.0,-0.18058,0.24993,0.46144,0.54299,41.0,0.46367,0.319,0.78467,9.0,37.66667,46.66667,25.0,8.66667,12.0,111.66667,-0.00735,0.26349,0.52239,0.59591,0.33333,0
36.33333,0.41367,0.30333,0.83,12.0,30.66667,42.66667,20.0,7.33333,11.66667,107.33333,-0.06483,0.34239,0.47232,0.56918,39.33333,0.434,0.41133,0.753,7.66667,35.0,42.66667,25.66667,6.66667,12.0,114.0,0.05907,0.20425,0.52953,0.59434,0.0,1
40.33333,0.46667,0.35967,0.79867,12.66667,33.33333,46.0,21.66667,7.33333,13.33333,108.66667,0.03455,0.39916,0.53418,0.59706,38.33333,0.45133,0.35633,0.75733,10.66667,32.33333,43.0,19.33333,8.33333,12.66667,106.0,-0.03455,0.31704,0.52148,0.58916,0.33333,1
35.66667,0.495,0.38667,0.81067,5.33333,29.0,34.33333,24.0,7.33333,15.0,107.33333,-0.03685,0.22016,0.57773,0.68522,41.0,0.464,0.34067,0.82567,11.66667,34.33333,46.0,27.0,6.0,14.33333,113.0,-0.01411,0.35848,0.53546,0.60671,0.66667,0
38.33333,0.44267,0.35367,0.78733,10.66667,26.66667,37.33333,25.33333,8.0,10.0,106.66667,-0.0535,0.30201,0.51184,0.57978,36.33333,0.438,0.342,0.756,8.66667,25.66667,34.33333,21.0,5.33333,15.0,106.33333,-0.18548,0.27652,0.52725,0.60152,1.0,0
34.33333,0.41,0.27633,0.86933,9.66667,32.33333,42.0,19.33333,5.0,13.0,101.66667,-0.0613,0.26667,0.46967,0.56672,41.66667,0.48233,0.33667,0.81667,10.33333,37.0,47.33333,26.66667,7.0,15.0,114.66667,0.04681,0.33016,0.54839,0.62569,0.33333,0
36.0,0.43533,0.329,0.812,8.33333,31.33333,39.66667,21.0,7.0,13.66667,103.0,-0.0797,0.23367,0.50331,0.58397,41.33333,0.45033,0.39133,0.77567,8.66667,33.0,41.66667,27.0,9.0,11.0,116.0,0.04741,0.24064,0.53888,0.59933,0.0,0
40.0,0.52233,0.363,0.85867,6.0,32.0,38.0,24.33333,6.66667,13.66667,112.33333,0.05734,0.24307,0.59407,0.68404,38.66667,0.44667,0.33633,0.78967,12.0,31.66667,43.66667,25.66667,6.0,16.0,108.66667,-0.10994,0.35521,0.53002,0.59684,1.0,1
38.33333,0.45133,0.347,0.809,11.66667,26.66667,38.33333,25.66667,9.0,14.66667,106.66667,-0.01752,0.39484,0.51609,0.58976,36.33333,0.446,0.31467,0.76233,8.33333,24.66667,33.0,21.0,7.0,15.66667,104.33333,-0.16066,0.26845,0.50635,0.59406,1.0,0
37.33333,0.482,0.35133,0.86367,5.33333,31.0,36.33333,21.66667,6.66667,11.33333,106.33333,-0.00681,0.17313,0.55298,0.6429,37.33333,0.43567,0.33933,0.80533,11.33333,31.0,42.33333,24.66667,6.66667,14.66667,106.33333,-0.06773,0.32604,0.52024,0.59041,0.66667,1
39.0,0.465,0.34333,0.85567,8.33333,34.33333,42.66667,24.0,7.0,13.66667,112.0,0.01893,0.26831,0.53799,0.62492,38.0,0.463,0.31533,0.82133,8.33333,26.33333,34.66667,22.66667,6.66667,15.33333,108.0,-0.10034,0.27922,0.51396,0.61066,1.0,0
38.66667,0.468,0.356,0.86,9.33333,39.0,48.33333,24.66667,6.33333,14.33333,112.66667,0.11251,0.30626,0.54241,0.63571,37.0,0.44067,0.30467,0.80967,7.0,27.33333,34.33333,22.66667,7.0,12.66667,102.66667,-0.1333,0.19125,0.49415,0.57495,1.0,0
43.0,0.46967,0.35033,0.792,12.66667,36.66667,49.33333,29.0,6.66667,10.66667,120.33333,0.17618,0.40423,0.54847,0.62303,37.33333,0.452,0.32933,0.861,6.66667,29.66667,36.33333,25.0,3.66667,9.33333,106.33333,-0.16449,0.18741,0.51331,0.60579,1.0,1
36.33333,0.387,0.24533,0.83433,11.66667,31.66667,43.33333,15.66667,7.66667,9.66667,97.66667,-0.16081,0.28239,0.43283,0.49699,37.33333,0.41667,0.30267,0.91867,9.33333,31.33333,40.66667,23.0,7.0,13.66667,100.66667,-0.23192,0.23067,0.48152,0.54045,1.0,1
34.66667,0.443,0.32433,0.746,8.33333,33.33333,41.66667,21.33333,5.66667,16.0,99.33333,-0.09646,0.24491,0.52177,0.59562,44.66667,0.50067,0.355,0.88933,14.0,38.33333,52.33333,23.33333,10.33333,13.33333,119.66667,0.25136,0.48789,0.56028,0.63426,0.0,0
41.33333,0.43633,0.36367,0.77267,8.33333,36.0,44.33333,19.66667,9.0,9.33333,108.66667,0.04348,0.21432,0.51002,0.55363,39.0,0.47167,0.383,0.78467,10.66667,31.0,41.66667,21.66667,4.0,19.0,103.66667,-0.07925,0.3957,0.54397,0.59939,0.66667,1
47.0,0.47033,0.462,0.74867,11.33333,30.33333,41.66667,25.0,10.66667,9.0,125.33333,0.0871,0.32221,0.54766,0.59946,38.0,0.4,0.28,0.795,12.33333,42.0,54.33333,21.0,7.0,12.66667,102.33333,0.06825,0.31528,0.44763,0.51301,0.33333,0
38.66667,0.456,0.29833,0.715,9.33333,34.0,43.33333,23.33333,11.33333,15.66667,97.66667,0.02561,0.32517,0.50903,0.55217,45.0,0.46833,0.35233,0.87467,11.33333,39.0,50.33333,30.66667,4.66667,13.33333,125.0,-0.01311,0.32198,0.56038,0.62193,0.66667,1
39.33333,0.44,0.35633,0.773,12.66667,31.66667,44.33333,21.33333,8.0,14.66667,103.33333,-0.1006,0.40525,0.50106,0.55314,37.0,0.42067,0.35,0.684,14.33333,29.33333,43.66667,22.33333,7.33333,15.0,99.66667,-0.20625,0.45216,0.48374,0.53803,1.0,0
39.66667,0.431,0.29367,0.76067,11.0,34.33333,45.33333,22.66667,10.33333,15.0,99.33333,-0.09355,0.31568,0.48912,0.52445,42.66667,0.45967,0.34767,0.80533,11.33333,37.33333,48.66667,28.66667,10.0,15.0,118.0,0.06033,0.36585,0.52588,0.59962,0.33333,0
38.33333,0.43967,0.33767,0.88167,10.0,36.0,46.0,21.66667,8.0,11.0,109.66667,0.0601,0.29628,0.503,0.593,42.0,0.45167,0.35033,0.69033,12.66667,33.66667,46.33333,25.33333,10.0,12.0,107.33333,0.00193,0.34908,0.51664,0.55606,0.66667,1
40.66667,0.46567,0.344,0.759,7.33333,44.33333,51.66667,25.33333,7.66667,14.66667,104.66667,0.25323,0.20465,0.53585,0.57779,43.0,0.471,0.33533,0.79133,9.66667,38.33333,48.0,19.33333,6.66667,16.33333,114.33333,-0.05708,0.29755,0.53136,0.59679,0.33333,1
35.0,0.38867,0.30067,0.86533,8.66667,34.33333,43.0,21.66667,10.33333,15.0,99.33333,-0.11629,0.20171,0.46372,0.52861,37.66667,0.41933,0.33467,0.69733,13.0,38.0,51.0,21.66667,6.33333,14.33333,101.33333,-0.09534,0.36561,0.48509,0.53768,1.0,1
44.0,0.46867,0.32733,0.75933,11.33333,32.66667,44.0,25.66667,12.33333,13.66667,112.33333,0.11101,0.33025,0.52022,0.57284,33.66667,0.41133,0.24867,0.764,8.0,33.33333,41.33333,21.33333,9.0,16.33333,90.0,-0.13338,0.21604,0.45472,0.52363,0.66667,0
39.66667,0.476,0.414,0.872,6.33333,39.33333,45.66667,23.33333,10.33333,15.0,109.66667,0.19386,0.23122,0.54629,0.62379,36.0,0.38033,0.261,0.764,12.66667,41.0,53.66667,19.0,6.66667,13.33333,98.0,-0.03979,0.31171,0.42437,0.49115,0.66667,0
40.0,0.45533,0.37433,0.79633,9.66667,34.0,43.66667,25.33333,7.0,12.0,104.0,-0.08381,0.29321,0.52543,0.57161,39.0,0.45567,0.421,0.78733,10.0,38.66667,48.66667,22.33333,6.66667,16.33333,104.66667,0.13164,0.31581,0.53362,0.58559,0.33333,1
41.0,0.46033,0.34533,0.63767,8.0,36.66667,44.66667,22.0,4.66667,16.33333,106.33333,-0.11751,0.23252,0.53886,0.57427,39.33333,0.421,0.33567,0.73467,15.33333,33.66667,49.0,22.66667,8.0,15.66667,107.33333,-0.07409,0.49113,0.49042,0.54592,0.66667,0
41.33333,0.46633,0.29633,0.86733,11.0,34.66667,45.66667,21.0,7.33333,17.33333,106.66667,-0.0445,0.37296,0.52812,0.57986,36.66667,0.39933,0.26833,0.82533,7.0,38.0,45.0,21.0,11.33333,13.33333,99.66667,-0.10401,0.16506,0.46058,0.51999,0.66667,0
41.33333,0.45033,0.33,0.703,12.33333,34.0,46.33333,24.33333,14.0,14.66667,111.66667,0.17227,0.34631,0.51824,0.57672,38.0,0.432,0.31267,0.67733,14.66667,32.0,46.66667,23.66667,10.33333,19.0,101.33333,-0.11955,0.49528,0.48993,0.54443,1.0,0
43.66667,0.55467,0.44633,0.79967,6.0,39.33333,45.33333,25.33333,8.33333,17.33333,116.33333,0.23393,0.23771,0.63326,0.69866,37.66667,0.43267,0.331,0.721,8.0,38.66667,46.66667,22.66667,9.0,15.33333,106.66667,0.03937,0.2368,0.5187,0.57971,0.33333,1
40.33333,0.459,0.31867,0.54033,8.66667,37.33333,46.0,21.33333,6.66667,17.33333,99.66667,0.00843,0.23759,0.52881,0.54993,38.33333,0.43033,0.32033,0.78767,9.66667,38.66667,48.33333,20.0,8.33333,16.66667,102.33333,0.00244,0.27297,0.48827,0.54804,0.33333,0
42.33333,0.46433,0.43233,0.733,13.66667,38.0,51.66667,25.0,8.0,17.0,113.66667,0.05479,0.40792,0.55188,0.59697,40.0,0.48767,0.407,0.82233,9.66667,35.0,44.66667,26.0,7.33333,18.0,111.33333,0.13624,0.32124,0.58409,0.64611,0.0,1
42.33333,0.45633,0.383,0.71767,10.66667,43.66667,54.33333,25.66667,9.0,14.0,111.33333,0.36352,0.30118,0.54975,0.58292,35.66667,0.41667,0.261,0.82333,11.33333,39.33333,50.66667,17.66667,8.33333,20.33333,99.33333,-0.04598,0.37869,0.46649,0.54691,0.33333,0
42.33333,0.441,0.34633,0.68467,12.66667,38.33333,51.0,25.33333,10.66667,13.66667,116.33333,0.09083,0.30792,0.51658,0.57514,38.33333,0.435,0.26667,0.814,11.66667,39.0,50.66667,19.0,9.66667,11.33333,107.33333,0.17012,0.35951,0.49107,0.575,0.0,0
41.0,0.45367,0.33567,0.78733,11.66667,36.0,47.66667,20.33333,7.0,15.0,106.33333,0.08201,0.35359,0.52332,0.56669,44.0,0.49033,0.391,0.74367,8.0,34.0,42.0,32.0,8.66667,13.33333,115.66667,0.02373,0.25657,0.57234,0.6183,0.66667,0
37.0,0.37767,0.30633,0.74967,11.33333,42.0,53.33333,20.0,6.0,13.66667,107.66667,-0.0999,0.26311,0.44243,0.51716,33.33333,0.39233,0.30333,0.67133,7.33333,30.66667,38.0,20.33333,7.0,14.0,94.66667,-0.32711,0.1794,0.46499,0.52526,1.0,1
36.33333,0.383,0.22167,0.79467,12.66667,33.33333,46.0,17.0,10.33333,11.66667,99.66667,-0.14466,0.30563,0.42136,0.49675,39.66667,0.44133,0.34867,0.699,7.66667,39.66667,47.33333,25.33333,6.66667,12.66667,106.33333,-0.0299,0.21378,0.511,0.56294,0.33333,1
41.66667,0.46067,0.31433,0.80267,16.0,33.0,49.0,24.33333,10.33333,12.33333,118.66667,0.05967,0.56763,0.52643,0.61243,40.0,0.42533,0.323,0.76133,12.33333,38.33333,50.66667,24.0,8.66667,16.0,115.66667,-0.01009,0.31917,0.4951,0.57532,0.66667,1
39.0,0.426,0.372,0.726,11.66667,33.0,44.66667,24.66667,10.66667,14.66667,107.33333,0.05837,0.30093,0.50109,0.55893,40.66667,0.456,0.383,0.71533,8.0,36.33333,44.33333,24.66667,8.0,15.66667,104.0,0.02396,0.19807,0.54204,0.56794,0.33333,0
37.0,0.428,0.35733,0.89767,8.66667,33.33333,42.0,26.33333,6.0,12.0,105.33333,-0.14,0.26261,0.50345,0.57908,42.33333,0.478,0.396,0.74,9.0,33.0,42.0,25.33333,9.0,14.66667,111.33333,0.00706,0.28362,0.54583,0.60041,0.33333,0
41.0,0.456,0.341,0.71267,8.66667,36.0,44.66667,26.66667,8.66667,17.0,104.33333,-0.05973,0.24648,0.53056,0.56334,42.0,0.47867,0.35967,0.81167,9.66667,34.66667,44.33333,28.0,7.0,14.66667,112.0,0.05839,0.28598,0.55883,0.61217,0.33333,0
42.33333,0.447,0.30867,0.78233,12.66667,33.0,45.66667,26.66667,8.66667,10.0,111.33333,0.17043,0.34417,0.50236,0.56094,38.33333,0.46,0.374,0.83367,9.0,30.33333,39.33333,22.33333,7.66667,14.33333,104.66667,-0.02754,0.28305,0.53145,0.59773,0.33333,0
43.0,0.47867,0.37667,0.582,9.33333,36.0,45.33333,25.0,7.0,15.0,109.33333,0.02953,0.2733,0.56427,0.58939,40.0,0.47867,0.39367,0.66733,8.33333,34.33333,42.66667,26.66667,10.33333,12.66667,111.0,0.22205,0.26633,0.57326,0.62784,0.0,1
40.66667,0.463,0.426,0.725,9.33333,37.33333,46.66667,22.33333,7.0,16.33333,114.33333,0.05095,0.26683,0.54967,0.61553,41.66667,0.45067,0.36367,0.87467,11.66667,34.33333,46.0,26.33333,9.0,13.66667,114.0,0.00588,0.33108,0.52189,0.58733,0.66667,1
42.66667,0.48333,0.344,0.812,10.33333,38.33333,48.66667,26.0,8.66667,17.0,113.0,0.13346,0.35235,0.56295,0.61444,39.0,0.428,0.36167,0.85667,11.66667,33.0,44.66667,22.0,9.0,13.0,109.33333,0.03283,0.3273,0.50344,0.57154,0.33333,0
34.0,0.42767,0.349,0.72167,8.33333,32.66667,41.0,21.33333,5.66667,20.0,93.66667,-0.21184,0.22621,0.51182,0.56248,48.0,0.49733,0.268,0.75767,7.0,39.33333,46.33333,25.66667,5.66667,12.0,119.0,-0.06173,0.1803,0.53784,0.58929,1.0,1
44.0,0.49267,0.39767,0.83833,7.33333,33.66667,41.0,30.33333,9.33333,13.0,121.66667,0.11083,0.2088,0.59354,0.65145,39.33333,0.444,0.31467,0.662,8.66667,32.33333,41.0,20.66667,7.0,12.66667,103.0,-0.17974,0.21791,0.49816,0.55024,1.0,0
44.0,0.47667,0.33467,0.882,9.33333,34.66667,44.0,24.66667,7.33333,8.66667,114.33333,0.15647,0.27183,0.5414,0.59543,35.66667,0.39967,0.30533,0.74133,11.66667,34.0,45.66667,20.66667,9.0,14.33333,98.33333,-0.09111,0.30062,0.45312,0.52114,0.66667,0
41.66667,0.444,0.35033,0.83733,12.0,33.66667,45.66667,20.66667,7.0,11.0,110.33333,-0.0558,0.36893,0.51931,0.56753,40.66667,0.47433,0.34033,0.85733,8.66667,30.66667,39.33333,27.66667,6.66667,13.33333,110.33333,-0.02508,0.26141,0.55082,0.61384,0.66667,0
39.66667,0.44933,0.38833,0.746,8.0,34.0,42.0,21.33333,8.0,12.0,103.33333,-0.05811,0.2118,0.52664,0.56484,41.66667,0.50367,0.33967,0.83667,9.0,37.0,46.0,22.66667,7.66667,15.66667,110.66667,0.01421,0.33164,0.55945,0.63172,0.33333,0
39.0,0.441,0.31533,0.77267,6.66667,31.33333,38.0,19.0,9.66667,9.66667,100.66667,-0.10977,0.17728,0.50116,0.5481,39.0,0.45667,0.38933,0.82867,10.33333,37.66667,48.0,17.66667,5.33333,15.66667,105.66667,0.00682,0.31564,0.52495,0.5885,0.33333,0
36.66667,0.41633,0.36233,0.787,9.66667,34.66667,44.33333,21.66667,6.0,11.0,101.66667,-0.04243,0.26156,0.50183,0.55448,44.0,0.457,0.33867,0.811,14.33333,35.33333,49.66667,28.0,8.0,13.33333,122.0,0.00376,0.4615,0.53446,0.6,0.33333,0
40.0,0.47133,0.428,0.75467,10.66667,29.66667,40.33333,23.66667,8.66667,14.0,108.33333,-0.04495,0.35509,0.54709,0.60552,37.66667,0.44333,0.36133,0.73167,10.66667,28.33333,39.0,22.66667,8.33333,18.66667,110.0,-0.16503,0.32385,0.52869,0.60379,1.0,0
38.66667,0.44967,0.332,0.87233,10.33333,32.33333,42.66667,23.0,7.33333,11.33333,104.33333,-0.04482,0.32955,0.51752,0.58053,36.0,0.40833,0.28233,0.76567,12.0,40.0,52.0,15.0,6.33333,17.66667,95.0,-0.11351,0.33823,0.45951,0.51513,0.66667,1
40.0,0.52667,0.439,0.72967,5.33333,37.66667,43.0,23.0,6.33333,17.33333,110.33333,0.12153,0.18519,0.60733,0.67748,37.66667,0.415,0.334,0.749,13.0,34.33333,47.33333,23.0,8.66667,10.0,98.66667,-0.02802,0.34029,0.47573,0.52394,0.66667,0
40.0,0.469,0.312,0.71267,7.0,39.66667,46.66667,23.33333,8.33333,15.33333,103.0,0.12305,0.19531,0.52582,0.57638,37.33333,0.43533,0.374,0.85933,8.66667,37.0,45.66667,18.66667,5.66667,16.0,102.66667,-0.10208,0.24984,0.50354,0.57019,0.66667,0
31.0,0.344,0.23567,0.76333,11.0,40.0,51.0,17.33333,7.33333,15.0,90.66667,-0.15537,0.27581,0.39657,0.47282,40.0,0.45233,0.37133,0.75567,12.33333,37.33333,49.66667,22.0,6.0,10.66667,107.66667,0.00948,0.36376,0.51335,0.57758,0.66667,0
34.66667,0.40467,0.32633,0.848,7.66667,30.66667,38.33333,21.33333,7.33333,12.66667,102.0,-0.23264,0.19986,0.49056,0.56319,32.0,0.40833,0.26067,0.74833,8.0,36.0,44.0,19.66667,8.0,15.0,89.33333,-0.10932,0.212,0.45742,0.53504,0.66667,0
40.0,0.46133,0.356,0.702,7.66667,35.0,42.66667,22.66667,5.66667,14.33333,103.66667,-0.07036,0.22695,0.54026,0.57761,36.66667,0.413,0.337,0.74833,10.0,32.33333,42.33333,21.33333,9.66667,14.33333,99.0,-0.19253,0.26578,0.47573,0.53246,1.0,1
38.66667,0.46433,0.32633,0.84667,7.33333,32.66667,40.0,26.33333,9.0,12.66667,107.33333,0.07158,0.20361,0.53152,0.60742,34.0,0.378,0.24433,0.833,7.33333,41.0,48.33333,19.0,11.66667,16.33333,92.66667,-0.19868,0.16826,0.4333,0.49391,0.66667,0
43.66667,0.465,0.26967,0.695,11.66667,33.66667,45.33333,24.33333,11.33333,14.33333,110.0,0.10499,0.33268,0.51305,0.56006,38.0,0.41133,0.34867,0.84267,10.66667,32.66667,43.33333,23.33333,10.66667,15.66667,100.66667,-0.08609,0.27258,0.48687,0.52853,0.66667,0
44.0,0.522,0.47533,0.765,6.33333,35.33333,41.66667,27.0,5.0,11.66667,114.33333,0.08995,0.20024,0.60664,0.65264,40.33333,0.45233,0.33333,0.75567,10.66667,39.33333,50.0,23.0,8.0,13.66667,113.66667,0.2238,0.33305,0.54033,0.60414,0.0,1
43.0,0.476,0.39933,0.77833,10.66667,32.33333,43.0,22.0,10.66667,12.33333,119.33333,0.11635,0.32442,0.54639,0.62378,37.33333,0.413,0.33933,0.568,11.33333,32.33333,43.66667,23.66667,7.33333,15.66667,97.66667,-0.29857,0.30089,0.48795,0.5187,1.0,0
38.33333,0.40767,0.38,0.759,12.66667,35.33333,48.0,21.66667,9.0,17.0,103.33333,-0.05635,0.35004,0.49701,0.5334,41.0,0.44133,0.39733,0.86867,9.0,38.0,47.0,28.0,10.33333,15.33333,113.0,0.01765,0.22394,0.52028,0.58183,0.33333,0
44.33333,0.50433,0.38567,0.83767,12.0,44.33333,56.33333,28.33333,8.33333,17.0,122.66667,0.28693,0.46981,0.59772,0.66248,33.33333,0.39067,0.221,0.81433,10.33333,41.33333,51.66667,14.66667,9.33333,22.0,90.66667,-0.09557,0.32196,0.43315,0.50501,0.66667,0
39.66667,0.44633,0.334,0.739,10.33333,38.33333,48.66667,21.66667,10.33333,13.66667,112.33333,0.13839,0.27553,0.52461,0.59329,42.0,0.48267,0.333,0.868,9.33333,34.0,43.33333,24.33333,7.33333,14.33333,109.66667,-0.06149,0.30394,0.54783,0.60536,0.66667,0
41.0,0.47767,0.43333,0.72467,9.66667,34.33333,44.0,26.66667,9.66667,17.33333,112.66667,0.089,0.30311,0.56521,0.62158,44.33333,0.474,0.25433,0.791,8.0,38.33333,46.33333,22.0,7.33333,11.33333,110.66667,-0.01671,0.20543,0.50761,0.56565,0.66667,0
37.66667,0.42067,0.26033,0.81367,9.0,31.33333,40.33333,16.66667,8.66667,9.0,100.0,-0.10092,0.23598,0.46477,0.53161,33.0,0.39767,0.338,0.73633,9.33333,31.33333,40.66667,19.33333,7.33333,14.33333,94.66667,-0.05623,0.25852,0.48086,0.54223,0.66667,0
39.33333,0.41733,0.27167,0.805,12.0,30.66667,42.66667,24.33333,7.0,15.0,103.0,-0.21524,0.3129,0.47439,0.52714,39.66667,0.41033,0.22367,0.83167,10.0,35.0,45.0,19.66667,10.0,10.0,102.66667,-0.10545,0.23471,0.4429,0.50791,0.66667,0
40.0,0.44933,0.35567,0.87067,9.0,34.0,43.0,27.0,6.66667,9.66667,110.33333,0.03121,0.27303,0.51993,0.59032,39.0,0.45033,0.27967,0.81933,8.33333,39.0,47.33333,23.33333,7.66667,12.66667,107.33333,0.12339,0.2484,0.51266,0.58864,0.0,1
38.33333,0.44167,0.296,0.81533,15.33333,34.0,49.33333,22.66667,11.0,16.0,110.33333,-0.04071,0.54819,0.5012,0.59185,42.33333,0.44067,0.30033,0.784,13.0,32.66667,45.66667,22.33333,9.33333,12.33333,108.0,-0.10677,0.35379,0.4982,0.54266,1.0,0
40.0,0.45833,0.28267,0.82733,11.66667,31.66667,43.33333,24.0,11.0,10.0,109.0,0.11922,0.34581,0.51374,0.58918,35.33333,0.40167,0.267,0.78633,16.66667,39.66667,56.33333,19.33333,8.66667,21.0,96.33333,0.0163,0.52309,0.45495,0.52078,0.33333,1
37.66667,0.40633,0.375,0.687,13.0,39.0,52.0,23.33333,8.33333,13.33333,102.0,0.1209,0.32541,0.49291,0.53199,40.66667,0.47867,0.392,0.86133,9.66667,36.0,45.66667,20.66667,5.0,12.33333,112.66667,0.05574,0.28154,0.55013,0.62771,0.0,1
41.0,0.43333,0.35333,0.63967,16.0,31.66667,47.66667,24.66667,11.66667,13.33333,104.0,0.02721,0.51701,0.49005,0.52797,38.33333,0.42733,0.30167,0.85867,11.66667,36.66667,48.33333,23.33333,9.33333,11.66667,107.33333,0.00755,0.34504,0.49817,0.56895,0.33333,1
40.66667,0.43633,0.40267,0.67433,11.0,42.66667,53.66667,25.66667,9.66667,14.66667,108.66667,0.28337,0.29258,0.53158,0.56536,39.0,0.45767,0.316,0.53867,12.33333,30.66667,43.0,24.33333,8.66667,21.33333,101.0,-0.11563,0.38764,0.52339,0.5635,1.0,1
44.0,0.472,0.393,0.66633,12.33333,36.66667,49.0,24.66667,8.66667,11.0,120.0,0.12554,0.36293,0.55058,0.60557,42.0,0.46,0.288,0.76733,9.33333,34.66667,44.0,29.33333,8.66667,13.66667,105.0,-0.01953,0.26218,0.518,0.55837,0.66667,0
40.33333,0.47867,0.35567,0.802,8.33333,29.0,37.33333,21.33333,7.0,10.66667,103.66667,-0.12591,0.2582,0.53711,0.58949,38.66667,0.46,0.351,0.78733,8.0,38.0,46.0,23.0,10.66667,13.33333,104.66667,0.17632,0.25858,0.5204,0.58894,0.0,0
41.66667,0.45733,0.34967,0.66033,11.0,40.0,51.0,20.33333,6.66667,16.0,110.66667,-0.01871,0.30175,0.52657,0.57811,39.0,0.43533,0.329,0.75767,12.33333,40.66667,53.0,22.66667,8.0,14.33333,112.66667,0.23558,0.36758,0.51532,0.59162,0.0,1
42.66667,0.52067,0.44567,0.75733,7.33333,33.0,40.33333,33.0,6.33333,11.66667,115.0,0.10677,0.23455,0.61799,0.66896,36.33333,0.40067,0.25,0.81433,12.0,38.66667,50.66667,16.33333,10.0,16.33333,97.33333,-0.01132,0.35358,0.44379,0.51221,0.66667,0
40.0,0.465,0.378,0.75167,10.66667,33.66667,44.33333,23.0,11.33333,13.66667,111.0,0.13059,0.32789,0.5361,0.60954,41.0,0.44667,0.33933,0.773,9.66667,27.33333,37.0,26.33333,7.0,10.66667,109.33333,-0.12419,0.2612,0.51249,0.56843,0.66667,1
41.66667,0.43733,0.29367,0.66467,12.66667,38.33333,51.0,19.33333,8.0,11.66667,111.0,0.03584,0.34489,0.4986,0.55172,44.66667,0.47867,0.31033,0.77167,10.33333,41.66667,52.0,20.66667,8.0,17.33333,118.33333,0.06156,0.29596,0.53596,0.60205,0.0,0
35.66667,0.42867,0.37667,0.86033,8.33333,29.66667,38.0,22.0,8.66667,11.66667,100.66667,0.01672,0.22214,0.50668,0.57607,40.33333,0.46433,0.41933,0.65833,5.66667,29.33333,35.0,21.66667,7.66667,11.66667,107.0,-0.13022,0.15152,0.54119,0.58661,1.0,1
45.0,0.49633,0.38533,0.83567,8.66667,34.66667,43.33333,28.0,8.0,10.66667,120.33333,0.20932,0.24193,0.58286,0.63684,36.66667,0.408,0.33167,0.884,10.33333,34.0,44.33333,22.33333,9.66667,18.0,101.0,-0.14875,0.2798,0.47796,0.5385,1.0,0
38.33333,0.425,0.30033,0.687,14.0,31.0,45.0,21.66667,10.33333,10.66667,105.66667,-0.04585,0.39165,0.49292,0.55337,40.0,0.47833,0.363,0.788,6.33333,31.0,37.33333,27.0,7.0,12.33333,109.0,-0.036,0.20443,0.56638,0.62174,0.66667,0
40.0,0.43967,0.28233,0.78333,10.0,35.0,45.0,20.33333,9.66667,10.0,103.66667,0.01607,0.26987,0.48978,0.54569,35.66667,0.41467,0.25867,0.78567,10.0,39.33333,49.33333,22.66667,9.33333,13.66667,98.0,0.10629,0.29191,0.46192,0.53713,0.33333,1
41.66667,0.472,0.40333,0.77967,10.0,30.0,40.0,23.66667,11.33333,13.0,112.0,0.08678,0.28123,0.55052,0.60505,42.0,0.436,0.30133,0.754,13.0,31.66667,44.66667,24.0,7.66667,11.33333,106.66667,-0.16005,0.34772,0.49507,0.53544,1.0,1
32.0,0.39767,0.254,0.78033,9.33333,34.33333,43.66667,17.33333,7.66667,15.66667,88.0,-0.1544,0.27218,0.46174,0.52151,34.66667,0.40933,0.336,0.831,10.66667,33.0,43.66667,22.33333,11.0,14.66667,93.0,-0.10834,0.30953,0.4723,0.52797,0.66667,0
43.66667,0.50433,0.37433,0.76633,6.0,39.66667,45.66667,26.33333,9.0,15.0,110.33333,0.2049,0.1724,0.56754,0.61234,45.66667,0.474,0.26,0.77,11.66667,40.33333,52.0,20.33333,7.33333,15.66667,117.0,-0.05229,0.3309,0.51961,0.57878,0.33333,1
44.0,0.52367,0.35967,0.873,6.66667,35.66667,42.33333,31.66667,9.33333,13.0,116.66667,0.30313,0.22213,0.60003,0.66279,41.0,0.46733,0.33467,0.785,11.33333,34.33333,45.66667,21.66667,6.0,9.66667,109.33333,0.0195,0.34271,0.52312,0.59048,0.66667,0
40.33333,0.454,0.39,0.72467,10.0,36.0,46.0,23.0,8.33333,14.33333,101.66667,0.0412,0.29501,0.533,0.55826,40.66667,0.477,0.35833,0.791,8.66667,31.33333,40.0,24.0,6.33333,10.0,107.0,-0.02931,0.26189,0.53803,0.59762,0.66667,0
35.0,0.43467,0.32033,0.829,8.0,33.66667,41.66667,22.33333,10.0,14.33333,102.0,0.03539,0.22088,0.50229,0.59148,29.66667,0.38633,0.28767,0.76167,6.33333,33.66667,40.0,18.33333,6.33333,14.66667,88.33333,-0.24986,0.1642,0.44897,0.53568,1.0,0
44.66667,0.46533,0.396,0.694,14.33333,37.0,51.33333,21.0,8.66667,11.33333,120.0,0.10649,0.41781,0.53846,0.59125,39.66667,0.48133,0.41367,0.791,9.33333,39.33333,48.66667,25.0,6.0,14.33333,107.33333,0.21374,0.3119,0.56207,0.61944,0.0,1
37.33333,0.42733,0.34,0.75633,7.33333,32.33333,39.66667,21.0,9.66667,11.66667,101.0,-0.09957,0.18019,0.49612,0.55256,32.66667,0.41733,0.302,0.86333,8.66667,36.66667,45.33333,20.33333,8.66667,18.66667,88.33333,-0.09007,0.27242,0.47041,0.53801,0.66667,1
43.0,0.468,0.30567,0.829,11.33333,33.33333,44.66667,24.66667,10.66667,13.33333,112.33333,0.06261,0.33951,0.52086,0.58341,31.33333,0.36267,0.24433,0.74967,7.66667,37.33333,45.0,18.33333,8.33333,16.66667,86.33333,-0.40206,0.18097,0.41851,0.47722,1.0,0
37.66667,0.425,0.32633,0.876,14.33333,29.66667,44.0,21.66667,6.66667,10.66667,105.0,-0.03137,0.44384,0.48965,0.56334,40.66667,0.45533,0.35067,0.71967,11.33333,32.0,43.33333,25.0,7.0,13.66667,104.33333,-0.09505,0.33661,0.51099,0.56015,0.66667,0
42.0,0.449,0.36667,0.82833,11.33333,31.33333,42.66667,24.0,9.0,16.0,106.33333,-0.09597,0.35404,0.5249,0.55668,38.66667,0.45233,0.38533,0.78367,11.0,32.0,43.0,23.66667,7.0,13.0,109.66667,0.02047,0.36448,0.52326,0.60148,0.33333,0
40.0,0.44633,0.32133,0.758,11.0,40.66667,51.66667,22.0,10.0,12.66667,114.66667,0.19521,0.31826,0.51638,0.59623,41.0,0.47467,0.376,0.78833,10.66667,35.33333,46.0,22.66667,8.0,16.33333,107.66667,0.06247,0.38135,0.54564,0.59924,0.33333,1
42.33333,0.49333,0.389,0.67667,8.33333,41.33333,49.66667,28.33333,7.66667,17.66667,110.66667,0.21111,0.26806,0.56918,0.61524,40.0,0.48133,0.46633,0.78033,8.33333,34.0,42.33333,24.0,7.33333,14.0,117.0,0.09424,0.26882,0.57611,0.65673,0.0,0
44.33333,0.50433,0.427,0.83733,9.33333,43.0,52.33333,27.66667,8.0,17.66667,128.66667,0.18722,0.34431,0.60483,0.68512,41.0,0.44633,0.30367,0.80533,10.66667,32.33333,43.0,24.66667,7.33333,12.0,107.0,-0.07937,0.29545,0.50704,0.55799,1.0,1
37.66667,0.42933,0.31533,0.796,10.33333,30.33333,40.66667,23.66667,7.33333,10.66667,108.66667,-0.09131,0.29926,0.50952,0.58372,42.66667,0.462,0.36,0.64333,12.33333,35.33333,47.66667,24.33333,6.66667,19.33333,115.66667,-0.00606,0.34432,0.54398,0.59552,0.66667,0
43.0,0.49733,0.38567,0.71733,8.0,37.33333,45.33333,28.66667,9.0,9.66667,113.0,0.28987,0.25263,0.58179,0.62601,36.33333,0.43467,0.358,0.77133,9.66667,28.33333,38.0,21.0,8.33333,11.0,103.0,0.01459,0.27838,0.52318,0.58598,0.66667,0
37.0,0.42433,0.322,0.73233,10.0,34.0,44.0,22.66667,6.33333,17.33333,99.66667,-0.13921,0.26322,0.4873,0.54346,39.33333,0.45967,0.32133,0.75633,12.0,37.0,49.0,21.66667,6.66667,14.0,101.33333,-0.03464,0.39383,0.51954,0.56807,0.66667,1
40.66667,0.45333,0.29833,0.79267,14.0,37.33333,51.33333,25.0,10.66667,16.33333,111.66667,0.04451,0.50796,0.52,0.59157,37.66667,0.43667,0.36833,0.78367,9.33333,29.33333,38.66667,23.33333,7.33333,10.66667,100.66667,-0.08812,0.28671,0.50494,0.55736,0.66667,1
40.66667,0.44,0.21467,0.765,11.66667,35.0,46.66667,21.0,9.33333,11.33333,103.66667,-0.10312,0.31052,0.47632,0.53498,39.66667,0.48133,0.401,0.85333,7.0,39.0,46.0,21.33333,5.66667,14.66667,114.66667,0.07839,0.22133,0.55827,0.64957,0.0,1
39.0,0.44033,0.365,0.82167,9.66667,33.33333,43.0,25.0,6.0,12.0,108.66667,-0.03264,0.289,0.52192,0.58566,38.0,0.43933,0.33433,0.74567,14.0,33.0,47.0,21.33333,7.33333,16.0,98.33333,-0.19387,0.46883,0.48956,0.54314,1.0,1
37.66667,0.41233,0.301,0.744,10.33333,33.33333,43.66667,22.0,6.66667,13.33333,99.66667,-0.13516,0.25726,0.4718,0.52163,42.66667,0.47233,0.38967,0.87633,12.0,33.33333,45.33333,26.33333,9.66667,12.33333,112.66667,0.05028,0.39912,0.55575,0.60416,0.33333,1
41.33333,0.446,0.27233,0.77667,13.0,36.33333,49.33333,22.0,8.0,13.66667,106.66667,-0.07914,0.3846,0.49333,0.55021,41.66667,0.43667,0.285,0.763,10.66667,34.33333,45.0,26.0,7.33333,13.0,104.0,-0.06651,0.29332,0.49116,0.52907,1.0,1
36.33333,0.41367,0.28267,0.667,11.33333,39.66667,51.0,18.66667,6.33333,20.66667,95.66667,-0.25924,0.29073,0.45947,0.51636,40.0,0.48767,0.39733,0.84333,10.0,39.33333,49.33333,24.0,7.66667,17.66667,115.0,0.2285,0.31356,0.57841,0.65912,0.0,1
42.0,0.521,0.46467,0.779,5.66667,34.33333,40.0,29.33333,6.66667,11.66667,112.33333,0.0923,0.17941,0.61218,0.66508,38.66667,0.42033,0.357,0.88833,11.66667,33.66667,45.33333,21.33333,8.0,15.66667,109.33333,-0.12003,0.33017,0.48712,0.56387,1.0,0
37.0,0.448,0.33867,0.739,9.66667,33.33333,43.0,20.0,6.33333,14.66667,102.66667,-0.00102,0.28512,0.51766,0.5884,40.66667,0.45533,0.332,0.79067,11.66667,39.66667,51.33333,21.66667,6.66667,12.0,106.33333,0.04807,0.35455,0.5177,0.57032,0.33333,1
42.33333,0.47467,0.35333,0.75433,13.33333,33.66667,47.0,26.0,11.0,16.66667,108.0,0.08593,0.47416,0.53478,0.57975,39.33333,0.47767,0.42,0.82233,8.66667,29.33333,38.0,22.33333,6.0,17.0,106.66667,-0.07081,0.29805,0.55436,0.61764,0.66667,1
43.66667,0.47833,0.35467,0.76,10.0,37.0,47.0,24.66667,7.0,14.33333,115.0,0.10364,0.30612,0.55276,0.60292,40.66667,0.445,0.41867,0.68167,9.0,32.0,41.0,21.66667,7.0,10.66667,107.33333,-0.03024,0.26768,0.52084,0.56361,0.66667,1
36.66667,0.45133,0.339,0.845,9.66667,31.66667,41.33333,21.0,8.33333,12.66667,106.33333,-0.02454,0.29607,0.51667,0.60999,40.0,0.44367,0.31267,0.86633,9.66667,39.33333,49.0,24.33333,9.66667,15.0,108.33333,0.18325,0.28504,0.49938,0.57205,0.33333,1
44.66667,0.51167,0.36667,0.83567,5.66667,34.66667,40.33333,28.0,8.66667,12.66667,120.0,0.18004,0.1621,0.60307,0.65835,33.66667,0.39533,0.277,0.721,10.66667,33.33333,44.0,19.33333,9.33333,18.33333,94.66667,-0.34755,0.27688,0.4557,0.52225,1.0,0
34.66667,0.43167,0.332,0.82367,7.66667,32.66667,40.33333,18.0,7.66667,13.0,96.66667,-0.00602,0.22275,0.51178,0.57386,40.66667,0.47033,0.376,0.669,8.0,31.0,39.0,28.0,7.33333,13.66667,109.0,-0.07886,0.24391,0.56122,0.6037,0.66667,0
34.66667,0.37967,0.30467,0.79633,13.66667,37.0,50.66667,22.33333,9.66667,11.0,100.0,-0.01428,0.33526,0.44047,0.51788,38.66667,0.44733,0.32667,0.80333,8.33333,29.33333,37.66667,21.0,6.66667,13.66667,103.0,-0.20635,0.23044,0.51129,0.56983,1.0,0
34.66667,0.41867,0.33233,0.85467,11.0,32.66667,43.66667,22.0,7.66667,12.66667,101.33333,-0.04466,0.3173,0.48783,0.57342,37.66667,0.414,0.30767,0.65833,14.0,35.66667,49.66667,23.0,9.33333,16.66667,103.66667,-0.04405,0.44884,0.47085,0.5345,0.66667,0
37.33333,0.44533,0.35967,0.863,8.66667,33.33333,42.0,22.33333,10.33333,16.33333,104.0,0.09182,0.25184,0.52062,0.591,41.0,0.43933,0.346,0.72933,12.0,36.0,48.0,26.0,11.0,15.0,110.0,0.07498,0.32994,0.50779,0.56193,0.66667,1
33.33333,0.41833,0.272,0.80167,9.66667,31.66667,41.33333,18.0,8.33333,14.66667,92.0,-0.07045,0.28822,0.48488,0.54925,32.33333,0.40233,0.306,0.93,10.66667,35.66667,46.33333,21.0,9.33333,18.0,88.0,-0.10535,0.33292,0.45393,0.52405,0.66667,1
43.0,0.49433,0.41667,0.769,5.33333,37.0,42.33333,27.0,7.33333,13.0,111.33333,-0.01958,0.14316,0.56126,0.61208,41.33333,0.44967,0.32367,0.86733,11.66667,34.66667,46.33333,22.33333,4.0,14.66667,112.33333,-0.10774,0.35239,0.50543,0.57974,1.0,0
43.66667,0.491,0.414,0.66167,8.0,37.0,45.0,26.0,8.0,10.33333,108.33333,0.09706,0.23074,0.57189,0.59402,39.66667,0.436,0.34433,0.886,11.0,34.33333,45.33333,25.66667,8.33333,11.33333,103.66667,-0.11103,0.30625,0.49992,0.54957,1.0,0
43.33333,0.49833,0.37667,0.85933,7.66667,34.0,41.66667,26.0,9.66667,13.0,119.33333,0.12788,0.25303,0.58859,0.65322,35.33333,0.44667,0.334,0.71433,7.66667,36.33333,44.0,21.0,5.33333,13.66667,96.0,-0.09799,0.23977,0.51415,0.57577,1.0,0
40.33333,0.51867,0.40467,0.64633,6.0,35.0,41.0,24.66667,8.0,17.0,106.33333,0.19499,0.19192,0.60134,0.64641,40.0,0.48233,0.417,0.79333,11.66667,32.66667,44.33333,25.0,3.0,16.66667,109.0,0.05751,0.42385,0.56879,0.62702,0.33333,1
37.33333,0.443,0.335,0.705,8.66667,32.0,40.66667,21.0,4.0,10.66667,97.66667,0.00806,0.23409,0.50609,0.55353,43.0,0.49167,0.42233,0.80967,10.0,37.0,47.0,26.33333,7.33333,13.66667,111.33333,0.17211,0.32673,0.56575,0.6135,0.0,0
36.66667,0.42933,0.325,0.66933,8.66667,31.0,39.66667,22.0,9.33333,13.0,98.0,-0.13674,0.25269,0.5,0.54816,40.33333,0.46633,0.37833,0.828,7.33333,37.66667,45.0,23.66667,6.33333,15.66667,104.66667,0.07956,0.22294,0.53523,0.58501,0.33333,1
37.33333,0.45733,0.307,0.85667,9.0,32.66667,41.66667,23.0,8.33333,14.66667,107.66667,-0.08149,0.30789,0.5202,0.6154,39.33333,0.419,0.32967,0.77433,13.0,38.0,51.0,21.0,10.66667,12.33333,110.33333,0.21785,0.35109,0.49155,0.55866,0.0,0
41.33333,0.48433,0.37733,0.70633,8.33333,34.0,42.33333,26.33333,7.33333,9.0,108.66667,0.16906,0.27168,0.56034,0.60795,40.33333,0.45633,0.41,0.78467,13.33333,29.33333,42.66667,24.33333,8.0,13.33333,109.66667,-0.13098,0.41161,0.51455,0.58678,1.0,0
40.33333,0.44233,0.39433,0.724,10.33333,37.66667,48.0,21.33333,8.33333,15.0,99.33333,0.01954,0.31208,0.51809,0.53664,47.0,0.476,0.382,0.759,10.66667,37.66667,48.33333,30.66667,8.33333,15.33333,122.66667,0.07348,0.27619,0.54772,0.59614,0.33333,1
41.66667,0.46733,0.36667,0.70267,10.66667,36.0,46.66667,23.66667,4.33333,13.33333,114.33333,0.02911,0.31422,0.5497,0.60775,39.66667,0.42267,0.326,0.78033,10.33333,35.66667,46.0,22.0,9.0,12.66667,103.0,-0.11864,0.25969,0.48497,0.52985,1.0,0
42.33333,0.46767,0.347,0.762,9.66667,37.66667,47.33333,23.66667,7.66667,12.66667,118.33333,0.10079,0.3033,0.53557,0.61197,36.33333,0.41,0.25367,0.72467,12.0,35.66667,47.66667,19.0,6.0,13.66667,95.66667,-0.04803,0.34752,0.46468,0.51552,0.66667,0
42.0,0.499,0.411,0.72267,6.66667,39.33333,46.0,30.66667,5.66667,17.66667,109.33333,0.16982,0.2212,0.57453,0.62328,33.66667,0.38633,0.22567,0.75833,15.0,32.0,47.0,22.0,7.33333,14.33333,95.33333,-0.15027,0.48525,0.42979,0.51181,0.66667,0
36.0,0.412,0.30933,0.688,12.0,35.66667,47.66667,24.0,6.66667,12.66667,94.33333,-0.02174,0.31202,0.47231,0.51951,35.66667,0.45167,0.33633,0.791,9.33333,29.0,38.33333,20.0,7.66667,12.66667,102.66667,0.01394,0.30999,0.53837,0.61325,0.66667,0
36.0,0.382,0.326,0.76,16.0,34.0,50.0,21.33333,9.66667,11.33333,101.0,-0.02576,0.39333,0.44586,0.50909,38.66667,0.437,0.28433,0.85567,12.66667,37.66667,50.33333,17.66667,8.33333,12.66667,107.33333,0.09377,0.38276,0.50167,0.57782,0.33333,0
39.66667,0.43633,0.26933,0.82233,12.33333,37.33333,49.66667,25.33333,8.0,18.0,102.66667,-0.07467,0.39667,0.49308,0.54701,37.33333,0.41833,0.24233,0.758,10.0,35.0,45.0,24.33333,8.33333,11.66667,102.33333,-0.08289,0.25841,0.47058,0.53999,1.0,0
35.33333,0.42267,0.325,0.75967,8.66667,27.66667,36.33333,20.33333,8.33333,11.33333,97.33333,-0.05128,0.22294,0.48422,0.55041,44.0,0.474,0.46533,0.80467,12.33333,36.33333,48.66667,28.0,8.0,12.33333,117.0,0.16411,0.4139,0.58131,0.61466,0.0,0
41.33333,0.46167,0.364,0.74233,10.0,33.33333,43.33333,23.0,9.0,16.66667,112.33333,-0.00149,0.29137,0.54752,0.59978,40.0,0.43667,0.32,0.79467,9.66667,36.66667,46.33333,26.66667,7.33333,11.66667,105.66667,0.07314,0.25778,0.50781,0.55838,0.66667,1
39.66667,0.459,0.349,0.78733,12.33333,29.0,41.33333,24.66667,6.66667,11.66667,107.0,-0.06988,0.37241,0.52142,0.58718,40.66667,0.459,0.421,0.73733,11.33333,33.0,44.33333,21.33333,6.33333,13.33333,106.66667,0.02136,0.38889,0.53899,0.58097,0.33333,0
34.33333,0.385,0.242,0.67,13.0,40.66667,53.66667,18.66667,7.0,18.66667,93.0,-0.25146,0.32396,0.43579,0.4947,44.33333,0.46867,0.30433,0.74033,12.0,37.33333,49.33333,23.66667,7.66667,13.0,116.33333,-0.00982,0.34886,0.53152,0.58588,0.33333,1
38.66667,0.446,0.30633,0.80467,10.33333,32.0,42.33333,23.0,8.0,13.33333,104.33333,0.01312,0.31523,0.50141,0.57223,36.0,0.408,0.32367,0.65167,8.0,39.33333,47.33333,21.66667,7.66667,14.0,96.0,-0.18223,0.19903,0.47988,0.52268,1.0,0
43.33333,0.522,0.39367,0.86133,8.66667,32.66667,41.33333,29.33333,7.33333,15.66667,115.33333,0.06449,0.34192,0.61478,0.66759,41.33333,0.462,0.318,0.73833,8.33333,31.66667,40.0,23.33333,10.0,14.33333,104.33333,-0.07779,0.27146,0.51558,0.56029,0.33333,1
40.66667,0.44533,0.351,0.76667,10.66667,35.66667,46.33333,27.0,8.33333,15.0,106.33333,0.00962,0.31617,0.52239,0.56349,42.0,0.436,0.309,0.78067,13.0,39.0,52.0,24.33333,9.66667,16.0,115.66667,0.09838,0.33937,0.49836,0.56752,0.66667,0
44.0,0.51767,0.37767,0.76333,7.33333,36.33333,43.66667,30.0,8.66667,10.66667,115.33333,0.32574,0.24167,0.60302,0.65051,37.33333,0.40467,0.29067,0.72367,12.66667,30.66667,43.33333,17.66667,12.0,10.33333,96.66667,-0.12728,0.32172,0.45165,0.50192,0.66667,0
43.33333,0.46067,0.33933,0.75533,11.66667,41.0,52.66667,27.0,11.0,17.0,118.0,0.02866,0.30462,0.53299,0.59666,39.33333,0.44833,0.327,0.69733,9.33333,28.33333,37.66667,26.0,8.33333,13.66667,103.33333,-0.21062,0.26279,0.52617,0.56711,1.0,0
42.0,0.47033,0.36167,0.73633,6.66667,40.66667,47.33333,25.33333,12.0,10.66667,114.33333,0.23203,0.19209,0.55449,0.61301,40.66667,0.43967,0.38967,0.71033,11.33333,30.66667,42.0,22.0,5.66667,10.66667,108.66667,-0.15274,0.29294,0.52211,0.565,1.0,0
41.0,0.43167,0.373,0.73533,15.66667,25.33333,41.0,22.66667,10.66667,12.33333,106.66667,-0.08738,0.508,0.49397,0.54203,38.0,0.45333,0.35333,0.77833,9.33333,35.33333,44.66667,23.0,8.0,16.66667,105.33333,-0.07901,0.27756,0.5292,0.59488,0.66667,0
43.66667,0.50567,0.425,0.82167,9.0,44.0,53.0,28.66667,9.0,18.0,124.66667,0.27874,0.3376,0.61753,0.68356,39.0,0.45767,0.32033,0.542,11.0,36.66667,47.66667,22.66667,7.66667,21.66667,103.0,-0.04796,0.33681,0.52914,0.57255,0.66667,0
36.66667,0.44167,0.297,0.67167,7.66667,34.0,41.66667,20.0,6.66667,11.33333,96.33333,0.03495,0.21167,0.49776,0.55075,35.66667,0.392,0.264,0.70133,12.0,37.33333,49.33333,23.66667,7.66667,14.66667,95.0,-0.10931,0.31616,0.44677,0.49807,1.0,0
36.66667,0.43267,0.27933,0.89367,9.66667,35.0,44.66667,20.66667,10.66667,17.33333,104.0,-0.00957,0.29131,0.4947,0.58071,38.33333,0.43133,0.35633,0.76033,10.0,36.0,46.0,22.66667,7.66667,13.66667,103.0,-0.11277,0.28148,0.50252,0.55589,1.0,0
35.66667,0.40667,0.325,0.74733,10.33333,34.0,44.33333,21.33333,7.0,11.33333,99.33333,-0.06384,0.2655,0.48164,0.53976,38.33333,0.46133,0.399,0.80767,6.66667,35.33333,42.0,21.33333,7.0,13.33333,105.33333,-0.10768,0.19038,0.53351,0.60064,0.66667,0
42.33333,0.47833,0.41667,0.757,6.33333,39.0,45.33333,27.66667,6.0,10.33333,110.33333,0.01803,0.16755,0.55537,0.59942,41.33333,0.44333,0.37567,0.915,12.33333,36.33333,48.66667,23.33333,4.33333,12.0,108.0,-0.09156,0.35485,0.50733,0.55829,1.0,0
41.0,0.454,0.37733,0.84467,9.66667,35.0,44.66667,27.66667,10.0,8.33333,112.66667,0.16495,0.28564,0.51486,0.58926,39.66667,0.463,0.27867,0.73733,9.0,31.33333,40.33333,22.33333,5.66667,11.66667,99.0,-0.13619,0.25993,0.51582,0.55696,1.0,1
44.33333,0.516,0.38867,0.71867,7.66667,36.0,43.66667,30.66667,7.66667,10.0,115.0,0.18018,0.23401,0.59567,0.64122,40.33333,0.479,0.42,0.86467,8.33333,27.33333,35.66667,22.33333,7.0,12.33333,110.33333,-0.07219,0.25947,0.55368,0.62271,1.0,0
42.33333,0.47967,0.38167,0.71567,7.66667,36.0,43.66667,21.66667,5.66667,10.33333,109.33333,0.01731,0.21594,0.54424,0.5925,36.33333,0.42733,0.29833,0.73,10.0,35.0,45.0,21.33333,3.33333,11.0,96.66667,-0.136,0.29276,0.48597,0.54452,1.0,0
39.33333,0.46967,0.35867,0.653,10.33333,30.0,40.33333,21.66667,8.66667,15.0,107.66667,0.05086,0.36162,0.54715,0.60315,35.0,0.372,0.297,0.709,10.66667,35.66667,46.33333,19.66667,5.33333,12.0,96.33333,-0.21455,0.23788,0.44574,0.49135,1.0,0
33.33333,0.40367,0.30633,0.71367,11.0,27.33333,38.33333,21.33333,9.66667,13.33333,96.66667,-0.16918,0.32545,0.47689,0.54955,39.33333,0.44267,0.315,0.837,10.66667,33.33333,44.0,22.33333,9.0,13.33333,110.66667,0.01971,0.28798,0.50823,0.58743,0.33333,1
41.33333,0.465,0.33433,0.86233,10.0,34.0,44.0,26.33333,11.33333,12.66667,112.66667,0.1096,0.28148,0.53644,0.6035,42.66667,0.456,0.427,0.90033,9.33333,37.33333,46.66667,27.66667,10.66667,14.0,118.33333,0.12828,0.25172,0.54477,0.60575,0.33333,0
40.0,0.42833,0.332,0.80767,13.0,40.66667,53.66667,25.0,7.0,15.0,109.66667,-0.05245,0.40322,0.49619,0.55909,40.0,0.42733,0.36167,0.82967,10.33333,37.66667,48.0,22.0,12.66667,12.0,110.66667,0.16139,0.26261,0.49855,0.5647,0.33333,0
41.33333,0.46467,0.386,0.796,9.0,38.33333,47.33333,24.0,7.0,12.33333,117.33333,0.09689,0.28529,0.54022,0.61906,36.33333,0.413,0.35433,0.86233,14.33333,33.66667,48.0,18.66667,8.33333,13.33333,101.66667,-0.16067,0.41615,0.45624,0.54315,1.0,1
45.0,0.493,0.40667,0.69233,12.33333,36.0,48.33333,25.0,8.33333,11.66667,109.66667,0.1058,0.4172,0.55904,0.58458,42.0,0.464,0.33,0.77267,11.33333,33.66667,45.0,22.33333,9.33333,11.33333,113.33333,0.13924,0.35344,0.52272,0.5919,0.33333,0
45.33333,0.534,0.457,0.71067,10.33333,36.33333,46.66667,30.33333,7.0,14.66667,121.66667,0.36345,0.42516,0.62028,0.67829,38.0,0.42533,0.288,0.84067,11.0,30.66667,41.66667,22.0,7.0,13.0,99.66667,-0.20855,0.3363,0.47956,0.53576,0.66667,1
39.66667,0.447,0.36967,0.771,11.33333,29.66667,41.0,23.33333,9.0,10.33333,106.33333,-0.02816,0.35943,0.50891,0.5732,38.0,0.484,0.34533,0.70767,7.33333,28.0,35.33333,23.0,6.66667,13.0,103.33333,-0.15002,0.24442,0.56867,0.62522,1.0,1
41.66667,0.47467,0.36567,0.74767,11.33333,33.33333,44.66667,25.33333,7.0,13.33333,114.0,0.05213,0.3398,0.55072,0.61241,37.66667,0.39867,0.25967,0.75333,14.0,39.33333,53.33333,19.0,8.0,12.33333,101.33333,0.00016,0.38551,0.45864,0.51262,0.66667,0
46.33333,0.504,0.38767,0.82233,11.0,38.66667,49.66667,30.33333,5.66667,16.66667,119.33333,0.1174,0.38279,0.58607,0.62969,36.0,0.438,0.42233,0.762,7.66667,31.66667,39.33333,20.66667,6.66667,11.33333,103.0,-0.01045,0.23746,0.50468,0.58839,0.66667,0
39.66667,0.44267,0.356,0.67833,14.0,33.0,47.0,26.33333,10.0,12.0,112.0,0.02203,0.40687,0.52058,0.58515,40.33333,0.45333,0.42633,0.745,11.0,36.33333,47.33333,25.33333,6.0,12.0,107.33333,0.08045,0.3654,0.5525,0.58656,0.33333,1
44.0,0.488,0.31367,0.82467,8.0,37.0,45.0,27.66667,12.0,12.0,117.0,0.19858,0.23403,0.56198,0.62021,38.66667,0.45033,0.40333,0.85433,8.66667,37.33333,46.0,24.33333,8.0,14.33333,108.66667,0.16294,0.25129,0.54814,0.60704,0.33333,0
41.33333,0.444,0.28,0.74167,16.0,39.66667,55.66667,24.66667,9.0,15.33333,108.66667,-0.02606,0.47491,0.49855,0.55797,40.66667,0.46233,0.32167,0.83667,10.33333,38.66667,49.0,26.33333,8.0,15.66667,109.0,0.17664,0.31652,0.5306,0.5922,0.33333,1
43.33333,0.49733,0.38733,0.69967,10.33333,36.0,46.33333,26.66667,6.33333,11.0,114.33333,0.14711,0.31032,0.5685,0.62268,37.66667,0.441,0.289,0.75767,10.66667,34.0,44.66667,21.33333,5.0,10.66667,96.33333,-0.18571,0.3149,0.49863,0.54399,1.0,1
38.33333,0.43467,0.25467,0.64833,11.0,37.66667,48.66667,20.0,8.0,18.66667,98.66667,-0.15507,0.30015,0.48263,0.53435,40.66667,0.47667,0.336,0.85467,6.33333,34.33333,40.66667,30.33333,8.33333,11.33333,106.33333,0.12629,0.18299,0.54719,0.59977,0.0,1
41.66667,0.508,0.383,0.797,6.33333,29.33333,35.66667,24.0,7.33333,12.0,107.66667,-0.03617,0.20971,0.5686,0.62623,39.66667,0.459,0.34233,0.80967,10.33333,38.0,48.33333,20.33333,10.33333,16.0,103.66667,0.13123,0.37195,0.51656,0.57444,0.0,1
37.66667,0.42767,0.35433,0.77167,10.33333,38.33333,48.66667,24.0,6.66667,15.0,100.66667,-0.00565,0.29087,0.50176,0.54937,40.33333,0.42567,0.30167,0.81367,12.33333,33.0,45.33333,20.66667,8.66667,13.33333,103.66667,-0.07532,0.33544,0.48053,0.52854,0.66667,0
41.66667,0.476,0.36333,0.83933,9.33333,34.66667,44.0,26.0,9.0,11.33333,114.0,0.15481,0.29932,0.55828,0.62087,46.0,0.49567,0.374,0.77,10.66667,34.66667,45.33333,25.0,7.66667,11.66667,118.33333,0.00277,0.31711,0.56699,0.61251,0.33333,1
42.66667,0.48767,0.371,0.776,9.33333,31.33333,40.66667,25.0,8.0,13.0,110.33333,0.07539,0.29748,0.55853,0.60638,39.33333,0.43633,0.31867,0.79233,11.33333,36.33333,47.66667,20.33333,6.0,12.33333,102.33333,-0.08892,0.37333,0.49193,0.54479,0.33333,0
37.33333,0.43167,0.328,0.76733,10.0,30.66667,40.66667,23.0,9.33333,16.0,102.33333,-0.07855,0.28912,0.51491,0.56646,33.66667,0.38433,0.332,0.72467,11.66667,32.66667,44.33333,18.66667,9.33333,11.0,93.66667,-0.19219,0.2885,0.43732,0.50986,1.0,0
35.33333,0.39667,0.32867,0.80733,11.0,39.33333,50.33333,24.33333,8.33333,9.0,102.33333,0.02612,0.26328,0.4684,0.54366,41.0,0.43833,0.29667,0.689,15.0,30.0,45.0,26.66667,7.66667,13.66667,105.0,-0.16669,0.41494,0.50446,0.54287,1.0,0
38.33333,0.42533,0.345,0.873,12.0,34.66667,46.66667,23.33333,7.0,13.66667,106.66667,-0.16149,0.37549,0.50088,0.56492,36.33333,0.41433,0.36367,0.67367,8.66667,34.0,42.66667,20.66667,5.33333,11.66667,101.0,-0.20356,0.2132,0.49182,0.54737,1.0,1
38.0,0.423,0.27933,0.79633,11.33333,34.0,45.33333,21.66667,8.33333,15.33333,99.33333,-0.29071,0.3358,0.48082,0.53128,36.66667,0.45967,0.31833,0.873,7.0,35.33333,42.33333,26.33333,8.66667,14.66667,97.0,0.0946,0.22573,0.52384,0.5837,0.33333,1
40.0,0.448,0.35633,0.634,12.0,34.0,46.0,26.0,7.66667,13.66667,108.0,-0.03817,0.3393,0.52999,0.57358,39.0,0.44933,0.31533,0.83667,11.0,40.66667,51.66667,22.66667,7.0,16.0,108.0,-0.00443,0.3203,0.52055,0.59022,0.66667,0
34.0,0.418,0.289,0.92333,9.66667,34.0,43.66667,20.33333,9.0,17.33333,101.66667,-0.10616,0.31613,0.47518,0.58226,38.66667,0.451,0.297,0.71233,9.33333,34.33333,43.66667,21.33333,5.0,9.66667,98.0,-0.10095,0.2514,0.50827,0.55086,0.66667,1
38.33333,0.466,0.33233,0.73333,7.33333,37.0,44.33333,22.0,7.33333,13.0,103.33333,0.09721,0.21693,0.52882,0.59286,35.66667,0.42333,0.31867,0.82433,8.66667,34.33333,43.0,19.33333,6.33333,13.0,101.66667,-0.17446,0.24017,0.48259,0.5666,1.0,1
42.0,0.48233,0.41633,0.70933,7.0,40.66667,47.66667,28.33333,5.33333,12.33333,108.66667,0.01071,0.20247,0.55874,0.59957,39.66667,0.422,0.304,0.777,8.33333,34.0,42.33333,23.33333,9.0,13.66667,98.0,-0.13039,0.1971,0.46993,0.50703,0.66667,0
36.33333,0.431,0.32967,0.81633,8.0,27.66667,35.66667,23.66667,8.0,10.66667,101.0,-0.15176,0.20824,0.49631,0.56774,40.66667,0.49267,0.307,0.77733,8.66667,34.0,42.66667,25.0,5.0,12.66667,104.33333,-0.09784,0.26886,0.54713,0.60222,0.66667,1
45.33333,0.51333,0.36,0.76167,10.66667,35.33333,46.0,29.66667,8.66667,9.33333,118.66667,0.25484,0.33704,0.58877,0.64179,43.0,0.49233,0.37867,0.729,8.33333,39.66667,48.0,29.0,9.33333,12.66667,111.0,0.25284,0.23985,0.57076,0.61106,0.0,0
41.66667,0.48833,0.38,0.73133,11.0,34.0,45.0,23.66667,8.66667,15.66667,111.0,0.18441,0.37605,0.57013,0.61883,38.0,0.42667,0.245,0.82433,8.66667,32.0,40.66667,23.0,9.0,13.33333,98.33333,-0.06319,0.2362,0.46977,0.52985,0.66667,0
32.66667,0.40833,0.32067,0.681,13.0,28.33333,41.33333,20.33333,8.33333,17.66667,93.66667,-0.16297,0.41352,0.48125,0.54935,35.33333,0.40933,0.332,0.75533,9.66667,29.66667,39.33333,21.66667,8.66667,10.66667,101.33333,-0.21022,0.23648,0.47477,0.55073,1.0,0
47.66667,0.52467,0.45867,0.839,10.0,38.33333,48.33333,31.33333,8.66667,8.0,125.33333,0.39543,0.40607,0.61656,0.66461,44.66667,0.45233,0.393,0.861,12.0,31.66667,43.66667,25.33333,12.66667,11.33333,123.66667,0.09245,0.34298,0.53491,0.59741,0.66667,0
37.66667,0.46233,0.34733,0.73367,10.0,32.0,42.0,23.66667,6.66667,14.33333,107.0,-0.08063,0.34304,0.54484,0.61576,38.33333,0.42233,0.42,0.89033,12.66667,37.33333,50.0,17.66667,7.66667,13.66667,110.33333,-0.06869,0.37544,0.48242,0.57127,0.66667,0
39.66667,0.452,0.38333,0.68133,12.0,37.66667,49.66667,22.0,8.33333,13.0,104.33333,0.07883,0.36554,0.52218,0.56851,40.66667,0.47633,0.40467,0.82667,8.33333,38.33333,46.66667,25.0,6.0,13.66667,117.0,0.16987,0.30523,0.56171,0.64545,0.33333,1
40.66667,0.43267,0.358,0.788,9.66667,38.0,47.66667,25.0,5.66667,12.0,112.66667,-0.02434,0.23997,0.50816,0.57112,42.0,0.46567,0.34433,0.814,12.66667,34.0,46.66667,22.0,7.66667,10.33333,115.33333,0.09973,0.41876,0.53576,0.606,0.33333,1
42.66667,0.49667,0.45533,0.78467,12.0,32.33333,44.33333,27.66667,7.33333,13.33333,122.66667,0.22521,0.46147,0.59565,0.67024,36.33333,0.445,0.379,0.84067,12.33333,32.33333,44.66667,24.66667,4.66667,14.33333,109.66667,0.05911,0.425,0.52274,0.62308,0.33333,1
45.0,0.52767,0.30433,0.774,7.66667,36.66667,44.33333,28.33333,9.0,10.66667,117.66667,0.23224,0.25425,0.5896,0.65245,36.0,0.49267,0.40633,0.76633,7.0,33.33333,40.33333,23.33333,6.0,17.66667,102.0,-0.0093,0.26923,0.58645,0.65859,0.66667,1
38.33333,0.44067,0.36833,0.74533,12.0,37.33333,49.33333,23.0,5.66667,14.33333,110.0,0.01835,0.34747,0.52798,0.59515,37.0,0.389,0.30067,0.746,9.33333,37.33333,46.66667,22.33333,6.0,11.33333,99.66667,-0.10682,0.2041,0.46388,0.50555,1.0,0
43.66667,0.49067,0.35867,0.801,12.0,36.0,48.0,30.0,5.66667,16.33333,114.66667,0.03914,0.42919,0.56383,0.61722,42.0,0.447,0.378,0.82767,14.0,37.33333,51.33333,23.66667,6.33333,10.66667,112.0,0.09777,0.43232,0.52117,0.57248,0.0,1
43.33333,0.45433,0.391,0.773,14.66667,32.66667,47.33333,23.33333,8.66667,11.66667,116.0,-0.00831,0.40971,0.52638,0.57924,38.33333,0.46267,0.341,0.836,10.66667,39.0,49.66667,24.0,8.66667,17.33333,109.66667,0.16144,0.29834,0.53267,0.62037,0.0,0
37.0,0.41267,0.32733,0.78967,11.66667,35.0,46.66667,22.0,7.33333,9.66667,103.0,0.03187,0.32025,0.47596,0.54458,39.66667,0.42133,0.26033,0.78433,16.33333,31.66667,48.0,24.66667,6.66667,11.0,101.66667,-0.14841,0.45498,0.47672,0.52245,1.0,1
45.66667,0.502,0.324,0.73767,7.66667,41.0,48.66667,27.33333,12.0,11.66667,119.0,0.25431,0.23178,0.57696,0.62571,37.0,0.40733,0.34167,0.75,12.0,36.33333,48.33333,21.66667,5.66667,11.0,100.0,0.03933,0.35599,0.49035,0.53273,0.33333,0
43.66667,0.516,0.40733,0.734,7.33333,29.33333,36.66667,24.66667,6.33333,11.66667,110.0,-0.03117,0.23603,0.5806,0.62305,36.66667,0.43567,0.385,0.82733,8.0,37.0,45.0,23.0,8.33333,14.66667,104.0,0.11137,0.21327,0.53098,0.59069,0.33333,1
39.33333,0.472,0.40167,0.84567,8.66667,34.0,42.66667,25.66667,6.66667,16.0,112.66667,0.01678,0.29747,0.55604,0.63674,42.33333,0.47467,0.356,0.81467,9.0,39.66667,48.66667,28.0,8.33333,13.33333,111.0,0.24203,0.24741,0.54957,0.59844,0.0,1
41.66667,0.48333,0.418,0.704,7.66667,38.66667,46.33333,27.33333,6.0,11.33333,109.0,0.1164,0.22436,0.56408,0.60552,37.0,0.425,0.39467,0.827,11.0,33.66667,44.66667,21.0,7.33333,15.0,103.33333,-0.11691,0.32083,0.49586,0.56407,1.0,0
41.0,0.445,0.28433,0.65267,12.33333,35.0,47.33333,21.0,8.0,14.33333,107.33333,-0.05229,0.34226,0.50003,0.5546,37.0,0.41067,0.28367,0.708,13.33333,36.33333,49.66667,21.33333,6.66667,15.33333,101.0,-0.0323,0.36486,0.46984,0.52989,0.66667,1
43.33333,0.481,0.36233,0.74967,10.66667,35.0,45.66667,23.0,7.0,10.66667,111.66667,0.11137,0.33359,0.54958,0.59587,40.0,0.46233,0.368,0.81167,12.66667,37.33333,50.0,19.66667,7.66667,11.0,111.0,0.20842,0.42409,0.53516,0.60721,0.0,0
39.33333,0.459,0.39833,0.815,7.0,39.66667,46.66667,24.0,5.66667,10.33333,109.0,0.12499,0.1985,0.54249,0.60617,42.66667,0.47867,0.40767,0.825,10.66667,37.0,47.66667,22.66667,9.33333,13.33333,113.33333,0.19172,0.37146,0.55555,0.61066,0.0,1
38.33333,0.44167,0.362,0.84133,10.0,41.66667,51.66667,21.66667,6.66667,15.66667,106.33333,0.12803,0.29375,0.51683,0.58337,34.0,0.38367,0.23433,0.78367,16.33333,37.33333,53.66667,19.33333,9.0,16.0,100.0,0.07032,0.52334,0.42673,0.52408,0.33333,0
34.66667,0.425,0.338,0.81567,7.33333,33.0,40.33333,21.0,8.33333,11.66667,97.66667,0.03097,0.20608,0.50426,0.5697,45.33333,0.494,0.43533,0.80467,9.66667,35.66667,45.33333,27.0,9.66667,9.66667,120.66667,0.15056,0.29078,0.5697,0.62776,0.0,0
44.66667,0.47,0.36133,0.864,13.33333,31.66667,45.0,22.33333,6.66667,12.0,117.0,0.0783,0.46676,0.54704,0.59476,40.66667,0.50667,0.403,0.853,10.66667,29.66667,40.33333,28.33333,4.33333,15.33333,115.0,0.08517,0.41981,0.59413,0.6736,0.0,0
38.0,0.425,0.341,0.72767,12.33333,35.66667,48.0,26.0,7.66667,10.0,100.33333,0.06251,0.33088,0.48606,0.53905,37.33333,0.40333,0.26767,0.77467,14.0,29.66667,43.66667,21.33333,9.0,10.33333,97.33333,-0.05583,0.42356,0.45168,0.50263,0.66667,0
44.0,0.47633,0.332,0.708,12.0,39.0,51.0,27.0,10.66667,14.33333,116.33333,0.01275,0.31773,0.53837,0.59723,35.0,0.42267,0.35367,0.753,11.0,32.66667,43.66667,19.33333,7.66667,12.0,98.0,-0.07222,0.33337,0.47963,0.55964,1.0,1
38.33333,0.481,0.354,0.81067,6.33333,36.0,42.33333,24.0,5.66667,13.66667,109.33333,0.08114,0.19591,0.55818,0.64141,37.66667,0.42833,0.36367,0.67933,9.66667,38.66667,48.33333,23.66667,6.33333,11.0,106.0,-0.03371,0.26448,0.50933,0.56956,0.66667,0
42.0,0.44667,0.28867,0.651,13.66667,32.66667,46.33333,19.33333,7.66667,13.33333,107.66667,-0.13173,0.39489,0.4979,0.5456,38.66667,0.45367,0.31433,0.801,10.66667,38.66667,49.33333,23.66667,6.66667,15.66667,109.66667,0.02562,0.33245,0.52814,0.60452,0.66667,1
35.33333,0.452,0.38167,0.747,6.33333,38.33333,44.66667,23.33333,5.66667,14.66667,100.0,0.08659,0.1866,0.5287,0.60099,39.66667,0.42767,0.27,0.777,11.33333,32.33333,43.66667,22.0,8.33333,10.66667,106.66667,-0.13433,0.28878,0.48151,0.54595,1.0,1
36.33333,0.43733,0.319,0.87733,11.0,29.66667,40.66667,22.66667,7.66667,16.33333,102.66667,0.02811,0.32692,0.51413,0.58614,37.66667,0.43967,0.34733,0.84,10.33333,38.33333,48.66667,22.0,6.66667,12.0,106.33333,0.09694,0.3025,0.50171,0.58437,0.66667,1
40.33333,0.47967,0.41,0.71667,8.66667,39.33333,48.0,24.33333,6.0,12.66667,104.66667,0.09952,0.26217,0.55692,0.59881,37.66667,0.428,0.26867,0.86233,7.0,34.66667,41.66667,22.0,8.33333,13.66667,94.33333,-0.04816,0.18858,0.46983,0.52034,0.66667,1
39.33333,0.509,0.45133,0.734,6.66667,33.0,39.66667,19.33333,5.66667,16.66667,109.33333,0.00586,0.20658,0.60995,0.66827,43.33333,0.53867,0.394,0.764,7.33333,38.33333,45.66667,25.66667,3.66667,14.66667,111.66667,0.06191,0.25189,0.59646,0.65704,0.33333,1
41.66667,0.47267,0.36267,0.82467,12.0,37.66667,49.66667,23.33333,7.66667,14.0,114.0,0.1268,0.38926,0.54615,0.6117,36.0,0.397,0.363,0.83233,10.33333,33.66667,44.0,24.33333,8.33333,10.0,99.66667,-0.19461,0.24825,0.46852,0.52549,1.0,0
35.0,0.436,0.35133,0.76333,10.0,28.33333,38.33333,23.66667,8.33333,18.33333,99.33333,-0.07739,0.30648,0.52419,0.58656,38.66667,0.46067,0.322,0.775,11.0,36.33333,47.33333,21.66667,6.66667,16.33333,105.0,-0.00716,0.3921,0.52272,0.59104,0.33333,1
40.66667,0.49733,0.36667,0.759,9.33333,32.0,41.33333,24.66667,7.66667,16.0,108.66667,-0.00279,0.33682,0.58727,0.63625,37.0,0.43667,0.359,0.764,9.0,28.66667,37.66667,23.0,7.66667,18.33333,105.33333,-0.22844,0.27287,0.51808,0.58625,1.0,0
41.33333,0.442,0.354,0.72667,11.66667,42.0,53.66667,26.66667,6.66667,11.66667,109.66667,0.22763,0.31576,0.51692,0.56212,41.0,0.42667,0.33067,0.834,9.33333,32.0,41.33333,24.33333,10.66667,12.0,115.0,-0.09637,0.26656,0.49871,0.56837,1.0,0
40.0,0.427,0.322,0.76233,11.66667,31.33333,43.0,26.66667,7.33333,10.66667,103.66667,-0.16584,0.31481,0.48751,0.53335,38.0,0.41867,0.32367,0.84533,11.0,37.33333,48.33333,18.0,6.66667,12.33333,105.0,-0.12553,0.29581,0.46931,0.54609,0.66667,1
38.0,0.43267,0.31033,0.77633,10.0,38.0,48.0,23.33333,7.0,14.66667,104.66667,-0.11965,0.25267,0.49668,0.56376,31.66667,0.38333,0.289,0.768,10.0,30.66667,40.66667,18.33333,4.0,15.0,94.66667,-0.39015,0.2615,0.44879,0.5342,0.66667,0
42.0,0.46833,0.37967,0.74133,13.0,33.66667,46.66667,22.66667,8.0,15.0,115.66667,0.13986,0.46076,0.55596,0.6113,42.33333,0.51867,0.43367,0.77867,8.0,40.33333,48.33333,29.0,4.0,14.33333,113.66667,0.1852,0.26195,0.58092,0.65259,0.0,1
38.33333,0.475,0.38167,0.785,9.66667,34.33333,44.0,26.66667,7.33333,17.33333,109.0,0.04118,0.34235,0.57873,0.64042,41.33333,0.445,0.395,0.91033,8.33333,33.66667,42.0,25.33333,8.0,14.0,109.66667,-0.0756,0.20952,0.52583,0.57159,0.66667,1
36.0,0.40133,0.33333,0.73133,11.66667,32.33333,44.0,19.66667,7.33333,15.0,99.66667,-0.07572,0.311,0.47933,0.53054,39.33333,0.53967,0.48233,0.75833,5.33333,34.0,39.33333,28.0,4.66667,16.66667,109.33333,0.09669,0.21601,0.65179,0.71173,0.33333,1
43.33333,0.46967,0.38467,0.81367,12.66667,34.66667,47.33333,20.66667,6.66667,12.66667,114.0,0.07003,0.4529,0.54802,0.59584,39.66667,0.46167,0.32333,0.80767,10.33333,33.33333,43.66667,21.0,6.66667,10.66667,104.0,-0.03186,0.31454,0.5244,0.58029,0.33333,1
44.33333,0.49033,0.41367,0.761,11.0,35.66667,46.66667,31.0,8.0,14.66667,122.66667,0.10061,0.34364,0.57361,0.64012,41.66667,0.45967,0.35133,0.84467,10.66667,32.0,42.66667,23.33333,7.66667,11.66667,112.0,0.00914,0.34048,0.52945,0.59,0.66667,0
36.33333,0.40267,0.3,0.76867,12.0,36.33333,48.33333,21.33333,7.66667,9.0,101.0,0.01989,0.32587,0.45836,0.52931,38.66667,0.42933,0.32,0.82467,11.33333,34.0,45.33333,21.0,9.0,12.66667,108.33333,-0.02848,0.3281,0.49982,0.57046,0.66667,0
38.0,0.44067,0.38033,0.88033,7.33333,41.0,48.33333,24.66667,6.0,8.33333,106.66667,0.11712,0.19443,0.52383,0.59152,47.0,0.52633,0.45267,0.857,9.0,30.0,39.0,27.33333,7.33333,11.66667,122.0,0.13521,0.30849,0.60653,0.65547,0.33333,0
42.33333,0.46533,0.37067,0.72567,11.66667,39.0,50.66667,30.0,9.66667,9.0,112.0,0.22689,0.34206,0.5238,0.58541,36.0,0.42,0.35167,0.79333,8.0,36.66667,44.66667,19.0,9.33333,13.33333,100.66667,0.03103,0.20447,0.50797,0.5626,0.33333,1
40.66667,0.45833,0.41133,0.70233,11.33333,44.0,55.33333,27.0,6.33333,13.0,115.0,0.2417,0.34177,0.55475,0.61172,44.66667,0.467,0.39933,0.80067,13.0,38.0,51.0,22.66667,7.33333,13.33333,118.0,0.06791,0.41357,0.54181,0.59222,0.0,0
42.0,0.48167,0.35267,0.69733,12.33333,34.66667,47.0,21.0,6.33333,12.0,113.66667,0.08479,0.39539,0.55399,0.6135,35.66667,0.41833,0.329,0.744,11.0,31.0,42.0,20.0,8.66667,16.33333,97.66667,-0.27435,0.29258,0.47729,0.54333,1.0,0
40.66667,0.44333,0.296,0.83567,14.0,30.66667,44.66667,18.66667,7.66667,14.66667,106.33333,-0.03349,0.41196,0.50323,0.55732,44.0,0.484,0.403,0.71467,9.66667,34.66667,44.33333,27.66667,9.33333,15.66667,111.33333,0.16461,0.27861,0.56315,0.59448,0.33333,1
40.33333,0.47667,0.40967,0.82467,9.0,39.33333,48.33333,24.66667,6.66667,15.33333,111.66667,0.22099,0.27993,0.57105,0.63032,39.33333,0.48767,0.42,0.841,6.66667,28.33333,35.0,24.33333,6.66667,14.33333,106.0,-0.13503,0.20974,0.56648,0.62736,1.0,1
41.33333,0.44467,0.37167,0.80933,10.33333,32.33333,42.66667,26.33333,9.0,8.66667,113.33333,0.07113,0.29605,0.51139,0.57786,41.33333,0.464,0.4,0.799,10.33333,36.0,46.33333,23.66667,8.0,11.33333,109.0,0.05061,0.29195,0.52767,0.58488,0.33333,0
37.0,0.443,0.33367,0.77333,7.0,38.0,45.0,22.33333,7.33333,11.33333,99.33333,0.06213,0.19338,0.5132,0.56849,38.66667,0.47767,0.41033,0.81233,12.33333,30.66667,43.0,26.33333,4.0,13.66667,112.0,0.06018,0.43981,0.56639,0.64761,0.33333,1
40.33333,0.46533,0.37167,0.70633,6.33333,32.66667,39.0,21.66667,7.66667,11.0,105.33333,-0.07053,0.17584,0.53713,0.58205,41.66667,0.465,0.30933,0.76133,8.33333,35.33333,43.66667,26.33333,7.0,10.66667,109.66667,-0.02209,0.23019,0.51484,0.57883,0.33333,1
41.0,0.46967,0.36667,0.742,8.0,34.33333,42.33333,26.66667,8.66667,8.33333,109.66667,0.1719,0.23672,0.54375,0.5979,38.0,0.408,0.28033,0.82067,12.0,30.33333,42.33333,22.33333,8.33333,9.0,102.33333,-0.23121,0.31778,0.45954,0.52325,0.66667,1
41.33333,0.46,0.34833,0.78767,11.0,34.66667,45.66667,24.66667,7.33333,11.0,107.0,0.02322,0.33405,0.52959,0.57516,41.66667,0.458,0.38867,0.86267,10.66667,27.33333,38.0,24.33333,6.66667,13.33333,112.0,-0.13665,0.30421,0.53305,0.58926,0.66667,1
36.0,0.45367,0.338,0.72167,6.0,39.0,45.0,22.33333,5.33333,14.0,99.33333,0.05722,0.17353,0.52271,0.58841,39.33333,0.421,0.29733,0.752,15.0,35.66667,50.66667,23.33333,5.0,9.66667,101.66667,-0.0519,0.40571,0.47676,0.5244,0.66667,1
35.33333,0.387,0.286,0.89967,13.0,34.33333,47.33333,23.0,7.0,12.33333,104.0,-0.209,0.35234,0.45807,0.53935,39.66667,0.48867,0.424,0.70367,9.0,42.33333,51.33333,26.33333,6.0,17.0,106.0,0.19655,0.29126,0.5514,0.6126,0.0,1
37.33333,0.42667,0.366,0.74633,9.33333,35.66667,45.0,23.0,5.33333,12.0,102.66667,-0.01592,0.25189,0.4969,0.56091,44.0,0.48167,0.34567,0.753,10.33333,33.66667,44.0,23.66667,8.0,12.33333,120.0,-0.07051,0.29547,0.54945,0.61865,0.66667,1
45.0,0.47833,0.405,0.76167,9.66667,36.0,45.66667,29.33333,6.66667,13.33333,124.0,-0.01524,0.32593,0.57032,0.62456,37.33333,0.43033,0.34267,0.864,10.66667,35.66667,46.33333,22.0,8.0,11.33333,106.33333,0.15358,0.3134,0.49554,0.57868,0.33333,0
40.66667,0.45667,0.39267,0.759,12.66667,40.0,52.66667,24.0,7.33333,12.33333,118.33333,0.18658,0.38378,0.54547,0.62144,43.66667,0.497,0.34233,0.85,7.33333,33.33333,40.66667,31.33333,7.33333,11.66667,113.66667,0.11637,0.22262,0.56189,0.61856,0.0,0
38.33333,0.47,0.40333,0.75467,10.0,37.33333,47.33333,21.0,5.66667,16.33333,104.33333,0.03071,0.33047,0.54353,0.60636,36.66667,0.40233,0.232,0.71767,14.0,31.66667,45.66667,22.0,8.66667,13.66667,97.66667,-0.11153,0.38247,0.44934,0.50583,0.66667,1
44.0,0.509,0.316,0.70133,8.33333,32.0,40.33333,27.66667,7.33333,10.0,112.66667,0.06896,0.27647,0.57726,0.62215,40.66667,0.475,0.383,0.82067,9.0,32.33333,41.33333,25.0,9.33333,12.66667,112.33333,0.08266,0.25553,0.54316,0.61781,0.33333,1
41.33333,0.48533,0.42567,0.84167,9.0,42.33333,51.33333,24.0,7.33333,14.33333,111.66667,0.19888,0.25822,0.55941,0.62278,47.66667,0.48167,0.39867,0.683,10.33333,34.66667,45.0,30.33333,9.66667,14.66667,122.66667,0.0563,0.26418,0.55883,0.59589,0.33333,0
47.33333,0.50833,0.422,0.76533,10.33333,42.0,52.33333,32.33333,9.66667,10.0,122.33333,0.43427,0.41086,0.59399,0.63422,39.33333,0.475,0.34433,0.77067,12.66667,37.33333,50.0,24.33333,8.0,15.66667,108.66667,0.07433,0.47732,0.53774,0.61503,0.0,1
35.0,0.426,0.33333,0.84567,8.33333,35.66667,44.0,20.66667,5.33333,11.66667,100.33333,-0.08013,0.24098,0.49425,0.57503,37.33333,0.41367,0.36233,0.691,14.0,27.66667,41.66667,24.33333,8.0,15.66667,102.33333,-0.23706,0.39223,0.48563,0.53918,1.0,0
38.0,0.494,0.418,0.72967,5.33333,34.0,39.33333,19.33333,5.0,16.0,107.33333,-0.0671,0.15536,0.58899,0.65473,40.33333,0.43667,0.30467,0.858,10.0,33.0,43.0,23.66667,8.66667,13.66667,116.0,-0.08377,0.31723,0.50787,0.59078,1.0,0
41.33333,0.44667,0.38033,0.782,13.0,30.0,43.0,22.66667,8.33333,11.0,108.66667,0.06169,0.43052,0.52968,0.56885,41.0,0.45667,0.37433,0.80733,9.66667,35.0,44.66667,20.33333,5.66667,11.33333,111.66667,-0.03276,0.27223,0.52692,0.59048,0.33333,1
39.33333,0.42767,0.27433,0.72867,12.33333,34.0,46.33333,25.0,10.66667,13.66667,105.33333,-0.086,0.31242,0.486,0.54355,39.0,0.48,0.35633,0.90467,6.66667,35.33333,42.0,20.33333,7.33333,14.0,108.33333,0.05377,0.22026,0.56209,0.63396,0.0,1
38.33333,0.42267,0.32633,0.75,12.0,29.0,41.0,22.66667,8.33333,11.33333,102.0,-0.10558,0.34078,0.50181,0.54305,39.33333,0.51733,0.47467,0.81233,9.0,33.66667,42.66667,28.33333,7.0,17.33333,112.0,0.23996,0.3509,0.62149,0.69453,0.0,0
39.0,0.44,0.32,0.80833,12.66667,41.0,53.66667,23.33333,6.0,14.66667,105.66667,-0.01633,0.39833,0.50743,0.5681,35.66667,0.374,0.295,0.74833,10.0,33.33333,43.33333,19.33333,6.0,11.0,97.66667,-0.27605,0.22508,0.44514,0.4925,1.0,0
37.0,0.419,0.30267,0.83967,11.0,33.66667,44.66667,22.0,6.66667,8.0,103.66667,-0.00994,0.31151,0.47186,0.55365,40.0,0.44233,0.34867,0.733,10.66667,34.33333,45.0,24.0,6.33333,8.33333,103.66667,-0.04263,0.29195,0.49934,0.5494,0.66667,1
37.66667,0.43267,0.346,0.78533,8.0,42.33333,50.33333,20.66667,10.66667,12.33333,105.0,0.18136,0.21828,0.51099,0.57636,36.33333,0.43,0.31667,0.84467,7.0,37.0,44.0,17.33333,6.33333,12.66667,100.0,-0.02423,0.17742,0.50241,0.56484,0.33333,1
39.0,0.436,0.38233,0.69933,9.66667,32.33333,42.0,20.0,9.33333,13.33333,105.33333,-0.16041,0.27513,0.52159,0.5649,42.33333,0.44967,0.35167,0.822,11.66667,40.33333,52.0,22.33333,8.0,14.66667,110.66667,0.00534,0.35438,0.51296,0.56509,0.33333,1
39.66667,0.43767,0.30667,0.73833,13.33333,34.0,47.33333,20.0,7.0,15.0,106.33333,-0.14095,0.39489,0.49387,0.55517,36.33333,0.41267,0.34433,0.74733,11.0,30.66667,41.66667,21.66667,8.0,13.0,101.0,-0.22118,0.28898,0.47963,0.54474,1.0,0
46.33333,0.52833,0.38767,0.73733,13.0,33.66667,46.66667,27.0,7.0,12.66667,122.33333,0.20913,0.44444,0.61,0.66216,40.0,0.433,0.33567,0.82367,12.0,32.66667,44.66667,26.0,8.66667,11.0,107.33333,-0.08249,0.34423,0.4908,0.55356,0.33333,0
43.66667,0.46867,0.29867,0.82933,11.66667,32.66667,44.33333,25.0,8.0,17.66667,117.0,-0.05658,0.3466,0.53615,0.59737,35.33333,0.405,0.25,0.86833,11.0,33.33333,44.33333,20.0,8.33333,13.0,99.66667,-0.04724,0.29349,0.45417,0.53818,0.66667,1
35.66667,0.422,0.366,0.82467,8.66667,38.0,46.66667,21.66667,7.33333,16.66667,101.33333,0.03338,0.24967,0.51052,0.57262,33.66667,0.409,0.33067,0.81167,8.0,30.66667,38.66667,21.0,8.33333,14.0,98.33333,-0.25561,0.21014,0.46709,0.55749,1.0,1
40.0,0.453,0.36933,0.69,9.33333,32.0,41.33333,20.33333,9.0,11.0,105.66667,-0.1075,0.27388,0.52693,0.57237,36.33333,0.42867,0.37,0.78067,7.66667,37.66667,45.33333,27.66667,5.66667,14.66667,106.66667,-0.01787,0.21226,0.52523,0.59437,0.66667,1
40.0,0.465,0.379,0.73767,9.0,33.66667,42.66667,24.66667,7.66667,12.33333,107.0,0.1435,0.275,0.54623,0.59492,39.66667,0.428,0.347,0.84767,12.0,29.33333,41.33333,25.0,9.33333,10.66667,106.66667,-0.06045,0.3366,0.48913,0.54993,0.33333,0
36.33333,0.424,0.33567,0.644,8.0,28.0,36.0,23.33333,7.66667,10.66667,96.66667,-0.16471,0.19944,0.49427,0.53986,38.33333,0.443,0.34667,0.75967,9.33333,28.0,37.33333,19.0,7.0,11.33333,105.33333,-0.02166,0.27791,0.50576,0.57413,0.66667,1
50.0,0.54067,0.44167,0.723,8.0,34.33333,42.33333,33.33333,6.0,12.0,135.33333,0.07111,0.29331,0.63196,0.68914,37.66667,0.43667,0.35033,0.807,10.0,36.33333,46.33333,22.0,6.0,9.66667,99.33333,0.00176,0.27208,0.4948,0.55095,0.33333,1
35.33333,0.387,0.24767,0.86933,13.0,32.66667,45.66667,23.33333,6.0,9.0,105.0,-0.11605,0.34162,0.44881,0.54021,37.66667,0.42333,0.259,0.798,12.0,34.66667,46.66667,19.66667,8.33333,12.33333,104.33333,-0.11637,0.39806,0.47974,0.55423,1.0,0
49.33333,0.48367,0.32133,0.738,13.33333,42.66667,56.0,32.33333,7.0,13.0,126.66667,0.06385,0.38392,0.54393,0.59306,42.33333,0.48633,0.371,0.77033,10.33333,33.0,43.33333,25.0,6.66667,14.0,117.33333,-0.04062,0.32585,0.5622,0.6364,0.33333,0
37.0,0.45033,0.35633,0.75767,6.33333,33.66667,40.0,23.0,5.66667,15.0,104.66667,-0.16621,0.18427,0.52697,0.59907,38.66667,0.461,0.342,0.70033,9.0,35.33333,44.33333,24.0,7.66667,15.0,105.66667,0.03337,0.23741,0.5284,0.59168,0.66667,1
40.66667,0.47133,0.28767,0.738,9.66667,29.66667,39.33333,27.0,5.66667,10.66667,106.0,-0.0783,0.3,0.5337,0.58565,39.66667,0.45033,0.41033,0.85433,8.33333,34.66667,43.0,24.33333,9.0,10.0,111.66667,0.12732,0.23849,0.53595,0.6038,0.33333,0
37.0,0.447,0.35933,0.80833,12.0,28.33333,40.33333,19.0,6.66667,15.0,102.66667,-0.13076,0.43269,0.51769,0.58718,36.66667,0.41767,0.328,0.745,9.66667,31.66667,41.33333,21.33333,5.0,13.0,104.0,-0.29513,0.25783,0.48174,0.55797,0.66667,1
41.66667,0.491,0.38033,0.74767,7.66667,39.0,46.66667,27.0,9.33333,13.33333,110.33333,0.11878,0.21176,0.55386,0.61376,41.0,0.49233,0.40033,0.82433,5.33333,33.66667,39.0,27.33333,7.66667,13.33333,108.33333,0.03955,0.16618,0.57056,0.62433,0.66667,0
43.33333,0.50133,0.39433,0.77667,12.66667,33.33333,46.0,25.0,5.66667,11.0,111.33333,0.16194,0.47501,0.54982,0.61334,40.33333,0.48333,0.331,0.75633,10.0,37.33333,47.33333,24.33333,8.66667,13.33333,111.66667,0.10919,0.33843,0.53936,0.62267,0.0,1
37.0,0.43167,0.29067,0.85733,11.33333,33.33333,44.66667,22.66667,7.66667,17.33333,103.0,0.00022,0.33927,0.5062,0.57145,42.33333,0.47967,0.31567,0.79267,11.0,33.66667,44.66667,22.66667,6.33333,12.0,109.66667,0.01476,0.3246,0.53842,0.594,0.33333,1
35.0,0.43767,0.332,0.809,9.0,28.33333,37.33333,23.33333,6.33333,17.66667,95.0,-0.09077,0.26912,0.51233,0.56927,32.66667,0.37733,0.244,0.76567,13.66667,27.0,40.66667,22.0,7.0,14.0,94.0,-0.34462,0.4756,0.42512,0.5088,1.0,0
37.0,0.43867,0.28633,0.82433,12.33333,33.66667,46.0,22.0,7.66667,16.66667,107.0,0.0004,0.40028,0.51205,0.59401,37.0,0.406,0.308,0.772,9.0,33.33333,42.33333,20.66667,7.0,13.0,103.33333,-0.24519,0.21204,0.48515,0.54181,1.0,0
39.66667,0.44067,0.33733,0.72567,13.66667,31.0,44.66667,26.66667,4.33333,10.33333,106.33333,-0.04501,0.40131,0.51428,0.56476,44.33333,0.50533,0.32733,0.71033,14.33333,28.33333,42.66667,25.33333,8.66667,16.0,117.0,0.08587,0.50795,0.57181,0.63025,0.33333,1
38.33333,0.42767,0.30533,0.79333,11.66667,32.66667,44.33333,25.0,6.66667,8.33333,103.66667,-0.0874,0.32073,0.48117,0.54872,44.0,0.52433,0.389,0.82467,10.33333,29.66667,40.0,25.33333,7.66667,12.66667,113.66667,0.09397,0.35354,0.58642,0.64607,0.33333,0
46.33333,0.53033,0.367,0.70733,11.0,33.66667,44.66667,27.33333,6.0,11.33333,124.0,0.17094,0.36667,0.61235,0.6687,35.33333,0.43133,0.332,0.801,8.33333,32.0,40.33333,21.66667,9.33333,15.66667,101.0,-0.21307,0.22914,0.49471,0.57875,0.66667,0
46.33333,0.49,0.303,0.76567,12.0,33.0,45.0,29.0,8.33333,15.66667,119.66667,-0.00289,0.38125,0.54984,0.60372,41.33333,0.48033,0.41233,0.79633,9.33333,27.0,36.33333,24.0,6.0,13.66667,112.33333,-0.12884,0.3102,0.55512,0.62218,0.33333,0
36.66667,0.425,0.37167,0.744,10.33333,34.0,44.33333,25.0,6.33333,14.0,101.66667,-0.0567,0.30037,0.51411,0.56445,35.0,0.412,0.34867,0.73233,11.33333,31.66667,43.0,21.66667,6.0,14.66667,98.66667,-0.21308,0.34415,0.48218,0.548,1.0,0
41.0,0.457,0.346,0.75333,13.0,34.0,47.0,26.66667,6.33333,14.66667,107.33333,-0.03218,0.38702,0.52374,0.57367,39.33333,0.42967,0.35267,0.72567,13.66667,34.0,47.66667,22.66667,5.33333,8.66667,102.66667,-0.06783,0.38889,0.49664,0.53972,0.66667,0
43.0,0.46967,0.38167,0.73633,11.33333,31.0,42.33333,24.66667,6.0,8.66667,109.66667,0.04192,0.34962,0.5298,0.57484,34.0,0.39267,0.334,0.83233,15.33333,36.0,51.33333,19.33333,7.33333,15.66667,100.0,0.07148,0.48182,0.45661,0.54388,0.33333,0
41.33333,0.442,0.32767,0.78333,11.0,29.0,40.0,25.66667,8.0,11.66667,105.66667,-0.22176,0.30065,0.50232,0.54579,32.66667,0.397,0.29367,0.76667,7.33333,32.66667,40.0,24.33333,6.33333,16.0,98.0,-0.24326,0.20858,0.46532,0.55481,1.0,1
36.66667,0.42267,0.25533,0.80033,11.33333,29.33333,40.66667,23.0,7.0,9.33333,105.66667,-0.0509,0.30437,0.4881,0.56982,40.0,0.481,0.41567,0.74733,7.0,35.66667,42.66667,21.0,7.33333,9.0,109.0,0.06698,0.1906,0.55484,0.61785,0.0,1
38.0,0.43967,0.30367,0.815,9.33333,36.33333,45.66667,22.66667,7.33333,10.33333,101.0,0.03642,0.24886,0.50131,0.55876,40.0,0.43967,0.33033,0.78733,10.66667,31.33333,42.0,24.33333,5.66667,11.33333,103.33333,-0.17647,0.31036,0.49462,0.54531,0.66667,0
38.0,0.46233,0.34567,0.76267,7.33333,33.0,40.33333,21.33333,7.33333,17.33333,107.0,-0.15665,0.24177,0.529,0.60868,40.33333,0.439,0.332,0.869,12.33333,30.0,42.33333,22.0,7.0,12.33333,109.33333,-0.0048,0.3709,0.50575,0.56877,0.66667,1
36.33333,0.42567,0.31833,0.627,6.33333,25.0,31.33333,20.66667,7.0,9.66667,94.0,-0.27757,0.1549,0.49236,0.52992,37.0,0.419,0.35033,0.76733,7.0,32.66667,39.66667,25.0,7.0,12.66667,106.66667,-0.19947,0.17194,0.51223,0.57408,1.0,0
39.33333,0.43367,0.295,0.76433,10.0,33.33333,43.33333,21.66667,8.33333,12.0,103.33333,-0.19512,0.29386,0.47876,0.54516,40.0,0.455,0.34367,0.765,10.33333,34.66667,45.0,23.66667,7.66667,13.33333,107.0,-0.03866,0.31737,0.52283,0.57882,0.33333,0
37.0,0.42033,0.318,0.76767,13.33333,26.33333,39.66667,20.66667,9.66667,14.66667,102.33333,-0.19996,0.45477,0.48102,0.54997,40.66667,0.49367,0.41267,0.85633,9.66667,25.0,34.66667,22.0,7.33333,12.66667,108.33333,-0.07173,0.33333,0.55821,0.6254,0.66667,0
42.33333,0.49033,0.395,0.69133,7.33333,35.66667,43.0,26.33333,9.0,12.0,111.33333,0.15254,0.20547,0.55753,0.6098,46.0,0.54233,0.34533,0.73167,9.0,28.33333,37.33333,27.66667,8.0,16.0,120.33333,0.04507,0.34213,0.60931,0.67046,0.33333,0
38.33333,0.45067,0.36167,0.77,11.0,33.66667,44.66667,25.33333,7.33333,15.33333,103.33333,-0.01943,0.33282,0.54687,0.58846,39.0,0.43567,0.28533,0.82133,15.33333,31.0,46.33333,20.33333,7.33333,12.66667,109.33333,-0.09496,0.53284,0.49363,0.57514,1.0,1
36.33333,0.44433,0.29567,0.7,6.33333,35.33333,41.66667,19.0,9.0,12.66667,98.33333,-0.11367,0.17546,0.49743,0.56435,32.33333,0.404,0.27533,0.74233,8.33333,30.0,38.33333,24.0,6.66667,15.66667,95.33333,-0.35142,0.24496,0.46776,0.5541,1.0,0
43.0,0.484,0.38667,0.70067,11.33333,33.0,44.33333,24.33333,4.66667,8.33333,110.66667,0.11173,0.35199,0.54026,0.59318,44.33333,0.518,0.395,0.83233,9.66667,34.0,43.66667,25.0,5.33333,13.0,115.0,0.13233,0.31534,0.59661,0.6463,0.0,0
41.0,0.49167,0.44433,0.72067,8.0,35.33333,43.33333,23.0,8.66667,15.0,111.66667,0.16649,0.23122,0.58574,0.63686,39.0,0.444,0.354,0.747,10.33333,34.0,44.33333,23.33333,11.66667,14.0,108.33333,0.0582,0.28828,0.51992,0.58347,0.33333,1
42.66667,0.48767,0.34767,0.81,10.33333,30.66667,41.0,28.0,6.66667,9.33333,114.33333,0.04454,0.33756,0.54443,0.61693,34.66667,0.41667,0.34633,0.817,10.33333,35.33333,45.66667,22.0,9.66667,13.33333,99.33333,-0.02016,0.30658,0.48673,0.56443,0.33333,0
47.0,0.48533,0.41467,0.73033,13.0,42.0,55.0,31.0,10.33333,13.0,119.0,0.33148,0.48929,0.57123,0.59728,33.33333,0.40433,0.32233,0.84533,12.0,38.0,50.0,20.66667,7.33333,14.66667,99.0,0.03154,0.36921,0.46481,0.56157,0.33333,1
39.33333,0.45633,0.363,0.82733,10.33333,36.66667,47.0,22.0,5.33333,13.0,110.0,0.01097,0.3022,0.54657,0.60829,37.0,0.451,0.367,0.80033,6.66667,36.66667,43.33333,25.0,6.66667,15.66667,102.0,-0.01697,0.20658,0.52819,0.59389,0.66667,1
42.0,0.45633,0.38833,0.75967,9.0,35.66667,44.66667,28.33333,9.66667,11.66667,115.0,0.16845,0.232,0.54244,0.59584,41.33333,0.45,0.36367,0.73567,10.66667,35.0,45.66667,23.66667,8.66667,14.66667,112.33333,0.07627,0.33195,0.51558,0.57876,0.66667,0
39.0,0.45533,0.34567,0.66033,6.0,33.66667,39.66667,20.66667,6.66667,11.33333,103.0,-0.11359,0.16324,0.52357,0.57317,42.0,0.46933,0.40533,0.795,8.33333,39.66667,48.0,28.0,5.66667,12.0,118.33333,0.16513,0.24765,0.57954,0.63321,0.33333,1
43.33333,0.48633,0.33667,0.81833,10.0,30.0,40.0,22.33333,9.0,14.0,116.0,-0.02438,0.32759,0.54298,0.6161,37.33333,0.433,0.37867,0.72233,10.33333,32.33333,42.66667,25.33333,8.33333,16.33333,101.0,-0.10544,0.33482,0.50267,0.55824,1.0,0
40.66667,0.468,0.37167,0.842,10.33333,29.33333,39.66667,22.33333,5.33333,12.33333,117.0,-0.13405,0.31001,0.56177,0.63585,44.33333,0.461,0.38733,0.80833,11.33333,36.33333,47.66667,29.66667,7.0,13.0,122.0,0.01247,0.30476,0.53776,0.60542,0.33333,0
41.33333,0.44367,0.34133,0.77967,10.0,37.33333,47.33333,28.33333,5.66667,11.0,108.0,0.0962,0.25653,0.51715,0.55986,36.33333,0.42633,0.34967,0.78933,9.0,31.0,40.0,23.33333,8.33333,11.66667,103.66667,-0.14265,0.24591,0.49058,0.57141,0.66667,0
45.0,0.51467,0.367,0.80533,10.0,32.0,42.0,24.33333,5.66667,13.66667,123.66667,-0.01198,0.35668,0.59941,0.66993,44.0,0.492,0.40667,0.736,10.66667,32.0,42.66667,27.66667,12.66667,11.33333,117.33333,0.19106,0.33804,0.57792,0.62652,0.0,0
=======
MP_away,FG_away,FGA_away,FG%_away,3P_away,3PA_away,3P%_away,FT_away,FTA_away,FT%_away,ORB_away,DRB_away,TRB_away,AST_away,STL_away,BLK_away,TOV_away,PF_away,PTS_away,MP_home,FG_home,FGA_home,FG%_home,3P_home,3PA_home,3P%_home,FT_home,FTA_home,FT%_home,ORB_home,DRB_home,TRB_home,AST_home,STL_home,BLK_home,TOV_home,PF_home,PTS_home,Winner,LogRatio_home,LogRatio_away,RB_aggr_home,RB_aggr_away,eFG%_home,eFG%_away,TS%_home,TS%_away,Elo_home,Elo_away,ModelProb_Away,ModelProb_Home,OddsAway_Elo,OddsHome_Elo,HomeTeamWon,MP_away.1,FG_away.1,FGA_away.1,FG%_away.1,3P_away.1,3PA_away.1,3P%_away.1,FT_away.1,FTA_away.1,FT%_away.1,ORB_away.1,DRB_away.1,TRB_away.1,AST_away.1,STL_away.1,BLK_away.1,TOV_away.1,PF_away.1,PTS_away.1,MP_home.1,FG_home.1,FGA_home.1,FG%_home.1,3P_home.1,3PA_home.1,3P%_home.1,FT_home.1,FTA_home.1,FT%_home.1,ORB_home.1,DRB_home.1,TRB_home.1,AST_home.1,STL_home.1,BLK_home.1,TOV_home.1,PF_home.1,PTS_home.1,Winner.1,LogRatio_home.1,LogRatio_away.1,RB_aggr_home.1,RB_aggr_away.1,eFG%_home.1,eFG%_away.1,TS%_home.1,TS%_away.1,Elo_home.1,Elo_away.1,ModelProb_Away.1,ModelProb_Home.1,OddsAway_Elo.1,OddsHome_Elo.1,HomeTeamWon.1,OddsAway,OddsHome,OddsAway.1,OddsHome.1
240.0,36.33333,84.66667,0.429,10.0,28.0,0.35267,17.66667,23.33333,0.75433,10.33333,37.66667,48.0,21.33333,9.0,2.66667,11.66667,16.33333,100.33333,240.0,34.0,85.66667,0.39833,8.66667,31.66667,0.268,14.0,16.0,0.871,9.0,35.33333,44.33333,18.33333,4.66667,6.66667,14.66667,20.0,90.66667,1,-0.14591,0.14591,0.23723,0.29266,0.4491,0.48758,0.51014,0.55863,1515.30833,1544.30424,0.52168,0.47832,1.92138,2.09619,0.0,240.0,42.66667,87.0,0.49233,11.0,31.0,0.34667,17.33333,22.33333,0.77567,8.33333,36.0,44.33333,27.66667,10.33333,3.66667,12.33333,18.33333,113.66667,240.0,37.33333,82.33333,0.455,12.66667,31.66667,0.40167,16.0,18.66667,0.88033,6.33333,32.0,38.33333,22.0,8.0,4.66667,15.33333,19.33333,103.33333,1,-0.13574,0.13574,0.1787,0.25744,0.5319,0.55626,0.59946,0.62079,1464.43963,1508.11882,0.54975,0.45025,1.82628,2.23569,0.0,,,,
240.0,34.66667,83.33333,0.41633,9.66667,30.33333,0.32067,20.0,26.33333,0.77067,9.66667,39.0,48.66667,20.33333,7.33333,4.33333,14.66667,20.66667,99.0,240.0,36.0,84.0,0.431,8.66667,26.33333,0.32667,13.66667,18.33333,0.72033,8.33333,36.33333,44.66667,20.33333,5.33333,3.66667,16.33333,25.0,94.33333,1,-0.07167,0.07167,0.212,0.27173,0.4829,0.47478,0.53785,0.55635,1493.74478,1508.52162,0.51087,0.48913,1.96011,2.04763,0.33333,240.0,40.33333,82.66667,0.49167,8.0,17.66667,0.456,17.33333,23.0,0.753,9.0,34.33333,43.33333,16.66667,8.0,2.66667,14.33333,18.33333,106.0,240.0,40.33333,84.0,0.47967,12.33333,32.33333,0.37867,12.33333,16.66667,0.72733,6.66667,32.66667,39.33333,21.33333,8.0,6.33333,14.0,21.0,105.33333,1,-0.00425,0.00425,0.19478,0.27087,0.55254,0.54084,0.60057,0.60882,1496.37278,1495.94883,0.49216,0.50784,2.03338,1.97053,0.66667,,,,
240.0,37.0,90.66667,0.40633,6.33333,19.33333,0.30533,12.0,18.66667,0.62733,11.33333,29.0,40.33333,16.33333,9.0,3.33333,12.0,21.33333,92.33333,240.0,38.33333,82.33333,0.468,10.66667,29.66667,0.36,17.33333,23.0,0.74167,12.66667,39.33333,52.0,23.33333,7.0,4.66667,16.66667,20.33333,104.66667,0,0.19641,-0.19641,0.43519,0.28803,0.53287,0.44113,0.60145,0.48362,1494.2557,1474.1091,0.49918,0.50082,2.00757,2.00069,1.0,240.0,36.66667,82.66667,0.446,6.66667,19.66667,0.29267,17.0,25.0,0.65767,9.66667,33.0,42.66667,21.0,7.33333,3.33333,13.33333,17.66667,97.0,240.0,39.33333,84.66667,0.46633,12.0,29.33333,0.41033,15.33333,21.33333,0.71733,10.33333,35.66667,46.0,24.33333,11.0,5.0,12.33333,24.33333,106.0,0,0.13163,-0.13163,0.32467,0.26692,0.53848,0.48607,0.59748,0.55323,1515.53323,1492.3893,0.48384,0.51616,2.06798,1.93841,0.66667,,,,
240.0,38.33333,88.33333,0.432,11.33333,31.66667,0.36033,24.66667,29.0,0.834,10.0,32.33333,42.33333,20.33333,6.66667,2.33333,17.0,24.0,112.66667,240.0,46.0,94.33333,0.48767,8.66667,28.0,0.31533,23.33333,29.66667,0.748,13.0,35.66667,48.66667,22.66667,9.0,6.66667,12.0,22.33333,124.0,0,0.15266,-0.15266,0.41409,0.28021,0.5336,0.49661,0.61621,0.59099,1503.24859,1495.90466,0.5085,0.4915,1.97279,2.04182,1.0,248.33333,40.0,94.0,0.42567,7.66667,29.33333,0.25833,10.0,15.33333,0.56167,8.66667,34.33333,43.0,22.66667,10.0,4.0,12.33333,18.0,97.66667,248.33333,40.66667,87.33333,0.46567,7.33333,26.33333,0.275,13.66667,18.0,0.769,8.66667,43.0,51.66667,25.66667,8.33333,5.33333,18.66667,20.66667,102.33333,0,0.06315,-0.06315,0.25725,0.20401,0.50627,0.4664,0.56009,0.50147,1482.83672,1511.91409,0.55506,0.44494,1.80405,2.25201,0.66667,,,,
240.0,38.66667,89.33333,0.43667,8.33333,26.0,0.313,12.33333,16.66667,0.752,12.0,33.0,45.0,21.33333,6.0,2.66667,14.66667,17.66667,98.0,240.0,38.66667,83.66667,0.46367,12.0,29.33333,0.406,16.0,18.0,0.91533,9.0,34.0,43.0,22.66667,7.0,4.66667,13.66667,18.33333,105.33333,1,0.10492,-0.10492,0.27029,0.34236,0.53516,0.48515,0.6023,0.53313,1500.15973,1492.61376,0.51086,0.48914,1.95852,2.04566,0.66667,240.0,38.66667,88.0,0.44233,12.33333,31.66667,0.38233,21.0,25.66667,0.81267,11.33333,33.66667,45.0,24.0,6.66667,4.0,19.66667,23.0,110.66667,240.0,42.33333,90.66667,0.467,12.33333,33.33333,0.37,21.0,30.0,0.70133,12.66667,33.0,45.66667,23.66667,12.0,5.66667,16.0,22.0,118.0,1,0.09395,-0.09395,0.38443,0.3384,0.53497,0.51332,0.60648,0.5942,1501.37806,1495.71254,0.49887,0.50113,2.00521,1.99614,1.0,,,,
240.0,33.0,80.0,0.412,7.66667,24.33333,0.327,22.33333,31.33333,0.723,7.66667,42.66667,50.33333,16.0,3.33333,5.0,14.0,19.33333,96.0,240.0,37.66667,91.33333,0.414,8.66667,29.0,0.307,17.33333,20.33333,0.87,8.33333,37.33333,45.66667,21.66667,9.66667,5.0,9.33333,23.33333,101.33333,0,0.08047,-0.08047,0.19175,0.2065,0.46153,0.46064,0.53085,0.55303,1507.23722,1501.55407,0.50256,0.49744,1.99295,2.01356,0.66667,240.0,38.0,82.66667,0.45933,10.66667,28.0,0.397,16.0,21.0,0.76033,7.0,32.0,39.0,23.33333,9.66667,6.66667,13.66667,22.0,102.66667,240.0,38.33333,88.66667,0.432,6.66667,21.66667,0.30767,16.66667,21.66667,0.77667,14.66667,35.66667,50.33333,20.0,6.0,10.33333,15.66667,16.66667,100.0,0,-0.03779,0.03779,0.46556,0.19362,0.46962,0.52409,0.53503,0.58853,1500.94346,1520.99715,0.51865,0.48135,1.92934,2.07906,0.66667,,,,
240.0,38.33333,88.66667,0.43233,11.33333,31.0,0.35933,13.0,16.66667,0.789,8.33333,35.66667,44.0,23.33333,5.66667,3.66667,13.33333,20.66667,101.0,240.0,38.66667,83.0,0.466,13.66667,32.66667,0.41867,20.0,23.0,0.86567,8.0,37.33333,45.33333,25.0,7.66667,2.33333,12.33333,17.33333,111.0,1,0.13536,-0.13536,0.25672,0.23047,0.54819,0.49653,0.62994,0.5475,1502.32474,1472.72795,0.4781,0.5219,2.09376,1.91783,1.0,240.0,38.0,95.33333,0.39667,7.66667,29.66667,0.24933,22.0,26.0,0.833,14.0,33.33333,47.33333,22.33333,7.33333,5.33333,15.0,20.66667,105.66667,240.0,44.0,85.66667,0.51433,9.0,22.33333,0.40233,21.33333,27.66667,0.71133,7.66667,38.66667,46.33333,21.33333,8.33333,7.0,14.0,21.66667,118.33333,1,0.17555,-0.17555,0.23075,0.36212,0.5671,0.43625,0.64573,0.52106,1518.92585,1503.44885,0.49574,0.50426,2.01858,1.98441,1.0,,,,
240.0,36.0,83.66667,0.429,9.66667,30.33333,0.31567,20.33333,27.0,0.75267,7.66667,39.66667,47.33333,20.66667,6.33333,4.66667,14.66667,24.0,102.0,240.0,35.0,85.66667,0.41,8.66667,27.66667,0.32,22.33333,26.66667,0.837,10.66667,37.33333,48.0,20.33333,6.0,6.33333,15.0,21.0,101.0,1,-0.0108,0.0108,0.27112,0.22352,0.46055,0.48724,0.5532,0.56951,1489.76638,1487.47089,0.49979,0.50021,2.01545,2.01358,0.33333,240.0,36.33333,87.33333,0.41567,8.33333,24.66667,0.286,10.33333,14.33333,0.72833,10.66667,37.33333,48.0,25.0,11.33333,5.33333,10.66667,18.0,91.33333,240.0,28.0,82.0,0.34,8.33333,32.33333,0.25833,14.66667,19.33333,0.76233,12.66667,39.66667,52.33333,18.0,5.66667,4.66667,17.0,15.33333,79.0,1,-0.21477,0.21477,0.34955,0.27446,0.39138,0.46466,0.45655,0.50597,1471.44728,1507.68678,0.53288,0.46712,1.88287,2.15044,0.33333,,,,
240.0,39.66667,80.0,0.49533,11.66667,31.0,0.38033,17.0,22.0,0.79767,7.66667,35.0,42.66667,21.66667,7.0,4.0,18.66667,15.66667,108.0,240.0,42.33333,90.0,0.46967,13.66667,38.0,0.35933,12.33333,16.33333,0.76567,9.33333,29.0,38.33333,26.0,10.0,3.0,12.33333,19.66667,110.66667,1,0.03071,-0.03071,0.26808,0.28855,0.5454,0.56838,0.5903,0.63646,1499.02375,1501.80755,0.50442,0.49558,1.98337,2.01882,0.66667,240.0,42.33333,87.66667,0.48333,11.33333,27.33333,0.413,20.0,25.66667,0.76767,10.66667,31.33333,42.0,22.33333,7.66667,4.0,15.0,28.0,116.0,240.0,41.0,88.0,0.47067,7.33333,23.0,0.31967,27.66667,34.33333,0.806,12.66667,32.0,44.66667,22.0,8.33333,7.0,12.33333,22.0,117.0,1,0.01324,-0.01324,0.39265,0.33519,0.51242,0.54764,0.61767,0.6222,1503.43428,1495.70785,0.48523,0.51477,2.0685,1.94852,0.66667,,,,
240.0,32.33333,84.66667,0.38533,11.66667,29.66667,0.40433,14.0,17.33333,0.81,11.66667,33.66667,45.33333,18.66667,6.66667,2.0,17.33333,19.0,90.33333,240.0,35.66667,78.66667,0.452,12.33333,38.66667,0.32833,18.66667,22.33333,0.82833,7.66667,37.33333,45.0,20.0,11.66667,6.0,15.0,21.33333,102.33333,0,0.17852,-0.17852,0.22713,0.32358,0.53001,0.45545,0.61198,0.51443,1512.1299,1472.44661,0.46387,0.53613,2.16121,1.86886,1.0,240.0,40.66667,85.33333,0.47433,10.0,28.33333,0.35133,15.33333,20.66667,0.75067,11.33333,34.33333,45.66667,24.33333,8.66667,7.0,14.0,22.0,106.66667,240.0,35.33333,84.33333,0.41867,11.66667,30.66667,0.38,18.33333,24.33333,0.74233,11.66667,31.66667,43.33333,20.33333,7.33333,4.33333,14.33333,18.0,100.66667,0,-0.05539,0.05539,0.33644,0.37141,0.48812,0.53261,0.56062,0.58871,1534.95545,1512.52282,0.4621,0.5379,2.16484,1.85961,0.33333,,,,
240.0,41.0,88.66667,0.46233,9.33333,27.0,0.352,14.33333,18.66667,0.78333,12.33333,29.66667,42.0,18.66667,9.33333,3.0,14.33333,25.66667,105.66667,240.0,35.0,80.0,0.441,9.66667,28.33333,0.33833,23.33333,29.33333,0.78733,11.33333,31.0,42.33333,21.33333,8.0,5.0,15.33333,19.0,103.0,1,-0.04293,0.04293,0.37589,0.40741,0.50071,0.51497,0.59804,0.56954,1508.05078,1510.79446,0.50033,0.49967,2.0068,2.00897,0.33333,240.0,44.33333,96.0,0.46167,12.66667,36.0,0.352,15.66667,20.0,0.786,13.0,29.0,42.0,29.33333,8.66667,5.66667,14.0,17.66667,117.0,240.0,44.0,84.0,0.52667,12.66667,31.33333,0.41933,18.66667,21.0,0.88967,9.0,34.66667,43.66667,33.0,7.33333,9.66667,17.0,20.0,119.33333,1,0.02922,-0.02922,0.31302,0.3833,0.60357,0.52749,0.6778,0.58257,1506.9285,1509.67557,0.50395,0.49605,1.98665,2.01839,0.66667,,,,
240.0,42.33333,82.66667,0.51267,13.0,27.66667,0.45367,17.66667,22.0,0.79833,6.66667,36.0,42.66667,26.0,6.0,3.33333,14.33333,24.66667,115.33333,240.0,40.0,84.0,0.47767,12.66667,27.33333,0.467,18.0,25.33333,0.697,7.0,31.33333,38.33333,23.66667,8.66667,2.33333,13.0,22.0,110.66667,0,-0.06502,0.06502,0.1956,0.21026,0.55334,0.58947,0.62023,0.65952,1490.25433,1494.1018,0.49532,0.50468,2.02369,1.98583,0.33333,240.0,33.66667,77.66667,0.433,9.0,26.33333,0.345,19.66667,24.66667,0.8,6.0,38.33333,44.33333,20.0,6.66667,2.33333,17.33333,19.33333,96.0,240.0,40.66667,91.0,0.44567,10.0,30.0,0.329,12.0,16.0,0.767,10.0,34.33333,44.33333,23.33333,8.66667,2.66667,12.0,21.33333,103.33333,0,0.09315,-0.09315,0.27469,0.18187,0.50025,0.49127,0.54545,0.57817,1506.82052,1481.99517,0.47735,0.52265,2.0976,1.91543,0.66667,,,,
240.0,42.66667,87.33333,0.48733,15.0,39.33333,0.38,20.33333,24.33333,0.83267,10.66667,37.66667,48.33333,27.33333,7.33333,7.66667,17.0,24.66667,120.66667,240.0,39.66667,90.33333,0.441,11.66667,30.66667,0.37467,20.33333,29.66667,0.67333,12.0,32.33333,44.33333,22.33333,9.0,2.66667,14.33333,21.33333,111.33333,1,-0.10856,0.10856,0.31224,0.33193,0.50533,0.57278,0.57908,0.65014,1490.41945,1503.27655,0.50853,0.49147,1.96738,2.03571,0.33333,240.0,32.33333,79.33333,0.40633,7.33333,26.66667,0.27367,17.0,23.33333,0.74067,8.0,34.33333,42.33333,18.33333,8.66667,5.33333,16.33333,23.33333,89.0,240.0,38.33333,85.0,0.44933,12.33333,31.0,0.40067,17.33333,24.33333,0.709,12.0,37.0,49.0,22.0,10.0,4.0,14.33333,22.0,106.33333,1,0.23871,-0.23871,0.34686,0.22367,0.52213,0.45248,0.58627,0.52771,1536.93592,1495.17051,0.46314,0.53686,2.15982,1.86313,0.66667,,,,
240.0,34.33333,77.66667,0.44233,7.33333,25.0,0.29967,13.66667,17.66667,0.78733,7.33333,33.66667,41.0,21.0,8.33333,8.33333,20.0,21.0,89.66667,240.0,39.0,86.66667,0.45067,7.66667,23.33333,0.32633,14.0,18.66667,0.751,12.33333,35.33333,47.66667,18.66667,10.33333,3.66667,14.66667,19.33333,99.66667,0,0.15484,-0.15484,0.36278,0.20926,0.49551,0.4894,0.55121,0.54996,1504.83209,1499.13847,0.50906,0.49094,1.96958,2.04242,1.0,240.0,34.66667,77.33333,0.44833,9.66667,24.66667,0.384,22.33333,27.33333,0.79633,6.0,36.33333,42.33333,20.66667,7.0,2.0,15.0,23.66667,101.33333,240.0,34.66667,80.66667,0.43,11.0,44.0,0.24933,21.0,27.66667,0.76467,9.0,33.66667,42.66667,19.66667,9.66667,3.0,14.66667,26.0,101.33333,0,0.00226,-0.00226,0.24782,0.18464,0.49754,0.50984,0.58335,0.61041,1513.76862,1496.80418,0.48285,0.51715,2.07503,1.93674,0.33333,,,,
240.0,42.33333,87.66667,0.484,9.0,23.33333,0.38933,17.66667,22.33333,0.766,11.66667,31.0,42.66667,20.66667,10.0,2.66667,15.33333,20.66667,111.33333,240.0,43.33333,87.33333,0.496,11.0,28.33333,0.38567,13.33333,20.66667,0.633,10.33333,30.0,40.33333,25.66667,7.66667,7.66667,16.33333,20.0,111.0,1,0.0065,-0.0065,0.34827,0.40067,0.55924,0.53605,0.60413,0.60601,1501.26463,1494.31448,0.48939,0.51061,2.04334,1.95846,0.66667,240.0,41.33333,89.0,0.46433,15.66667,32.0,0.48833,15.0,18.0,0.83533,10.33333,36.33333,46.66667,27.66667,6.33333,5.0,11.66667,24.66667,113.33333,240.0,35.66667,83.33333,0.42833,11.0,32.0,0.33467,20.0,25.33333,0.78867,8.66667,32.66667,41.33333,21.0,4.66667,5.0,13.33333,17.0,102.33333,1,-0.15643,0.15643,0.24085,0.31508,0.49444,0.55257,0.5765,0.60966,1491.63852,1498.62262,0.48395,0.51605,2.06777,1.93896,0.33333,,,,
240.0,37.0,90.33333,0.408,9.0,22.33333,0.40267,12.66667,18.33333,0.69133,13.66667,30.66667,44.33333,18.0,9.0,2.66667,12.0,21.33333,95.66667,240.0,36.66667,79.0,0.46433,10.33333,31.0,0.333,16.66667,22.66667,0.722,10.33333,36.0,46.33333,21.33333,7.0,4.66667,16.0,19.0,100.33333,0,0.07544,-0.07544,0.36247,0.39502,0.53039,0.45811,0.59829,0.50423,1491.87192,1489.78417,0.51169,0.48831,1.95455,2.04819,0.66667,240.0,42.33333,93.0,0.45433,10.0,25.66667,0.39833,18.33333,22.33333,0.79767,11.33333,34.66667,46.0,20.0,8.0,5.33333,14.66667,20.66667,113.0,240.0,41.33333,85.66667,0.479,7.66667,24.66667,0.314,20.66667,28.33333,0.73267,8.66667,34.66667,43.33333,21.66667,7.33333,5.33333,15.0,20.66667,111.0,0,-0.03558,0.03558,0.25833,0.32749,0.52352,0.50804,0.60026,0.57525,1494.04107,1512.01105,0.51529,0.48471,1.94171,2.06435,0.66667,,,,
240.0,40.0,88.66667,0.45767,10.66667,30.33333,0.35067,15.66667,22.0,0.756,13.66667,34.33333,48.0,18.0,7.33333,4.0,14.0,19.33333,106.33333,240.0,39.0,88.0,0.44533,11.0,25.0,0.41267,16.0,21.33333,0.754,13.0,32.0,45.0,24.33333,8.66667,4.66667,13.66667,20.66667,105.0,0,-0.02661,0.02661,0.38834,0.42738,0.50849,0.51795,0.56937,0.57595,1511.93552,1527.18179,0.51524,0.48476,1.9425,2.06496,0.33333,240.0,35.66667,84.33333,0.422,11.0,27.33333,0.403,21.66667,27.33333,0.78333,11.66667,33.33333,45.0,20.33333,8.0,1.66667,15.33333,18.0,104.0,240.0,41.33333,90.66667,0.45467,11.33333,31.0,0.36533,13.0,18.66667,0.701,12.0,32.33333,44.33333,24.0,7.0,7.0,14.66667,22.33333,107.0,0,0.03966,-0.03966,0.37974,0.36397,0.5176,0.48723,0.56375,0.57544,1528.67413,1511.07073,0.48533,0.51467,2.06067,1.94316,0.33333,,,,
240.0,40.66667,84.33333,0.481,7.0,22.0,0.30367,19.33333,26.66667,0.72267,7.0,30.66667,37.66667,18.33333,9.33333,5.0,15.0,23.66667,107.66667,240.0,40.66667,85.66667,0.474,12.0,27.33333,0.437,19.66667,26.0,0.755,11.33333,35.33333,46.66667,19.0,8.0,6.0,17.33333,22.0,113.0,0,0.0873,-0.0873,0.38787,0.19651,0.54443,0.52128,0.61619,0.59335,1504.32245,1481.59442,0.47427,0.52573,2.11365,1.90578,0.66667,240.0,35.66667,84.33333,0.42333,6.33333,19.33333,0.28167,12.0,19.0,0.65767,10.0,26.33333,36.33333,22.66667,8.66667,3.66667,13.33333,16.33333,89.66667,240.0,39.66667,81.66667,0.486,14.0,33.66667,0.41767,17.0,20.66667,0.82333,12.0,37.0,49.0,26.66667,10.33333,5.33333,13.66667,21.66667,110.33333,0,0.29995,-0.29995,0.51136,0.26923,0.57263,0.46044,0.64172,0.50668,1531.19957,1471.66352,0.44664,0.55336,2.25953,1.81676,1.0,,,,
240.0,34.0,74.66667,0.45333,10.33333,27.0,0.374,23.33333,28.33333,0.80633,6.0,31.66667,37.66667,17.0,6.66667,3.66667,13.33333,23.66667,101.66667,240.0,35.33333,78.0,0.45333,8.0,30.0,0.27133,20.33333,27.66667,0.73433,9.33333,29.66667,39.0,21.0,6.0,4.33333,13.33333,24.33333,99.0,0,-0.03689,0.03689,0.29683,0.20499,0.50559,0.52194,0.58934,0.62819,1504.75675,1519.53617,0.5181,0.4819,1.94099,2.09,0.33333,240.0,39.33333,92.66667,0.42433,8.66667,33.33333,0.26033,14.66667,20.33333,0.59867,9.0,33.33333,42.33333,23.66667,9.0,4.0,13.33333,19.0,102.0,240.0,43.0,88.0,0.48733,8.0,23.33333,0.34033,15.66667,21.66667,0.73267,9.0,44.0,53.0,25.33333,8.66667,6.0,17.0,21.66667,109.66667,0,0.09774,-0.09774,0.27128,0.2077,0.53121,0.47105,0.58891,0.52444,1487.55411,1501.64443,0.54045,0.45955,1.86154,2.19235,0.66667,,,,
240.0,35.66667,81.0,0.44167,15.33333,47.0,0.32033,19.66667,22.0,0.884,8.66667,36.33333,45.0,20.66667,7.66667,7.33333,16.0,17.66667,106.33333,240.0,39.33333,91.0,0.43167,10.33333,29.33333,0.35333,10.0,16.0,0.657,10.66667,32.33333,43.0,21.33333,8.33333,5.33333,13.33333,17.66667,99.0,0,-0.10441,0.10441,0.2983,0.26719,0.48846,0.53545,0.52412,0.62055,1496.86868,1512.68263,0.50801,0.49199,1.97148,2.03606,0.0,240.0,31.66667,85.66667,0.371,9.66667,32.33333,0.29667,21.33333,25.33333,0.84333,15.33333,34.66667,50.0,18.33333,8.0,7.33333,16.0,27.0,94.33333,240.0,35.0,80.66667,0.43433,9.66667,30.0,0.32467,23.66667,31.66667,0.74067,10.0,33.66667,43.66667,19.0,8.0,6.0,14.33333,25.66667,103.33333,0,0.13069,-0.13069,0.28739,0.45759,0.49492,0.42732,0.59318,0.51893,1512.27064,1486.59823,0.47747,0.52253,2.10182,1.919,1.0,,,,
240.0,39.0,87.33333,0.448,12.33333,34.33333,0.35367,12.0,15.66667,0.74767,9.66667,31.0,40.66667,24.33333,9.0,5.33333,17.33333,23.33333,102.33333,240.0,37.66667,85.66667,0.43967,8.66667,25.0,0.354,20.0,28.0,0.70633,14.0,33.0,47.0,18.33333,9.33333,6.33333,15.33333,18.66667,104.0,0,0.02095,-0.02095,0.46465,0.29342,0.49033,0.52133,0.56562,0.56728,1516.18989,1491.52984,0.46799,0.53201,2.14286,1.88386,0.66667,240.0,43.0,94.66667,0.454,11.66667,31.33333,0.378,17.0,19.33333,0.89133,15.33333,24.66667,40.0,27.33333,11.0,4.0,14.33333,15.33333,114.66667,240.0,44.33333,83.0,0.53767,10.66667,30.33333,0.365,15.33333,18.0,0.838,10.33333,33.0,43.33333,31.33333,6.66667,10.33333,19.66667,16.33333,114.66667,0,-0.0015,0.0015,0.41908,0.47695,0.60319,0.51583,0.6634,0.57973,1509.24956,1516.61322,0.5073,0.4927,1.9735,2.03207,0.66667,,,,
240.0,39.0,85.33333,0.45667,9.0,23.0,0.39367,18.0,22.33333,0.80733,9.33333,32.0,41.33333,22.33333,5.66667,3.0,14.66667,17.33333,105.0,240.0,45.0,92.33333,0.48733,11.33333,28.66667,0.39233,12.66667,17.33333,0.72233,11.0,33.33333,44.33333,26.66667,8.0,6.66667,12.0,20.66667,114.0,1,0.11978,-0.11978,0.34808,0.28661,0.54845,0.50958,0.59301,0.58153,1509.50426,1486.65367,0.48412,0.51588,2.06671,1.93941,0.66667,240.0,37.33333,77.66667,0.48233,7.66667,19.0,0.42033,19.66667,24.66667,0.797,8.33333,33.66667,42.0,15.66667,8.66667,3.0,15.0,17.0,102.0,240.0,36.66667,81.33333,0.45067,10.0,31.33333,0.31667,14.66667,17.33333,0.84967,6.66667,31.0,37.66667,19.0,8.0,5.66667,15.66667,22.33333,98.0,1,-0.05278,0.05278,0.19894,0.2676,0.51154,0.53165,0.57513,0.61443,1492.80136,1507.83758,0.51132,0.48868,1.96174,2.05327,0.33333,,,,
240.0,33.66667,86.33333,0.39333,11.33333,31.33333,0.37567,14.0,17.0,0.82267,12.0,32.33333,44.33333,19.0,7.33333,3.66667,17.33333,20.0,92.66667,240.0,36.33333,77.33333,0.46867,13.0,32.33333,0.405,20.66667,24.66667,0.83167,7.33333,36.0,43.33333,23.33333,10.66667,6.33333,16.0,20.0,106.33333,0,0.19399,-0.19399,0.22678,0.33704,0.55211,0.4602,0.64167,0.51816,1518.93707,1462.53046,0.43782,0.56218,2.28752,1.7804,1.0,240.0,45.33333,82.33333,0.54933,9.0,24.0,0.38333,14.66667,17.66667,0.81033,8.66667,29.66667,38.33333,24.33333,8.66667,6.33333,16.66667,23.66667,114.33333,240.0,40.0,84.33333,0.47333,8.0,22.66667,0.35233,20.66667,27.66667,0.73833,12.0,26.33333,38.33333,22.33333,8.33333,4.33333,14.66667,17.33333,108.66667,0,-0.06671,0.06671,0.43187,0.35258,0.52108,0.60389,0.60017,0.66224,1481.5457,1512.646,0.52978,0.47022,1.89806,2.14293,0.66667,,,,
248.33333,40.33333,87.33333,0.462,10.0,24.33333,0.41267,23.0,26.33333,0.86567,9.0,31.66667,40.66667,21.33333,8.66667,3.0,15.66667,20.33333,113.66667,248.33333,47.66667,93.66667,0.50933,11.0,30.66667,0.35167,12.66667,19.33333,0.65067,12.0,32.33333,44.33333,25.0,8.0,4.66667,16.33333,24.0,119.0,1,0.07072,-0.07072,0.38571,0.28536,0.56808,0.51912,0.60805,0.60939,1503.59951,1476.80734,0.4751,0.5249,2.10487,1.90517,0.33333,240.0,42.0,85.0,0.493,15.33333,35.66667,0.42833,15.33333,20.33333,0.75367,7.0,36.0,43.0,25.0,8.0,3.66667,17.33333,20.33333,114.66667,240.0,44.33333,92.66667,0.478,12.0,32.33333,0.36267,13.33333,18.66667,0.72133,11.66667,35.33333,47.0,29.66667,9.0,4.33333,15.66667,20.33333,114.0,1,-0.00831,0.00831,0.322,0.19911,0.54168,0.58239,0.58803,0.63942,1494.99596,1511.71204,0.52237,0.47763,1.91518,2.09473,0.33333,,,,
240.0,36.66667,84.33333,0.43367,7.0,21.33333,0.27967,15.33333,21.66667,0.71133,11.0,34.0,45.0,22.0,8.33333,4.0,17.66667,22.0,95.66667,240.0,35.66667,82.0,0.43633,11.66667,33.33333,0.35833,20.33333,25.33333,0.798,8.33333,32.66667,41.0,24.0,10.0,6.33333,15.0,23.0,103.33333,0,0.12151,-0.12151,0.25486,0.34065,0.50852,0.47457,0.59314,0.53516,1501.86355,1486.02332,0.49081,0.50919,2.03888,1.96515,0.66667,240.0,36.33333,87.66667,0.41533,9.66667,28.66667,0.32767,16.33333,19.66667,0.83967,11.66667,38.66667,50.33333,22.66667,8.0,3.66667,14.66667,16.33333,98.66667,240.0,38.66667,87.0,0.447,9.0,29.0,0.32367,8.66667,12.33333,0.663,7.66667,35.0,42.66667,21.0,6.33333,4.33333,15.33333,18.0,95.0,0,-0.06342,0.06342,0.1964,0.32779,0.49921,0.47083,0.53146,0.53799,1523.89081,1516.13043,0.4729,0.5271,2.1625,1.92597,0.33333,,,,
240.0,34.33333,79.0,0.43467,16.0,44.66667,0.354,16.33333,19.33333,0.84367,7.33333,37.33333,44.66667,20.33333,6.66667,7.33333,17.0,20.66667,101.0,240.0,38.66667,90.0,0.42967,12.33333,32.66667,0.37867,10.33333,16.66667,0.64033,9.66667,33.33333,43.0,23.66667,10.0,6.0,10.66667,17.66667,100.0,1,-0.01069,0.01069,0.26169,0.22005,0.49853,0.53467,0.53522,0.60649,1504.25711,1518.99362,0.51391,0.48609,1.9487,2.06051,0.33333,240.0,36.33333,83.66667,0.432,12.66667,33.66667,0.36867,17.0,22.33333,0.78567,11.0,27.0,38.0,19.66667,7.66667,2.66667,13.66667,22.33333,102.33333,240.0,40.66667,87.0,0.46867,10.0,29.66667,0.33533,18.66667,23.66667,0.769,14.0,33.66667,47.66667,22.0,7.0,6.0,15.0,22.33333,110.0,1,0.11296,-0.11296,0.51339,0.34552,0.52678,0.50798,0.60042,0.57587,1492.65604,1497.15858,0.52551,0.47449,1.90607,2.11164,0.66667,,,,
240.0,38.0,84.0,0.451,10.66667,31.66667,0.33367,14.66667,19.33333,0.742,10.0,31.66667,41.66667,20.66667,12.66667,7.0,14.0,20.66667,101.33333,240.0,34.0,80.33333,0.42133,9.0,29.33333,0.31467,17.66667,23.0,0.769,12.0,32.0,44.0,20.33333,8.33333,5.33333,17.33333,19.33333,94.66667,1,-0.12361,0.12361,0.41145,0.319,0.47766,0.51478,0.55103,0.57255,1479.95388,1525.48425,0.55623,0.44377,1.80419,2.26497,0.66667,240.0,33.33333,79.0,0.422,9.66667,28.0,0.343,23.66667,31.0,0.77767,9.66667,35.33333,45.0,18.66667,6.66667,5.0,15.0,19.0,100.0,240.0,39.0,80.66667,0.48367,9.0,23.0,0.39167,14.66667,20.0,0.72633,4.66667,33.33333,38.0,22.66667,7.66667,5.0,14.33333,23.33333,101.66667,1,0.0205,-0.0205,0.14141,0.30199,0.53942,0.48306,0.59664,0.58217,1489.73506,1518.42342,0.5416,0.4584,1.8474,2.18325,0.66667,,,,
240.0,34.0,81.0,0.42,9.0,27.33333,0.32433,21.0,26.66667,0.79933,10.33333,36.66667,47.0,17.33333,7.33333,4.66667,15.33333,17.33333,98.0,240.0,34.66667,82.66667,0.42167,9.33333,29.33333,0.32633,11.66667,15.33333,0.753,7.33333,34.0,41.33333,19.66667,6.33333,5.33333,17.0,24.33333,90.33333,1,-0.11707,0.11707,0.19758,0.3064,0.47848,0.47552,0.52753,0.56438,1489.0067,1516.74248,0.52643,0.47357,1.90318,2.11627,0.0,240.0,34.33333,82.66667,0.414,9.0,26.0,0.34567,20.66667,25.66667,0.789,11.66667,30.66667,42.33333,19.0,8.66667,2.33333,20.33333,21.0,98.33333,240.0,42.66667,91.66667,0.465,10.66667,32.0,0.338,14.66667,21.33333,0.68133,12.66667,29.33333,42.0,26.0,10.33333,7.0,16.66667,23.66667,110.66667,1,0.18151,-0.18151,0.42769,0.39582,0.52341,0.46837,0.57435,0.5552,1517.51408,1490.37563,0.48944,0.51056,2.04382,1.9592,0.66667,,,,
240.0,36.66667,83.33333,0.43967,10.66667,27.66667,0.379,18.0,26.33333,0.69933,9.0,37.0,46.0,22.66667,7.33333,3.33333,19.33333,26.0,102.0,240.0,39.0,90.33333,0.431,8.33333,32.0,0.256,25.0,31.33333,0.788,11.0,36.33333,47.33333,19.33333,6.0,7.33333,12.0,23.33333,111.33333,1,0.11105,-0.11105,0.29812,0.25276,0.47746,0.5029,0.57016,0.57284,1509.46665,1488.30742,0.47526,0.52474,2.10705,1.90796,0.66667,240.0,39.33333,81.66667,0.48033,12.33333,31.0,0.40233,15.66667,21.0,0.735,10.66667,37.0,47.66667,22.33333,7.0,4.33333,15.66667,21.0,106.66667,240.0,35.0,81.66667,0.43167,10.33333,29.33333,0.35533,17.66667,26.66667,0.668,8.33333,29.33333,37.66667,20.0,8.33333,3.66667,11.66667,17.66667,98.0,1,-0.10553,0.10553,0.21802,0.36747,0.49673,0.55659,0.56509,0.61689,1478.35102,1508.26422,0.53292,0.46708,1.8819,2.14961,0.33333,,,,
240.0,44.33333,85.66667,0.516,12.0,25.66667,0.47167,16.0,19.66667,0.78433,10.0,32.0,42.0,26.33333,10.0,1.66667,15.66667,22.33333,116.66667,240.0,42.66667,87.0,0.49033,8.66667,27.33333,0.32367,15.33333,22.66667,0.676,11.0,28.0,39.0,26.0,7.66667,5.0,17.0,20.0,109.33333,0,-0.0819,0.0819,0.36196,0.37037,0.54024,0.5857,0.59418,0.64968,1488.65999,1503.75007,0.50797,0.49203,1.97365,2.03839,0.33333,240.0,37.33333,84.33333,0.44433,10.0,30.33333,0.33367,20.66667,27.66667,0.75567,11.0,37.0,48.0,20.0,8.66667,7.33333,18.66667,21.66667,105.33333,240.0,41.33333,96.0,0.42933,11.66667,34.33333,0.339,10.66667,17.0,0.63667,13.66667,34.0,47.66667,28.33333,10.33333,5.0,15.33333,25.0,105.0,0,-0.01201,0.01201,0.37017,0.32195,0.49008,0.50497,0.52505,0.58649,1492.09411,1491.60659,0.49873,0.50127,2.01172,2.00159,0.33333,,,,
240.0,41.33333,88.66667,0.46433,11.33333,23.66667,0.48333,22.0,26.66667,0.81233,13.0,37.0,50.0,19.66667,7.66667,6.33333,13.66667,22.66667,116.0,240.0,35.0,82.33333,0.42967,6.0,21.0,0.29,19.0,27.0,0.70733,7.66667,28.0,35.66667,15.66667,6.33333,6.66667,14.0,20.66667,95.0,0,-0.30513,0.30513,0.20982,0.48326,0.46568,0.52863,0.5414,0.61403,1487.4484,1524.66912,0.52516,0.47484,1.90834,2.11192,0.33333,240.0,32.33333,78.33333,0.41333,9.33333,26.33333,0.35333,11.66667,16.66667,0.71667,10.33333,29.33333,39.66667,16.33333,10.0,3.66667,19.0,17.33333,85.66667,240.0,37.66667,79.0,0.477,12.66667,31.66667,0.39533,10.66667,14.0,0.75933,9.0,32.66667,41.66667,21.66667,12.0,5.66667,17.66667,19.33333,98.66667,0,0.20395,-0.20395,0.32505,0.31521,0.55683,0.47356,0.60087,0.52367,1506.16051,1482.38719,0.48274,0.51726,2.07558,1.93668,1.0,,,,
240.0,39.0,89.0,0.43733,8.33333,33.33333,0.24867,17.0,21.0,0.813,10.33333,28.33333,38.66667,24.66667,11.0,4.66667,14.0,23.33333,103.33333,240.0,39.66667,82.0,0.486,6.66667,23.0,0.28067,17.33333,23.0,0.756,11.0,36.0,47.0,23.66667,7.0,8.33333,19.33333,19.66667,103.33333,1,-0.00445,0.00445,0.38367,0.30284,0.52776,0.48508,0.59728,0.55253,1499.83675,1530.0349,0.5404,0.4596,1.85283,2.17983,0.66667,240.0,34.33333,80.0,0.42933,9.0,28.0,0.32233,23.66667,32.66667,0.72967,10.0,34.66667,44.66667,16.33333,7.0,6.33333,15.0,22.66667,101.33333,240.0,36.0,89.33333,0.40267,11.66667,28.66667,0.40667,23.0,27.66667,0.83433,15.33333,38.0,53.33333,21.0,6.66667,6.0,13.66667,24.66667,106.66667,1,0.07494,-0.07494,0.44221,0.29386,0.46791,0.48564,0.5587,0.5813,1537.17203,1500.31187,0.45653,0.54347,2.20703,1.85037,0.66667,,,,
240.0,39.66667,86.0,0.462,12.0,31.66667,0.38133,12.0,16.66667,0.70133,8.66667,34.66667,43.33333,23.0,11.0,4.33333,12.33333,21.33333,103.33333,240.0,30.33333,76.33333,0.39933,8.66667,29.33333,0.30333,18.33333,23.33333,0.78467,7.66667,33.0,40.66667,20.0,7.66667,5.33333,18.0,19.33333,87.66667,0,-0.25537,0.25537,0.22334,0.26993,0.45583,0.53206,0.53904,0.57771,1490.78402,1546.4857,0.55497,0.44503,1.80392,2.25083,0.33333,240.0,38.33333,84.66667,0.45233,14.0,37.0,0.391,19.0,24.0,0.77333,11.66667,35.0,46.66667,23.0,7.0,3.0,14.66667,18.66667,109.66667,240.0,37.33333,83.66667,0.44533,7.0,21.66667,0.32367,14.66667,17.0,0.84433,8.33333,31.33333,39.66667,19.0,6.66667,3.66667,15.33333,19.0,96.33333,0,-0.19389,0.19389,0.24065,0.37157,0.4873,0.53481,0.55077,0.60952,1482.72904,1501.16884,0.50957,0.49043,1.96358,2.04034,0.0,,,,
240.0,39.33333,87.33333,0.45067,12.66667,30.0,0.416,11.33333,14.66667,0.79833,8.0,39.0,47.0,23.66667,5.33333,3.66667,11.66667,17.33333,102.66667,240.0,37.33333,84.0,0.445,12.66667,34.66667,0.36467,12.33333,15.33333,0.756,6.0,35.66667,41.66667,24.0,6.33333,1.66667,12.0,14.66667,99.66667,0,-0.05321,0.05321,0.16713,0.23465,0.5205,0.52354,0.57005,0.56789,1505.90428,1470.12695,0.43776,0.56224,2.30667,1.7879,0.66667,240.0,36.33333,85.33333,0.42567,9.66667,26.33333,0.37467,18.0,25.66667,0.732,9.66667,32.33333,42.0,19.66667,7.0,3.0,18.66667,25.0,100.33333,240.0,39.33333,84.0,0.46833,10.33333,32.33333,0.317,24.66667,30.66667,0.799,10.0,35.33333,45.33333,22.0,7.33333,7.33333,14.33333,24.0,113.66667,0,0.17181,-0.17181,0.31595,0.29041,0.52896,0.48208,0.6245,0.55153,1520.77575,1492.53815,0.47963,0.52037,2.08681,1.92322,0.66667,,,,
240.0,34.66667,80.0,0.43533,9.66667,22.0,0.43867,15.0,20.33333,0.71967,8.0,28.33333,36.33333,20.66667,6.66667,3.0,13.33333,18.66667,94.0,240.0,43.66667,85.0,0.51333,12.0,28.33333,0.43667,12.66667,16.33333,0.79967,8.66667,33.0,41.66667,29.0,7.66667,3.33333,12.0,20.66667,112.0,0,0.25273,-0.25273,0.31131,0.23495,0.58436,0.49568,0.63231,0.55869,1519.89424,1429.4192,0.39699,0.60301,2.53261,1.662,1.0,240.0,41.66667,83.66667,0.49867,14.33333,36.33333,0.40967,17.66667,22.0,0.802,7.0,36.0,43.0,28.66667,8.66667,3.33333,13.0,21.33333,115.33333,240.0,38.0,79.66667,0.47667,12.33333,29.33333,0.427,17.33333,21.33333,0.81367,4.33333,31.66667,36.0,22.33333,8.33333,4.66667,16.0,19.66667,105.66667,0,-0.12557,0.12557,0.12155,0.21813,0.55435,0.58439,0.62641,0.65218,1457.7207,1530.95022,0.59069,0.40931,1.70693,2.48346,0.0,,,,
240.0,35.66667,87.33333,0.408,10.33333,34.33333,0.306,24.66667,31.0,0.78633,9.0,33.33333,42.33333,20.66667,7.0,3.33333,15.66667,23.0,106.33333,240.0,44.33333,91.66667,0.48467,8.66667,23.66667,0.37,21.33333,28.0,0.72233,10.66667,41.33333,52.0,21.66667,8.33333,6.0,12.66667,23.66667,118.66667,1,0.16965,-0.16965,0.33492,0.22244,0.53186,0.46778,0.60902,0.56278,1500.64634,1486.80166,0.50274,0.49726,1.99667,2.01953,1.0,240.0,41.0,89.66667,0.45533,9.0,24.33333,0.37033,20.66667,29.0,0.71233,8.33333,32.66667,41.0,20.33333,9.66667,5.0,16.66667,25.0,111.66667,240.0,43.0,88.33333,0.49067,10.0,26.0,0.37733,18.66667,24.66667,0.77133,10.66667,39.33333,50.0,18.33333,7.33333,6.33333,18.33333,25.0,114.66667,1,0.04778,-0.04778,0.31757,0.21261,0.54812,0.505,0.616,0.57909,1477.11362,1487.58518,0.51865,0.48135,1.9297,2.0795,0.66667,,,,
240.0,34.33333,82.33333,0.41733,7.33333,22.33333,0.338,23.66667,35.66667,0.673,10.33333,39.66667,50.0,16.0,5.66667,4.33333,12.33333,21.0,99.66667,240.0,37.0,87.0,0.42833,8.66667,29.33333,0.30267,20.66667,25.0,0.83367,7.66667,37.33333,45.0,24.0,7.33333,6.0,11.66667,25.0,103.33333,0,0.0525,-0.0525,0.19024,0.27667,0.47824,0.46183,0.56139,0.5527,1502.21126,1505.45146,0.51174,0.48826,1.95815,2.05242,0.66667,240.0,46.33333,85.66667,0.54233,9.33333,25.66667,0.37033,13.0,16.0,0.78567,8.66667,27.33333,36.0,22.66667,7.66667,4.33333,15.33333,23.0,115.0,240.0,42.33333,83.66667,0.50667,9.0,23.33333,0.38533,19.0,25.66667,0.73567,12.0,27.66667,39.66667,27.66667,7.0,6.66667,15.66667,18.33333,112.66667,0,-0.02202,0.02202,0.46324,0.34535,0.56106,0.59665,0.63181,0.64608,1475.3115,1491.7487,0.5155,0.4845,1.95661,2.08695,0.66667,,,,
240.0,40.0,88.0,0.45467,9.0,25.66667,0.35267,13.66667,18.0,0.764,6.33333,31.0,37.33333,23.66667,6.66667,3.66667,12.66667,19.66667,102.66667,240.0,44.33333,87.66667,0.506,12.0,28.66667,0.40167,13.66667,19.33333,0.721,10.66667,38.0,48.66667,27.66667,6.0,7.0,15.0,21.0,114.33333,1,0.15572,-0.15572,0.34435,0.16495,0.57409,0.50702,0.62206,0.56044,1510.63611,1502.02387,0.51289,0.48711,1.95126,2.05467,1.0,248.33333,35.33333,85.33333,0.41333,11.0,31.0,0.355,12.66667,16.33333,0.77767,7.66667,40.33333,48.0,24.33333,11.66667,5.66667,11.33333,16.33333,94.33333,248.33333,29.33333,87.66667,0.332,9.33333,37.0,0.25033,15.33333,20.33333,0.753,15.33333,40.33333,55.66667,19.66667,8.0,4.66667,16.33333,16.66667,83.33333,1,-0.18709,0.18709,0.39285,0.19747,0.38547,0.47801,0.45132,0.52996,1470.08042,1501.04104,0.52884,0.47116,1.89777,2.13287,0.33333,,,,
240.0,40.33333,80.33333,0.50133,12.0,31.33333,0.38733,20.0,25.66667,0.774,7.33333,32.0,39.33333,20.0,8.0,4.33333,17.66667,21.0,112.66667,240.0,44.66667,90.66667,0.494,13.66667,35.66667,0.38567,16.0,22.66667,0.71367,9.66667,31.0,40.66667,26.66667,8.66667,3.0,13.0,22.0,119.0,0,0.08619,-0.08619,0.30727,0.24743,0.56897,0.57605,0.62318,0.65407,1505.00301,1484.32461,0.48152,0.51848,2.09192,1.93979,0.66667,240.0,37.0,78.66667,0.46933,9.66667,25.66667,0.37167,24.0,28.33333,0.834,6.0,33.66667,39.66667,21.66667,7.33333,3.0,14.66667,23.33333,107.66667,240.0,37.66667,80.33333,0.469,15.0,41.33333,0.368,21.0,27.33333,0.77767,8.0,30.66667,38.66667,22.66667,8.66667,4.0,17.0,26.0,111.33333,0,0.02993,-0.02993,0.23368,0.19874,0.5615,0.52959,0.64467,0.63581,1525.31577,1500.82736,0.47103,0.52897,2.12699,1.89345,0.33333,,,,
240.0,47.66667,86.0,0.55333,14.33333,32.0,0.456,19.0,24.0,0.78767,9.66667,36.0,45.66667,33.33333,8.33333,9.33333,14.0,22.0,128.66667,240.0,37.0,89.66667,0.41333,8.66667,26.0,0.334,20.0,27.66667,0.724,12.33333,28.66667,41.0,20.33333,7.0,3.66667,13.33333,16.66667,102.66667,1,-0.32398,0.32398,0.34005,0.35062,0.46179,0.63689,0.53726,0.70324,1492.92224,1523.73547,0.50131,0.49869,2.0043,2.01411,0.0,240.0,38.33333,82.0,0.46733,11.66667,32.66667,0.35333,16.33333,21.33333,0.735,9.0,30.0,39.0,22.33333,9.66667,4.33333,17.0,24.33333,104.66667,240.0,40.66667,82.66667,0.49067,11.0,26.0,0.413,17.0,25.66667,0.666,10.33333,32.33333,42.66667,26.33333,7.66667,4.0,17.33333,19.33333,109.33333,1,0.05478,-0.05478,0.3419,0.27871,0.55625,0.53927,0.61677,0.60318,1511.56205,1503.96528,0.50515,0.49485,1.99232,2.03559,0.66667,,,,
240.0,41.0,90.66667,0.45167,10.0,28.33333,0.355,15.0,17.66667,0.86667,14.66667,28.66667,43.33333,19.66667,10.66667,2.66667,12.33333,18.0,107.0,240.0,36.33333,80.66667,0.45367,11.0,31.66667,0.344,16.66667,21.66667,0.761,12.33333,31.0,43.33333,22.66667,5.0,6.33333,18.33333,17.66667,100.33333,0,-0.09463,0.09463,0.4411,0.48519,0.52172,0.50669,0.59021,0.56526,1510.37184,1515.23212,0.50008,0.49992,2.00773,2.00795,0.0,248.33333,42.0,90.33333,0.469,7.66667,29.0,0.26167,14.66667,21.33333,0.68867,7.33333,35.0,42.33333,24.33333,12.33333,4.66667,14.33333,21.0,106.33333,248.33333,40.33333,87.0,0.46367,6.33333,26.66667,0.232,15.0,20.0,0.757,8.0,38.66667,46.66667,24.66667,7.66667,5.66667,19.66667,24.0,102.0,0,-0.05968,0.05968,0.23274,0.19361,0.49909,0.51212,0.55765,0.56408,1480.53286,1508.19526,0.53344,0.46656,1.87894,2.15007,0.33333,,,,
240.0,38.33333,89.33333,0.42867,5.66667,18.66667,0.284,12.33333,18.33333,0.67433,9.66667,26.33333,36.0,19.33333,10.33333,4.0,12.66667,20.33333,94.66667,240.0,39.33333,81.33333,0.48567,13.0,33.33333,0.38733,18.66667,22.66667,0.82233,12.0,38.0,50.0,25.0,8.0,5.0,16.66667,20.33333,110.33333,0,0.23399,-0.23399,0.49366,0.25285,0.56532,0.46025,0.64101,0.50513,1506.14745,1459.6579,0.45838,0.54162,2.2132,1.86434,1.0,240.0,37.0,81.0,0.45733,9.33333,24.66667,0.37833,14.66667,18.0,0.832,7.33333,33.33333,40.66667,23.66667,7.33333,3.33333,16.0,22.33333,98.0,240.0,39.33333,85.0,0.46133,9.66667,30.0,0.31633,16.0,21.33333,0.735,9.33333,32.33333,41.66667,22.33333,7.33333,3.0,13.33333,18.0,104.33333,0,0.07605,-0.07605,0.28696,0.22847,0.51748,0.51501,0.58104,0.57749,1506.64753,1477.67339,0.46735,0.53265,2.14015,1.87771,0.66667,,,,
248.33333,37.66667,87.33333,0.43133,9.66667,30.66667,0.31233,18.0,23.66667,0.76033,8.0,42.66667,50.66667,22.66667,7.66667,3.66667,13.33333,18.33333,103.0,248.33333,35.66667,89.33333,0.403,9.0,32.0,0.29233,16.33333,19.66667,0.81433,10.0,36.33333,46.33333,22.33333,7.0,5.66667,14.66667,20.0,96.66667,1,-0.09095,0.09095,0.2267,0.23357,0.45298,0.48727,0.52057,0.55707,1468.96297,1489.08231,0.52229,0.47771,1.91763,2.09736,0.0,240.0,39.66667,91.0,0.43467,6.66667,20.33333,0.31267,11.0,16.33333,0.66233,10.66667,36.0,46.66667,17.66667,8.33333,6.33333,12.66667,18.33333,97.0,240.0,35.66667,80.0,0.447,8.66667,23.0,0.36367,18.0,25.0,0.73,8.66667,36.66667,45.33333,20.33333,6.0,4.66667,15.0,18.0,98.0,1,0.02686,-0.02686,0.24213,0.2933,0.50031,0.47113,0.57364,0.51104,1494.09152,1497.50265,0.50445,0.49555,1.98808,2.02364,0.66667,,,,
240.0,39.0,81.0,0.48133,10.66667,29.33333,0.36267,18.66667,27.66667,0.68167,13.33333,30.33333,43.66667,14.66667,4.66667,3.66667,15.33333,22.66667,107.33333,240.0,40.0,83.66667,0.48067,13.33333,28.33333,0.47033,21.0,27.0,0.79267,12.66667,28.33333,41.0,25.0,8.66667,4.66667,11.0,25.33333,114.33333,0,0.08799,-0.08799,0.41533,0.46962,0.56008,0.54699,0.64016,0.6163,1531.37863,1528.93614,0.50738,0.49262,1.9755,2.03494,0.66667,240.0,40.0,82.0,0.48733,11.33333,29.33333,0.373,15.33333,21.66667,0.70933,7.33333,35.0,42.33333,22.0,10.33333,2.0,18.33333,19.66667,106.66667,240.0,41.33333,88.0,0.468,9.33333,30.66667,0.30067,14.66667,18.33333,0.795,9.33333,33.33333,42.66667,30.0,10.66667,4.33333,16.33333,22.0,106.66667,0,-0.00585,0.00585,0.26858,0.23031,0.52013,0.55619,0.57786,0.61446,1494.39251,1500.80483,0.50725,0.49275,1.97875,2.03693,0.33333,,,,
240.0,37.0,81.66667,0.454,4.66667,21.33333,0.219,17.0,23.33333,0.72667,9.33333,30.33333,39.66667,16.33333,9.33333,6.66667,15.66667,23.33333,95.66667,240.0,38.33333,87.66667,0.44033,9.66667,27.33333,0.35633,19.0,23.66667,0.785,13.33333,32.66667,46.0,20.0,8.0,5.0,15.33333,20.33333,105.33333,0,0.14681,-0.14681,0.44593,0.27984,0.49718,0.48264,0.57043,0.55158,1531.74512,1483.12445,0.44323,0.55677,2.26623,1.80112,1.0,240.0,43.33333,85.33333,0.50933,10.66667,27.0,0.39533,24.33333,28.66667,0.84833,10.0,34.0,44.0,23.0,7.33333,5.66667,11.33333,24.66667,121.66667,240.0,39.33333,83.66667,0.46967,10.33333,27.66667,0.37533,23.33333,31.0,0.75267,9.0,31.33333,40.33333,22.0,5.0,3.66667,14.33333,23.66667,112.33333,0,-0.1184,0.1184,0.28625,0.31931,0.53151,0.57177,0.62109,0.66574,1507.27583,1465.37086,0.42419,0.57581,2.36163,1.73834,0.0,,,,
240.0,37.66667,81.0,0.46467,12.0,33.0,0.36767,15.66667,20.66667,0.762,7.0,31.0,38.0,19.33333,7.0,5.33333,13.33333,24.0,103.0,240.0,38.0,80.66667,0.47167,8.0,26.33333,0.30333,20.66667,27.66667,0.749,9.0,32.33333,41.33333,21.0,6.0,5.0,13.33333,19.33333,104.66667,1,0.02707,-0.02707,0.29192,0.22429,0.52209,0.53941,0.60456,0.60239,1499.53799,1521.99812,0.53248,0.46752,1.88808,2.15295,0.66667,240.0,40.66667,85.0,0.48033,7.66667,25.0,0.296,13.66667,19.66667,0.67967,5.33333,31.66667,37.0,16.66667,9.66667,6.33333,10.33333,20.33333,102.66667,240.0,36.0,80.0,0.451,8.0,22.66667,0.35567,20.33333,24.66667,0.82133,7.66667,33.33333,41.0,18.33333,6.0,6.0,15.33333,18.66667,100.33333,1,-0.04133,0.04133,0.25214,0.15889,0.50075,0.52504,0.58729,0.57644,1528.9504,1525.5454,0.48783,0.51217,2.06072,1.96169,0.66667,,,,
240.0,34.33333,81.33333,0.423,12.33333,33.0,0.36733,11.66667,15.66667,0.728,8.33333,32.33333,40.66667,21.66667,10.33333,6.0,19.66667,23.33333,92.66667,240.0,34.0,84.66667,0.403,9.66667,28.66667,0.34167,20.0,26.33333,0.759,14.66667,32.66667,47.33333,17.66667,10.66667,6.66667,15.33333,19.66667,97.66667,1,0.08367,-0.08367,0.47065,0.26081,0.45994,0.49946,0.54022,0.54755,1536.27789,1484.93301,0.43838,0.56162,2.28688,1.78329,0.66667,240.0,36.66667,87.66667,0.41733,7.66667,26.33333,0.29967,19.33333,27.66667,0.7,10.33333,32.66667,43.0,19.66667,10.33333,5.33333,16.0,24.66667,100.33333,240.0,38.0,86.33333,0.444,7.33333,24.66667,0.29633,18.66667,23.66667,0.791,12.0,38.66667,50.66667,17.0,7.33333,5.66667,17.66667,26.33333,102.0,1,0.02474,-0.02474,0.3536,0.26743,0.48762,0.46087,0.56375,0.53457,1467.06256,1483.44541,0.5239,0.4761,1.90933,2.1012,0.66667,,,,
240.0,42.66667,85.0,0.50267,14.0,29.0,0.476,12.0,15.0,0.817,7.0,32.66667,39.66667,28.66667,6.0,4.0,13.66667,25.33333,111.33333,240.0,39.33333,79.66667,0.49267,11.66667,26.66667,0.43867,22.0,27.66667,0.796,5.66667,31.33333,37.0,23.0,8.0,3.0,13.0,16.66667,112.33333,0,0.01509,-0.01509,0.18204,0.22068,0.56555,0.58416,0.65386,0.62989,1493.748,1486.11336,0.48532,0.51468,2.06624,1.9481,0.66667,240.0,44.0,88.33333,0.49767,13.33333,26.33333,0.50633,17.0,22.66667,0.76167,10.0,36.0,46.0,28.66667,7.33333,4.33333,14.0,23.0,118.33333,240.0,38.66667,87.66667,0.44033,9.0,33.33333,0.269,19.33333,23.33333,0.82167,10.0,33.0,43.0,24.0,5.66667,4.66667,14.66667,23.66667,105.66667,0,-0.16688,0.16688,0.28604,0.30323,0.49158,0.57299,0.56905,0.63411,1464.57539,1490.98078,0.51047,0.48953,1.96356,2.04826,0.0,,,,
240.0,39.66667,81.66667,0.483,10.66667,31.33333,0.33967,18.66667,25.33333,0.73433,6.66667,37.0,43.66667,21.66667,8.0,5.0,16.66667,23.33333,108.66667,240.0,38.33333,86.33333,0.44433,8.66667,25.33333,0.34267,21.66667,26.0,0.82933,10.66667,34.33333,45.0,23.0,7.0,6.0,15.66667,21.0,107.0,1,-0.01503,0.01503,0.28627,0.21354,0.49435,0.54814,0.58219,0.62167,1499.64585,1489.22731,0.48484,0.51516,2.06912,1.94624,0.33333,240.0,41.33333,81.66667,0.50333,14.33333,35.0,0.40967,16.0,21.33333,0.74233,9.0,33.66667,42.66667,24.0,7.66667,3.66667,15.33333,22.0,113.0,240.0,37.33333,81.33333,0.46533,13.0,31.66667,0.40267,17.66667,26.0,0.693,7.0,29.66667,36.66667,21.0,8.0,2.0,13.33333,18.33333,105.33333,1,-0.08762,0.08762,0.19337,0.30579,0.54847,0.59107,0.61539,0.65163,1469.94511,1503.77239,0.53855,0.46145,1.86055,2.1734,0.33333,,,,
240.0,40.0,84.66667,0.47367,6.33333,17.33333,0.32133,14.33333,19.66667,0.73967,11.33333,34.0,45.33333,24.33333,8.0,3.33333,17.0,21.33333,100.66667,240.0,37.0,78.66667,0.47133,12.33333,30.0,0.41667,19.33333,25.33333,0.75267,6.0,31.0,37.0,25.66667,10.66667,6.33333,13.0,20.66667,105.66667,0,0.07353,-0.07353,0.17708,0.38361,0.54995,0.5102,0.62865,0.56598,1503.18037,1489.25703,0.48618,0.51382,2.05795,1.9471,0.66667,240.0,41.33333,82.33333,0.50267,11.66667,27.66667,0.42533,18.66667,25.33333,0.73233,7.66667,32.66667,40.33333,25.33333,8.66667,3.0,14.33333,23.0,113.0,240.0,42.0,86.33333,0.48833,11.33333,30.33333,0.36967,17.0,24.66667,0.692,8.66667,31.66667,40.33333,22.0,6.66667,4.0,13.33333,23.33333,112.33333,0,-0.01549,0.01549,0.26421,0.25978,0.55267,0.5733,0.61334,0.6433,1518.30053,1492.89297,0.45598,0.54402,2.19536,1.83949,0.66667,,,,
240.0,41.0,88.66667,0.46267,9.33333,24.0,0.392,25.66667,30.66667,0.84433,11.0,41.33333,52.33333,20.66667,7.33333,5.66667,14.66667,24.33333,117.0,240.0,41.0,95.0,0.43267,10.0,29.0,0.34867,22.66667,29.33333,0.77367,11.33333,36.0,47.33333,20.66667,7.33333,5.0,11.0,25.33333,114.66667,0,-0.02639,0.02639,0.30637,0.30987,0.48529,0.51535,0.56659,0.61385,1508.61109,1475.84,0.44882,0.55118,2.23866,1.82016,0.33333,240.0,35.66667,82.66667,0.42967,16.0,41.0,0.39033,17.66667,24.33333,0.72867,9.0,30.0,39.0,19.66667,8.0,3.33333,14.33333,20.66667,105.0,240.0,41.33333,90.0,0.46067,10.0,28.33333,0.349,14.0,17.66667,0.78233,12.0,36.66667,48.66667,23.0,7.66667,5.66667,17.33333,21.33333,106.66667,0,0.03231,-0.03231,0.42459,0.24366,0.51731,0.5254,0.57145,0.59382,1494.69941,1504.55941,0.51923,0.48077,1.92904,2.08404,0.66667,,,,
240.0,40.66667,85.0,0.479,11.0,30.0,0.36567,16.66667,20.0,0.817,10.33333,34.0,44.33333,23.66667,10.0,6.66667,13.33333,22.0,109.0,240.0,32.0,80.33333,0.39533,9.0,30.0,0.308,20.0,25.66667,0.77967,11.0,29.66667,40.66667,21.0,7.33333,5.33333,16.0,19.66667,93.0,0,-0.26214,0.26214,0.36971,0.35168,0.45169,0.54382,0.53655,0.61024,1470.53694,1539.03157,0.57312,0.42688,1.74529,2.34371,0.33333,240.0,39.66667,84.33333,0.47233,7.0,22.66667,0.30033,19.0,24.66667,0.76867,7.33333,34.33333,41.66667,18.0,10.0,8.0,12.33333,19.0,105.33333,240.0,37.0,85.66667,0.431,9.33333,24.66667,0.38,20.66667,24.66667,0.833,9.33333,34.66667,44.0,20.66667,6.66667,6.0,13.0,20.66667,104.0,0,-0.02991,0.02991,0.28004,0.2024,0.48498,0.51363,0.56869,0.5882,1532.74926,1500.10491,0.44883,0.55117,2.23897,1.82042,0.66667,,,,
240.0,41.33333,90.66667,0.45767,14.66667,34.0,0.43,16.66667,21.33333,0.78033,9.0,35.0,44.0,27.66667,9.33333,3.66667,13.0,22.33333,114.0,240.0,41.66667,89.33333,0.463,6.66667,23.66667,0.28767,14.0,20.66667,0.66333,10.66667,38.0,48.66667,25.33333,6.33333,6.33333,17.33333,20.0,104.0,1,-0.14105,0.14105,0.31091,0.24387,0.50058,0.53942,0.5526,0.60007,1499.51343,1531.28124,0.5211,0.4789,1.92433,2.0945,0.33333,240.0,32.66667,86.66667,0.37767,10.33333,29.66667,0.358,19.0,23.33333,0.81767,12.0,38.66667,50.66667,17.66667,5.66667,4.33333,14.0,22.33333,94.66667,240.0,34.0,83.66667,0.40867,10.66667,34.0,0.31567,20.66667,25.0,0.81167,8.66667,36.66667,45.33333,20.33333,8.0,6.66667,11.33333,21.66667,99.33333,1,0.07228,-0.07228,0.22257,0.32633,0.47316,0.43874,0.56145,0.5176,1519.57681,1499.36673,0.47847,0.52153,2.09968,1.92488,0.66667,,,,
240.0,34.33333,81.0,0.424,10.0,27.0,0.364,19.0,24.0,0.79233,9.33333,35.66667,45.0,19.66667,8.0,3.66667,12.33333,14.0,97.66667,240.0,34.66667,81.0,0.429,10.33333,30.33333,0.34567,11.33333,14.66667,0.765,6.33333,35.33333,41.66667,19.66667,5.33333,6.33333,15.66667,20.33333,91.0,1,-0.10199,0.10199,0.18025,0.26409,0.49256,0.48544,0.54093,0.56619,1507.69193,1531.07906,0.524,0.476,1.91325,2.10688,0.0,240.0,36.66667,90.0,0.40833,9.66667,29.33333,0.32133,21.33333,24.33333,0.88367,13.33333,35.33333,48.66667,21.0,7.33333,4.66667,15.33333,18.33333,104.33333,240.0,41.33333,84.33333,0.49067,9.66667,27.0,0.37067,15.0,19.66667,0.65833,6.33333,36.0,42.33333,21.66667,7.66667,4.66667,14.66667,19.33333,107.33333,1,0.03255,-0.03255,0.17947,0.36488,0.54806,0.46215,0.60395,0.54729,1526.33873,1497.01452,0.4554,0.5446,2.23149,1.85448,0.66667,,,,
240.0,42.0,85.33333,0.48967,14.0,33.33333,0.421,11.0,17.33333,0.637,6.33333,36.66667,43.0,30.0,11.0,8.66667,14.0,22.33333,109.0,240.0,33.33333,84.33333,0.39333,6.66667,26.66667,0.25367,24.0,29.33333,0.80733,10.0,38.0,48.0,20.0,7.66667,6.33333,16.0,14.33333,97.33333,1,-0.15115,0.15115,0.2762,0.167,0.4329,0.57139,0.53575,0.60935,1519.32406,1560.9218,0.53288,0.46712,1.87665,2.14081,0.33333,240.0,40.66667,88.66667,0.46,9.33333,30.0,0.314,17.33333,23.33333,0.737,9.0,34.0,43.0,23.0,9.33333,7.66667,16.0,19.66667,108.0,240.0,45.0,96.0,0.46933,14.33333,35.66667,0.40133,10.33333,16.33333,0.64867,13.0,35.66667,48.66667,33.0,10.33333,6.66667,16.0,21.66667,114.66667,1,0.08344,-0.08344,0.38135,0.25071,0.54443,0.51463,0.57663,0.58096,1496.37395,1493.37224,0.50998,0.49002,1.96874,2.04885,0.66667,,,,
248.33333,39.0,89.66667,0.434,9.66667,27.0,0.37733,21.33333,26.33333,0.79733,11.66667,37.0,48.66667,18.0,7.66667,6.66667,14.0,24.33333,109.0,248.33333,37.0,82.66667,0.45067,8.0,21.66667,0.353,25.0,33.0,0.75367,7.66667,35.33333,43.0,17.66667,6.33333,6.66667,13.33333,20.33333,107.0,0,-0.02942,0.02942,0.20982,0.34735,0.4977,0.48849,0.59577,0.57262,1496.07686,1528.90321,0.53681,0.46319,1.86481,2.16198,0.66667,240.0,35.33333,86.0,0.411,14.0,36.0,0.39167,16.66667,23.33333,0.71233,11.66667,38.0,49.66667,22.0,10.33333,3.33333,15.33333,21.0,101.33333,240.0,36.33333,84.66667,0.42933,9.0,24.33333,0.364,13.66667,18.66667,0.779,8.0,37.0,45.0,21.0,6.66667,4.0,16.33333,21.0,95.33333,0,-0.08823,0.08823,0.21149,0.32396,0.48226,0.49248,0.53686,0.55615,1451.03234,1522.24798,0.59119,0.40881,1.70458,2.48562,0.66667,,,,
240.0,40.33333,82.66667,0.488,12.66667,28.66667,0.43933,17.0,22.66667,0.74067,8.66667,40.0,48.66667,25.0,8.33333,3.66667,18.0,28.66667,110.33333,240.0,33.66667,85.33333,0.405,13.66667,42.0,0.32767,23.66667,30.66667,0.77533,9.0,28.66667,37.66667,18.0,11.0,3.66667,14.66667,20.33333,104.66667,0,-0.07685,0.07685,0.21078,0.30158,0.48876,0.56418,0.58122,0.62984,1492.2422,1495.17409,0.49734,0.50266,2.01893,1.99674,0.0,240.0,37.0,85.66667,0.432,13.33333,34.33333,0.392,16.0,22.0,0.724,10.66667,36.0,46.66667,21.66667,10.0,2.66667,14.66667,19.66667,103.33333,240.0,35.66667,80.66667,0.44233,7.33333,22.0,0.33267,15.66667,17.66667,0.88333,7.0,34.33333,41.33333,19.66667,7.0,4.0,17.33333,20.33333,94.33333,0,-0.12766,0.12766,0.19452,0.32179,0.48816,0.50996,0.55789,0.57113,1463.74534,1515.80471,0.56064,0.43936,1.80721,2.33491,0.33333,,,,
240.0,40.0,92.0,0.438,9.33333,26.0,0.37033,27.66667,33.0,0.848,13.66667,39.0,52.66667,19.33333,5.66667,4.33333,12.33333,25.0,117.0,240.0,42.66667,93.66667,0.45833,9.0,29.0,0.31033,22.33333,28.33333,0.79333,10.33333,35.66667,46.0,19.66667,6.33333,5.0,10.33333,24.66667,116.66667,0,-0.00173,0.00173,0.29984,0.37898,0.50637,0.48864,0.58725,0.59294,1495.03876,1475.91105,0.47235,0.52765,2.12082,1.89772,0.33333,240.0,36.66667,81.0,0.452,10.66667,29.66667,0.36767,19.33333,27.33333,0.72833,7.0,33.33333,40.33333,21.0,11.0,5.66667,13.33333,23.33333,103.33333,240.0,37.66667,86.66667,0.435,7.0,23.66667,0.29167,18.0,24.0,0.74767,13.0,35.66667,48.66667,23.0,5.66667,8.66667,17.0,19.33333,100.33333,0,-0.04294,0.04294,0.40319,0.19362,0.47578,0.51747,0.54652,0.59395,1497.25083,1523.5612,0.52783,0.47217,1.89454,2.11792,0.66667,,,,
248.33333,38.33333,87.66667,0.43733,10.0,31.66667,0.31033,17.33333,23.33333,0.74133,8.33333,41.0,49.33333,23.0,8.0,4.33333,12.33333,16.33333,104.0,248.33333,37.66667,93.33333,0.40433,9.66667,33.33333,0.30067,13.66667,17.33333,0.78533,12.0,36.66667,48.66667,20.33333,6.0,5.33333,14.0,21.33333,98.66667,0,-0.07696,0.07696,0.29624,0.24085,0.45603,0.49468,0.50885,0.56074,1477.15428,1489.53095,0.5145,0.4855,1.9501,2.0674,0.0,240.0,37.33333,82.33333,0.45367,10.0,25.33333,0.39667,20.33333,29.0,0.70933,9.0,32.33333,41.33333,21.0,8.0,3.0,16.66667,25.0,105.0,240.0,41.0,83.33333,0.49267,10.33333,31.0,0.341,22.0,29.33333,0.73933,8.0,33.33333,41.33333,20.66667,5.66667,6.0,13.66667,25.0,114.33333,0,0.11694,-0.11694,0.24698,0.28671,0.55405,0.51436,0.63566,0.59277,1521.87592,1488.80428,0.4584,0.5416,2.18414,1.84789,0.66667,,,,
240.0,34.66667,81.33333,0.426,8.66667,29.0,0.29067,16.0,20.0,0.80433,7.66667,31.66667,39.33333,20.66667,7.33333,6.66667,18.0,20.0,94.0,240.0,43.0,86.66667,0.50033,13.0,29.0,0.417,13.0,17.0,0.76733,10.66667,36.33333,47.0,21.66667,9.66667,5.33333,16.33333,21.66667,112.0,0,0.24575,-0.24575,0.32192,0.21271,0.57781,0.4783,0.6257,0.54627,1522.49554,1494.54536,0.49028,0.50972,2.04878,1.97068,1.0,240.0,35.66667,86.33333,0.41167,12.66667,34.66667,0.35967,18.66667,23.0,0.814,14.0,29.33333,43.33333,21.33333,7.0,4.33333,15.33333,20.33333,102.66667,240.0,43.33333,84.33333,0.518,10.66667,25.66667,0.41467,15.0,19.33333,0.77833,9.0,32.33333,41.33333,25.66667,8.0,4.66667,14.66667,20.66667,112.33333,0,0.13169,-0.13169,0.30043,0.43962,0.58205,0.48378,0.63911,0.56063,1505.65577,1461.47663,0.44897,0.55103,2.23291,1.81792,0.66667,,,,
240.0,36.33333,84.0,0.43333,11.33333,29.0,0.401,11.33333,14.33333,0.78933,8.33333,28.66667,37.0,18.33333,6.33333,3.33333,17.66667,19.0,95.33333,240.0,40.66667,79.33333,0.513,13.0,29.0,0.446,17.33333,21.33333,0.80933,7.66667,36.33333,44.0,28.33333,10.66667,7.33333,16.0,19.0,111.66667,1,0.2276,-0.2276,0.27995,0.23628,0.59482,0.50141,0.66448,0.5481,1506.73624,1453.70573,0.44938,0.55062,2.23171,1.81947,1.0,240.0,43.33333,84.0,0.51633,10.33333,24.66667,0.418,24.0,28.66667,0.83167,9.66667,27.66667,37.33333,20.66667,9.33333,3.33333,14.0,27.66667,121.0,240.0,42.0,83.66667,0.505,9.0,25.0,0.35967,24.66667,32.0,0.76867,10.33333,29.33333,39.66667,23.33333,7.33333,4.33333,14.66667,23.33333,117.66667,1,-0.03777,0.03777,0.36389,0.32857,0.55817,0.57802,0.65173,0.67074,1505.52983,1483.27527,0.46065,0.53935,2.18383,1.86284,0.33333,,,,
240.0,39.0,85.33333,0.45733,11.33333,32.0,0.35167,18.33333,23.0,0.79433,8.33333,40.0,48.33333,23.0,7.0,2.33333,13.33333,18.66667,107.66667,240.0,37.0,86.66667,0.429,11.0,30.0,0.369,14.0,18.0,0.77133,8.0,33.33333,41.33333,22.66667,5.33333,3.66667,13.66667,21.66667,99.0,1,-0.12555,0.12555,0.19669,0.24922,0.49335,0.52457,0.54902,0.59675,1476.17628,1564.03512,0.60758,0.39242,1.6601,2.59395,0.0,240.0,37.33333,86.0,0.435,12.0,37.0,0.31433,16.33333,21.66667,0.748,9.0,29.33333,38.33333,24.66667,9.66667,3.0,12.33333,18.66667,103.0,240.0,42.66667,80.33333,0.53167,13.33333,30.33333,0.44433,13.66667,18.0,0.75267,6.33333,37.0,43.33333,26.66667,8.33333,6.0,16.66667,20.33333,112.33333,1,0.14036,-0.14036,0.2619,0.24194,0.6151,0.50535,0.66732,0.56873,1453.16753,1500.73633,0.57426,0.42574,1.77353,2.41828,0.33333,,,,
240.0,37.33333,86.66667,0.43033,10.66667,29.66667,0.353,17.33333,26.66667,0.66367,12.66667,29.33333,42.0,21.33333,9.0,2.0,12.0,22.0,102.66667,240.0,40.66667,80.33333,0.50933,10.33333,25.33333,0.41,21.0,25.66667,0.81233,8.33333,36.33333,44.66667,26.66667,5.33333,5.0,15.66667,21.33333,112.66667,0,0.1373,-0.1373,0.28696,0.37126,0.57406,0.49092,0.65823,0.55476,1496.11647,1493.43393,0.51513,0.48487,1.94606,2.06786,1.0,240.0,36.0,84.33333,0.427,7.66667,23.33333,0.32333,12.33333,18.33333,0.69067,10.33333,27.66667,38.0,21.33333,8.66667,5.66667,15.33333,20.66667,92.0,240.0,40.0,89.33333,0.451,11.66667,33.66667,0.337,17.66667,22.0,0.80967,15.66667,35.66667,51.33333,24.66667,9.33333,5.0,14.0,20.33333,109.33333,0,0.25024,-0.25024,0.60742,0.29238,0.51824,0.4722,0.58535,0.52044,1547.53797,1477.9193,0.42475,0.57525,2.37342,1.74676,1.0,,,,
240.0,34.0,84.33333,0.403,9.33333,33.33333,0.28467,21.33333,29.33333,0.72233,8.0,34.0,42.0,20.33333,7.66667,3.33333,16.0,24.0,98.66667,240.0,40.66667,92.66667,0.43633,8.0,24.33333,0.334,18.33333,26.33333,0.67833,13.33333,41.33333,54.66667,19.33333,8.33333,6.66667,14.66667,25.66667,107.66667,0,0.12363,-0.12363,0.4039,0.19612,0.47904,0.45922,0.54572,0.5428,1479.26101,1476.38953,0.51527,0.48473,1.94585,2.06913,0.66667,240.0,42.66667,84.33333,0.50367,14.66667,36.0,0.40333,10.66667,17.66667,0.60167,8.0,32.0,40.0,27.0,9.66667,4.66667,16.33333,24.0,110.66667,240.0,41.0,85.0,0.48133,10.33333,26.33333,0.38033,18.33333,27.0,0.67667,10.33333,33.0,43.33333,26.0,9.0,5.33333,15.33333,18.0,110.66667,0,-0.00057,0.00057,0.323,0.24654,0.54183,0.5907,0.60666,0.6251,1508.77653,1521.1082,0.52041,0.47959,1.93389,2.09973,0.66667,,,,
240.0,38.0,84.66667,0.44933,12.66667,32.33333,0.39533,16.33333,22.0,0.745,9.0,39.33333,48.33333,25.66667,6.33333,2.0,12.0,18.66667,105.0,240.0,35.66667,86.33333,0.41533,10.66667,30.0,0.35933,14.33333,17.33333,0.825,8.66667,34.33333,43.0,20.66667,5.33333,5.0,13.0,19.66667,96.33333,1,-0.12817,0.12817,0.21818,0.26008,0.47811,0.52462,0.53719,0.5877,1504.51042,1556.47166,0.55622,0.44378,1.82422,2.31409,0.0,240.0,43.66667,90.33333,0.48333,11.0,25.66667,0.44933,19.33333,24.0,0.81167,7.66667,45.33333,53.0,20.66667,5.66667,6.33333,15.0,21.66667,117.66667,240.0,40.33333,97.0,0.416,12.66667,36.0,0.349,19.0,27.33333,0.697,11.33333,34.66667,46.0,20.33333,8.33333,3.66667,11.33333,20.66667,112.33333,1,-0.06391,0.06391,0.26431,0.23142,0.48205,0.54497,0.5461,0.6155,1486.75315,1492.90801,0.49834,0.50166,2.00715,1.99384,0.33333,,,,
240.0,35.66667,86.0,0.415,8.0,23.0,0.35533,20.33333,30.66667,0.65333,10.33333,37.0,47.33333,18.33333,7.33333,3.66667,11.33333,22.0,99.66667,240.0,36.33333,86.33333,0.424,9.0,28.66667,0.32633,24.66667,29.66667,0.831,10.0,39.0,49.0,22.66667,6.0,6.0,12.66667,22.33333,106.33333,0,0.09279,-0.09279,0.27971,0.26595,0.47642,0.46128,0.57579,0.5377,1502.84073,1500.04397,0.51497,0.48503,1.94677,2.06725,0.66667,240.0,37.66667,88.0,0.432,13.33333,36.33333,0.37533,20.33333,25.0,0.81833,11.0,31.33333,42.33333,20.66667,6.33333,3.0,12.0,20.66667,109.0,240.0,42.66667,88.33333,0.48333,7.33333,25.0,0.29233,15.66667,19.0,0.821,9.0,36.66667,45.66667,23.66667,7.0,5.0,14.33333,21.0,108.33333,0,-0.01094,0.01094,0.2985,0.28922,0.52503,0.50881,0.58558,0.5872,1497.16816,1502.61204,0.50425,0.49575,1.98487,2.0189,0.66667,,,,
240.0,38.33333,83.33333,0.462,13.33333,34.33333,0.39567,19.33333,23.66667,0.811,9.33333,33.0,42.33333,21.0,8.0,3.66667,18.33333,23.0,109.33333,240.0,37.66667,85.66667,0.44133,11.33333,35.0,0.32067,20.66667,26.33333,0.78033,13.0,32.33333,45.33333,20.33333,10.33333,3.66667,16.33333,24.66667,107.33333,1,-0.02867,0.02867,0.45479,0.27826,0.50899,0.54148,0.59034,0.61926,1502.45144,1464.97574,0.44373,0.55627,2.28898,1.81584,0.33333,240.0,41.33333,91.0,0.455,17.33333,42.0,0.41567,14.33333,18.0,0.805,8.33333,35.0,43.33333,26.0,6.33333,4.33333,13.33333,23.66667,114.33333,240.0,43.66667,89.66667,0.48567,10.33333,24.0,0.424,15.33333,24.66667,0.60033,10.0,38.0,48.0,22.66667,5.66667,5.0,12.33333,18.66667,113.0,1,-0.02797,0.02797,0.29194,0.22277,0.54462,0.55158,0.5955,0.60397,1506.61715,1513.33147,0.49857,0.50143,2.01442,2.00335,0.66667,,,,
240.0,38.66667,84.66667,0.45833,10.66667,28.66667,0.37067,15.33333,19.66667,0.79,8.0,38.33333,46.33333,23.0,7.66667,3.33333,13.0,18.33333,103.33333,240.0,37.66667,83.33333,0.45333,11.66667,30.33333,0.39767,12.66667,16.0,0.74833,5.66667,35.33333,41.0,22.0,6.33333,0.66667,14.0,17.33333,99.66667,0,-0.06172,0.06172,0.16157,0.23751,0.5235,0.52184,0.57413,0.58297,1511.02797,1469.85382,0.42695,0.57305,2.35954,1.7518,0.66667,240.0,40.0,84.0,0.47667,8.0,23.66667,0.331,10.66667,17.66667,0.599,10.66667,33.0,43.66667,23.33333,7.0,5.0,16.0,16.0,98.66667,240.0,41.0,84.0,0.487,11.66667,26.33333,0.44867,12.66667,16.0,0.80667,9.33333,32.33333,41.66667,25.66667,10.0,4.33333,13.33333,18.33333,106.33333,0,0.09709,-0.09709,0.2882,0.33165,0.55625,0.52474,0.60572,0.56259,1510.63376,1488.40707,0.48564,0.51436,2.07052,1.95451,0.66667,,,,
240.0,36.66667,86.66667,0.422,10.0,29.0,0.333,14.66667,23.66667,0.64133,11.33333,31.0,42.33333,22.66667,7.0,4.0,12.66667,22.33333,98.0,240.0,37.66667,80.66667,0.47167,10.33333,26.66667,0.39567,21.0,25.33333,0.823,9.0,37.0,46.0,21.33333,5.0,4.66667,15.0,21.33333,106.66667,0,0.12138,-0.12138,0.29529,0.3331,0.53626,0.47842,0.62294,0.5323,1521.06511,1488.0548,0.4686,0.5314,2.17344,1.90694,1.0,248.33333,39.0,86.33333,0.45233,11.33333,31.33333,0.362,11.33333,16.0,0.69,7.66667,44.0,51.66667,26.0,11.0,5.0,14.0,14.33333,100.66667,248.33333,31.33333,90.0,0.34467,9.33333,35.33333,0.26367,10.0,13.66667,0.72233,13.0,36.33333,49.33333,21.0,9.66667,4.33333,16.0,16.0,82.0,0,-0.3047,0.3047,0.29437,0.21736,0.39691,0.51813,0.43981,0.56102,1465.05373,1511.59076,0.53757,0.46243,1.8644,2.16948,0.0,,,,
240.0,42.33333,80.33333,0.52633,12.0,28.66667,0.421,18.0,21.66667,0.818,5.66667,26.66667,32.33333,21.0,9.33333,2.33333,16.66667,25.33333,114.66667,240.0,43.33333,85.33333,0.50667,13.33333,35.66667,0.37833,20.66667,27.66667,0.74433,12.0,31.0,43.0,26.33333,8.66667,3.66667,16.33333,23.66667,120.66667,1,0.08095,-0.08095,0.47713,0.1879,0.58561,0.60075,0.66159,0.67242,1520.22742,1470.91555,0.44116,0.55884,2.30623,1.81041,0.66667,240.0,37.33333,82.66667,0.452,11.66667,31.66667,0.36167,15.33333,21.33333,0.71667,8.66667,35.0,43.66667,20.66667,8.66667,2.33333,14.0,21.66667,101.66667,240.0,36.0,78.66667,0.462,13.0,33.33333,0.38767,17.33333,23.33333,0.75067,5.33333,33.0,38.33333,20.33333,5.66667,4.33333,14.33333,19.66667,102.33333,1,0.01038,-0.01038,0.14488,0.26569,0.54673,0.5239,0.61682,0.58415,1464.82239,1496.0632,0.54857,0.45143,1.8256,2.21992,0.33333,,,,
240.0,36.33333,83.66667,0.435,8.66667,22.66667,0.38433,14.66667,19.33333,0.776,8.33333,35.0,43.33333,19.33333,10.0,3.33333,16.0,22.66667,96.0,240.0,38.66667,90.0,0.428,11.33333,34.66667,0.32267,16.0,24.0,0.662,14.33333,37.66667,52.0,25.66667,9.0,4.66667,16.0,20.0,104.66667,1,0.12315,-0.12315,0.41219,0.22281,0.49088,0.48714,0.54881,0.54654,1491.87017,1468.83078,0.48044,0.51956,2.0831,1.92602,1.0,240.0,44.33333,89.0,0.49767,15.33333,29.0,0.53133,12.66667,15.66667,0.80833,9.0,35.33333,44.33333,30.0,7.0,3.33333,11.33333,23.0,116.66667,240.0,39.0,83.33333,0.467,11.0,34.0,0.31667,18.0,23.0,0.775,7.66667,32.66667,40.33333,24.33333,5.33333,3.66667,13.33333,18.66667,107.0,1,-0.12943,0.12943,0.22055,0.27467,0.5332,0.58405,0.60518,0.63095,1477.98446,1498.05604,0.50451,0.49549,1.98967,2.02642,0.33333,,,,
240.0,41.33333,90.0,0.458,11.0,27.0,0.39633,19.33333,25.33333,0.771,9.33333,33.33333,42.66667,22.66667,9.33333,5.33333,10.0,18.66667,113.0,240.0,39.0,89.0,0.44067,13.0,32.0,0.40567,18.0,22.0,0.86333,13.0,36.33333,49.33333,24.66667,6.66667,6.0,16.33333,22.0,109.0,0,-0.05118,0.05118,0.3991,0.26281,0.51413,0.51989,0.58387,0.59094,1486.42823,1496.43544,0.51064,0.48936,1.95952,2.04488,0.33333,240.0,38.0,84.33333,0.45233,10.0,30.0,0.339,13.33333,19.66667,0.65067,7.33333,31.0,38.33333,20.0,8.66667,5.33333,11.66667,20.33333,99.33333,240.0,37.66667,83.33333,0.455,7.0,20.66667,0.338,16.66667,19.66667,0.85133,9.66667,36.0,45.66667,16.0,6.33333,4.0,15.66667,18.33333,99.0,0,-0.00532,0.00532,0.30995,0.20015,0.49731,0.51105,0.56941,0.56369,1527.70225,1514.5428,0.48131,0.51869,2.09916,1.94361,0.33333,,,,
240.0,40.0,91.66667,0.43567,10.33333,29.33333,0.356,10.66667,13.66667,0.66667,13.0,30.66667,43.66667,19.66667,11.33333,3.0,12.33333,13.33333,101.0,240.0,39.0,84.0,0.46633,12.33333,30.33333,0.409,12.0,16.0,0.75433,12.0,36.0,48.0,26.0,6.0,7.33333,19.0,15.33333,102.33333,0,0.01669,-0.01669,0.40609,0.37937,0.53981,0.49216,0.58732,0.53282,1511.52272,1513.96244,0.51288,0.48712,1.96561,2.07171,0.33333,240.0,36.0,77.0,0.46667,9.66667,25.33333,0.375,19.33333,26.33333,0.76967,8.33333,35.33333,43.66667,22.0,6.0,4.33333,16.66667,22.33333,101.0,240.0,35.66667,81.33333,0.43867,9.0,25.33333,0.36533,19.33333,24.33333,0.79467,7.66667,28.66667,36.33333,21.0,8.33333,4.33333,11.66667,22.66667,99.66667,0,-0.01862,0.01862,0.22598,0.29448,0.49402,0.52886,0.57489,0.60967,1486.752,1512.96661,0.5319,0.4681,1.88688,2.14565,0.66667,,,,
240.0,43.66667,88.66667,0.492,12.0,26.33333,0.46033,12.33333,16.33333,0.761,6.66667,32.33333,39.0,28.0,7.0,3.0,11.33333,19.33333,111.66667,240.0,44.33333,88.66667,0.5,10.33333,30.0,0.329,13.0,17.66667,0.741,10.66667,35.0,45.66667,27.66667,7.0,6.33333,15.33333,20.0,112.0,0,0.00715,-0.00715,0.33452,0.1902,0.55754,0.56093,0.60464,0.6072,1488.64753,1510.81246,0.52982,0.47018,1.88839,2.12822,0.66667,240.0,38.66667,81.33333,0.477,9.66667,23.66667,0.412,11.66667,14.33333,0.81267,5.66667,29.33333,35.0,23.33333,5.66667,3.66667,14.66667,22.0,98.66667,240.0,41.66667,83.0,0.50067,12.0,28.0,0.43033,16.33333,22.33333,0.71667,9.0,31.33333,40.33333,27.0,9.0,3.33333,13.33333,17.33333,111.66667,0,0.17578,-0.17578,0.30575,0.17662,0.5725,0.53682,0.63501,0.58534,1510.13223,1461.65734,0.45015,0.54985,2.23246,1.82421,1.0,,,,
248.33333,39.66667,86.33333,0.46,8.66667,23.33333,0.37033,22.0,26.66667,0.81267,9.33333,32.0,41.33333,19.66667,11.33333,3.66667,17.0,21.66667,110.0,248.33333,44.33333,89.66667,0.49267,10.0,30.66667,0.31933,15.33333,21.0,0.728,12.0,33.0,45.0,25.33333,9.33333,4.0,19.0,24.66667,114.0,0,0.05058,-0.05058,0.38333,0.28834,0.54799,0.50978,0.60312,0.59525,1495.54643,1468.20829,0.47074,0.52926,2.12445,1.88953,0.33333,240.0,38.66667,91.0,0.422,11.66667,28.66667,0.40233,15.0,18.66667,0.811,12.0,28.66667,40.66667,23.66667,11.0,4.0,15.66667,16.66667,104.0,240.0,40.66667,86.33333,0.47433,10.33333,32.33333,0.32567,16.33333,18.66667,0.85567,12.66667,35.33333,48.0,27.33333,7.33333,11.33333,18.66667,18.33333,108.0,0,0.07016,-0.07016,0.4562,0.35556,0.53475,0.48571,0.60032,0.54332,1527.03998,1499.17416,0.46876,0.53124,2.15142,1.89376,0.66667,,,,
240.0,38.33333,81.33333,0.47167,10.33333,29.0,0.36133,17.33333,21.0,0.81967,6.66667,30.66667,37.33333,20.66667,7.33333,8.0,12.33333,23.66667,104.33333,240.0,38.0,83.0,0.45767,6.33333,24.0,0.26767,20.33333,24.66667,0.83567,11.0,32.66667,43.66667,18.0,7.0,4.0,15.0,18.66667,102.66667,0,-0.02183,0.02183,0.36242,0.21186,0.49565,0.53465,0.5803,0.60774,1518.34465,1525.79723,0.50721,0.49279,1.97676,2.03521,0.33333,240.0,42.33333,83.0,0.51267,11.66667,28.33333,0.41433,16.33333,20.66667,0.78967,6.33333,29.33333,35.66667,24.33333,8.66667,2.66667,16.66667,26.33333,112.66667,240.0,39.0,80.33333,0.48633,17.33333,44.0,0.405,25.0,31.66667,0.8,10.66667,30.0,40.66667,21.33333,10.66667,5.0,19.0,24.66667,120.33333,0,0.08761,-0.08761,0.40554,0.21302,0.59397,0.5826,0.69151,0.64528,1538.02938,1482.25765,0.43021,0.56979,2.34313,1.76225,0.66667,,,,
240.0,40.66667,90.0,0.44833,11.33333,27.66667,0.41533,17.33333,22.33333,0.75267,10.0,31.33333,41.33333,24.33333,9.33333,3.0,13.66667,21.33333,110.0,240.0,44.0,89.0,0.49433,11.66667,31.33333,0.36533,14.33333,20.0,0.726,12.0,34.66667,46.66667,28.33333,7.0,6.66667,18.33333,22.0,114.0,0,0.05757,-0.05757,0.39872,0.2924,0.55928,0.51203,0.60996,0.58016,1496.68929,1505.43416,0.52114,0.47886,1.92274,2.09309,0.66667,240.0,37.0,90.0,0.41333,15.33333,41.66667,0.36167,22.66667,29.66667,0.761,14.0,29.0,43.0,19.33333,8.66667,4.0,12.33333,22.33333,112.0,240.0,41.66667,86.33333,0.48333,9.66667,28.0,0.34067,18.0,20.33333,0.87967,8.66667,38.0,46.66667,24.66667,7.0,6.0,17.66667,23.0,111.0,0,-0.01762,0.01762,0.32459,0.36404,0.54009,0.49993,0.61238,0.58342,1498.41237,1499.55106,0.49793,0.50207,2.00953,1.99296,0.66667,,,,
240.0,37.66667,84.66667,0.442,16.33333,45.66667,0.35767,17.33333,21.66667,0.79933,8.66667,35.66667,44.33333,22.33333,8.0,3.66667,14.33333,19.66667,109.0,240.0,39.33333,85.33333,0.46167,11.0,30.66667,0.355,11.66667,14.33333,0.80967,5.66667,36.0,41.66667,21.66667,8.66667,5.0,15.33333,18.0,101.33333,1,-0.09284,0.09284,0.15882,0.24074,0.5267,0.53819,0.57399,0.60673,1488.89581,1528.11353,0.54367,0.45633,1.84875,2.20925,0.33333,240.0,39.0,88.33333,0.442,8.33333,25.66667,0.288,11.66667,18.0,0.63467,10.66667,33.33333,44.0,19.0,8.66667,6.0,13.66667,15.66667,98.0,240.0,38.66667,85.0,0.455,10.33333,25.0,0.41467,15.66667,20.0,0.78533,10.33333,35.66667,46.0,21.66667,7.0,4.66667,14.33333,19.33333,103.33333,1,0.0885,-0.0885,0.30671,0.30441,0.51603,0.48934,0.5785,0.53094,1499.68002,1484.55602,0.4917,0.5083,2.0397,1.97308,0.66667,,,,
240.0,38.66667,84.0,0.461,11.0,28.66667,0.384,18.66667,24.66667,0.75267,11.33333,29.33333,40.66667,16.33333,7.33333,2.33333,15.33333,24.33333,107.0,240.0,42.66667,80.66667,0.529,10.66667,23.33333,0.44467,21.0,27.66667,0.76867,10.0,33.33333,43.33333,27.33333,9.33333,4.66667,15.66667,23.0,117.0,0,0.1286,-0.1286,0.34061,0.36497,0.59444,0.5267,0.67416,0.5989,1517.46284,1520.10886,0.51832,0.48168,1.93596,2.08367,1.0,240.0,45.66667,86.33333,0.529,13.33333,27.0,0.496,15.33333,21.0,0.74167,9.0,32.0,41.0,29.33333,6.33333,5.0,14.66667,24.66667,120.0,240.0,42.0,88.0,0.47933,8.66667,28.33333,0.33467,22.66667,27.0,0.827,11.66667,30.66667,42.33333,23.33333,6.33333,4.33333,13.66667,21.33333,115.33333,0,-0.05941,0.05941,0.37056,0.29416,0.52839,0.6062,0.61564,0.66039,1461.36354,1483.40993,0.51858,0.48142,1.93259,2.08236,0.33333,,,,
240.0,37.0,83.33333,0.44633,4.0,21.66667,0.18667,22.33333,30.33333,0.73733,10.33333,31.66667,42.0,16.33333,8.33333,6.66667,16.66667,23.0,100.33333,240.0,40.33333,89.0,0.457,7.66667,24.0,0.32767,22.0,26.0,0.85433,11.0,33.66667,44.66667,20.66667,7.33333,4.66667,14.66667,24.0,110.33333,0,0.13996,-0.13996,0.33972,0.29563,0.50038,0.47074,0.58665,0.56013,1538.17772,1484.43596,0.44271,0.55729,2.2685,1.79921,1.0,240.0,35.33333,79.0,0.44667,10.0,28.0,0.355,19.33333,26.33333,0.768,8.33333,38.0,46.33333,20.66667,5.33333,4.0,14.66667,18.33333,100.0,240.0,35.66667,79.66667,0.44733,9.66667,27.33333,0.35867,13.33333,17.33333,0.75467,3.66667,33.0,36.66667,23.33333,7.33333,3.66667,14.33333,23.0,94.33333,0,-0.08363,0.08363,0.09699,0.25834,0.50784,0.50981,0.56448,0.58961,1487.89367,1525.94434,0.54244,0.45756,1.84473,2.18759,0.33333,,,,
240.0,36.66667,82.66667,0.444,11.33333,30.66667,0.36567,18.66667,23.66667,0.78267,9.33333,35.33333,44.66667,21.0,9.0,5.33333,16.66667,23.66667,103.33333,240.0,35.33333,87.33333,0.40467,10.66667,30.66667,0.34933,23.0,28.0,0.828,12.33333,32.66667,45.0,18.66667,9.0,5.33333,13.33333,24.0,104.33333,1,0.03466,-0.03466,0.38696,0.29652,0.46543,0.5128,0.55764,0.58704,1514.40688,1483.16415,0.46053,0.53947,2.19722,1.87166,0.33333,248.33333,36.33333,81.66667,0.451,10.66667,30.33333,0.35867,22.0,28.33333,0.77567,8.0,41.33333,49.33333,20.0,7.33333,6.0,18.33333,28.66667,105.33333,248.33333,33.0,89.66667,0.373,10.0,30.33333,0.34233,27.0,31.66667,0.85933,11.33333,33.0,44.33333,14.0,10.66667,6.33333,13.0,23.0,103.0,1,-0.03467,0.03467,0.27463,0.23997,0.42866,0.51758,0.53758,0.60682,1502.90936,1520.86019,0.52291,0.47709,1.91286,2.09673,0.33333,,,,
240.0,43.66667,85.66667,0.51033,14.0,30.33333,0.45367,10.66667,13.33333,0.813,8.0,29.33333,37.33333,28.33333,5.0,5.66667,14.33333,26.66667,112.0,240.0,41.0,81.33333,0.50333,10.33333,23.0,0.456,26.0,31.66667,0.816,8.66667,31.0,39.66667,20.0,7.33333,3.66667,11.66667,15.0,118.33333,1,0.08236,-0.08236,0.29859,0.25992,0.56652,0.5912,0.669,0.63137,1492.52275,1480.63136,0.48607,0.51393,2.06349,1.95141,1.0,240.0,37.33333,81.0,0.46067,9.0,25.66667,0.34933,17.33333,27.0,0.64667,10.66667,32.66667,43.33333,19.66667,7.33333,3.0,15.66667,18.33333,101.0,240.0,42.66667,85.0,0.502,11.66667,25.66667,0.45633,16.33333,21.0,0.773,8.66667,33.66667,42.33333,28.33333,9.66667,4.33333,12.33333,22.0,113.33333,1,0.16653,-0.16653,0.27153,0.3203,0.57053,0.51598,0.63268,0.58107,1504.52583,1495.34222,0.51158,0.48842,1.96117,2.0543,1.0,,,,
240.0,35.66667,85.33333,0.419,9.0,26.66667,0.338,14.66667,21.66667,0.66667,10.66667,33.0,43.66667,20.33333,9.66667,6.33333,12.66667,13.66667,95.0,240.0,37.0,82.0,0.45067,10.33333,29.0,0.368,14.33333,18.0,0.79867,8.66667,37.33333,46.0,21.0,8.66667,4.33333,15.66667,21.66667,98.66667,0,0.05117,-0.05117,0.28381,0.28402,0.51379,0.47126,0.5738,0.52848,1487.86333,1513.04863,0.53989,0.46011,1.87091,2.20568,0.66667,240.0,40.0,87.33333,0.45867,9.0,27.66667,0.32567,14.0,19.33333,0.718,9.33333,26.0,35.33333,20.33333,7.66667,4.66667,13.33333,24.0,103.0,240.0,41.0,82.66667,0.49667,9.33333,23.33333,0.39933,23.0,28.33333,0.81267,13.0,35.66667,48.66667,25.33333,5.33333,6.66667,16.33333,20.0,114.33333,0,0.15587,-0.15587,0.50833,0.27657,0.55352,0.51002,0.64382,0.56271,1479.5644,1486.32689,0.53173,0.46827,1.89491,2.15574,1.0,,,,
240.0,39.66667,86.0,0.46033,11.0,27.33333,0.399,14.66667,20.66667,0.713,10.66667,29.66667,40.33333,23.66667,8.66667,4.66667,18.66667,21.33333,105.0,240.0,41.0,87.66667,0.47133,9.66667,30.0,0.32333,21.33333,26.0,0.82567,15.33333,31.33333,46.66667,24.0,9.0,7.0,17.66667,23.0,113.0,0,0.11156,-0.11156,0.51426,0.34039,0.52618,0.52467,0.6083,0.57882,1507.25673,1447.51029,0.42917,0.57083,2.34984,1.76123,0.66667,240.0,39.66667,84.66667,0.469,10.66667,27.33333,0.37633,17.33333,23.0,0.747,8.33333,34.0,42.33333,21.0,11.66667,1.66667,16.0,21.33333,107.33333,240.0,39.33333,83.0,0.47533,7.0,25.0,0.29433,17.0,21.0,0.809,8.66667,35.33333,44.0,27.66667,9.66667,4.33333,20.33333,21.66667,102.66667,0,-0.06465,0.06465,0.25637,0.24728,0.51706,0.53175,0.58672,0.59851,1490.91118,1510.51266,0.51489,0.48511,1.95165,2.07168,0.33333,,,,
240.0,38.0,86.66667,0.44233,9.0,21.0,0.424,14.0,17.0,0.82033,12.33333,33.0,45.33333,23.33333,7.66667,4.0,15.33333,19.66667,99.0,240.0,39.33333,79.66667,0.495,10.66667,29.0,0.371,15.33333,20.0,0.784,5.33333,31.33333,36.66667,26.66667,8.33333,7.66667,13.0,19.0,104.66667,0,0.08804,-0.08804,0.15948,0.40788,0.56166,0.49344,0.62389,0.54985,1514.50809,1496.92478,0.48044,0.51956,2.08459,1.92715,0.66667,240.0,38.0,82.0,0.469,12.33333,30.66667,0.395,13.66667,19.66667,0.69467,8.66667,25.66667,34.33333,23.0,9.33333,4.0,14.0,18.66667,102.0,240.0,42.33333,80.0,0.52967,11.66667,28.33333,0.40667,13.0,17.0,0.764,8.0,33.33333,41.33333,30.0,8.66667,3.0,15.33333,20.66667,109.33333,0,0.11062,-0.11062,0.34028,0.26086,0.6028,0.54572,0.65364,0.59762,1445.20516,1493.0789,0.5693,0.4307,1.79035,2.39975,0.33333,,,,
240.0,39.33333,89.0,0.442,11.0,31.0,0.35667,13.66667,17.33333,0.78333,9.0,31.66667,40.66667,21.33333,7.0,5.0,13.33333,21.33333,103.33333,240.0,38.66667,77.33333,0.499,11.0,25.66667,0.427,21.66667,27.0,0.803,6.66667,38.66667,45.33333,27.0,7.0,6.33333,16.33333,19.66667,110.0,0,0.08909,-0.08909,0.24316,0.23468,0.56997,0.50363,0.65999,0.55636,1506.10195,1450.16583,0.4304,0.5696,2.3349,1.7609,0.66667,240.0,34.33333,83.66667,0.41,11.66667,29.0,0.403,22.33333,29.66667,0.74133,13.66667,31.66667,45.33333,16.33333,7.66667,2.0,15.66667,22.33333,102.66667,240.0,39.33333,84.66667,0.466,11.33333,29.33333,0.388,19.33333,26.66667,0.73433,12.66667,33.0,45.66667,23.0,6.66667,7.33333,14.66667,24.66667,109.33333,0,0.08559,-0.08559,0.41624,0.42442,0.53322,0.47975,0.60493,0.56915,1539.30909,1518.99174,0.48462,0.51538,2.06376,1.94058,0.66667,,,,
240.0,40.66667,85.66667,0.47867,13.33333,32.0,0.41733,15.0,19.33333,0.78267,7.0,33.0,40.0,26.66667,9.0,4.33333,17.0,20.33333,109.66667,240.0,43.66667,88.0,0.49367,7.66667,25.33333,0.30533,11.0,17.0,0.64567,8.66667,35.66667,44.33333,27.33333,9.0,5.0,16.33333,20.66667,106.0,1,-0.05276,0.05276,0.2665,0.19958,0.53797,0.55757,0.57694,0.61439,1507.01909,1539.73681,0.53733,0.46267,1.86121,2.16157,0.33333,240.0,36.66667,81.66667,0.44967,8.66667,29.0,0.29667,22.0,29.66667,0.73667,9.66667,38.66667,48.33333,20.33333,7.66667,6.0,17.66667,24.66667,104.0,240.0,37.33333,90.0,0.414,8.0,24.33333,0.32333,18.66667,24.66667,0.76267,12.0,35.0,47.0,17.0,6.66667,4.66667,14.66667,27.66667,101.33333,1,-0.02749,0.02749,0.31789,0.28727,0.4584,0.50259,0.53125,0.58944,1459.23795,1483.13272,0.52796,0.47204,1.89463,2.1192,0.33333,,,,
240.0,40.66667,80.66667,0.50367,11.66667,27.66667,0.41633,15.0,20.66667,0.724,8.66667,37.66667,46.33333,25.66667,10.33333,1.66667,17.66667,25.33333,108.0,240.0,34.66667,80.66667,0.43333,12.66667,39.0,0.31733,19.0,25.33333,0.75433,7.33333,28.33333,35.66667,17.66667,8.0,2.33333,15.33333,19.66667,101.0,1,-0.10122,0.10122,0.18673,0.30444,0.51377,0.57512,0.59042,0.63335,1495.25432,1487.79968,0.47788,0.52212,2.10116,1.92242,0.0,248.33333,36.33333,80.0,0.46,10.66667,29.33333,0.37733,17.0,22.0,0.78167,8.33333,36.33333,44.66667,18.0,7.0,5.0,19.0,22.66667,100.33333,248.33333,35.66667,83.66667,0.42833,12.33333,29.0,0.41767,21.66667,25.0,0.85933,8.66667,32.33333,41.0,17.33333,11.33333,7.0,13.66667,21.0,105.33333,1,0.07374,-0.07374,0.23801,0.25739,0.5018,0.52841,0.59168,0.5981,1508.5107,1506.1131,0.50351,0.49649,1.99481,2.02261,0.66667,,,,
240.0,40.0,85.33333,0.468,14.33333,31.66667,0.45333,16.66667,19.66667,0.86433,11.0,32.33333,43.33333,23.66667,7.0,6.66667,13.0,20.33333,111.0,240.0,37.33333,82.0,0.45467,11.33333,29.0,0.388,17.0,22.66667,0.74733,9.0,33.33333,42.33333,19.33333,7.33333,4.0,13.0,20.0,103.0,0,-0.11517,0.11517,0.2805,0.32841,0.5233,0.55287,0.59133,0.61937,1490.35498,1478.7205,0.47489,0.52511,2.11576,1.9124,0.66667,240.0,45.33333,94.0,0.483,7.66667,24.66667,0.31267,16.0,22.0,0.72867,10.33333,35.33333,45.66667,24.0,7.33333,5.33333,13.66667,21.33333,114.33333,240.0,46.33333,96.0,0.48333,13.66667,33.33333,0.40533,12.33333,18.33333,0.69867,12.66667,35.0,47.66667,32.66667,8.33333,6.0,15.0,22.66667,118.66667,0,0.05597,-0.05597,0.35923,0.30188,0.55474,0.52393,0.59423,0.5796,1499.93911,1521.73796,0.54215,0.45785,1.87374,2.2372,0.66667,,,,
248.33333,33.66667,85.0,0.396,9.0,29.0,0.31267,22.0,26.0,0.855,11.66667,34.66667,46.33333,16.0,8.66667,5.0,16.66667,22.33333,98.33333,248.33333,37.33333,85.0,0.44233,8.0,20.33333,0.37433,21.0,27.0,0.75367,9.66667,34.66667,44.33333,19.33333,9.66667,7.0,13.66667,22.0,103.66667,1,0.07613,-0.07613,0.28104,0.35452,0.4886,0.44916,0.57043,0.54189,1468.19109,1533.23014,0.59386,0.40614,1.70419,2.53991,1.0,240.0,38.66667,79.33333,0.48733,14.33333,32.0,0.45567,15.66667,18.33333,0.85567,6.66667,33.0,39.66667,25.0,6.66667,7.66667,17.33333,21.0,107.33333,240.0,38.0,84.66667,0.44933,8.33333,29.66667,0.28067,14.0,19.0,0.73267,10.33333,30.33333,40.66667,22.66667,7.66667,6.66667,13.0,17.66667,98.33333,1,-0.13529,0.13529,0.30925,0.21992,0.49863,0.57797,0.55366,0.64366,1513.0559,1537.34098,0.52237,0.47763,1.92684,2.10912,0.0,,,,
240.0,34.0,88.66667,0.38367,8.33333,26.0,0.31667,15.33333,21.66667,0.69133,13.66667,30.66667,44.33333,20.66667,9.33333,6.66667,14.33333,13.33333,91.66667,240.0,42.0,83.0,0.50533,10.66667,25.33333,0.42933,11.66667,16.66667,0.68767,9.0,38.66667,47.66667,22.33333,9.33333,5.33333,16.33333,22.0,106.33333,1,0.21186,-0.21186,0.30357,0.35313,0.56972,0.43077,0.61348,0.49087,1518.58283,1507.6347,0.50578,0.49422,1.98049,2.02692,1.0,240.0,38.0,85.66667,0.44333,11.66667,31.66667,0.36167,19.66667,25.0,0.77067,10.0,39.33333,49.33333,22.0,9.0,2.66667,14.0,20.33333,107.33333,240.0,37.0,84.66667,0.44133,12.66667,36.0,0.34467,16.0,20.66667,0.77467,7.0,33.66667,40.66667,20.66667,6.0,4.0,14.0,21.66667,102.66667,1,-0.06491,0.06491,0.17021,0.30218,0.51922,0.51207,0.58265,0.58999,1457.85383,1479.9674,0.52849,0.47151,1.89393,2.12338,0.0,,,,
240.0,40.33333,88.33333,0.45733,8.66667,28.0,0.30967,14.33333,20.66667,0.70167,8.66667,33.0,41.66667,21.33333,9.66667,5.66667,11.33333,21.0,103.66667,240.0,38.0,82.33333,0.45933,9.0,27.0,0.31267,17.0,24.0,0.71733,8.0,35.33333,43.33333,22.66667,7.0,5.66667,15.33333,19.0,102.0,1,-0.04593,0.04593,0.2515,0.24657,0.51239,0.50694,0.57803,0.55908,1507.79812,1531.53526,0.53984,0.46016,1.8608,2.18546,0.33333,248.33333,34.0,83.33333,0.40933,8.66667,26.66667,0.33067,14.33333,19.33333,0.753,11.33333,33.33333,44.66667,17.0,8.0,5.0,19.0,20.33333,91.0,248.33333,36.33333,83.33333,0.43833,14.0,31.66667,0.44133,17.33333,21.33333,0.78433,10.0,36.33333,46.33333,19.66667,11.33333,7.0,16.33333,19.33333,104.0,1,0.19689,-0.19689,0.32664,0.31826,0.52284,0.46204,0.5917,0.52074,1506.09712,1487.81312,0.49079,0.50921,2.04615,1.97203,1.0,,,,
240.0,34.66667,81.33333,0.426,12.0,31.33333,0.36933,18.33333,22.0,0.84533,8.0,30.0,38.0,20.33333,6.66667,7.66667,16.33333,20.0,99.66667,240.0,42.66667,86.0,0.5,12.66667,26.33333,0.445,15.33333,18.33333,0.825,11.0,36.33333,47.33333,20.66667,7.0,5.66667,15.66667,22.66667,113.33333,0,0.17562,-0.17562,0.35367,0.22281,0.576,0.4994,0.63592,0.57777,1510.67554,1488.39498,0.48481,0.51519,2.07396,1.95144,1.0,240.0,43.66667,92.0,0.474,10.0,23.0,0.446,21.0,24.33333,0.86533,7.66667,46.0,53.66667,18.66667,6.66667,5.0,12.66667,20.66667,118.33333,240.0,40.0,95.33333,0.42033,11.66667,32.33333,0.359,17.33333,25.66667,0.66733,11.0,36.66667,47.66667,21.66667,6.0,3.66667,12.0,21.33333,109.0,0,-0.1178,0.1178,0.25159,0.21251,0.48245,0.52839,0.54063,0.60745,1473.30669,1515.19008,0.54602,0.45398,1.85818,2.25936,0.0,,,,
240.0,41.0,89.0,0.46167,14.33333,30.0,0.47767,15.0,21.66667,0.691,12.0,33.33333,45.33333,25.66667,8.33333,4.0,15.33333,21.66667,111.33333,240.0,38.33333,85.66667,0.44567,7.0,28.0,0.248,16.0,21.0,0.781,11.66667,32.33333,44.0,21.0,7.33333,7.66667,15.66667,21.33333,99.66667,1,-0.17543,0.17543,0.35998,0.37648,0.48581,0.54217,0.54914,0.59456,1498.56418,1509.46844,0.49447,0.50553,2.02689,1.98261,0.33333,248.33333,37.0,87.0,0.425,8.0,24.66667,0.32967,22.0,26.66667,0.79733,9.33333,35.66667,45.0,18.33333,11.33333,5.0,13.33333,19.33333,104.0,248.33333,39.0,85.0,0.45567,8.66667,29.66667,0.29067,16.33333,20.0,0.83767,8.0,38.0,46.0,18.33333,7.33333,4.66667,18.0,23.33333,103.0,1,-0.01201,0.01201,0.25461,0.25493,0.50704,0.47053,0.57364,0.55835,1486.87208,1483.39655,0.49506,0.50494,2.03053,1.99147,0.33333,,,,
248.33333,36.33333,88.66667,0.40667,9.33333,32.0,0.29167,13.0,18.0,0.728,10.0,35.0,45.0,22.33333,8.0,6.33333,16.66667,23.66667,95.0,248.33333,37.0,86.0,0.43,11.66667,31.0,0.37933,23.33333,27.66667,0.84867,10.0,40.33333,50.33333,22.66667,9.0,6.0,15.0,20.66667,109.0,1,0.20801,-0.20801,0.31505,0.24778,0.49805,0.45948,0.59227,0.51128,1490.60277,1505.79668,0.54453,0.45547,1.83863,2.19927,1.0,240.0,36.33333,83.66667,0.43633,12.0,32.66667,0.358,15.33333,20.66667,0.73933,9.0,28.33333,37.33333,22.33333,8.0,3.66667,13.33333,20.66667,100.0,240.0,42.0,79.33333,0.52933,12.66667,27.33333,0.45833,14.0,18.66667,0.74167,6.66667,34.66667,41.33333,29.33333,8.0,3.66667,15.0,21.33333,110.66667,1,0.15449,-0.15449,0.27679,0.26205,0.60932,0.50915,0.66355,0.57007,1451.25483,1513.78137,0.59511,0.40489,1.72106,2.57256,0.33333,,,,
240.0,39.66667,81.0,0.49233,10.0,28.33333,0.35167,17.0,23.33333,0.73033,7.33333,34.0,41.33333,19.0,8.66667,5.66667,12.66667,22.0,106.33333,240.0,37.66667,82.66667,0.45333,10.66667,27.0,0.38533,18.66667,24.0,0.787,8.33333,29.66667,38.0,19.66667,7.66667,5.33333,12.66667,20.0,104.66667,0,-0.04249,0.04249,0.25277,0.24403,0.51667,0.55525,0.59153,0.6217,1517.46125,1529.59503,0.52294,0.47706,1.91834,2.10444,0.33333,240.0,34.33333,82.0,0.41833,5.66667,22.0,0.26033,15.33333,22.66667,0.716,8.66667,31.66667,40.33333,20.0,7.66667,6.66667,16.33333,23.0,89.66667,240.0,36.0,88.0,0.411,11.0,33.66667,0.31533,20.33333,25.0,0.81867,13.66667,36.0,49.66667,21.66667,8.0,4.66667,14.0,21.66667,103.33333,0,0.19978,-0.19978,0.50385,0.24815,0.47522,0.45295,0.55627,0.5152,1559.34502,1472.98918,0.39441,0.60559,2.5367,1.65163,1.0,,,,
240.0,36.66667,89.0,0.412,9.33333,35.0,0.267,22.0,29.66667,0.742,9.0,37.0,46.0,21.66667,10.0,5.0,19.0,22.66667,104.66667,240.0,40.66667,91.0,0.44433,8.0,26.66667,0.31133,20.0,27.33333,0.73233,10.0,42.0,52.0,21.66667,11.33333,7.66667,17.33333,26.33333,109.33333,1,0.0542,-0.0542,0.26972,0.22,0.48791,0.46436,0.56208,0.54749,1484.41231,1470.37424,0.48662,0.51338,2.05931,1.95161,0.66667,240.0,39.33333,80.33333,0.49067,7.33333,23.33333,0.30767,16.33333,22.33333,0.70467,4.33333,28.33333,32.66667,17.0,9.0,6.66667,12.0,22.66667,102.33333,240.0,37.66667,80.33333,0.46967,7.33333,20.33333,0.35833,21.66667,25.0,0.875,9.0,33.33333,42.33333,17.66667,7.33333,4.0,16.33333,19.66667,104.33333,1,0.02706,-0.02706,0.3158,0.12764,0.51541,0.53608,0.6083,0.60267,1527.70225,1520.91,0.49029,0.50971,2.0506,1.9713,0.66667,,,,
248.33333,40.0,91.0,0.43933,10.66667,30.33333,0.357,18.33333,23.66667,0.77933,12.33333,33.66667,46.0,19.33333,7.66667,4.33333,14.66667,26.66667,109.0,248.33333,41.66667,82.66667,0.506,9.33333,25.0,0.377,23.66667,31.0,0.77,9.0,38.33333,47.33333,24.33333,8.0,5.0,16.33333,22.66667,116.33333,0,0.09428,-0.09428,0.27767,0.3467,0.56204,0.49866,0.6514,0.56845,1502.54128,1517.73139,0.52854,0.47146,1.9023,2.13454,1.0,240.0,42.66667,94.33333,0.45333,14.33333,35.66667,0.401,16.66667,20.33333,0.823,11.33333,32.0,43.33333,27.33333,7.66667,3.66667,12.66667,23.0,116.33333,240.0,46.33333,89.0,0.51967,8.66667,23.0,0.37467,16.33333,24.66667,0.63633,9.0,38.0,47.0,24.33333,6.0,5.0,13.66667,20.33333,117.66667,0,0.0137,-0.0137,0.28479,0.31368,0.56933,0.5296,0.62439,0.59003,1500.03465,1494.37643,0.49193,0.50807,2.04343,1.97894,0.66667,,,,
240.0,40.0,83.66667,0.47867,10.33333,27.0,0.37433,14.0,17.66667,0.78433,7.33333,30.33333,37.66667,23.66667,8.33333,2.66667,13.33333,17.0,104.33333,240.0,43.33333,84.0,0.51667,13.66667,29.0,0.491,11.33333,15.0,0.721,7.33333,32.33333,39.66667,26.0,5.33333,2.66667,14.66667,16.33333,111.66667,0,0.07447,-0.07447,0.25623,0.23196,0.59815,0.54056,0.63911,0.59651,1522.53003,1465.90936,0.41404,0.58596,2.42451,1.70964,0.66667,240.0,37.33333,85.0,0.43933,12.0,31.66667,0.387,17.0,24.0,0.715,12.66667,32.66667,45.33333,18.0,6.33333,2.66667,16.0,21.33333,103.66667,240.0,37.0,79.0,0.47167,13.0,31.0,0.421,21.66667,29.0,0.75633,8.33333,33.33333,41.66667,21.33333,7.33333,6.0,12.66667,23.33333,108.66667,0,0.06228,-0.06228,0.25205,0.39085,0.55484,0.51006,0.63985,0.57414,1546.89294,1504.06163,0.44448,0.55552,2.28571,1.81581,0.66667,,,,
240.0,37.0,84.33333,0.43933,14.0,37.0,0.37467,13.0,16.66667,0.78233,8.66667,35.66667,44.33333,25.0,6.0,5.33333,12.33333,21.66667,101.0,240.0,37.0,85.0,0.43467,10.33333,26.66667,0.39933,14.66667,20.66667,0.73,10.33333,37.66667,48.0,21.0,5.0,4.0,11.66667,16.66667,99.0,1,-0.03193,0.03193,0.30145,0.23651,0.49528,0.52306,0.552,0.57548,1520.87617,1485.5801,0.44497,0.55503,2.25379,1.80498,0.33333,248.33333,40.0,84.0,0.47767,10.33333,27.0,0.39333,16.66667,22.66667,0.707,5.66667,42.66667,48.33333,23.0,6.66667,3.0,14.33333,13.66667,107.0,248.33333,39.66667,94.33333,0.42267,11.66667,34.33333,0.34033,9.0,11.33333,0.78,10.33333,35.0,45.33333,24.33333,9.66667,3.33333,13.33333,18.33333,100.0,1,-0.1096,0.1096,0.23284,0.16636,0.48482,0.5392,0.51865,0.60224,1458.23741,1493.39861,0.53355,0.46645,1.87689,2.14797,0.33333,,,,
240.0,42.0,81.33333,0.51633,12.0,28.33333,0.425,22.0,25.66667,0.848,7.33333,30.33333,37.66667,20.66667,9.33333,2.66667,16.33333,25.0,118.0,240.0,40.0,84.33333,0.476,12.33333,36.0,0.345,22.0,29.33333,0.74833,11.66667,29.66667,41.33333,22.33333,7.66667,3.33333,16.0,25.66667,114.33333,1,-0.04514,0.04514,0.44273,0.24387,0.55029,0.58998,0.63291,0.67833,1502.05119,1463.83901,0.43891,0.56109,2.31467,1.8008,0.33333,240.0,36.33333,83.33333,0.435,11.33333,28.0,0.401,17.66667,21.33333,0.83533,10.66667,28.0,38.66667,22.33333,6.66667,2.66667,12.66667,19.0,101.66667,240.0,45.33333,84.33333,0.54067,10.0,25.0,0.395,14.0,18.33333,0.76633,8.66667,31.66667,40.33333,27.33333,6.33333,6.0,13.0,20.66667,114.66667,1,0.178,-0.178,0.30631,0.3492,0.60099,0.50234,0.65307,0.57737,1503.82414,1474.69307,0.47399,0.52601,2.12283,1.91034,1.0,,,,
240.0,37.33333,87.66667,0.423,12.66667,31.0,0.42333,18.0,22.66667,0.81367,9.66667,29.33333,39.0,18.66667,9.66667,4.66667,13.0,20.0,105.33333,240.0,39.33333,83.66667,0.47567,10.66667,28.0,0.37533,19.33333,24.0,0.82633,12.0,37.33333,49.33333,24.33333,8.33333,6.33333,19.33333,21.0,108.66667,0,0.06288,-0.06288,0.41028,0.26251,0.53884,0.49562,0.61639,0.56531,1509.40679,1501.50381,0.49906,0.50094,2.00408,1.99656,0.66667,240.0,43.33333,92.0,0.47133,10.33333,33.66667,0.30733,16.0,21.0,0.75667,7.66667,37.33333,45.0,26.0,7.66667,9.0,13.66667,21.0,113.0,240.0,42.33333,95.0,0.45033,6.33333,26.33333,0.24133,18.66667,24.66667,0.755,13.0,37.66667,50.66667,23.0,6.33333,6.66667,14.66667,19.66667,109.66667,0,-0.03961,0.03961,0.33319,0.20382,0.48519,0.52706,0.55168,0.58542,1478.40736,1485.32841,0.50309,0.49691,2.0075,2.03044,0.33333,,,,
240.0,36.33333,85.33333,0.42667,11.0,32.66667,0.344,14.66667,19.66667,0.72433,8.0,32.66667,40.66667,18.66667,11.0,2.33333,13.33333,21.33333,98.33333,240.0,35.33333,76.66667,0.46133,8.33333,25.0,0.33833,17.0,20.66667,0.84033,5.33333,35.33333,40.66667,21.66667,6.66667,5.33333,19.33333,22.0,96.0,0,-0.02937,0.02937,0.1734,0.23659,0.51555,0.4915,0.59138,0.55029,1484.52529,1548.1514,0.58152,0.41848,1.73306,2.43036,0.66667,240.0,41.33333,85.66667,0.48133,14.66667,37.33333,0.38967,11.0,16.66667,0.646,7.66667,35.33333,43.0,27.66667,11.33333,5.33333,20.33333,21.0,108.33333,240.0,40.0,86.66667,0.461,8.0,27.0,0.302,17.0,24.0,0.70833,10.33333,34.33333,44.66667,23.0,11.33333,7.0,17.66667,18.33333,105.0,0,-0.03721,0.03721,0.29647,0.22848,0.50734,0.56735,0.57051,0.60539,1505.19841,1503.27485,0.48696,0.51304,2.06297,1.958,0.66667,,,,
240.0,38.0,90.66667,0.417,12.33333,32.33333,0.384,12.66667,14.33333,0.73433,14.66667,27.33333,42.0,22.0,10.0,2.0,13.66667,13.33333,101.0,240.0,42.33333,82.0,0.51767,10.0,25.0,0.39867,11.66667,15.33333,0.762,10.66667,34.66667,45.33333,27.66667,7.33333,10.66667,18.0,15.66667,106.33333,0,0.07883,-0.07883,0.40546,0.44534,0.57842,0.48581,0.62435,0.53768,1495.3474,1518.36194,0.54601,0.45399,1.83574,2.20974,0.66667,240.0,41.33333,88.33333,0.468,11.0,32.0,0.30167,12.33333,18.0,0.67167,10.0,35.0,45.0,20.66667,8.0,5.0,13.0,18.66667,106.0,240.0,39.0,87.0,0.44767,9.66667,25.0,0.38433,15.0,20.33333,0.74167,10.66667,34.33333,45.0,20.66667,5.66667,6.0,12.33333,17.66667,102.66667,0,-0.03088,0.03088,0.30728,0.29718,0.5032,0.53008,0.56059,0.57352,1500.60307,1504.30674,0.50635,0.49365,1.99143,2.04601,0.33333,,,,
240.0,38.0,87.0,0.436,10.0,25.33333,0.39367,18.0,24.66667,0.752,10.0,34.33333,44.33333,22.66667,8.33333,5.0,15.0,23.66667,104.0,240.0,39.66667,93.66667,0.421,10.0,34.33333,0.28933,19.0,25.66667,0.744,16.0,38.0,54.0,27.66667,7.0,4.66667,14.0,23.33333,108.33333,0,0.0611,-0.0611,0.46847,0.27288,0.47368,0.49413,0.54363,0.5613,1478.21781,1462.11185,0.48354,0.51646,2.06973,1.9376,0.66667,240.0,39.0,82.33333,0.476,9.0,23.33333,0.38933,10.33333,13.33333,0.78633,5.66667,29.66667,35.33333,24.33333,6.66667,3.33333,15.0,23.66667,97.33333,240.0,40.0,80.0,0.49933,11.0,25.66667,0.43133,18.0,25.0,0.71433,7.66667,33.66667,41.33333,24.66667,7.66667,4.0,13.66667,17.33333,109.0,0,0.1626,-0.1626,0.25844,0.16551,0.5682,0.53127,0.63732,0.57331,1513.82007,1469.64944,0.45693,0.54307,2.20354,1.84965,1.0,,,,
240.0,48.33333,87.66667,0.55033,15.33333,32.33333,0.47767,14.66667,21.0,0.682,8.66667,34.0,42.66667,35.0,10.66667,8.0,13.0,22.0,126.66667,240.0,37.66667,86.66667,0.43467,7.66667,24.33333,0.314,21.33333,26.66667,0.79567,10.66667,31.66667,42.33333,22.0,6.33333,5.66667,15.0,16.0,104.33333,0,-0.27899,0.27899,0.31161,0.29463,0.47897,0.63789,0.56362,0.68498,1503.65437,1537.41414,0.50594,0.49406,1.98768,2.03484,0.0,240.0,33.33333,78.0,0.429,7.0,23.33333,0.29933,18.66667,26.33333,0.72833,8.33333,35.33333,43.66667,18.0,7.0,7.66667,17.0,23.66667,92.33333,240.0,34.33333,89.66667,0.38233,8.66667,28.66667,0.30533,20.0,25.0,0.801,13.33333,34.33333,47.66667,19.66667,7.66667,4.33333,13.33333,21.33333,97.33333,0,0.07356,-0.07356,0.38981,0.24785,0.43132,0.47531,0.51138,0.55537,1567.26802,1498.64847,0.40827,0.59173,2.4537,1.69139,1.0,,,,
240.0,38.33333,82.66667,0.465,12.33333,29.33333,0.422,20.0,27.0,0.73733,9.33333,44.0,53.33333,24.33333,7.0,5.0,19.33333,31.0,109.0,240.0,34.33333,91.66667,0.377,11.33333,37.66667,0.31733,24.33333,33.66667,0.71467,10.66667,31.0,41.66667,20.33333,10.66667,4.66667,12.0,21.66667,104.33333,0,-0.06375,0.06375,0.24054,0.29647,0.43967,0.53927,0.52992,0.61629,1482.83107,1502.54851,0.52113,0.47887,1.9421,2.11911,0.33333,240.0,37.0,89.33333,0.412,8.33333,25.66667,0.32,16.33333,20.33333,0.81567,11.0,29.66667,40.66667,20.66667,13.66667,2.0,15.33333,14.33333,98.66667,240.0,41.33333,83.0,0.50133,12.0,31.66667,0.377,15.0,18.0,0.815,8.66667,36.66667,45.33333,28.66667,8.33333,10.0,19.33333,19.33333,109.66667,0,0.16051,-0.16051,0.31503,0.32172,0.57345,0.45891,0.6333,0.52372,1548.83879,1493.14403,0.44069,0.55931,2.29579,1.80279,0.66667,,,,
240.0,37.33333,75.0,0.49767,10.66667,28.33333,0.37967,19.33333,25.33333,0.76533,6.66667,31.0,37.66667,19.33333,8.0,5.33333,15.33333,24.0,104.66667,240.0,39.0,85.0,0.458,11.33333,27.0,0.411,18.66667,24.0,0.787,11.33333,29.33333,40.66667,23.33333,9.0,3.66667,13.0,21.0,108.0,1,0.03592,-0.03592,0.36815,0.22522,0.52409,0.56924,0.59689,0.6514,1529.40169,1522.46073,0.50298,0.49702,2.01308,2.03582,0.66667,240.0,40.33333,82.66667,0.48967,10.33333,27.0,0.37533,15.33333,18.66667,0.813,5.66667,27.66667,33.33333,23.0,8.33333,3.0,16.66667,22.66667,106.33333,240.0,40.33333,80.33333,0.50233,18.33333,43.33333,0.43133,22.66667,28.33333,0.80433,11.0,33.33333,44.33333,21.66667,11.33333,5.33333,19.0,23.33333,121.66667,1,0.1921,-0.1921,0.42609,0.16731,0.61606,0.55143,0.7038,0.6134,1551.82013,1491.7436,0.43437,0.56563,2.32347,1.77648,1.0,,,,
240.0,33.0,81.66667,0.40467,4.66667,23.0,0.20367,23.0,33.66667,0.68867,12.33333,35.0,47.33333,18.0,8.0,7.0,20.0,23.66667,93.66667,240.0,38.66667,88.66667,0.43933,6.66667,24.33333,0.27833,21.33333,25.66667,0.84,10.66667,34.33333,45.0,18.66667,8.66667,4.66667,14.66667,26.0,105.33333,1,0.16797,-0.16797,0.30361,0.35493,0.47692,0.43402,0.56184,0.52691,1524.54527,1478.90075,0.45756,0.54244,2.19995,1.85139,1.0,240.0,41.66667,86.33333,0.487,9.66667,26.0,0.35467,28.33333,37.66667,0.758,12.33333,35.66667,48.0,22.0,8.33333,4.33333,14.33333,22.0,121.33333,240.0,43.33333,89.33333,0.486,9.0,26.33333,0.33567,19.33333,26.33333,0.73133,8.33333,31.66667,40.0,18.0,5.33333,5.66667,14.66667,27.66667,115.0,1,-0.07438,0.07438,0.23906,0.37668,0.53681,0.54523,0.60567,0.6468,1441.15782,1497.53604,0.5661,0.4339,1.77094,2.31459,0.33333,,,,
240.0,37.66667,79.66667,0.47333,8.0,25.33333,0.32167,15.33333,19.0,0.80133,5.33333,32.66667,38.0,21.33333,7.66667,7.33333,15.0,21.0,98.66667,240.0,37.66667,83.0,0.45367,10.33333,30.33333,0.335,19.33333,23.66667,0.82767,9.66667,35.0,44.66667,18.0,9.33333,3.0,15.66667,17.66667,105.0,0,0.0879,-0.0879,0.2976,0.15233,0.51573,0.52312,0.59481,0.58965,1526.62506,1523.46745,0.50214,0.49786,1.99935,2.01694,0.66667,240.0,34.66667,77.66667,0.44533,9.66667,26.66667,0.35633,19.66667,26.66667,0.772,7.66667,38.66667,46.33333,22.0,6.66667,5.33333,17.0,18.66667,98.66667,240.0,34.0,79.66667,0.42767,8.66667,26.33333,0.33033,16.0,20.66667,0.745,5.0,31.66667,36.66667,20.66667,8.33333,3.66667,14.0,23.0,92.66667,0,-0.08665,0.08665,0.12813,0.24906,0.48235,0.50698,0.55059,0.58988,1486.14651,1515.13425,0.52914,0.47086,1.89629,2.1325,0.33333,,,,
240.0,39.33333,83.66667,0.47067,10.33333,26.0,0.39533,12.0,15.66667,0.74767,6.0,35.0,41.0,24.33333,7.33333,2.66667,15.0,19.33333,101.0,240.0,41.33333,88.0,0.472,8.33333,25.66667,0.32133,12.0,17.66667,0.68133,10.33333,36.0,46.33333,24.33333,7.0,5.0,13.0,18.66667,103.0,1,0.01945,-0.01945,0.30269,0.16769,0.51998,0.53308,0.56262,0.58123,1495.39403,1500.63237,0.51154,0.48846,1.95614,2.04862,0.66667,240.0,34.66667,80.33333,0.43333,11.33333,28.0,0.40933,17.33333,21.33333,0.82,8.0,37.66667,45.66667,19.33333,4.33333,6.0,17.33333,22.33333,98.0,240.0,37.0,86.66667,0.43033,10.66667,32.66667,0.32867,15.66667,20.33333,0.752,7.33333,33.0,40.33333,21.33333,9.66667,5.66667,9.66667,19.33333,100.33333,1,0.03694,-0.03694,0.18894,0.24109,0.49221,0.50531,0.55339,0.57906,1522.16527,1523.72916,0.50969,0.49031,1.96578,2.0436,0.33333,,,,
240.0,34.33333,80.33333,0.42733,10.0,27.0,0.36933,18.0,23.33333,0.76133,8.33333,40.0,48.33333,16.66667,8.0,5.33333,17.66667,21.66667,96.66667,240.0,32.33333,83.0,0.387,9.33333,27.33333,0.332,21.33333,25.33333,0.84933,7.66667,34.0,41.66667,17.33333,8.66667,6.33333,14.0,23.33333,95.33333,0,-0.01222,0.01222,0.19726,0.25717,0.44179,0.48971,0.53423,0.56339,1498.09221,1483.94277,0.4777,0.5223,2.11751,1.93171,0.33333,240.0,40.66667,84.33333,0.484,8.33333,23.0,0.367,10.33333,14.0,0.73233,7.0,31.33333,38.33333,24.66667,8.33333,3.66667,15.66667,22.66667,100.0,240.0,40.66667,83.66667,0.48733,12.33333,27.0,0.462,17.33333,24.66667,0.7,12.0,33.33333,45.33333,25.33333,6.66667,4.33333,15.33333,19.66667,111.0,0,0.15083,-0.15083,0.37405,0.21087,0.56153,0.53434,0.62424,0.57463,1520.64103,1460.00455,0.43321,0.56679,2.33004,1.77521,1.0,,,,
240.0,42.33333,85.0,0.499,9.33333,24.33333,0.37033,9.0,13.0,0.713,8.66667,31.0,39.66667,27.66667,7.33333,7.0,14.0,22.66667,103.0,240.0,37.33333,80.0,0.46633,8.66667,24.33333,0.37267,22.0,25.66667,0.866,9.33333,31.0,40.33333,20.66667,8.33333,4.66667,14.0,14.0,105.33333,0,0.02567,-0.02567,0.30665,0.27953,0.52059,0.55449,0.61258,0.58766,1493.4764,1480.81868,0.48131,0.51869,2.08631,1.93526,0.66667,240.0,36.33333,81.33333,0.44633,10.33333,29.0,0.35033,23.33333,28.33333,0.82567,9.66667,39.66667,49.33333,21.0,8.0,3.33333,13.0,17.33333,106.33333,240.0,34.66667,86.33333,0.401,9.33333,35.33333,0.26633,15.33333,18.66667,0.82567,8.33333,32.66667,41.0,19.0,5.66667,3.33333,12.0,23.0,94.0,0,-0.17919,0.17919,0.2116,0.29942,0.45533,0.50962,0.51949,0.60662,1440.61079,1499.71907,0.56611,0.43389,1.77581,2.32463,0.0,,,,
248.33333,40.0,88.66667,0.45267,7.33333,23.0,0.31967,22.66667,28.66667,0.774,10.0,32.66667,42.66667,20.33333,14.66667,2.33333,16.66667,20.0,110.0,248.33333,44.33333,87.33333,0.507,10.0,31.33333,0.31133,16.33333,21.33333,0.77167,9.0,35.33333,44.33333,27.0,10.33333,6.0,20.66667,25.0,115.0,0,0.06227,-0.06227,0.28125,0.2931,0.56455,0.49378,0.62492,0.5793,1516.28005,1473.19116,0.44641,0.55359,2.25256,1.81234,0.33333,240.0,40.33333,83.33333,0.48567,11.0,30.0,0.37133,25.66667,35.66667,0.72133,9.66667,38.66667,48.33333,23.33333,7.66667,4.33333,16.0,25.0,117.33333,240.0,38.0,89.33333,0.424,7.66667,26.0,0.28733,22.66667,30.0,0.75667,10.66667,31.33333,42.0,15.33333,6.66667,4.66667,14.33333,29.0,106.33333,0,-0.13853,0.13853,0.28185,0.31078,0.46704,0.55229,0.55385,0.64492,1446.17066,1495.74684,0.54938,0.45062,1.82821,2.23507,0.0,,,,
240.0,36.66667,90.66667,0.40267,13.0,34.33333,0.37733,9.66667,12.0,0.66767,12.66667,31.33333,44.0,21.33333,6.0,4.66667,13.0,16.33333,96.0,240.0,40.66667,86.0,0.47333,11.66667,25.33333,0.454,13.33333,18.33333,0.73433,11.66667,37.33333,49.0,25.33333,7.66667,8.66667,13.0,15.33333,106.33333,1,0.14604,-0.14604,0.37421,0.35294,0.54046,0.47505,0.59091,0.51462,1491.78607,1520.32387,0.56091,0.43909,1.78311,2.278,1.0,240.0,36.66667,85.0,0.43133,8.66667,26.33333,0.32767,11.0,16.0,0.71367,10.0,28.66667,38.66667,20.66667,6.33333,3.0,14.0,20.33333,93.0,240.0,40.0,83.0,0.48333,9.66667,22.0,0.44467,17.66667,22.0,0.785,11.0,36.66667,47.66667,26.66667,6.66667,5.66667,13.33333,18.33333,107.33333,1,0.2064,-0.2064,0.38681,0.28521,0.54189,0.48185,0.61259,0.52557,1488.57634,1483.5869,0.52304,0.47696,1.92157,2.10838,1.0,,,,
240.0,37.0,72.66667,0.50833,11.66667,28.0,0.417,25.0,31.0,0.814,5.33333,31.66667,37.0,22.0,9.33333,5.33333,15.0,25.66667,110.66667,240.0,34.33333,82.0,0.41933,10.0,29.33333,0.347,24.0,28.0,0.85333,13.0,29.33333,42.33333,18.66667,7.33333,3.66667,15.33333,23.33333,102.66667,1,-0.10004,0.10004,0.41524,0.186,0.48031,0.5881,0.58305,0.69343,1542.29004,1526.67234,0.45812,0.54188,2.20004,1.85711,0.33333,240.0,38.66667,85.33333,0.45367,11.0,28.0,0.37667,15.66667,20.0,0.80267,9.66667,30.33333,40.0,20.33333,13.0,1.66667,16.0,21.0,104.0,240.0,40.0,79.66667,0.50467,9.0,26.66667,0.34233,16.0,20.66667,0.76533,8.0,34.33333,42.33333,28.0,10.0,4.33333,20.33333,18.66667,105.0,1,0.01195,-0.01195,0.26503,0.29598,0.56151,0.51757,0.62561,0.57973,1492.06258,1475.23576,0.47605,0.52395,2.12385,1.92709,0.66667,,,,
240.0,37.33333,83.0,0.456,8.66667,21.66667,0.40267,12.33333,14.66667,0.836,10.33333,30.66667,41.0,24.33333,5.0,5.0,17.33333,17.33333,95.66667,240.0,44.66667,85.66667,0.52567,11.66667,28.33333,0.40967,10.66667,15.0,0.75,7.33333,29.0,36.33333,30.0,9.0,6.66667,11.0,16.66667,111.66667,0,0.22823,-0.22823,0.23246,0.36177,0.59365,0.50837,0.63199,0.56068,1505.19633,1497.59328,0.51737,0.48263,1.96361,2.11677,1.0,240.0,38.0,81.33333,0.46967,10.0,27.66667,0.35667,20.66667,27.66667,0.73867,8.33333,31.66667,40.0,23.33333,10.33333,4.66667,16.66667,21.33333,106.66667,240.0,38.33333,81.33333,0.471,15.33333,41.66667,0.36767,24.33333,30.66667,0.781,11.0,35.66667,46.66667,23.0,10.33333,4.0,17.33333,22.66667,116.33333,0,0.13811,-0.13811,0.34763,0.22822,0.56479,0.53138,0.66076,0.6113,1565.4257,1519.1058,0.43597,0.56403,2.29934,1.77566,0.66667,,,,
240.0,41.33333,80.66667,0.51233,14.0,30.33333,0.461,18.0,25.0,0.751,6.33333,35.33333,41.66667,27.0,8.0,4.66667,19.33333,20.33333,114.66667,240.0,40.66667,87.0,0.46767,7.33333,27.33333,0.26367,14.66667,19.66667,0.742,8.66667,29.33333,38.0,21.33333,9.66667,4.33333,15.66667,22.33333,103.33333,0,-0.14588,0.14588,0.24127,0.21908,0.51042,0.599,0.56602,0.6643,1483.00644,1539.88691,0.55653,0.44347,1.80239,2.26697,0.0,240.0,42.0,90.0,0.466,13.33333,35.0,0.377,11.0,17.66667,0.60067,11.0,33.0,44.0,25.33333,13.33333,5.66667,18.0,20.66667,108.33333,240.0,40.66667,87.33333,0.46533,8.0,28.33333,0.28267,18.0,23.0,0.77933,10.66667,35.33333,46.0,26.33333,10.66667,7.33333,18.0,18.0,107.33333,0,-0.00302,0.00302,0.34465,0.32679,0.51135,0.54015,0.58109,0.57644,1502.9247,1520.25806,0.51832,0.48168,1.94233,2.09091,0.66667,,,,
240.0,37.0,82.0,0.452,14.0,31.66667,0.44333,18.0,21.66667,0.84133,9.0,27.33333,36.33333,20.66667,6.0,6.33333,14.0,20.0,106.0,240.0,43.0,82.0,0.52467,16.33333,32.33333,0.49267,18.0,22.0,0.81567,7.0,34.0,41.0,23.66667,7.0,4.66667,14.33333,21.33333,120.33333,1,0.17585,-0.17585,0.2555,0.26715,0.62412,0.53776,0.69339,0.61159,1509.42569,1480.8897,0.47972,0.52028,2.09213,1.92851,1.0,240.0,40.33333,84.66667,0.478,10.0,24.66667,0.411,12.0,15.0,0.812,10.0,38.0,48.0,25.0,7.66667,1.66667,16.66667,18.33333,102.66667,240.0,37.0,85.66667,0.436,9.66667,30.66667,0.319,10.66667,15.0,0.69333,7.66667,29.66667,37.33333,24.0,8.66667,4.33333,13.66667,15.0,94.33333,1,-0.13407,0.13407,0.20057,0.3564,0.49316,0.5364,0.53329,0.58439,1518.78273,1511.02099,0.46525,0.53475,2.19344,1.89562,0.33333,,,,
248.33333,33.33333,85.66667,0.38867,7.33333,24.66667,0.315,21.0,25.0,0.85133,12.33333,40.0,52.33333,13.66667,5.66667,6.0,16.33333,22.66667,95.0,248.33333,34.33333,87.0,0.39533,8.33333,24.33333,0.33367,19.66667,24.66667,0.77033,9.0,35.33333,44.33333,19.66667,8.66667,7.33333,11.66667,23.0,96.66667,0,0.02309,-0.02309,0.23761,0.36643,0.44243,0.43118,0.52134,0.52031,1471.7309,1540.13438,0.59575,0.40425,1.69821,2.54975,0.66667,240.0,41.66667,91.0,0.45533,8.0,26.33333,0.30367,15.33333,19.33333,0.79233,8.66667,32.0,40.66667,22.66667,9.0,5.33333,12.33333,18.33333,106.66667,240.0,45.66667,91.33333,0.501,10.66667,26.66667,0.37067,12.66667,17.33333,0.73933,10.66667,37.66667,48.33333,27.33333,8.66667,7.0,16.0,20.0,114.66667,0,0.11883,-0.11883,0.33521,0.24734,0.55836,0.49965,0.60294,0.55855,1504.75733,1526.15471,0.54883,0.45117,1.84418,2.26151,0.66667,,,,
240.0,37.33333,87.0,0.434,8.66667,26.33333,0.33467,24.66667,32.33333,0.73933,14.0,31.66667,45.66667,21.0,5.66667,4.0,12.33333,21.66667,108.0,240.0,43.33333,89.0,0.48767,9.66667,26.0,0.38033,19.66667,24.33333,0.80067,10.66667,35.0,45.66667,21.66667,6.33333,5.0,11.0,23.66667,116.0,1,0.11006,-0.11006,0.3366,0.39365,0.54191,0.48376,0.61528,0.57663,1505.0807,1470.0773,0.4665,0.5335,2.14619,1.87612,0.66667,240.0,39.66667,88.0,0.45167,9.0,35.66667,0.251,21.33333,27.33333,0.783,7.33333,37.33333,44.66667,24.33333,7.0,9.0,14.66667,21.0,109.66667,240.0,43.33333,96.0,0.45567,7.0,25.0,0.291,19.66667,25.66667,0.76733,12.33333,41.0,53.33333,23.0,7.33333,5.66667,13.66667,22.66667,113.33333,1,0.04619,-0.04619,0.31414,0.18216,0.49371,0.5027,0.56286,0.58357,1487.70927,1498.261,0.51893,0.48107,1.93207,2.08467,0.66667,,,,
240.0,37.33333,81.66667,0.45933,6.0,18.33333,0.30633,8.66667,13.0,0.675,6.33333,28.0,34.33333,21.0,8.0,3.66667,15.33333,19.66667,89.33333,240.0,38.66667,82.0,0.47267,14.0,31.33333,0.457,16.0,21.0,0.76567,12.66667,34.0,46.66667,27.66667,9.33333,4.33333,14.66667,18.33333,107.33333,0,0.26754,-0.26754,0.50229,0.17877,0.55806,0.49769,0.6206,0.53248,1518.99258,1444.25793,0.42084,0.57916,2.39102,1.73273,1.0,240.0,37.66667,89.0,0.427,12.0,31.33333,0.38867,19.66667,23.66667,0.839,13.66667,26.66667,40.33333,21.66667,7.0,2.33333,11.66667,21.33333,107.0,240.0,44.66667,83.33333,0.539,8.66667,24.66667,0.34967,17.33333,21.66667,0.793,9.0,34.33333,43.33333,25.66667,6.0,6.33333,13.33333,21.33333,115.33333,0,0.10819,-0.10819,0.3314,0.40128,0.59244,0.49506,0.65849,0.57185,1500.78895,1488.72948,0.49307,0.50693,2.03024,1.97471,1.0,,,,
240.0,33.66667,84.33333,0.39933,13.33333,34.66667,0.37967,19.66667,27.0,0.75433,14.0,25.33333,39.33333,17.0,10.0,5.0,17.66667,17.66667,100.33333,240.0,44.0,85.0,0.517,10.66667,28.33333,0.37133,15.33333,19.0,0.78833,10.66667,35.33333,46.0,28.33333,10.33333,6.66667,19.33333,24.0,114.0,1,0.18964,-0.18964,0.41981,0.40004,0.57925,0.4781,0.64094,0.55432,1511.1086,1503.09659,0.5224,0.4776,1.92446,2.1088,1.0,240.0,32.0,84.66667,0.37733,10.66667,33.0,0.31833,17.33333,22.0,0.80833,11.0,37.0,48.0,17.0,10.0,2.66667,16.0,21.66667,92.0,240.0,37.66667,85.66667,0.44067,8.33333,21.66667,0.36833,12.66667,18.33333,0.73033,8.33333,36.66667,45.0,23.33333,7.66667,5.0,15.0,21.66667,96.33333,1,0.07011,-0.07011,0.23085,0.30683,0.489,0.44014,0.53743,0.51278,1430.47893,1531.67994,0.64475,0.35525,1.55682,2.84824,1.0,,,,
240.0,37.33333,82.66667,0.45067,12.33333,25.33333,0.484,19.33333,24.66667,0.76033,11.66667,33.33333,45.0,18.66667,8.66667,2.66667,14.66667,21.0,106.33333,240.0,33.66667,80.0,0.421,8.0,25.33333,0.30467,15.33333,20.66667,0.76167,10.66667,29.66667,40.33333,15.0,6.0,4.33333,15.66667,21.33333,90.66667,0,-0.23203,0.23203,0.3255,0.39344,0.47139,0.52461,0.53654,0.60351,1490.19443,1524.57747,0.52521,0.47479,1.91711,2.12383,0.0,240.0,38.0,84.33333,0.45567,11.0,27.66667,0.39633,18.33333,23.33333,0.79433,8.66667,30.66667,39.33333,24.66667,8.0,3.33333,11.66667,18.33333,105.33333,240.0,44.33333,85.66667,0.522,12.66667,31.0,0.41567,14.66667,19.33333,0.785,6.66667,35.0,41.66667,26.0,5.66667,5.0,13.0,21.66667,116.0,0,0.15306,-0.15306,0.21298,0.2501,0.59536,0.52124,0.64892,0.59305,1529.61234,1486.09606,0.45067,0.54933,2.22013,1.82102,1.0,,,,
240.0,42.0,89.66667,0.469,9.0,24.0,0.37367,17.0,24.0,0.71233,11.33333,34.66667,46.0,24.66667,8.66667,5.66667,16.66667,23.0,110.0,240.0,42.33333,94.66667,0.447,11.66667,33.66667,0.34967,18.66667,25.0,0.75033,16.66667,33.66667,50.33333,28.66667,7.66667,5.0,15.33333,24.33333,115.0,0,0.06524,-0.06524,0.48273,0.33813,0.5085,0.51958,0.57431,0.57998,1495.82651,1454.46224,0.45034,0.54966,2.23672,1.82748,0.66667,240.0,40.0,86.33333,0.46467,8.66667,26.66667,0.31367,24.0,29.66667,0.82033,12.0,32.33333,44.33333,21.0,8.66667,5.33333,14.66667,23.0,112.66667,240.0,40.0,80.66667,0.49367,9.33333,24.66667,0.37533,21.33333,27.66667,0.786,6.33333,34.0,40.33333,22.0,5.66667,3.66667,16.66667,24.66667,110.66667,0,-0.0193,0.0193,0.21965,0.34621,0.55159,0.51501,0.63668,0.60981,1510.36252,1463.91808,0.43506,0.56494,2.31047,1.77581,0.33333,,,,
240.0,37.33333,89.0,0.41933,10.33333,35.0,0.29333,16.0,23.33333,0.68067,10.0,38.0,48.0,22.33333,9.66667,4.66667,17.0,19.66667,101.0,240.0,38.0,91.33333,0.41433,7.66667,27.33333,0.28433,16.66667,22.0,0.77033,11.66667,38.33333,50.0,18.66667,9.33333,6.66667,15.33333,22.33333,100.33333,0,-0.01418,0.01418,0.30831,0.26068,0.45613,0.47718,0.52124,0.53648,1495.08198,1470.42757,0.46465,0.53535,2.16849,1.8788,0.33333,240.0,34.0,76.33333,0.44833,11.0,27.33333,0.40367,20.0,25.33333,0.788,6.66667,41.0,47.66667,17.66667,7.66667,5.33333,19.0,27.0,99.0,240.0,30.0,84.33333,0.35967,7.33333,27.66667,0.27233,23.0,27.0,0.86033,9.33333,30.0,39.33333,12.66667,11.0,6.0,14.0,22.66667,90.33333,0,-0.13591,0.13591,0.22778,0.2233,0.40254,0.52035,0.50338,0.60624,1493.5124,1508.75298,0.50811,0.49189,1.96929,2.03425,0.0,,,,
240.0,44.33333,88.0,0.5,11.66667,31.66667,0.35567,12.66667,18.66667,0.67033,8.33333,37.0,45.33333,28.33333,9.0,6.66667,13.33333,21.66667,113.0,240.0,37.66667,87.66667,0.42467,7.66667,28.33333,0.27133,22.33333,27.0,0.811,9.0,37.0,46.0,23.0,8.33333,5.33333,14.33333,18.33333,105.33333,1,-0.08863,0.08863,0.24567,0.24135,0.46792,0.56656,0.56153,0.61024,1522.15427,1580.58245,0.56711,0.43289,1.77437,2.33861,0.33333,240.0,41.0,87.0,0.472,10.33333,25.0,0.41667,20.33333,25.0,0.81333,9.66667,41.66667,51.33333,18.0,6.33333,4.66667,16.0,19.66667,112.66667,240.0,41.33333,91.33333,0.45567,13.33333,34.33333,0.383,15.33333,22.0,0.69167,6.66667,34.33333,41.0,22.66667,7.0,3.0,11.0,22.33333,111.33333,1,-0.01748,0.01748,0.16264,0.28249,0.53057,0.53209,0.58318,0.60995,1470.40289,1505.35896,0.55064,0.44936,1.84074,2.27896,0.33333,,,,
240.0,38.33333,83.66667,0.46367,9.0,23.33333,0.37767,24.33333,29.0,0.844,11.66667,33.33333,45.0,21.66667,9.33333,3.0,12.0,17.33333,110.0,240.0,38.33333,85.33333,0.449,10.66667,34.66667,0.31533,13.66667,17.33333,0.81933,8.66667,30.66667,39.33333,20.66667,5.0,5.66667,14.66667,22.66667,101.0,0,-0.13455,0.13455,0.25862,0.35708,0.51181,0.5201,0.56603,0.61929,1449.17765,1490.11503,0.54278,0.45722,1.85224,2.20202,0.33333,240.0,40.0,89.66667,0.445,13.33333,34.33333,0.382,14.33333,18.0,0.79467,10.66667,34.33333,45.0,24.0,5.66667,4.33333,13.66667,23.66667,107.66667,240.0,40.0,85.66667,0.468,10.33333,25.66667,0.40467,21.33333,28.66667,0.74367,7.66667,36.0,43.66667,20.66667,6.33333,5.66667,10.66667,17.66667,111.66667,0,0.06129,-0.06129,0.22353,0.30676,0.52823,0.5184,0.60791,0.573,1494.9149,1486.97729,0.49286,0.50714,2.04032,1.98339,0.66667,,,,
240.0,35.33333,80.33333,0.43733,9.33333,27.0,0.33967,15.66667,20.33333,0.74533,6.33333,28.0,34.33333,21.33333,8.66667,2.66667,13.0,21.66667,95.66667,240.0,40.33333,79.33333,0.50133,13.0,27.33333,0.48467,21.0,25.66667,0.80933,8.66667,34.33333,43.0,23.33333,5.66667,2.66667,13.66667,19.0,114.66667,0,0.2608,-0.2608,0.31099,0.18924,0.582,0.49625,0.67162,0.56265,1532.0258,1453.96906,0.40675,0.59325,2.47836,1.69139,1.0,240.0,40.33333,92.66667,0.436,13.0,32.33333,0.367,23.66667,28.66667,0.77867,13.33333,37.0,50.33333,20.0,9.0,6.33333,13.66667,20.33333,117.33333,240.0,43.33333,95.0,0.45867,9.0,27.33333,0.329,13.33333,21.66667,0.61267,11.33333,37.66667,49.0,21.33333,6.33333,6.33333,15.66667,21.33333,109.0,0,-0.09839,0.09839,0.30342,0.36119,0.50645,0.50718,0.54938,0.5931,1434.29264,1505.08679,0.59073,0.40927,1.70437,2.48334,0.33333,,,,
240.0,42.66667,89.66667,0.47633,11.33333,27.0,0.418,11.66667,17.66667,0.675,10.33333,31.66667,42.0,25.33333,7.0,3.33333,15.33333,19.33333,108.33333,240.0,46.0,90.66667,0.50733,9.0,22.66667,0.403,13.66667,19.66667,0.69833,12.0,34.66667,46.66667,23.66667,9.33333,6.33333,12.66667,17.66667,114.66667,1,0.08896,-0.08896,0.40774,0.3062,0.55691,0.53922,0.60361,0.57955,1489.03827,1433.76201,0.43657,0.56343,2.29983,1.77916,0.66667,240.0,39.66667,80.0,0.49467,11.66667,27.33333,0.432,17.33333,23.0,0.72467,4.33333,41.66667,46.0,21.66667,6.66667,3.33333,14.0,15.33333,108.33333,240.0,39.0,91.0,0.42833,12.66667,31.33333,0.39433,10.33333,12.66667,0.801,7.33333,34.33333,41.66667,25.0,9.66667,2.33333,12.0,18.0,101.0,1,-0.11346,0.11346,0.1724,0.13501,0.49827,0.56786,0.53861,0.6362,1436.98339,1491.84893,0.56202,0.43798,1.78462,2.29457,0.33333,,,,
240.0,40.0,88.33333,0.45267,10.66667,31.33333,0.34467,13.0,16.66667,0.776,9.66667,32.0,41.66667,20.66667,7.33333,4.66667,15.33333,20.66667,103.66667,240.0,37.0,75.33333,0.49033,11.66667,27.0,0.42867,22.0,28.33333,0.77967,5.33333,36.0,41.33333,25.0,7.33333,6.0,16.0,20.66667,107.66667,1,0.05506,-0.05506,0.19603,0.2711,0.56836,0.5129,0.66045,0.56288,1510.63492,1447.81047,0.41457,0.58543,2.43768,1.71789,0.66667,240.0,37.0,82.0,0.451,12.0,27.33333,0.43967,21.0,24.33333,0.86167,9.66667,37.33333,47.0,20.33333,5.0,8.0,14.33333,21.33333,107.0,240.0,36.0,86.0,0.41867,7.66667,29.66667,0.25867,16.33333,21.33333,0.76433,10.33333,31.66667,42.0,23.33333,5.66667,8.66667,11.33333,21.0,96.0,1,-0.16577,0.16577,0.29421,0.30966,0.46318,0.52477,0.52911,0.61317,1505.32358,1539.28993,0.53327,0.46673,1.89054,2.16262,0.0,,,,
240.0,40.66667,81.33333,0.50067,12.33333,29.33333,0.42233,18.33333,25.66667,0.74367,7.0,32.33333,39.33333,26.0,7.0,6.0,18.0,20.33333,112.0,240.0,43.0,87.66667,0.491,9.0,27.66667,0.31833,17.0,22.66667,0.742,10.0,30.33333,40.33333,21.0,9.66667,4.0,13.33333,20.33333,112.0,0,0.00094,-0.00094,0.31495,0.23233,0.54299,0.57716,0.6047,0.64396,1493.55674,1530.05497,0.55593,0.44407,1.80447,2.26419,0.33333,240.0,37.33333,89.66667,0.414,8.33333,26.0,0.315,15.33333,21.33333,0.71567,9.66667,31.33333,41.0,23.33333,11.66667,2.66667,17.33333,17.66667,98.33333,240.0,42.66667,84.66667,0.506,13.33333,31.66667,0.42667,20.33333,22.66667,0.88567,6.66667,38.33333,45.0,29.33333,12.33333,10.0,18.33333,22.33333,119.0,0,0.27649,-0.27649,0.2017,0.25664,0.5849,0.46059,0.66588,0.51868,1575.82641,1485.04334,0.40552,0.59448,2.46621,1.68224,1.0,,,,
240.0,36.0,84.66667,0.42467,12.33333,31.66667,0.38967,17.33333,23.33333,0.76767,14.33333,29.33333,43.66667,16.33333,7.66667,4.33333,17.66667,14.66667,101.66667,240.0,44.0,86.33333,0.50933,9.0,24.33333,0.36933,11.0,14.33333,0.78033,8.66667,32.33333,41.0,25.33333,11.33333,5.33333,16.0,21.33333,108.0,0,0.09137,-0.09137,0.30801,0.44692,0.56058,0.49742,0.60451,0.56484,1472.54104,1509.39278,0.57198,0.42802,1.76989,2.38684,0.66667,240.0,41.33333,79.33333,0.521,10.66667,25.66667,0.40367,19.33333,24.66667,0.78333,4.66667,29.66667,34.33333,25.0,9.66667,3.33333,16.33333,26.66667,112.66667,240.0,35.33333,79.66667,0.444,14.66667,43.33333,0.33733,28.33333,35.0,0.80333,14.0,32.33333,46.33333,20.0,9.66667,4.33333,18.66667,24.33333,113.66667,0,0.02286,-0.02286,0.50997,0.14426,0.53576,0.588,0.65109,0.6633,1552.68876,1505.66536,0.42358,0.57642,2.37842,1.74165,0.66667,,,,
240.0,41.0,80.33333,0.51433,14.66667,34.0,0.43533,21.33333,26.66667,0.801,7.66667,30.66667,38.33333,25.33333,7.66667,6.66667,16.0,24.33333,118.0,240.0,40.66667,87.66667,0.46167,10.0,30.0,0.337,21.0,24.0,0.89267,12.33333,30.0,42.33333,27.0,8.33333,4.66667,14.66667,22.33333,112.33333,0,-0.06261,0.06261,0.40251,0.25758,0.51983,0.60617,0.60553,0.6888,1518.96037,1541.92132,0.51735,0.48265,1.96571,2.10561,0.33333,240.0,42.0,90.0,0.46767,15.0,38.33333,0.39533,12.66667,16.66667,0.77167,10.66667,33.66667,44.33333,22.33333,6.66667,6.0,12.0,18.66667,111.66667,240.0,40.0,88.33333,0.45233,10.66667,24.66667,0.425,14.0,20.0,0.70633,10.33333,34.0,44.33333,19.66667,4.33333,5.33333,11.0,16.33333,104.66667,0,-0.09273,0.09273,0.31306,0.31675,0.51265,0.55102,0.56371,0.5967,1498.14568,1528.88139,0.53543,0.46457,1.87928,2.16867,0.33333,,,,
248.33333,38.0,90.66667,0.41733,9.33333,30.0,0.31567,15.66667,20.0,0.774,9.33333,36.0,45.33333,21.0,8.0,5.66667,13.33333,24.0,101.0,248.33333,39.66667,85.66667,0.46533,9.33333,25.0,0.377,21.66667,27.33333,0.79267,8.0,42.33333,50.33333,23.33333,7.66667,5.66667,15.33333,18.33333,110.33333,0,0.13329,-0.13329,0.22752,0.2197,0.51893,0.46868,0.60304,0.53058,1485.60673,1513.73503,0.55177,0.44823,1.81302,2.23229,1.0,240.0,33.0,82.33333,0.401,13.33333,34.0,0.38667,19.33333,23.0,0.853,11.33333,31.0,42.33333,19.66667,6.0,7.0,15.33333,20.66667,98.66667,240.0,41.0,86.33333,0.47433,9.66667,24.33333,0.39767,16.66667,20.66667,0.80433,11.0,33.66667,44.66667,22.0,7.66667,4.66667,13.0,20.66667,108.33333,0,0.13411,-0.13411,0.35633,0.33512,0.53028,0.48179,0.59634,0.56528,1507.4874,1458.25337,0.44172,0.55828,2.26586,1.79221,0.66667,,,,
240.0,38.33333,87.33333,0.43767,13.0,30.66667,0.426,19.0,25.66667,0.73467,11.33333,38.66667,50.0,25.33333,7.0,4.33333,19.33333,27.0,108.66667,240.0,39.33333,91.33333,0.43933,11.66667,31.0,0.398,23.33333,29.66667,0.78967,8.66667,34.33333,43.0,25.0,11.66667,7.33333,14.33333,21.66667,113.66667,1,0.05223,-0.05223,0.21257,0.32695,0.50461,0.51241,0.59122,0.58463,1507.10393,1504.60213,0.50482,0.49518,2.03101,2.06898,0.66667,240.0,37.33333,85.66667,0.43633,13.0,34.33333,0.38033,17.33333,21.0,0.825,9.33333,28.66667,38.0,21.33333,9.33333,6.0,13.66667,25.33333,105.0,240.0,37.66667,82.66667,0.45833,8.66667,28.33333,0.30267,24.0,30.0,0.80067,13.33333,34.0,47.33333,20.33333,9.0,5.33333,14.66667,21.33333,108.0,1,0.03938,-0.03938,0.46935,0.28274,0.51114,0.51269,0.60787,0.58239,1532.84911,1488.91487,0.44565,0.55435,2.25183,1.80818,0.33333,,,,
240.0,33.66667,84.0,0.401,7.66667,26.0,0.27567,20.0,30.33333,0.64733,11.33333,37.66667,49.0,18.33333,7.33333,6.33333,18.66667,20.33333,95.0,240.0,38.33333,87.66667,0.43967,6.66667,23.33333,0.28767,17.33333,22.0,0.782,9.0,38.0,47.0,17.0,8.0,4.0,15.33333,25.0,100.66667,0,0.08091,-0.08091,0.23879,0.2997,0.47787,0.44579,0.54765,0.52494,1480.99932,1474.04577,0.50393,0.49607,1.99123,2.02357,0.66667,240.0,36.33333,84.66667,0.42767,12.33333,31.33333,0.38467,16.33333,21.0,0.79733,12.66667,37.0,49.66667,18.0,6.66667,3.0,15.66667,20.33333,101.33333,240.0,39.0,88.0,0.44367,8.0,20.33333,0.37667,11.66667,17.33333,0.721,8.33333,32.33333,40.66667,22.33333,9.33333,5.33333,11.33333,20.0,97.66667,0,-0.04539,0.04539,0.23085,0.39632,0.48831,0.50022,0.53118,0.56555,1412.80346,1522.19989,0.6422,0.3578,1.56285,2.82754,0.66667,,,,
240.0,39.66667,86.0,0.46233,11.33333,32.33333,0.351,19.66667,27.33333,0.71567,12.0,36.33333,48.33333,26.66667,8.33333,3.0,18.66667,24.33333,110.33333,240.0,41.33333,85.66667,0.48467,12.66667,28.66667,0.446,21.0,28.66667,0.74167,7.0,32.33333,39.33333,25.33333,9.66667,6.66667,15.33333,22.66667,116.33333,1,0.06776,-0.06776,0.18852,0.37426,0.55918,0.52746,0.63624,0.60125,1515.81349,1500.55653,0.48972,0.51028,2.09301,2.00991,0.66667,240.0,39.33333,90.66667,0.43433,10.0,36.0,0.279,13.66667,18.33333,0.62733,8.0,34.0,42.0,22.33333,7.0,5.0,13.33333,18.33333,102.33333,240.0,44.33333,90.0,0.49233,10.0,24.66667,0.408,16.0,21.33333,0.75767,8.66667,43.33333,52.0,27.0,8.0,5.33333,15.33333,19.66667,114.66667,1,0.16563,-0.16563,0.25532,0.18533,0.54749,0.48946,0.60499,0.54033,1493.27971,1499.55974,0.53222,0.46778,1.88822,2.15064,1.0,,,,
240.0,36.66667,76.0,0.48233,8.0,21.66667,0.36367,17.66667,21.33333,0.825,6.0,31.33333,37.33333,20.66667,7.33333,5.33333,15.66667,22.0,99.0,240.0,37.66667,82.0,0.45933,11.33333,28.66667,0.40567,19.33333,24.33333,0.80667,10.33333,31.0,41.33333,17.33333,9.66667,3.33333,13.33333,18.66667,106.0,0,0.09651,-0.09651,0.33174,0.20227,0.52821,0.5352,0.60632,0.61387,1524.9361,1519.86384,0.50305,0.49695,1.9963,2.02129,0.66667,240.0,42.33333,89.33333,0.47333,11.33333,31.33333,0.362,9.0,14.66667,0.6,11.33333,25.0,36.33333,24.0,8.0,4.0,13.66667,20.33333,105.0,240.0,46.66667,86.0,0.54033,13.0,30.33333,0.42033,18.0,23.33333,0.771,13.33333,34.33333,47.66667,31.0,7.0,5.0,14.66667,15.33333,124.33333,0,0.23303,-0.23303,0.5406,0.34181,0.61544,0.53707,0.67984,0.56729,1517.14394,1510.6509,0.52341,0.47659,1.91929,2.10911,1.0,,,,
240.0,42.66667,89.66667,0.476,18.0,46.0,0.393,23.0,26.33333,0.86,10.33333,37.0,47.33333,26.33333,11.0,6.0,13.0,18.66667,126.33333,240.0,41.0,89.33333,0.45967,9.66667,28.33333,0.34333,13.33333,20.0,0.67433,9.33333,33.66667,43.0,20.66667,7.33333,6.66667,15.0,17.66667,105.0,1,-0.26631,0.26631,0.24743,0.3104,0.51445,0.57615,0.56271,0.66078,1457.40918,1555.7579,0.61113,0.38887,1.64199,2.59538,0.0,240.0,39.33333,83.0,0.47633,10.66667,23.33333,0.45333,17.66667,21.0,0.85,7.0,36.33333,43.33333,23.0,5.0,7.0,15.66667,20.33333,107.0,240.0,38.33333,87.0,0.444,8.66667,32.33333,0.27067,18.33333,23.66667,0.75967,9.0,31.66667,40.66667,22.33333,8.0,7.0,11.33333,19.0,103.66667,1,-0.04591,0.04591,0.25007,0.2191,0.49394,0.54162,0.56483,0.61358,1519.77232,1514.88351,0.49297,0.50703,2.03486,1.9785,0.0,,,,
240.0,37.33333,82.66667,0.45133,11.66667,30.66667,0.38367,18.0,23.0,0.776,8.33333,38.33333,46.66667,18.66667,7.33333,5.0,14.0,22.33333,104.33333,240.0,35.66667,83.0,0.42533,10.33333,26.0,0.384,18.66667,24.0,0.777,7.0,35.66667,42.66667,18.66667,5.33333,4.66667,13.66667,22.0,100.33333,1,-0.0646,0.0646,0.19472,0.25003,0.48586,0.52168,0.56327,0.59324,1487.0315,1487.78714,0.49007,0.50993,2.05039,1.96979,0.33333,240.0,33.0,84.33333,0.39167,9.66667,26.33333,0.35867,18.0,25.33333,0.70167,12.33333,25.33333,37.66667,18.33333,9.33333,3.0,17.66667,19.0,93.66667,240.0,43.0,82.33333,0.52267,8.33333,26.33333,0.31633,17.0,20.0,0.86767,9.33333,36.33333,45.66667,24.0,9.33333,5.0,17.66667,24.66667,111.33333,1,0.24932,-0.24932,0.38046,0.33998,0.57305,0.44936,0.64228,0.52157,1531.18496,1444.4409,0.41256,0.58744,2.45795,1.71472,1.0,,,,
240.0,41.33333,85.66667,0.48333,10.33333,25.66667,0.402,13.0,16.66667,0.75367,6.33333,35.33333,41.66667,26.0,7.33333,4.0,15.0,19.33333,106.0,240.0,41.33333,87.33333,0.476,9.0,28.66667,0.31767,13.0,18.66667,0.69333,10.0,35.33333,45.33333,26.0,6.0,6.0,13.66667,18.0,104.66667,1,-0.02538,0.02538,0.28763,0.18056,0.52799,0.5438,0.57468,0.59404,1499.72533,1496.17711,0.49544,0.50456,2.02287,1.98621,0.33333,248.33333,36.33333,86.0,0.42167,9.0,23.33333,0.40067,24.33333,28.33333,0.827,9.33333,35.33333,44.66667,16.33333,10.33333,4.0,13.33333,21.0,106.0,248.33333,38.33333,84.66667,0.449,10.66667,29.33333,0.35967,16.66667,21.0,0.80567,10.0,36.66667,46.66667,17.66667,6.33333,2.66667,17.33333,22.33333,104.0,1,-0.0254,0.0254,0.32587,0.26931,0.51334,0.47425,0.58048,0.57427,1486.70466,1490.28472,0.50526,0.49474,1.99821,2.04468,0.33333,,,,
240.0,38.66667,82.0,0.46833,8.0,24.33333,0.317,12.0,20.33333,0.59933,9.0,31.33333,40.33333,23.0,8.0,6.66667,13.66667,23.0,97.33333,240.0,37.66667,80.33333,0.46867,12.33333,28.33333,0.43667,19.66667,22.66667,0.873,9.33333,34.33333,43.66667,22.66667,7.33333,4.0,15.33333,19.0,107.33333,1,0.14612,-0.14612,0.30397,0.2701,0.5458,0.51742,0.62705,0.56229,1473.46887,1478.64297,0.5204,0.4796,1.94467,2.114,0.66667,240.0,41.33333,94.33333,0.43933,15.66667,37.66667,0.41133,17.33333,21.66667,0.72633,11.0,39.33333,50.33333,21.33333,6.66667,5.33333,13.66667,20.33333,115.66667,240.0,43.0,96.0,0.449,8.0,27.66667,0.287,13.33333,21.0,0.63267,12.0,37.66667,49.66667,25.0,6.66667,4.33333,13.66667,18.33333,107.33333,1,-0.09684,0.09684,0.3058,0.30136,0.49042,0.52323,0.53462,0.58445,1432.35782,1491.69253,0.57403,0.42597,1.76158,2.40389,0.33333,,,,
240.0,39.33333,90.33333,0.43767,5.0,22.0,0.227,21.33333,28.66667,0.736,13.0,32.0,45.0,19.0,13.33333,2.33333,15.0,18.66667,105.0,240.0,43.33333,85.0,0.50967,11.0,31.0,0.35333,16.0,21.0,0.76733,6.33333,36.66667,43.0,28.33333,9.0,7.66667,18.66667,24.0,113.66667,1,0.10771,-0.10771,0.19792,0.36026,0.57405,0.46581,0.63395,0.54501,1500.95424,1476.85358,0.4774,0.5226,2.13677,1.94779,0.66667,240.0,33.0,78.0,0.42367,9.66667,25.0,0.38267,22.33333,29.0,0.774,8.33333,40.0,48.33333,15.33333,7.0,5.33333,19.33333,25.33333,98.0,240.0,32.0,86.0,0.37433,8.33333,29.66667,0.28267,22.66667,27.33333,0.83467,10.0,33.0,43.0,15.33333,12.0,5.33333,15.0,24.0,95.0,1,-0.05947,0.05947,0.25877,0.255,0.42239,0.48498,0.51789,0.57967,1486.36382,1488.67124,0.49597,0.50403,2.01809,1.98583,0.33333,,,,
240.0,38.33333,84.66667,0.453,10.66667,30.66667,0.349,13.0,15.66667,0.863,6.33333,31.0,37.33333,23.0,7.66667,4.0,12.66667,17.66667,100.33333,240.0,42.66667,87.33333,0.48867,11.33333,26.33333,0.427,14.66667,18.66667,0.78167,11.66667,35.33333,47.0,28.33333,6.66667,3.66667,13.33333,15.66667,111.33333,0,0.14553,-0.14553,0.38183,0.18243,0.55347,0.51658,0.6081,0.56981,1553.00478,1510.90982,0.46106,0.53894,2.20175,1.87709,1.0,240.0,36.33333,83.66667,0.43467,8.0,25.66667,0.311,12.66667,18.66667,0.697,11.33333,29.33333,40.66667,23.0,7.33333,3.0,15.33333,21.0,93.33333,240.0,39.0,82.66667,0.473,8.0,21.33333,0.38133,16.33333,21.33333,0.74067,9.66667,34.66667,44.33333,23.33333,8.0,4.0,14.0,18.33333,102.33333,0,0.13242,-0.13242,0.32484,0.33839,0.52098,0.48213,0.58602,0.5322,1498.23502,1510.88379,0.5416,0.4584,1.84735,2.18309,0.66667,,,,
240.0,35.33333,88.33333,0.399,10.0,30.0,0.34267,13.0,19.33333,0.65,13.33333,29.66667,43.0,18.33333,12.66667,4.0,12.66667,20.66667,93.66667,240.0,36.33333,79.33333,0.45767,10.66667,28.66667,0.36933,16.66667,20.66667,0.82533,10.33333,35.0,45.33333,23.66667,6.33333,6.33333,18.0,19.0,100.0,0,0.09613,-0.09613,0.36996,0.40039,0.52536,0.45582,0.5961,0.50552,1489.18558,1546.04263,0.58811,0.41189,1.71033,2.46134,1.0,240.0,40.0,83.0,0.48633,14.33333,32.0,0.44267,16.66667,18.66667,0.897,8.0,28.66667,36.66667,22.66667,11.33333,2.66667,16.0,20.66667,111.0,240.0,43.33333,82.0,0.53,9.66667,25.33333,0.37967,14.66667,18.33333,0.813,8.33333,32.0,40.33333,29.33333,10.0,4.0,18.66667,17.66667,111.0,0,0.0046,-0.0046,0.28922,0.26045,0.58959,0.57332,0.6468,0.64251,1493.43173,1497.85966,0.50716,0.49284,2.00425,2.05897,0.66667,,,,
240.0,37.33333,84.66667,0.44567,8.33333,23.33333,0.342,13.66667,16.66667,0.82533,8.33333,32.0,40.33333,25.33333,4.0,5.33333,15.66667,17.0,96.66667,240.0,44.0,90.33333,0.49167,13.33333,34.66667,0.38267,12.0,15.0,0.81067,8.33333,32.33333,40.66667,29.66667,7.66667,6.33333,9.33333,16.66667,113.33333,0,0.23488,-0.23488,0.25403,0.24846,0.5647,0.4955,0.60925,0.55218,1530.02406,1498.86632,0.48273,0.51727,2.15009,2.00766,1.0,240.0,41.66667,84.33333,0.49733,11.66667,32.0,0.36333,12.0,15.0,0.81733,7.0,28.66667,35.66667,20.33333,8.66667,5.66667,15.33333,18.66667,107.0,240.0,39.33333,80.0,0.49233,11.0,25.0,0.43467,19.0,22.66667,0.86233,9.33333,30.66667,40.0,21.33333,8.66667,4.33333,16.0,16.66667,108.66667,0,0.01718,-0.01718,0.33011,0.22179,0.56091,0.56537,0.63945,0.61272,1512.23625,1532.11924,0.52876,0.47124,1.92119,2.15911,0.66667,,,,
240.0,35.66667,88.33333,0.40267,10.66667,33.33333,0.32333,11.0,17.33333,0.60533,11.0,29.0,40.0,16.0,14.0,3.66667,13.66667,22.33333,93.0,240.0,37.33333,78.33333,0.477,8.33333,23.66667,0.35267,16.66667,20.66667,0.82533,8.66667,36.66667,45.33333,22.66667,6.33333,6.33333,20.66667,19.66667,99.66667,0,0.1011,-0.1011,0.31685,0.31903,0.5303,0.46331,0.60182,0.50448,1492.45373,1544.12738,0.58071,0.41929,1.73565,2.42616,1.0,240.0,41.0,85.66667,0.47933,7.33333,23.66667,0.302,9.0,14.66667,0.607,8.66667,29.33333,38.0,23.0,8.33333,5.0,14.33333,15.66667,98.33333,240.0,43.33333,83.0,0.52033,14.0,28.0,0.50433,12.66667,15.33333,0.837,9.33333,32.66667,42.0,29.66667,8.66667,5.0,14.66667,17.33333,113.33333,0,0.18482,-0.18482,0.32571,0.27319,0.60404,0.52268,0.65315,0.55444,1516.29825,1484.57246,0.47086,0.52914,2.14401,1.90575,0.66667,,,,
240.0,43.0,87.66667,0.48733,9.0,26.33333,0.34467,15.0,20.66667,0.726,8.0,42.66667,50.66667,25.33333,7.33333,10.0,14.0,23.0,110.0,240.0,35.66667,90.33333,0.39067,11.0,36.33333,0.299,24.0,31.0,0.77,10.33333,37.66667,48.0,22.33333,7.66667,4.0,13.0,19.33333,106.33333,0,-0.0401,0.0401,0.2424,0.22957,0.45054,0.53933,0.54646,0.59371,1512.00128,1596.35212,0.61316,0.38684,1.64629,2.64091,0.33333,240.0,34.0,82.0,0.412,11.33333,32.0,0.35867,17.0,22.66667,0.75933,11.0,30.66667,41.66667,15.66667,6.66667,2.66667,17.0,25.66667,96.33333,240.0,34.0,74.0,0.458,11.33333,29.33333,0.38633,28.66667,36.66667,0.78267,8.33333,33.33333,41.66667,19.66667,8.33333,4.33333,13.0,23.66667,108.0,0,0.17008,-0.17008,0.27014,0.34581,0.53472,0.48141,0.65726,0.55142,1548.80819,1468.82523,0.40095,0.59905,2.53562,1.68367,1.0,,,,
240.0,45.66667,84.66667,0.53933,11.66667,25.33333,0.464,10.66667,13.33333,0.786,7.0,36.0,43.0,29.66667,7.66667,5.33333,14.0,16.0,113.66667,240.0,38.66667,87.33333,0.444,9.33333,32.0,0.28667,11.66667,15.0,0.76567,10.66667,29.66667,40.33333,24.66667,7.66667,5.0,13.33333,14.33333,98.33333,1,-0.21538,0.21538,0.30262,0.245,0.49787,0.60817,0.54393,0.64876,1481.76073,1502.79955,0.50267,0.49733,1.99453,2.0157,0.0,240.0,42.66667,89.0,0.481,10.0,26.33333,0.38733,14.0,17.0,0.821,11.66667,38.33333,50.0,27.66667,9.0,2.33333,15.33333,20.33333,109.33333,240.0,35.66667,84.0,0.428,9.0,28.66667,0.31567,14.66667,21.0,0.71067,9.0,31.0,40.0,20.66667,10.0,5.33333,13.66667,18.0,95.0,1,-0.20647,0.20647,0.23241,0.39296,0.48215,0.53576,0.53909,0.58904,1507.62926,1514.35968,0.48726,0.51274,2.06291,1.95949,0.33333,,,,
240.0,41.33333,88.33333,0.46833,10.66667,30.0,0.35933,11.66667,16.66667,0.756,10.0,35.33333,45.33333,22.66667,5.33333,4.0,13.66667,21.0,105.0,240.0,40.0,88.33333,0.453,13.0,30.66667,0.424,20.66667,27.66667,0.724,11.0,32.0,43.0,23.33333,7.33333,5.0,9.0,15.66667,113.66667,0,0.11415,-0.11415,0.31194,0.3098,0.52598,0.52945,0.6007,0.57175,1538.44925,1491.41428,0.44198,0.55802,2.29221,1.80585,1.0,240.0,36.66667,88.33333,0.413,7.66667,25.66667,0.298,16.0,21.0,0.776,9.66667,33.66667,43.33333,19.0,9.66667,5.33333,14.33333,18.0,97.0,240.0,43.33333,90.66667,0.47867,8.33333,25.33333,0.31867,13.0,18.33333,0.71267,10.33333,40.33333,50.66667,23.66667,10.33333,6.66667,16.0,20.33333,108.0,0,0.17912,-0.17912,0.30931,0.25687,0.5239,0.45673,0.57041,0.52055,1512.4828,1534.21856,0.55762,0.44238,1.81423,2.30343,0.66667,,,,
240.0,39.66667,93.66667,0.42467,10.0,29.0,0.345,18.66667,26.0,0.69533,13.33333,32.0,45.33333,22.66667,7.33333,4.0,13.66667,21.0,108.0,240.0,44.66667,88.66667,0.504,8.66667,24.33333,0.36267,17.0,22.33333,0.75633,8.66667,38.33333,47.0,23.66667,7.0,7.0,13.33333,21.0,115.0,0,0.09745,-0.09745,0.27526,0.34643,0.5529,0.4774,0.61481,0.54378,1490.90893,1453.66721,0.46327,0.53673,2.16292,1.86578,0.66667,240.0,41.0,84.66667,0.48333,13.0,33.66667,0.377,14.0,19.33333,0.737,9.0,32.0,41.0,27.33333,6.0,3.33333,15.33333,25.33333,109.0,240.0,39.0,83.0,0.471,6.66667,20.66667,0.329,21.33333,29.66667,0.694,9.66667,31.66667,41.33333,22.0,9.66667,3.33333,12.33333,17.66667,106.0,0,-0.04689,0.04689,0.29833,0.28427,0.51092,0.56108,0.59072,0.61341,1496.04319,1498.46658,0.49923,0.50077,2.00737,2.00121,0.33333,,,,
240.0,31.0,84.33333,0.36833,6.66667,22.0,0.31633,19.0,24.0,0.79867,12.33333,38.33333,50.66667,12.66667,5.66667,5.33333,16.33333,20.0,87.66667,240.0,36.0,87.0,0.41367,7.66667,25.33333,0.299,13.33333,18.33333,0.71867,9.33333,35.66667,45.0,22.0,9.66667,7.33333,13.0,23.0,93.0,1,0.08893,-0.08893,0.25735,0.36466,0.45725,0.40791,0.51029,0.48999,1477.58258,1542.08831,0.60247,0.39753,1.67558,2.58222,0.66667,240.0,41.33333,85.0,0.486,10.33333,25.66667,0.404,18.33333,24.66667,0.73967,8.33333,40.0,48.33333,21.66667,7.33333,7.66667,15.0,20.0,111.33333,240.0,38.66667,89.0,0.43767,15.66667,40.0,0.39733,17.33333,25.0,0.689,8.66667,35.0,43.66667,25.66667,6.33333,2.33333,13.0,22.0,110.33333,1,-0.01427,0.01427,0.20594,0.24368,0.52598,0.54737,0.58683,0.61608,1467.92841,1546.35897,0.61197,0.38803,1.65417,2.64544,0.33333,,,,
240.0,35.0,79.0,0.44433,7.66667,21.0,0.36467,14.33333,18.33333,0.775,7.0,26.33333,33.33333,22.33333,7.33333,3.33333,15.0,19.66667,92.0,240.0,42.33333,83.66667,0.50533,14.0,30.66667,0.467,14.33333,18.66667,0.77467,10.66667,31.66667,42.33333,29.0,8.66667,4.0,13.66667,20.0,113.0,0,0.2981,-0.2981,0.45868,0.21644,0.58965,0.49333,0.64402,0.55574,1520.27126,1436.6872,0.40708,0.59292,2.46007,1.68771,1.0,240.0,36.0,86.66667,0.41433,9.33333,28.66667,0.307,19.33333,26.0,0.746,12.66667,31.0,43.66667,20.66667,8.66667,4.33333,18.0,21.66667,100.66667,240.0,39.0,78.66667,0.49433,8.0,23.33333,0.34167,21.66667,26.66667,0.82233,7.0,35.0,42.0,21.0,8.66667,6.33333,19.0,24.0,107.66667,0,0.09978,-0.09978,0.27094,0.3585,0.54564,0.46828,0.63657,0.54466,1518.80831,1455.86361,0.42698,0.57302,2.35758,1.75228,0.66667,,,,
240.0,34.66667,81.66667,0.425,8.33333,25.33333,0.32833,14.66667,20.66667,0.715,11.0,33.0,44.0,20.66667,7.0,5.0,13.0,16.0,92.33333,240.0,38.0,85.33333,0.444,10.0,27.66667,0.383,13.0,16.66667,0.778,10.33333,34.66667,45.0,23.0,8.66667,4.66667,11.33333,20.33333,99.0,0,0.09888,-0.09888,0.33589,0.3232,0.50297,0.47527,0.55563,0.5359,1489.31998,1515.67141,0.54952,0.45048,1.8383,2.25202,0.66667,240.0,41.0,84.0,0.493,14.66667,35.0,0.419,15.66667,18.33333,0.86933,8.33333,29.33333,37.66667,24.66667,12.0,3.0,17.0,21.0,112.33333,240.0,42.66667,82.0,0.52167,10.0,28.33333,0.348,16.66667,21.0,0.80933,8.0,31.66667,39.66667,29.33333,10.33333,3.66667,17.33333,18.66667,112.0,0,-0.0009,0.0009,0.27254,0.26986,0.58334,0.5812,0.64816,0.64407,1489.06103,1509.02491,0.5294,0.4706,1.93695,2.18339,0.66667,,,,
240.0,36.33333,85.0,0.43,9.0,24.0,0.376,20.33333,31.33333,0.64467,9.0,39.0,48.0,21.33333,4.0,4.0,11.66667,17.66667,102.0,240.0,38.33333,86.0,0.44367,13.0,34.66667,0.37433,14.66667,17.66667,0.832,5.33333,37.66667,43.0,22.0,6.33333,4.66667,12.0,24.33333,104.33333,0,0.03301,-0.03301,0.13604,0.23114,0.51892,0.48225,0.57913,0.55731,1501.00566,1493.50978,0.48975,0.51025,2.09415,1.99895,1.0,240.0,36.0,84.66667,0.429,11.0,24.33333,0.463,14.66667,21.0,0.711,8.66667,32.66667,41.33333,22.66667,6.33333,3.66667,12.0,14.66667,97.66667,240.0,43.0,88.66667,0.489,11.66667,35.66667,0.32767,12.0,16.0,0.773,8.0,37.33333,45.33333,25.33333,6.66667,7.33333,10.33333,20.66667,109.66667,0,0.17777,-0.17777,0.23728,0.23329,0.5542,0.49421,0.59811,0.54967,1542.06763,1508.79549,0.46858,0.53142,2.13633,1.88336,1.0,,,,
240.0,35.33333,81.33333,0.43367,10.33333,20.33333,0.51033,19.0,25.0,0.734,10.0,33.0,43.0,16.0,7.33333,2.66667,14.33333,19.0,100.0,240.0,36.33333,82.66667,0.439,9.33333,31.0,0.299,14.33333,20.0,0.72867,10.66667,31.33333,42.0,17.33333,6.0,6.0,12.33333,21.0,96.33333,1,-0.05124,0.05124,0.32841,0.3301,0.49578,0.49697,0.55384,0.57558,1519.75013,1533.81349,0.51289,0.48711,1.96484,2.07271,0.33333,240.0,32.66667,78.33333,0.41967,10.66667,28.33333,0.367,20.0,27.0,0.774,11.0,32.33333,43.33333,21.66667,6.33333,4.33333,17.0,22.33333,96.0,240.0,37.66667,81.66667,0.46233,8.66667,22.33333,0.39,18.33333,23.66667,0.772,10.0,30.33333,40.33333,21.0,9.0,8.33333,12.0,21.66667,102.33333,1,0.09241,-0.09241,0.32089,0.36046,0.5155,0.48662,0.58981,0.57136,1489.35256,1505.80509,0.5305,0.4695,1.89138,2.1384,1.0,,,,
240.0,40.66667,81.33333,0.50367,13.0,34.0,0.37967,15.33333,19.33333,0.789,8.33333,32.0,40.33333,21.66667,8.66667,6.66667,18.0,21.0,109.66667,240.0,42.33333,89.0,0.475,9.66667,25.66667,0.37533,16.0,19.33333,0.855,11.0,29.0,40.0,26.33333,10.33333,4.33333,13.66667,19.33333,110.33333,1,0.01475,-0.01475,0.34721,0.28382,0.52997,0.58417,0.59207,0.64532,1506.30101,1547.3272,0.55959,0.44041,1.78717,2.27091,0.66667,240.0,41.0,78.66667,0.52267,14.33333,31.33333,0.457,13.66667,17.66667,0.78033,6.66667,30.66667,37.33333,27.0,5.66667,6.33333,16.66667,18.66667,110.0,240.0,41.33333,86.66667,0.477,10.66667,28.0,0.37967,12.66667,15.66667,0.80567,9.33333,27.66667,37.0,26.66667,8.0,1.66667,12.33333,18.33333,106.0,1,-0.05531,0.05531,0.30492,0.23925,0.53821,0.61352,0.58938,0.6671,1442.43317,1526.05013,0.61529,0.38471,1.63099,2.62375,0.33333,,,,
240.0,40.0,86.0,0.46433,11.0,32.66667,0.33867,13.0,16.33333,0.84167,6.0,34.0,40.0,24.33333,6.66667,3.66667,13.33333,21.66667,104.0,240.0,40.66667,87.33333,0.46567,10.0,24.33333,0.405,19.66667,24.66667,0.789,10.66667,33.66667,44.33333,26.0,6.66667,3.33333,11.66667,16.0,111.0,0,0.09461,-0.09461,0.31716,0.18327,0.52281,0.52889,0.59722,0.5799,1543.66432,1501.11417,0.44836,0.55164,2.24952,1.82283,1.0,240.0,32.0,77.0,0.418,8.66667,26.0,0.33433,17.0,25.0,0.69267,6.66667,36.66667,43.33333,20.0,7.33333,8.33333,15.33333,21.66667,89.66667,240.0,30.33333,83.33333,0.36267,8.66667,29.66667,0.298,23.0,27.33333,0.83233,10.33333,38.66667,49.0,18.0,7.66667,4.0,14.0,19.66667,92.33333,0,0.04277,-0.04277,0.3,0.1747,0.41463,0.47488,0.51677,0.5479,1568.10391,1533.40908,0.45085,0.54915,2.25794,1.84566,1.0,,,,
240.0,37.33333,85.33333,0.439,10.0,32.0,0.31133,19.0,26.66667,0.69867,9.66667,36.0,45.66667,20.0,8.66667,4.66667,17.33333,17.0,103.66667,240.0,41.66667,91.0,0.45867,9.33333,28.66667,0.33067,15.0,18.66667,0.80267,11.0,36.33333,47.33333,20.66667,10.66667,5.33333,15.0,22.33333,107.66667,0,0.0512,-0.0512,0.31122,0.26836,0.51057,0.49662,0.56754,0.57044,1505.4864,1468.22913,0.453,0.547,2.21547,1.83246,0.66667,248.33333,44.66667,90.66667,0.49667,11.33333,30.0,0.38633,15.66667,21.33333,0.74733,10.66667,34.33333,45.0,27.33333,5.66667,8.0,16.0,25.66667,116.33333,248.33333,41.66667,89.33333,0.46833,10.0,29.0,0.37033,25.66667,30.0,0.858,11.66667,34.0,45.66667,23.0,7.33333,4.66667,13.33333,21.66667,119.0,0,0.03232,-0.03232,0.35786,0.31412,0.52408,0.56014,0.62242,0.61537,1465.07926,1483.13076,0.52584,0.47416,1.90909,2.11916,0.66667,,,,
240.0,38.33333,84.0,0.45633,10.33333,26.66667,0.38467,19.66667,28.0,0.72167,9.66667,33.33333,43.0,21.0,5.33333,3.66667,13.0,19.33333,106.66667,240.0,40.66667,83.33333,0.491,12.66667,30.0,0.42333,16.33333,19.66667,0.84167,6.33333,33.33333,39.66667,23.33333,6.66667,4.0,13.33333,22.66667,110.33333,0,0.049,-0.049,0.19799,0.3075,0.56687,0.5164,0.63301,0.591,1503.54555,1486.81455,0.47647,0.52353,2.1474,1.94576,1.0,248.33333,45.0,89.0,0.51067,12.33333,34.0,0.36567,11.33333,15.33333,0.74133,9.66667,34.66667,44.33333,28.0,6.0,6.66667,16.66667,26.0,113.66667,248.33333,42.0,84.66667,0.497,11.33333,28.33333,0.415,25.0,31.33333,0.78833,8.0,33.0,41.0,21.0,8.0,3.33333,12.33333,18.33333,120.33333,0,0.08283,-0.08283,0.24556,0.29149,0.56414,0.58155,0.6583,0.62171,1475.63611,1485.96741,0.52155,0.47845,1.92768,2.1033,1.0,,,,
240.0,35.0,77.66667,0.45233,9.66667,20.66667,0.476,17.66667,23.0,0.73733,9.0,34.0,43.0,17.33333,5.66667,2.0,14.0,16.33333,97.33333,240.0,35.66667,82.33333,0.43233,9.0,30.33333,0.29033,13.33333,17.33333,0.76433,9.66667,31.33333,41.0,17.33333,7.0,5.66667,11.0,19.33333,93.66667,0,-0.05571,0.05571,0.29532,0.29306,0.48731,0.51448,0.54399,0.58981,1502.64177,1545.05085,0.55506,0.44494,1.81517,2.27109,0.33333,240.0,37.33333,89.33333,0.417,9.0,31.33333,0.28,17.66667,21.66667,0.81,11.0,33.33333,44.33333,18.66667,7.33333,5.33333,12.33333,22.33333,101.33333,240.0,39.0,86.0,0.454,9.33333,26.0,0.359,21.66667,28.66667,0.755,9.0,38.33333,47.33333,21.0,6.33333,7.0,12.66667,17.66667,109.0,0,0.11189,-0.11189,0.27921,0.29983,0.50816,0.46692,0.59077,0.53675,1495.00008,1489.75528,0.51169,0.48831,1.96234,2.05666,0.66667,,,,
240.0,36.0,87.33333,0.40933,9.66667,29.33333,0.32433,11.0,15.66667,0.686,7.66667,30.0,37.66667,19.33333,7.0,2.33333,12.33333,21.0,92.66667,240.0,40.66667,82.0,0.489,11.0,28.0,0.39767,20.33333,25.0,0.80167,9.33333,37.33333,46.66667,26.66667,5.66667,4.0,12.66667,17.0,112.66667,0,0.27547,-0.27547,0.31624,0.20291,0.55583,0.46508,0.64244,0.51027,1503.9269,1441.9581,0.43325,0.56675,2.36062,1.78848,1.0,240.0,42.0,91.0,0.461,11.0,31.66667,0.348,20.33333,28.0,0.72333,11.33333,36.33333,47.66667,24.33333,8.33333,9.33333,16.33333,18.66667,115.33333,240.0,46.66667,100.0,0.47,7.33333,28.0,0.25533,15.66667,22.33333,0.68167,14.66667,36.0,50.66667,26.66667,8.33333,7.0,14.33333,23.33333,116.33333,0,0.01088,-0.01088,0.39683,0.32291,0.50735,0.52138,0.55813,0.59481,1474.88166,1478.34105,0.51456,0.48544,1.97095,2.08988,0.33333,,,,
240.0,35.66667,85.33333,0.422,7.66667,20.66667,0.40467,14.33333,19.66667,0.72933,10.33333,23.33333,33.66667,19.66667,9.33333,4.0,12.0,19.33333,93.33333,240.0,42.66667,76.33333,0.55867,14.0,30.0,0.46933,12.0,17.0,0.70033,7.66667,36.66667,44.33333,30.0,8.0,6.66667,16.33333,20.0,111.33333,1,0.26083,-0.26083,0.3484,0.29606,0.64949,0.46731,0.69495,0.52491,1531.95706,1401.85993,0.343,0.657,3.13844,1.55774,0.66667,240.0,38.0,81.0,0.46967,11.33333,27.66667,0.41633,20.66667,26.66667,0.77667,6.33333,41.66667,48.0,21.0,5.33333,3.66667,13.0,13.66667,108.0,240.0,39.33333,91.33333,0.43033,15.66667,35.66667,0.44133,10.66667,13.0,0.812,6.66667,34.33333,41.0,26.0,10.0,3.66667,11.0,20.33333,105.0,1,-0.04672,0.04672,0.15725,0.19751,0.51623,0.54008,0.55746,0.6225,1420.48292,1461.00169,0.55507,0.44493,1.81095,2.26508,0.33333,,,,
240.0,37.33333,88.0,0.424,13.66667,38.0,0.36167,21.66667,25.66667,0.849,13.33333,37.33333,50.66667,21.33333,8.0,4.66667,16.66667,21.0,110.0,240.0,39.33333,88.66667,0.44433,8.0,28.33333,0.28167,17.33333,23.66667,0.738,10.0,34.0,44.0,20.33333,9.0,3.66667,13.33333,22.0,104.0,1,-0.08008,0.08008,0.27341,0.39226,0.48905,0.50178,0.55422,0.58809,1480.73267,1467.35273,0.47401,0.52599,2.11785,1.90736,0.0,240.0,40.33333,89.0,0.453,9.33333,28.33333,0.32533,11.33333,15.0,0.75167,8.33333,32.33333,40.66667,25.0,9.0,5.0,13.0,22.33333,101.33333,240.0,41.33333,86.33333,0.47967,12.66667,28.33333,0.448,17.0,24.0,0.706,13.0,38.66667,51.66667,24.0,4.0,5.0,15.0,19.0,112.33333,1,0.14927,-0.14927,0.39668,0.2281,0.55307,0.50549,0.61378,0.54896,1527.5592,1476.59331,0.4471,0.5529,2.25384,1.81764,1.0,,,,
240.0,39.66667,89.66667,0.44233,10.33333,31.66667,0.32833,12.66667,18.0,0.69267,8.66667,36.0,44.66667,22.33333,8.0,4.66667,13.0,19.0,102.33333,240.0,35.0,76.0,0.46133,10.66667,28.66667,0.37,21.0,26.33333,0.82267,4.0,38.66667,42.66667,22.33333,7.33333,5.0,15.66667,22.33333,101.66667,0,-0.00936,0.00936,0.1127,0.23868,0.5325,0.49983,0.62296,0.54633,1517.69189,1447.77162,0.39776,0.60224,2.52183,1.66263,0.33333,240.0,38.66667,86.66667,0.446,7.66667,25.33333,0.30633,8.33333,14.0,0.55233,9.0,26.66667,35.66667,22.33333,7.66667,4.66667,12.0,17.33333,93.33333,240.0,41.66667,83.66667,0.497,14.0,31.0,0.46333,13.66667,16.66667,0.86633,11.33333,35.33333,46.66667,28.33333,6.0,6.0,14.66667,17.0,111.0,0,0.2395,-0.2395,0.41972,0.26066,0.58132,0.49037,0.636,0.5194,1521.78351,1480.86952,0.45973,0.54027,2.21749,1.88157,1.0,,,,
240.0,38.0,86.33333,0.44667,6.33333,21.33333,0.30267,24.33333,30.33333,0.801,11.0,31.66667,42.66667,19.66667,12.0,3.0,13.0,16.0,106.66667,240.0,43.66667,85.0,0.51333,13.0,34.0,0.384,13.33333,17.66667,0.78467,6.0,34.66667,40.66667,27.0,7.33333,7.66667,17.33333,23.66667,113.66667,1,0.08513,-0.08513,0.19077,0.30629,0.58992,0.48628,0.63864,0.58344,1497.99418,1481.82708,0.48502,0.51498,2.10322,1.97567,0.66667,240.0,35.33333,83.0,0.42633,8.33333,28.66667,0.28633,23.33333,29.33333,0.792,9.0,42.0,51.0,19.66667,8.66667,4.66667,13.66667,18.66667,102.33333,240.0,35.33333,87.0,0.40567,9.66667,34.0,0.28433,16.0,20.33333,0.78933,7.66667,35.33333,43.0,19.33333,6.0,4.66667,13.33333,24.33333,96.33333,1,-0.08695,0.08695,0.18068,0.25615,0.46163,0.477,0.52666,0.5731,1448.13181,1493.21632,0.55831,0.44169,1.80048,2.28388,0.0,,,,
248.33333,41.0,85.33333,0.48167,12.0,32.33333,0.36967,16.33333,23.0,0.71167,6.66667,37.66667,44.33333,25.66667,7.33333,4.33333,12.66667,15.66667,110.33333,248.33333,41.33333,96.66667,0.42867,12.0,36.0,0.33933,13.33333,17.66667,0.75967,12.33333,36.66667,49.0,23.0,7.33333,4.33333,13.0,21.33333,108.0,0,-0.03601,0.03601,0.3261,0.19699,0.49047,0.55203,0.5374,0.6113,1499.28691,1490.66381,0.48436,0.51564,2.06898,1.94312,0.33333,240.0,39.0,88.66667,0.44,11.0,32.0,0.34533,12.66667,18.66667,0.65767,11.33333,31.0,42.33333,20.66667,11.33333,6.0,17.66667,19.33333,101.66667,240.0,42.66667,87.33333,0.48833,10.0,30.0,0.33733,17.66667,23.0,0.767,12.0,35.33333,47.33333,27.33333,10.66667,6.66667,16.33333,17.33333,113.0,0,0.14969,-0.14969,0.41117,0.3358,0.54583,0.50219,0.61157,0.54814,1510.65497,1508.07304,0.51845,0.48155,1.94187,2.09152,1.0,,,,
240.0,36.0,87.0,0.414,12.33333,31.66667,0.383,14.0,17.66667,0.79,13.0,28.66667,41.66667,22.66667,7.0,4.33333,15.33333,19.66667,98.33333,240.0,39.0,81.66667,0.47933,9.33333,24.0,0.37567,13.66667,19.66667,0.69467,10.0,34.0,44.0,23.0,8.33333,8.33333,15.0,17.33333,101.0,1,0.03772,-0.03772,0.34329,0.38816,0.53527,0.48462,0.58798,0.54157,1497.89301,1527.99313,0.54688,0.45312,1.82961,2.20866,0.66667,240.0,32.0,80.66667,0.395,10.66667,32.33333,0.333,15.0,18.66667,0.80367,8.0,31.33333,39.33333,18.66667,9.0,4.66667,18.33333,22.33333,89.66667,240.0,34.33333,78.0,0.439,10.33333,29.0,0.352,25.0,32.0,0.77167,9.0,36.0,45.0,17.33333,10.66667,3.66667,14.66667,21.0,104.0,1,0.21496,-0.21496,0.28333,0.22496,0.50694,0.46117,0.61489,0.52787,1556.71624,1489.28612,0.43206,0.56794,2.42102,1.82175,1.0,,,,
240.0,35.66667,91.0,0.39033,9.33333,31.0,0.29233,12.33333,16.66667,0.727,11.66667,36.33333,48.0,19.0,4.0,2.0,13.66667,20.33333,93.0,240.0,40.33333,88.33333,0.457,11.33333,34.0,0.328,16.66667,22.0,0.763,9.66667,39.0,48.66667,26.0,7.33333,5.0,10.33333,15.66667,108.66667,0,0.23243,-0.23243,0.26447,0.29659,0.52123,0.44019,0.58375,0.4906,1469.38695,1431.29156,0.46458,0.53542,2.1653,1.87688,1.0,240.0,39.66667,91.33333,0.43367,9.0,28.0,0.31667,16.66667,21.66667,0.77667,8.66667,29.33333,38.0,25.66667,11.66667,1.66667,14.33333,17.0,105.0,240.0,46.66667,85.0,0.55,12.33333,28.66667,0.428,17.66667,20.0,0.87167,6.33333,38.33333,44.66667,34.33333,9.66667,8.33333,19.0,22.33333,123.33333,0,0.22967,-0.22967,0.21362,0.23033,0.62304,0.48314,0.69101,0.5462,1585.86237,1495.78279,0.4006,0.5994,2.49645,1.66838,1.0,,,,
240.0,42.33333,89.0,0.47567,17.33333,48.66667,0.35567,16.66667,20.66667,0.807,9.33333,36.33333,45.66667,24.33333,10.0,4.33333,13.0,18.66667,118.66667,240.0,38.33333,84.66667,0.45333,9.0,27.0,0.335,13.0,17.33333,0.766,6.0,35.33333,41.33333,19.0,7.0,5.33333,16.66667,16.33333,98.66667,1,-0.26736,0.26736,0.16474,0.26471,0.50705,0.57308,0.55882,0.6343,1478.97273,1544.89641,0.5622,0.4378,1.78632,2.29926,0.0,240.0,40.33333,90.0,0.45133,10.33333,27.0,0.36267,21.66667,30.33333,0.69633,11.66667,36.33333,48.0,20.66667,8.66667,5.0,15.0,20.33333,112.66667,240.0,42.33333,91.66667,0.464,7.33333,25.33333,0.28733,15.66667,23.0,0.67567,10.0,36.66667,46.66667,16.33333,6.0,6.33333,16.0,23.66667,107.66667,1,-0.06535,0.06535,0.27477,0.31549,0.50467,0.51025,0.55899,0.58574,1437.42849,1494.63169,0.57095,0.42905,1.75422,2.3374,0.33333,,,,
248.33333,37.33333,83.33333,0.44833,12.66667,32.0,0.39267,18.66667,24.33333,0.77067,7.0,36.66667,43.66667,21.33333,9.33333,4.66667,14.33333,21.66667,106.0,248.33333,38.66667,85.0,0.458,8.66667,28.33333,0.31467,15.66667,18.66667,0.84167,7.0,35.66667,42.66667,20.66667,5.66667,2.66667,13.33333,21.0,101.66667,1,-0.0584,0.0584,0.19583,0.2054,0.51011,0.52439,0.57465,0.59813,1455.88087,1574.83851,0.66232,0.33768,1.51029,2.9647,0.33333,240.0,40.66667,88.0,0.46367,13.33333,36.66667,0.362,12.66667,16.0,0.79433,9.33333,34.66667,44.0,20.33333,9.33333,5.66667,14.0,19.33333,107.33333,240.0,38.0,85.0,0.44733,11.33333,25.33333,0.441,15.66667,23.0,0.67567,10.0,34.33333,44.33333,19.66667,6.33333,5.0,13.0,15.33333,103.0,1,-0.05805,0.05805,0.29372,0.2698,0.51351,0.53874,0.5717,0.58735,1500.93113,1549.22796,0.56063,0.43937,1.78417,2.27693,0.66667,,,,
240.0,36.33333,81.33333,0.44767,11.66667,28.0,0.40467,13.0,21.66667,0.60333,7.0,37.33333,44.33333,21.66667,7.0,6.33333,18.0,20.33333,97.33333,240.0,39.66667,88.33333,0.45133,7.66667,23.33333,0.33533,14.33333,20.0,0.69633,10.0,36.66667,46.66667,19.0,8.66667,4.0,14.66667,21.33333,101.33333,0,0.0553,-0.0553,0.27738,0.18979,0.49505,0.51854,0.5498,0.56741,1441.00702,1475.15023,0.55729,0.44271,1.81597,2.30533,0.66667,240.0,38.33333,81.66667,0.47,11.33333,33.0,0.34233,20.66667,26.0,0.806,9.66667,32.66667,42.33333,23.66667,9.66667,5.0,15.66667,26.66667,108.66667,240.0,36.0,84.0,0.42933,8.33333,29.66667,0.273,23.0,31.0,0.74333,14.0,28.33333,42.33333,16.66667,8.66667,5.0,14.33333,23.33333,103.33333,0,-0.07197,0.07197,0.46206,0.34464,0.47888,0.53878,0.56936,0.622,1526.58083,1503.7843,0.46382,0.53618,2.15932,1.86713,0.0,,,,
240.0,37.0,76.0,0.487,8.66667,23.33333,0.366,14.33333,18.33333,0.77433,5.33333,28.33333,33.66667,24.0,8.0,3.0,17.0,22.0,97.0,240.0,39.0,81.33333,0.48,12.33333,33.0,0.394,18.0,26.33333,0.68233,12.0,32.0,44.0,21.66667,9.66667,4.33333,15.0,18.66667,108.33333,0,0.1604,-0.1604,0.46679,0.17875,0.55548,0.54433,0.62161,0.60618,1519.18071,1508.45006,0.50202,0.49798,2.0005,2.01724,1.0,240.0,39.0,86.33333,0.45167,10.33333,28.33333,0.36533,9.66667,15.33333,0.58267,8.66667,31.0,39.66667,23.33333,7.0,3.33333,11.33333,18.66667,98.0,240.0,39.0,82.66667,0.47167,11.33333,30.0,0.38,15.66667,18.33333,0.897,10.0,36.33333,46.33333,26.33333,6.66667,5.66667,13.66667,17.0,105.0,0,0.1028,-0.1028,0.34081,0.24855,0.54115,0.51194,0.60685,0.54593,1522.28228,1485.90488,0.45685,0.54315,2.23361,1.87294,1.0,,,,
240.0,34.33333,83.33333,0.411,11.0,32.33333,0.34567,13.0,17.33333,0.75,8.0,38.33333,46.33333,18.66667,7.66667,6.0,14.33333,20.33333,92.66667,240.0,33.0,81.66667,0.40067,9.66667,28.0,0.34133,15.66667,19.33333,0.813,7.33333,39.33333,46.66667,18.0,5.33333,5.33333,14.0,18.0,91.33333,1,-0.03679,0.03679,0.20266,0.20455,0.45844,0.47666,0.52825,0.5309,1519.53448,1488.30224,0.45108,0.54892,2.22744,1.82768,0.33333,240.0,39.33333,84.33333,0.46433,9.0,28.66667,0.312,13.66667,19.0,0.73433,10.33333,31.66667,42.0,24.33333,6.0,3.33333,16.33333,23.33333,101.33333,240.0,39.66667,84.0,0.47367,7.33333,21.0,0.35833,19.66667,26.33333,0.71833,9.0,31.33333,40.33333,24.0,9.66667,3.66667,11.0,17.66667,106.33333,1,0.07202,-0.07202,0.2816,0.33194,0.51687,0.51718,0.59097,0.57006,1498.46896,1510.02778,0.52791,0.47209,1.89857,2.12421,0.66667,,,,
248.33333,38.66667,84.0,0.46033,12.66667,32.33333,0.38833,19.66667,24.33333,0.80767,7.66667,40.0,47.66667,20.0,8.33333,4.33333,15.33333,20.0,109.66667,248.33333,38.33333,87.33333,0.441,10.0,30.66667,0.329,14.33333,18.66667,0.75833,7.66667,33.33333,41.0,22.66667,6.0,2.33333,12.66667,21.66667,101.0,0,-0.1189,0.1189,0.19306,0.23673,0.49916,0.53625,0.55532,0.61412,1451.94106,1573.9077,0.66009,0.33991,1.51564,2.94703,0.0,240.0,39.66667,84.0,0.47133,9.0,23.33333,0.40067,16.0,19.33333,0.814,9.0,36.33333,45.33333,20.66667,8.0,5.0,12.0,17.33333,104.33333,240.0,33.66667,81.33333,0.414,12.66667,32.66667,0.39033,15.0,17.33333,0.86467,8.33333,33.33333,41.66667,19.0,6.33333,1.66667,14.0,16.66667,95.0,0,-0.12606,0.12606,0.26022,0.29407,0.49184,0.52549,0.55799,0.59371,1481.69543,1504.89926,0.51955,0.48045,1.93962,2.10069,0.33333,,,,
248.33333,37.0,86.66667,0.424,6.33333,24.0,0.26467,15.0,25.33333,0.575,10.66667,31.66667,42.33333,19.66667,11.33333,6.0,13.0,22.66667,95.33333,248.33333,36.33333,84.0,0.43467,11.66667,29.66667,0.376,17.33333,21.0,0.84633,12.66667,38.0,50.66667,21.66667,7.33333,5.66667,21.0,22.33333,101.66667,0,0.10009,-0.10009,0.41398,0.28537,0.506,0.46064,0.57621,0.51446,1462.84645,1475.51283,0.5281,0.4719,1.91783,2.14976,0.33333,240.0,33.66667,75.0,0.45133,7.33333,21.33333,0.34733,23.66667,29.33333,0.81867,7.66667,33.66667,41.33333,16.66667,6.33333,3.33333,16.0,18.66667,98.33333,240.0,39.33333,85.0,0.46233,13.0,34.66667,0.37633,15.66667,18.33333,0.86367,9.33333,30.66667,40.0,21.66667,10.0,4.0,12.66667,22.33333,107.33333,0,0.13698,-0.13698,0.28141,0.2487,0.53913,0.50066,0.60224,0.60546,1483.48669,1457.65944,0.4716,0.5284,2.12383,1.8948,0.66667,,,,
240.0,40.66667,84.66667,0.48233,7.33333,23.33333,0.29867,12.33333,16.33333,0.76067,8.66667,31.66667,40.33333,28.33333,3.0,4.66667,18.33333,18.0,101.0,240.0,44.66667,93.0,0.482,14.0,34.66667,0.40833,12.66667,16.33333,0.77433,9.66667,32.33333,42.0,29.33333,9.66667,4.33333,10.66667,17.0,116.0,0,0.20035,-0.20035,0.30288,0.25747,0.55705,0.52664,0.60213,0.57545,1518.70706,1497.95529,0.49907,0.50093,2.07893,2.06823,1.0,240.0,41.66667,84.33333,0.495,10.0,28.0,0.35367,14.66667,18.0,0.822,8.66667,40.0,48.66667,25.33333,5.0,5.33333,11.33333,13.33333,108.0,240.0,38.0,88.66667,0.42867,12.66667,36.66667,0.342,10.0,13.66667,0.72333,9.0,31.66667,40.66667,26.0,7.66667,4.66667,9.33333,17.33333,98.66667,0,-0.13234,0.13234,0.22567,0.27481,0.49925,0.55449,0.53821,0.613,1406.58116,1443.77427,0.54186,0.45814,1.88428,2.26223,0.0,,,,
240.0,40.33333,85.66667,0.47167,11.33333,30.33333,0.37733,19.66667,27.0,0.75433,6.33333,32.0,38.33333,26.33333,8.33333,4.33333,13.66667,19.0,111.66667,240.0,44.66667,89.66667,0.499,8.33333,25.33333,0.32333,18.0,22.66667,0.80433,12.33333,34.33333,46.66667,25.66667,7.0,4.66667,14.33333,22.0,115.66667,0,0.05639,-0.05639,0.3919,0.19049,0.54595,0.53847,0.61208,0.6096,1517.45895,1518.24108,0.51076,0.48924,2.01872,2.10431,0.66667,240.0,34.66667,82.66667,0.42167,9.33333,29.66667,0.32167,15.0,19.66667,0.762,9.33333,30.0,39.33333,18.66667,8.0,5.33333,14.66667,16.66667,93.66667,240.0,38.0,83.0,0.462,7.0,21.0,0.33233,14.66667,16.33333,0.88567,10.0,35.33333,45.33333,16.66667,8.33333,3.33333,15.66667,17.66667,97.66667,0,0.06624,-0.06624,0.33615,0.26039,0.50438,0.47754,0.56965,0.54147,1532.62966,1501.00799,0.46894,0.53106,2.14656,1.89172,0.33333,,,,
240.0,35.33333,86.0,0.40933,11.0,31.0,0.35867,14.66667,20.0,0.735,10.0,30.0,40.0,23.33333,11.0,2.0,13.0,20.66667,96.33333,240.0,37.33333,77.33333,0.48267,12.0,31.66667,0.36967,18.33333,23.66667,0.76467,9.0,36.33333,45.33333,24.66667,8.33333,5.0,16.33333,19.33333,105.0,0,0.13124,-0.13124,0.30415,0.28304,0.56068,0.47376,0.63554,0.531,1488.0044,1550.38868,0.61016,0.38984,1.64905,2.60473,1.0,240.0,42.0,89.0,0.47367,9.0,22.0,0.40967,16.66667,20.0,0.83533,11.33333,36.66667,48.0,27.33333,11.33333,3.33333,15.0,21.66667,109.66667,240.0,36.33333,81.66667,0.446,11.33333,31.66667,0.36067,14.0,22.66667,0.61733,9.33333,32.33333,41.66667,22.33333,10.66667,6.33333,16.66667,18.33333,98.0,0,-0.16424,0.16424,0.25,0.37562,0.51497,0.52265,0.56616,0.58694,1500.06446,1498.67745,0.48591,0.51409,2.06773,1.95342,0.33333,,,,
240.0,39.66667,87.66667,0.455,15.0,38.66667,0.39433,17.33333,19.66667,0.88633,12.33333,34.66667,47.0,24.66667,6.66667,4.33333,14.66667,19.66667,111.66667,240.0,37.66667,83.66667,0.45033,9.0,27.0,0.328,14.33333,21.0,0.66333,9.33333,32.0,41.33333,21.0,9.0,3.33333,14.66667,19.66667,98.66667,1,-0.1816,0.1816,0.27031,0.37767,0.50496,0.54139,0.55847,0.6104,1500.36227,1474.40411,0.4427,0.5573,2.26361,1.79675,0.0,240.0,33.0,86.66667,0.381,9.33333,28.33333,0.32567,17.33333,24.66667,0.71833,8.33333,32.66667,41.0,18.0,10.66667,5.0,13.33333,17.66667,92.66667,240.0,43.66667,90.0,0.48533,10.33333,27.0,0.36067,15.0,19.66667,0.76267,10.33333,44.66667,55.0,26.0,10.0,5.66667,16.0,20.33333,112.66667,1,0.28717,-0.28717,0.31805,0.18599,0.5417,0.43518,0.59605,0.50322,1527.19456,1491.04079,0.49039,0.50961,2.06125,1.98251,1.0,,,,
240.0,37.0,89.33333,0.41167,6.33333,18.66667,0.35633,22.33333,30.33333,0.724,12.66667,38.33333,51.0,16.33333,4.66667,9.33333,13.0,18.66667,102.66667,240.0,40.66667,92.0,0.439,9.66667,29.0,0.337,15.0,20.33333,0.73433,9.66667,36.66667,46.33333,23.66667,7.33333,7.66667,11.66667,23.0,106.0,1,0.05839,-0.05839,0.26745,0.36402,0.49156,0.44713,0.5471,0.53241,1496.4369,1539.11483,0.5738,0.4262,1.74488,2.35168,0.33333,240.0,34.0,83.33333,0.40833,12.0,30.33333,0.41067,12.33333,17.66667,0.69833,10.0,29.66667,39.66667,19.66667,8.33333,4.0,16.33333,19.0,92.33333,240.0,39.33333,82.66667,0.477,9.33333,31.0,0.30067,15.66667,18.66667,0.85933,9.33333,36.66667,46.0,23.33333,8.33333,5.0,15.33333,20.0,103.66667,1,0.15834,-0.15834,0.35556,0.27633,0.53313,0.48002,0.59819,0.52935,1539.77303,1447.78034,0.39154,0.60846,2.56416,1.64602,0.66667,,,,
240.0,35.66667,79.66667,0.45067,11.0,30.33333,0.363,13.66667,19.66667,0.694,7.66667,30.0,37.66667,22.66667,8.0,4.33333,16.66667,20.0,96.0,240.0,36.33333,83.66667,0.435,11.33333,29.66667,0.38333,20.0,23.0,0.87333,10.33333,35.0,45.33333,23.33333,9.33333,5.33333,15.0,20.66667,104.0,1,0.13003,-0.13003,0.36267,0.22107,0.50285,0.5203,0.58714,0.57486,1479.07271,1499.99396,0.54659,0.45341,1.83231,2.21038,0.66667,240.0,37.0,81.66667,0.45267,12.33333,28.66667,0.422,13.0,17.0,0.76267,9.66667,32.0,41.66667,19.33333,7.33333,2.66667,15.66667,17.33333,99.33333,240.0,41.33333,85.33333,0.48467,7.33333,18.33333,0.38733,9.0,12.66667,0.733,9.0,31.33333,40.33333,21.33333,10.33333,5.0,14.0,20.33333,99.0,1,-0.00057,0.00057,0.28788,0.31841,0.52736,0.52844,0.56179,0.58098,1398.31583,1512.17683,0.65696,0.34304,1.52384,2.92765,0.66667,,,,
240.0,34.33333,82.0,0.41967,6.33333,24.66667,0.25767,16.0,19.0,0.85933,9.66667,34.0,43.66667,20.0,7.66667,5.33333,14.33333,19.0,91.0,240.0,37.0,83.0,0.44533,8.66667,25.33333,0.362,16.0,19.33333,0.81267,7.66667,34.33333,42.0,22.66667,7.66667,3.33333,12.0,19.0,98.66667,1,0.11531,-0.11531,0.23259,0.29081,0.49794,0.45829,0.56565,0.52878,1478.09675,1517.08095,0.57685,0.42315,1.73659,2.37147,0.66667,248.33333,39.33333,90.66667,0.43133,8.33333,29.66667,0.277,17.33333,22.33333,0.76767,8.66667,33.0,41.66667,18.66667,5.66667,6.0,12.0,24.0,104.33333,248.33333,39.66667,87.66667,0.45267,10.66667,26.66667,0.401,26.33333,32.66667,0.80367,11.0,38.66667,49.66667,21.66667,5.66667,7.0,12.0,18.0,116.33333,1,0.16558,-0.16558,0.34028,0.22645,0.51344,0.47688,0.6127,0.54295,1502.93555,1515.78713,0.5412,0.4588,1.84923,2.18201,1.0,,,,
240.0,43.33333,87.33333,0.49767,8.66667,23.66667,0.376,12.0,14.33333,0.88933,7.66667,34.33333,42.0,25.33333,11.66667,6.0,12.66667,18.66667,107.33333,240.0,37.33333,84.33333,0.44233,14.66667,38.33333,0.381,14.0,19.33333,0.74267,10.33333,34.33333,44.66667,23.33333,7.66667,3.0,17.0,13.66667,103.33333,0,-0.05621,0.05621,0.30379,0.23966,0.52902,0.54748,0.58249,0.59499,1523.1837,1509.35836,0.47473,0.52527,2.1524,1.93176,0.33333,240.0,33.66667,83.66667,0.406,9.66667,20.33333,0.48133,19.0,24.33333,0.77,9.66667,31.0,40.66667,21.0,6.0,3.0,11.66667,13.66667,96.0,240.0,45.33333,88.66667,0.513,11.0,32.33333,0.34667,9.33333,12.0,0.78333,8.33333,34.0,42.33333,24.33333,6.0,6.66667,9.33333,20.33333,111.0,0,0.2141,-0.2141,0.26568,0.28153,0.57461,0.46403,0.60993,0.54214,1558.71418,1507.59658,0.44909,0.55091,2.24173,1.82297,1.0,,,,
240.0,38.66667,87.33333,0.44233,11.66667,29.33333,0.39833,17.0,20.33333,0.849,10.33333,32.0,42.33333,23.33333,10.66667,4.66667,13.33333,19.0,106.0,240.0,39.33333,83.33333,0.471,9.66667,27.0,0.334,15.0,21.66667,0.69467,8.0,37.66667,45.66667,20.0,9.66667,4.66667,15.66667,19.66667,103.33333,1,-0.03334,0.03334,0.24875,0.28822,0.52879,0.50884,0.58559,0.57665,1491.78853,1476.80715,0.48402,0.51598,2.07473,1.94516,0.66667,240.0,39.66667,84.0,0.47267,10.66667,32.66667,0.325,19.33333,26.0,0.75067,10.66667,33.0,43.66667,24.33333,10.33333,4.33333,17.33333,27.0,109.33333,240.0,37.0,84.66667,0.43733,10.33333,30.33333,0.34067,24.33333,30.66667,0.79633,12.33333,30.33333,42.66667,17.0,8.66667,3.66667,15.66667,23.33333,108.66667,1,-0.01159,0.01159,0.40292,0.35515,0.49863,0.53558,0.59472,0.61012,1515.72049,1488.04475,0.4603,0.5397,2.1749,1.85428,0.33333,,,,
240.0,41.66667,87.0,0.48133,14.66667,36.0,0.41067,16.66667,19.0,0.88033,11.33333,35.0,46.33333,26.0,6.66667,3.0,11.66667,19.66667,114.66667,240.0,37.0,86.33333,0.43133,7.33333,28.0,0.257,14.0,20.33333,0.67233,12.33333,30.33333,42.66667,19.66667,6.66667,3.0,13.0,18.66667,95.33333,1,-0.27165,0.27165,0.35238,0.36632,0.47608,0.56649,0.52822,0.63203,1505.97951,1489.49627,0.44005,0.55995,2.27749,1.7884,0.0,240.0,43.33333,79.33333,0.54667,13.33333,30.66667,0.43533,10.66667,14.0,0.773,7.33333,31.66667,39.0,30.33333,6.0,5.33333,17.0,18.66667,110.66667,240.0,37.66667,85.66667,0.43467,9.66667,29.0,0.32867,14.0,16.66667,0.829,9.66667,26.33333,36.0,24.66667,8.66667,1.66667,14.0,17.0,99.0,1,-0.17863,0.17863,0.30909,0.28247,0.48975,0.63079,0.55151,0.67201,1437.84627,1521.841,0.61107,0.38893,1.64081,2.58804,0.33333,,,,
240.0,39.0,83.0,0.47,13.0,32.33333,0.39767,18.66667,23.0,0.811,8.33333,35.66667,44.0,21.33333,6.66667,4.0,14.0,19.0,109.66667,240.0,38.33333,82.33333,0.466,12.0,28.33333,0.425,14.0,18.66667,0.74167,6.66667,31.33333,38.0,24.66667,6.33333,2.66667,13.66667,21.66667,102.66667,1,-0.09588,0.09588,0.18512,0.26695,0.53884,0.54896,0.59482,0.62336,1454.84123,1568.59359,0.65148,0.34852,1.53523,2.87095,0.0,240.0,34.0,79.0,0.42833,8.33333,27.0,0.30133,19.33333,27.0,0.732,9.0,35.33333,44.33333,19.33333,8.0,4.0,11.33333,19.66667,95.66667,240.0,34.33333,82.0,0.42,12.33333,36.66667,0.335,15.33333,18.0,0.85233,7.66667,35.66667,43.33333,21.0,5.66667,3.0,14.0,23.0,96.33333,1,0.01568,-0.01568,0.21961,0.2619,0.49634,0.48053,0.5625,0.56097,1439.47142,1502.01742,0.59093,0.40907,1.6934,2.44809,0.33333,,,,
240.0,39.0,86.66667,0.451,12.0,31.66667,0.374,9.66667,13.0,0.75933,10.0,31.0,41.0,22.33333,6.66667,5.0,16.66667,18.66667,99.66667,240.0,40.33333,88.33333,0.46,9.33333,27.33333,0.33767,10.66667,15.66667,0.69467,10.66667,34.0,44.66667,22.33333,9.33333,5.0,14.66667,15.0,100.66667,1,0.01301,-0.01301,0.33615,0.29441,0.51224,0.5201,0.55146,0.55767,1523.3687,1520.88762,0.50032,0.49968,2.02966,2.02813,0.33333,240.0,35.33333,82.0,0.43267,9.66667,26.66667,0.36833,14.66667,20.33333,0.71133,9.66667,35.0,44.66667,20.33333,7.66667,7.33333,14.66667,20.0,95.0,240.0,34.33333,85.66667,0.39767,11.33333,33.33333,0.33633,21.66667,27.33333,0.779,11.66667,36.33333,48.0,22.0,7.66667,5.66667,12.33333,17.66667,101.66667,1,0.09185,-0.09185,0.34881,0.27798,0.46271,0.49286,0.55297,0.55481,1571.7568,1530.66687,0.44728,0.55272,2.28231,1.8363,1.0,,,,
240.0,38.66667,82.66667,0.46967,11.0,32.66667,0.33267,17.0,24.66667,0.67033,9.66667,34.33333,44.0,21.33333,6.33333,3.33333,15.33333,18.66667,105.33333,240.0,41.33333,87.33333,0.47567,11.0,28.66667,0.37967,16.33333,21.0,0.78733,9.33333,33.33333,42.66667,19.0,8.0,3.0,12.0,21.66667,110.0,1,0.05777,-0.05777,0.27351,0.29014,0.53999,0.53534,0.60143,0.60067,1502.71173,1465.74612,0.45712,0.54288,2.19662,1.847,0.66667,240.0,35.66667,84.0,0.42533,11.0,28.66667,0.38,17.66667,23.0,0.72833,9.33333,39.0,48.33333,18.33333,6.0,6.66667,13.0,20.33333,100.0,240.0,33.66667,84.33333,0.40033,7.33333,28.66667,0.25567,15.0,18.66667,0.81633,8.66667,36.33333,45.0,22.0,6.33333,7.33333,12.33333,23.0,89.66667,1,-0.15826,0.15826,0.23148,0.28656,0.4438,0.49195,0.50811,0.56443,1499.98422,1523.38842,0.51826,0.48174,1.9665,2.11381,0.0,,,,
240.0,37.0,85.0,0.435,13.0,33.0,0.38767,7.66667,11.33333,0.65667,9.66667,25.66667,35.33333,21.66667,10.66667,3.0,18.33333,18.66667,94.66667,240.0,41.0,80.66667,0.51133,10.0,29.33333,0.33633,13.0,17.0,0.811,10.66667,33.33333,44.0,27.33333,10.33333,6.66667,20.0,17.33333,105.0,1,0.15161,-0.15161,0.41733,0.294,0.57409,0.51127,0.6253,0.54058,1516.66236,1439.57589,0.4075,0.5925,2.45515,1.68817,1.0,240.0,44.33333,88.33333,0.50167,9.33333,21.66667,0.42633,19.33333,27.33333,0.706,9.33333,37.66667,47.0,24.66667,6.33333,11.0,12.66667,20.66667,117.33333,240.0,42.33333,93.0,0.45667,14.33333,36.66667,0.39733,19.0,26.66667,0.71867,10.0,35.0,45.0,25.33333,6.33333,3.33333,11.33333,21.33333,118.0,1,0.01002,-0.01002,0.26226,0.2731,0.53507,0.55585,0.60021,0.6226,1467.40316,1534.28843,0.59861,0.40139,1.68877,2.55183,0.33333,,,,
240.0,34.66667,90.0,0.382,11.33333,33.66667,0.33933,12.0,16.66667,0.71033,11.0,35.33333,46.33333,19.33333,5.33333,2.33333,12.66667,22.33333,92.66667,240.0,35.66667,83.66667,0.42233,9.33333,32.33333,0.28367,22.0,28.0,0.77067,10.66667,39.0,49.66667,23.33333,6.33333,4.0,12.33333,17.0,102.66667,0,0.15254,-0.15254,0.30286,0.27857,0.47794,0.44558,0.57178,0.49462,1492.12395,1437.96039,0.43506,0.56494,2.35079,1.79405,1.0,240.0,34.0,74.66667,0.45733,9.0,22.66667,0.40133,22.66667,28.66667,0.79467,7.33333,35.66667,43.0,15.0,8.33333,5.0,17.0,18.33333,99.66667,240.0,34.33333,81.0,0.42,10.0,30.0,0.32233,16.66667,19.33333,0.871,8.0,30.33333,38.33333,18.0,10.0,4.66667,16.0,24.0,95.33333,0,-0.07712,0.07712,0.23774,0.24145,0.48083,0.51756,0.55538,0.61657,1482.37986,1480.99645,0.48655,0.51345,2.05545,1.94772,0.33333,,,,
240.0,41.33333,81.66667,0.507,16.33333,36.33333,0.45067,17.66667,21.33333,0.83967,10.0,32.66667,42.66667,27.66667,6.66667,3.33333,13.66667,18.33333,116.66667,240.0,37.0,84.0,0.44533,9.33333,29.66667,0.309,14.33333,19.0,0.72367,12.33333,26.33333,38.66667,20.66667,7.33333,2.66667,14.33333,19.0,97.66667,1,-0.26564,0.26564,0.37143,0.39518,0.50385,0.60729,0.56016,0.67663,1488.27735,1506.55447,0.49029,0.50971,2.10428,2.03663,0.0,240.0,39.0,82.33333,0.473,10.0,26.66667,0.36867,15.66667,20.0,0.78367,7.33333,41.0,48.33333,24.33333,6.0,6.33333,13.0,13.66667,103.66667,240.0,37.66667,91.0,0.414,14.33333,36.33333,0.395,9.66667,13.0,0.735,8.0,34.0,42.0,27.33333,9.66667,3.66667,10.0,18.0,99.33333,1,-0.06311,0.06311,0.1974,0.23264,0.49256,0.5349,0.5293,0.59893,1410.03633,1428.65475,0.52367,0.47633,1.9306,2.13066,0.0,,,,
240.0,39.0,87.66667,0.44533,11.33333,32.33333,0.352,11.33333,17.0,0.66133,6.33333,34.0,40.33333,22.0,8.33333,2.0,13.0,17.66667,100.66667,240.0,38.66667,78.33333,0.49367,10.66667,28.33333,0.37567,19.0,22.66667,0.864,4.33333,39.66667,44.0,24.33333,8.0,5.0,14.0,21.33333,107.0,0,0.08444,-0.08444,0.12593,0.17102,0.56318,0.51041,0.64312,0.55175,1524.29497,1450.45562,0.40335,0.59665,2.48851,1.6787,0.66667,240.0,39.33333,87.66667,0.447,10.66667,25.66667,0.407,13.33333,17.66667,0.73767,11.33333,28.66667,40.0,21.66667,8.33333,1.33333,12.66667,19.33333,102.66667,240.0,41.66667,79.0,0.52733,12.0,27.33333,0.44033,16.33333,20.66667,0.79067,6.33333,32.33333,38.66667,27.33333,6.66667,5.33333,13.0,18.66667,111.66667,0,0.12303,-0.12303,0.22746,0.37607,0.60339,0.50941,0.66823,0.56281,1583.48687,1466.24431,0.35095,0.64905,2.9684,1.55735,1.0,,,,
240.0,37.66667,85.66667,0.43967,12.66667,32.0,0.397,18.0,26.0,0.696,15.33333,31.0,46.33333,18.33333,8.33333,5.33333,17.33333,14.0,106.0,240.0,46.33333,89.33333,0.51867,12.66667,31.0,0.40467,11.33333,16.0,0.73033,8.66667,33.33333,42.0,28.0,11.66667,5.0,15.0,22.66667,116.66667,0,0.13275,-0.13275,0.2873,0.46422,0.5906,0.51377,0.62942,0.58028,1487.61327,1507.7754,0.546,0.454,1.89701,2.29931,0.66667,240.0,35.66667,75.33333,0.475,7.66667,20.66667,0.373,20.0,24.0,0.83167,7.0,34.0,41.0,18.66667,5.66667,4.0,15.66667,18.33333,99.0,240.0,41.0,83.66667,0.491,15.33333,35.66667,0.43767,12.33333,16.33333,0.77667,7.0,28.33333,35.33333,25.66667,8.66667,3.66667,10.66667,19.0,109.66667,0,0.15664,-0.15664,0.20446,0.2512,0.58311,0.5266,0.62905,0.61594,1485.8575,1456.65987,0.47039,0.52961,2.1291,1.89034,0.66667,,,,
240.0,43.0,91.66667,0.46967,12.33333,29.33333,0.42433,13.0,18.0,0.72433,11.0,35.0,46.0,26.0,6.66667,3.33333,14.33333,18.0,111.33333,240.0,44.0,92.66667,0.47533,10.66667,28.66667,0.36967,11.66667,17.0,0.691,12.33333,33.66667,46.0,25.66667,10.0,7.33333,12.66667,18.0,110.33333,0,-0.0139,0.0139,0.39749,0.33685,0.53253,0.53716,0.57214,0.58338,1456.86456,1418.56858,0.44743,0.55257,2.25406,1.82056,0.33333,240.0,41.66667,86.33333,0.484,12.33333,31.33333,0.38967,12.0,14.66667,0.806,8.33333,33.66667,42.0,27.0,7.66667,4.66667,11.66667,19.0,107.66667,240.0,38.33333,84.33333,0.45433,13.0,29.33333,0.44433,14.0,20.0,0.672,12.66667,33.66667,46.33333,23.33333,5.33333,4.0,14.66667,18.0,103.66667,0,-0.06124,0.06124,0.37733,0.25896,0.5316,0.55663,0.58275,0.60404,1522.43038,1475.36974,0.42201,0.57799,2.37504,1.73229,0.66667,,,,
240.0,45.66667,88.0,0.51967,11.33333,30.33333,0.372,13.0,19.0,0.669,8.33333,30.33333,38.66667,30.66667,6.33333,2.66667,13.66667,19.0,115.66667,240.0,46.0,93.66667,0.494,12.0,32.33333,0.33167,15.66667,20.66667,0.76367,12.66667,35.33333,48.0,25.33333,7.33333,4.66667,14.0,19.0,119.66667,0,0.02244,-0.02244,0.44328,0.24259,0.55847,0.58441,0.61204,0.62861,1486.39028,1492.68469,0.51077,0.48923,1.98358,2.0786,0.66667,240.0,38.66667,93.66667,0.414,11.66667,32.0,0.36767,13.66667,17.66667,0.774,10.0,27.66667,37.66667,24.66667,9.0,2.33333,15.0,18.0,102.66667,240.0,48.33333,87.0,0.55567,12.66667,28.66667,0.437,20.0,21.0,0.94567,7.33333,38.66667,46.0,34.0,10.0,9.0,16.33333,19.66667,129.33333,0,0.3289,-0.3289,0.25644,0.25967,0.62884,0.47613,0.70607,0.52747,1590.65877,1472.75856,0.36179,0.63821,2.83682,1.57787,1.0,,,,
240.0,36.66667,77.0,0.47533,11.33333,29.66667,0.37667,19.66667,26.0,0.75267,10.0,32.0,42.0,19.33333,6.33333,4.33333,17.66667,21.66667,104.33333,240.0,38.66667,82.33333,0.46867,11.0,29.33333,0.37033,18.66667,23.33333,0.811,9.0,28.33333,37.33333,18.33333,9.33333,2.66667,13.33333,24.0,107.0,0,0.02544,-0.02544,0.28653,0.36279,0.5356,0.54843,0.61016,0.63041,1487.95008,1465.97596,0.47066,0.52934,2.1256,1.88979,0.66667,240.0,39.33333,83.33333,0.474,9.33333,26.66667,0.335,20.66667,28.0,0.725,8.66667,31.0,39.66667,25.33333,8.66667,4.0,16.33333,21.33333,108.66667,240.0,39.66667,85.0,0.46767,16.0,42.33333,0.37667,23.0,28.66667,0.78867,10.33333,35.0,45.33333,27.0,9.66667,4.66667,14.66667,21.33333,118.33333,0,0.13427,-0.13427,0.33401,0.2412,0.56137,0.53093,0.65055,0.60906,1577.7437,1512.34325,0.40804,0.59196,2.45619,1.69101,0.66667,,,,
240.0,42.0,90.66667,0.46333,11.0,30.66667,0.362,15.66667,24.0,0.64833,10.0,35.33333,45.33333,23.66667,6.0,4.33333,11.66667,21.33333,110.66667,240.0,43.33333,91.0,0.47567,13.66667,33.0,0.408,23.66667,30.0,0.79333,11.33333,35.66667,47.0,28.0,7.33333,5.0,8.66667,19.66667,124.0,0,0.16522,-0.16522,0.32174,0.29009,0.55006,0.52454,0.63505,0.5776,1538.07284,1477.40945,0.43486,0.56514,2.32882,1.78304,1.0,240.0,41.33333,84.66667,0.492,11.0,29.33333,0.37467,10.33333,13.0,0.813,7.33333,31.0,38.33333,19.66667,8.66667,5.33333,14.33333,17.0,104.0,240.0,38.33333,83.33333,0.461,11.0,25.66667,0.421,16.33333,21.0,0.80267,11.0,31.66667,42.66667,20.33333,7.66667,3.33333,14.66667,15.0,104.0,0,-0.00051,0.00051,0.35886,0.22304,0.52621,0.55634,0.5919,0.5976,1506.12797,1554.25352,0.56661,0.43339,1.7665,2.31125,0.66667,,,,
240.0,40.66667,87.0,0.46933,13.33333,30.66667,0.436,11.0,17.33333,0.62733,8.33333,34.33333,42.66667,22.33333,8.0,5.0,16.33333,22.66667,105.66667,240.0,41.66667,88.33333,0.47467,9.0,25.0,0.36733,16.33333,21.33333,0.72533,10.33333,37.0,47.33333,20.0,7.33333,3.66667,16.33333,19.66667,108.66667,0,0.03482,-0.03482,0.30991,0.22663,0.52642,0.5467,0.5881,0.58387,1445.09119,1477.3941,0.55137,0.44863,1.84172,2.28349,0.66667,240.0,42.66667,82.0,0.519,10.0,27.0,0.37133,10.0,15.66667,0.63567,5.66667,25.0,30.66667,28.33333,5.33333,2.33333,14.0,22.33333,105.33333,240.0,44.66667,83.66667,0.531,13.0,32.66667,0.394,18.0,26.0,0.69367,13.0,34.33333,47.33333,27.66667,7.0,4.0,15.66667,17.33333,120.33333,0,0.18229,-0.18229,0.56419,0.16537,0.60792,0.57989,0.67048,0.6159,1509.09706,1459.55893,0.45032,0.54968,2.2504,1.83352,1.0,,,,
240.0,36.0,75.33333,0.47833,10.33333,24.0,0.43267,14.33333,17.66667,0.80667,7.33333,25.0,32.33333,23.33333,6.33333,1.66667,16.33333,21.66667,96.66667,240.0,39.33333,78.66667,0.50033,9.66667,24.66667,0.40867,17.66667,25.0,0.71,10.0,29.33333,39.33333,23.0,8.0,4.66667,12.66667,18.0,106.0,0,0.13411,-0.13411,0.42905,0.26694,0.56142,0.54666,0.63003,0.60995,1509.73078,1495.62565,0.49349,0.50651,2.04205,1.98871,1.0,240.0,38.33333,86.33333,0.44733,11.66667,32.33333,0.36,13.33333,21.0,0.64367,10.33333,36.0,46.33333,25.0,5.33333,3.33333,14.33333,19.0,101.66667,240.0,40.33333,82.0,0.492,12.66667,35.33333,0.35933,15.66667,21.66667,0.72533,4.0,37.0,41.0,22.33333,8.0,3.66667,11.66667,20.0,109.0,0,0.0987,-0.0987,0.11324,0.27767,0.56921,0.51548,0.62781,0.56292,1502.36262,1483.03466,0.4857,0.5143,2.06397,1.94894,1.0,,,,
240.0,38.33333,84.66667,0.45667,10.0,23.0,0.443,24.0,32.0,0.73833,9.0,35.33333,44.33333,23.33333,4.33333,2.33333,11.0,16.33333,110.66667,240.0,45.66667,90.66667,0.50167,14.66667,35.0,0.42367,10.33333,13.0,0.79433,6.0,33.66667,39.66667,25.0,6.33333,3.66667,10.66667,23.33333,116.33333,0,0.06907,-0.06907,0.18747,0.25614,0.58269,0.51568,0.62066,0.60836,1501.32971,1493.18054,0.49438,0.50562,2.06446,2.01159,1.0,240.0,39.33333,82.33333,0.47567,9.66667,22.66667,0.43267,18.33333,22.0,0.838,9.0,30.66667,39.66667,20.33333,9.33333,4.33333,11.66667,17.33333,106.66667,240.0,35.66667,80.66667,0.442,12.0,31.66667,0.38033,14.0,16.33333,0.858,9.66667,32.0,41.66667,18.66667,4.66667,3.0,15.66667,17.66667,97.33333,0,-0.12819,0.12819,0.31672,0.29913,0.51638,0.5343,0.57763,0.61255,1477.1129,1542.89993,0.58051,0.41949,1.73771,2.42513,0.33333,,,,
248.33333,37.0,82.66667,0.44767,7.33333,25.0,0.299,18.66667,28.33333,0.66933,9.66667,30.33333,40.0,17.0,9.66667,5.66667,14.0,25.33333,100.0,248.33333,40.33333,84.33333,0.48233,14.66667,30.66667,0.46033,17.66667,23.66667,0.73633,11.33333,35.0,46.33333,24.33333,7.33333,4.33333,18.33333,23.66667,113.0,1,0.19197,-0.19197,0.38273,0.28419,0.57192,0.49252,0.63703,0.56367,1456.98867,1468.71281,0.53726,0.46274,1.87517,2.18158,0.66667,240.0,39.66667,81.33333,0.48767,13.0,29.66667,0.43567,12.0,16.0,0.75767,8.0,31.33333,39.33333,22.66667,8.33333,4.0,15.33333,15.0,104.33333,240.0,42.0,84.66667,0.496,9.66667,20.66667,0.46667,8.33333,10.66667,0.807,7.66667,30.66667,38.33333,21.0,9.66667,6.0,15.66667,18.66667,102.0,1,-0.03349,0.03349,0.25269,0.2691,0.55304,0.56766,0.58579,0.61439,1396.39816,1497.70115,0.64084,0.35916,1.5605,2.78453,0.33333,,,,
240.0,40.33333,84.33333,0.481,7.66667,17.33333,0.44433,14.0,17.66667,0.79133,9.33333,29.0,38.33333,23.33333,7.0,6.66667,12.0,18.0,102.33333,240.0,40.0,80.0,0.50333,13.0,31.33333,0.423,11.66667,16.0,0.72267,7.33333,32.0,39.33333,26.66667,7.66667,5.33333,13.0,17.66667,104.66667,0,0.03786,-0.03786,0.25792,0.30161,0.58439,0.52676,0.63072,0.58307,1517.72966,1395.84467,0.34122,0.65878,3.1465,1.55141,0.33333,240.0,35.33333,78.33333,0.45567,11.66667,29.0,0.401,16.66667,20.33333,0.811,11.0,31.66667,42.66667,22.33333,5.33333,1.66667,15.33333,21.0,99.0,240.0,37.66667,79.66667,0.47267,8.0,22.0,0.36367,15.66667,21.33333,0.73567,9.0,28.33333,37.33333,21.33333,8.66667,9.33333,11.0,19.0,99.0,0,-0.00519,0.00519,0.29853,0.37841,0.5226,0.52941,0.58609,0.60099,1482.74273,1531.16569,0.56701,0.43299,1.7663,2.31586,0.66667,,,,
240.0,45.33333,86.66667,0.52333,13.0,33.0,0.39433,12.66667,19.0,0.654,7.66667,29.0,36.66667,28.66667,5.0,3.0,12.66667,19.0,116.33333,240.0,48.33333,93.33333,0.52033,14.33333,33.66667,0.42333,15.66667,20.66667,0.76367,11.33333,34.33333,45.66667,27.66667,5.66667,4.0,12.0,20.0,126.66667,1,0.11401,-0.11401,0.41897,0.2335,0.59755,0.59849,0.64973,0.64095,1515.40871,1486.13741,0.47162,0.52838,2.12097,1.89302,0.66667,248.33333,42.33333,96.0,0.44233,13.66667,36.33333,0.362,21.66667,27.66667,0.747,12.33333,34.33333,46.66667,22.0,10.0,5.33333,13.0,23.66667,120.0,248.33333,43.0,95.33333,0.452,8.0,26.33333,0.30333,18.0,25.33333,0.69533,15.66667,36.0,51.66667,25.0,7.0,6.0,18.33333,21.33333,112.0,1,-0.08818,0.08818,0.47534,0.34563,0.49348,0.51464,0.55656,0.59016,1430.42611,1490.06557,0.57447,0.42553,1.7601,2.40604,0.33333,,,,
240.0,37.66667,81.66667,0.46533,9.66667,25.66667,0.385,22.33333,26.0,0.85933,8.66667,33.33333,42.0,20.66667,8.0,3.66667,11.66667,17.33333,107.33333,240.0,37.0,85.0,0.43533,11.0,34.66667,0.328,16.0,19.0,0.86133,10.0,31.33333,41.33333,21.0,5.33333,4.66667,14.33333,20.33333,101.0,1,-0.09824,0.09824,0.30624,0.27599,0.50041,0.52589,0.5658,0.6201,1471.95503,1494.5185,0.52764,0.47236,1.90363,2.1293,0.33333,240.0,39.33333,84.33333,0.47233,11.0,31.0,0.345,17.66667,20.33333,0.884,7.66667,31.0,38.66667,23.66667,10.66667,4.33333,16.66667,22.66667,107.33333,240.0,42.0,84.0,0.49967,8.0,25.33333,0.314,20.33333,23.33333,0.89933,8.0,34.0,42.0,26.66667,9.33333,2.66667,16.0,20.33333,112.33333,1,0.07774,-0.07774,0.25806,0.23251,0.54713,0.53932,0.63048,0.61169,1490.29967,1531.86989,0.57631,0.42369,1.73794,2.36765,0.66667,,,,
240.0,41.66667,89.0,0.469,5.66667,21.33333,0.26267,11.33333,14.66667,0.80833,9.66667,31.33333,41.0,26.66667,4.66667,2.66667,16.33333,17.33333,100.33333,240.0,43.0,87.33333,0.49433,12.0,32.66667,0.362,14.0,20.0,0.71267,8.0,34.0,42.0,28.66667,10.66667,6.0,12.33333,18.0,112.0,1,0.15718,-0.15718,0.2549,0.27907,0.56188,0.50039,0.61102,0.5445,1505.25694,1495.89835,0.50623,0.49377,2.06038,2.1182,1.0,240.0,39.33333,94.33333,0.41833,6.33333,24.33333,0.25667,13.0,19.66667,0.661,12.33333,36.66667,49.0,17.0,6.66667,4.66667,9.0,22.66667,98.0,240.0,34.0,81.66667,0.41667,9.33333,35.66667,0.263,20.0,27.33333,0.74433,8.0,40.33333,48.33333,22.0,3.33333,5.33333,13.0,19.66667,97.33333,1,-0.01223,0.01223,0.21822,0.30202,0.47372,0.45188,0.5547,0.49808,1465.80983,1518.69918,0.56697,0.43303,1.79369,2.36655,0.66667,,,,
240.0,38.33333,89.33333,0.429,10.33333,29.33333,0.35733,13.66667,20.33333,0.64533,13.33333,28.33333,41.66667,20.66667,12.0,4.0,12.66667,23.33333,100.66667,240.0,37.66667,79.66667,0.47267,10.0,29.0,0.33767,21.33333,27.33333,0.78,11.0,35.0,46.0,25.33333,7.0,5.66667,16.66667,18.33333,106.66667,0,0.08383,-0.08383,0.39761,0.40039,0.53567,0.48695,0.62249,0.53639,1501.95235,1548.06055,0.57345,0.42655,1.74718,2.35312,1.0,248.33333,35.0,80.66667,0.43133,10.66667,30.33333,0.34467,19.33333,26.66667,0.742,8.0,38.33333,46.33333,21.33333,7.66667,3.0,13.0,22.33333,100.0,248.33333,36.33333,87.0,0.41967,11.33333,36.33333,0.30767,16.0,18.66667,0.858,8.66667,36.33333,45.0,21.0,5.66667,2.66667,12.66667,22.66667,100.0,0,0.01008,-0.01008,0.23243,0.23076,0.48753,0.49678,0.55331,0.57498,1440.32985,1518.96272,0.61252,0.38748,1.64117,2.61965,0.33333,,,,
240.0,41.0,85.0,0.485,9.33333,26.66667,0.34867,19.66667,22.66667,0.87033,10.33333,33.0,43.33333,23.33333,8.33333,2.33333,12.33333,17.66667,111.0,240.0,37.66667,85.0,0.44333,11.0,33.0,0.34467,16.0,19.0,0.86133,10.0,30.33333,40.33333,22.33333,5.33333,4.0,14.66667,18.33333,102.33333,0,-0.12524,0.12524,0.30848,0.37019,0.50835,0.54064,0.57351,0.62012,1475.49131,1502.06941,0.52591,0.47409,1.91098,2.12274,0.33333,240.0,32.66667,79.66667,0.408,11.66667,32.33333,0.36,12.66667,15.66667,0.80367,7.0,33.0,40.0,20.0,8.0,5.0,18.33333,21.33333,89.66667,240.0,36.33333,86.66667,0.41533,8.0,29.0,0.279,18.66667,23.66667,0.769,12.33333,35.33333,47.66667,17.66667,11.66667,4.33333,14.33333,17.33333,99.33333,0,0.15074,-0.15074,0.37381,0.20045,0.46202,0.48087,0.54311,0.53837,1562.77761,1510.76238,0.44815,0.55185,2.31672,1.86555,0.66667,,,,
248.33333,42.0,88.0,0.47467,10.66667,28.33333,0.38,17.33333,23.0,0.75967,8.33333,40.0,48.33333,27.0,9.66667,8.66667,19.66667,22.0,112.0,248.33333,40.66667,93.33333,0.43633,11.0,32.33333,0.34267,21.66667,30.0,0.728,11.0,34.33333,45.33333,23.33333,11.33333,4.0,15.33333,21.66667,114.0,1,0.03757,-0.03757,0.28345,0.26249,0.49474,0.53517,0.57063,0.59886,1504.88007,1592.12248,0.63508,0.36492,1.58349,2.7817,0.33333,240.0,40.66667,94.33333,0.43067,11.33333,28.66667,0.39567,20.0,25.66667,0.80133,14.33333,35.66667,50.0,24.33333,11.66667,4.33333,11.66667,21.33333,112.66667,240.0,37.0,80.33333,0.464,11.33333,32.33333,0.35033,15.66667,24.0,0.651,8.0,36.33333,44.33333,21.33333,8.33333,6.33333,17.0,20.66667,101.0,1,-0.16892,0.16892,0.20802,0.40171,0.53459,0.49001,0.59292,0.56324,1483.62404,1512.99222,0.53129,0.46871,1.91771,2.18714,0.33333,,,,
248.33333,41.0,85.33333,0.482,10.0,28.33333,0.355,13.0,18.66667,0.689,8.66667,35.66667,44.33333,23.66667,4.33333,3.66667,11.66667,21.0,105.0,248.33333,37.66667,85.0,0.44267,8.0,26.66667,0.29067,18.66667,24.33333,0.735,11.0,32.33333,43.33333,22.33333,6.0,4.33333,10.0,18.66667,102.0,0,-0.05357,0.05357,0.3137,0.27033,0.48881,0.54074,0.56016,0.58804,1489.29525,1547.92877,0.57786,0.42214,1.73196,2.3726,0.33333,240.0,36.66667,87.0,0.42233,11.33333,31.33333,0.35367,17.0,25.0,0.68667,9.66667,35.33333,45.0,20.33333,7.66667,4.66667,12.33333,18.33333,101.66667,240.0,41.0,93.66667,0.43767,10.0,31.33333,0.30733,15.33333,19.0,0.802,14.66667,39.66667,54.33333,24.33333,8.33333,4.0,13.66667,20.33333,107.33333,0,0.07798,-0.07798,0.41647,0.25355,0.49151,0.48787,0.54861,0.55083,1531.37825,1503.95546,0.47279,0.52721,2.14501,1.92218,0.66667,,,,
240.0,39.66667,88.33333,0.45,7.33333,21.66667,0.348,18.66667,27.0,0.69,9.66667,35.0,44.66667,18.66667,5.33333,8.33333,13.33333,16.33333,105.33333,240.0,43.33333,93.0,0.46467,9.66667,26.66667,0.364,14.0,18.0,0.786,10.33333,36.66667,47.0,22.66667,8.33333,6.0,12.66667,20.0,110.33333,1,0.08494,-0.08494,0.29708,0.26402,0.51669,0.49213,0.56786,0.55947,1512.75705,1533.56404,0.54537,0.45463,1.84991,2.22628,0.33333,240.0,33.66667,82.0,0.41,13.66667,35.0,0.389,14.33333,18.66667,0.774,10.33333,28.0,38.33333,20.0,7.0,7.66667,16.33333,23.0,95.33333,240.0,38.66667,85.0,0.45433,10.0,26.33333,0.38133,19.66667,22.33333,0.87467,13.0,34.66667,47.66667,23.66667,7.66667,5.66667,14.66667,21.33333,107.0,1,0.17094,-0.17094,0.46679,0.29865,0.51414,0.49374,0.59647,0.55409,1510.11634,1507.57969,0.51504,0.48496,1.95633,2.07909,1.0,,,,
240.0,31.66667,84.0,0.37733,8.33333,24.33333,0.35133,16.0,22.66667,0.689,10.66667,24.66667,35.33333,18.66667,8.66667,3.33333,11.66667,17.33333,87.66667,240.0,47.0,85.0,0.55567,13.0,31.0,0.42267,11.0,14.33333,0.78067,9.0,38.66667,47.66667,33.0,7.33333,4.33333,13.33333,22.0,118.0,0,0.42933,-0.42933,0.38602,0.28125,0.63288,0.4271,0.6721,0.49376,1500.85796,1418.37342,0.419,0.581,2.41808,1.73235,1.0,240.0,35.33333,84.66667,0.418,10.66667,33.0,0.32533,11.0,14.33333,0.81533,10.0,31.66667,41.66667,19.0,7.33333,3.33333,15.0,15.0,92.33333,240.0,38.66667,85.0,0.45967,9.66667,23.66667,0.4,11.33333,14.0,0.79967,10.0,35.0,45.0,20.0,7.66667,3.66667,14.33333,15.0,98.33333,0,0.09609,-0.09609,0.31924,0.28357,0.5163,0.48106,0.56396,0.52687,1537.55707,1495.38487,0.4538,0.5462,2.21391,1.83681,0.66667,,,,
240.0,35.66667,82.66667,0.43233,6.33333,24.33333,0.26067,16.33333,18.33333,0.89333,9.66667,33.33333,43.0,21.33333,7.33333,5.33333,14.0,20.0,94.0,240.0,36.33333,84.0,0.43267,6.66667,22.33333,0.31733,17.66667,22.0,0.79133,10.66667,32.0,42.66667,23.33333,7.66667,3.33333,11.66667,17.66667,97.0,1,0.04547,-0.04547,0.31598,0.30986,0.47252,0.47079,0.54689,0.54269,1495.08948,1515.69714,0.53921,0.46079,1.86009,2.17836,0.66667,240.0,35.0,82.66667,0.42433,9.33333,24.0,0.38967,18.33333,23.66667,0.73367,10.33333,37.33333,47.66667,17.66667,5.66667,6.0,13.33333,19.66667,97.66667,240.0,34.0,82.33333,0.41367,7.66667,28.0,0.276,15.66667,18.33333,0.867,7.33333,33.33333,40.66667,21.0,7.0,6.0,13.0,25.0,91.33333,1,-0.09695,0.09695,0.21087,0.36232,0.46008,0.48185,0.5294,0.55921,1493.78465,1488.31616,0.48152,0.51848,2.108,1.95719,0.0,,,,
240.0,39.33333,86.33333,0.45467,13.0,31.0,0.40967,9.33333,12.33333,0.774,10.33333,27.33333,37.66667,24.0,12.0,3.0,18.33333,20.66667,101.0,240.0,40.66667,80.66667,0.50767,10.66667,29.0,0.362,18.0,24.0,0.737,12.66667,31.0,43.66667,25.33333,10.33333,6.66667,19.66667,17.66667,110.0,0,0.12441,-0.12441,0.45249,0.33333,0.57409,0.53026,0.64301,0.56689,1517.84306,1442.55924,0.40704,0.59296,2.45807,1.68687,1.0,240.0,40.0,88.0,0.45467,6.66667,21.33333,0.31,9.66667,16.0,0.594,9.66667,29.0,38.66667,24.33333,8.66667,4.66667,11.33333,16.66667,96.33333,240.0,39.66667,80.66667,0.489,13.66667,30.33333,0.459,15.0,18.33333,0.836,9.66667,34.0,43.66667,26.33333,6.33333,6.33333,14.66667,16.33333,108.0,0,0.14376,-0.14376,0.34213,0.28956,0.5732,0.49251,0.63478,0.52625,1517.39821,1494.78177,0.47621,0.52379,2.12593,1.93151,0.66667,,,,
240.0,39.33333,74.33333,0.52733,13.33333,29.33333,0.45167,24.0,28.33333,0.86867,5.66667,30.66667,36.33333,24.33333,9.0,6.0,16.66667,23.33333,116.0,240.0,38.0,85.66667,0.44167,10.66667,30.66667,0.35433,21.33333,24.66667,0.881,13.0,29.0,42.0,25.33333,8.66667,3.0,15.66667,22.0,108.0,0,-0.09453,0.09453,0.42473,0.20444,0.50463,0.61633,0.59311,0.71711,1536.9123,1530.78699,0.47197,0.52803,2.15212,1.92214,0.33333,240.0,33.0,82.33333,0.401,14.33333,37.33333,0.385,16.33333,20.0,0.82433,11.0,29.33333,40.33333,20.0,8.0,6.66667,18.0,22.33333,96.66667,240.0,37.0,83.33333,0.44433,10.0,26.66667,0.377,20.66667,24.0,0.85767,13.0,35.33333,48.33333,20.33333,9.33333,4.33333,16.66667,22.0,104.66667,0,0.11985,-0.11985,0.4498,0.31063,0.50477,0.48804,0.59172,0.55756,1508.1414,1479.04934,0.47324,0.52676,2.12383,1.90685,0.66667,,,,
240.0,43.66667,92.0,0.47433,8.0,22.66667,0.355,15.66667,20.33333,0.762,13.0,30.33333,43.33333,23.33333,9.66667,4.66667,13.33333,17.33333,111.0,240.0,44.0,86.66667,0.509,11.33333,29.66667,0.383,16.66667,20.0,0.84833,7.33333,33.33333,40.66667,28.66667,9.33333,6.0,14.0,20.0,116.0,0,0.05608,-0.05608,0.24027,0.41297,0.5752,0.5181,0.6386,0.57666,1539.54096,1405.38813,0.31798,0.68202,3.19915,1.47105,0.66667,240.0,38.66667,87.33333,0.443,9.33333,21.33333,0.45367,19.66667,26.0,0.73367,10.0,31.66667,41.66667,22.33333,6.0,3.33333,12.0,15.33333,106.33333,240.0,46.66667,95.0,0.49,11.33333,34.33333,0.33567,10.66667,15.33333,0.70267,11.33333,33.33333,44.66667,24.33333,6.66667,5.66667,9.33333,20.0,115.33333,0,0.11819,-0.11819,0.36023,0.29826,0.54948,0.49779,0.58499,0.57376,1564.04891,1510.70535,0.4331,0.5669,2.32792,1.77342,1.0,,,,
240.0,42.0,89.33333,0.46967,13.33333,32.33333,0.40633,15.0,17.0,0.875,10.33333,30.0,40.33333,29.0,13.0,3.33333,12.33333,19.33333,112.33333,240.0,37.66667,78.66667,0.48133,7.33333,24.33333,0.296,17.0,25.0,0.678,10.0,35.66667,45.66667,18.66667,9.66667,6.0,18.0,18.0,99.66667,0,-0.159,0.159,0.34771,0.31226,0.52919,0.54446,0.59593,0.60347,1496.18309,1494.44991,0.4816,0.5184,2.08375,1.93476,0.33333,240.0,36.33333,78.66667,0.46167,11.33333,29.66667,0.388,13.66667,17.66667,0.77567,7.33333,28.66667,36.0,20.66667,8.0,6.33333,17.66667,20.33333,97.66667,240.0,40.0,88.0,0.45767,7.33333,26.66667,0.277,12.33333,17.0,0.727,13.66667,31.0,44.66667,23.66667,9.33333,5.0,17.33333,18.33333,99.66667,0,0.02907,-0.02907,0.50177,0.23563,0.49959,0.53342,0.5481,0.59199,1547.44812,1519.54025,0.46012,0.53988,2.18643,1.86048,0.66667,,,,
248.33333,40.33333,84.66667,0.47733,10.33333,25.33333,0.429,13.66667,20.0,0.68333,8.33333,35.66667,44.0,22.66667,4.33333,3.33333,14.0,19.66667,104.66667,248.33333,39.33333,86.66667,0.45333,8.0,29.66667,0.265,19.0,24.33333,0.75867,10.33333,32.66667,43.0,20.0,7.66667,6.33333,9.0,19.33333,105.66667,1,0.00772,-0.00772,0.29465,0.25907,0.49861,0.53863,0.57081,0.58841,1510.26076,1545.91807,0.54831,0.45169,1.83617,2.23503,0.66667,240.0,42.33333,85.33333,0.49533,14.66667,34.0,0.437,12.33333,16.66667,0.75367,9.0,32.0,41.0,27.33333,4.66667,3.0,14.0,25.0,111.66667,240.0,42.0,88.0,0.47567,8.0,20.33333,0.39633,21.33333,29.33333,0.707,14.0,30.66667,44.66667,22.33333,10.0,3.66667,9.0,15.66667,113.33333,1,0.0144,-0.0144,0.46499,0.29613,0.52105,0.58251,0.59849,0.6281,1491.37532,1460.45241,0.45746,0.54254,2.20323,1.85271,0.66667,,,,
240.0,38.33333,83.33333,0.45933,11.33333,32.33333,0.361,15.33333,21.66667,0.717,10.66667,35.33333,46.0,22.66667,5.66667,4.0,14.66667,20.66667,103.33333,240.0,37.66667,83.33333,0.45067,12.33333,34.0,0.351,15.33333,19.66667,0.783,8.66667,31.66667,40.33333,24.0,7.0,3.33333,13.33333,22.0,103.0,1,-0.01305,0.01305,0.25176,0.35162,0.52417,0.52827,0.58599,0.58811,1514.54423,1466.74524,0.43055,0.56945,2.40072,1.7845,0.33333,240.0,42.33333,80.33333,0.52667,14.33333,33.66667,0.42267,13.33333,16.66667,0.80433,9.33333,32.0,41.33333,30.33333,6.66667,5.66667,18.33333,20.33333,112.33333,240.0,38.0,84.33333,0.447,10.33333,29.66667,0.34267,16.33333,19.66667,0.81767,9.33333,24.33333,33.66667,24.0,8.33333,2.33333,14.66667,17.0,102.66667,1,-0.15013,0.15013,0.29322,0.39887,0.50734,0.61588,0.57803,0.66831,1436.50779,1529.1578,0.62651,0.37349,1.59728,2.68296,0.33333,,,,
240.0,41.33333,85.66667,0.48333,8.66667,30.66667,0.289,21.33333,28.33333,0.74767,10.33333,36.66667,47.0,28.0,8.66667,6.33333,18.33333,21.33333,112.66667,240.0,42.0,91.0,0.46967,9.66667,28.66667,0.335,22.66667,28.33333,0.811,11.66667,31.66667,43.33333,21.66667,10.0,7.0,15.33333,24.0,116.33333,0,0.03756,-0.03756,0.29317,0.33333,0.52734,0.53332,0.61109,0.61456,1525.37764,1497.60553,0.46892,0.53108,2.15907,1.90086,0.33333,240.0,39.33333,87.33333,0.45067,10.0,27.0,0.376,14.33333,20.33333,0.69667,10.33333,35.66667,46.0,23.0,7.66667,5.33333,11.66667,19.66667,103.0,240.0,36.0,82.33333,0.43667,13.33333,35.66667,0.36967,20.66667,28.0,0.70633,8.33333,36.33333,44.66667,23.0,5.33333,6.33333,13.33333,19.33333,106.0,0,0.04417,-0.04417,0.23423,0.29949,0.51725,0.50824,0.59985,0.56165,1574.42147,1530.68723,0.43515,0.56485,2.35402,1.80119,0.66667,,,,
240.0,35.0,88.33333,0.39533,12.0,34.0,0.35333,16.66667,23.0,0.735,12.66667,29.66667,42.33333,21.0,11.33333,2.66667,14.66667,20.0,98.66667,240.0,41.0,77.0,0.53267,11.66667,30.0,0.38067,17.0,23.0,0.73333,5.66667,37.33333,43.0,26.33333,9.33333,5.0,16.33333,20.66667,110.66667,0,0.17182,-0.17182,0.18598,0.34762,0.60907,0.46362,0.67389,0.52664,1471.91487,1544.86185,0.63353,0.36647,1.581,2.74288,1.0,240.0,47.0,95.0,0.49533,8.66667,22.0,0.39567,17.0,24.0,0.708,10.33333,39.33333,49.66667,23.66667,8.33333,10.66667,10.0,20.66667,119.66667,240.0,39.33333,92.33333,0.42433,14.33333,38.33333,0.37933,19.66667,27.0,0.73867,12.66667,35.66667,48.33333,25.0,4.0,5.33333,13.66667,20.33333,112.66667,0,-0.09053,0.09053,0.33393,0.29638,0.50347,0.54106,0.574,0.59713,1462.59297,1523.91942,0.57527,0.42473,1.78794,2.46292,0.0,,,,
240.0,38.66667,86.66667,0.44633,11.33333,33.33333,0.33033,19.66667,25.33333,0.784,8.33333,31.0,39.33333,21.0,6.66667,5.66667,11.0,17.0,108.33333,240.0,44.33333,89.0,0.49967,12.0,25.0,0.46033,16.33333,18.66667,0.882,9.66667,37.33333,47.0,26.0,6.0,4.66667,13.0,21.33333,117.0,0,0.10275,-0.10275,0.31255,0.22698,0.56843,0.51093,0.63108,0.58751,1520.72828,1462.35507,0.43511,0.56489,2.29853,1.77036,0.66667,248.33333,41.33333,90.0,0.459,7.66667,28.33333,0.265,20.33333,24.33333,0.833,9.0,33.0,42.0,20.0,6.66667,6.33333,11.0,23.0,110.66667,248.33333,38.66667,86.66667,0.44533,8.33333,26.33333,0.31333,25.33333,31.66667,0.79567,13.0,34.33333,47.33333,21.66667,5.66667,5.33333,14.0,19.0,111.0,0,-0.01147,0.01147,0.39433,0.26477,0.49305,0.50112,0.59041,0.58086,1503.12513,1520.40243,0.52532,0.47468,1.90757,2.11225,0.66667,,,,
240.0,35.33333,79.33333,0.446,14.0,35.33333,0.393,15.33333,19.0,0.80767,6.66667,39.66667,46.33333,23.0,6.33333,5.33333,13.33333,19.0,100.0,240.0,34.0,85.66667,0.39733,10.33333,28.33333,0.374,14.33333,19.33333,0.76767,9.0,36.66667,45.66667,21.33333,7.66667,3.0,11.66667,17.0,92.66667,0,-0.10711,0.10711,0.2399,0.19058,0.45735,0.53454,0.5153,0.6001,1480.69432,1484.83748,0.49552,0.50448,2.06585,2.03397,0.0,248.33333,41.33333,92.66667,0.44967,11.66667,33.66667,0.34767,12.66667,19.0,0.689,12.0,38.66667,50.66667,26.66667,5.33333,5.0,14.33333,21.33333,107.0,248.33333,41.0,85.0,0.483,12.66667,35.33333,0.35933,17.66667,23.66667,0.74333,5.0,38.0,43.0,23.33333,7.0,4.33333,12.33333,21.0,112.33333,0,0.06787,-0.06787,0.12771,0.31178,0.55789,0.51386,0.62271,0.55758,1486.19297,1495.50267,0.52009,0.47991,1.93307,2.09688,1.0,,,,
240.0,38.0,87.33333,0.43533,10.66667,29.33333,0.36,11.0,16.66667,0.657,4.66667,37.0,41.66667,22.33333,7.66667,2.33333,9.33333,15.0,97.66667,240.0,38.66667,83.33333,0.465,9.66667,29.0,0.337,15.0,17.33333,0.86633,6.33333,43.0,49.33333,25.66667,7.33333,6.33333,12.66667,18.66667,102.0,0,0.06113,-0.06113,0.16952,0.10863,0.52271,0.4968,0.58577,0.5375,1537.90578,1465.93291,0.40321,0.59679,2.48954,1.67834,0.66667,240.0,37.33333,79.33333,0.474,10.0,26.0,0.38867,16.33333,21.66667,0.75933,10.33333,31.33333,41.66667,21.0,5.33333,0.66667,14.0,22.0,101.0,240.0,36.0,75.66667,0.47667,6.0,21.0,0.28733,22.33333,29.0,0.754,9.33333,27.33333,36.66667,19.66667,8.66667,6.0,12.0,19.33333,100.33333,0,-0.0152,0.0152,0.31317,0.37522,0.5163,0.53702,0.61311,0.60394,1476.62023,1483.325,0.50454,0.49546,2.07729,2.09659,0.66667,,,,
240.0,35.0,83.66667,0.41633,10.66667,33.0,0.326,14.66667,19.66667,0.759,13.66667,31.0,44.66667,16.66667,7.66667,4.0,16.33333,13.33333,95.33333,240.0,42.66667,85.0,0.503,13.33333,31.0,0.42567,11.0,13.66667,0.839,7.33333,33.66667,41.0,24.0,10.33333,5.33333,13.66667,20.33333,109.66667,0,0.21296,-0.21296,0.24286,0.41015,0.58167,0.47973,0.62349,0.53959,1495.54698,1504.39413,0.5284,0.4716,1.95507,2.21163,0.66667,240.0,33.66667,85.33333,0.393,10.0,28.66667,0.341,13.33333,20.33333,0.675,11.0,32.0,43.0,21.66667,8.33333,2.66667,13.66667,18.66667,90.66667,240.0,37.33333,79.33333,0.471,13.33333,32.33333,0.40633,15.0,19.33333,0.76867,10.0,37.0,47.0,25.0,6.66667,5.0,14.33333,20.33333,103.0,0,0.19655,-0.19655,0.33261,0.29633,0.55605,0.45175,0.61687,0.50324,1468.14001,1493.5277,0.5688,0.4312,1.78454,2.39358,0.66667,,,,
240.0,33.33333,90.33333,0.36967,9.66667,31.0,0.30167,13.0,17.0,0.757,12.0,33.66667,45.66667,18.33333,4.66667,2.33333,15.0,19.0,89.33333,240.0,43.0,89.0,0.48233,14.33333,37.0,0.38967,18.33333,21.66667,0.854,8.66667,40.33333,49.0,27.33333,9.33333,7.33333,10.0,15.33333,118.66667,0,0.39888,-0.39888,0.25283,0.2948,0.56302,0.42151,0.6323,0.47561,1521.44513,1422.98203,0.38745,0.61255,2.69102,1.65429,1.0,240.0,41.66667,83.66667,0.497,10.66667,29.33333,0.36467,10.33333,15.33333,0.66267,6.33333,23.0,29.33333,28.0,6.33333,2.66667,14.33333,19.66667,104.33333,240.0,47.33333,85.0,0.55467,13.0,32.0,0.403,17.33333,24.66667,0.70567,13.66667,35.66667,49.33333,30.0,7.66667,4.0,15.66667,16.33333,125.0,0,0.25271,-0.25271,0.61111,0.17683,0.63044,0.56089,0.68867,0.59936,1518.41927,1494.50473,0.50179,0.49821,1.99756,2.01217,1.0,,,,
240.0,40.66667,84.0,0.484,11.0,29.0,0.37933,13.33333,17.33333,0.768,9.0,31.0,40.0,24.33333,8.0,3.0,15.66667,19.0,105.66667,240.0,40.66667,84.33333,0.487,9.66667,29.0,0.32067,10.0,15.66667,0.66267,8.0,31.66667,39.66667,24.0,8.66667,4.66667,17.0,18.33333,101.0,0,-0.06212,0.06212,0.25282,0.28394,0.54588,0.54935,0.58151,0.60097,1549.69633,1518.10857,0.44661,0.55339,2.27568,1.8292,0.0,240.0,36.33333,82.33333,0.44267,10.33333,27.33333,0.39433,14.0,19.33333,0.72067,8.66667,34.0,42.66667,19.33333,5.66667,5.66667,13.66667,16.66667,97.0,240.0,39.0,86.33333,0.45133,9.66667,30.66667,0.31933,13.33333,14.66667,0.91,8.0,36.33333,44.33333,22.66667,6.66667,3.0,11.33333,18.33333,101.0,0,0.05626,-0.05626,0.25556,0.23547,0.50723,0.50494,0.56356,0.5609,1545.20794,1479.4554,0.4173,0.5827,2.43046,1.72879,0.33333,,,,
240.0,44.0,85.0,0.51767,12.66667,31.0,0.40633,15.66667,21.33333,0.741,6.66667,36.0,42.66667,31.33333,8.66667,7.0,13.33333,17.0,116.33333,240.0,37.33333,89.66667,0.41767,12.0,31.66667,0.368,12.33333,16.33333,0.749,10.0,31.33333,41.33333,22.33333,7.0,3.66667,14.66667,18.0,99.0,1,-0.23607,0.23607,0.27344,0.22394,0.4859,0.59195,0.53403,0.64757,1476.45437,1619.88221,0.67968,0.32032,1.47155,3.12449,0.0,240.0,40.0,84.66667,0.474,12.0,30.66667,0.38467,16.66667,20.33333,0.82567,7.33333,32.0,39.33333,24.66667,7.66667,3.66667,13.0,18.33333,108.66667,240.0,42.33333,84.33333,0.49933,13.33333,28.66667,0.46567,12.33333,18.0,0.66667,7.66667,36.33333,44.0,26.0,6.66667,4.33333,15.33333,19.33333,110.33333,1,0.00475,-0.00475,0.23872,0.20906,0.57842,0.5455,0.6211,0.61223,1522.92699,1459.19779,0.40653,0.59347,2.48522,1.69251,0.66667,,,,
240.0,43.0,87.0,0.491,9.0,26.0,0.348,16.0,20.33333,0.793,8.0,40.0,48.0,25.33333,8.0,9.33333,16.33333,21.66667,111.0,240.0,40.66667,94.0,0.433,11.33333,34.0,0.33267,19.0,27.0,0.71133,12.33333,35.0,47.33333,22.66667,10.0,4.0,13.33333,21.33333,111.66667,1,0.02088,-0.02088,0.31948,0.24078,0.49273,0.54319,0.55899,0.60416,1511.09387,1592.27672,0.62487,0.37513,1.60786,2.69937,0.33333,240.0,40.0,93.66667,0.426,12.33333,33.0,0.377,16.0,23.33333,0.686,13.66667,34.66667,48.33333,22.66667,7.33333,5.66667,15.66667,18.66667,108.33333,240.0,44.66667,93.66667,0.475,10.66667,32.33333,0.32667,14.33333,21.66667,0.65,11.33333,38.0,49.33333,28.33333,8.33333,7.0,15.33333,21.0,114.33333,1,0.08062,-0.08062,0.33272,0.36867,0.53173,0.49219,0.57984,0.54847,1480.34858,1456.65599,0.48169,0.51831,2.11417,1.96647,0.66667,,,,
240.0,33.0,87.0,0.37967,8.66667,22.66667,0.40233,12.66667,18.66667,0.68167,10.0,23.33333,33.33333,17.0,9.66667,3.33333,11.0,19.33333,87.33333,240.0,44.0,78.33333,0.56267,12.33333,29.0,0.43333,12.33333,16.33333,0.768,8.0,41.0,49.0,29.66667,7.33333,5.0,15.33333,22.0,112.66667,1,0.36457,-0.36457,0.36173,0.24359,0.64135,0.42984,0.68913,0.47998,1514.08506,1408.50415,0.38102,0.61898,2.7034,1.63611,1.0,240.0,35.33333,90.33333,0.393,11.33333,33.0,0.343,14.33333,18.66667,0.77267,8.66667,31.33333,40.0,22.66667,6.33333,4.66667,14.33333,19.66667,96.33333,240.0,45.33333,91.0,0.499,11.33333,30.66667,0.365,19.0,21.33333,0.89667,9.66667,38.0,47.66667,33.66667,8.66667,7.33333,12.0,20.0,121.0,1,0.3181,-0.3181,0.30496,0.22677,0.56129,0.45557,0.63301,0.51217,1593.34474,1475.42163,0.35595,0.64405,2.87412,1.56187,1.0,,,,
240.0,40.33333,86.0,0.46833,18.66667,44.66667,0.41933,22.33333,25.66667,0.85467,10.33333,37.33333,47.66667,24.0,9.0,7.66667,14.33333,21.33333,121.66667,240.0,38.33333,91.0,0.41933,8.33333,26.33333,0.31867,13.0,20.33333,0.64233,12.66667,32.66667,45.33333,21.33333,6.66667,6.33333,13.0,18.33333,98.0,1,-0.31459,0.31459,0.3387,0.31798,0.46505,0.57692,0.51209,0.66173,1473.61717,1568.94196,0.60041,0.39959,1.67349,2.53341,0.0,248.33333,39.66667,90.66667,0.43733,12.0,32.33333,0.375,18.66667,26.33333,0.708,14.66667,35.33333,50.0,23.33333,7.33333,5.33333,18.66667,17.66667,110.0,248.33333,45.33333,95.0,0.475,11.33333,32.0,0.35833,15.66667,22.0,0.69433,10.66667,33.66667,44.33333,29.66667,10.0,5.33333,14.66667,22.0,117.66667,1,0.10208,-0.10208,0.31007,0.44182,0.53478,0.50376,0.58821,0.57009,1483.9456,1511.85289,0.55757,0.44243,1.8511,2.36488,0.66667,,,,
240.0,43.66667,86.33333,0.50733,10.33333,22.33333,0.45933,16.0,19.0,0.856,7.33333,34.66667,42.0,29.0,10.66667,5.66667,12.0,18.66667,113.66667,240.0,38.0,84.33333,0.45033,11.33333,35.66667,0.31433,14.33333,19.66667,0.74633,10.66667,32.0,42.66667,24.33333,6.33333,6.33333,16.66667,16.66667,101.66667,0,-0.16306,0.16306,0.31096,0.24046,0.5174,0.56728,0.57279,0.63025,1491.56972,1505.77294,0.50333,0.49667,1.99213,2.01865,0.0,240.0,39.0,86.0,0.45367,8.0,29.66667,0.26467,14.0,19.66667,0.718,9.0,33.0,42.0,24.0,6.66667,4.0,16.66667,17.66667,100.0,240.0,42.66667,87.33333,0.491,18.66667,46.0,0.40733,15.66667,21.66667,0.72067,8.33333,35.0,43.33333,30.33333,11.0,4.66667,13.33333,18.66667,119.66667,0,0.25924,-0.25924,0.25555,0.25101,0.59837,0.50022,0.6523,0.55391,1593.17049,1488.88048,0.3755,0.6245,2.68737,1.60628,1.0,,,,
240.0,37.33333,78.66667,0.47633,11.33333,30.0,0.378,13.33333,17.66667,0.77367,7.33333,28.0,35.33333,24.33333,10.0,4.0,17.33333,17.0,99.33333,240.0,37.66667,82.33333,0.45733,11.33333,28.0,0.417,15.0,16.33333,0.90533,10.33333,31.0,41.33333,23.0,10.0,5.0,18.33333,21.0,101.66667,0,0.04351,-0.04351,0.37662,0.23313,0.5262,0.54879,0.5914,0.60365,1448.09281,1496.92179,0.57767,0.42233,1.74328,2.40028,0.33333,248.33333,36.33333,84.66667,0.42733,12.33333,33.33333,0.37033,15.0,21.33333,0.71233,9.0,39.0,48.0,24.33333,8.33333,2.0,16.0,20.0,100.0,248.33333,38.33333,85.0,0.45433,10.33333,31.66667,0.32467,14.0,17.33333,0.79567,7.66667,36.33333,44.0,23.0,7.66667,3.66667,13.0,21.0,101.0,0,0.02779,-0.02779,0.20298,0.24736,0.51797,0.50043,0.57373,0.55749,1457.09884,1529.72785,0.61667,0.38333,1.6516,2.7098,0.33333,,,,
240.0,40.33333,78.66667,0.512,8.33333,21.33333,0.37533,17.33333,19.66667,0.884,7.66667,27.0,34.66667,24.33333,8.66667,2.66667,14.0,16.66667,106.33333,240.0,38.0,78.33333,0.485,9.33333,27.33333,0.33133,17.33333,19.0,0.913,9.0,28.0,37.0,25.66667,7.0,5.66667,16.66667,21.0,102.66667,1,-0.04507,0.04507,0.36917,0.3023,0.54371,0.56542,0.62225,0.64034,1498.00818,1509.30978,0.50131,0.49869,2.01011,2.02245,0.66667,240.0,43.66667,84.33333,0.518,11.66667,32.33333,0.35733,17.66667,24.33333,0.732,10.66667,31.66667,42.33333,29.33333,10.66667,3.0,16.33333,25.0,116.66667,240.0,38.33333,79.0,0.488,10.66667,29.66667,0.359,23.33333,30.66667,0.763,9.66667,28.33333,38.0,19.33333,7.66667,4.33333,17.0,21.33333,110.66667,1,-0.07612,0.07612,0.32563,0.37919,0.55589,0.58646,0.64769,0.65197,1500.002,1499.52706,0.48535,0.51465,2.06389,1.94623,0.33333,,,,
240.0,40.33333,85.0,0.47533,11.66667,29.66667,0.39467,13.33333,20.0,0.66033,11.0,31.33333,42.33333,23.66667,7.66667,3.66667,18.0,24.0,105.66667,240.0,42.66667,85.66667,0.49833,10.66667,26.66667,0.40667,20.0,24.0,0.799,9.66667,32.66667,42.33333,23.66667,8.0,4.33333,15.33333,20.33333,116.0,1,0.13693,-0.13693,0.31229,0.34575,0.56056,0.54477,0.6379,0.59209,1466.82907,1476.19443,0.52832,0.47168,1.93026,2.18645,1.0,240.0,38.0,86.0,0.44133,9.33333,25.0,0.38467,25.0,30.33333,0.817,9.66667,29.33333,39.0,22.33333,8.66667,5.0,12.66667,27.66667,110.33333,240.0,37.0,86.0,0.431,6.66667,25.33333,0.25233,28.33333,37.33333,0.83867,17.0,35.66667,52.66667,24.33333,7.33333,6.0,16.0,24.33333,109.0,1,-0.01881,0.01881,0.58519,0.2791,0.46915,0.4957,0.5784,0.59573,1516.76275,1491.5593,0.45617,0.54383,2.27987,1.88021,0.66667,,,,
240.0,38.0,78.0,0.48667,11.0,23.0,0.48,12.33333,15.33333,0.80667,6.66667,25.33333,32.0,26.66667,6.66667,2.66667,15.66667,19.66667,99.33333,240.0,40.0,76.33333,0.52433,9.33333,25.33333,0.37967,18.66667,24.33333,0.77433,7.0,30.66667,37.66667,23.33333,8.66667,5.33333,13.0,16.33333,108.0,0,0.12368,-0.12368,0.32521,0.23104,0.58554,0.55668,0.66199,0.60947,1519.85792,1479.75859,0.45266,0.54734,2.21868,1.83275,1.0,240.0,35.33333,83.0,0.426,7.66667,29.0,0.27,19.66667,25.0,0.76933,7.33333,32.0,39.33333,19.33333,10.33333,3.33333,11.33333,17.66667,98.0,240.0,40.66667,84.66667,0.48767,5.0,14.33333,0.35033,15.66667,19.33333,0.82433,10.66667,38.66667,49.33333,19.0,5.66667,4.0,15.66667,21.33333,102.0,0,0.05671,-0.05671,0.33592,0.18942,0.51746,0.47208,0.58191,0.55364,1501.40844,1488.25874,0.48855,0.51145,2.06639,1.97289,0.33333,,,,
248.33333,45.0,87.33333,0.51267,11.33333,28.33333,0.40767,15.66667,19.0,0.861,8.66667,34.66667,43.33333,32.66667,10.0,7.66667,21.0,18.33333,117.0,248.33333,44.0,93.66667,0.46967,9.33333,25.66667,0.36267,17.0,23.0,0.738,11.0,28.66667,39.66667,23.0,12.0,4.66667,15.66667,19.66667,114.33333,1,-0.01567,0.01567,0.32229,0.31727,0.51924,0.57734,0.57877,0.63712,1501.82933,1594.46228,0.63559,0.36441,1.58237,2.78648,0.33333,240.0,41.33333,82.66667,0.49933,8.33333,23.0,0.358,15.0,18.66667,0.828,8.66667,31.0,39.66667,24.33333,9.66667,5.33333,15.0,19.0,106.0,240.0,38.0,81.33333,0.468,12.33333,33.33333,0.36933,13.0,17.0,0.78367,8.66667,32.0,40.66667,22.0,6.33333,3.33333,17.0,19.0,101.33333,1,-0.06031,0.06031,0.27879,0.28802,0.54352,0.5492,0.59582,0.61144,1470.22178,1523.47993,0.56551,0.43449,1.78652,2.34927,0.66667,,,,
248.33333,41.66667,81.66667,0.519,8.33333,24.0,0.35533,19.33333,28.33333,0.691,7.33333,32.66667,40.0,21.66667,11.33333,5.66667,14.0,24.33333,111.0,248.33333,38.0,83.66667,0.45633,10.0,23.66667,0.39167,19.0,27.0,0.68567,12.0,31.33333,43.33333,20.33333,6.66667,4.33333,18.33333,22.0,105.0,1,-0.09305,0.09305,0.38604,0.23145,0.51652,0.57119,0.58853,0.64063,1437.10027,1469.4701,0.53824,0.46176,1.87234,2.18739,0.33333,240.0,33.66667,84.0,0.40233,9.33333,26.0,0.377,12.0,14.0,0.88167,9.33333,28.0,37.33333,15.33333,8.0,3.33333,15.33333,18.66667,88.66667,240.0,38.0,76.66667,0.50033,10.33333,23.0,0.44267,13.66667,17.33333,0.781,7.66667,35.0,42.66667,20.66667,8.33333,5.0,16.66667,16.66667,100.0,1,0.17571,-0.17571,0.27571,0.26648,0.56667,0.45855,0.62584,0.51137,1544.04589,1472.48613,0.41896,0.58104,2.48159,1.74994,1.0,,,,
240.0,34.66667,80.66667,0.43033,8.66667,29.33333,0.29533,17.66667,25.0,0.69,6.0,30.66667,36.66667,18.33333,7.66667,3.0,13.66667,23.33333,95.66667,240.0,37.66667,85.66667,0.439,10.33333,26.66667,0.38067,18.66667,21.0,0.90567,14.33333,34.66667,49.0,28.33333,7.0,5.66667,14.66667,21.33333,104.33333,0,0.12486,-0.12486,0.48112,0.17509,0.49993,0.48414,0.57746,0.55589,1540.37313,1514.75298,0.47677,0.52323,2.09921,1.91256,1.0,240.0,35.33333,78.66667,0.45367,11.66667,28.33333,0.41267,17.0,20.33333,0.827,10.33333,31.0,41.33333,22.0,6.0,1.66667,15.66667,22.0,99.33333,240.0,35.66667,75.33333,0.47433,6.0,21.0,0.28733,21.33333,27.0,0.77333,8.66667,28.66667,37.33333,20.33333,9.66667,9.66667,13.0,18.66667,98.66667,0,-0.01423,0.01423,0.2947,0.34992,0.51435,0.52699,0.60876,0.60042,1480.58961,1488.6013,0.5064,0.4936,2.07124,2.10595,0.66667,,,,
248.33333,49.66667,88.66667,0.56167,11.66667,28.0,0.42233,16.66667,21.0,0.83333,8.66667,35.33333,44.0,36.0,7.66667,6.33333,16.66667,16.33333,127.66667,248.33333,41.33333,90.66667,0.45333,11.33333,29.66667,0.382,16.0,20.0,0.80133,8.33333,24.0,32.33333,23.33333,8.66667,4.33333,14.0,17.66667,110.0,1,-0.22225,0.22225,0.23589,0.35566,0.51719,0.62734,0.57757,0.6861,1464.60799,1605.57301,0.67656,0.32344,1.47855,3.09628,0.0,240.0,40.0,86.0,0.46833,8.66667,27.33333,0.31833,17.0,20.0,0.86567,9.0,32.0,41.0,24.66667,11.33333,2.66667,15.33333,20.66667,105.66667,240.0,39.66667,81.66667,0.486,9.33333,28.0,0.324,19.0,22.33333,0.869,7.33333,33.33333,40.66667,25.33333,7.66667,2.33333,16.66667,19.0,107.66667,1,0.03552,-0.03552,0.22897,0.30827,0.54285,0.51879,0.6217,0.58736,1489.50675,1521.7704,0.5511,0.4489,1.83134,2.2571,0.66667,,,,
240.0,41.33333,90.33333,0.458,7.66667,22.33333,0.351,13.0,15.66667,0.85067,11.66667,29.33333,41.0,24.66667,7.0,3.0,14.66667,18.33333,103.33333,240.0,41.66667,83.66667,0.49767,10.0,31.0,0.32967,14.33333,20.33333,0.716,8.66667,33.66667,42.33333,25.66667,10.0,5.33333,15.66667,20.0,107.66667,0,0.05987,-0.05987,0.29762,0.34347,0.55726,0.50012,0.61056,0.55102,1460.78125,1496.80202,0.56221,0.43779,1.79411,2.31958,0.66667,240.0,39.66667,80.66667,0.49133,10.0,27.33333,0.36833,13.0,18.66667,0.69867,5.33333,39.0,44.33333,22.66667,6.33333,5.33333,16.66667,21.66667,102.33333,240.0,36.0,90.66667,0.39833,8.33333,27.66667,0.30533,15.66667,23.0,0.67567,11.0,34.33333,45.33333,20.0,7.66667,2.33333,11.0,18.66667,96.0,0,-0.0897,0.0897,0.28294,0.15645,0.44465,0.55366,0.50384,0.60346,1477.18602,1488.16207,0.50457,0.49543,1.99476,2.03358,0.0,,,,
240.0,35.0,79.66667,0.44067,7.66667,25.33333,0.299,19.33333,24.0,0.83367,7.66667,34.66667,42.33333,21.33333,8.66667,5.66667,13.0,20.0,97.0,240.0,33.33333,79.66667,0.41833,5.33333,21.33333,0.26167,18.66667,22.66667,0.82133,9.66667,32.0,41.66667,20.66667,7.33333,4.0,15.0,21.0,90.66667,0,-0.10604,0.10604,0.27547,0.24319,0.45225,0.49059,0.53534,0.57405,1486.21895,1523.42431,0.54258,0.45742,1.84946,2.19605,0.33333,240.0,37.0,80.0,0.46333,12.0,30.66667,0.40033,13.0,16.0,0.807,7.0,29.0,36.0,23.33333,8.0,6.0,19.33333,19.0,99.0,240.0,41.33333,89.0,0.468,8.0,27.66667,0.29267,15.0,18.66667,0.799,13.0,32.66667,45.66667,22.0,11.66667,6.0,16.0,19.0,105.66667,0,0.09513,-0.09513,0.47589,0.21536,0.513,0.53824,0.57243,0.59375,1557.25079,1533.06237,0.48172,0.51828,2.11135,1.96188,0.66667,,,,
240.0,41.33333,90.33333,0.45667,11.66667,31.0,0.36967,7.0,10.33333,0.65933,10.66667,29.66667,40.33333,21.33333,11.0,4.33333,13.0,17.33333,101.33333,240.0,38.33333,82.0,0.47033,13.33333,35.33333,0.374,11.33333,14.66667,0.819,11.0,34.33333,45.33333,28.66667,6.0,6.0,18.66667,16.0,101.33333,0,0.00959,-0.00959,0.36831,0.31393,0.55241,0.52169,0.59777,0.54609,1491.74394,1439.88174,0.42396,0.57604,2.36446,1.73834,0.66667,240.0,43.33333,91.0,0.479,10.66667,25.33333,0.425,18.0,23.33333,0.82,12.0,34.0,46.0,29.33333,11.33333,6.66667,14.66667,20.33333,115.33333,240.0,41.33333,85.33333,0.489,12.33333,32.0,0.38933,15.0,22.33333,0.67433,8.66667,32.0,40.66667,24.66667,8.0,6.0,16.33333,19.0,110.0,0,-0.06609,0.06609,0.24017,0.37444,0.56243,0.5374,0.61504,0.60407,1472.81662,1552.50694,0.60769,0.39231,1.66306,2.60973,0.33333,,,,
240.0,39.33333,82.66667,0.475,11.33333,30.66667,0.37267,12.66667,17.0,0.74533,6.66667,31.66667,38.33333,22.66667,7.0,4.0,14.33333,19.0,102.66667,240.0,41.66667,88.0,0.477,10.33333,28.66667,0.356,11.33333,16.0,0.721,11.33333,32.0,43.33333,25.66667,9.0,5.33333,14.0,18.33333,105.0,0,0.03933,-0.03933,0.36637,0.20976,0.53841,0.54332,0.57922,0.59261,1568.14168,1514.12664,0.42796,0.57204,2.35032,1.75416,0.33333,240.0,38.66667,87.0,0.44467,12.0,30.0,0.40033,23.0,29.33333,0.78067,8.33333,32.33333,40.66667,23.0,7.66667,4.0,10.33333,26.66667,112.33333,240.0,40.33333,90.66667,0.44567,7.33333,26.66667,0.24833,25.0,34.66667,0.78033,18.0,38.66667,56.66667,24.33333,6.33333,4.0,13.33333,22.33333,113.0,0,-0.00732,0.00732,0.56737,0.2281,0.48514,0.51409,0.57588,0.60152,1530.01115,1508.7437,0.46573,0.53427,2.16883,1.88813,0.66667,,,,
240.0,40.0,85.33333,0.469,10.33333,26.0,0.395,16.0,21.0,0.75833,10.66667,33.0,43.66667,23.66667,7.0,3.0,16.33333,17.0,106.33333,240.0,46.0,92.0,0.50133,12.66667,29.66667,0.431,11.66667,16.0,0.72267,11.0,33.33333,44.33333,27.33333,11.33333,6.0,12.66667,18.66667,116.33333,0,0.12027,-0.12027,0.36924,0.33023,0.57023,0.52944,0.60975,0.59147,1477.24662,1409.1322,0.41984,0.58016,2.43397,1.74513,0.66667,240.0,40.0,88.0,0.45567,12.0,27.0,0.43833,14.0,20.0,0.68967,13.0,32.33333,45.33333,23.66667,8.33333,2.33333,13.0,19.0,106.0,240.0,40.66667,82.33333,0.49567,15.0,34.66667,0.43467,15.0,22.0,0.68367,8.33333,32.33333,40.66667,26.33333,5.0,7.0,13.66667,21.0,111.33333,0,0.07445,-0.07445,0.25367,0.39915,0.58687,0.5244,0.64016,0.57525,1578.38645,1505.37345,0.39935,0.60065,2.51074,1.6669,0.66667,,,,
240.0,42.0,86.33333,0.48633,7.33333,20.0,0.36933,21.33333,27.66667,0.77767,7.66667,36.0,43.66667,20.0,6.0,7.33333,10.66667,18.0,112.66667,240.0,42.0,92.33333,0.453,7.66667,21.0,0.36033,15.33333,19.66667,0.793,11.33333,33.66667,45.0,19.33333,5.33333,4.33333,11.0,19.66667,107.0,0,-0.08075,0.08075,0.31465,0.22936,0.49392,0.52932,0.55165,0.60977,1500.53497,1535.81274,0.54376,0.45624,1.85517,2.21826,0.0,240.0,37.0,87.33333,0.43033,11.0,28.0,0.415,14.66667,19.66667,0.74633,11.0,29.33333,40.33333,23.0,5.33333,5.66667,15.0,18.66667,99.66667,240.0,44.0,88.33333,0.499,14.0,35.33333,0.393,17.66667,20.66667,0.843,8.66667,34.33333,43.0,32.33333,10.33333,7.66667,11.33333,18.0,119.66667,0,0.25445,-0.25445,0.29593,0.32749,0.57947,0.49268,0.64534,0.55017,1594.04876,1438.97434,0.30517,0.69483,3.399,1.45058,0.66667,,,,
240.0,41.0,81.0,0.50533,11.66667,31.0,0.375,17.0,20.66667,0.80233,9.33333,32.0,41.33333,23.0,10.66667,3.33333,15.0,21.66667,110.66667,240.0,35.0,80.0,0.435,8.66667,26.66667,0.326,18.66667,24.0,0.77933,9.33333,26.66667,36.0,20.33333,9.0,2.33333,16.66667,19.33333,97.33333,1,-0.19915,0.19915,0.30293,0.36082,0.48855,0.57736,0.56825,0.64683,1468.66666,1562.96724,0.61988,0.38012,1.62297,2.66787,0.33333,240.0,39.66667,76.33333,0.52233,11.0,26.33333,0.41567,13.33333,19.66667,0.712,3.66667,32.0,35.66667,25.66667,10.66667,4.66667,15.0,18.0,103.66667,240.0,38.66667,81.66667,0.47133,8.66667,19.66667,0.43133,12.33333,17.33333,0.74067,9.0,31.33333,40.33333,20.0,7.66667,4.66667,17.0,19.33333,98.33333,1,-0.08224,0.08224,0.28615,0.11893,0.52364,0.59411,0.57404,0.64408,1395.48841,1484.30513,0.62239,0.37761,1.60891,2.65749,0.33333,,,,
240.0,41.0,87.0,0.47133,12.0,34.66667,0.35067,13.33333,19.0,0.73067,10.66667,38.33333,49.0,26.0,5.66667,3.66667,16.33333,22.66667,107.33333,240.0,37.0,84.0,0.43933,12.66667,35.66667,0.34433,17.0,22.66667,0.746,8.0,33.33333,41.33333,25.0,7.33333,3.0,14.66667,20.33333,103.66667,0,-0.0578,0.0578,0.20848,0.32288,0.51441,0.54054,0.58187,0.58915,1495.14098,1467.10427,0.45309,0.54691,2.30689,1.87195,0.33333,240.0,39.66667,85.33333,0.46733,8.66667,23.0,0.38567,25.66667,31.66667,0.80633,7.33333,31.66667,39.0,23.33333,6.66667,3.66667,13.0,19.33333,113.66667,240.0,48.0,95.66667,0.50133,13.0,33.33333,0.38933,15.0,19.33333,0.75967,10.33333,32.33333,42.66667,27.66667,8.33333,4.66667,12.0,23.0,124.0,0,0.1252,-0.1252,0.33166,0.22619,0.56941,0.51968,0.62083,0.62255,1569.68603,1465.95932,0.36614,0.63386,2.80045,1.58869,1.0,,,,
240.0,37.66667,83.0,0.453,12.33333,32.0,0.38,14.33333,18.0,0.79833,8.66667,25.33333,34.0,24.66667,15.0,3.66667,14.33333,20.0,102.0,240.0,40.33333,78.66667,0.514,6.0,20.66667,0.278,18.0,26.0,0.69133,10.33333,35.33333,45.66667,20.33333,10.0,6.33333,18.66667,17.33333,104.66667,0,0.05622,-0.05622,0.40988,0.26717,0.55388,0.52745,0.6235,0.5865,1512.49072,1511.91738,0.50258,0.49742,1.99094,2.01158,0.66667,240.0,36.0,79.66667,0.454,10.33333,26.0,0.40267,19.66667,24.66667,0.806,9.0,29.33333,38.33333,19.33333,6.0,1.0,12.33333,23.33333,102.0,240.0,36.33333,75.66667,0.481,7.33333,21.66667,0.33767,27.33333,34.0,0.79267,9.66667,29.33333,39.0,20.66667,8.66667,5.66667,12.33333,21.0,107.33333,0,0.07336,-0.07336,0.33345,0.31686,0.52895,0.51885,0.64685,0.6023,1481.74329,1463.22942,0.47794,0.52206,2.16318,1.95933,1.0,,,,
240.0,37.66667,85.33333,0.44167,10.66667,33.66667,0.30567,16.66667,19.66667,0.844,7.66667,31.33333,39.0,21.66667,5.66667,5.66667,14.66667,21.33333,102.66667,240.0,39.66667,85.33333,0.46633,7.66667,19.33333,0.362,21.33333,25.33333,0.857,9.66667,37.0,46.66667,20.0,8.0,5.66667,14.0,20.0,108.33333,0,0.07538,-0.07538,0.30947,0.21208,0.51282,0.50318,0.59989,0.57234,1504.93683,1457.698,0.44525,0.55475,2.24741,1.80339,0.66667,240.0,42.66667,82.66667,0.51633,15.33333,35.66667,0.42833,13.66667,17.0,0.80767,11.66667,34.33333,46.0,30.0,8.66667,4.66667,19.0,23.33333,114.33333,240.0,32.33333,78.66667,0.41067,9.0,29.33333,0.303,20.33333,24.66667,0.827,8.0,25.0,33.0,20.0,9.0,2.33333,17.66667,18.0,94.0,0,-0.29914,0.29914,0.2369,0.47507,0.46745,0.6095,0.55839,0.66215,1430.10945,1518.11277,0.59797,0.40203,1.68628,2.52868,0.0,,,,
240.0,38.33333,80.33333,0.47667,12.33333,35.0,0.36067,14.33333,18.66667,0.75967,8.66667,34.0,42.66667,23.0,5.66667,4.33333,16.33333,20.66667,103.33333,240.0,39.0,82.66667,0.47067,14.0,36.33333,0.37733,16.0,21.66667,0.74767,7.66667,29.0,36.66667,22.33333,8.0,3.0,13.0,20.66667,108.0,1,0.05174,-0.05174,0.22957,0.31744,0.5548,0.55399,0.61593,0.61283,1525.38892,1465.68004,0.42024,0.57976,2.44386,1.74493,0.66667,248.33333,31.66667,79.33333,0.39767,10.66667,32.0,0.324,16.0,23.33333,0.70833,7.0,36.33333,43.33333,20.33333,9.33333,3.33333,15.33333,21.33333,90.0,248.33333,38.0,83.33333,0.46,13.66667,35.33333,0.38033,13.66667,16.66667,0.80633,7.66667,38.0,45.66667,23.33333,8.33333,3.33333,14.66667,22.0,103.33333,1,0.21392,-0.21392,0.21935,0.18473,0.54577,0.46414,0.60055,0.53018,1452.13872,1532.36449,0.6442,0.3558,1.5587,2.8445,0.66667,,,,
240.0,36.0,80.0,0.45433,12.66667,34.33333,0.37167,11.33333,17.33333,0.66667,7.66667,26.33333,34.0,24.33333,9.0,4.33333,16.0,18.33333,96.0,240.0,43.33333,80.33333,0.542,9.66667,23.66667,0.41267,17.0,21.0,0.814,7.66667,36.0,43.66667,25.66667,9.33333,4.66667,14.66667,16.66667,113.33333,1,0.24344,-0.24344,0.31516,0.21818,0.60072,0.53571,0.66911,0.57948,1523.77797,1464.45809,0.44146,0.55854,2.29029,1.80139,1.0,240.0,44.33333,97.66667,0.45433,7.66667,22.0,0.354,15.66667,24.0,0.65,14.0,34.66667,48.66667,20.0,7.66667,7.0,9.0,20.0,112.0,240.0,39.66667,87.33333,0.451,12.66667,34.66667,0.36733,17.0,24.0,0.719,10.66667,36.66667,47.33333,25.0,2.66667,7.0,13.66667,20.33333,109.0,1,-0.03645,0.03645,0.31202,0.38002,0.52485,0.49332,0.58785,0.54388,1463.29612,1504.74053,0.55087,0.44913,1.84843,2.27681,0.33333,,,,
240.0,37.0,84.0,0.444,8.33333,22.66667,0.36767,21.66667,27.66667,0.785,10.66667,33.0,43.66667,24.0,6.33333,3.33333,14.33333,19.33333,104.0,240.0,43.0,87.0,0.49233,13.66667,35.33333,0.39033,10.66667,15.66667,0.693,7.66667,33.33333,41.0,24.66667,6.0,4.33333,14.0,23.66667,110.33333,1,0.08066,-0.08066,0.25144,0.31349,0.57106,0.49315,0.60905,0.58164,1509.07439,1494.09155,0.48463,0.51537,2.09707,1.96407,1.0,240.0,34.66667,77.0,0.45033,10.33333,28.33333,0.373,16.33333,21.66667,0.75433,7.66667,25.66667,33.33333,19.33333,11.33333,6.33333,16.33333,21.66667,96.0,240.0,39.0,82.33333,0.475,6.0,22.0,0.26767,16.33333,23.0,0.70767,13.33333,31.66667,45.0,22.33333,8.66667,5.0,18.66667,20.33333,100.33333,1,0.06371,-0.06371,0.5318,0.24053,0.51185,0.51754,0.57657,0.58744,1538.83067,1529.65695,0.49024,0.50976,2.04444,1.96558,1.0,,,,
240.0,49.0,86.33333,0.56733,13.0,29.0,0.45067,16.0,20.66667,0.818,6.33333,34.66667,41.0,38.0,9.0,6.66667,14.66667,15.66667,127.0,240.0,40.66667,89.33333,0.45333,13.66667,34.66667,0.39367,12.33333,16.66667,0.73467,9.66667,27.0,36.66667,24.33333,8.33333,4.0,15.33333,18.66667,107.33333,1,-0.24696,0.24696,0.27759,0.25381,0.53062,0.64246,0.57684,0.69893,1466.71111,1613.54063,0.67987,0.32013,1.47113,3.12627,0.0,248.33333,41.0,87.33333,0.46833,9.0,30.0,0.29533,17.0,20.33333,0.83667,7.33333,35.33333,42.66667,23.66667,5.66667,6.0,14.33333,26.0,108.0,248.33333,36.0,86.33333,0.41567,5.66667,23.33333,0.231,28.66667,35.33333,0.80633,13.0,34.33333,47.33333,20.0,8.33333,4.66667,13.0,19.0,106.33333,1,-0.03292,0.03292,0.36814,0.22412,0.44765,0.51964,0.56197,0.5874,1498.40527,1507.66359,0.50547,0.49453,1.99034,2.03543,0.66667,,,,
240.0,38.66667,80.66667,0.47967,10.66667,31.0,0.352,12.33333,14.66667,0.84967,8.0,31.66667,39.66667,17.33333,7.33333,2.66667,13.66667,17.66667,100.33333,240.0,34.66667,81.0,0.42967,8.33333,27.66667,0.301,17.0,19.33333,0.888,11.66667,31.0,42.66667,16.66667,7.33333,3.0,13.33333,14.66667,94.66667,0,-0.08877,0.08877,0.3843,0.25158,0.48114,0.54548,0.55683,0.59837,1521.19966,1589.88952,0.58631,0.41369,1.70733,2.42207,0.33333,240.0,43.33333,85.66667,0.507,8.66667,26.0,0.32867,12.0,13.33333,0.909,7.0,36.0,43.0,25.33333,5.66667,5.0,11.0,15.0,107.33333,240.0,39.33333,84.66667,0.46467,9.66667,31.66667,0.302,12.0,18.0,0.67833,8.66667,31.66667,40.33333,26.33333,7.33333,4.66667,11.0,17.0,100.33333,0,-0.09931,0.09931,0.24082,0.22273,0.52109,0.55815,0.56579,0.60755,1404.58645,1472.2495,0.58464,0.41536,1.74993,2.49657,0.33333,,,,
240.0,36.66667,82.0,0.448,11.0,28.0,0.392,15.66667,20.0,0.77233,4.66667,35.66667,40.33333,20.66667,6.66667,2.33333,10.33333,17.66667,100.0,240.0,38.33333,82.66667,0.46467,10.0,27.33333,0.36767,20.33333,24.0,0.841,6.66667,38.66667,45.33333,24.0,8.33333,6.33333,10.33333,18.33333,107.0,0,0.09814,-0.09814,0.18688,0.12005,0.52482,0.51524,0.60951,0.58059,1532.36454,1480.24975,0.43506,0.56494,2.34406,1.79276,1.0,240.0,38.66667,80.33333,0.48233,12.66667,29.33333,0.43267,12.0,17.0,0.70367,9.33333,30.0,39.33333,23.0,4.66667,4.0,12.66667,20.66667,102.0,240.0,40.66667,88.66667,0.457,9.0,25.66667,0.35667,16.33333,20.66667,0.75067,15.33333,31.0,46.33333,24.33333,8.0,2.33333,9.0,15.66667,106.66667,0,0.05718,-0.05718,0.52832,0.30501,0.50771,0.56197,0.57029,0.60912,1498.97228,1475.33022,0.47503,0.52497,2.15481,1.94838,0.66667,,,,
240.0,33.66667,85.33333,0.393,10.33333,34.33333,0.29933,14.66667,20.66667,0.72633,14.0,30.66667,44.66667,19.0,7.33333,4.66667,14.33333,15.33333,92.33333,240.0,45.33333,85.0,0.534,14.66667,33.0,0.44633,12.33333,16.33333,0.778,7.33333,36.33333,43.66667,26.66667,8.0,5.33333,12.0,20.0,117.66667,0,0.35785,-0.35785,0.24426,0.38436,0.62043,0.45271,0.66443,0.51159,1530.15642,1494.50766,0.49138,0.50862,2.06235,1.98721,1.0,240.0,42.33333,85.33333,0.49833,10.33333,26.66667,0.37533,16.66667,20.33333,0.844,7.66667,33.33333,41.0,29.33333,11.33333,3.66667,16.0,18.0,111.66667,240.0,41.0,85.33333,0.48,12.33333,32.66667,0.36733,13.66667,16.66667,0.80867,8.66667,31.33333,40.0,27.66667,8.66667,2.66667,17.33333,20.33333,108.0,0,-0.03505,0.03505,0.25846,0.28314,0.55158,0.55894,0.60666,0.62325,1490.68632,1545.07889,0.57227,0.42773,1.77969,2.42264,0.33333,,,,
240.0,39.33333,82.33333,0.47933,10.0,29.66667,0.345,14.0,17.66667,0.825,7.33333,28.0,35.33333,18.33333,9.66667,2.66667,13.0,18.0,102.66667,240.0,38.66667,80.0,0.48333,8.33333,26.0,0.319,16.66667,18.33333,0.91667,10.33333,33.0,43.33333,18.66667,6.0,3.0,15.66667,16.66667,102.33333,1,-0.00421,0.00421,0.37265,0.22278,0.53538,0.53978,0.60881,0.59716,1510.01662,1582.20938,0.60038,0.39962,1.67153,2.52373,0.66667,240.0,40.0,81.66667,0.49,10.0,27.0,0.35733,18.33333,22.33333,0.83333,6.66667,34.66667,41.33333,26.0,6.66667,7.0,14.66667,17.33333,108.33333,240.0,41.0,86.0,0.476,12.66667,28.33333,0.447,11.0,17.66667,0.60867,9.0,33.33333,42.33333,24.66667,8.66667,3.33333,14.66667,19.33333,105.66667,1,-0.05477,0.05477,0.24914,0.20382,0.5501,0.55188,0.58669,0.62671,1517.65068,1504.7109,0.47485,0.52515,2.25191,2.04966,0.33333,,,,
240.0,41.0,86.0,0.47567,17.66667,41.33333,0.42467,22.0,25.33333,0.85167,9.33333,37.0,46.33333,21.66667,9.0,7.33333,15.0,22.33333,121.66667,240.0,36.66667,91.33333,0.39767,8.66667,28.33333,0.30433,16.0,23.33333,0.68033,14.0,32.66667,46.66667,20.66667,8.0,6.0,15.33333,20.66667,98.0,1,-0.31459,0.31459,0.37749,0.28857,0.44523,0.57877,0.50615,0.66223,1463.5199,1585.56485,0.63908,0.36092,1.57563,2.82502,0.0,240.0,31.0,81.66667,0.37667,8.66667,28.0,0.302,14.0,18.0,0.767,10.0,28.33333,38.33333,16.66667,6.0,4.33333,13.33333,18.0,84.66667,240.0,42.33333,82.66667,0.51433,14.0,32.0,0.43633,13.33333,17.33333,0.79567,9.0,38.0,47.0,26.0,7.66667,4.0,11.33333,18.33333,112.0,1,0.42953,-0.42953,0.34951,0.26552,0.59966,0.42844,0.65028,0.49196,1526.24458,1508.7051,0.50873,0.49127,1.98014,2.05028,1.0,,,,
240.0,40.33333,85.66667,0.47033,13.66667,30.66667,0.44633,14.33333,21.0,0.672,6.33333,38.66667,45.0,24.66667,2.66667,6.33333,12.33333,20.0,108.66667,240.0,42.66667,94.66667,0.45233,11.0,32.66667,0.339,17.0,21.0,0.845,9.33333,35.33333,44.66667,25.0,8.0,4.0,6.66667,18.66667,113.33333,0,0.06832,-0.06832,0.24411,0.18164,0.51093,0.54989,0.57337,0.60116,1550.03173,1493.37906,0.42411,0.57589,2.36782,1.74017,0.66667,240.0,41.33333,86.33333,0.47867,7.0,28.0,0.247,11.0,14.0,0.834,6.0,33.66667,39.66667,23.66667,6.0,4.66667,15.0,18.66667,100.66667,240.0,41.66667,88.66667,0.47067,18.66667,45.66667,0.411,15.33333,21.0,0.72833,9.0,35.33333,44.33333,29.0,9.66667,3.33333,12.33333,14.66667,117.33333,0,0.22151,-0.22151,0.27142,0.17071,0.57653,0.51932,0.63002,0.56292,1600.54622,1488.92338,0.36447,0.63553,2.75699,1.57582,1.0,,,,
240.0,36.0,86.33333,0.421,9.0,27.0,0.32467,13.66667,18.66667,0.734,9.0,32.0,41.0,19.33333,4.66667,2.33333,14.0,21.66667,94.66667,240.0,43.66667,86.66667,0.50167,14.0,34.0,0.41033,20.0,23.66667,0.86133,8.33333,37.66667,46.0,27.0,9.33333,6.66667,10.0,16.33333,121.33333,0,0.35926,-0.35926,0.25811,0.23345,0.58232,0.4715,0.65852,0.52661,1523.62822,1414.74762,0.37021,0.62979,2.79589,1.60524,1.0,240.0,41.66667,87.66667,0.47933,10.66667,29.66667,0.35033,10.66667,13.66667,0.79667,9.66667,26.33333,36.0,23.33333,5.33333,5.0,15.0,17.0,104.66667,240.0,42.0,81.0,0.518,11.0,25.0,0.43467,16.33333,18.66667,0.882,8.33333,32.66667,41.0,24.33333,8.66667,5.0,16.0,17.33333,111.33333,0,0.08536,-0.08536,0.31821,0.28166,0.58582,0.53976,0.65357,0.58079,1513.62519,1511.91569,0.51227,0.48773,1.9802,2.08454,0.66667,,,,
240.0,37.33333,80.66667,0.46767,10.0,26.66667,0.36467,13.66667,18.33333,0.76767,7.66667,28.33333,36.0,23.0,8.66667,5.0,13.66667,16.0,98.33333,240.0,38.0,81.66667,0.46533,12.33333,28.33333,0.442,13.66667,16.66667,0.84167,10.66667,31.66667,42.33333,23.0,7.66667,5.66667,16.0,19.0,102.0,0,0.06527,-0.06527,0.38232,0.23706,0.54108,0.53087,0.5977,0.58632,1437.54802,1488.87387,0.58159,0.41841,1.72914,2.41778,0.33333,240.0,39.0,82.66667,0.47167,14.0,31.0,0.448,11.0,15.0,0.73767,9.66667,31.33333,41.0,25.66667,5.0,3.0,11.66667,20.0,103.0,240.0,40.33333,87.33333,0.45967,8.66667,22.66667,0.39133,12.33333,19.0,0.65467,15.0,32.0,47.0,24.0,8.0,3.0,10.0,15.66667,101.66667,0,-0.02539,0.02539,0.49871,0.30654,0.50933,0.55669,0.55361,0.59967,1490.75306,1481.2664,0.48476,0.51524,2.10831,1.98147,0.33333,,,,
240.0,35.33333,83.33333,0.422,7.66667,22.0,0.34033,16.33333,20.66667,0.79067,10.33333,27.33333,37.66667,18.0,10.0,4.0,10.66667,22.0,94.66667,240.0,37.0,77.33333,0.47933,11.66667,28.0,0.40633,16.66667,22.33333,0.75133,9.0,36.0,45.0,23.0,5.33333,4.33333,15.66667,20.33333,102.33333,0,0.13542,-0.13542,0.35726,0.28641,0.55488,0.46725,0.62343,0.53708,1488.88239,1551.83626,0.59143,0.40857,1.71674,2.54699,0.33333,240.0,46.0,86.0,0.53633,11.66667,28.0,0.407,14.33333,19.66667,0.73833,10.0,30.66667,40.66667,30.0,9.0,4.66667,14.66667,22.0,118.0,240.0,41.0,84.66667,0.48967,10.0,29.66667,0.33833,19.33333,25.0,0.74433,12.33333,28.66667,41.0,21.66667,7.0,4.0,15.0,18.33333,111.33333,0,-0.08437,0.08437,0.40158,0.34842,0.55014,0.60396,0.62548,0.65492,1481.96883,1505.49568,0.51684,0.48316,1.94581,2.08338,0.33333,,,,
240.0,41.33333,91.0,0.45467,10.33333,29.33333,0.35333,14.33333,23.0,0.627,14.66667,31.66667,46.33333,22.0,9.33333,4.66667,16.0,25.33333,107.33333,240.0,40.0,84.33333,0.47433,10.66667,28.33333,0.37633,22.33333,26.33333,0.83867,8.66667,33.66667,42.33333,24.66667,6.0,7.33333,15.66667,22.33333,113.0,1,0.074,-0.074,0.2737,0.44167,0.53771,0.51098,0.62652,0.55907,1502.97325,1470.70298,0.46057,0.53943,2.17494,1.85599,0.66667,248.33333,41.33333,88.33333,0.46667,9.0,26.66667,0.33767,13.0,16.33333,0.79967,6.33333,41.33333,47.66667,24.33333,6.0,8.0,16.33333,26.0,104.66667,248.33333,36.0,93.66667,0.38533,6.33333,21.66667,0.279,22.33333,28.66667,0.77133,11.33333,39.0,50.33333,18.66667,8.33333,6.33333,12.33333,17.0,100.66667,1,-0.05661,0.05661,0.28442,0.16562,0.41802,0.51894,0.50462,0.56894,1489.257,1493.92543,0.50289,0.49711,2.10906,2.17232,0.33333,,,,
240.0,35.66667,77.0,0.46033,12.0,24.33333,0.498,14.66667,17.33333,0.85,7.0,26.33333,33.33333,22.0,6.0,3.33333,14.66667,20.66667,98.0,240.0,38.33333,72.33333,0.52967,9.33333,19.33333,0.50033,20.33333,24.66667,0.829,5.33333,29.66667,35.0,22.66667,8.33333,5.0,11.33333,17.33333,106.33333,0,0.12136,-0.12136,0.22014,0.24414,0.5943,0.53842,0.68361,0.60506,1515.73987,1469.37203,0.44325,0.55675,2.25955,1.79792,1.0,240.0,36.66667,80.66667,0.45533,9.33333,29.66667,0.32033,14.0,19.66667,0.709,6.66667,35.0,41.66667,19.66667,5.33333,6.0,15.33333,18.66667,96.66667,240.0,38.66667,87.33333,0.44167,8.33333,26.33333,0.32233,15.0,17.0,0.885,10.0,34.0,44.0,22.0,8.33333,4.66667,11.33333,18.0,100.66667,0,0.05713,-0.05713,0.3127,0.19254,0.48952,0.51288,0.55169,0.56891,1551.78845,1511.20017,0.45549,0.54451,2.20488,1.84161,0.33333,,,,
240.0,36.33333,79.66667,0.456,14.0,34.0,0.40533,15.33333,19.66667,0.78367,6.0,37.0,43.0,24.0,6.66667,4.66667,13.33333,19.0,102.0,240.0,36.66667,84.66667,0.435,10.66667,27.66667,0.38967,15.33333,21.66667,0.72233,8.33333,37.0,45.33333,22.33333,10.33333,2.33333,12.0,17.0,99.33333,0,-0.03933,0.03933,0.23336,0.17177,0.49777,0.54458,0.55688,0.60857,1471.69935,1482.7635,0.51189,0.48811,1.98064,2.08608,0.33333,240.0,34.66667,83.33333,0.41533,10.33333,30.33333,0.338,16.33333,21.66667,0.74233,9.0,32.0,41.0,19.66667,8.66667,5.33333,15.0,22.66667,96.0,240.0,37.66667,87.33333,0.43067,8.66667,24.33333,0.34933,18.0,21.33333,0.837,13.66667,36.0,49.66667,22.0,7.33333,5.0,15.33333,21.66667,102.0,0,0.08813,-0.08813,0.4406,0.25278,0.48129,0.47707,0.55559,0.54414,1504.8786,1528.22139,0.54572,0.45428,1.83464,2.20501,0.66667,,,,
240.0,38.33333,83.66667,0.45967,7.66667,24.33333,0.31933,20.66667,24.33333,0.84633,7.66667,34.0,41.66667,16.66667,8.0,3.66667,11.33333,18.66667,105.0,240.0,40.0,85.66667,0.46967,7.66667,19.33333,0.39367,14.66667,18.33333,0.81,9.0,34.33333,43.33333,19.66667,5.66667,5.33333,12.66667,17.66667,102.33333,1,-0.04179,0.04179,0.25741,0.22282,0.51475,0.50564,0.57343,0.59104,1555.64691,1529.76602,0.46014,0.53986,2.25129,1.89486,0.33333,240.0,40.0,82.33333,0.486,8.33333,25.33333,0.321,18.66667,24.0,0.78633,8.0,31.33333,39.33333,24.0,8.0,4.33333,14.0,19.0,107.0,240.0,37.33333,80.66667,0.463,12.66667,33.33333,0.37833,14.0,18.0,0.792,7.0,31.33333,38.33333,20.66667,5.33333,4.0,16.0,20.33333,101.33333,1,-0.07218,0.07218,0.2268,0.26947,0.54146,0.53597,0.59873,0.61053,1465.09891,1558.20436,0.62445,0.37555,1.62155,2.74534,0.66667,,,,
240.0,41.66667,78.33333,0.53567,7.66667,21.0,0.36333,16.66667,23.0,0.75433,4.66667,33.0,37.66667,21.66667,9.66667,5.33333,12.33333,21.0,107.66667,240.0,37.33333,80.33333,0.46433,9.66667,24.0,0.37267,15.33333,21.66667,0.717,8.0,32.0,40.0,21.0,6.0,2.33333,15.0,18.0,99.66667,0,-0.12638,0.12638,0.24428,0.15909,0.52397,0.58553,0.58551,0.64933,1470.62943,1474.14435,0.49164,0.50836,2.08131,2.01363,0.33333,240.0,42.33333,90.0,0.47,11.33333,27.0,0.41067,12.66667,17.33333,0.72133,13.0,31.0,44.0,24.66667,9.0,1.33333,12.33333,20.0,108.66667,240.0,40.66667,78.66667,0.51667,14.0,31.0,0.45033,15.33333,21.33333,0.718,5.33333,30.33333,35.66667,28.0,5.66667,5.66667,14.0,19.66667,110.66667,0,0.03026,-0.03026,0.17287,0.43507,0.60605,0.53472,0.66365,0.58105,1579.53442,1479.45876,0.36106,0.63894,2.89769,1.58354,0.66667,,,,
240.0,42.33333,88.66667,0.47567,10.66667,30.33333,0.35067,12.66667,18.33333,0.67433,10.0,31.0,41.0,28.33333,4.66667,4.33333,15.0,20.33333,108.0,240.0,44.0,92.33333,0.47933,10.0,29.33333,0.30567,17.66667,22.0,0.80333,13.0,33.66667,46.66667,26.33333,8.33333,5.33333,13.0,19.0,115.66667,0,0.07691,-0.07691,0.44709,0.29841,0.53423,0.53587,0.59818,0.58163,1512.28475,1497.29679,0.48634,0.51366,2.12068,2.00477,0.66667,240.0,32.66667,77.66667,0.421,6.66667,25.33333,0.275,16.33333,19.66667,0.836,9.33333,32.33333,41.66667,15.66667,4.66667,3.66667,16.33333,18.33333,88.33333,240.0,42.66667,84.66667,0.50533,15.33333,33.0,0.467,11.66667,15.66667,0.77,7.33333,32.0,39.33333,26.0,8.33333,4.33333,9.33333,18.0,112.33333,0,0.36151,-0.36151,0.22827,0.29639,0.59625,0.46404,0.6386,0.53859,1496.03492,1459.68253,0.48256,0.51744,2.08163,1.94038,1.0,,,,
240.0,40.0,88.66667,0.451,6.66667,20.66667,0.31967,14.66667,17.0,0.888,10.0,29.0,39.0,23.0,9.0,4.0,14.66667,18.66667,101.33333,240.0,40.66667,84.33333,0.48233,9.33333,29.0,0.33867,15.0,20.66667,0.741,10.33333,33.0,43.33333,26.33333,10.0,5.66667,16.66667,18.66667,105.66667,0,0.06481,-0.06481,0.36243,0.30357,0.53757,0.48796,0.59443,0.54775,1452.61868,1497.44568,0.57603,0.42397,1.74391,2.38101,0.66667,240.0,38.0,81.0,0.46867,12.66667,31.0,0.405,12.66667,16.33333,0.78467,7.66667,37.0,44.66667,23.33333,6.0,3.66667,15.33333,16.33333,101.33333,240.0,32.66667,84.0,0.38633,12.0,30.66667,0.38767,15.66667,19.0,0.822,9.66667,32.0,41.66667,19.33333,8.33333,3.0,14.0,16.33333,93.0,0,-0.13687,0.13687,0.25884,0.23801,0.45722,0.54644,0.52544,0.59856,1501.36763,1508.88815,0.48959,0.51041,2.10347,2.02211,0.33333,,,,
240.0,35.66667,87.66667,0.40433,12.33333,35.0,0.35067,15.0,20.33333,0.75133,12.33333,31.33333,43.66667,20.0,6.0,4.33333,11.0,17.66667,98.66667,240.0,45.66667,86.33333,0.52933,12.66667,29.66667,0.429,13.0,18.33333,0.75,8.33333,36.33333,44.66667,26.0,5.0,5.66667,9.66667,19.0,117.0,1,0.26242,-0.26242,0.27124,0.3405,0.60247,0.47321,0.64704,0.53183,1497.05508,1487.59938,0.52022,0.47978,1.92365,2.08605,1.0,248.33333,44.33333,92.33333,0.48367,11.66667,27.66667,0.42733,15.33333,20.33333,0.80567,13.0,33.33333,46.33333,29.33333,8.0,6.33333,16.33333,17.33333,115.66667,248.33333,45.0,90.0,0.50633,10.0,28.66667,0.34667,14.33333,20.66667,0.69367,9.33333,32.0,41.33333,22.66667,9.0,6.0,14.33333,20.0,114.33333,1,-0.01017,0.01017,0.26254,0.40008,0.56442,0.54692,0.61333,0.60197,1460.8091,1522.87007,0.58554,0.41446,1.75448,2.52303,0.66667,,,,
240.0,38.33333,82.33333,0.46633,10.0,32.0,0.31267,20.33333,27.66667,0.718,11.0,38.33333,49.33333,26.0,9.0,6.0,18.33333,22.33333,107.0,240.0,39.33333,90.0,0.44333,9.0,29.33333,0.3,19.66667,26.33333,0.757,12.66667,31.0,43.66667,19.66667,7.33333,5.66667,13.33333,23.0,107.33333,0,0.00791,-0.00791,0.31762,0.36104,0.49785,0.52665,0.57042,0.60526,1523.2925,1504.74541,0.47648,0.52352,2.11534,1.92302,0.33333,240.0,39.66667,84.66667,0.46833,11.0,28.66667,0.40033,10.66667,15.66667,0.68167,7.66667,33.33333,41.0,26.66667,9.33333,4.66667,13.0,19.33333,101.0,240.0,39.66667,78.0,0.50933,12.0,32.0,0.38333,17.0,22.33333,0.757,4.33333,35.33333,39.66667,24.33333,8.33333,4.0,12.66667,13.66667,108.33333,0,0.1023,-0.1023,0.12495,0.21667,0.58639,0.53364,0.65439,0.57351,1524.28326,1443.8712,0.39692,0.60308,2.60361,1.67828,1.0,,,,
240.0,41.66667,90.66667,0.45867,8.33333,25.33333,0.32567,15.66667,20.66667,0.75067,12.33333,34.66667,47.0,23.33333,7.66667,3.0,14.66667,16.66667,107.33333,240.0,43.66667,87.66667,0.50067,14.33333,33.0,0.43867,13.66667,18.0,0.74833,6.0,32.66667,38.66667,30.0,10.0,6.33333,12.33333,19.33333,115.33333,1,0.09481,-0.09481,0.16866,0.40132,0.58264,0.50528,0.63202,0.56496,1506.88022,1405.60816,0.37284,0.62716,2.87812,1.63834,0.66667,240.0,37.0,84.33333,0.439,11.0,30.0,0.368,24.66667,29.66667,0.826,8.33333,30.66667,39.0,22.33333,7.66667,3.0,12.66667,30.0,109.66667,240.0,36.0,87.66667,0.413,5.33333,24.66667,0.21033,28.33333,38.66667,0.772,20.0,34.66667,54.66667,21.66667,6.33333,4.66667,15.33333,23.0,105.66667,1,-0.06051,0.06051,0.65493,0.25032,0.44368,0.5042,0.55137,0.60408,1522.20293,1524.69024,0.48737,0.51263,2.06735,1.96345,0.66667,,,,
240.0,43.0,89.0,0.484,8.66667,23.33333,0.374,18.33333,23.66667,0.763,10.33333,32.33333,42.66667,24.0,8.33333,4.66667,12.66667,19.0,113.0,240.0,41.66667,87.66667,0.47733,12.0,32.33333,0.36733,19.0,21.66667,0.88933,8.33333,31.66667,40.0,28.33333,10.0,5.33333,12.66667,22.0,114.33333,0,0.01113,-0.01113,0.25899,0.34459,0.54644,0.5339,0.62028,0.6048,1554.08897,1407.24628,0.29691,0.70309,3.40599,1.42526,0.66667,240.0,39.66667,79.33333,0.505,9.66667,29.0,0.34233,14.66667,21.0,0.74,6.33333,33.33333,39.66667,24.0,10.66667,4.0,13.66667,17.33333,103.66667,240.0,34.66667,77.66667,0.44667,8.66667,20.33333,0.41767,11.66667,17.33333,0.693,8.0,31.66667,39.66667,16.33333,7.0,5.33333,18.33333,18.33333,89.66667,0,-0.20798,0.20798,0.24002,0.194,0.50237,0.56589,0.55081,0.62142,1390.90533,1517.72086,0.65786,0.34214,1.53414,3.03972,0.0,,,,
240.0,33.66667,75.66667,0.444,8.33333,26.66667,0.311,20.33333,26.66667,0.769,7.66667,34.66667,42.33333,18.66667,9.0,7.0,13.66667,20.33333,96.0,240.0,32.66667,81.66667,0.39967,5.0,20.66667,0.25533,14.66667,21.66667,0.67433,12.33333,30.0,42.33333,20.0,7.66667,4.0,16.66667,21.33333,85.0,1,-0.17294,0.17294,0.36149,0.25635,0.43061,0.50016,0.49237,0.58864,1499.37504,1534.75949,0.52392,0.47608,1.91535,2.11018,0.33333,248.33333,42.66667,89.66667,0.478,8.33333,25.66667,0.33,18.66667,26.0,0.72133,11.33333,31.66667,43.0,24.33333,10.66667,4.66667,13.0,23.66667,112.33333,248.33333,36.66667,88.33333,0.418,5.33333,21.66667,0.24067,20.33333,26.33333,0.77833,15.66667,34.33333,50.0,16.33333,7.0,6.66667,19.33333,21.66667,99.0,1,-0.18508,0.18508,0.50287,0.32868,0.44872,0.52458,0.52875,0.59141,1417.55364,1512.56069,0.61347,0.38653,1.64657,2.66236,0.0,,,,
248.33333,40.66667,90.0,0.45067,12.33333,31.66667,0.39,8.66667,13.0,0.67133,11.66667,32.66667,44.33333,23.33333,10.33333,3.66667,14.33333,20.66667,102.33333,248.33333,41.33333,83.0,0.49867,11.33333,29.33333,0.39733,15.66667,20.0,0.788,7.33333,31.66667,39.0,25.33333,8.0,5.0,13.66667,14.33333,109.66667,0,0.1028,-0.1028,0.23025,0.37558,0.56764,0.51914,0.62826,0.54985,1512.71198,1384.7959,0.33056,0.66944,3.03783,1.49528,0.66667,240.0,38.0,84.33333,0.45167,8.0,24.33333,0.329,21.0,26.33333,0.80133,7.0,32.33333,39.33333,19.66667,6.0,3.33333,16.33333,18.33333,105.0,240.0,48.66667,95.33333,0.51,10.66667,32.0,0.32667,14.0,18.66667,0.70267,10.33333,34.33333,44.66667,28.33333,10.0,5.66667,11.66667,20.66667,122.0,0,0.22748,-0.22748,0.3235,0.20168,0.56632,0.50028,0.61377,0.58617,1577.15745,1453.60895,0.3432,0.6568,2.97184,1.53121,1.0,,,,
240.0,38.66667,80.0,0.48,12.0,30.33333,0.389,17.33333,24.0,0.73433,9.33333,25.0,34.33333,25.33333,12.0,3.33333,15.0,21.33333,106.66667,240.0,40.33333,77.33333,0.52233,7.0,21.33333,0.32633,20.33333,27.33333,0.746,10.0,31.0,41.0,21.0,9.0,6.0,16.0,21.0,108.0,0,0.02665,-0.02665,0.40134,0.30735,0.56896,0.55444,0.64986,0.62386,1508.41142,1526.56822,0.53188,0.46812,1.88571,2.14516,0.66667,240.0,39.33333,85.0,0.46333,10.0,33.33333,0.301,11.33333,13.33333,0.86133,8.0,36.0,44.0,23.0,4.66667,2.33333,12.0,16.33333,100.0,240.0,38.33333,81.66667,0.46933,9.33333,29.33333,0.31967,15.0,22.0,0.68767,9.33333,33.66667,43.0,24.0,7.66667,5.0,11.0,17.66667,101.0,0,0.02038,-0.02038,0.25987,0.23569,0.52665,0.52253,0.58363,0.56966,1410.09937,1534.18029,0.67912,0.32088,1.48064,3.20822,0.66667,,,,
248.33333,40.0,90.33333,0.441,10.0,27.66667,0.36633,19.66667,25.33333,0.742,8.33333,32.33333,40.66667,23.33333,5.66667,4.66667,10.0,29.0,109.66667,248.33333,38.33333,85.66667,0.44733,7.66667,25.33333,0.28567,27.66667,39.33333,0.703,16.0,37.66667,53.66667,24.33333,4.66667,4.66667,12.66667,21.33333,112.0,0,0.02389,-0.02389,0.51106,0.22583,0.49112,0.49648,0.59068,0.56968,1508.41647,1547.92877,0.55654,0.44346,1.79876,2.25885,0.66667,240.0,37.0,80.66667,0.458,10.0,28.33333,0.36233,13.66667,18.0,0.75267,8.66667,32.66667,41.33333,20.0,5.0,5.66667,14.33333,18.0,97.66667,240.0,43.33333,84.33333,0.515,14.66667,31.33333,0.467,12.33333,17.66667,0.72933,7.33333,32.33333,39.66667,26.66667,7.33333,3.66667,9.33333,18.0,113.66667,0,0.23437,-0.23437,0.22616,0.27695,0.60231,0.51908,0.64524,0.57611,1509.57839,1481.17275,0.48417,0.51583,2.07358,1.94569,1.0,,,,
240.0,35.0,83.33333,0.42067,9.0,29.33333,0.30633,19.66667,27.66667,0.70167,10.33333,31.0,41.33333,18.33333,7.0,1.33333,12.33333,23.0,98.66667,240.0,36.33333,82.33333,0.44267,10.66667,27.0,0.391,19.33333,23.33333,0.85567,13.33333,33.0,46.33333,26.33333,5.33333,5.33333,15.0,21.66667,102.66667,1,0.05692,-0.05692,0.44007,0.33707,0.50721,0.47456,0.5871,0.55288,1512.57604,1514.75298,0.5031,0.4969,1.99825,2.02392,1.0,240.0,42.33333,85.33333,0.49667,15.33333,36.33333,0.42033,13.66667,16.66667,0.84,11.33333,32.33333,43.66667,32.66667,7.66667,4.33333,17.66667,24.0,113.66667,240.0,37.33333,80.33333,0.466,12.66667,31.33333,0.40067,19.66667,25.33333,0.777,8.66667,27.0,35.66667,25.0,8.33333,4.0,15.66667,17.33333,107.0,1,-0.09549,0.09549,0.27369,0.43593,0.54481,0.58776,0.62408,0.64058,1428.45088,1478.16329,0.55807,0.44193,1.80215,2.28636,0.33333,,,,
248.33333,39.33333,82.66667,0.47733,10.66667,29.0,0.369,16.0,20.66667,0.80033,5.33333,34.66667,40.0,21.66667,9.0,4.0,14.0,18.66667,105.33333,248.33333,39.0,85.0,0.46233,8.0,28.0,0.291,15.33333,17.0,0.90833,8.33333,34.66667,43.0,19.33333,6.33333,3.0,15.0,19.33333,101.33333,0,-0.05446,0.05446,0.26154,0.15324,0.51011,0.54167,0.5753,0.60551,1475.99174,1578.01119,0.63861,0.36139,1.57084,2.7929,0.33333,240.0,36.33333,78.0,0.46967,12.33333,27.66667,0.44167,12.66667,17.33333,0.75,8.0,28.0,36.0,21.33333,6.33333,2.33333,15.0,19.0,97.66667,240.0,39.66667,81.33333,0.48767,11.66667,25.33333,0.45733,14.66667,16.66667,0.89667,8.33333,30.66667,39.0,27.33333,5.66667,6.33333,11.66667,16.66667,105.66667,0,0.11084,-0.11084,0.30427,0.27605,0.55855,0.55049,0.62142,0.60279,1538.65845,1481.59675,0.42723,0.57277,2.35736,1.7523,1.0,,,,
240.0,41.66667,84.0,0.49667,10.66667,26.0,0.409,15.0,20.66667,0.73267,9.33333,32.66667,42.0,26.0,9.0,4.0,10.66667,21.0,109.0,240.0,35.66667,78.66667,0.45333,11.0,27.33333,0.39533,19.0,24.33333,0.78367,7.0,31.66667,38.66667,20.66667,5.0,4.66667,13.66667,20.0,101.33333,0,-0.11012,0.11012,0.21991,0.29462,0.52286,0.56024,0.60248,0.61629,1461.94737,1555.71907,0.61889,0.38111,1.63803,2.71366,0.33333,240.0,42.33333,95.66667,0.44333,8.33333,26.0,0.31933,10.33333,17.0,0.62633,12.66667,35.66667,48.33333,17.0,8.0,5.33333,8.33333,20.33333,103.33333,240.0,34.0,81.0,0.42,11.66667,35.33333,0.32033,17.33333,23.33333,0.76167,9.0,37.0,46.0,22.0,2.33333,6.0,14.66667,18.66667,97.0,0,-0.08965,0.08965,0.25478,0.33856,0.49172,0.48661,0.56286,0.52061,1463.71411,1479.44061,0.50671,0.49329,2.00483,2.06794,0.33333,,,,
240.0,39.33333,79.66667,0.49333,9.0,21.33333,0.41467,22.0,26.66667,0.82333,8.66667,30.33333,39.0,23.0,7.33333,3.66667,15.33333,20.33333,109.66667,240.0,42.0,87.66667,0.477,12.33333,31.0,0.39467,15.0,19.0,0.76867,10.33333,28.66667,39.0,21.66667,6.0,2.66667,14.66667,22.0,111.33333,0,0.01867,-0.01867,0.34102,0.30159,0.54725,0.5497,0.60562,0.64062,1521.72507,1486.57587,0.44745,0.55255,2.27229,1.83322,0.66667,240.0,43.66667,86.33333,0.506,11.66667,33.33333,0.35033,8.66667,12.0,0.76767,6.0,34.0,40.0,24.66667,6.66667,4.33333,15.0,18.33333,107.66667,240.0,44.0,86.66667,0.507,18.33333,45.0,0.40933,15.33333,22.0,0.69733,7.33333,35.0,42.33333,29.0,9.66667,3.66667,13.0,14.66667,121.66667,0,0.18215,-0.18215,0.22128,0.17261,0.61324,0.57422,0.66446,0.60562,1612.60247,1484.56139,0.34007,0.65993,2.96367,1.51866,1.0,,,,
240.0,39.33333,88.0,0.45367,10.66667,28.66667,0.37367,10.66667,17.33333,0.61733,10.0,32.0,42.0,20.33333,4.66667,3.66667,14.0,19.66667,100.0,240.0,43.33333,87.0,0.496,13.33333,33.66667,0.39467,17.33333,20.66667,0.84733,8.0,36.0,44.0,26.33333,8.33333,6.66667,12.0,16.0,117.33333,1,0.21603,-0.21603,0.24858,0.27596,0.57256,0.51359,0.63833,0.54973,1534.3849,1407.51468,0.33353,0.66647,3.04108,1.50565,1.0,240.0,38.33333,82.33333,0.46533,9.0,29.0,0.30667,14.66667,17.33333,0.83533,7.0,37.0,44.0,24.0,7.0,8.0,15.33333,23.0,100.33333,240.0,33.0,88.33333,0.375,4.33333,20.33333,0.21733,22.0,27.66667,0.78633,13.0,34.66667,47.66667,18.0,8.33333,4.0,13.33333,16.66667,92.33333,1,-0.12369,0.12369,0.35055,0.21208,0.39897,0.52006,0.49047,0.58218,1492.05369,1533.28131,0.54435,0.45565,1.88672,2.30438,0.33333,,,,
240.0,41.33333,82.0,0.505,15.33333,37.33333,0.40933,17.66667,21.33333,0.83967,9.33333,34.66667,44.0,25.66667,7.33333,3.33333,12.33333,18.0,115.66667,240.0,37.0,85.66667,0.43633,8.0,31.0,0.253,16.66667,20.66667,0.80367,13.33333,28.33333,41.66667,20.0,6.33333,3.66667,13.33333,18.0,98.66667,0,-0.23691,0.23691,0.38606,0.35926,0.48502,0.59854,0.55294,0.668,1451.74584,1521.25671,0.56882,0.43118,1.81783,2.42775,0.0,240.0,39.66667,88.66667,0.44833,10.66667,30.0,0.34533,10.66667,16.0,0.667,12.0,29.33333,41.33333,22.0,3.66667,5.33333,15.66667,17.66667,100.66667,240.0,42.33333,84.0,0.505,12.66667,28.66667,0.451,14.0,17.0,0.81533,7.33333,34.66667,42.0,24.66667,8.0,6.0,14.33333,17.33333,111.33333,0,0.142,-0.142,0.25667,0.34496,0.58089,0.50813,0.63578,0.54616,1517.05799,1450.3532,0.42707,0.57293,2.40953,1.77083,1.0,,,,
240.0,41.33333,80.33333,0.514,8.66667,19.66667,0.44,15.66667,18.66667,0.83367,8.33333,29.0,37.33333,25.33333,6.33333,5.66667,13.33333,19.33333,107.0,240.0,38.66667,79.66667,0.48667,11.66667,30.66667,0.36967,18.0,23.0,0.74633,8.66667,28.0,36.66667,27.0,8.66667,4.66667,12.33333,16.33333,107.0,0,0.00025,-0.00025,0.3073,0.29877,0.55837,0.56842,0.63509,0.63408,1496.7291,1391.39082,0.35849,0.64151,2.99461,1.5909,0.33333,240.0,38.66667,87.33333,0.445,11.33333,27.66667,0.42233,13.66667,20.33333,0.7,9.66667,34.66667,44.33333,26.66667,5.66667,4.0,12.0,18.33333,102.33333,240.0,40.0,79.66667,0.504,11.66667,32.0,0.37467,16.33333,20.33333,0.795,3.0,37.33333,40.33333,23.33333,8.0,5.33333,11.66667,18.33333,108.0,0,0.07768,-0.07768,0.08513,0.25238,0.57707,0.51026,0.64377,0.56043,1511.24095,1484.86242,0.46893,0.53107,2.14757,1.89367,1.0,,,,
240.0,35.33333,80.66667,0.43967,10.0,27.66667,0.36433,14.0,17.33333,0.79633,5.33333,32.66667,38.0,20.0,6.33333,4.0,10.0,18.66667,94.66667,240.0,36.0,79.33333,0.45667,9.0,25.66667,0.35133,20.0,24.66667,0.80033,8.33333,37.66667,46.0,21.33333,8.33333,5.33333,13.0,19.33333,101.0,0,0.09339,-0.09339,0.26095,0.14141,0.51257,0.5019,0.59803,0.56254,1528.82104,1488.85084,0.4495,0.5505,2.26921,1.83888,1.0,240.0,37.66667,83.66667,0.45233,9.0,25.33333,0.378,18.66667,23.0,0.80867,10.66667,29.33333,40.0,21.66667,6.66667,5.66667,13.0,19.0,103.0,240.0,41.0,84.66667,0.48833,12.0,30.0,0.41167,15.0,19.33333,0.76467,8.66667,32.0,40.66667,29.0,8.33333,7.0,12.33333,18.33333,109.0,0,0.08401,-0.08401,0.29593,0.33782,0.5602,0.50636,0.61701,0.58241,1606.40189,1473.17,0.32731,0.67269,3.17716,1.49824,0.66667,,,,
240.0,45.33333,86.0,0.52733,16.0,31.33333,0.50967,11.33333,17.66667,0.61933,5.33333,38.33333,43.66667,27.33333,4.0,4.0,12.66667,18.33333,118.0,240.0,45.66667,92.66667,0.49567,13.33333,36.66667,0.364,15.33333,20.33333,0.8,7.0,35.0,42.0,25.0,8.33333,4.33333,6.66667,15.66667,120.0,0,0.02444,-0.02444,0.18035,0.15323,0.56892,0.62059,0.62165,0.65671,1561.23788,1487.02379,0.39808,0.60192,2.58547,1.67873,0.66667,240.0,39.33333,80.33333,0.49067,9.0,26.0,0.35,13.0,19.33333,0.67367,8.66667,29.66667,38.33333,24.66667,6.33333,3.0,16.66667,24.0,100.66667,240.0,39.33333,83.0,0.47467,11.0,31.33333,0.35167,20.33333,28.33333,0.71333,11.66667,32.66667,44.33333,24.0,8.0,4.66667,15.0,18.66667,110.0,0,0.13052,-0.13052,0.44356,0.27807,0.54072,0.54681,0.6163,0.59595,1502.32373,1457.67278,0.45051,0.54949,2.24958,1.83421,1.0,,,,
240.0,37.66667,80.66667,0.46567,9.66667,28.66667,0.34333,19.0,24.66667,0.757,6.33333,29.66667,36.0,22.0,7.66667,3.0,13.0,22.33333,104.0,240.0,39.33333,84.0,0.46967,11.0,27.33333,0.39167,18.66667,24.0,0.76267,12.66667,31.33333,44.0,27.33333,7.0,4.66667,15.0,22.33333,108.33333,0,0.06701,-0.06701,0.43796,0.2042,0.53699,0.52531,0.60896,0.60257,1551.76738,1515.95585,0.4539,0.5461,2.22492,1.84244,0.66667,240.0,37.66667,82.33333,0.45733,11.0,28.0,0.40167,9.66667,13.66667,0.652,8.0,30.33333,38.33333,22.33333,6.0,2.66667,14.33333,17.66667,96.0,240.0,40.33333,82.0,0.49333,9.33333,25.0,0.38,15.0,17.0,0.91267,7.66667,34.66667,42.33333,26.0,7.66667,5.0,12.0,16.66667,105.0,0,0.13225,-0.13225,0.26206,0.24894,0.55033,0.52434,0.61433,0.56276,1525.69298,1461.27446,0.41961,0.58039,2.38677,1.72438,1.0,,,,
248.33333,42.0,91.33333,0.461,13.0,32.66667,0.38267,14.0,18.0,0.78433,11.66667,32.0,43.66667,22.33333,7.0,5.33333,14.0,20.33333,111.0,248.33333,42.66667,87.33333,0.48667,9.0,25.66667,0.34167,18.33333,24.66667,0.752,11.0,32.66667,43.66667,23.33333,5.0,4.66667,12.0,17.66667,112.66667,1,0.00605,-0.00605,0.34967,0.37063,0.53767,0.53093,0.60499,0.5824,1486.54314,1484.58632,0.50055,0.49945,2.00724,2.0117,0.66667,240.0,37.0,81.33333,0.45433,8.33333,26.0,0.318,17.66667,22.66667,0.779,7.33333,36.66667,44.0,22.0,6.66667,7.66667,15.33333,18.66667,100.0,240.0,39.0,88.33333,0.43967,11.66667,29.33333,0.40367,13.66667,19.66667,0.69233,10.33333,36.0,46.33333,21.66667,8.66667,4.0,13.0,18.33333,103.33333,1,0.0221,-0.0221,0.2719,0.20311,0.50573,0.506,0.55613,0.57866,1517.51098,1540.82486,0.53729,0.46271,2.00601,2.32254,0.33333,,,,
240.0,39.33333,83.0,0.47267,16.66667,40.66667,0.40867,16.33333,20.66667,0.79467,8.0,36.66667,44.66667,20.0,9.33333,6.0,16.0,24.0,111.66667,240.0,32.33333,82.33333,0.39433,9.0,28.33333,0.31567,19.33333,25.33333,0.76167,10.0,31.66667,41.66667,17.0,8.33333,6.0,15.0,20.33333,93.0,1,-0.26705,0.26705,0.27583,0.25477,0.44956,0.57404,0.53112,0.63796,1499.30775,1606.45679,0.62314,0.37686,1.61503,2.70395,0.0,240.0,43.0,87.33333,0.49267,10.66667,25.33333,0.408,14.0,18.0,0.791,6.66667,35.66667,42.33333,20.33333,9.66667,4.66667,9.33333,19.33333,110.66667,240.0,38.0,88.66667,0.42667,9.66667,28.33333,0.33967,14.0,16.33333,0.88133,8.66667,36.33333,45.0,18.33333,4.33333,3.66667,13.66667,17.0,99.66667,1,-0.15587,0.15587,0.25,0.18761,0.48167,0.5538,0.54042,0.60601,1526.41502,1508.8856,0.45611,0.54389,2.21835,1.85562,0.0,,,,
240.0,35.0,79.66667,0.44367,10.0,28.0,0.345,15.0,19.33333,0.79733,8.33333,29.0,37.33333,20.0,7.33333,6.0,14.0,19.66667,95.0,240.0,37.33333,83.33333,0.44867,11.66667,27.33333,0.42967,18.66667,22.0,0.85367,12.33333,32.0,44.33333,21.66667,7.33333,5.33333,13.33333,17.66667,105.0,1,0.1489,-0.1489,0.43213,0.25822,0.51944,0.50819,0.59565,0.57215,1462.92607,1477.6566,0.53831,0.46169,1.8997,2.23583,0.66667,248.33333,45.66667,88.66667,0.51633,9.66667,24.0,0.39767,13.0,15.66667,0.85433,8.0,37.0,45.0,30.66667,7.66667,7.0,16.0,17.33333,114.0,248.33333,41.0,92.33333,0.44167,7.33333,25.66667,0.28167,14.33333,19.66667,0.724,12.33333,30.66667,43.0,19.33333,7.66667,6.0,14.66667,18.33333,103.66667,1,-0.13509,0.13509,0.33434,0.26459,0.48111,0.57061,0.535,0.62046,1452.95749,1506.71043,0.55885,0.44115,1.8336,2.36872,0.33333,,,,
240.0,40.66667,83.0,0.49,12.33333,33.33333,0.374,16.33333,20.33333,0.78033,11.0,31.0,42.0,24.66667,8.66667,2.66667,13.33333,20.66667,110.0,240.0,34.0,76.66667,0.442,8.33333,25.66667,0.33,14.33333,19.66667,0.699,8.33333,28.0,36.33333,19.0,8.0,3.33333,18.33333,19.0,90.66667,0,-0.28932,0.28932,0.28061,0.39984,0.4965,0.56473,0.55833,0.63031,1425.9062,1572.00799,0.68324,0.31676,1.4692,3.22263,0.0,240.0,45.33333,83.0,0.54567,12.33333,28.66667,0.42,14.0,19.33333,0.73333,9.0,32.0,41.0,33.33333,7.33333,3.66667,13.66667,18.33333,117.0,240.0,40.33333,83.0,0.49167,11.33333,31.0,0.36533,17.0,23.0,0.725,10.33333,27.0,37.33333,22.66667,7.33333,4.33333,12.66667,17.33333,109.0,0,-0.10057,0.10057,0.33215,0.33422,0.56141,0.6198,0.62798,0.67026,1469.73837,1531.71353,0.57106,0.42894,1.76384,2.36262,0.33333,,,,
240.0,41.0,89.0,0.462,9.66667,28.33333,0.342,14.0,22.0,0.64267,12.66667,34.66667,47.33333,22.33333,8.33333,4.66667,15.33333,22.66667,105.66667,240.0,40.0,87.0,0.46067,10.0,27.33333,0.364,16.0,21.0,0.742,8.33333,33.66667,42.0,25.33333,6.0,7.33333,13.66667,22.0,106.0,0,0.00287,-0.00287,0.24117,0.38285,0.51861,0.51593,0.57992,0.56457,1495.52651,1467.87393,0.45955,0.54045,2.17955,1.85239,0.33333,240.0,34.33333,76.33333,0.44867,9.0,29.0,0.311,22.33333,27.0,0.82667,6.0,28.66667,34.66667,18.33333,7.0,4.0,13.66667,21.0,100.0,240.0,39.0,80.0,0.49067,6.33333,15.33333,0.42333,19.0,23.66667,0.82167,8.66667,31.33333,40.0,18.66667,7.0,3.66667,14.0,25.0,103.33333,0,0.05083,-0.05083,0.31193,0.19193,0.53252,0.50892,0.61276,0.6073,1500.79646,1449.72322,0.43379,0.56621,2.31374,1.76991,0.66667,,,,
240.0,34.33333,78.33333,0.43633,11.66667,26.33333,0.45033,15.0,17.33333,0.871,6.66667,30.0,36.66667,21.0,6.66667,3.66667,14.33333,22.0,95.33333,240.0,37.66667,73.0,0.51667,9.66667,20.0,0.50333,17.66667,24.66667,0.718,5.66667,33.33333,39.0,22.33333,7.66667,6.0,13.66667,19.0,102.66667,0,0.1099,-0.1099,0.21009,0.19605,0.58295,0.51124,0.65608,0.57998,1526.23688,1456.12242,0.41021,0.58979,2.47941,1.70829,1.0,240.0,38.66667,83.0,0.46767,8.66667,24.66667,0.37467,17.66667,21.0,0.83167,10.33333,25.0,35.33333,22.0,8.33333,3.0,11.0,16.33333,103.66667,240.0,43.66667,79.33333,0.551,12.33333,26.33333,0.47733,10.0,13.33333,0.75233,6.33333,33.33333,39.66667,30.66667,7.0,6.33333,14.66667,17.66667,109.66667,0,0.08266,-0.08266,0.25205,0.31899,0.62853,0.52034,0.66696,0.59318,1618.3914,1467.34239,0.30307,0.69693,3.37643,1.44056,0.66667,,,,
240.0,41.0,82.33333,0.50133,9.0,24.66667,0.371,18.66667,22.0,0.85033,8.66667,27.33333,36.0,23.0,8.33333,4.0,14.33333,18.33333,109.66667,240.0,40.66667,82.66667,0.49233,11.0,29.0,0.377,18.0,20.66667,0.88567,10.66667,30.0,40.66667,25.66667,6.66667,5.33333,17.0,19.66667,110.33333,0,0.00957,-0.00957,0.42605,0.31693,0.55869,0.55745,0.63259,0.6336,1511.59327,1502.57028,0.48715,0.51285,2.05844,1.95488,0.66667,240.0,34.33333,78.33333,0.43933,11.0,28.0,0.392,16.33333,23.66667,0.67133,7.66667,34.33333,42.0,20.66667,8.0,4.66667,12.66667,18.0,96.0,240.0,33.0,78.33333,0.42067,6.66667,23.0,0.298,14.33333,16.66667,0.86533,8.33333,33.33333,41.66667,19.66667,7.66667,5.0,15.66667,25.0,87.0,0,-0.14554,0.14554,0.24791,0.27343,0.46306,0.51108,0.52991,0.57963,1483.25695,1485.27046,0.48277,0.51723,2.10412,1.96381,0.0,,,,
240.0,34.33333,81.0,0.42467,11.0,33.66667,0.33067,14.66667,21.0,0.692,6.0,33.33333,39.33333,21.33333,9.66667,4.66667,14.0,17.66667,94.33333,240.0,39.0,81.0,0.48933,10.0,26.33333,0.38067,17.33333,21.66667,0.79933,6.66667,41.33333,48.0,24.0,10.66667,3.0,15.33333,18.33333,105.33333,0,0.1565,-0.1565,0.22326,0.14318,0.54938,0.49349,0.62017,0.5532,1478.20136,1476.56215,0.51506,0.48494,1.9667,2.09767,0.66667,240.0,37.0,82.33333,0.44967,11.0,27.0,0.41133,13.66667,19.0,0.73533,7.33333,32.33333,39.66667,20.33333,6.33333,1.0,12.66667,20.0,98.66667,240.0,38.66667,79.66667,0.486,10.66667,25.0,0.423,17.0,19.0,0.91267,6.33333,35.66667,42.0,26.33333,6.0,5.66667,11.33333,17.66667,105.0,0,0.089,-0.089,0.19638,0.2269,0.55252,0.5165,0.62622,0.57117,1531.41882,1485.64214,0.44025,0.55975,2.2752,1.78837,1.0,,,,
240.0,36.33333,82.33333,0.44467,11.33333,28.0,0.39833,17.0,23.66667,0.73133,8.66667,36.33333,45.0,21.0,8.33333,6.33333,14.66667,21.66667,101.0,240.0,38.0,88.0,0.43167,8.0,28.0,0.289,18.33333,25.0,0.70867,10.66667,35.0,45.66667,22.33333,9.0,4.66667,12.66667,18.33333,102.33333,0,0.01914,-0.01914,0.31753,0.25043,0.47727,0.51512,0.54691,0.58234,1502.96838,1467.22127,0.44827,0.55173,2.27637,1.83748,0.66667,240.0,40.33333,78.33333,0.51367,8.66667,26.0,0.32467,19.0,22.66667,0.84167,7.33333,30.66667,38.0,22.33333,6.66667,3.66667,14.0,19.66667,108.33333,240.0,35.33333,77.66667,0.45567,13.66667,34.0,0.40367,14.0,20.33333,0.70333,8.0,26.33333,34.33333,20.33333,6.33333,3.0,15.66667,20.0,98.33333,0,-0.13495,0.13495,0.26807,0.27666,0.54378,0.56903,0.59912,0.64954,1463.20211,1540.18014,0.59537,0.40463,1.70145,2.55684,0.33333,,,,
240.0,39.66667,78.66667,0.508,8.0,21.0,0.37933,17.66667,23.33333,0.785,3.0,30.66667,33.66667,21.0,10.0,4.0,10.0,19.66667,105.0,240.0,36.33333,79.33333,0.45867,7.0,20.66667,0.33667,16.66667,21.66667,0.787,9.0,36.0,45.0,19.0,5.0,2.66667,16.33333,18.33333,96.33333,0,-0.13085,0.13085,0.29886,0.07945,0.50276,0.55953,0.57387,0.6301,1501.94504,1479.38822,0.45366,0.54634,2.30039,1.89956,0.33333,248.33333,44.0,95.66667,0.45967,12.66667,31.33333,0.4,17.33333,22.0,0.75667,14.33333,30.0,44.33333,23.0,8.0,4.0,14.33333,23.66667,118.0,248.33333,44.33333,85.0,0.52367,12.33333,27.66667,0.45633,20.0,26.66667,0.76667,7.66667,31.33333,39.0,26.0,7.33333,5.66667,14.0,18.0,121.0,0,0.03302,-0.03302,0.25556,0.48058,0.59675,0.52601,0.66772,0.58684,1486.62699,1457.68019,0.46234,0.53766,2.23103,1.89502,0.66667,,,,
240.0,40.33333,87.33333,0.461,11.66667,29.33333,0.396,13.66667,20.0,0.67433,9.33333,36.0,45.33333,27.0,5.33333,6.66667,14.0,20.66667,106.0,240.0,39.33333,91.0,0.43433,8.0,27.66667,0.26767,18.33333,23.33333,0.78933,11.33333,34.66667,46.0,22.33333,9.0,5.0,10.66667,19.0,105.0,1,-0.01606,0.01606,0.31481,0.27485,0.47902,0.52772,0.54821,0.5771,1513.7786,1500.21535,0.47776,0.52224,2.16069,1.97494,0.66667,240.0,37.66667,85.0,0.44433,8.33333,22.0,0.38333,12.0,14.0,0.88167,7.0,30.33333,37.33333,17.33333,8.66667,4.33333,11.66667,20.0,95.66667,240.0,37.0,80.0,0.46733,10.0,23.66667,0.41867,13.33333,17.0,0.77867,8.33333,36.66667,45.0,19.0,6.0,4.33333,16.0,15.33333,97.33333,1,0.02554,-0.02554,0.27088,0.19386,0.52979,0.49406,0.58629,0.54493,1540.35856,1464.58322,0.39054,0.60946,2.62312,1.65539,0.66667,,,,
240.0,40.33333,82.66667,0.48767,9.0,24.66667,0.368,12.33333,16.0,0.743,7.66667,32.66667,40.33333,24.66667,9.0,5.33333,13.0,21.0,102.0,240.0,37.66667,79.0,0.478,11.0,31.33333,0.34533,19.0,25.33333,0.71467,8.0,31.0,39.0,26.0,7.33333,3.66667,12.66667,14.66667,105.33333,1,0.04752,-0.04752,0.25212,0.2463,0.54641,0.54276,0.62619,0.59302,1475.90104,1386.58443,0.37839,0.62161,2.72612,1.62872,0.66667,240.0,44.33333,87.33333,0.511,13.66667,30.33333,0.44433,17.33333,22.66667,0.77533,8.33333,33.0,41.33333,29.33333,10.33333,3.33333,14.0,17.33333,119.66667,240.0,43.33333,87.0,0.498,14.0,35.0,0.399,12.66667,18.33333,0.72133,10.0,31.33333,41.33333,29.33333,7.66667,3.66667,16.0,20.66667,113.33333,1,-0.08171,0.08171,0.30542,0.30068,0.57823,0.58876,0.62188,0.65119,1487.42632,1536.82054,0.5524,0.4476,1.85034,2.33189,0.33333,,,,
240.0,40.33333,90.66667,0.44467,7.0,20.66667,0.33333,13.33333,16.0,0.83233,12.66667,30.0,42.66667,23.0,9.0,6.0,14.66667,19.66667,101.0,240.0,39.33333,86.33333,0.45567,10.33333,29.0,0.37867,16.66667,21.33333,0.79267,12.66667,32.0,44.66667,23.33333,9.33333,5.0,15.66667,16.0,105.66667,0,0.06955,-0.06955,0.42196,0.40415,0.51549,0.48258,0.58072,0.53613,1480.16646,1497.17861,0.53707,0.46293,1.86354,2.16255,0.66667,240.0,40.33333,90.33333,0.44633,9.33333,30.0,0.303,13.0,16.0,0.84933,6.66667,36.66667,43.33333,25.66667,5.66667,5.66667,15.0,19.0,103.0,240.0,43.0,90.66667,0.475,10.33333,25.66667,0.40667,14.33333,18.0,0.81267,7.66667,37.66667,45.33333,26.33333,8.0,6.0,11.66667,17.66667,110.66667,0,0.10676,-0.10676,0.21708,0.1809,0.53212,0.49759,0.58582,0.5485,1434.39465,1479.61156,0.57807,0.42193,1.74612,2.40675,1.0,,,,
240.0,35.0,91.33333,0.38233,10.66667,30.33333,0.346,14.0,22.0,0.65267,15.33333,31.66667,47.0,19.66667,8.66667,3.0,14.0,20.0,94.66667,240.0,39.0,77.0,0.50767,13.0,34.0,0.38633,15.0,22.33333,0.684,5.66667,37.33333,43.0,25.66667,7.66667,6.33333,14.33333,20.33333,106.0,1,0.16601,-0.16601,0.17378,0.41111,0.5924,0.44185,0.64805,0.492,1468.50435,1541.94178,0.6303,0.3697,1.58986,2.72219,1.0,240.0,34.33333,75.66667,0.45333,9.33333,25.0,0.35367,23.0,28.0,0.838,8.0,29.66667,37.66667,19.33333,8.33333,3.33333,11.0,19.0,101.0,240.0,35.0,76.0,0.459,6.66667,21.0,0.31733,17.0,21.33333,0.79333,8.33333,29.66667,38.0,21.66667,7.33333,5.66667,16.0,24.33333,93.66667,1,-0.1121,0.1121,0.28917,0.28333,0.50265,0.51583,0.57913,0.61662,1464.25302,1542.48062,0.59579,0.40421,1.68667,2.50412,0.33333,,,,
240.0,38.0,82.66667,0.45967,11.33333,32.33333,0.35067,16.0,20.33333,0.80367,10.0,35.33333,45.33333,27.33333,9.33333,6.0,18.0,20.66667,103.33333,240.0,39.33333,87.66667,0.457,9.66667,28.33333,0.336,19.0,24.0,0.79167,11.66667,31.66667,43.33333,23.0,8.66667,5.0,14.0,19.66667,107.33333,0,0.05907,-0.05907,0.30694,0.31413,0.51823,0.52862,0.59127,0.59277,1530.05182,1507.50004,0.47384,0.52616,2.12742,1.91372,0.66667,248.33333,44.33333,92.66667,0.47933,15.0,32.66667,0.45833,14.66667,21.0,0.69133,8.66667,33.33333,42.0,26.33333,11.0,4.33333,14.0,19.66667,118.33333,248.33333,44.0,88.66667,0.497,12.66667,32.66667,0.38467,15.0,21.0,0.71667,9.66667,34.0,43.66667,26.66667,7.33333,4.0,16.33333,19.66667,115.66667,0,-0.03349,0.03349,0.29365,0.26497,0.56797,0.56067,0.62012,0.60957,1485.72397,1497.28758,0.50991,0.49009,2.09761,2.20432,0.33333,,,,
240.0,36.66667,81.0,0.45533,8.0,25.66667,0.31333,21.66667,24.66667,0.87867,7.33333,31.66667,39.0,15.33333,9.33333,2.33333,9.66667,20.33333,103.0,240.0,37.66667,80.0,0.47333,9.33333,21.66667,0.422,14.33333,20.66667,0.70033,10.0,33.0,43.0,19.33333,4.66667,4.33333,14.0,19.0,99.0,1,-0.06243,0.06243,0.30979,0.22026,0.53371,0.50587,0.58975,0.59948,1529.53957,1524.74315,0.48743,0.51257,2.14985,2.01431,0.33333,248.33333,40.33333,88.66667,0.45567,9.66667,24.66667,0.385,14.66667,18.66667,0.78767,7.66667,40.33333,48.0,23.66667,8.0,5.33333,12.33333,18.33333,105.0,248.33333,38.66667,89.66667,0.429,6.66667,25.33333,0.26167,14.0,20.66667,0.67367,10.33333,36.0,46.33333,19.66667,6.66667,6.66667,14.0,17.66667,98.0,1,-0.10513,0.10513,0.26238,0.21116,0.46643,0.51001,0.5192,0.56651,1444.77074,1461.26962,0.51036,0.48964,1.96962,2.05286,0.33333,,,,
240.0,40.33333,83.66667,0.48133,8.66667,21.33333,0.40467,7.66667,11.66667,0.68633,8.66667,34.66667,43.33333,17.66667,8.0,5.66667,18.0,18.0,97.0,240.0,38.33333,87.0,0.44267,12.0,33.66667,0.354,16.33333,21.0,0.75867,9.66667,31.33333,41.0,18.66667,11.66667,3.0,11.0,16.0,105.0,1,0.10759,-0.10759,0.28956,0.28751,0.51302,0.53317,0.57746,0.56249,1555.65493,1542.24192,0.49508,0.50492,2.0958,2.03713,0.66667,240.0,39.33333,82.66667,0.48367,9.0,30.33333,0.30833,14.33333,21.33333,0.69433,8.66667,33.66667,42.33333,23.66667,8.66667,3.66667,12.33333,19.0,102.0,240.0,34.66667,79.66667,0.43633,7.33333,20.66667,0.349,14.33333,21.66667,0.639,9.0,33.33333,42.33333,17.0,7.0,3.66667,15.33333,18.66667,91.0,1,-0.1627,0.1627,0.26858,0.25249,0.4831,0.53881,0.54032,0.59105,1387.54691,1484.51686,0.61969,0.38031,1.64789,2.81697,0.33333,,,,
240.0,34.0,77.66667,0.437,8.33333,24.66667,0.33633,19.0,26.66667,0.71567,11.0,33.66667,44.66667,17.33333,8.0,6.66667,15.0,21.66667,95.33333,240.0,34.0,80.33333,0.42267,6.0,20.66667,0.29533,16.0,23.0,0.68467,11.0,30.66667,41.66667,17.0,6.66667,3.0,15.33333,22.0,90.0,0,-0.08646,0.08646,0.3334,0.36111,0.46007,0.49207,0.52699,0.57179,1469.38335,1542.97493,0.58966,0.41034,1.72577,2.54096,0.33333,240.0,36.66667,89.0,0.41133,10.33333,29.0,0.347,15.0,23.66667,0.636,13.33333,33.0,46.33333,22.0,6.0,4.0,10.33333,20.0,98.66667,240.0,41.33333,83.0,0.49667,12.33333,29.33333,0.41733,16.33333,21.33333,0.76167,9.0,37.66667,46.66667,25.33333,4.33333,5.33333,11.0,20.33333,111.33333,0,0.18203,-0.18203,0.29561,0.35528,0.57145,0.46867,0.63464,0.52249,1477.83487,1473.13745,0.52392,0.47608,1.91001,2.10217,0.66667,,,,
240.0,41.0,84.0,0.489,12.0,33.33333,0.358,11.33333,15.66667,0.73167,10.0,33.33333,43.33333,23.0,9.33333,5.66667,16.33333,21.66667,105.33333,240.0,35.66667,83.66667,0.42233,8.33333,25.66667,0.326,18.0,22.33333,0.81167,10.0,30.0,40.0,22.0,9.0,3.66667,15.0,17.33333,97.66667,1,-0.1233,0.1233,0.30635,0.33958,0.47205,0.56004,0.54895,0.6033,1487.14121,1555.20663,0.5899,0.4101,1.70368,2.46698,0.66667,240.0,33.0,74.33333,0.444,9.33333,24.33333,0.36333,19.66667,24.66667,0.82033,8.66667,31.33333,40.0,18.66667,8.0,4.66667,13.0,18.66667,95.0,240.0,32.0,75.33333,0.42567,6.33333,20.33333,0.313,17.0,20.0,0.84733,8.33333,29.66667,38.0,18.66667,7.33333,5.66667,15.33333,24.0,87.33333,1,-0.12502,0.12502,0.26643,0.31111,0.46769,0.50786,0.54846,0.59645,1472.72925,1507.49902,0.52958,0.47042,1.9073,2.14932,0.33333,,,,
248.33333,42.66667,89.0,0.48067,11.33333,29.33333,0.38567,22.33333,26.66667,0.822,12.66667,36.0,48.66667,29.33333,6.66667,5.0,20.33333,23.33333,119.0,248.33333,44.66667,93.33333,0.48667,11.0,27.0,0.42033,19.66667,26.0,0.76533,9.0,31.66667,40.66667,25.66667,11.33333,7.66667,13.0,19.33333,120.0,0,0.0096,-0.0096,0.23645,0.42085,0.54941,0.5448,0.61742,0.62922,1476.38124,1503.48758,0.53855,0.46145,1.87333,2.19477,0.66667,240.0,35.66667,77.33333,0.461,9.0,24.33333,0.36733,17.33333,21.66667,0.79367,4.0,30.66667,34.66667,21.0,6.66667,4.66667,18.0,19.0,97.66667,240.0,44.66667,91.33333,0.48633,11.66667,31.33333,0.36667,17.0,21.0,0.754,10.33333,34.0,44.33333,25.33333,10.66667,6.0,11.66667,19.0,118.0,0,0.27893,-0.27893,0.34832,0.11765,0.55086,0.51916,0.61442,0.59406,1585.77273,1411.26222,0.28365,0.71635,3.61071,1.40091,1.0,,,,
240.0,36.33333,82.0,0.442,9.33333,28.66667,0.327,16.0,21.66667,0.80567,7.66667,31.66667,39.33333,20.66667,8.66667,5.33333,16.0,21.0,98.0,240.0,41.33333,85.0,0.48833,6.0,17.33333,0.34867,18.0,24.33333,0.735,9.66667,34.66667,44.33333,20.33333,9.33333,5.0,12.66667,20.33333,106.66667,1,0.11947,-0.11947,0.32618,0.22419,0.5237,0.49928,0.5929,0.56554,1489.10878,1524.27013,0.5694,0.4306,1.7693,2.35203,1.0,240.0,38.0,85.0,0.44633,9.0,25.66667,0.357,17.66667,22.33333,0.79033,9.66667,30.66667,40.33333,19.33333,7.0,3.66667,11.0,16.33333,102.66667,240.0,42.0,81.33333,0.52,11.0,27.0,0.416,15.66667,20.0,0.782,7.0,35.66667,42.66667,26.33333,7.66667,6.0,12.66667,18.33333,110.66667,1,0.11006,-0.11006,0.23121,0.32889,0.58757,0.49935,0.64849,0.57061,1584.22204,1488.55503,0.37545,0.62455,2.6668,1.60191,1.0,,,,
240.0,31.66667,84.0,0.37533,7.66667,23.33333,0.322,20.33333,25.66667,0.75967,9.33333,27.33333,36.66667,18.0,7.0,3.33333,10.33333,26.33333,91.33333,240.0,38.33333,80.66667,0.47833,9.66667,27.33333,0.32367,21.33333,32.0,0.68733,14.66667,40.33333,55.0,26.33333,6.0,4.0,14.33333,21.33333,107.66667,1,0.2547,-0.2547,0.54925,0.23283,0.53898,0.42051,0.61704,0.50585,1520.09336,1547.14708,0.55449,0.44551,1.80544,2.24855,0.66667,240.0,40.33333,87.33333,0.46267,9.66667,22.66667,0.41833,15.0,19.33333,0.78833,6.0,33.66667,39.66667,18.33333,7.33333,4.0,10.0,20.0,105.33333,240.0,40.0,86.0,0.471,9.0,26.33333,0.35033,14.0,16.33333,0.88133,8.0,38.0,46.0,18.66667,5.66667,4.66667,13.33333,17.66667,103.0,1,-0.02756,0.02756,0.24102,0.15668,0.52404,0.51822,0.58265,0.57551,1535.35237,1458.20621,0.38485,0.61515,2.6521,1.63701,0.33333,,,,
240.0,35.33333,82.33333,0.433,11.0,27.33333,0.392,16.33333,21.66667,0.75633,8.33333,33.66667,42.0,20.66667,7.0,6.33333,11.33333,21.66667,98.0,240.0,37.0,85.0,0.436,11.0,29.33333,0.366,20.0,26.0,0.74767,12.0,35.0,47.0,23.33333,6.33333,4.66667,11.33333,16.33333,105.0,0,0.10624,-0.10624,0.39796,0.24189,0.50194,0.50156,0.58028,0.56824,1474.82931,1467.78238,0.50144,0.49856,2.00876,2.01888,0.66667,240.0,35.66667,80.0,0.44633,9.33333,27.33333,0.344,14.66667,19.0,0.781,6.66667,33.33333,40.0,18.66667,5.33333,4.33333,15.66667,20.0,95.33333,240.0,40.0,85.0,0.47067,8.0,22.0,0.36333,14.33333,19.66667,0.76,9.66667,33.66667,43.33333,23.0,9.33333,6.0,12.33333,19.66667,102.33333,0,0.10532,-0.10532,0.3112,0.19479,0.51802,0.5044,0.57249,0.56606,1556.55306,1496.30095,0.43109,0.56891,2.37738,1.77836,0.66667,,,,
248.33333,41.33333,92.33333,0.44667,9.66667,28.0,0.348,9.33333,14.0,0.613,11.0,33.66667,44.66667,21.33333,8.66667,5.0,13.33333,16.66667,101.66667,248.33333,40.0,89.66667,0.44433,11.0,33.66667,0.314,11.66667,15.0,0.82567,13.0,37.0,50.0,24.0,5.66667,6.66667,17.66667,19.33333,102.66667,0,0.02285,-0.02285,0.3926,0.30042,0.50797,0.49895,0.55322,0.5308,1477.90423,1435.43797,0.43728,0.56272,2.29557,1.7809,0.66667,240.0,32.66667,78.66667,0.41533,9.33333,31.33333,0.302,18.33333,23.66667,0.76,7.0,26.33333,33.33333,18.0,9.66667,4.0,13.33333,18.33333,93.0,240.0,40.66667,77.66667,0.529,6.33333,14.0,0.45367,17.0,21.0,0.829,9.33333,37.0,46.33333,22.0,7.33333,4.0,16.66667,21.66667,104.66667,0,0.17292,-0.17292,0.36418,0.18604,0.57193,0.47609,0.64476,0.55612,1503.51102,1461.62077,0.46044,0.53956,2.17603,1.85586,0.66667,,,,
240.0,39.33333,78.0,0.50933,11.0,28.33333,0.39,14.33333,18.33333,0.77233,5.0,34.66667,39.66667,21.33333,8.0,8.0,11.33333,20.66667,104.0,240.0,31.66667,78.66667,0.402,8.33333,27.0,0.30833,18.0,24.33333,0.75,8.33333,30.33333,38.66667,18.0,5.33333,1.66667,14.0,17.66667,89.66667,0,-0.21737,0.21737,0.23944,0.15662,0.45498,0.58276,0.53313,0.64309,1461.18366,1467.85481,0.4841,0.5159,2.06702,1.93949,0.0,240.0,42.33333,89.0,0.47567,13.66667,33.33333,0.41067,10.0,11.66667,0.85833,12.0,33.66667,45.66667,31.33333,8.0,3.66667,16.33333,25.0,108.33333,240.0,34.33333,77.33333,0.44533,12.33333,31.33333,0.39,18.33333,26.0,0.70433,8.33333,29.0,37.33333,26.33333,7.33333,4.66667,15.33333,14.66667,99.33333,0,-0.13565,0.13565,0.25136,0.4183,0.52507,0.55272,0.59894,0.59206,1424.83595,1470.75716,0.54974,0.45026,1.82481,2.2324,0.33333,,,,
240.0,39.0,82.33333,0.47533,7.33333,22.0,0.32,18.66667,24.0,0.78467,10.33333,35.33333,45.66667,19.0,6.66667,4.66667,15.33333,19.66667,104.0,240.0,37.66667,84.33333,0.44767,13.33333,35.33333,0.37467,16.66667,21.66667,0.75433,8.66667,32.33333,41.0,21.66667,6.33333,3.66667,15.0,20.33333,105.33333,0,0.02294,-0.02294,0.26004,0.32082,0.52649,0.52018,0.59176,0.59555,1543.69844,1484.56535,0.41479,0.58521,2.53973,1.7548,0.66667,240.0,38.33333,80.66667,0.474,10.66667,28.66667,0.36733,23.0,32.0,0.731,10.0,30.66667,40.66667,23.33333,8.0,2.0,14.0,23.0,110.33333,240.0,42.33333,82.0,0.51633,9.0,26.33333,0.35467,21.33333,27.33333,0.78367,8.33333,33.0,41.33333,24.33333,8.66667,4.66667,12.0,23.66667,115.0,0,0.06201,-0.06201,0.27479,0.30108,0.57134,0.54058,0.65365,0.62934,1494.32918,1498.78943,0.51892,0.48108,1.9844,2.13544,0.66667,,,,
248.33333,40.33333,84.66667,0.47733,10.33333,29.33333,0.35533,22.33333,25.0,0.91467,12.0,34.0,46.0,29.66667,7.0,3.0,20.0,22.66667,113.33333,248.33333,42.0,87.66667,0.48733,11.33333,27.33333,0.42667,20.66667,28.0,0.738,9.33333,29.33333,38.66667,25.33333,12.33333,6.0,13.66667,19.33333,116.0,0,0.03449,-0.03449,0.25509,0.41903,0.55755,0.53961,0.63206,0.62937,1511.70761,1503.51282,0.4914,0.5086,2.04153,1.97245,0.66667,240.0,39.33333,88.33333,0.44433,8.66667,31.33333,0.28067,8.33333,10.0,0.881,8.0,36.66667,44.66667,23.66667,3.66667,4.33333,15.0,18.33333,95.66667,240.0,40.66667,85.33333,0.478,8.66667,23.66667,0.36867,15.0,23.0,0.65067,9.0,35.0,44.0,24.0,9.33333,4.33333,10.33333,17.0,105.0,0,0.13872,-0.13872,0.24834,0.23023,0.52964,0.49327,0.58304,0.52751,1419.06746,1529.25499,0.66987,0.33013,1.50319,3.13649,1.0,,,,
240.0,40.0,81.66667,0.491,14.0,37.0,0.37633,18.0,22.0,0.83067,8.66667,34.66667,43.33333,25.0,6.33333,3.66667,12.33333,18.66667,112.0,240.0,37.66667,82.33333,0.45867,12.0,34.66667,0.34567,16.33333,22.0,0.74533,10.0,30.33333,40.33333,22.0,6.66667,4.0,12.0,18.33333,103.66667,1,-0.11429,0.11429,0.29082,0.32206,0.53117,0.57723,0.59542,0.6489,1449.72779,1528.62698,0.59852,0.40148,1.68636,2.53725,0.33333,240.0,33.0,82.0,0.40333,8.66667,27.33333,0.31633,15.0,21.33333,0.73033,8.66667,33.33333,42.0,18.33333,8.33333,4.33333,17.0,21.33333,89.66667,240.0,39.33333,84.66667,0.46467,7.66667,24.66667,0.32267,14.33333,22.0,0.66467,11.0,36.66667,47.66667,23.33333,10.33333,7.0,15.0,22.66667,100.66667,1,0.16422,-0.16422,0.34929,0.23069,0.51047,0.45629,0.56244,0.51807,1561.32089,1474.05408,0.39566,0.60434,2.57551,1.66983,1.0,,,,
240.0,36.33333,79.33333,0.45833,10.33333,28.0,0.37233,14.0,17.33333,0.79633,6.0,27.33333,33.33333,22.0,6.33333,2.66667,10.66667,20.0,97.0,240.0,39.66667,76.33333,0.51967,8.66667,21.66667,0.40033,18.0,22.0,0.80467,6.66667,35.33333,42.0,24.66667,8.0,4.0,14.66667,21.66667,106.0,0,0.12652,-0.12652,0.242,0.16803,0.57601,0.52341,0.65325,0.58394,1542.90461,1487.43379,0.4313,0.5687,2.42616,1.79682,1.0,240.0,37.33333,80.0,0.47067,12.33333,33.0,0.37133,13.0,17.66667,0.75233,8.0,28.66667,36.66667,19.0,8.33333,2.0,14.0,20.0,100.0,240.0,39.66667,83.33333,0.475,11.66667,27.66667,0.42267,15.0,16.66667,0.91067,11.33333,32.33333,43.66667,25.33333,4.66667,5.66667,13.33333,15.66667,106.0,0,0.08125,-0.08125,0.40683,0.25483,0.54472,0.54986,0.60834,0.60213,1544.87055,1518.05244,0.4676,0.5324,2.1941,1.91679,1.0,,,,
240.0,40.33333,90.0,0.44933,12.0,30.66667,0.37733,14.66667,20.33333,0.73067,10.33333,34.0,44.33333,22.66667,6.33333,5.33333,9.33333,20.0,107.33333,240.0,42.66667,85.0,0.501,9.66667,26.0,0.36233,16.33333,23.0,0.71467,9.0,35.33333,44.33333,24.0,4.33333,6.0,10.66667,18.0,111.33333,0,0.03845,-0.03845,0.26773,0.28737,0.5573,0.51506,0.61694,0.56834,1476.10744,1485.75777,0.526,0.474,1.90335,2.11259,0.66667,240.0,38.66667,86.33333,0.44833,9.0,28.33333,0.31733,12.0,18.0,0.65367,11.66667,32.66667,44.33333,22.33333,3.66667,3.66667,14.66667,17.66667,98.33333,240.0,41.0,86.33333,0.475,12.66667,33.0,0.387,11.66667,16.33333,0.74167,8.66667,35.33333,44.0,23.33333,8.0,4.33333,12.33333,17.66667,106.33333,0,0.11027,-0.11027,0.26429,0.3308,0.54838,0.50088,0.59129,0.54519,1518.28497,1474.75449,0.45398,0.54602,2.29267,1.87153,1.0,,,,
240.0,39.66667,79.0,0.50167,7.66667,20.0,0.36767,17.0,20.33333,0.83967,7.0,28.33333,35.33333,24.0,6.66667,4.66667,13.33333,17.66667,104.0,240.0,39.66667,83.33333,0.47833,8.0,26.33333,0.30233,17.0,20.33333,0.81,12.0,30.0,42.0,24.33333,6.33333,6.0,14.33333,21.0,104.33333,1,0.00684,-0.00684,0.43986,0.2382,0.52615,0.55064,0.59986,0.62297,1489.13225,1511.35667,0.52886,0.47114,1.90932,2.1452,0.66667,248.33333,41.66667,86.33333,0.484,11.0,29.33333,0.372,12.66667,18.66667,0.68233,10.0,34.66667,44.66667,24.33333,5.66667,4.66667,17.0,22.0,107.0,248.33333,41.33333,90.0,0.45933,13.33333,32.66667,0.406,18.33333,24.33333,0.73533,10.33333,33.33333,43.66667,26.0,9.0,4.66667,13.0,18.33333,114.33333,1,0.09688,-0.09688,0.29832,0.31256,0.53295,0.54686,0.60088,0.59221,1498.54901,1455.70179,0.44929,0.55071,2.25462,1.82947,1.0,,,,
240.0,39.33333,85.33333,0.45967,9.66667,31.33333,0.303,14.66667,17.0,0.86467,7.66667,32.66667,40.33333,27.33333,6.66667,3.33333,14.0,21.66667,103.0,240.0,39.33333,85.66667,0.46,8.33333,21.66667,0.34133,20.0,25.0,0.815,10.0,35.66667,45.66667,22.66667,8.0,5.0,13.33333,18.33333,107.0,0,0.05482,-0.05482,0.30625,0.22437,0.51021,0.51586,0.58992,0.57768,1476.37465,1451.72084,0.47486,0.52514,2.12078,1.91612,0.66667,240.0,37.33333,79.66667,0.46833,9.33333,28.66667,0.323,14.66667,18.0,0.82667,6.66667,39.66667,46.33333,24.0,5.66667,7.33333,14.66667,17.33333,98.66667,240.0,31.33333,85.0,0.36667,10.33333,28.33333,0.369,14.66667,20.0,0.72633,12.33333,32.66667,45.0,17.0,7.33333,2.66667,13.33333,16.33333,87.66667,0,-0.17328,0.17328,0.31092,0.2037,0.4275,0.52722,0.4899,0.59001,1505.43377,1572.94274,0.57378,0.42622,1.78184,2.42723,0.0,,,,
240.0,41.0,82.0,0.50067,14.0,34.66667,0.40233,22.0,27.66667,0.79467,7.33333,34.0,41.33333,17.66667,11.0,3.66667,14.66667,21.66667,118.0,240.0,37.0,83.0,0.44467,12.66667,33.0,0.37567,17.66667,23.0,0.766,7.33333,29.33333,36.66667,17.33333,7.66667,5.33333,16.0,23.66667,104.33333,0,-0.18192,0.18192,0.22027,0.25361,0.52038,0.58601,0.59286,0.67148,1504.59565,1623.85091,0.64931,0.35069,1.5437,2.87498,0.0,240.0,35.66667,81.33333,0.43467,11.33333,33.33333,0.33967,14.0,18.66667,0.744,8.66667,28.33333,37.0,20.66667,8.66667,3.0,14.66667,19.0,96.66667,240.0,41.0,80.0,0.51233,9.33333,24.0,0.38667,16.0,22.66667,0.71467,9.66667,31.0,40.66667,20.0,11.66667,5.0,14.0,19.0,107.33333,0,0.16316,-0.16316,0.39929,0.27961,0.57066,0.50333,0.6309,0.56328,1533.80365,1471.87922,0.42695,0.57305,2.40606,1.76675,1.0,,,,
240.0,35.33333,83.33333,0.42333,7.0,25.0,0.284,15.66667,22.33333,0.697,12.0,34.66667,46.66667,17.33333,6.66667,6.66667,14.0,19.33333,93.33333,240.0,36.66667,85.33333,0.43,7.33333,23.66667,0.30933,14.66667,21.0,0.703,11.0,34.33333,45.33333,16.33333,6.66667,1.66667,12.0,19.66667,95.33333,0,0.0336,-0.0336,0.32771,0.36463,0.47285,0.46577,0.53088,0.52895,1477.49893,1543.50724,0.59497,0.40503,1.70979,2.57054,0.66667,240.0,42.33333,86.66667,0.489,9.66667,27.33333,0.32833,11.0,15.33333,0.75967,8.0,36.33333,44.33333,21.33333,6.33333,4.66667,14.66667,17.0,105.33333,240.0,43.0,87.33333,0.492,17.33333,43.33333,0.402,15.33333,21.66667,0.70867,6.66667,36.66667,43.33333,26.66667,9.33333,4.0,11.33333,14.33333,118.66667,0,0.1775,-0.1775,0.19466,0.21635,0.59161,0.54539,0.64402,0.58648,1624.53036,1489.87403,0.33151,0.66849,3.04912,1.50033,1.0,,,,
240.0,41.33333,93.0,0.44467,7.66667,24.66667,0.31933,15.33333,19.0,0.85533,9.66667,33.66667,43.33333,21.33333,11.0,5.33333,12.0,19.66667,105.66667,240.0,41.66667,89.0,0.46667,13.66667,36.66667,0.36833,14.66667,21.66667,0.67933,11.0,37.66667,48.66667,26.0,7.0,5.0,16.33333,16.0,111.66667,1,0.0766,-0.0766,0.33181,0.26252,0.54449,0.48604,0.59536,0.54387,1555.67774,1506.80758,0.43859,0.56141,2.32435,1.80582,0.66667,240.0,40.33333,91.33333,0.44267,7.33333,23.0,0.326,15.33333,19.33333,0.775,10.66667,33.66667,44.33333,18.66667,8.33333,5.0,9.33333,22.0,103.33333,240.0,34.66667,82.66667,0.41933,9.66667,37.33333,0.25933,19.66667,25.0,0.79433,9.33333,37.0,46.33333,21.0,5.66667,4.33333,14.33333,19.66667,98.66667,1,-0.06822,0.06822,0.28611,0.2921,0.47766,0.48301,0.55908,0.54159,1462.10615,1505.3759,0.5505,0.4495,1.84364,2.27512,0.33333,,,,
240.0,35.0,80.33333,0.43733,9.33333,27.0,0.359,19.66667,23.66667,0.815,11.0,37.66667,48.66667,20.33333,6.0,4.33333,17.66667,21.33333,99.0,240.0,36.66667,90.66667,0.404,9.0,28.66667,0.316,16.33333,21.0,0.792,9.66667,29.66667,39.33333,21.0,11.0,5.33333,10.0,18.33333,98.66667,0,-0.00443,0.00443,0.26355,0.40243,0.45362,0.49702,0.51733,0.58341,1464.29868,1399.68048,0.4096,0.5904,2.5367,1.7315,0.33333,240.0,39.66667,81.33333,0.487,9.0,26.66667,0.33833,17.0,23.33333,0.72767,6.66667,37.66667,44.33333,26.66667,5.66667,5.0,13.66667,19.0,105.33333,240.0,39.0,90.33333,0.434,10.66667,33.33333,0.32433,16.66667,21.0,0.76933,11.66667,32.66667,44.33333,21.0,6.66667,4.66667,10.33333,18.66667,105.33333,0,0.00376,-0.00376,0.30388,0.22927,0.49433,0.54223,0.55964,0.60877,1462.36606,1550.15822,0.6202,0.3798,1.6194,2.66149,0.66667,,,,
248.33333,42.33333,94.33333,0.452,11.0,30.0,0.36567,13.0,20.0,0.67133,13.66667,33.66667,47.33333,23.33333,8.66667,6.0,13.66667,21.0,108.66667,248.33333,42.66667,91.66667,0.46567,9.0,24.33333,0.37133,11.0,15.33333,0.71067,10.33333,35.0,45.33333,25.0,5.66667,7.66667,14.33333,21.0,105.33333,0,-0.04701,0.04701,0.31171,0.39004,0.51563,0.5097,0.55628,0.55317,1494.27255,1467.42902,0.45388,0.54612,2.20543,1.83231,0.33333,240.0,39.66667,85.33333,0.46467,12.33333,33.66667,0.36333,10.66667,13.0,0.82033,8.66667,31.66667,40.33333,27.33333,11.0,3.66667,13.66667,19.33333,102.33333,240.0,40.33333,79.66667,0.504,16.0,35.33333,0.456,13.0,18.66667,0.693,6.33333,31.33333,37.66667,29.66667,7.33333,2.33333,15.0,14.66667,109.66667,0,0.09917,-0.09917,0.20139,0.27728,0.60395,0.53695,0.65356,0.58047,1536.47806,1438.80392,0.37226,0.62774,2.77004,1.61248,1.0,,,,
240.0,41.33333,84.0,0.49133,11.33333,29.66667,0.37367,15.33333,20.66667,0.74867,6.0,38.0,44.0,30.33333,9.0,10.66667,15.0,18.66667,109.33333,240.0,39.0,93.33333,0.41967,11.33333,28.33333,0.39,10.66667,17.0,0.63033,13.33333,35.0,48.33333,23.33333,8.0,3.0,14.66667,18.66667,100.0,1,-0.13109,0.13109,0.34942,0.17151,0.48071,0.55852,0.51701,0.616,1496.24221,1623.15023,0.66655,0.33345,1.50056,3.0013,0.0,248.33333,42.66667,92.66667,0.461,12.33333,34.33333,0.36133,15.33333,20.33333,0.754,11.33333,37.33333,48.66667,23.0,8.0,4.0,17.0,20.33333,113.0,248.33333,38.33333,89.66667,0.42533,10.33333,30.66667,0.34033,20.0,26.66667,0.751,10.0,34.0,44.0,23.0,9.33333,5.66667,16.33333,20.33333,107.0,1,-0.07568,0.07568,0.26748,0.33873,0.48295,0.5277,0.5585,0.58178,1476.27496,1549.95793,0.59478,0.40522,1.75763,2.64844,0.33333,,,,
240.0,29.33333,78.33333,0.37667,11.33333,29.0,0.391,16.33333,19.0,0.866,9.66667,28.66667,38.33333,17.33333,8.0,4.33333,15.66667,23.33333,86.33333,240.0,35.0,72.66667,0.483,8.33333,19.0,0.46167,18.0,25.33333,0.707,10.0,33.33333,43.33333,23.0,8.0,6.33333,15.66667,20.66667,96.33333,0,0.15791,-0.15791,0.37847,0.29605,0.54076,0.44974,0.61795,0.5263,1564.45339,1445.19459,0.35139,0.64861,3.04177,1.57282,1.0,240.0,40.33333,86.66667,0.467,7.66667,22.0,0.34767,21.0,27.0,0.773,11.33333,33.66667,45.0,19.66667,6.0,4.33333,10.33333,23.66667,109.33333,240.0,36.0,80.33333,0.44867,7.33333,24.0,0.30567,23.66667,30.66667,0.76933,10.0,31.0,41.0,17.66667,4.0,5.0,11.33333,22.0,103.0,0,-0.08612,0.08612,0.29924,0.36935,0.49388,0.51117,0.59122,0.59136,1401.28203,1561.55404,0.71017,0.28983,1.40914,3.46637,0.0,,,,
240.0,37.66667,81.0,0.46533,10.33333,29.33333,0.35233,9.33333,11.66667,0.81067,6.0,28.0,34.0,23.66667,5.66667,3.33333,10.0,18.0,95.0,240.0,40.66667,78.66667,0.51867,7.66667,22.0,0.356,13.33333,16.66667,0.798,7.33333,35.0,42.33333,22.66667,6.33333,2.66667,13.66667,18.33333,102.33333,0,0.10451,-0.10451,0.25732,0.16929,0.56808,0.52896,0.62475,0.56851,1561.15863,1487.22554,0.40142,0.59858,2.5608,1.68835,1.0,240.0,39.33333,78.66667,0.49933,9.66667,28.66667,0.33667,15.0,20.33333,0.70667,8.0,32.0,40.0,21.33333,4.66667,3.66667,12.33333,19.0,103.33333,240.0,32.66667,78.33333,0.419,13.0,34.0,0.38467,15.0,20.33333,0.751,8.0,25.66667,33.66667,19.33333,7.0,4.33333,11.33333,17.0,93.33333,0,-0.13092,0.13092,0.2563,0.30841,0.50252,0.56065,0.56548,0.62074,1466.07268,1533.43225,0.58155,0.41845,1.75438,2.49879,0.33333,,,,
240.0,40.33333,86.66667,0.465,7.66667,22.66667,0.34167,15.33333,19.33333,0.79133,7.66667,26.0,33.66667,19.66667,10.33333,4.0,9.0,16.66667,103.66667,240.0,41.0,80.33333,0.512,9.66667,23.33333,0.412,14.0,17.0,0.82367,9.0,36.33333,45.33333,25.66667,5.0,4.66667,18.0,16.66667,105.66667,0,0.02082,-0.02082,0.34821,0.22494,0.57232,0.50964,0.63006,0.57172,1535.87276,1486.26443,0.43035,0.56965,2.3763,1.78096,0.66667,240.0,43.66667,88.66667,0.493,10.66667,26.66667,0.37333,11.33333,17.66667,0.60567,10.0,35.33333,45.33333,22.66667,6.66667,4.0,15.66667,17.0,109.33333,240.0,43.33333,89.0,0.487,17.33333,46.66667,0.372,16.66667,23.0,0.72133,7.33333,34.66667,42.0,24.66667,11.33333,5.0,10.66667,16.33333,120.66667,0,0.14526,-0.14526,0.2317,0.28628,0.58442,0.5539,0.64116,0.59304,1634.49753,1501.19216,0.32804,0.67196,3.07363,1.49139,1.0,,,,
248.33333,43.66667,88.0,0.49733,8.33333,22.66667,0.36433,12.66667,19.66667,0.63067,7.66667,39.66667,47.33333,22.0,4.0,5.33333,13.66667,23.33333,108.33333,248.33333,39.0,90.0,0.43533,11.33333,31.33333,0.36167,17.33333,23.33333,0.75533,9.0,35.33333,44.33333,21.66667,7.0,6.66667,12.0,17.66667,106.66667,1,-0.0192,0.0192,0.23451,0.22397,0.49912,0.54558,0.56298,0.58758,1499.2269,1404.58645,0.36342,0.63658,2.76017,1.57238,0.66667,240.0,34.66667,79.33333,0.43833,9.33333,25.66667,0.366,22.0,30.0,0.73867,10.0,29.0,39.0,19.33333,6.0,1.66667,12.66667,21.66667,100.66667,240.0,39.66667,79.66667,0.49767,7.66667,21.0,0.36967,23.0,28.66667,0.797,9.33333,31.33333,40.66667,21.33333,8.33333,5.66667,11.0,24.66667,110.0,1,0.12628,-0.12628,0.32491,0.33369,0.54568,0.49715,0.63952,0.58801,1486.871,1506.33083,0.54775,0.45225,1.82887,2.21673,1.0,,,,
240.0,38.66667,86.0,0.44967,12.0,31.33333,0.381,17.0,20.33333,0.837,14.66667,29.0,43.66667,27.0,8.66667,2.33333,18.33333,24.0,106.33333,240.0,40.66667,78.0,0.52033,13.66667,27.33333,0.50733,19.66667,25.66667,0.77,6.0,29.33333,35.33333,27.33333,10.0,6.0,15.66667,19.0,114.66667,1,0.11125,-0.11125,0.20694,0.49984,0.60812,0.52066,0.68406,0.58722,1535.33704,1507.92333,0.47355,0.52645,2.12844,1.91242,1.0,240.0,36.66667,79.0,0.466,12.0,31.0,0.38433,11.33333,16.0,0.713,7.66667,30.33333,38.0,22.33333,4.66667,5.33333,11.0,21.33333,96.66667,240.0,36.33333,81.66667,0.448,8.33333,25.0,0.33633,18.33333,22.66667,0.77633,12.0,33.33333,45.33333,22.66667,6.33333,1.33333,11.66667,17.33333,99.33333,1,0.03599,-0.03599,0.39584,0.23413,0.49882,0.54275,0.57506,0.58852,1506.18792,1500.32548,0.49443,0.50557,2.05062,2.00875,0.66667,,,,
240.0,39.0,91.33333,0.42667,5.0,21.66667,0.22467,10.0,13.0,0.775,11.0,35.33333,46.33333,22.33333,7.33333,6.33333,14.33333,17.66667,93.0,240.0,38.66667,87.33333,0.44267,9.66667,24.33333,0.40233,14.66667,19.0,0.78167,10.33333,36.66667,47.0,24.0,9.0,4.66667,15.0,14.0,101.66667,0,0.12775,-0.12775,0.32131,0.32987,0.49784,0.45315,0.55517,0.49347,1473.45044,1494.66848,0.546,0.454,1.83541,2.20943,1.0,240.0,38.33333,85.66667,0.449,10.33333,29.66667,0.34733,7.66667,11.33333,0.72233,8.0,33.66667,41.66667,22.33333,7.0,2.66667,13.0,19.0,94.66667,240.0,40.0,82.66667,0.48467,7.0,21.66667,0.33767,18.33333,22.33333,0.822,7.33333,35.66667,43.0,18.0,6.33333,3.66667,11.66667,15.66667,105.33333,0,0.1528,-0.1528,0.21717,0.219,0.52716,0.50931,0.6022,0.53867,1544.85208,1466.67927,0.40586,0.59414,2.46794,1.68444,1.0,,,,
248.33333,37.33333,95.33333,0.39167,10.33333,30.0,0.34,16.66667,28.0,0.59,18.33333,31.33333,49.66667,17.66667,7.0,4.33333,11.66667,22.0,101.66667,248.33333,39.66667,81.33333,0.491,12.33333,33.33333,0.37467,15.66667,24.33333,0.63767,7.33333,37.0,44.33333,25.0,5.66667,6.33333,13.0,24.33333,107.33333,1,0.07459,-0.07459,0.2322,0.50159,0.56698,0.44611,0.62272,0.5011,1466.24515,1540.01589,0.61308,0.38692,1.63152,2.58616,0.66667,248.33333,39.66667,87.66667,0.45267,12.66667,34.66667,0.36533,12.66667,18.0,0.69533,13.0,32.66667,45.66667,21.66667,4.66667,4.66667,16.0,19.33333,104.66667,248.33333,42.0,88.66667,0.47233,12.33333,32.66667,0.37933,13.66667,18.66667,0.74767,10.0,32.66667,42.66667,22.0,6.66667,3.33333,10.66667,16.66667,110.0,1,0.06818,-0.06818,0.3119,0.41406,0.54232,0.52408,0.59129,0.57039,1520.57594,1471.82141,0.43857,0.56143,2.35935,1.81414,1.0,,,,
248.33333,42.66667,88.33333,0.48467,12.0,33.33333,0.353,15.0,18.66667,0.82433,15.0,31.33333,46.33333,24.33333,7.66667,4.0,17.66667,18.33333,112.33333,248.33333,41.33333,83.66667,0.492,10.0,25.0,0.4,18.66667,22.66667,0.82467,8.66667,28.0,36.66667,23.33333,7.66667,3.66667,14.66667,17.66667,111.33333,0,-0.03444,0.03444,0.27506,0.54377,0.5522,0.55189,0.62684,0.60872,1531.23498,1492.13662,0.43808,0.56192,2.29481,1.78488,0.66667,240.0,36.0,78.66667,0.45633,10.66667,28.66667,0.37967,16.33333,22.66667,0.72033,8.66667,29.66667,38.33333,18.0,11.33333,6.0,15.0,21.66667,99.0,240.0,37.0,84.33333,0.43933,6.33333,22.0,0.28033,17.33333,24.0,0.70933,12.66667,31.33333,44.0,18.33333,7.66667,3.33333,17.33333,18.66667,97.66667,0,-0.0111,0.0111,0.42972,0.27871,0.47688,0.52388,0.5456,0.59031,1537.05715,1522.09607,0.47371,0.52629,2.13286,1.91406,0.66667,,,,
240.0,40.0,91.0,0.44,12.33333,32.0,0.384,15.33333,22.0,0.70733,11.0,31.33333,42.33333,21.66667,6.0,6.0,11.66667,18.66667,107.66667,240.0,44.0,88.33333,0.49967,16.0,34.0,0.48433,19.0,23.66667,0.80867,10.66667,36.66667,47.33333,29.0,6.66667,6.66667,11.0,20.0,123.0,1,0.19159,-0.19159,0.33832,0.31241,0.59033,0.50798,0.65981,0.56258,1544.72865,1469.01248,0.4163,0.5837,2.41349,1.71703,1.0,240.0,35.33333,84.66667,0.41733,10.33333,32.33333,0.32133,15.33333,21.33333,0.70433,8.66667,30.66667,39.33333,20.0,9.0,5.66667,13.0,21.66667,96.33333,240.0,40.66667,84.66667,0.48767,6.0,17.33333,0.35033,17.33333,21.66667,0.799,11.66667,38.33333,50.0,22.66667,7.0,5.0,14.66667,19.66667,104.66667,1,0.11718,-0.11718,0.38232,0.23087,0.52283,0.47806,0.59291,0.53887,1503.80399,1518.87459,0.5327,0.4673,1.88655,2.15258,0.66667,,,,
248.33333,36.66667,92.66667,0.396,10.66667,29.0,0.36433,15.0,26.0,0.576,17.0,34.0,51.0,20.66667,7.66667,4.66667,11.66667,19.33333,99.0,248.33333,38.0,85.66667,0.44333,11.66667,33.66667,0.34867,11.0,17.66667,0.62933,10.33333,35.66667,46.0,21.66667,6.33333,6.33333,13.0,24.0,98.66667,1,-0.00474,0.00474,0.31227,0.48438,0.51151,0.45432,0.55125,0.50434,1484.7547,1538.24237,0.57578,0.42422,1.749,2.38452,0.33333,240.0,40.0,88.33333,0.45267,10.0,27.0,0.37933,18.33333,26.0,0.69533,12.33333,29.66667,42.0,22.33333,10.33333,6.0,12.66667,21.33333,108.33333,240.0,37.66667,86.0,0.439,9.0,28.0,0.325,20.0,23.0,0.879,12.33333,33.66667,46.0,26.33333,6.33333,7.66667,16.33333,24.0,104.33333,1,-0.05331,0.05331,0.41565,0.35997,0.49179,0.50895,0.574,0.57793,1511.32256,1462.95112,0.42298,0.57702,2.42304,1.75431,0.33333,,,,
240.0,33.66667,86.0,0.388,8.0,22.33333,0.34967,20.66667,24.66667,0.82567,10.0,26.66667,36.66667,17.0,10.66667,4.0,11.0,28.33333,96.0,240.0,37.33333,78.33333,0.47767,10.33333,26.33333,0.36067,23.66667,34.33333,0.727,12.66667,39.66667,52.33333,23.33333,5.66667,5.33333,17.0,22.33333,108.66667,1,0.20252,-0.20252,0.49615,0.25734,0.54451,0.43375,0.63422,0.52094,1529.28897,1548.73513,0.53694,0.46306,1.86311,2.16062,0.66667,248.33333,43.0,96.33333,0.448,9.66667,30.66667,0.314,15.33333,22.33333,0.68233,12.66667,33.33333,46.0,22.66667,10.33333,3.66667,13.33333,23.0,111.0,248.33333,39.66667,92.0,0.43267,5.33333,23.0,0.22567,19.0,24.33333,0.78267,15.33333,36.66667,52.0,19.66667,7.0,6.33333,19.0,20.0,103.66667,1,-0.10349,0.10349,0.47748,0.34791,0.46156,0.49781,0.53339,0.54953,1427.84847,1472.73848,0.55294,0.44706,1.81484,2.24926,0.33333,,,,
240.0,36.66667,82.0,0.45,8.33333,24.66667,0.35033,18.66667,21.0,0.88567,7.66667,31.33333,39.0,15.33333,8.33333,4.33333,11.33333,19.66667,100.33333,240.0,36.66667,78.66667,0.46767,11.0,26.33333,0.426,13.66667,19.66667,0.70367,8.0,33.0,41.0,20.0,6.0,4.33333,14.66667,18.33333,98.0,1,-0.03967,0.03967,0.2615,0.22927,0.53849,0.50214,0.59272,0.5833,1509.8209,1518.36409,0.50985,0.49015,2.08389,2.14459,0.33333,248.33333,43.33333,87.33333,0.497,8.66667,25.33333,0.34033,15.66667,20.0,0.78967,5.66667,41.66667,47.33333,24.0,7.33333,6.66667,14.66667,24.0,111.0,248.33333,38.33333,92.0,0.417,9.33333,27.0,0.345,16.66667,23.33333,0.70267,9.66667,35.33333,45.0,21.33333,7.0,5.0,12.66667,18.33333,102.66667,1,-0.11271,0.11271,0.23976,0.16137,0.46792,0.54816,0.52928,0.60762,1479.614,1449.12181,0.44172,0.55828,2.29337,1.804,0.0,,,,
240.0,36.33333,85.0,0.42967,15.0,37.0,0.40633,17.0,20.33333,0.83533,10.0,33.0,43.0,20.66667,7.66667,2.33333,12.0,18.33333,104.66667,240.0,40.0,85.0,0.472,11.0,33.0,0.33767,14.66667,20.0,0.71433,10.33333,35.66667,46.0,25.0,7.66667,5.0,13.0,18.0,105.66667,0,0.01469,-0.01469,0.31045,0.27918,0.53679,0.51838,0.59254,0.58778,1560.17554,1548.09899,0.4821,0.5179,2.13089,1.97811,0.66667,240.0,40.0,88.33333,0.453,9.66667,30.66667,0.33133,11.0,14.66667,0.76267,10.66667,33.66667,44.33333,24.33333,5.33333,2.33333,11.0,15.33333,100.66667,240.0,37.66667,82.66667,0.457,9.66667,22.33333,0.43267,10.0,15.66667,0.621,9.0,34.0,43.0,19.0,6.0,3.66667,13.33333,17.33333,95.0,0,-0.08307,0.08307,0.26858,0.31244,0.51637,0.508,0.55303,0.55025,1384.73427,1506.92443,0.66122,0.33878,1.54945,3.17244,0.33333,,,,
240.0,40.33333,84.66667,0.47567,14.33333,33.0,0.43333,13.33333,15.33333,0.874,8.0,25.0,33.0,27.0,10.66667,4.0,14.0,20.0,108.33333,240.0,42.66667,82.0,0.519,15.0,29.33333,0.50867,12.66667,19.33333,0.673,10.33333,29.66667,40.0,26.66667,9.33333,4.33333,17.66667,20.0,113.0,0,0.05884,-0.05884,0.44312,0.27157,0.60958,0.5599,0.65334,0.61461,1506.13482,1421.97457,0.385,0.615,2.65791,1.64342,1.0,240.0,34.33333,79.0,0.43433,8.33333,25.33333,0.32867,11.66667,15.66667,0.74733,6.33333,30.33333,36.66667,19.66667,7.66667,5.66667,19.66667,18.66667,88.66667,240.0,41.66667,89.0,0.46433,9.66667,28.33333,0.33867,17.0,21.0,0.754,10.0,34.66667,44.66667,21.33333,11.33333,6.66667,12.33333,16.33333,110.0,0,0.30861,-0.30861,0.34075,0.18246,0.51916,0.4868,0.58691,0.53796,1600.07213,1438.49483,0.30508,0.69492,3.40108,1.44753,1.0,,,,
240.0,38.33333,83.33333,0.45933,10.0,26.0,0.38933,15.66667,20.66667,0.827,7.66667,38.33333,46.0,21.0,5.33333,4.33333,15.66667,20.66667,102.33333,240.0,40.0,86.66667,0.46367,7.66667,21.66667,0.37133,17.33333,22.0,0.785,6.33333,33.0,39.33333,21.0,9.0,4.66667,9.33333,20.33333,105.0,0,0.03251,-0.03251,0.18682,0.2394,0.50807,0.51936,0.57629,0.58326,1497.7345,1519.5197,0.5386,0.4614,1.91521,2.24493,0.66667,240.0,42.33333,88.33333,0.47867,12.0,33.33333,0.35567,11.33333,13.33333,0.85533,11.0,30.66667,41.66667,30.0,8.33333,3.0,15.66667,19.33333,108.0,240.0,42.33333,82.33333,0.51267,16.33333,34.33333,0.47533,15.33333,20.0,0.75333,6.66667,29.66667,36.33333,31.0,9.0,3.0,14.66667,16.66667,116.33333,0,0.10689,-0.10689,0.21738,0.36599,0.61165,0.54711,0.67022,0.59261,1539.31275,1466.17447,0.40496,0.59504,2.50224,1.69099,1.0,,,,
248.33333,41.33333,89.66667,0.462,10.0,28.33333,0.35567,16.33333,21.33333,0.75467,10.0,33.66667,43.66667,21.66667,8.0,4.0,13.66667,21.0,109.0,248.33333,39.66667,86.66667,0.45733,9.33333,29.0,0.30433,19.0,24.33333,0.767,10.33333,33.33333,43.66667,19.66667,6.33333,6.33333,15.66667,23.66667,107.66667,0,-0.01803,0.01803,0.30065,0.29554,0.51235,0.51782,0.58755,0.58083,1469.29761,1431.19382,0.43778,0.56222,2.29248,1.78229,0.66667,240.0,39.66667,82.66667,0.47967,11.33333,29.33333,0.40367,10.66667,13.33333,0.79833,7.33333,32.66667,40.0,29.0,10.33333,3.66667,14.33333,20.0,101.33333,240.0,38.33333,76.0,0.50467,13.0,30.66667,0.43333,17.66667,23.0,0.764,4.66667,31.0,35.66667,26.0,8.33333,4.0,14.0,13.33333,107.33333,0,0.08382,-0.08382,0.13843,0.23642,0.59026,0.5486,0.66262,0.59263,1530.41704,1452.44228,0.39687,0.60313,2.60384,1.6781,1.0,,,,
240.0,43.33333,88.66667,0.49467,7.66667,24.0,0.334,12.66667,15.66667,0.854,9.0,32.66667,41.66667,20.0,7.33333,6.33333,13.0,18.0,107.0,240.0,41.33333,88.0,0.46767,13.33333,35.0,0.37567,15.66667,21.0,0.74633,9.66667,32.0,41.66667,27.0,7.33333,3.33333,12.0,15.0,111.66667,1,0.05862,-0.05862,0.30321,0.28505,0.54441,0.53862,0.60265,0.58697,1540.70134,1511.22595,0.46348,0.53652,2.24576,1.93769,0.66667,240.0,40.66667,87.0,0.467,11.0,29.66667,0.365,14.0,16.66667,0.847,10.66667,31.66667,42.33333,28.0,8.66667,3.66667,15.33333,25.0,106.33333,240.0,37.0,77.66667,0.476,12.0,28.66667,0.41133,20.0,27.33333,0.72467,8.66667,29.0,37.66667,28.66667,7.0,6.0,13.33333,16.0,106.0,1,-0.01218,0.01218,0.2744,0.37232,0.5535,0.52919,0.63248,0.58693,1424.57044,1470.11582,0.56654,0.43346,1.76918,2.31575,0.66667,,,,
248.33333,41.66667,86.33333,0.48433,11.0,31.0,0.34133,13.0,15.33333,0.85167,10.33333,34.66667,45.0,24.0,7.33333,5.0,16.66667,18.33333,107.33333,248.33333,36.66667,85.0,0.42633,8.0,23.66667,0.33267,18.33333,22.33333,0.82167,11.0,29.66667,40.66667,19.66667,6.0,3.66667,15.0,16.66667,99.66667,0,-0.12855,0.12855,0.32393,0.35187,0.47325,0.54705,0.55007,0.59931,1487.97811,1489.96599,0.4874,0.5126,2.06405,1.96268,0.33333,240.0,39.0,88.33333,0.43967,8.33333,24.33333,0.34733,14.0,17.33333,0.789,8.33333,31.66667,40.0,20.0,7.0,2.66667,9.33333,16.0,100.33333,240.0,40.33333,81.66667,0.49667,12.0,29.0,0.42,15.33333,19.66667,0.779,7.0,36.0,43.0,27.33333,7.0,5.66667,11.33333,17.0,108.0,0,0.10739,-0.10739,0.2266,0.27001,0.57021,0.488,0.63057,0.54616,1586.16392,1457.35693,0.3315,0.6685,3.09176,1.50357,1.0,,,,
240.0,38.33333,83.66667,0.45667,11.0,29.33333,0.36667,14.33333,19.66667,0.75633,10.66667,36.33333,47.0,23.0,5.33333,2.66667,19.33333,21.0,102.0,240.0,41.0,87.66667,0.46233,8.33333,28.33333,0.29433,14.33333,19.0,0.71467,9.0,33.33333,42.33333,23.33333,8.33333,3.33333,12.33333,19.33333,104.66667,0,0.03557,-0.03557,0.25468,0.32288,0.51046,0.52182,0.56822,0.5787,1492.56692,1462.07707,0.45425,0.54575,2.29629,1.87455,0.33333,240.0,39.66667,86.66667,0.46167,14.0,29.0,0.48967,12.0,18.33333,0.65367,11.33333,33.33333,44.66667,24.66667,7.66667,6.66667,13.66667,21.66667,105.33333,240.0,37.33333,85.0,0.43967,9.0,27.33333,0.32933,17.66667,23.0,0.73867,11.66667,32.0,43.66667,17.66667,9.66667,4.66667,12.66667,17.33333,101.33333,0,-0.05756,0.05756,0.35003,0.35361,0.49264,0.54348,0.56365,0.58527,1524.64129,1534.74564,0.51086,0.48914,1.9696,2.05823,0.0,,,,
240.0,39.33333,85.33333,0.46267,9.66667,24.0,0.39067,17.0,22.66667,0.75767,10.0,36.66667,46.66667,19.0,5.0,5.33333,11.0,17.66667,105.33333,240.0,38.33333,86.66667,0.442,11.33333,33.33333,0.33333,18.66667,22.33333,0.82333,7.66667,34.66667,42.33333,22.33333,6.0,4.0,10.33333,17.66667,106.66667,1,0.02206,-0.02206,0.21886,0.29079,0.50724,0.51975,0.58229,0.58517,1552.73463,1483.21321,0.39986,0.60014,2.59729,1.6925,0.66667,240.0,34.33333,87.33333,0.39433,9.33333,29.0,0.30933,18.33333,22.33333,0.82833,13.0,33.0,46.0,19.33333,9.33333,2.0,15.0,18.33333,96.33333,240.0,40.33333,84.0,0.479,8.0,29.0,0.28633,13.33333,17.0,0.78467,8.33333,36.66667,45.0,30.0,9.66667,7.33333,15.66667,16.66667,102.0,1,0.05992,-0.05992,0.25269,0.36709,0.52673,0.4481,0.58032,0.52344,1632.36485,1514.82384,0.33938,0.66062,2.97913,1.51846,0.66667,,,,
240.0,39.33333,76.0,0.52333,13.33333,29.33333,0.448,12.33333,16.66667,0.72833,5.33333,30.66667,36.0,22.33333,7.0,6.66667,12.0,18.33333,104.33333,240.0,35.66667,80.0,0.44167,9.33333,26.33333,0.35833,15.33333,20.0,0.78867,8.0,28.0,36.0,21.0,5.0,3.66667,12.33333,17.33333,96.0,1,-0.13676,0.13676,0.27961,0.18619,0.4995,0.61481,0.56596,0.66549,1484.2989,1460.01506,0.44929,0.55071,2.25691,1.83093,0.33333,248.33333,43.66667,89.33333,0.489,8.66667,25.0,0.34433,14.0,18.66667,0.752,6.66667,43.0,49.66667,24.33333,6.66667,8.0,14.33333,23.0,110.0,248.33333,38.33333,96.66667,0.39733,8.0,24.33333,0.327,14.33333,20.0,0.71067,10.66667,36.66667,47.33333,20.0,6.33333,5.66667,11.33333,18.0,99.0,1,-0.15589,0.15589,0.25466,0.18379,0.43844,0.53855,0.48957,0.58936,1483.50244,1499.64185,0.50509,0.49491,2.09884,2.17998,0.0,,,,
240.0,40.66667,86.33333,0.47,13.33333,33.0,0.40333,10.0,13.0,0.793,7.66667,32.0,39.66667,30.0,6.0,3.66667,16.0,23.33333,104.66667,240.0,39.0,84.33333,0.46333,12.33333,28.0,0.397,21.33333,27.0,0.786,9.0,34.66667,43.66667,25.66667,10.33333,4.66667,13.0,16.0,111.66667,0,0.09546,-0.09546,0.28113,0.23151,0.53626,0.54738,0.62021,0.58627,1475.15098,1442.64158,0.46387,0.53613,2.18403,1.88374,1.0,240.0,39.66667,88.33333,0.448,11.0,34.33333,0.32467,9.66667,13.0,0.78833,8.33333,38.66667,47.0,25.33333,4.66667,6.0,17.0,20.33333,100.0,240.0,41.33333,88.66667,0.46667,10.66667,24.66667,0.43,16.0,21.66667,0.743,8.0,35.66667,43.66667,23.66667,9.0,4.33333,10.66667,16.0,109.33333,0,0.13767,-0.13767,0.20887,0.23513,0.52765,0.50975,0.58669,0.54652,1427.97153,1531.46071,0.66077,0.33923,1.52698,3.07393,1.0,,,,
240.0,40.0,84.33333,0.475,12.66667,35.33333,0.35967,14.33333,17.0,0.849,6.0,38.0,44.0,23.0,5.33333,3.33333,8.66667,17.33333,107.0,240.0,37.0,86.33333,0.42867,12.0,35.33333,0.338,12.66667,19.33333,0.65533,11.66667,36.0,47.66667,20.66667,5.0,4.33333,9.66667,17.66667,98.66667,0,-0.11848,0.11848,0.30962,0.16667,0.4977,0.55016,0.54455,0.60856,1492.17266,1537.95984,0.55069,0.44931,1.84874,2.29769,0.33333,240.0,36.66667,79.0,0.463,8.66667,23.0,0.37633,23.66667,32.66667,0.73533,9.0,31.33333,40.33333,20.66667,7.0,1.66667,13.0,23.66667,105.66667,240.0,40.0,81.0,0.49367,8.0,24.66667,0.33933,23.66667,29.66667,0.79633,8.0,33.33333,41.33333,22.0,8.0,5.66667,10.66667,25.66667,111.66667,0,0.08165,-0.08165,0.25881,0.26857,0.54296,0.51835,0.63818,0.61324,1491.20449,1478.33464,0.4977,0.5023,2.05481,2.0302,0.66667,,,,
240.0,35.0,81.66667,0.425,10.66667,30.66667,0.34067,12.0,16.33333,0.753,9.0,27.33333,36.33333,18.0,9.0,3.66667,12.0,17.0,92.66667,240.0,40.66667,77.66667,0.52333,11.66667,29.33333,0.39933,19.0,22.0,0.866,9.33333,35.66667,45.0,26.0,9.66667,4.33333,13.0,18.0,112.0,0,0.27985,-0.27985,0.34215,0.26062,0.59875,0.49044,0.67861,0.5429,1577.93279,1510.47129,0.43177,0.56823,2.38082,1.78285,1.0,248.33333,41.33333,88.0,0.46967,10.66667,29.33333,0.358,14.33333,18.0,0.79167,10.66667,33.0,43.66667,25.33333,8.33333,4.0,16.0,19.66667,107.66667,248.33333,40.66667,86.33333,0.47333,13.66667,31.66667,0.43167,17.0,22.0,0.752,9.33333,33.66667,43.0,27.66667,8.66667,5.0,16.0,18.0,112.0,0,0.05689,-0.05689,0.28243,0.33038,0.553,0.52979,0.61921,0.58528,1498.92843,1493.70024,0.49948,0.50052,2.00627,2.00226,0.66667,,,,
248.33333,43.0,94.0,0.45933,12.33333,33.66667,0.36333,16.0,24.0,0.69033,15.33333,34.0,49.33333,28.0,7.0,4.66667,14.66667,21.33333,114.33333,248.33333,42.66667,92.33333,0.462,13.66667,33.33333,0.41033,17.66667,22.66667,0.76933,11.66667,33.33333,45.0,25.33333,8.0,5.66667,14.0,20.66667,116.66667,0,0.03025,-0.03025,0.34517,0.46336,0.53752,0.52547,0.60174,0.5781,1561.57781,1469.94498,0.37357,0.62643,2.84116,1.62421,0.66667,240.0,34.0,84.66667,0.40133,9.66667,29.33333,0.32733,17.33333,20.33333,0.84233,11.66667,25.33333,37.0,19.66667,9.33333,3.0,12.0,19.0,95.0,240.0,41.66667,77.33333,0.53733,9.33333,21.0,0.44433,14.0,17.0,0.80767,8.0,34.33333,42.33333,29.0,7.0,7.0,15.33333,19.0,106.66667,0,0.16967,-0.16967,0.31153,0.34985,0.59744,0.45906,0.65767,0.5327,1631.61587,1479.0143,0.30405,0.69595,3.3602,1.44228,1.0,,,,
240.0,37.66667,79.0,0.478,13.33333,34.66667,0.38433,25.66667,32.33333,0.78867,9.0,30.66667,39.66667,19.66667,11.33333,3.66667,14.0,20.66667,114.33333,240.0,40.66667,81.33333,0.499,12.33333,29.66667,0.41667,16.33333,20.66667,0.78267,6.66667,28.33333,35.0,19.0,7.66667,6.66667,14.0,23.0,110.0,0,-0.0557,0.0557,0.23381,0.31401,0.57385,0.56214,0.64016,0.66475,1532.36984,1628.64033,0.62759,0.37241,1.59417,2.68906,0.33333,240.0,36.66667,84.66667,0.43233,7.66667,24.33333,0.31867,16.66667,26.0,0.63967,10.66667,37.33333,48.0,24.33333,5.33333,3.0,11.66667,16.33333,97.66667,240.0,37.66667,84.33333,0.44467,13.0,31.0,0.42133,14.66667,19.66667,0.73967,7.0,38.0,45.0,22.33333,5.33333,4.66667,10.33333,21.0,103.0,0,0.07426,-0.07426,0.19085,0.28267,0.52254,0.47911,0.5797,0.54048,1571.97836,1487.57736,0.38806,0.61194,2.63199,1.65023,0.33333,,,,
240.0,39.66667,84.66667,0.46933,8.33333,24.0,0.35,11.66667,17.0,0.70733,9.33333,30.33333,39.66667,20.0,8.0,6.33333,13.0,19.33333,99.33333,240.0,34.0,82.66667,0.41133,12.66667,35.66667,0.35867,20.0,25.0,0.79967,13.0,32.66667,45.66667,18.66667,6.66667,7.33333,13.66667,17.0,100.66667,0,0.01876,-0.01876,0.43162,0.31438,0.48773,0.51885,0.57049,0.56314,1512.69376,1379.27162,0.3206,0.6794,3.30206,1.48958,0.33333,240.0,36.33333,86.33333,0.42433,9.33333,32.0,0.292,17.33333,22.66667,0.772,8.66667,37.0,45.66667,24.33333,5.33333,3.66667,12.0,21.66667,99.33333,240.0,38.0,86.33333,0.443,10.66667,32.66667,0.331,19.0,24.0,0.79167,9.0,37.66667,46.66667,20.66667,5.0,5.0,10.33333,19.33333,105.66667,0,0.09167,-0.09167,0.2381,0.24053,0.50559,0.47909,0.58037,0.54783,1461.9725,1510.55942,0.57312,0.42688,1.81538,2.4731,1.0,,,,
248.33333,44.0,94.0,0.471,10.33333,31.0,0.33133,12.0,16.66667,0.719,14.0,35.0,49.0,27.0,6.66667,4.66667,16.0,20.0,110.33333,248.33333,44.0,93.33333,0.472,10.66667,27.66667,0.382,12.33333,16.66667,0.72333,10.66667,33.0,43.66667,26.0,8.0,5.0,13.0,17.66667,111.0,1,0.00383,-0.00383,0.31206,0.42694,0.53029,0.52547,0.57424,0.56741,1505.60098,1469.15376,0.44306,0.55694,2.26742,1.80034,0.66667,240.0,42.0,89.0,0.47133,8.66667,26.66667,0.32567,13.66667,18.0,0.74367,8.33333,28.66667,37.0,18.66667,11.33333,4.33333,12.33333,24.33333,106.33333,240.0,39.33333,81.33333,0.48433,15.33333,42.66667,0.35633,25.66667,31.33333,0.82067,9.33333,35.66667,45.0,20.33333,9.0,4.66667,14.0,17.33333,119.66667,1,0.17154,-0.17154,0.33796,0.24131,0.57806,0.52008,0.68016,0.57269,1643.09801,1513.58421,0.33571,0.66429,3.0022,1.50834,1.0,,,,
240.0,40.0,83.0,0.482,9.33333,22.0,0.426,9.0,12.66667,0.789,6.0,38.0,44.0,21.0,5.0,6.66667,17.0,20.0,98.33333,240.0,35.66667,90.33333,0.39567,8.0,26.33333,0.313,16.33333,22.66667,0.73,10.66667,32.0,42.66667,17.33333,7.33333,2.66667,10.33333,17.66667,95.66667,1,-0.04279,0.04279,0.28266,0.20902,0.44023,0.53851,0.50303,0.5737,1476.92932,1521.17296,0.56025,0.43975,1.79812,2.30107,0.33333,256.66667,45.0,97.0,0.46733,12.33333,33.66667,0.36733,18.0,22.0,0.82633,11.33333,39.66667,51.0,24.0,8.66667,6.0,17.0,22.66667,120.33333,256.66667,40.0,90.33333,0.44067,9.33333,25.66667,0.36533,21.33333,30.0,0.72067,8.33333,33.0,41.33333,23.0,10.0,6.66667,16.33333,23.66667,110.66667,1,-0.12802,0.12802,0.21564,0.34835,0.49221,0.53163,0.56931,0.59434,1469.32042,1615.69556,0.69093,0.30907,1.44903,3.25477,0.0,,,,
240.0,32.66667,85.0,0.383,9.0,28.33333,0.312,14.33333,17.0,0.84333,13.33333,32.66667,46.0,17.66667,7.0,5.0,13.66667,22.66667,88.66667,240.0,34.33333,77.33333,0.44467,8.66667,23.0,0.37567,18.33333,25.33333,0.71933,10.66667,33.33333,44.0,22.66667,6.66667,5.66667,13.66667,19.33333,95.66667,0,0.11129,-0.11129,0.34783,0.41064,0.50062,0.43677,0.57769,0.49963,1530.29954,1436.59643,0.38137,0.61863,2.92603,1.6992,1.0,240.0,40.33333,88.66667,0.456,6.66667,22.66667,0.30433,21.0,25.33333,0.817,12.0,35.33333,47.33333,16.33333,6.0,5.33333,9.66667,22.66667,108.33333,240.0,36.66667,83.33333,0.43933,9.66667,27.33333,0.354,21.0,28.33333,0.73233,10.33333,30.0,40.33333,21.66667,4.0,4.66667,11.33333,21.0,104.0,0,-0.05494,0.05494,0.29261,0.40277,0.49739,0.49351,0.58028,0.57533,1395.5286,1513.85316,0.6567,0.3433,1.54419,3.05139,0.33333,,,,
240.0,37.66667,82.0,0.46333,12.0,33.0,0.36267,10.0,15.33333,0.66433,7.66667,27.0,34.66667,21.33333,8.66667,5.33333,12.66667,17.66667,97.33333,240.0,41.0,80.33333,0.513,8.33333,21.66667,0.388,16.66667,19.66667,0.84833,8.66667,34.33333,43.0,24.0,6.33333,5.0,14.33333,16.66667,107.0,1,0.13096,-0.13096,0.34021,0.22771,0.56368,0.53942,0.63409,0.57745,1505.38256,1457.32568,0.44335,0.55665,2.28159,1.80803,0.66667,248.33333,36.0,83.0,0.436,9.66667,27.33333,0.33567,21.66667,27.66667,0.80233,11.33333,27.66667,39.0,18.66667,8.0,3.33333,10.0,20.0,103.33333,248.33333,38.0,80.66667,0.47167,9.33333,27.0,0.33767,15.66667,21.0,0.73,10.0,31.0,41.0,23.0,6.33333,5.33333,15.0,25.66667,101.0,1,-0.02814,0.02814,0.35954,0.37222,0.5286,0.49419,0.59373,0.58313,1461.12081,1542.52122,0.61218,0.38782,1.63998,2.60337,0.33333,,,,
248.33333,40.0,85.66667,0.466,10.0,28.0,0.34133,19.33333,26.0,0.72133,9.66667,34.33333,44.0,23.33333,8.33333,3.66667,16.66667,18.66667,109.33333,248.33333,42.66667,92.33333,0.46133,11.33333,30.33333,0.348,13.33333,19.0,0.69367,10.33333,33.66667,44.0,25.0,9.0,3.0,15.0,22.33333,110.0,1,0.00384,-0.00384,0.30238,0.29313,0.52105,0.52311,0.56943,0.59826,1491.66283,1483.73462,0.49186,0.50814,2.08651,2.0167,0.66667,240.0,36.33333,75.66667,0.48167,11.66667,30.33333,0.37633,11.66667,16.0,0.699,6.66667,27.0,33.66667,20.0,5.0,3.0,12.0,18.33333,96.0,240.0,37.0,75.33333,0.49633,13.66667,30.0,0.472,11.66667,16.66667,0.73467,7.0,29.0,36.0,22.0,6.33333,4.0,11.33333,17.0,99.33333,1,0.04729,-0.04729,0.24237,0.23726,0.58791,0.55898,0.6355,0.60855,1473.38441,1491.89426,0.53136,0.46864,1.88806,2.14218,0.66667,,,,
240.0,39.0,85.0,0.45833,8.33333,25.0,0.34033,20.0,25.33333,0.775,8.66667,26.66667,35.33333,19.0,10.66667,4.66667,10.66667,21.33333,106.33333,240.0,41.0,78.0,0.525,11.33333,27.33333,0.42967,20.33333,25.33333,0.79967,7.0,34.33333,41.33333,25.33333,5.66667,5.0,16.66667,19.66667,113.66667,0,0.09741,-0.09741,0.27877,0.26171,0.59734,0.50796,0.68006,0.58888,1571.97522,1488.78166,0.39419,0.60581,2.67308,1.69389,1.0,240.0,40.66667,85.33333,0.475,9.66667,25.0,0.35633,13.33333,18.66667,0.711,8.33333,34.0,42.33333,25.0,6.0,5.0,17.0,21.33333,104.33333,240.0,38.33333,89.66667,0.43067,7.66667,24.66667,0.32667,19.33333,26.33333,0.75367,11.0,34.66667,45.66667,23.0,9.66667,5.0,12.33333,18.33333,103.66667,0,0.00407,-0.00407,0.33213,0.24662,0.47333,0.53136,0.54653,0.58102,1484.74278,1539.6898,0.58299,0.41701,1.72354,2.42326,0.33333,,,,
248.33333,41.0,86.66667,0.473,11.33333,28.66667,0.40133,11.66667,16.0,0.69533,8.66667,32.66667,41.33333,22.0,11.33333,3.33333,14.66667,23.0,105.0,248.33333,37.33333,78.66667,0.476,10.0,28.66667,0.344,21.66667,27.33333,0.78233,7.66667,30.33333,38.0,22.33333,7.0,4.0,15.66667,14.0,106.33333,0,0.0221,-0.0221,0.24259,0.28836,0.53906,0.53837,0.6309,0.58373,1500.51787,1387.37908,0.34118,0.65882,2.95005,1.52028,0.66667,248.33333,38.0,78.0,0.488,12.33333,30.33333,0.40633,17.0,21.0,0.79833,7.0,33.66667,40.66667,25.33333,5.0,5.0,16.66667,22.0,105.33333,248.33333,39.33333,89.33333,0.44633,6.66667,24.66667,0.28267,21.66667,27.0,0.79667,13.33333,32.33333,45.66667,20.0,10.0,3.33333,11.66667,18.66667,107.0,0,0.02683,-0.02683,0.39796,0.2215,0.48548,0.56768,0.57049,0.63769,1512.19209,1485.91558,0.46178,0.53822,2.16793,1.85952,0.66667,,,,
240.0,40.66667,92.66667,0.439,5.66667,20.33333,0.288,11.33333,13.66667,0.81133,11.66667,37.0,48.66667,25.66667,6.0,7.33333,11.66667,21.0,98.33333,240.0,38.0,84.66667,0.45067,9.66667,24.33333,0.40233,19.33333,26.66667,0.72933,9.66667,36.0,45.66667,23.33333,6.33333,4.0,11.66667,14.66667,105.0,1,0.09207,-0.09207,0.27733,0.35584,0.5075,0.46892,0.58057,0.51373,1493.74028,1492.78408,0.5047,0.4953,2.01465,2.05211,1.0,240.0,43.66667,89.33333,0.491,16.33333,34.66667,0.45333,12.66667,17.0,0.75567,10.0,31.33333,41.33333,25.33333,9.0,4.0,13.0,18.0,116.33333,240.0,45.0,85.0,0.53,12.66667,29.66667,0.431,18.33333,22.0,0.82133,6.33333,32.0,38.33333,34.33333,7.0,7.66667,13.0,16.66667,121.0,1,0.0591,-0.0591,0.22613,0.30807,0.60423,0.58437,0.67391,0.62915,1495.11321,1480.44144,0.48546,0.51454,2.06721,1.94957,0.66667,,,,
240.0,39.66667,85.0,0.467,12.66667,28.66667,0.43867,10.0,13.33333,0.76533,8.33333,33.33333,41.66667,20.0,9.0,3.33333,11.0,18.66667,102.0,240.0,39.0,80.66667,0.486,12.0,32.0,0.38,18.0,21.0,0.85867,7.33333,34.0,41.33333,25.0,8.0,4.33333,11.33333,15.33333,108.0,0,0.07675,-0.07675,0.26141,0.25623,0.56137,0.54249,0.63628,0.58118,1587.4163,1519.77436,0.40948,0.59052,2.49198,1.70918,0.66667,240.0,38.0,82.0,0.46367,12.0,31.66667,0.39233,13.33333,19.0,0.69633,8.66667,31.66667,40.33333,20.33333,10.33333,4.0,13.0,19.66667,101.33333,240.0,37.66667,82.33333,0.458,6.66667,22.66667,0.28667,17.33333,22.0,0.773,9.66667,32.0,41.66667,15.66667,8.0,4.33333,14.0,16.66667,99.33333,0,-0.02232,0.02232,0.32248,0.27381,0.49852,0.53704,0.5697,0.58818,1532.56048,1508.10694,0.46007,0.53993,2.19108,1.86266,0.66667,,,,
248.33333,42.0,85.33333,0.49133,12.66667,29.0,0.412,16.66667,22.33333,0.69233,8.0,33.66667,41.66667,26.33333,7.0,3.66667,17.66667,16.66667,113.33333,248.33333,46.66667,93.33333,0.50167,15.66667,38.66667,0.40733,12.0,17.66667,0.679,8.33333,34.33333,42.66667,29.66667,10.66667,4.66667,13.33333,21.0,121.0,1,0.09529,-0.09529,0.25038,0.23341,0.58604,0.56452,0.62424,0.62892,1564.40837,1483.59049,0.39868,0.60132,2.59901,1.689,1.0,240.0,39.33333,86.33333,0.45567,8.66667,21.66667,0.39733,14.0,17.0,0.82667,6.0,40.66667,46.66667,21.33333,8.0,7.33333,11.33333,19.66667,101.33333,240.0,34.0,85.0,0.39967,8.0,25.66667,0.30533,14.66667,21.0,0.697,8.66667,35.33333,44.0,19.0,6.0,5.33333,13.66667,16.0,90.66667,1,-0.15975,0.15975,0.21672,0.1712,0.44659,0.50584,0.50572,0.56243,1437.99608,1493.25809,0.5628,0.4372,1.78507,2.30683,0.0,,,,
248.33333,40.33333,88.33333,0.456,12.66667,29.66667,0.42667,8.33333,11.33333,0.742,10.66667,29.33333,40.0,23.33333,8.33333,5.0,15.33333,20.33333,101.66667,248.33333,41.0,85.33333,0.482,11.0,26.33333,0.422,19.0,22.33333,0.85533,9.0,31.0,40.0,22.66667,9.0,7.0,12.66667,15.33333,112.0,1,0.14526,-0.14526,0.31928,0.35107,0.54627,0.52761,0.62197,0.55896,1532.9074,1381.77766,0.30556,0.69444,3.39757,1.44872,0.66667,265.0,44.33333,100.0,0.446,12.0,28.33333,0.42567,13.0,21.66667,0.59967,16.0,34.0,50.0,25.0,11.0,7.0,13.33333,19.33333,113.66667,265.0,40.66667,90.66667,0.45,10.0,34.0,0.30033,16.0,19.0,0.854,9.0,38.0,47.0,29.0,8.33333,7.66667,17.0,22.66667,107.33333,1,-0.08425,0.08425,0.2758,0.42173,0.50508,0.50518,0.56732,0.54532,1506.91206,1468.80842,0.43773,0.56227,2.36787,1.81781,0.0,,,,
240.0,39.33333,85.33333,0.46267,8.66667,26.0,0.34967,19.33333,24.66667,0.78267,9.33333,32.66667,42.0,23.33333,7.33333,5.66667,13.33333,18.66667,106.66667,240.0,40.33333,90.66667,0.44467,9.66667,29.33333,0.32267,18.33333,21.33333,0.87067,10.66667,34.0,44.66667,24.66667,10.33333,4.33333,12.66667,22.66667,108.66667,1,0.02521,-0.02521,0.33056,0.27451,0.4977,0.51393,0.56882,0.59065,1490.03568,1406.36671,0.38441,0.61559,2.77053,1.67491,0.66667,248.33333,37.66667,82.66667,0.457,12.0,30.0,0.40067,14.66667,17.66667,0.81833,9.33333,33.0,42.33333,26.33333,5.33333,3.33333,16.0,20.33333,102.0,248.33333,42.0,87.33333,0.48933,7.33333,23.0,0.33867,18.0,23.33333,0.779,11.33333,33.33333,44.66667,22.33333,11.0,6.0,12.33333,19.66667,109.33333,1,0.10364,-0.10364,0.3358,0.28755,0.53371,0.52923,0.60317,0.58922,1515.31615,1457.29493,0.42486,0.57514,2.41882,1.76024,0.66667,,,,
240.0,36.66667,79.0,0.466,9.33333,23.33333,0.406,14.0,18.66667,0.74567,5.33333,36.33333,41.66667,17.0,5.33333,4.66667,15.0,20.66667,96.66667,240.0,33.0,84.0,0.399,10.0,30.0,0.33467,15.33333,23.33333,0.663,10.33333,33.66667,44.0,17.33333,7.33333,2.33333,12.0,20.0,91.33333,0,-0.08145,0.08145,0.2906,0.16202,0.46106,0.52594,0.52025,0.58475,1459.88179,1520.28045,0.58045,0.41955,1.72622,2.39325,0.0,248.33333,36.33333,79.66667,0.45733,12.0,27.66667,0.435,22.66667,26.33333,0.85433,11.66667,37.0,48.66667,26.0,4.66667,2.66667,20.33333,20.0,107.33333,248.33333,43.33333,95.0,0.463,8.0,25.66667,0.327,17.66667,23.66667,0.754,11.66667,28.33333,40.0,23.0,13.33333,8.0,8.33333,19.66667,112.33333,0,0.0692,-0.0692,0.31016,0.43835,0.50698,0.53258,0.56955,0.63029,1517.42701,1427.28337,0.38096,0.61904,2.70716,1.63858,0.33333,,,,
240.0,34.33333,82.66667,0.42067,9.66667,28.0,0.36233,21.66667,25.33333,0.85133,11.33333,39.0,50.33333,20.33333,5.33333,4.0,17.0,23.66667,100.0,240.0,37.66667,90.0,0.41867,10.0,31.33333,0.321,16.33333,21.66667,0.772,9.0,32.0,41.0,21.33333,8.33333,5.66667,10.0,18.66667,101.66667,1,0.02198,-0.02198,0.2323,0.3888,0.47443,0.48104,0.53655,0.57516,1488.19023,1398.40546,0.37617,0.62383,2.68673,1.60923,0.33333,240.0,37.66667,84.0,0.44767,10.0,28.66667,0.36133,13.0,16.66667,0.788,9.0,33.0,42.0,23.33333,5.66667,3.0,10.33333,14.66667,98.33333,240.0,39.66667,84.66667,0.47033,10.33333,24.66667,0.421,12.66667,17.0,0.732,9.0,33.33333,42.33333,22.33333,6.33333,3.66667,10.0,18.0,102.33333,1,0.05953,-0.05953,0.27344,0.26887,0.53204,0.50867,0.58142,0.56297,1382.4027,1492.39512,0.65871,0.34129,1.55404,3.13516,0.66667,,,,
240.0,40.33333,89.33333,0.45033,7.66667,24.33333,0.317,12.33333,19.0,0.63,13.33333,33.33333,46.66667,20.0,6.33333,5.33333,14.0,17.0,100.66667,240.0,38.66667,86.66667,0.446,11.33333,33.0,0.33833,18.0,22.33333,0.811,10.0,34.66667,44.66667,16.0,9.0,2.0,9.66667,18.66667,106.66667,1,0.0793,-0.0793,0.31456,0.40251,0.51007,0.49311,0.58132,0.53763,1511.52707,1542.18303,0.55043,0.44957,1.94738,2.42741,0.66667,240.0,42.33333,83.33333,0.50933,12.0,27.0,0.44133,21.0,27.0,0.772,7.33333,35.0,42.33333,18.66667,10.33333,3.66667,10.33333,18.33333,117.66667,240.0,41.33333,90.33333,0.45633,13.66667,34.33333,0.399,12.0,14.66667,0.83733,7.66667,31.66667,39.33333,19.0,4.0,4.33333,12.33333,21.66667,108.33333,1,-0.12424,0.12424,0.22222,0.23568,0.53361,0.58139,0.5807,0.66124,1521.90077,1556.64316,0.53566,0.46434,1.91621,2.23507,0.0,,,,
240.0,40.0,84.66667,0.47233,8.33333,27.33333,0.30467,16.33333,22.33333,0.70433,9.0,30.33333,39.33333,22.66667,8.33333,5.33333,10.66667,29.66667,104.66667,240.0,36.33333,77.66667,0.46833,9.0,27.0,0.341,25.33333,34.0,0.72,7.66667,34.33333,42.0,18.0,4.66667,5.33333,14.33333,20.66667,107.0,0,0.02917,-0.02917,0.25634,0.26134,0.52673,0.52149,0.62944,0.58414,1562.05043,1491.70338,0.40325,0.59675,2.60226,1.71322,0.66667,240.0,36.33333,83.0,0.438,9.0,25.66667,0.35233,10.66667,16.0,0.68333,9.0,31.33333,40.33333,21.66667,8.33333,7.66667,18.33333,19.0,92.33333,240.0,39.0,91.66667,0.42467,11.66667,31.33333,0.37233,17.33333,20.66667,0.81867,12.66667,34.0,46.66667,20.0,10.66667,10.0,13.33333,18.33333,107.0,0,0.21387,-0.21387,0.40875,0.26947,0.48824,0.49208,0.55813,0.53388,1603.7282,1430.25088,0.28586,0.71414,3.61062,1.40777,1.0,,,,
240.0,39.66667,85.0,0.467,13.0,29.66667,0.44,10.0,13.0,0.807,8.33333,38.66667,47.0,22.33333,6.0,5.66667,14.33333,17.66667,102.33333,240.0,39.33333,86.0,0.46,8.66667,23.33333,0.38567,15.0,19.0,0.797,6.33333,33.0,39.33333,23.66667,9.33333,3.0,9.66667,15.66667,102.33333,0,-0.00155,0.00155,0.18303,0.2596,0.51091,0.54432,0.57099,0.5834,1512.99656,1521.3311,0.50612,0.49388,2.03418,2.09957,0.66667,240.0,40.0,87.66667,0.45533,7.33333,24.66667,0.29033,18.0,24.33333,0.699,10.66667,34.33333,45.0,17.66667,8.66667,5.66667,14.33333,22.0,105.33333,240.0,39.0,85.0,0.459,15.33333,43.33333,0.35067,22.33333,28.66667,0.76467,7.33333,35.33333,42.66667,20.0,9.66667,4.0,12.66667,19.0,115.66667,0,0.13567,-0.13567,0.23527,0.30221,0.54803,0.49718,0.63429,0.56697,1637.87335,1503.28697,0.32472,0.67528,3.10952,1.48455,1.0,,,,
248.33333,45.66667,87.33333,0.524,16.0,32.66667,0.49,11.66667,17.33333,0.65733,5.66667,38.0,43.66667,27.0,5.33333,4.33333,15.66667,16.66667,119.0,248.33333,47.0,97.66667,0.48433,14.66667,38.66667,0.37867,12.33333,16.66667,0.77433,8.0,34.66667,42.66667,26.66667,10.0,4.66667,9.33333,16.33333,121.0,0,0.02376,-0.02376,0.21104,0.16366,0.56068,0.61592,0.60088,0.65401,1552.06008,1486.95801,0.41141,0.58859,2.52516,1.72634,0.66667,240.0,35.0,84.66667,0.41267,10.33333,28.66667,0.35367,14.33333,19.0,0.79733,8.66667,36.66667,45.33333,19.66667,8.0,4.0,14.66667,19.66667,94.66667,240.0,38.0,85.33333,0.44667,9.33333,28.66667,0.333,12.0,21.0,0.57167,10.0,38.33333,48.33333,20.66667,7.66667,6.66667,14.66667,22.0,97.33333,0,0.04457,-0.04457,0.27285,0.22537,0.50114,0.47353,0.54204,0.53282,1560.13845,1485.47188,0.39667,0.60333,2.57105,1.67346,0.66667,,,,
248.33333,40.0,87.33333,0.45933,12.0,31.33333,0.38033,17.0,21.0,0.82433,9.0,31.33333,40.33333,24.33333,6.66667,3.66667,14.33333,20.33333,109.0,248.33333,44.33333,88.0,0.505,10.33333,27.66667,0.34467,15.66667,20.66667,0.73033,8.33333,32.33333,40.66667,22.66667,7.66667,4.33333,13.66667,23.66667,114.66667,0,0.072,-0.072,0.25707,0.27562,0.56439,0.52752,0.62371,0.595,1496.73832,1426.86506,0.40385,0.59615,2.50746,1.68719,1.0,248.33333,36.66667,78.66667,0.47533,13.0,30.66667,0.43033,22.0,29.33333,0.75067,9.66667,29.66667,39.33333,21.0,7.66667,5.33333,11.33333,22.0,108.33333,248.33333,36.0,80.66667,0.444,10.0,29.0,0.341,14.66667,22.0,0.66067,10.0,27.66667,37.66667,21.33333,6.33333,3.0,14.33333,25.66667,96.66667,0,-0.17155,0.17155,0.34608,0.33222,0.50546,0.56029,0.5642,0.64897,1452.98393,1529.62159,0.59103,0.40897,1.71517,2.50669,0.0,,,,
240.0,38.0,79.0,0.482,12.33333,30.66667,0.396,9.66667,12.33333,0.79367,5.0,25.33333,30.33333,25.33333,5.33333,2.33333,9.33333,14.66667,98.0,240.0,44.0,78.66667,0.565,10.66667,24.0,0.44667,9.0,11.0,0.81467,5.0,34.0,39.0,24.66667,5.0,3.0,11.33333,17.0,107.66667,0,0.13305,-0.13305,0.18129,0.14404,0.63521,0.56073,0.67182,0.60115,1548.79459,1488.13283,0.42826,0.57174,2.45351,1.79721,1.0,240.0,39.0,83.66667,0.46667,9.0,25.33333,0.34867,17.66667,20.33333,0.871,10.0,31.66667,41.66667,21.33333,8.0,4.66667,14.33333,23.0,104.66667,240.0,35.0,78.0,0.449,9.0,27.33333,0.33167,19.66667,25.66667,0.768,9.33333,29.33333,38.66667,26.66667,6.33333,6.0,13.66667,17.33333,98.66667,0,-0.08997,0.08997,0.29739,0.34813,0.50774,0.51942,0.58981,0.59446,1421.2882,1500.23219,0.60454,0.39546,1.65786,2.54283,0.33333,,,,
240.0,34.66667,81.66667,0.42467,10.66667,36.0,0.302,12.66667,16.33333,0.76767,10.33333,34.66667,45.0,17.33333,5.33333,2.0,14.0,19.66667,92.66667,240.0,35.0,82.0,0.42767,10.0,29.66667,0.33767,18.0,22.66667,0.79467,11.66667,34.33333,46.0,17.66667,7.33333,3.33333,10.0,16.0,98.0,1,0.07312,-0.07312,0.35134,0.30215,0.48898,0.48976,0.56402,0.54338,1494.0625,1586.13195,0.63949,0.36051,1.58752,2.94403,0.66667,248.33333,35.66667,78.33333,0.46467,12.66667,30.66667,0.41967,17.0,23.66667,0.74933,8.66667,30.33333,39.0,23.0,9.0,6.0,13.33333,20.66667,101.0,248.33333,34.33333,79.33333,0.43133,11.0,28.33333,0.39,13.33333,20.33333,0.65367,9.66667,30.66667,40.33333,20.33333,7.66667,4.0,16.0,25.33333,93.0,1,-0.12259,0.12259,0.3241,0.26404,0.49998,0.54756,0.55458,0.61679,1447.18301,1478.0874,0.52934,0.47066,1.91487,2.16761,0.33333,,,,
248.33333,38.33333,86.33333,0.444,12.66667,31.66667,0.38833,16.0,19.66667,0.823,12.0,34.66667,46.66667,22.66667,4.33333,3.0,18.0,20.66667,105.33333,248.33333,43.66667,89.66667,0.48167,8.66667,27.0,0.32833,15.0,20.0,0.70867,9.0,32.33333,41.33333,25.0,9.33333,5.33333,11.33333,20.0,111.0,0,0.07405,-0.07405,0.26399,0.37323,0.53043,0.51597,0.58779,0.5801,1516.19182,1461.72385,0.42016,0.57984,2.46411,1.75939,0.66667,240.0,38.0,82.33333,0.462,10.0,31.66667,0.31867,10.33333,14.0,0.757,7.66667,32.0,39.66667,19.33333,8.66667,2.66667,13.33333,20.33333,96.33333,240.0,39.0,83.0,0.47,7.33333,25.33333,0.29033,18.66667,22.33333,0.836,10.33333,33.66667,44.0,17.33333,6.0,3.0,12.0,15.66667,104.0,0,0.11065,-0.11065,0.33333,0.22832,0.51459,0.52271,0.59201,0.56445,1544.32862,1510.51203,0.46337,0.53663,2.20463,1.89905,1.0,,,,
240.0,38.33333,86.33333,0.44467,10.66667,28.66667,0.36867,9.33333,14.33333,0.70167,10.0,27.66667,37.66667,23.33333,8.0,5.66667,13.66667,20.0,96.66667,240.0,38.66667,82.66667,0.46833,11.0,28.66667,0.39833,19.0,24.0,0.793,11.0,35.0,46.0,23.33333,9.0,8.0,13.33333,17.0,107.33333,1,0.14574,-0.14574,0.39706,0.29511,0.53448,0.50677,0.61052,0.54102,1538.26505,1378.83572,0.29466,0.70534,3.49248,1.42373,0.66667,240.0,40.66667,86.66667,0.47567,7.33333,20.0,0.37533,17.33333,21.0,0.82367,10.0,34.0,44.0,20.66667,8.33333,4.66667,12.66667,23.0,106.0,240.0,35.0,82.66667,0.42367,11.33333,39.33333,0.29433,20.0,25.66667,0.78367,9.0,32.66667,41.66667,24.33333,7.0,4.0,13.33333,19.66667,101.33333,1,-0.06349,0.06349,0.2751,0.30682,0.49206,0.51878,0.57376,0.58731,1455.73267,1528.61222,0.59452,0.40548,1.6876,2.48316,0.33333,,,,
240.0,38.66667,88.0,0.43933,7.33333,22.33333,0.31733,19.0,26.0,0.747,11.33333,37.33333,48.66667,20.66667,6.66667,6.0,10.33333,14.33333,103.66667,240.0,40.0,87.33333,0.458,11.0,32.0,0.33933,14.66667,18.33333,0.811,6.66667,37.0,43.66667,27.66667,6.66667,5.0,11.33333,19.66667,105.66667,0,0.02904,-0.02904,0.18271,0.30745,0.52092,0.48084,0.57808,0.55284,1584.8138,1484.06279,0.35793,0.64207,2.96086,1.59376,0.66667,240.0,35.66667,91.0,0.39267,7.33333,28.66667,0.26267,15.0,19.0,0.777,9.0,34.33333,43.33333,21.66667,7.33333,5.33333,10.66667,22.0,93.66667,240.0,39.66667,86.66667,0.46133,10.33333,32.33333,0.32467,19.0,25.0,0.75933,10.66667,41.33333,52.0,23.66667,4.66667,6.33333,11.33333,17.33333,108.66667,0,0.20769,-0.20769,0.31111,0.22041,0.52175,0.43298,0.59341,0.49394,1468.9752,1447.41394,0.48493,0.51507,2.19316,2.09224,1.0,,,,
248.33333,43.0,89.33333,0.481,8.0,22.0,0.36067,16.0,24.33333,0.64333,10.33333,40.33333,50.66667,21.66667,5.33333,4.0,14.0,23.0,110.0,248.33333,39.66667,90.0,0.44333,10.33333,32.0,0.32367,16.33333,22.66667,0.738,8.33333,35.66667,44.0,22.33333,6.66667,7.0,11.66667,19.33333,106.0,0,-0.04932,0.04932,0.21,0.30062,0.50113,0.52672,0.56027,0.58048,1498.23601,1411.49581,0.37042,0.62958,2.71436,1.59126,0.33333,240.0,42.33333,89.33333,0.473,14.0,33.66667,0.41133,10.0,13.66667,0.73633,12.33333,29.0,41.33333,27.66667,8.0,4.66667,13.33333,17.0,108.66667,240.0,44.33333,83.66667,0.53,15.0,32.0,0.466,14.0,17.33333,0.794,7.33333,31.66667,39.0,32.33333,8.0,2.66667,13.0,16.33333,117.66667,0,0.11515,-0.11515,0.25365,0.39068,0.61885,0.55273,0.67239,0.58884,1542.17702,1471.92676,0.40918,0.59082,2.48308,1.70602,1.0,,,,
240.0,39.33333,84.0,0.46867,13.66667,37.0,0.36933,15.66667,19.33333,0.813,6.66667,34.33333,41.0,24.33333,6.33333,3.66667,11.0,19.66667,108.0,240.0,40.0,86.33333,0.465,12.66667,33.66667,0.376,15.33333,22.33333,0.66767,11.0,35.66667,46.66667,22.66667,7.66667,3.66667,10.66667,18.33333,108.0,0,-0.00208,0.00208,0.31721,0.18909,0.53835,0.55057,0.59364,0.61301,1522.85529,1543.83752,0.52643,0.47357,1.91246,2.12984,0.66667,240.0,35.33333,86.66667,0.40733,10.0,29.33333,0.33867,14.66667,18.66667,0.797,13.33333,30.66667,44.0,22.33333,10.33333,5.0,16.33333,20.0,95.33333,240.0,36.0,81.0,0.44467,5.66667,24.0,0.24533,19.33333,23.0,0.83967,11.66667,29.66667,41.33333,25.0,10.66667,9.66667,15.66667,16.66667,97.0,0,0.01825,-0.01825,0.39178,0.44637,0.48029,0.46497,0.56431,0.52508,1633.60179,1475.7075,0.28487,0.71513,3.55634,1.40129,0.66667,,,,
240.0,36.66667,83.0,0.441,11.0,29.0,0.372,16.0,21.33333,0.73233,8.0,34.0,42.0,22.66667,8.33333,5.33333,16.66667,23.66667,100.33333,240.0,36.0,84.66667,0.42767,7.0,22.0,0.311,25.66667,33.66667,0.76467,11.0,34.0,45.0,17.0,9.66667,4.66667,14.0,19.66667,104.66667,1,0.06605,-0.06605,0.31863,0.2557,0.47008,0.50626,0.5731,0.57087,1538.08586,1491.74294,0.44152,0.55848,2.31612,1.81152,0.66667,248.33333,37.66667,87.33333,0.42933,11.0,31.0,0.35333,15.66667,18.66667,0.829,9.0,31.33333,40.33333,24.66667,9.0,3.33333,11.33333,19.0,102.0,248.33333,40.33333,84.33333,0.48033,13.33333,31.33333,0.425,15.33333,20.0,0.751,9.66667,38.0,47.66667,26.66667,7.0,3.33333,15.0,18.66667,109.33333,1,0.11182,-0.11182,0.30783,0.23452,0.55989,0.49204,0.62122,0.55669,1510.32771,1498.30623,0.4963,0.5037,2.02054,1.99085,0.66667,,,,
240.0,37.33333,87.33333,0.42733,10.33333,29.0,0.354,14.33333,21.0,0.70833,12.66667,32.0,44.66667,20.33333,7.66667,1.66667,12.0,21.66667,99.33333,240.0,35.33333,77.0,0.45933,11.0,28.0,0.39033,15.33333,21.33333,0.769,10.0,32.0,42.0,26.66667,5.0,6.0,14.66667,17.66667,97.0,1,-0.03469,0.03469,0.31758,0.43213,0.53074,0.48596,0.59393,0.53992,1480.06012,1509.4318,0.53601,0.46399,1.88643,2.18467,0.66667,248.33333,38.66667,89.33333,0.43233,13.66667,35.66667,0.38633,15.0,20.66667,0.737,15.0,32.66667,47.66667,24.33333,7.0,5.0,15.0,18.33333,106.0,248.33333,42.33333,89.33333,0.47267,12.0,31.66667,0.38,12.33333,17.33333,0.70333,11.33333,32.33333,43.66667,21.0,8.0,4.0,10.66667,19.0,109.0,1,0.0336,-0.0336,0.35,0.48227,0.54032,0.50835,0.58348,0.56414,1522.8669,1516.03943,0.4968,0.5032,2.0194,1.99311,0.66667,,,,
240.0,42.66667,86.66667,0.49833,7.66667,21.66667,0.36167,16.66667,20.0,0.83633,9.66667,32.33333,42.0,20.33333,6.0,5.66667,11.33333,18.33333,109.66667,240.0,39.0,86.33333,0.449,10.0,31.33333,0.31767,16.0,20.66667,0.77567,10.0,29.66667,39.66667,27.33333,6.0,5.33333,11.33333,17.33333,104.0,0,-0.08375,0.08375,0.31853,0.3171,0.50723,0.5431,0.57103,0.60903,1477.11548,1521.07969,0.5509,0.4491,1.89014,2.33484,0.33333,240.0,41.66667,87.0,0.48067,11.66667,29.0,0.39367,9.66667,12.33333,0.803,10.0,35.0,45.0,26.33333,6.66667,5.33333,15.66667,17.0,104.66667,240.0,36.0,85.33333,0.41933,12.0,28.0,0.42,16.66667,21.0,0.799,11.0,30.0,41.0,21.0,8.66667,3.33333,14.66667,14.66667,100.66667,0,-0.06681,0.06681,0.31227,0.33621,0.48915,0.54894,0.55773,0.58695,1493.98407,1476.11222,0.45926,0.54074,2.20057,1.86323,0.66667,,,,
240.0,41.33333,87.33333,0.473,9.33333,30.0,0.30833,12.66667,17.66667,0.71033,14.66667,32.66667,47.33333,20.66667,6.66667,5.66667,13.33333,17.0,104.66667,240.0,40.33333,81.0,0.49933,8.0,23.66667,0.335,12.66667,18.33333,0.674,6.66667,28.0,34.66667,19.0,8.33333,5.33333,10.66667,17.33333,101.33333,1,-0.05874,0.05874,0.20268,0.55706,0.54903,0.52642,0.59677,0.57261,1535.02705,1502.23739,0.4406,0.5594,2.28298,1.79357,0.66667,240.0,35.0,86.66667,0.40333,11.0,29.66667,0.37033,14.66667,19.33333,0.763,12.66667,26.66667,39.33333,22.33333,9.33333,4.0,14.0,20.66667,95.66667,240.0,41.0,79.0,0.51867,8.33333,22.33333,0.375,17.0,20.33333,0.82433,9.33333,33.0,42.33333,28.33333,8.33333,8.33333,15.66667,19.33333,107.33333,1,0.1691,-0.1691,0.34499,0.39499,0.57171,0.467,0.64384,0.52606,1635.07811,1464.03898,0.28077,0.71923,3.59624,1.39242,1.0,,,,
240.0,35.0,78.66667,0.44667,12.0,35.0,0.35,27.66667,34.66667,0.79667,8.66667,30.0,38.66667,17.66667,11.0,3.0,13.66667,20.0,109.66667,240.0,41.66667,83.0,0.502,11.33333,29.33333,0.38633,14.66667,19.66667,0.747,8.66667,30.33333,39.0,19.33333,7.33333,7.66667,15.0,23.33333,109.33333,0,-0.0011,0.0011,0.29131,0.2874,0.56952,0.52289,0.62625,0.63653,1546.79017,1631.49226,0.61694,0.38306,1.62414,2.62351,0.66667,240.0,39.0,84.66667,0.45967,9.0,26.66667,0.32333,18.0,23.0,0.76833,6.33333,31.0,37.33333,20.33333,6.66667,2.66667,12.0,18.0,105.0,240.0,44.0,89.66667,0.492,14.0,32.66667,0.43233,13.0,17.66667,0.71567,11.66667,36.33333,48.0,26.0,5.66667,3.33333,14.0,22.33333,115.0,0,0.12245,-0.12245,0.38823,0.17897,0.57004,0.51224,0.61584,0.58522,1559.03297,1476.84963,0.39651,0.60349,2.59194,1.6764,0.66667,,,,
240.0,35.66667,84.66667,0.42167,9.0,26.0,0.34667,13.66667,21.0,0.64033,10.0,38.0,48.0,20.0,8.33333,5.66667,15.0,20.33333,94.0,240.0,35.66667,86.0,0.41367,9.33333,31.0,0.30067,14.33333,21.66667,0.66167,9.0,35.0,44.0,22.33333,9.33333,7.0,13.0,18.0,95.0,0,0.02015,-0.02015,0.24485,0.29805,0.46859,0.47443,0.52322,0.52589,1490.24993,1467.69387,0.4642,0.5358,2.20312,1.89363,0.66667,240.0,38.66667,78.33333,0.496,13.0,33.33333,0.39167,10.66667,12.66667,0.84033,7.0,28.33333,35.33333,21.66667,7.0,2.66667,13.66667,18.0,101.0,240.0,41.0,84.66667,0.48367,8.66667,25.66667,0.33867,16.0,18.66667,0.855,11.0,29.33333,40.33333,20.0,5.66667,4.0,10.33333,13.66667,106.66667,0,0.0759,-0.0759,0.39983,0.23958,0.53484,0.58025,0.60086,0.62562,1543.54634,1508.80721,0.45634,0.54366,2.25096,1.88017,1.0,,,,
240.0,43.33333,84.33333,0.51433,7.0,19.66667,0.35867,19.66667,23.0,0.857,9.66667,33.66667,43.33333,25.0,7.33333,5.0,12.33333,19.33333,113.33333,240.0,40.0,85.66667,0.46967,11.33333,30.66667,0.37367,14.33333,21.0,0.67233,11.33333,29.0,40.33333,24.66667,5.66667,4.0,14.33333,19.0,105.66667,1,-0.10107,0.10107,0.32931,0.34149,0.5381,0.5558,0.59216,0.63422,1450.51792,1521.58079,0.59123,0.40877,1.70929,2.50995,0.0,248.33333,42.33333,97.33333,0.43767,11.66667,32.0,0.36733,13.33333,17.33333,0.743,10.33333,40.0,50.33333,20.33333,7.66667,7.33333,13.33333,21.33333,109.66667,248.33333,36.33333,87.0,0.417,9.0,26.0,0.347,18.66667,28.33333,0.654,9.66667,38.66667,48.33333,20.66667,8.66667,6.0,16.33333,23.33333,100.33333,1,-0.12806,0.12806,0.24907,0.26839,0.46837,0.49807,0.53685,0.54444,1466.62688,1585.39449,0.65319,0.34681,1.55261,3.0063,0.0,,,,
240.0,34.0,87.0,0.38933,6.66667,25.66667,0.243,17.33333,21.33333,0.80667,13.33333,29.66667,43.0,15.66667,8.33333,8.0,11.66667,24.33333,92.0,240.0,33.0,75.66667,0.43667,8.33333,23.0,0.36067,23.33333,29.0,0.80967,10.66667,32.33333,43.0,23.66667,6.0,4.66667,15.0,21.66667,97.66667,1,0.08903,-0.08903,0.3652,0.41815,0.49196,0.42847,0.59633,0.5012,1474.87861,1434.60173,0.45398,0.54602,2.54545,1.94918,1.0,248.33333,43.66667,95.33333,0.46533,10.66667,30.33333,0.356,12.66667,16.33333,0.754,10.33333,39.66667,50.0,24.66667,7.33333,7.33333,13.33333,18.0,110.66667,248.33333,39.0,89.66667,0.435,9.33333,26.66667,0.351,16.0,25.0,0.643,10.33333,35.33333,45.66667,22.33333,9.0,4.33333,13.66667,21.33333,103.33333,1,-0.0966,0.0966,0.27103,0.29698,0.48657,0.52175,0.54189,0.56623,1465.22092,1558.64624,0.61664,0.38336,1.6441,2.72648,0.0,,,,
240.0,39.33333,87.0,0.45267,10.0,28.66667,0.336,13.66667,19.0,0.70667,6.0,28.33333,34.33333,22.33333,6.0,2.66667,12.33333,17.66667,102.33333,240.0,44.33333,87.33333,0.50833,14.66667,32.0,0.459,15.33333,17.66667,0.87067,9.33333,37.0,46.33333,29.0,7.33333,4.33333,13.33333,19.33333,118.66667,0,0.21339,-0.21339,0.34303,0.16699,0.59197,0.51081,0.65052,0.56234,1500.80831,1417.33484,0.40687,0.59313,2.54571,1.71466,1.0,240.0,37.33333,76.0,0.493,13.33333,29.33333,0.45733,10.33333,14.66667,0.68967,7.0,28.0,35.0,24.33333,4.33333,5.66667,13.0,18.0,98.33333,240.0,37.66667,79.66667,0.48033,12.66667,30.66667,0.432,11.0,14.0,0.79833,8.0,28.66667,36.66667,21.66667,5.66667,4.66667,10.66667,16.33333,99.0,0,0.01028,-0.01028,0.26311,0.25316,0.56119,0.5815,0.60746,0.62333,1473.51849,1483.45656,0.51505,0.48495,1.94477,2.06599,0.66667,,,,
240.0,41.33333,88.0,0.46967,8.0,26.66667,0.3,17.66667,23.0,0.758,10.0,27.66667,37.66667,21.66667,10.0,4.66667,10.66667,26.33333,108.33333,240.0,38.66667,76.66667,0.50333,11.0,27.0,0.421,25.33333,32.33333,0.78667,7.33333,33.33333,40.66667,24.33333,4.66667,6.33333,17.33333,19.66667,113.66667,1,0.06939,-0.06939,0.27924,0.30331,0.57465,0.5154,0.67838,0.58344,1537.27232,1493.11514,0.44395,0.55605,2.40581,1.8542,1.0,240.0,38.33333,83.66667,0.458,12.66667,35.66667,0.36067,21.0,24.66667,0.851,8.66667,24.33333,33.0,25.0,10.66667,3.66667,13.0,24.33333,110.33333,240.0,44.33333,82.66667,0.53667,10.0,22.66667,0.44133,20.0,29.0,0.69767,13.0,31.0,44.0,23.33333,9.66667,7.33333,15.0,21.33333,118.66667,1,0.10505,-0.10505,0.55057,0.28543,0.59708,0.53343,0.66649,0.61939,1549.1551,1550.02711,0.51934,0.48066,2.08686,2.21986,1.0,,,,
240.0,41.0,82.66667,0.49533,6.33333,20.0,0.312,17.33333,19.66667,0.88533,7.66667,31.33333,39.0,24.66667,8.33333,3.66667,10.66667,17.66667,105.66667,240.0,38.0,81.0,0.472,9.66667,27.0,0.35433,16.33333,21.0,0.75567,10.33333,31.66667,42.0,24.0,6.0,5.33333,15.33333,19.0,102.0,1,-0.04644,0.04644,0.31515,0.24766,0.53304,0.53335,0.6035,0.60649,1475.19363,1516.60854,0.55328,0.44672,1.80889,2.24126,0.33333,240.0,39.66667,89.66667,0.44267,6.66667,23.66667,0.28467,18.66667,24.0,0.76967,13.66667,35.33333,49.0,16.33333,5.66667,5.33333,10.0,23.33333,104.66667,240.0,35.0,81.33333,0.43033,8.33333,25.0,0.33267,24.0,30.33333,0.79067,10.66667,31.0,41.66667,17.33333,3.66667,3.66667,10.33333,20.66667,102.33333,1,-0.02983,0.02983,0.30242,0.44227,0.48145,0.47969,0.58111,0.55065,1398.78236,1520.67724,0.66299,0.33701,1.53083,3.11538,0.33333,,,,
248.33333,37.66667,89.0,0.423,11.66667,30.33333,0.37433,14.0,17.66667,0.79333,12.0,32.33333,44.33333,20.66667,3.66667,1.0,15.0,17.33333,101.0,248.33333,47.33333,89.0,0.53067,8.0,22.33333,0.37433,14.66667,19.0,0.727,7.66667,35.33333,43.0,25.0,8.66667,6.33333,9.33333,18.33333,117.33333,0,0.22664,-0.22664,0.23949,0.34056,0.5756,0.48706,0.63024,0.54268,1557.23483,1457.41913,0.37481,0.62519,2.68621,1.6031,1.0,248.33333,45.0,96.0,0.46867,10.0,28.66667,0.34633,16.0,21.0,0.725,16.0,27.66667,43.66667,23.33333,10.33333,4.33333,14.33333,21.0,116.0,248.33333,44.0,83.0,0.533,12.66667,25.66667,0.50067,17.66667,22.0,0.815,7.0,29.33333,36.33333,28.33333,7.66667,6.66667,17.33333,17.0,118.33333,0,0.02668,-0.02668,0.26377,0.54911,0.60978,0.52067,0.6759,0.5761,1486.8534,1462.21661,0.46866,0.53134,2.20677,1.92147,0.66667,,,,
240.0,39.66667,91.66667,0.433,4.66667,18.66667,0.26467,15.66667,18.66667,0.81933,9.33333,39.33333,48.66667,25.33333,6.0,6.66667,9.0,22.33333,99.66667,240.0,38.0,83.33333,0.45733,8.33333,24.66667,0.346,20.33333,27.33333,0.74867,6.0,41.0,47.0,25.0,4.66667,4.0,11.33333,17.33333,104.66667,0,0.06874,-0.06874,0.16622,0.24012,0.50732,0.45822,0.58605,0.51997,1496.95291,1489.48074,0.49533,0.50467,2.05201,2.0144,0.66667,240.0,40.66667,89.33333,0.45567,10.0,36.33333,0.27633,14.0,18.33333,0.75933,7.33333,29.0,36.33333,18.66667,8.0,2.0,12.66667,19.0,105.33333,240.0,45.66667,89.0,0.51433,16.66667,34.0,0.49233,13.66667,17.33333,0.77533,11.33333,35.66667,47.0,26.33333,7.66667,5.0,14.0,19.0,121.66667,0,0.20659,-0.20659,0.40123,0.20746,0.6081,0.51145,0.65683,0.56405,1562.03425,1488.56459,0.42545,0.57455,2.57434,1.87205,1.0,,,,
273.33333,39.66667,97.66667,0.40533,13.33333,32.66667,0.41,14.33333,24.66667,0.57733,17.33333,35.66667,53.0,24.0,9.0,5.33333,13.66667,18.0,107.0,273.33333,41.0,92.33333,0.444,12.33333,36.66667,0.344,10.0,14.33333,0.685,10.33333,36.0,46.33333,25.33333,9.66667,5.33333,15.0,23.66667,104.33333,0,-0.03756,0.03756,0.30476,0.489,0.51109,0.47393,0.54557,0.51996,1495.94851,1535.28362,0.55583,0.44417,1.81065,2.27632,0.0,248.33333,36.0,83.0,0.43567,11.33333,31.33333,0.36333,18.0,22.33333,0.806,10.0,28.0,38.0,20.0,6.33333,5.0,15.66667,23.66667,101.33333,248.33333,40.66667,82.66667,0.495,7.66667,17.66667,0.44867,18.66667,24.0,0.764,10.33333,31.0,41.33333,21.0,8.0,4.66667,14.0,22.33333,107.66667,0,0.09162,-0.09162,0.37014,0.31182,0.5427,0.50482,0.6198,0.58181,1498.08191,1453.13504,0.4425,0.5575,2.27004,1.79839,1.0,,,,
240.0,38.0,82.0,0.46333,12.33333,32.66667,0.37367,16.66667,19.66667,0.866,7.66667,28.0,35.66667,25.0,8.33333,4.33333,14.33333,21.33333,105.0,240.0,41.0,81.33333,0.50267,12.33333,26.66667,0.43333,15.66667,20.33333,0.74333,7.33333,30.33333,37.66667,24.0,8.66667,4.0,15.33333,24.0,110.0,0,0.06432,-0.06432,0.26209,0.25231,0.57721,0.5376,0.63965,0.60818,1492.61954,1425.25681,0.40745,0.59255,2.49087,1.69978,1.0,240.0,35.33333,80.0,0.439,10.66667,31.0,0.35667,15.0,21.0,0.70533,9.33333,32.33333,41.66667,18.66667,7.0,3.33333,13.66667,17.66667,96.33333,240.0,38.0,81.0,0.47067,8.0,24.33333,0.32867,17.66667,20.66667,0.83033,8.33333,32.0,40.33333,17.33333,9.33333,4.0,12.33333,19.33333,101.66667,0,0.09382,-0.09382,0.26388,0.29342,0.52028,0.50507,0.59541,0.56761,1531.70269,1494.05344,0.45156,0.54844,2.22582,1.82923,0.66667,,,,
240.0,37.66667,86.66667,0.43467,11.0,28.66667,0.377,14.33333,17.0,0.83567,10.33333,32.33333,42.66667,22.33333,7.0,5.0,12.0,21.33333,100.66667,240.0,35.66667,77.33333,0.464,11.33333,30.33333,0.374,17.0,23.66667,0.725,8.66667,32.0,40.66667,23.66667,6.0,5.66667,13.66667,14.66667,99.66667,0,-0.01666,0.01666,0.2661,0.3353,0.5388,0.49702,0.60777,0.55747,1480.09017,1496.01318,0.52831,0.47169,1.91286,2.14826,0.33333,240.0,39.66667,86.66667,0.45767,10.0,24.66667,0.413,14.66667,19.66667,0.764,7.66667,40.33333,48.0,22.0,9.0,5.66667,12.33333,21.33333,104.0,240.0,35.0,85.66667,0.40833,7.66667,25.33333,0.29267,15.66667,23.0,0.67733,8.33333,35.0,43.33333,18.33333,6.66667,3.66667,13.66667,16.66667,93.33333,0,-0.15433,0.15433,0.21032,0.22891,0.45304,0.51542,0.51419,0.57118,1426.42655,1492.15813,0.57825,0.42175,1.73663,2.38885,0.0,,,,
240.0,40.33333,87.66667,0.45767,10.66667,29.33333,0.35733,20.33333,25.0,0.81367,7.0,36.66667,43.66667,23.0,7.0,5.33333,11.0,24.66667,111.66667,240.0,36.66667,86.66667,0.425,7.66667,27.66667,0.28633,24.33333,31.0,0.79,10.66667,35.0,45.66667,19.66667,6.33333,7.33333,11.66667,20.66667,105.33333,1,-0.07232,0.07232,0.28756,0.2168,0.46901,0.51794,0.56482,0.5973,1447.66136,1588.12073,0.67982,0.32018,1.47633,3.18153,0.33333,265.0,43.33333,100.0,0.435,11.0,30.0,0.36033,11.33333,22.0,0.516,14.0,33.66667,47.66667,23.66667,11.33333,6.0,13.66667,21.33333,109.0,265.0,39.0,87.33333,0.447,11.0,35.66667,0.318,16.33333,21.66667,0.75667,9.0,40.0,49.0,28.33333,7.66667,7.66667,18.66667,21.66667,105.33333,1,-0.05128,0.05128,0.28046,0.34967,0.5099,0.4887,0.57274,0.52057,1504.2258,1458.42683,0.43231,0.56769,2.41729,1.80571,0.0,,,,
240.0,35.66667,79.0,0.454,9.0,26.66667,0.35067,24.0,29.0,0.82033,8.66667,35.33333,44.0,22.33333,5.33333,3.66667,17.33333,21.0,104.33333,240.0,40.66667,92.0,0.442,10.33333,28.33333,0.356,18.66667,24.0,0.77333,9.66667,29.66667,39.33333,24.0,12.0,5.0,10.0,21.66667,110.33333,1,0.07864,-0.07864,0.27624,0.3338,0.49817,0.51269,0.5669,0.61651,1494.27928,1401.57044,0.38129,0.61871,2.79838,1.66787,0.66667,240.0,34.33333,88.0,0.38967,9.0,28.66667,0.304,14.33333,21.66667,0.66,12.0,33.33333,45.33333,20.33333,5.66667,5.33333,9.0,16.66667,92.0,240.0,41.0,84.66667,0.48433,12.33333,28.33333,0.43133,14.0,18.33333,0.76933,9.33333,39.0,48.33333,22.33333,5.33333,5.0,9.33333,19.0,108.33333,1,0.23598,-0.23598,0.30258,0.31045,0.55801,0.44025,0.61182,0.49494,1487.79926,1498.997,0.55045,0.44955,1.82004,2.231,1.0,,,,
240.0,36.0,81.66667,0.44067,10.33333,32.33333,0.319,20.66667,26.0,0.77733,8.33333,32.66667,41.0,20.33333,8.0,3.66667,12.33333,20.66667,103.0,240.0,36.66667,82.33333,0.44967,9.0,28.66667,0.33,14.33333,20.0,0.68667,10.66667,34.0,44.66667,19.0,7.0,5.33333,16.33333,20.66667,96.66667,1,-0.08961,0.08961,0.33061,0.27643,0.50529,0.50431,0.56042,0.59013,1435.39715,1577.54563,0.68721,0.31279,1.45997,3.2561,0.33333,240.0,42.0,86.33333,0.487,7.66667,22.33333,0.34333,17.66667,24.0,0.73567,13.0,33.33333,46.33333,24.0,7.0,4.66667,13.33333,21.33333,109.33333,240.0,36.0,84.0,0.43133,5.33333,22.66667,0.228,19.66667,25.33333,0.78233,11.66667,31.66667,43.33333,15.0,6.0,4.0,13.0,20.0,97.0,1,-0.17292,0.17292,0.34804,0.41465,0.46397,0.53125,0.54526,0.59739,1408.31509,1538.10132,0.66293,0.33707,1.51666,3.02143,0.0,,,,
240.0,39.66667,84.0,0.472,7.66667,20.66667,0.36733,24.33333,30.0,0.794,9.33333,28.33333,37.66667,20.33333,6.33333,6.66667,9.0,23.33333,111.33333,240.0,39.0,83.33333,0.46933,11.33333,27.66667,0.39833,23.66667,31.0,0.77567,11.66667,31.0,42.66667,25.0,4.33333,5.0,13.33333,24.0,113.0,1,0.01006,-0.01006,0.39393,0.29675,0.53782,0.51626,0.63127,0.61725,1491.87822,1438.65975,0.42698,0.57302,2.61628,1.82846,0.66667,240.0,39.0,82.33333,0.47133,12.0,28.0,0.43267,14.66667,20.0,0.74833,10.0,32.66667,42.66667,24.66667,5.66667,3.33333,9.66667,15.0,104.66667,240.0,39.33333,81.66667,0.48233,10.66667,25.0,0.431,13.66667,17.33333,0.765,8.0,31.66667,39.66667,23.0,5.33333,3.33333,10.0,19.66667,103.0,1,-0.02114,0.02114,0.24488,0.32532,0.54744,0.54495,0.60349,0.60315,1376.45086,1492.76162,0.65738,0.34262,1.55888,3.12934,0.33333,,,,
240.0,40.66667,86.66667,0.47,7.66667,23.66667,0.32933,8.0,12.66667,0.66767,10.33333,36.66667,47.0,19.66667,7.0,6.33333,16.66667,14.66667,97.0,240.0,39.66667,92.0,0.432,11.0,33.0,0.325,13.0,17.0,0.75867,10.66667,33.0,43.66667,18.33333,12.0,2.33333,9.0,16.33333,103.33333,0,0.08292,-0.08292,0.30743,0.32251,0.49201,0.51401,0.54001,0.54322,1550.87827,1542.96532,0.49857,0.50143,2.08539,2.05684,0.66667,240.0,34.33333,82.66667,0.41333,12.33333,30.66667,0.37633,15.33333,20.66667,0.72533,8.66667,31.0,39.66667,19.66667,7.33333,4.66667,13.33333,22.0,96.33333,240.0,39.66667,79.33333,0.50067,13.0,31.33333,0.41267,18.0,23.33333,0.771,7.33333,36.0,43.33333,23.66667,8.66667,3.66667,12.0,18.66667,110.33333,0,0.22611,-0.22611,0.2846,0.24311,0.58292,0.48724,0.65469,0.55088,1534.53982,1552.1289,0.53796,0.46204,1.88922,2.20901,0.66667,,,,
240.0,38.0,80.66667,0.469,9.66667,25.66667,0.379,18.0,24.33333,0.742,8.33333,34.33333,42.66667,22.0,7.0,3.66667,13.0,20.33333,103.66667,240.0,37.33333,81.33333,0.45867,11.0,27.0,0.40467,17.66667,22.33333,0.778,8.0,32.0,40.0,24.66667,5.0,6.66667,11.33333,21.66667,103.33333,1,-0.00372,0.00372,0.24315,0.27419,0.52652,0.52874,0.59886,0.60088,1463.51846,1469.00414,0.50975,0.49025,2.067,2.12693,0.33333,248.33333,38.33333,87.0,0.43933,9.66667,26.0,0.37167,17.33333,22.66667,0.743,10.33333,33.66667,44.0,22.33333,8.33333,5.66667,18.0,20.33333,103.66667,248.33333,42.0,93.66667,0.44833,12.0,32.33333,0.36933,18.66667,22.33333,0.81767,10.66667,34.0,44.66667,21.66667,10.66667,9.66667,13.33333,20.66667,114.66667,1,0.15687,-0.15687,0.31551,0.30869,0.51204,0.49407,0.58288,0.56005,1606.24039,1468.77109,0.32522,0.67478,3.11461,1.48591,1.0,,,,
240.0,40.33333,88.66667,0.45467,11.66667,31.33333,0.36067,12.33333,16.0,0.78267,8.0,30.0,38.0,29.66667,6.0,2.33333,12.33333,18.33333,104.66667,240.0,42.33333,85.33333,0.497,15.0,33.0,0.453,14.66667,18.33333,0.82067,8.33333,35.0,43.33333,30.33333,8.0,5.66667,12.0,17.66667,114.33333,0,0.1311,-0.1311,0.27981,0.23848,0.58504,0.52116,0.64065,0.56869,1459.1055,1430.84024,0.47778,0.52222,2.12396,1.93565,1.0,240.0,36.0,84.33333,0.42667,8.66667,26.0,0.318,20.33333,27.0,0.75967,9.0,34.66667,43.66667,20.33333,8.33333,3.66667,14.66667,17.33333,101.0,240.0,41.33333,90.33333,0.45733,11.0,33.0,0.33,11.33333,17.66667,0.643,11.33333,37.0,48.33333,23.33333,8.0,5.0,15.0,25.0,105.0,0,0.05585,-0.05585,0.32632,0.24549,0.51785,0.47746,0.557,0.56021,1561.76841,1498.50803,0.41511,0.58489,2.43478,1.71985,0.66667,,,,
240.0,38.33333,93.66667,0.40933,5.0,22.66667,0.221,16.0,21.66667,0.74333,11.0,32.66667,43.66667,22.0,7.0,2.66667,8.33333,20.33333,97.66667,240.0,39.0,84.33333,0.462,12.66667,37.66667,0.35233,17.66667,23.66667,0.73833,10.0,42.66667,52.66667,25.0,3.33333,4.66667,14.66667,20.33333,108.33333,0,0.15546,-0.15546,0.31665,0.26668,0.53724,0.43605,0.60482,0.49554,1499.54213,1553.15964,0.58952,0.41048,1.73698,2.53497,0.66667,240.0,39.66667,82.0,0.48333,7.66667,26.33333,0.29533,18.33333,21.33333,0.86,7.66667,28.66667,36.33333,23.0,7.33333,4.66667,12.66667,21.0,105.33333,240.0,38.33333,79.66667,0.48333,8.66667,25.0,0.35233,20.33333,24.33333,0.83567,9.0,31.0,40.0,27.0,6.0,4.66667,13.33333,19.66667,105.66667,0,0.00081,-0.00081,0.31143,0.2482,0.53806,0.52977,0.62331,0.60752,1420.85086,1497.42369,0.60688,0.39312,1.65132,2.55726,0.66667,,,,
240.0,35.0,80.66667,0.43467,11.66667,33.33333,0.36133,11.0,15.33333,0.71167,11.33333,34.66667,46.0,19.66667,4.0,4.0,14.66667,18.66667,92.66667,240.0,33.0,81.33333,0.40633,12.0,32.0,0.37633,16.0,20.33333,0.797,10.33333,33.0,43.33333,18.33333,8.0,3.33333,10.0,17.66667,94.0,1,0.01476,-0.01476,0.30372,0.35423,0.48069,0.50672,0.54852,0.55202,1457.90932,1579.35052,0.67713,0.32287,1.48812,3.20765,0.33333,248.33333,39.33333,92.0,0.427,14.33333,34.33333,0.41967,13.66667,19.0,0.73433,15.66667,32.0,47.66667,24.0,8.0,7.0,14.33333,18.0,106.66667,248.33333,41.33333,89.66667,0.45933,10.0,28.66667,0.35167,13.66667,17.66667,0.74833,12.33333,32.0,44.33333,21.0,7.66667,4.33333,12.33333,17.66667,106.33333,1,-0.01348,0.01348,0.38723,0.50304,0.5153,0.50477,0.56652,0.55409,1523.90283,1505.72436,0.47688,0.52312,2.10199,1.91566,0.33333,,,,
240.0,37.33333,74.33333,0.50567,10.66667,27.66667,0.38467,19.66667,23.66667,0.83567,5.0,34.0,39.0,22.66667,9.0,7.33333,16.0,24.33333,105.0,240.0,33.33333,79.33333,0.419,8.66667,25.33333,0.34333,21.33333,28.33333,0.749,9.0,28.33333,37.33333,21.0,7.0,2.66667,14.0,19.66667,96.66667,1,-0.12957,0.12957,0.26341,0.17238,0.47345,0.57906,0.5631,0.66473,1448.26868,1471.69792,0.51952,0.48048,1.93587,2.09665,0.33333,240.0,39.66667,86.66667,0.45733,10.33333,27.0,0.38733,15.33333,20.33333,0.758,11.66667,37.66667,49.33333,20.0,7.0,3.66667,13.0,17.33333,105.0,240.0,39.33333,84.0,0.472,10.66667,30.0,0.361,16.0,20.0,0.79967,5.0,33.0,38.0,24.66667,9.33333,6.66667,10.66667,17.66667,105.33333,1,0.00267,-0.00267,0.13903,0.40531,0.53554,0.51729,0.59895,0.57556,1577.54167,1504.10367,0.39289,0.60711,2.55131,1.64876,0.66667,,,,
240.0,40.33333,86.0,0.47267,8.33333,25.0,0.323,17.33333,23.33333,0.74333,9.66667,34.0,43.66667,25.33333,6.33333,3.0,11.0,22.33333,106.33333,240.0,36.33333,80.66667,0.45167,10.33333,32.66667,0.325,22.0,28.33333,0.78233,7.66667,35.0,42.66667,23.33333,5.66667,5.0,12.33333,20.33333,105.0,0,-0.01807,0.01807,0.23029,0.27769,0.51523,0.52269,0.605,0.58803,1442.88046,1557.23214,0.65426,0.34574,1.53166,2.91657,0.66667,240.0,41.33333,82.33333,0.505,8.33333,19.0,0.43733,17.0,20.33333,0.83433,10.33333,33.33333,43.66667,19.33333,7.0,5.0,13.33333,20.66667,108.0,240.0,34.33333,82.0,0.41867,13.0,39.0,0.33567,18.33333,22.33333,0.821,10.66667,26.0,36.66667,20.66667,7.33333,4.33333,12.0,19.0,100.0,0,-0.11111,0.11111,0.32735,0.39646,0.49787,0.55525,0.57518,0.62433,1449.35918,1469.81863,0.52048,0.47952,1.9732,2.14197,0.0,,,,
240.0,38.66667,90.0,0.43033,9.66667,26.33333,0.365,17.33333,23.33333,0.763,12.33333,33.33333,45.66667,23.66667,8.66667,5.33333,12.0,16.33333,104.33333,240.0,39.0,83.33333,0.46833,8.66667,26.33333,0.33233,18.33333,21.0,0.87933,6.66667,36.0,42.66667,27.66667,7.33333,5.0,13.33333,20.66667,105.0,1,0.01013,-0.01013,0.19975,0.34378,0.52082,0.48399,0.59841,0.54876,1537.97143,1485.27177,0.42235,0.57765,2.53441,1.77776,0.66667,240.0,38.0,78.33333,0.48433,13.0,30.33333,0.429,17.66667,24.33333,0.72567,9.66667,33.0,42.66667,22.33333,8.33333,5.66667,12.33333,18.33333,106.66667,240.0,38.33333,81.66667,0.47067,9.66667,25.66667,0.37433,15.66667,22.0,0.72633,9.0,30.66667,39.66667,22.66667,6.66667,3.33333,12.0,21.0,102.0,1,-0.06193,0.06193,0.26906,0.32128,0.53,0.56797,0.59174,0.63784,1370.0049,1462.23147,0.61757,0.38243,1.65242,2.78425,0.33333,,,,
248.33333,45.66667,90.0,0.50867,8.66667,23.66667,0.36133,15.33333,21.66667,0.72667,8.33333,38.66667,47.0,27.0,7.0,2.66667,12.66667,24.33333,115.33333,248.33333,40.66667,88.33333,0.46467,10.33333,30.33333,0.344,20.0,26.66667,0.75933,8.33333,34.33333,42.66667,23.66667,7.66667,6.33333,11.33333,19.33333,111.66667,0,-0.04652,0.04652,0.22111,0.24556,0.52384,0.55785,0.59787,0.61071,1508.47649,1426.88702,0.37712,0.62288,2.6582,1.60693,0.33333,240.0,39.33333,83.0,0.47233,10.66667,27.0,0.39933,15.66667,23.0,0.68967,11.66667,38.0,49.66667,21.33333,6.66667,3.0,14.0,18.66667,105.0,240.0,37.33333,81.66667,0.459,11.0,29.33333,0.37867,17.0,21.33333,0.79867,3.66667,31.33333,35.0,22.33333,8.33333,5.66667,10.33333,20.0,102.66667,0,-0.03873,0.03873,0.10378,0.41114,0.5267,0.53695,0.59608,0.59475,1570.76024,1496.7454,0.38982,0.61018,2.5744,1.64118,0.33333,,,,
240.0,39.0,78.33333,0.49867,7.0,20.0,0.35433,14.0,17.0,0.80933,6.33333,29.0,35.33333,19.33333,5.66667,5.0,12.0,19.0,99.0,240.0,36.66667,81.33333,0.45067,10.66667,32.0,0.331,15.66667,19.0,0.82433,9.33333,30.0,39.33333,26.33333,5.66667,3.0,10.66667,17.0,99.66667,0,0.01792,-0.01792,0.34823,0.22054,0.51616,0.54314,0.58275,0.60286,1455.59234,1525.27502,0.60371,0.39629,1.66106,2.5401,0.33333,240.0,38.66667,90.33333,0.428,7.66667,27.66667,0.261,13.66667,18.0,0.74667,7.33333,37.0,44.33333,24.66667,6.66667,4.66667,13.66667,18.33333,98.66667,240.0,41.0,88.33333,0.46367,11.33333,29.33333,0.38833,13.66667,16.33333,0.84033,6.0,40.66667,46.66667,27.0,8.0,6.0,13.66667,18.0,107.0,0,0.11942,-0.11942,0.17761,0.18658,0.52766,0.47012,0.58125,0.52289,1438.82246,1471.97936,0.56145,0.43855,1.79208,2.30153,1.0,,,,
240.0,40.0,80.0,0.50033,12.0,32.0,0.372,9.33333,11.66667,0.80533,4.66667,25.33333,30.0,27.33333,5.66667,3.0,9.0,15.0,101.33333,240.0,42.33333,77.66667,0.55067,10.33333,24.66667,0.419,12.66667,15.33333,0.828,5.66667,32.33333,38.0,22.66667,4.33333,2.33333,11.0,16.0,107.66667,1,0.08587,-0.08587,0.21028,0.14489,0.61974,0.57627,0.67223,0.61456,1477.83403,1489.24839,0.52389,0.47611,1.94746,2.14689,1.0,248.33333,41.66667,90.0,0.46833,15.0,31.33333,0.48833,13.33333,18.66667,0.69867,11.66667,32.66667,44.33333,24.0,5.0,5.33333,12.66667,24.33333,111.66667,248.33333,39.66667,85.33333,0.464,8.66667,24.66667,0.356,22.66667,29.0,0.78033,10.33333,33.0,43.33333,22.0,8.66667,5.33333,11.0,18.66667,110.66667,1,-0.01699,0.01699,0.31597,0.34729,0.51482,0.55256,0.6035,0.59822,1527.15984,1511.98331,0.4749,0.5251,2.1447,1.93534,0.33333,,,,
240.0,37.0,87.0,0.42867,10.33333,30.0,0.354,16.66667,21.66667,0.77833,12.33333,36.33333,48.66667,21.66667,5.66667,4.66667,12.66667,23.0,101.0,240.0,36.66667,85.0,0.43267,9.66667,30.0,0.326,17.0,21.33333,0.81133,8.33333,34.66667,43.0,22.0,5.66667,3.66667,11.0,20.0,100.0,0,-0.01443,0.01443,0.23285,0.36636,0.48912,0.48907,0.55828,0.55423,1438.49218,1399.38465,0.43984,0.56016,2.31612,1.80754,0.33333,240.0,38.33333,88.0,0.433,8.66667,27.66667,0.31733,15.33333,17.33333,0.891,9.0,31.0,40.0,27.0,8.33333,1.66667,9.33333,22.33333,100.66667,240.0,36.66667,80.0,0.461,10.33333,30.0,0.35,20.66667,26.66667,0.78167,9.33333,38.33333,47.66667,22.66667,6.33333,5.0,14.33333,17.0,104.33333,0,0.06349,-0.06349,0.3011,0.23286,0.5274,0.48269,0.61198,0.54737,1522.63761,1500.73733,0.47889,0.52111,2.1015,1.93003,0.33333,,,,
240.0,38.66667,90.0,0.42967,12.0,30.66667,0.39067,13.66667,18.66667,0.755,14.0,31.33333,45.33333,22.66667,7.33333,4.33333,11.66667,21.66667,103.0,240.0,35.33333,78.66667,0.451,9.33333,27.66667,0.33967,17.66667,25.66667,0.689,11.66667,30.33333,42.0,23.66667,6.33333,5.0,13.66667,16.0,97.66667,0,-0.07853,0.07853,0.37386,0.47707,0.51135,0.4961,0.58147,0.5474,1473.49793,1505.36566,0.53599,0.46401,1.88653,2.18461,0.33333,240.0,36.0,85.66667,0.421,10.33333,29.66667,0.34633,14.66667,21.33333,0.68567,10.66667,38.33333,49.0,20.66667,6.0,5.33333,11.66667,18.33333,97.0,240.0,39.66667,87.66667,0.45367,10.66667,29.0,0.378,12.66667,15.33333,0.82667,7.0,37.33333,44.33333,21.33333,7.33333,4.33333,9.33333,18.33333,102.66667,0,0.07283,-0.07283,0.18089,0.28506,0.5144,0.48112,0.56468,0.53769,1489.40624,1476.82431,0.49763,0.50237,2.08515,2.05049,0.66667,,,,
240.0,39.66667,81.66667,0.485,9.0,20.33333,0.43567,8.33333,11.0,0.77967,7.0,38.0,45.0,20.0,5.66667,4.33333,15.0,16.0,96.66667,240.0,37.33333,85.33333,0.44,10.0,24.33333,0.41567,12.0,16.33333,0.704,8.66667,31.33333,40.0,19.0,7.33333,2.66667,10.0,16.33333,96.66667,0,0.00374,-0.00374,0.2225,0.237,0.50084,0.53982,0.54991,0.57401,1468.69674,1544.04039,0.60959,0.39041,1.66437,2.6759,0.33333,240.0,39.66667,86.33333,0.45933,10.33333,26.0,0.378,8.33333,12.0,0.724,9.66667,29.33333,39.0,23.33333,6.0,5.33333,14.0,18.33333,98.0,240.0,40.33333,86.33333,0.468,13.0,31.0,0.41767,14.66667,19.0,0.782,10.66667,32.33333,43.0,24.0,8.0,3.0,11.33333,15.0,108.33333,0,0.1534,-0.1534,0.3745,0.31354,0.54307,0.51924,0.59927,0.55103,1497.64029,1481.87906,0.49392,0.50608,2.06795,2.01157,1.0,,,,
240.0,34.33333,83.33333,0.41133,13.33333,42.66667,0.314,20.66667,26.0,0.79767,9.0,29.66667,38.66667,18.0,10.33333,3.0,14.33333,18.66667,102.66667,240.0,42.33333,83.0,0.50967,11.33333,27.66667,0.40667,14.66667,19.66667,0.747,9.66667,33.33333,43.0,20.66667,10.0,7.66667,15.33333,19.0,110.66667,1,0.1043,-0.1043,0.33143,0.27385,0.5771,0.49143,0.6336,0.57674,1562.84307,1627.30389,0.60871,0.39129,1.64463,2.56208,1.0,240.0,41.0,87.0,0.471,10.33333,25.66667,0.408,13.33333,18.66667,0.724,10.33333,32.66667,43.0,22.33333,7.0,2.66667,12.66667,19.66667,105.66667,240.0,39.0,82.66667,0.47267,9.0,24.33333,0.35567,16.33333,20.33333,0.819,9.33333,32.33333,41.66667,23.0,6.33333,4.66667,14.66667,18.66667,103.33333,1,-0.02459,0.02459,0.28729,0.3301,0.52755,0.53057,0.59465,0.57939,1402.59367,1482.76268,0.61363,0.38637,1.63385,2.60676,0.33333,,,,
240.0,35.0,83.33333,0.42067,8.0,27.0,0.296,11.0,19.66667,0.54033,10.66667,34.33333,45.0,18.66667,9.0,5.0,18.0,21.66667,89.0,240.0,36.66667,84.0,0.43633,9.33333,30.0,0.31467,17.0,23.0,0.738,9.33333,34.66667,44.0,21.66667,9.66667,6.33333,14.33333,20.0,99.66667,1,0.15964,-0.15964,0.27143,0.31749,0.49229,0.46866,0.55989,0.50799,1528.18904,1462.8213,0.42135,0.57865,2.4056,1.74204,1.0,240.0,40.0,86.0,0.46533,10.33333,29.66667,0.34033,20.33333,28.0,0.77367,7.66667,32.0,39.66667,20.33333,10.66667,4.33333,10.0,27.0,110.66667,240.0,37.33333,81.0,0.46367,15.0,40.0,0.37133,27.33333,33.66667,0.81433,9.33333,36.33333,45.66667,20.0,6.33333,5.33333,14.33333,22.0,117.0,1,0.08528,-0.08528,0.29792,0.21534,0.55611,0.5255,0.66522,0.6004,1644.73728,1492.03701,0.29829,0.70171,3.39118,1.42802,0.66667,,,,
240.0,41.66667,80.33333,0.51767,11.33333,24.0,0.473,22.33333,28.33333,0.768,8.0,31.66667,39.66667,23.66667,6.66667,5.66667,11.0,21.0,117.0,240.0,40.66667,88.0,0.46467,11.66667,28.33333,0.402,19.0,27.66667,0.692,13.66667,29.33333,43.0,23.66667,4.66667,4.0,12.33333,21.33333,112.0,0,-0.0824,0.0824,0.42776,0.26818,0.53201,0.58694,0.5991,0.67788,1480.598,1444.0964,0.43909,0.56091,2.5799,1.89634,0.33333,240.0,37.0,95.33333,0.38833,8.66667,30.0,0.29333,13.33333,16.66667,0.78367,13.0,31.66667,44.66667,23.33333,8.0,4.33333,12.0,21.66667,96.0,240.0,40.33333,81.33333,0.496,11.0,29.66667,0.36967,20.33333,26.0,0.778,8.0,39.0,47.0,25.66667,5.66667,5.66667,12.66667,17.66667,112.0,0,0.21971,-0.21971,0.25694,0.33604,0.56389,0.43381,0.64454,0.48508,1479.39758,1416.02616,0.4301,0.5699,2.35987,1.77006,1.0,,,,
240.0,42.33333,91.33333,0.464,11.66667,31.66667,0.366,17.0,26.33333,0.651,13.66667,33.66667,47.33333,27.33333,8.66667,4.33333,14.33333,22.66667,113.33333,240.0,40.66667,87.0,0.46833,13.0,34.0,0.37133,22.33333,28.0,0.79867,10.0,32.66667,42.66667,25.0,8.66667,7.66667,14.33333,21.0,116.66667,0,0.04367,-0.04367,0.29644,0.42353,0.54269,0.52832,0.62673,0.58432,1608.092,1470.08049,0.31398,0.68602,3.30238,1.47077,0.66667,240.0,41.66667,89.0,0.46867,13.66667,34.66667,0.38467,19.33333,27.33333,0.759,8.0,31.0,39.0,22.66667,9.33333,3.66667,8.0,24.0,116.33333,240.0,37.66667,81.66667,0.464,17.0,41.66667,0.40833,25.66667,31.33333,0.82067,11.0,36.33333,47.33333,20.0,5.33333,5.33333,15.0,23.0,118.0,0,0.02914,-0.02914,0.3597,0.22514,0.56865,0.54525,0.66985,0.61122,1642.66684,1485.56895,0.28464,0.71536,3.56809,1.40177,0.33333,,,,
240.0,36.33333,82.66667,0.44267,4.33333,22.33333,0.19333,23.33333,28.0,0.81667,10.0,31.66667,41.66667,15.66667,6.0,9.0,9.66667,23.33333,100.33333,240.0,33.33333,82.0,0.409,8.66667,25.33333,0.345,23.0,31.66667,0.72833,13.33333,31.33333,44.66667,19.66667,4.66667,3.33333,13.33333,24.0,98.33333,0,-0.02644,0.02644,0.41488,0.31322,0.46283,0.46961,0.55755,0.57071,1412.95431,1437.26903,0.52716,0.47284,1.91037,2.13136,0.66667,240.0,35.33333,89.66667,0.39367,9.0,26.33333,0.326,21.66667,28.66667,0.76467,14.0,32.66667,46.66667,20.0,10.0,2.66667,12.33333,17.0,101.33333,240.0,43.0,85.0,0.50533,9.66667,27.33333,0.37067,12.66667,15.66667,0.81767,7.33333,39.33333,46.66667,32.33333,7.0,6.33333,16.0,20.33333,108.33333,0,0.09143,-0.09143,0.22636,0.36744,0.56237,0.44419,0.61193,0.52762,1632.71114,1503.53029,0.32467,0.67533,3.13857,1.48801,0.66667,,,,
248.33333,40.66667,93.66667,0.43467,15.66667,35.33333,0.43967,12.66667,16.0,0.79833,13.33333,33.0,46.33333,24.33333,5.0,1.66667,12.66667,18.66667,109.66667,248.33333,45.33333,86.66667,0.52267,11.33333,24.0,0.46267,18.0,22.33333,0.80467,6.0,36.33333,42.33333,29.66667,7.66667,7.66667,10.0,18.0,120.0,1,0.13193,-0.13193,0.18182,0.37182,0.58727,0.5184,0.6547,0.56417,1526.99328,1457.89913,0.41374,0.58626,2.42629,1.70921,1.0,240.0,36.66667,76.33333,0.48267,12.33333,26.66667,0.44533,14.0,17.33333,0.79567,6.33333,27.33333,33.66667,23.0,6.0,5.66667,13.0,17.33333,99.66667,240.0,41.0,82.66667,0.50467,12.33333,30.0,0.42867,10.33333,12.66667,0.819,10.33333,31.66667,42.0,21.66667,6.0,3.66667,13.0,18.0,104.66667,1,0.07137,-0.07137,0.34154,0.20039,0.58111,0.56509,0.62252,0.62561,1476.47902,1457.76667,0.48584,0.51416,2.09243,1.96986,0.66667,,,,
240.0,41.0,85.66667,0.47867,9.0,24.0,0.373,15.33333,22.66667,0.69567,10.33333,35.0,45.33333,27.33333,6.66667,1.0,13.0,20.33333,106.33333,240.0,42.0,85.66667,0.49067,11.0,31.33333,0.354,18.66667,24.0,0.788,8.0,33.33333,41.33333,26.0,8.33333,4.33333,9.33333,18.66667,113.66667,1,0.10254,-0.10254,0.22949,0.30204,0.555,0.53149,0.62579,0.58728,1538.62339,1437.46963,0.36403,0.63597,2.76273,1.57548,0.66667,240.0,40.33333,84.66667,0.477,12.0,29.66667,0.40533,19.0,25.33333,0.77133,10.0,33.33333,43.33333,23.66667,7.0,3.33333,11.66667,21.33333,111.66667,240.0,41.33333,84.0,0.49233,9.33333,30.33333,0.30933,20.33333,26.33333,0.777,7.66667,34.33333,42.0,26.0,8.33333,4.33333,10.66667,19.33333,112.33333,1,0.00909,-0.00909,0.23105,0.29125,0.54828,0.54875,0.62612,0.6202,1491.7187,1487.59383,0.49023,0.50977,2.087,2.00423,0.66667,,,,
240.0,40.33333,79.33333,0.50867,11.33333,32.33333,0.345,10.0,13.66667,0.73133,4.66667,24.33333,29.0,28.33333,6.66667,2.66667,9.0,13.66667,102.0,240.0,42.0,75.33333,0.56,12.0,24.66667,0.48567,10.33333,12.66667,0.817,5.0,32.33333,37.33333,27.0,5.33333,3.0,13.66667,17.0,106.33333,1,0.05591,-0.05591,0.19731,0.14489,0.64032,0.58098,0.68361,0.62029,1470.71124,1490.36394,0.5356,0.4644,1.88848,2.18508,0.66667,240.0,43.0,93.66667,0.459,12.0,31.33333,0.36867,17.0,21.0,0.79633,15.66667,27.0,42.66667,25.0,9.0,4.0,13.66667,20.0,115.0,240.0,46.33333,83.33333,0.557,15.0,27.33333,0.55333,17.0,22.0,0.77967,6.66667,32.33333,39.0,35.33333,8.0,8.66667,15.0,17.33333,124.66667,1,0.11655,-0.11655,0.25771,0.50824,0.64676,0.52386,0.70745,0.58525,1492.20106,1482.80955,0.50005,0.49995,2.01057,2.01001,1.0,,,,
240.0,41.0,90.0,0.45633,5.66667,17.33333,0.32933,17.33333,20.33333,0.848,9.66667,34.0,43.66667,24.66667,6.33333,6.66667,9.66667,23.33333,105.0,240.0,42.33333,81.66667,0.51933,8.0,23.0,0.35733,21.66667,30.66667,0.70367,6.66667,37.66667,44.33333,26.33333,4.66667,4.66667,10.33333,19.33333,114.33333,0,0.11932,-0.11932,0.20734,0.26347,0.56833,0.48785,0.64732,0.55631,1542.85989,1482.55156,0.43127,0.56873,2.34065,1.76836,0.66667,240.0,37.66667,82.0,0.45933,8.33333,23.33333,0.34933,17.66667,21.0,0.837,7.66667,36.0,43.66667,20.0,6.66667,3.66667,14.66667,19.0,101.33333,240.0,38.0,88.0,0.43333,10.33333,31.0,0.316,15.33333,19.66667,0.775,11.66667,34.0,45.66667,21.0,8.66667,3.66667,12.66667,18.0,101.66667,0,0.00275,-0.00275,0.3314,0.22513,0.49267,0.51021,0.55363,0.58536,1473.45116,1452.09508,0.4693,0.5307,2.16526,1.9099,0.66667,,,,
265.0,39.66667,95.33333,0.41633,13.33333,30.33333,0.44033,12.33333,21.0,0.58367,17.0,34.33333,51.33333,24.0,9.66667,6.0,15.0,18.33333,105.0,265.0,40.66667,86.0,0.48,12.66667,33.33333,0.41567,13.66667,17.33333,0.75833,8.0,34.33333,42.33333,24.66667,11.0,4.66667,15.0,21.0,107.66667,1,0.037,-0.037,0.23724,0.50624,0.55614,0.48646,0.60968,0.5269,1513.08587,1529.60174,0.53154,0.46846,1.88289,2.13683,0.33333,240.0,31.66667,79.66667,0.39767,10.66667,27.66667,0.36833,16.0,21.0,0.75467,8.33333,30.0,38.33333,15.0,8.33333,3.33333,14.66667,22.33333,90.0,240.0,37.0,75.66667,0.489,13.0,30.0,0.43333,18.66667,23.0,0.80867,6.33333,35.33333,41.66667,21.33333,8.66667,4.0,13.66667,19.66667,105.66667,1,0.25615,-0.25615,0.26103,0.23677,0.57486,0.46425,0.65497,0.53351,1527.67869,1570.35083,0.57905,0.42095,1.73025,2.38448,0.66667,,,,
240.0,36.0,77.33333,0.46533,9.33333,28.0,0.33067,18.0,24.0,0.75833,6.33333,36.33333,42.66667,22.33333,8.33333,5.66667,15.66667,22.33333,99.33333,240.0,34.0,82.0,0.41433,10.33333,27.0,0.38,20.66667,26.33333,0.78067,8.66667,33.0,41.66667,21.33333,6.66667,4.0,12.66667,19.66667,99.0,1,-0.00698,0.00698,0.24447,0.197,0.47738,0.52573,0.56305,0.60088,1490.39631,1470.53635,0.47291,0.52709,2.19523,1.95121,0.33333,240.0,38.33333,86.33333,0.444,9.0,23.66667,0.38933,12.66667,17.66667,0.73533,8.66667,36.0,44.66667,20.33333,7.33333,5.0,14.66667,20.66667,98.33333,240.0,35.0,83.66667,0.41867,8.33333,25.0,0.32267,17.33333,21.66667,0.82033,9.0,35.33333,44.33333,17.66667,8.0,2.66667,15.66667,18.0,95.66667,1,-0.03608,0.03608,0.25222,0.2532,0.46861,0.4963,0.54152,0.54465,1414.53744,1500.27859,0.62144,0.37856,1.61257,2.65705,0.33333,,,,
248.33333,39.0,83.66667,0.46567,10.66667,28.66667,0.36867,17.66667,23.33333,0.73867,7.66667,39.0,46.66667,27.0,8.33333,6.0,22.0,21.33333,106.33333,248.33333,41.0,95.0,0.43233,9.0,28.0,0.323,19.33333,24.0,0.81033,9.66667,34.33333,44.0,21.33333,12.66667,6.66667,14.0,19.0,110.33333,1,0.06525,-0.06525,0.23841,0.22376,0.48139,0.52848,0.55396,0.59762,1519.00756,1499.58484,0.47969,0.52031,2.18752,2.00106,0.66667,248.33333,37.0,91.0,0.40667,12.66667,33.33333,0.38567,12.66667,18.0,0.71233,15.0,28.0,43.0,19.66667,8.66667,4.66667,13.33333,20.33333,99.33333,248.33333,40.66667,83.0,0.494,10.33333,19.66667,0.52967,17.0,21.0,0.79367,10.66667,33.66667,44.33333,19.66667,8.0,4.33333,14.66667,19.33333,108.66667,1,0.13157,-0.13157,0.3742,0.45893,0.55944,0.4763,0.63036,0.52337,1501.58776,1519.7825,0.53752,0.46248,1.88512,2.19966,1.0,,,,
240.0,35.33333,84.66667,0.41567,8.66667,25.33333,0.34667,16.33333,19.33333,0.855,10.33333,36.33333,46.66667,21.66667,7.33333,3.66667,10.0,13.66667,95.66667,240.0,37.0,84.66667,0.437,9.0,22.66667,0.39867,11.33333,15.0,0.74233,9.0,36.66667,45.66667,21.33333,5.66667,3.33333,11.66667,17.0,94.33333,0,-0.00874,0.00874,0.24775,0.27898,0.49041,0.46678,0.53674,0.53692,1455.30221,1545.71681,0.62832,0.37168,1.6058,2.77563,0.33333,265.0,41.0,96.33333,0.42633,11.33333,32.33333,0.34367,18.0,25.66667,0.654,15.33333,32.66667,48.0,22.33333,11.66667,5.66667,17.0,20.0,111.33333,265.0,41.0,89.0,0.461,10.66667,36.66667,0.293,14.33333,19.33333,0.74067,11.0,36.66667,47.66667,27.66667,11.33333,5.33333,20.33333,22.0,107.0,0,-0.05917,0.05917,0.36667,0.4491,0.52069,0.48455,0.57423,0.54946,1501.53954,1506.01628,0.50306,0.49694,2.16533,2.15956,0.0,,,,
240.0,40.66667,86.0,0.47567,10.0,24.33333,0.41133,7.0,12.33333,0.66667,7.0,37.66667,44.66667,21.33333,5.0,6.33333,16.0,18.33333,98.33333,240.0,37.0,90.66667,0.41,7.33333,25.0,0.30467,15.66667,23.0,0.68433,11.66667,34.33333,46.0,20.0,7.66667,2.66667,11.0,19.0,97.0,0,-0.02141,0.02141,0.31078,0.22315,0.45027,0.53398,0.50822,0.55783,1489.55591,1515.80888,0.53762,0.46238,1.8648,2.16971,0.33333,240.0,39.33333,82.66667,0.47533,8.33333,26.0,0.327,16.66667,20.0,0.83867,8.0,27.66667,35.66667,24.66667,6.33333,4.33333,10.66667,19.66667,103.66667,240.0,39.33333,83.33333,0.476,9.66667,30.0,0.33,18.33333,23.66667,0.786,11.0,33.66667,44.66667,28.0,5.66667,5.0,13.0,19.0,106.66667,0,0.03744,-0.03744,0.38544,0.23733,0.53428,0.52566,0.60682,0.59529,1422.51877,1523.49064,0.64492,0.35508,1.55545,2.84596,0.66667,,,,
240.0,40.66667,85.33333,0.477,10.33333,31.66667,0.326,13.33333,17.33333,0.77567,11.33333,34.33333,45.66667,23.33333,8.0,3.33333,14.33333,17.66667,105.0,240.0,38.0,79.66667,0.47667,9.0,24.66667,0.364,16.0,20.33333,0.77433,7.0,29.66667,36.66667,19.66667,8.66667,4.66667,14.33333,16.33333,101.0,1,-0.06912,0.06912,0.19816,0.40381,0.53355,0.53786,0.60002,0.58923,1530.90084,1497.74271,0.44003,0.55997,2.28568,1.79157,0.66667,240.0,41.0,81.0,0.508,9.0,22.33333,0.39767,16.66667,20.66667,0.80967,9.0,35.0,44.0,17.0,12.0,5.66667,14.66667,18.33333,107.66667,240.0,38.33333,87.33333,0.439,12.0,31.0,0.37433,11.33333,15.66667,0.71833,8.66667,28.33333,37.0,18.33333,6.33333,4.0,13.66667,20.66667,100.0,1,-0.10652,0.10652,0.24495,0.31759,0.5093,0.56356,0.5538,0.63017,1519.80311,1576.41522,0.57077,0.42923,1.76667,2.37016,0.0,,,,
240.0,37.0,86.33333,0.42767,9.0,30.66667,0.29467,19.66667,25.33333,0.764,7.66667,36.33333,44.0,18.66667,7.66667,3.66667,10.66667,21.33333,102.66667,240.0,35.33333,82.66667,0.43167,8.66667,27.66667,0.33,18.0,24.0,0.709,10.33333,36.33333,46.66667,17.66667,5.33333,7.33333,14.66667,20.33333,97.33333,1,-0.07654,0.07654,0.27967,0.22356,0.48499,0.47965,0.55584,0.55733,1415.27006,1579.43845,0.71433,0.28567,1.40391,3.5564,0.33333,240.0,37.33333,81.0,0.46233,8.0,24.33333,0.313,13.33333,18.33333,0.72733,6.66667,34.66667,41.33333,21.66667,7.33333,5.33333,17.66667,20.0,96.0,240.0,36.66667,89.0,0.41433,8.66667,26.0,0.34867,17.33333,23.66667,0.753,12.0,34.66667,46.66667,23.0,8.66667,3.33333,13.66667,17.0,99.33333,1,0.04777,-0.04777,0.35608,0.19286,0.46329,0.51273,0.5306,0.56666,1482.87937,1495.80622,0.5307,0.4693,1.8924,2.14162,0.33333,,,,
240.0,38.33333,89.0,0.42933,12.0,34.66667,0.34433,17.33333,21.66667,0.82,10.33333,33.0,43.33333,22.33333,5.66667,4.33333,14.66667,19.33333,106.0,240.0,47.33333,96.66667,0.48867,12.0,34.66667,0.34467,12.0,16.66667,0.72467,12.66667,38.66667,51.33333,28.66667,6.66667,2.0,13.0,21.66667,118.66667,0,0.17586,-0.17586,0.39987,0.28064,0.55077,0.49697,0.5899,0.56286,1518.88417,1537.04841,0.5418,0.4582,1.9216,2.36537,0.66667,248.33333,40.33333,92.66667,0.43567,8.66667,24.33333,0.346,15.66667,19.33333,0.793,14.66667,37.0,51.66667,22.0,5.66667,8.0,15.0,19.0,105.0,248.33333,42.0,95.33333,0.44067,11.33333,30.33333,0.36933,15.0,18.66667,0.78933,10.66667,32.0,42.66667,20.66667,8.0,11.66667,9.33333,19.33333,110.33333,0,0.06944,-0.06944,0.29991,0.46609,0.49974,0.48288,0.55447,0.54144,1605.94716,1463.14107,0.30946,0.69054,3.26029,1.45077,0.66667,,,,
240.0,38.66667,80.66667,0.481,13.33333,32.0,0.444,9.0,14.0,0.64267,10.33333,31.66667,42.0,23.0,4.66667,4.0,16.66667,23.0,99.66667,240.0,36.0,79.66667,0.45133,11.0,28.0,0.38633,21.0,26.66667,0.797,9.66667,31.0,40.66667,18.33333,9.66667,3.0,11.0,17.66667,104.0,0,0.06643,-0.06643,0.30804,0.33748,0.52063,0.56369,0.60719,0.59662,1464.085,1570.60018,0.66176,0.33824,1.53336,3.11896,0.33333,248.33333,38.33333,88.0,0.439,11.33333,31.0,0.36833,16.0,21.66667,0.73333,14.0,29.0,43.0,21.33333,6.66667,5.66667,15.33333,23.0,104.0,248.33333,41.66667,83.33333,0.50467,9.33333,20.66667,0.43733,19.0,23.66667,0.78633,9.0,30.0,39.0,20.66667,8.33333,4.66667,13.0,22.66667,111.66667,0,0.1048,-0.1048,0.30214,0.45406,0.56358,0.50286,0.64117,0.56481,1501.85483,1474.38812,0.46873,0.53127,2.16667,1.90625,1.0,,,,
240.0,36.66667,85.66667,0.42767,6.0,24.33333,0.24767,16.0,20.66667,0.76367,6.66667,28.33333,35.0,18.0,6.66667,3.0,12.66667,19.0,95.33333,240.0,44.0,88.0,0.50133,12.66667,31.66667,0.40333,15.66667,18.0,0.87433,12.33333,38.66667,51.0,27.33333,7.33333,5.0,14.0,20.33333,116.33333,0,0.28479,-0.28479,0.43678,0.17375,0.57316,0.46279,0.6334,0.52855,1493.99127,1403.04671,0.40769,0.59231,2.54064,1.71695,1.0,240.0,39.0,83.66667,0.47333,6.66667,19.0,0.354,14.33333,18.0,0.79067,8.66667,33.33333,42.0,19.0,5.66667,4.0,11.33333,19.0,99.0,240.0,36.66667,83.66667,0.43667,13.66667,38.66667,0.354,18.0,21.66667,0.83,11.33333,31.0,42.33333,23.33333,5.33333,4.33333,11.0,17.66667,105.0,0,0.08772,-0.08772,0.35116,0.32111,0.51836,0.51379,0.59248,0.57257,1450.70295,1484.24434,0.55937,0.44063,1.86718,2.40132,0.33333,,,,
240.0,42.66667,90.33333,0.47367,10.66667,28.33333,0.36733,17.33333,23.66667,0.74767,11.0,30.33333,41.33333,25.0,9.66667,4.0,10.0,15.0,113.33333,240.0,40.33333,83.33333,0.48367,8.33333,22.33333,0.37767,16.66667,19.33333,0.86333,10.0,34.0,44.0,26.0,5.33333,4.0,16.0,21.66667,105.66667,1,-0.09212,0.09212,0.35426,0.31646,0.53423,0.53264,0.60446,0.59469,1490.63127,1489.09542,0.48409,0.51591,2.34613,2.1458,0.33333,240.0,44.33333,83.33333,0.52767,9.33333,27.66667,0.32867,23.0,27.33333,0.82467,9.0,34.33333,43.33333,26.33333,7.33333,6.66667,10.66667,19.33333,121.0,240.0,39.66667,93.0,0.426,7.33333,26.66667,0.259,13.66667,21.33333,0.64133,16.33333,26.66667,43.0,21.0,5.66667,3.66667,13.33333,19.33333,100.33333,1,-0.2667,0.2667,0.48115,0.35052,0.46583,0.5821,0.51362,0.6774,1438.05336,1501.90057,0.5656,0.4344,1.81131,2.41128,0.0,,,,
240.0,40.33333,88.0,0.461,9.0,24.66667,0.36567,7.33333,10.66667,0.75633,10.33333,34.0,44.33333,21.33333,7.33333,8.0,16.0,17.33333,97.0,240.0,39.33333,88.33333,0.445,9.66667,24.66667,0.385,13.0,18.66667,0.69233,11.66667,32.33333,44.0,23.66667,8.66667,2.66667,13.33333,17.33333,101.33333,1,0.06394,-0.06394,0.34739,0.33554,0.49956,0.51167,0.54755,0.53982,1475.24144,1507.38051,0.55436,0.44564,1.81625,2.26858,0.66667,240.0,38.33333,91.0,0.42067,5.33333,24.0,0.22567,14.0,18.66667,0.73933,8.0,35.0,43.0,22.0,7.0,4.0,10.33333,15.66667,96.0,240.0,40.66667,86.0,0.473,13.0,33.0,0.38767,13.33333,15.0,0.893,6.66667,40.33333,47.0,28.33333,7.0,5.0,13.66667,19.33333,107.66667,1,0.16225,-0.16225,0.20667,0.20945,0.54862,0.44997,0.60312,0.50414,1444.89132,1472.62163,0.56234,0.43766,1.78966,2.30727,1.0,,,,
240.0,33.33333,80.66667,0.41667,14.33333,36.0,0.398,20.0,24.66667,0.811,11.0,30.33333,41.33333,19.0,8.66667,2.33333,13.0,18.0,101.0,240.0,40.66667,81.0,0.502,11.0,32.0,0.34967,16.66667,20.66667,0.80433,8.33333,34.0,42.33333,26.66667,9.0,5.33333,13.33333,18.33333,109.0,0,0.11365,-0.11365,0.27419,0.31479,0.57026,0.50564,0.63696,0.58986,1500.26882,1543.50947,0.56901,0.43099,1.88281,2.607,1.0,240.0,37.0,82.33333,0.44933,13.33333,30.66667,0.43967,14.0,18.66667,0.75033,9.33333,33.66667,43.0,18.0,8.66667,4.33333,12.66667,20.66667,101.33333,240.0,33.66667,74.33333,0.453,9.66667,27.33333,0.35333,19.66667,23.66667,0.83267,5.0,31.66667,36.66667,17.0,6.66667,3.66667,12.33333,17.33333,96.66667,0,-0.06393,0.06393,0.15226,0.30282,0.51784,0.53054,0.60734,0.58588,1513.04261,1570.29853,0.57768,0.42232,1.73483,2.37772,0.33333,,,,
240.0,30.0,83.0,0.35967,7.66667,29.66667,0.25767,20.0,25.66667,0.78167,11.0,30.33333,41.33333,17.66667,7.66667,1.66667,12.66667,19.66667,87.66667,240.0,43.33333,81.33333,0.531,10.0,25.33333,0.39767,16.66667,20.33333,0.81567,7.33333,41.0,48.33333,27.66667,8.66667,4.33333,12.66667,21.66667,113.33333,0,0.37439,-0.37439,0.24675,0.27333,0.5926,0.40661,0.65967,0.49399,1571.33156,1486.28787,0.41745,0.58255,2.50568,1.74775,1.0,240.0,37.0,89.66667,0.40967,10.33333,31.33333,0.33,16.0,20.33333,0.81333,11.0,28.33333,39.33333,26.33333,8.33333,1.33333,10.66667,21.66667,100.33333,240.0,41.66667,83.33333,0.50167,10.0,29.66667,0.34333,21.0,26.0,0.82067,9.33333,40.33333,49.66667,25.33333,7.0,6.33333,14.0,16.33333,114.33333,0,0.18969,-0.18969,0.33613,0.27109,0.56234,0.46747,0.64486,0.53112,1539.11638,1454.64987,0.40435,0.59565,2.55796,1.70049,0.66667,,,,
240.0,36.66667,86.0,0.42467,14.33333,41.66667,0.353,18.0,22.66667,0.799,8.0,35.0,43.0,18.66667,8.66667,2.66667,15.0,18.33333,105.66667,240.0,39.66667,87.0,0.45667,10.66667,32.0,0.32333,16.0,20.33333,0.77933,9.66667,36.0,45.66667,19.0,9.33333,5.33333,14.66667,18.66667,106.0,0,0.00125,-0.00125,0.28748,0.22174,0.51798,0.5081,0.5808,0.58018,1511.09758,1623.92078,0.66071,0.33929,1.53784,3.1912,0.66667,240.0,36.33333,86.0,0.42167,6.33333,23.66667,0.27033,8.66667,10.66667,0.816,10.33333,30.66667,41.0,20.33333,6.66667,5.66667,13.33333,17.33333,87.66667,240.0,38.33333,83.66667,0.45867,10.0,27.66667,0.362,14.66667,19.0,0.782,10.33333,34.66667,45.0,22.33333,7.66667,2.33333,10.66667,13.0,101.33333,0,0.21468,-0.21468,0.35714,0.31567,0.51854,0.45806,0.5773,0.49601,1497.65439,1519.62835,0.55593,0.44407,1.80419,2.26192,1.0,,,,
248.33333,40.66667,90.66667,0.453,9.66667,30.0,0.32,15.33333,18.66667,0.81567,9.33333,41.66667,51.0,26.66667,6.33333,12.33333,14.33333,21.66667,106.33333,248.33333,37.66667,93.66667,0.40333,9.33333,23.66667,0.38667,15.0,23.66667,0.64,12.0,35.66667,47.66667,20.0,7.33333,4.66667,11.66667,18.66667,99.66667,1,-0.09936,0.09936,0.29538,0.25679,0.45323,0.50654,0.50433,0.56505,1490.3724,1627.17212,0.68254,0.31746,1.46759,3.1762,0.0,240.0,32.66667,81.66667,0.403,8.66667,26.66667,0.32733,20.33333,25.33333,0.81067,9.66667,37.0,46.66667,17.33333,7.66667,5.0,13.33333,22.66667,94.33333,240.0,37.33333,85.66667,0.441,10.33333,30.33333,0.338,14.66667,17.66667,0.83033,9.33333,35.66667,45.0,21.0,7.0,7.66667,13.33333,19.66667,99.66667,1,0.07521,-0.07521,0.2493,0.26257,0.50342,0.456,0.56371,0.54361,1490.49829,1501.38673,0.52513,0.47487,2.01714,2.25801,0.66667,,,,
240.0,31.66667,82.66667,0.37967,8.33333,31.0,0.26933,15.33333,19.33333,0.814,9.33333,28.33333,37.66667,16.33333,8.33333,1.33333,10.33333,19.66667,87.0,240.0,39.66667,78.33333,0.50633,12.0,32.0,0.37,20.0,23.66667,0.84467,10.0,39.0,49.0,23.66667,7.66667,4.33333,12.0,20.0,111.33333,0,0.36055,-0.36055,0.3545,0.24253,0.58356,0.43019,0.66679,0.5,1574.83455,1498.20878,0.42884,0.57116,2.39397,1.77237,1.0,240.0,35.33333,88.0,0.40233,11.0,31.0,0.34867,16.33333,20.66667,0.79633,14.66667,32.33333,47.0,19.66667,9.66667,3.0,15.66667,18.66667,98.0,240.0,37.33333,83.66667,0.446,6.66667,29.33333,0.22433,16.33333,20.33333,0.80133,10.33333,32.0,42.33333,25.66667,10.0,9.33333,15.33333,16.33333,97.66667,0,-0.01569,0.01569,0.31982,0.45088,0.48616,0.46452,0.5534,0.53031,1631.79791,1512.93498,0.33217,0.66783,3.06391,1.50408,0.66667,,,,
240.0,39.0,84.0,0.464,6.66667,21.33333,0.31233,13.66667,17.33333,0.77967,8.0,27.33333,35.33333,19.66667,7.0,4.66667,10.33333,17.33333,98.33333,240.0,39.66667,82.66667,0.47933,12.66667,34.0,0.36367,15.0,17.0,0.88767,9.33333,33.66667,43.0,28.0,5.33333,3.66667,12.66667,18.0,107.0,0,0.12513,-0.12513,0.35808,0.24074,0.55547,0.50367,0.61854,0.55938,1457.23751,1518.35922,0.60577,0.39423,1.65541,2.5533,0.66667,240.0,39.33333,87.33333,0.453,10.33333,27.33333,0.38,16.0,22.66667,0.71833,10.0,31.0,41.0,22.33333,8.0,4.33333,10.33333,17.0,105.0,240.0,40.33333,81.66667,0.496,7.66667,25.0,0.31067,17.33333,21.0,0.838,5.66667,34.33333,40.0,24.33333,6.33333,4.33333,13.33333,18.33333,105.66667,0,0.01255,-0.01255,0.18691,0.28518,0.54245,0.51302,0.61396,0.57414,1490.35055,1485.92074,0.49363,0.50637,2.05856,2.00633,0.66667,,,,
240.0,38.33333,85.0,0.45033,11.66667,33.0,0.34167,13.0,20.33333,0.59133,9.66667,32.33333,42.0,21.0,7.66667,4.66667,14.0,23.33333,101.33333,240.0,35.66667,80.66667,0.44267,12.66667,33.0,0.381,21.66667,27.0,0.797,8.66667,33.0,41.66667,20.0,7.0,5.33333,13.66667,20.0,105.66667,0,0.07516,-0.07516,0.27011,0.30316,0.52147,0.51766,0.61027,0.5619,1551.95113,1464.65167,0.38302,0.61698,2.80377,1.65963,0.66667,240.0,36.66667,74.33333,0.497,13.33333,29.33333,0.45767,14.33333,18.0,0.79367,7.66667,29.66667,37.33333,24.0,8.66667,6.33333,15.33333,20.0,101.0,240.0,32.0,76.33333,0.41867,11.33333,28.66667,0.396,15.0,20.33333,0.75167,8.66667,28.66667,37.33333,18.66667,8.66667,3.33333,16.0,21.66667,90.33333,0,-0.16227,0.16227,0.2987,0.26404,0.49219,0.58705,0.55842,0.64938,1440.62235,1487.47286,0.5483,0.4517,1.86933,2.31986,0.33333,,,,
240.0,43.66667,88.66667,0.48967,12.66667,28.66667,0.44167,10.66667,15.0,0.73033,12.66667,31.0,43.66667,24.0,10.0,5.66667,10.0,18.33333,110.66667,240.0,36.33333,77.66667,0.474,10.33333,27.33333,0.391,15.66667,20.33333,0.75267,9.33333,29.66667,39.0,20.33333,5.66667,3.0,14.0,15.0,98.66667,1,-0.15721,0.15721,0.28773,0.42566,0.54167,0.56097,0.60964,0.59993,1476.61134,1547.50896,0.59119,0.40881,1.71034,2.51629,0.33333,240.0,38.0,89.33333,0.42833,8.66667,27.0,0.31967,14.66667,21.33333,0.69733,11.66667,29.0,40.66667,22.0,10.33333,4.0,13.33333,23.0,99.33333,240.0,39.66667,76.0,0.522,10.66667,27.33333,0.389,23.66667,28.33333,0.83533,6.33333,35.33333,41.66667,26.0,7.0,5.33333,16.0,19.33333,113.66667,1,0.19334,-0.19334,0.22123,0.33333,0.59187,0.477,0.69149,0.53146,1491.23744,1433.43267,0.43486,0.56514,2.33434,1.7848,1.0,,,,
256.66667,44.33333,94.66667,0.46733,12.0,29.66667,0.40267,22.66667,34.0,0.671,13.33333,35.66667,49.0,26.66667,8.33333,4.66667,13.0,26.66667,123.33333,256.66667,42.66667,93.66667,0.45567,14.0,39.33333,0.34767,26.33333,32.66667,0.80567,12.33333,31.66667,44.0,24.0,7.66667,9.0,13.33333,26.66667,125.66667,0,0.0264,-0.0264,0.34384,0.43006,0.52934,0.53175,0.62161,0.60318,1633.01495,1461.39003,0.27041,0.72959,3.7022,1.37084,0.66667,248.33333,40.33333,82.33333,0.48933,12.0,29.0,0.42,20.66667,23.66667,0.90833,10.33333,36.33333,46.66667,24.66667,4.33333,4.33333,16.33333,21.33333,113.33333,248.33333,43.0,92.0,0.46833,9.33333,25.0,0.37167,18.66667,25.0,0.75033,9.33333,25.66667,35.0,22.33333,8.0,5.66667,7.33333,19.66667,114.0,0,0.00689,-0.00689,0.25964,0.42222,0.5191,0.56194,0.58526,0.64838,1526.80141,1484.94064,0.44211,0.55789,2.34862,1.8261,0.66667,,,,
240.0,39.66667,84.66667,0.469,13.33333,35.0,0.37367,17.66667,25.0,0.67467,7.33333,31.33333,38.66667,19.66667,8.0,5.33333,11.66667,23.33333,110.33333,240.0,38.66667,83.33333,0.46467,13.0,31.66667,0.40633,23.66667,28.33333,0.83633,10.66667,34.33333,45.0,22.0,5.33333,4.33333,14.0,23.66667,114.0,1,0.06039,-0.06039,0.34317,0.21239,0.54329,0.54714,0.6378,0.61058,1539.07777,1466.48204,0.40411,0.59589,2.72622,1.75251,0.66667,240.0,41.0,83.33333,0.49567,8.66667,26.0,0.32733,17.66667,22.33333,0.743,7.0,35.0,42.0,23.0,6.33333,7.0,12.0,16.0,108.33333,240.0,37.0,90.0,0.41167,8.66667,27.66667,0.313,15.66667,24.33333,0.64533,15.33333,31.66667,47.0,19.33333,7.66667,2.66667,13.33333,21.33333,98.33333,1,-0.13451,0.13451,0.44947,0.22713,0.45969,0.54671,0.51589,0.6213,1459.42291,1495.52996,0.53192,0.46808,1.89607,2.15786,0.0,,,,
240.0,35.66667,85.66667,0.41667,9.66667,26.33333,0.363,14.33333,17.66667,0.796,8.66667,32.33333,41.0,20.33333,5.33333,5.33333,12.0,19.33333,95.33333,240.0,37.33333,81.33333,0.462,11.33333,28.66667,0.39667,17.33333,20.66667,0.85333,9.33333,36.0,45.33333,21.66667,7.33333,4.66667,14.33333,16.33333,103.33333,0,0.11772,-0.11772,0.28693,0.23938,0.53299,0.47243,0.60575,0.53324,1473.17203,1494.34875,0.54969,0.45031,1.85821,2.30242,0.66667,240.0,37.0,77.66667,0.47833,10.33333,23.66667,0.42433,18.66667,22.0,0.84667,8.0,36.33333,44.33333,22.0,7.0,6.33333,16.33333,21.0,103.0,240.0,35.66667,88.33333,0.404,8.0,30.33333,0.25367,16.66667,21.0,0.79933,13.66667,31.0,44.66667,17.33333,8.0,3.66667,13.0,19.0,96.0,0,-0.09978,0.09978,0.39341,0.25611,0.44909,0.54618,0.51699,0.62712,1472.63205,1450.23727,0.45715,0.54285,2.20848,1.85471,0.33333,,,,
248.33333,42.0,88.33333,0.47567,10.0,27.33333,0.36633,16.0,20.66667,0.74133,9.66667,30.66667,40.33333,26.0,7.33333,4.0,10.66667,26.0,110.0,248.33333,39.66667,82.66667,0.47967,10.0,26.33333,0.37767,23.0,31.0,0.72267,8.33333,34.33333,42.66667,21.0,5.0,6.66667,13.33333,19.66667,112.33333,1,0.02706,-0.02706,0.27528,0.28095,0.53958,0.53176,0.62679,0.59034,1549.34801,1491.68805,0.41919,0.58081,2.4485,1.74804,0.66667,240.0,40.33333,89.0,0.45367,9.66667,34.0,0.29633,15.0,18.66667,0.803,8.66667,30.33333,39.0,19.33333,8.0,2.66667,13.33333,18.33333,105.33333,240.0,46.0,87.33333,0.52967,14.33333,31.66667,0.445,12.33333,18.33333,0.69033,9.33333,35.33333,44.66667,25.66667,9.0,6.0,12.66667,20.0,118.66667,1,0.17209,-0.17209,0.306,0.2455,0.61097,0.50769,0.65144,0.56569,1569.88543,1512.25297,0.44793,0.55207,2.39012,1.92557,1.0,,,,
240.0,44.66667,85.0,0.52567,8.33333,24.0,0.35067,18.33333,20.66667,0.88867,9.33333,32.66667,42.0,25.33333,9.0,4.0,12.33333,18.0,116.0,240.0,38.66667,83.33333,0.46667,11.33333,30.0,0.38033,16.0,22.66667,0.70567,10.0,28.33333,38.33333,24.0,7.0,3.33333,15.33333,18.66667,104.66667,0,-0.14764,0.14764,0.304,0.33615,0.53616,0.57492,0.59764,0.64838,1449.02468,1529.74371,0.59584,0.40416,1.69522,2.53522,0.0,240.0,41.33333,90.33333,0.46,12.66667,31.66667,0.403,16.33333,22.0,0.75233,10.33333,32.0,42.33333,24.33333,8.0,4.33333,9.66667,19.0,111.66667,240.0,41.0,84.0,0.48833,9.66667,29.66667,0.326,19.66667,24.66667,0.797,6.0,35.33333,41.33333,25.66667,7.0,5.33333,12.66667,18.33333,111.33333,0,-0.00433,0.00433,0.18938,0.28913,0.54628,0.53227,0.62299,0.5923,1490.36587,1490.62521,0.49646,0.50354,2.05008,2.02218,0.66667,,,,
240.0,39.0,84.33333,0.46233,8.66667,30.0,0.28467,10.66667,14.0,0.75567,11.33333,35.0,46.33333,21.66667,7.33333,5.66667,14.33333,15.0,97.33333,240.0,35.33333,82.66667,0.428,5.33333,24.33333,0.22533,11.0,16.0,0.68467,9.0,28.33333,37.33333,17.66667,9.66667,5.66667,11.66667,15.33333,87.0,0,-0.16429,0.16429,0.25983,0.42411,0.46044,0.5138,0.50542,0.55684,1552.25323,1511.01886,0.41807,0.58193,2.458,1.73833,0.33333,240.0,38.33333,81.0,0.47333,11.66667,27.0,0.433,15.33333,17.33333,0.90633,11.66667,33.0,44.66667,24.0,4.66667,4.33333,18.0,20.33333,103.66667,240.0,42.66667,89.33333,0.48133,8.66667,22.33333,0.39233,17.0,21.66667,0.78933,9.66667,24.33333,34.0,23.0,10.66667,6.33333,8.33333,17.33333,111.0,0,0.09877,-0.09877,0.29535,0.47875,0.53012,0.54537,0.59397,0.6139,1520.74936,1432.77467,0.38756,0.61244,2.67972,1.66406,0.66667,,,,
248.33333,40.33333,86.66667,0.467,5.66667,17.0,0.33867,17.33333,20.66667,0.835,8.33333,33.66667,42.0,19.0,8.0,6.33333,13.0,23.33333,103.66667,248.33333,41.33333,86.33333,0.483,9.0,30.33333,0.30267,18.66667,24.33333,0.781,8.33333,36.33333,44.66667,25.0,7.33333,5.0,12.0,19.66667,110.33333,1,0.08653,-0.08653,0.26446,0.23421,0.53478,0.49965,0.60465,0.57009,1515.45975,1477.73245,0.45748,0.54252,2.2166,1.85917,0.66667,240.0,40.66667,86.0,0.476,12.0,30.33333,0.39867,21.66667,27.33333,0.79933,10.33333,36.66667,47.0,25.66667,9.0,5.66667,14.0,21.33333,115.0,240.0,44.0,92.0,0.479,13.0,33.0,0.37667,13.66667,18.33333,0.743,10.0,33.33333,43.33333,27.33333,7.33333,5.0,12.66667,21.66667,114.66667,1,0.00201,-0.00201,0.2726,0.30281,0.54983,0.5468,0.59775,0.62982,1492.7615,1564.92832,0.59822,0.40178,1.74947,2.67874,0.33333,,,,
265.0,40.66667,95.33333,0.42767,13.0,30.33333,0.429,11.66667,18.33333,0.64633,16.33333,32.66667,49.0,21.33333,9.33333,5.66667,13.0,19.66667,106.0,265.0,38.33333,80.33333,0.483,11.0,31.66667,0.37433,18.0,22.0,0.81933,6.33333,34.33333,40.66667,24.0,8.33333,3.0,14.66667,18.33333,105.66667,1,-0.00859,0.00859,0.19915,0.48473,0.55239,0.49593,0.62853,0.5358,1504.45421,1533.96905,0.54368,0.45632,1.83938,2.19152,0.33333,240.0,42.0,80.33333,0.52133,8.33333,28.33333,0.28767,24.66667,29.0,0.851,9.0,33.66667,42.66667,24.33333,6.33333,6.33333,12.66667,18.0,117.0,240.0,40.33333,93.0,0.43333,7.0,25.66667,0.259,15.33333,23.0,0.67467,15.33333,25.0,40.33333,20.0,7.33333,2.66667,11.66667,21.33333,103.0,1,-0.18273,0.18273,0.46082,0.36728,0.47127,0.57256,0.52554,0.6756,1450.29199,1490.5542,0.5314,0.4686,1.89779,2.15531,0.0,,,,
240.0,38.0,88.33333,0.429,12.33333,33.0,0.37267,23.66667,28.33333,0.83233,15.0,32.0,47.0,23.0,10.0,6.66667,15.0,23.33333,112.0,240.0,41.33333,88.33333,0.46933,7.33333,25.33333,0.288,16.0,21.66667,0.73567,12.33333,32.66667,45.0,22.66667,9.66667,7.66667,16.0,23.0,106.0,0,-0.06866,0.06866,0.39162,0.47543,0.51101,0.49879,0.57099,0.59276,1491.11147,1608.40704,0.65322,0.34678,1.53157,2.88846,0.33333,240.0,35.0,79.66667,0.43533,11.33333,33.33333,0.33967,19.66667,25.0,0.79033,10.0,24.66667,34.66667,21.33333,9.66667,3.33333,15.33333,19.66667,101.0,240.0,42.33333,79.33333,0.53333,9.66667,22.0,0.43733,18.66667,25.33333,0.75333,10.66667,30.0,40.66667,22.66667,11.66667,6.66667,15.33333,21.33333,113.0,0,0.18003,-0.18003,0.46062,0.33021,0.59407,0.50539,0.66514,0.5896,1540.8941,1516.68143,0.48032,0.51968,2.22178,2.03165,1.0,,,,
240.0,37.33333,84.33333,0.44133,10.33333,29.33333,0.34667,17.0,22.66667,0.735,9.33333,36.0,45.33333,23.33333,8.66667,7.33333,19.0,22.66667,102.0,240.0,39.0,90.33333,0.43133,8.66667,23.33333,0.35467,19.0,24.33333,0.79,10.0,32.33333,42.33333,21.0,10.33333,6.0,14.0,19.0,105.66667,0,0.05717,-0.05717,0.27915,0.3012,0.47972,0.5015,0.55321,0.56918,1513.31375,1495.66389,0.48229,0.51771,2.17645,2.01086,0.66667,240.0,41.0,79.66667,0.51533,7.66667,22.33333,0.34433,16.66667,21.0,0.792,10.66667,35.0,45.66667,16.66667,8.0,7.0,16.33333,15.33333,106.33333,240.0,39.33333,89.0,0.443,10.0,29.33333,0.31733,9.0,14.0,0.652,9.66667,25.0,34.66667,17.33333,7.66667,3.66667,10.66667,20.33333,97.66667,0,-0.12608,0.12608,0.27525,0.43197,0.49952,0.56409,0.53195,0.63083,1514.71114,1562.82485,0.54996,0.45004,1.85204,2.28827,0.0,,,,
240.0,36.33333,83.33333,0.436,8.33333,23.66667,0.35267,14.33333,17.33333,0.812,6.66667,31.33333,38.0,20.0,4.33333,2.66667,12.0,16.66667,95.33333,240.0,40.0,80.33333,0.49867,14.0,30.0,0.46333,13.66667,16.0,0.84233,6.66667,35.33333,42.0,24.33333,7.33333,4.33333,14.0,16.66667,107.66667,0,0.17762,-0.17762,0.21319,0.18655,0.58602,0.48571,0.64324,0.54769,1456.86323,1493.08248,0.57856,0.42144,1.74436,2.42136,1.0,240.0,38.33333,87.66667,0.437,9.0,29.0,0.30733,21.33333,27.0,0.76867,13.33333,29.0,42.33333,18.0,9.66667,5.33333,16.0,21.33333,107.0,240.0,38.33333,82.33333,0.46433,8.66667,28.66667,0.30467,20.0,27.0,0.72967,13.0,33.0,46.0,23.66667,10.33333,5.66667,18.33333,22.33333,105.33333,0,-0.02454,0.02454,0.4509,0.43457,0.51694,0.48854,0.59611,0.5721,1500.8034,1510.1677,0.5138,0.4862,2.13055,2.21403,0.33333,,,,
248.33333,40.66667,86.0,0.473,9.66667,30.66667,0.305,16.66667,20.33333,0.813,12.33333,35.0,47.33333,23.33333,5.66667,5.33333,13.66667,17.0,107.66667,248.33333,38.0,85.66667,0.44167,7.0,26.0,0.266,15.0,21.0,0.70667,9.33333,28.66667,38.0,22.33333,8.0,6.33333,10.33333,19.66667,98.0,0,-0.15798,0.15798,0.26884,0.45044,0.48184,0.52845,0.53844,0.59307,1557.16992,1523.32876,0.42869,0.57131,2.41185,1.77764,0.33333,240.0,44.33333,83.33333,0.53133,14.0,30.66667,0.45633,16.0,22.0,0.73167,9.0,31.33333,40.33333,24.33333,7.66667,5.33333,9.66667,18.0,118.66667,240.0,39.66667,84.33333,0.47,8.0,21.33333,0.37833,15.33333,22.0,0.708,12.0,30.0,42.0,21.66667,4.33333,2.0,13.33333,21.0,102.66667,0,-0.20771,0.20771,0.40462,0.30434,0.51751,0.6159,0.57615,0.67355,1360.2903,1448.64608,0.59633,0.40367,1.69531,2.538,0.0,,,,
240.0,43.66667,86.66667,0.508,10.33333,28.0,0.36633,20.0,25.0,0.798,10.0,37.33333,47.33333,31.33333,8.66667,6.33333,13.0,18.66667,117.66667,240.0,39.0,88.33333,0.44167,10.33333,29.66667,0.33533,16.0,21.33333,0.76933,8.0,30.66667,38.66667,20.0,8.66667,5.33333,13.33333,20.66667,104.33333,1,-0.17541,0.17541,0.21542,0.32917,0.50024,0.56636,0.56054,0.64053,1529.38053,1641.68713,0.63425,0.36575,1.60928,2.87062,0.0,248.33333,39.0,93.0,0.419,7.66667,25.0,0.298,19.66667,22.66667,0.854,13.0,34.33333,47.33333,21.0,4.66667,7.0,12.0,19.33333,105.33333,248.33333,44.33333,95.66667,0.46133,13.0,32.0,0.39533,16.0,20.33333,0.77,10.33333,36.33333,46.66667,23.66667,6.0,9.0,8.66667,20.33333,117.66667,1,0.15151,-0.15151,0.34441,0.38693,0.52804,0.46047,0.58481,0.53726,1614.04829,1493.54458,0.34355,0.65645,2.93245,1.52637,0.66667,,,,
240.0,38.0,90.0,0.426,7.33333,24.66667,0.27933,14.66667,20.0,0.73433,9.33333,33.33333,42.66667,24.33333,6.66667,2.0,10.0,20.66667,98.0,240.0,39.0,84.0,0.46433,12.66667,38.66667,0.33733,21.0,26.0,0.81433,8.66667,40.0,48.66667,25.66667,5.33333,4.66667,12.66667,19.0,111.66667,1,0.19571,-0.19571,0.27394,0.244,0.53961,0.46833,0.62309,0.52339,1463.18663,1552.99088,0.64405,0.35595,1.55362,2.8153,1.0,240.0,35.66667,81.33333,0.439,10.0,24.0,0.415,15.0,22.66667,0.67267,9.0,41.66667,50.66667,22.0,5.33333,2.33333,14.0,17.33333,96.33333,240.0,36.33333,86.0,0.42,11.33333,31.66667,0.357,16.33333,20.33333,0.80467,5.0,35.33333,40.33333,22.33333,8.0,5.0,7.66667,19.33333,100.33333,1,0.05302,-0.05302,0.12454,0.25999,0.48634,0.50098,0.55269,0.55899,1570.52693,1476.78594,0.37003,0.62997,2.72438,1.59206,0.33333,,,,
240.0,42.0,91.33333,0.46167,9.66667,26.0,0.37067,12.66667,19.33333,0.67667,10.66667,33.66667,44.33333,28.0,7.66667,2.0,11.0,18.0,106.33333,240.0,41.66667,85.66667,0.48667,11.33333,30.66667,0.37067,18.0,22.33333,0.808,6.33333,34.33333,40.66667,25.66667,7.0,5.33333,11.33333,17.66667,112.66667,0,0.08912,-0.08912,0.18782,0.29992,0.55299,0.515,0.62265,0.55938,1537.27055,1440.50101,0.37026,0.62974,2.72581,1.59344,0.66667,240.0,38.0,85.33333,0.445,9.0,31.33333,0.28333,19.0,24.33333,0.76167,7.66667,27.33333,35.0,17.33333,8.33333,2.0,14.0,17.0,104.0,240.0,46.66667,88.66667,0.527,16.0,33.66667,0.47767,13.0,16.33333,0.778,10.66667,35.33333,46.0,27.0,8.33333,3.33333,16.0,21.33333,122.33333,0,0.23276,-0.23276,0.39765,0.22007,0.61733,0.49687,0.66377,0.57368,1561.52505,1498.8057,0.4451,0.5549,2.42759,1.92121,1.0,,,,
240.0,38.66667,83.33333,0.464,12.0,29.0,0.41033,13.66667,17.66667,0.783,9.33333,27.33333,36.66667,25.33333,10.0,5.0,16.66667,19.33333,103.0,240.0,42.0,88.33333,0.479,12.66667,29.0,0.45033,12.33333,18.66667,0.68967,14.66667,30.0,44.66667,22.33333,10.66667,8.66667,17.0,21.33333,109.0,0,0.0822,-0.0822,0.55532,0.30987,0.55144,0.53611,0.5942,0.59108,1526.9454,1421.57924,0.36025,0.63975,2.91498,1.5909,1.0,240.0,40.0,82.66667,0.48667,6.33333,20.0,0.314,25.33333,30.66667,0.828,11.33333,31.66667,43.0,18.0,9.0,8.0,15.0,27.0,111.66667,240.0,36.33333,82.0,0.443,9.66667,27.0,0.35933,22.66667,31.0,0.72033,9.0,28.33333,37.33333,22.0,6.33333,4.33333,16.0,26.66667,105.0,0,-0.08309,0.08309,0.28088,0.41515,0.50211,0.52621,0.59258,0.62786,1393.90328,1486.46106,0.62194,0.37806,1.61789,2.6881,0.33333,,,,
240.0,39.66667,88.0,0.45367,13.66667,33.33333,0.40967,16.66667,19.33333,0.85967,9.66667,37.66667,47.33333,25.33333,7.0,3.66667,14.0,20.0,109.66667,240.0,39.0,86.0,0.45467,11.33333,30.66667,0.35133,18.33333,25.0,0.73433,8.66667,36.66667,45.33333,24.33333,8.0,6.66667,12.66667,18.33333,107.66667,1,-0.04367,0.04367,0.22599,0.26341,0.52133,0.53094,0.59086,0.59772,1514.25916,1462.33583,0.41785,0.58215,2.43065,1.72965,0.66667,240.0,38.0,83.66667,0.454,8.33333,27.33333,0.30933,14.0,18.0,0.77933,10.33333,28.33333,38.66667,24.66667,7.66667,5.33333,14.33333,19.66667,98.33333,240.0,41.0,86.0,0.48167,11.66667,30.33333,0.39367,16.0,22.0,0.725,11.66667,33.66667,45.33333,28.66667,8.0,4.0,13.0,18.66667,109.66667,1,0.16047,-0.16047,0.39878,0.31025,0.54981,0.50373,0.60921,0.56106,1427.65418,1511.21542,0.63455,0.36545,1.58174,2.77069,1.0,,,,
240.0,38.66667,81.66667,0.47633,14.33333,31.33333,0.47467,10.66667,15.66667,0.674,9.66667,28.66667,38.33333,21.33333,7.66667,3.66667,15.0,23.33333,102.33333,240.0,35.0,79.0,0.443,9.66667,23.0,0.43867,22.33333,27.0,0.839,10.0,31.66667,41.66667,15.0,9.33333,3.0,14.0,18.33333,102.0,1,-0.00431,0.00431,0.35382,0.31458,0.50422,0.56418,0.59976,0.60392,1487.65353,1567.93853,0.61422,0.38578,1.63751,2.63214,0.33333,240.0,42.33333,88.0,0.48,9.0,25.66667,0.32,15.0,18.33333,0.819,9.0,29.33333,38.33333,27.0,6.66667,4.66667,13.33333,25.0,108.66667,240.0,39.33333,82.33333,0.478,8.33333,21.33333,0.39433,23.33333,30.33333,0.78933,9.66667,33.33333,43.0,24.33333,7.33333,6.33333,15.66667,18.0,110.33333,1,0.03669,-0.03669,0.3361,0.27139,0.52902,0.53039,0.6215,0.58888,1486.6062,1529.87172,0.56629,0.43371,1.78146,2.34492,0.66667,,,,
240.0,39.66667,87.33333,0.45633,14.0,32.0,0.43267,13.66667,16.0,0.83833,10.0,37.33333,47.33333,24.66667,7.0,2.33333,15.33333,19.66667,107.0,240.0,39.66667,86.33333,0.461,9.0,25.0,0.356,19.66667,24.66667,0.79867,7.66667,35.33333,43.0,23.33333,8.0,5.66667,11.0,15.66667,108.0,0,-0.00113,0.00113,0.19807,0.28137,0.51265,0.53609,0.59087,0.59148,1504.68334,1459.14508,0.4316,0.5684,2.32898,1.76415,0.66667,240.0,35.66667,86.33333,0.41067,9.0,29.33333,0.30833,20.0,28.0,0.711,11.0,36.0,47.0,22.0,6.33333,3.0,13.0,18.66667,100.33333,240.0,40.0,85.0,0.47,11.33333,30.0,0.378,15.0,20.66667,0.72167,8.66667,36.33333,45.0,22.33333,6.66667,5.66667,12.33333,21.0,106.33333,0,0.08451,-0.08451,0.24178,0.30002,0.53713,0.46439,0.59345,0.54227,1574.5472,1542.35233,0.46167,0.53833,2.27952,1.92429,0.66667,,,,
240.0,41.33333,80.33333,0.513,8.0,26.33333,0.292,17.33333,21.66667,0.80933,8.66667,31.0,39.66667,23.33333,9.66667,5.0,12.66667,15.66667,108.0,240.0,38.0,84.0,0.45667,8.33333,23.33333,0.35533,14.33333,18.0,0.80533,11.0,27.66667,38.66667,21.33333,7.66667,2.0,14.66667,17.33333,98.66667,0,-0.12686,0.12686,0.35001,0.31063,0.5054,0.56369,0.56493,0.63504,1480.80088,1540.8246,0.56447,0.43553,1.77322,2.29953,0.33333,240.0,36.33333,90.33333,0.40633,6.0,23.33333,0.27067,15.66667,20.0,0.781,13.0,32.0,45.0,17.33333,5.33333,3.33333,10.33333,18.33333,94.33333,240.0,37.33333,84.0,0.443,12.66667,36.0,0.35267,18.0,22.33333,0.80633,12.33333,37.66667,50.0,20.33333,5.33333,7.0,12.33333,19.33333,105.33333,0,0.15876,-0.15876,0.38911,0.38099,0.51839,0.4396,0.59127,0.50199,1458.61638,1440.71554,0.49201,0.50799,2.14775,2.12012,0.66667,,,,
240.0,43.0,93.66667,0.46133,12.66667,32.66667,0.38867,13.66667,17.66667,0.77233,12.0,32.33333,44.33333,24.66667,9.0,3.0,11.33333,17.33333,112.33333,240.0,39.66667,85.66667,0.465,8.66667,27.0,0.33967,15.66667,19.0,0.80567,11.33333,33.66667,45.0,23.33333,5.66667,3.33333,15.66667,19.66667,103.66667,1,-0.1087,0.1087,0.37583,0.34952,0.51636,0.52946,0.5811,0.57852,1419.52046,1493.18875,0.59125,0.40875,1.71798,2.52292,0.33333,240.0,34.33333,83.66667,0.411,8.66667,31.33333,0.26567,10.33333,12.33333,0.84133,9.0,29.0,38.0,21.66667,6.33333,4.0,13.0,17.33333,87.66667,240.0,38.33333,79.33333,0.48367,10.66667,27.66667,0.38867,15.33333,19.66667,0.789,7.0,35.0,42.0,23.0,7.66667,2.0,10.66667,14.33333,102.66667,1,0.23283,-0.23283,0.26984,0.2651,0.55122,0.46163,0.6143,0.50694,1498.31838,1557.63258,0.61135,0.38865,1.64634,2.6209,1.0,,,,
240.0,33.66667,86.33333,0.391,10.66667,34.66667,0.30733,26.66667,31.0,0.86233,14.0,30.0,44.0,19.33333,11.0,5.66667,14.0,24.0,104.66667,240.0,43.66667,89.0,0.49267,8.0,26.0,0.30667,15.0,21.0,0.72033,14.66667,34.66667,49.33333,24.0,9.33333,8.0,16.0,25.66667,110.33333,1,0.07452,-0.07452,0.496,0.43096,0.53783,0.45274,0.59068,0.56293,1517.91149,1605.94685,0.63956,0.36044,1.56716,2.7936,0.66667,248.33333,42.33333,97.33333,0.43467,8.33333,26.0,0.30533,13.0,17.0,0.76033,10.0,38.0,48.0,22.66667,7.66667,5.33333,10.0,16.0,106.0,248.33333,41.0,91.66667,0.44867,13.0,31.33333,0.40867,15.33333,18.0,0.85867,8.66667,40.66667,49.33333,27.33333,6.66667,4.66667,14.0,18.66667,110.33333,1,0.06222,-0.06222,0.2348,0.25486,0.52082,0.47619,0.57928,0.52217,1445.9335,1498.73819,0.58383,0.41617,1.7143,2.40705,0.66667,,,,
240.0,31.33333,81.0,0.39,13.0,35.66667,0.368,20.33333,25.33333,0.80267,11.66667,32.66667,44.33333,17.0,7.66667,3.0,13.33333,17.66667,96.0,240.0,39.0,81.0,0.48167,10.66667,32.66667,0.331,15.33333,18.66667,0.81833,7.33333,36.0,43.33333,25.66667,9.0,5.66667,12.33333,20.33333,104.0,0,0.11545,-0.11545,0.23035,0.32083,0.54791,0.47025,0.61153,0.55727,1495.0841,1538.91994,0.56984,0.43016,1.88036,2.61179,1.0,240.0,37.33333,89.33333,0.416,10.33333,35.0,0.28767,19.66667,26.0,0.765,10.66667,34.33333,45.0,22.33333,6.66667,3.66667,11.0,19.66667,104.66667,240.0,38.33333,80.66667,0.47533,12.0,30.33333,0.39433,14.66667,22.0,0.665,8.66667,37.66667,46.33333,19.66667,6.0,6.66667,16.33333,22.33333,103.33333,0,-0.01754,0.01754,0.25183,0.28206,0.55006,0.47518,0.60464,0.55114,1575.18685,1553.0109,0.46596,0.53404,2.24259,1.9342,0.66667,,,,
248.33333,40.66667,96.0,0.42333,10.33333,27.66667,0.368,11.0,15.0,0.71933,12.0,35.66667,47.66667,21.0,7.66667,7.0,13.0,16.33333,102.66667,248.33333,40.33333,92.66667,0.43533,11.0,27.33333,0.398,13.66667,19.33333,0.69767,13.0,39.66667,52.66667,26.66667,8.33333,4.33333,14.0,19.66667,105.33333,0,0.0437,-0.0437,0.36786,0.31746,0.49475,0.47595,0.54269,0.51485,1451.31531,1498.95214,0.57653,0.42347,1.73817,2.37112,0.33333,240.0,43.66667,87.0,0.50167,12.66667,32.0,0.39233,8.0,12.0,0.67867,10.66667,30.0,40.66667,30.33333,8.0,3.66667,14.0,17.66667,108.0,240.0,42.33333,82.33333,0.51467,12.33333,29.0,0.42867,18.0,21.33333,0.84867,7.66667,30.66667,38.33333,29.0,9.66667,3.0,12.66667,15.0,115.0,0,0.09132,-0.09132,0.25735,0.34268,0.58917,0.57579,0.66068,0.6037,1545.44885,1478.38486,0.41122,0.58878,2.46666,1.71089,1.0,,,,
240.0,43.0,82.0,0.52433,13.0,33.66667,0.371,12.0,16.0,0.74833,5.33333,30.66667,36.0,28.0,6.66667,3.33333,11.33333,17.33333,111.0,240.0,40.66667,79.66667,0.51167,9.33333,26.66667,0.35833,18.0,21.33333,0.831,5.66667,30.33333,36.0,28.0,7.0,4.0,12.66667,18.33333,108.66667,1,-0.02911,0.02911,0.19731,0.17631,0.57072,0.60322,0.64404,0.64819,1477.0475,1491.56272,0.51699,0.48301,1.95909,2.10598,0.33333,240.0,37.0,83.66667,0.44233,10.66667,34.66667,0.30767,19.0,24.66667,0.73333,10.33333,28.0,38.33333,24.33333,9.66667,5.0,11.0,24.0,103.66667,240.0,42.33333,83.0,0.51033,8.0,22.66667,0.36133,17.66667,25.33333,0.69333,11.33333,34.33333,45.66667,20.66667,7.66667,7.33333,12.66667,21.66667,110.33333,1,0.08285,-0.08285,0.4081,0.30638,0.55847,0.50598,0.62247,0.58182,1557.4161,1574.22776,0.5406,0.4594,1.92723,2.27294,0.66667,,,,
240.0,41.33333,89.33333,0.46167,12.33333,31.33333,0.39133,24.33333,28.0,0.862,12.33333,32.0,44.33333,23.0,9.0,5.33333,13.66667,23.66667,119.33333,240.0,40.33333,84.66667,0.476,8.0,25.33333,0.31567,21.0,27.66667,0.75033,10.33333,29.66667,40.0,22.66667,9.0,7.0,15.33333,23.0,109.66667,0,-0.11961,0.11961,0.33756,0.42812,0.52319,0.53081,0.60429,0.62533,1460.1926,1596.803,0.67481,0.32519,1.48805,3.13962,0.0,240.0,34.33333,81.0,0.42467,8.0,25.66667,0.314,16.33333,21.0,0.77133,7.66667,37.66667,45.33333,18.66667,5.66667,4.33333,13.33333,18.33333,93.0,240.0,36.66667,84.0,0.44133,11.33333,30.33333,0.37967,14.0,16.33333,0.858,6.66667,36.0,42.66667,20.0,8.0,4.66667,11.0,18.0,98.66667,0,0.0814,-0.0814,0.17353,0.21053,0.51011,0.47429,0.569,0.5449,1490.9543,1477.12015,0.49567,0.50433,2.0921,2.04154,0.66667,,,,
240.0,36.33333,91.0,0.39767,10.0,32.33333,0.31033,20.33333,25.66667,0.79667,13.33333,30.66667,44.0,18.66667,7.0,5.66667,15.0,19.33333,103.0,240.0,43.0,83.66667,0.51433,12.66667,28.0,0.459,18.0,24.33333,0.754,8.66667,38.0,46.66667,26.0,11.33333,6.66667,16.33333,23.33333,116.66667,1,0.18109,-0.18109,0.27163,0.36593,0.58997,0.45252,0.65574,0.53192,1469.30133,1411.35899,0.44439,0.55561,2.27626,1.81407,1.0,240.0,40.66667,89.66667,0.45333,11.0,30.66667,0.356,10.66667,14.66667,0.70467,9.66667,33.33333,43.0,28.66667,8.33333,3.0,14.0,19.66667,103.0,240.0,41.33333,85.0,0.48867,11.0,31.33333,0.35433,18.0,23.66667,0.748,7.33333,37.0,44.33333,25.66667,9.0,6.33333,14.33333,13.0,111.66667,1,0.10806,-0.10806,0.25465,0.25888,0.55364,0.51509,0.62188,0.55355,1543.10609,1448.35338,0.37929,0.62071,2.69473,1.6231,0.66667,,,,
248.33333,43.33333,93.0,0.47,10.33333,30.66667,0.333,17.33333,20.66667,0.84,9.0,41.66667,50.66667,30.0,6.33333,10.66667,14.0,22.0,114.33333,248.33333,40.66667,91.33333,0.44567,13.66667,31.66667,0.42867,16.33333,25.33333,0.64267,9.66667,35.0,44.66667,24.0,7.66667,4.33333,11.66667,20.0,111.33333,1,-0.03928,0.03928,0.23555,0.25131,0.52053,0.52562,0.57479,0.59013,1491.99724,1629.70884,0.68775,0.31225,1.45636,3.22765,0.0,256.66667,45.33333,93.66667,0.483,14.33333,34.0,0.41933,25.66667,37.0,0.70167,11.33333,35.0,46.33333,27.33333,7.33333,4.66667,10.66667,27.33333,130.66667,256.66667,40.66667,91.33333,0.445,17.33333,44.66667,0.392,28.66667,35.33333,0.81033,12.0,32.33333,44.33333,21.33333,6.0,6.0,14.0,29.66667,127.33333,1,-0.04347,0.04347,0.33976,0.36204,0.54108,0.56088,0.64399,0.64253,1631.6463,1461.99556,0.26276,0.73724,3.80775,1.35649,0.33333,,,,
240.0,39.33333,89.33333,0.44033,14.66667,43.0,0.35067,13.33333,16.0,0.844,9.66667,33.0,42.66667,23.0,7.33333,3.0,14.0,17.33333,106.66667,240.0,40.0,84.66667,0.47533,12.0,30.66667,0.39133,17.0,21.33333,0.79033,8.0,34.66667,42.66667,20.0,9.0,4.0,13.0,16.33333,109.0,1,0.02859,-0.02859,0.25044,0.28645,0.54687,0.52245,0.61414,0.57419,1481.63875,1616.51239,0.69436,0.30564,1.45277,3.44313,0.66667,248.33333,45.0,97.66667,0.462,12.0,31.0,0.379,16.33333,19.0,0.863,10.0,37.33333,47.33333,23.33333,8.66667,5.33333,9.66667,17.0,118.33333,248.33333,43.66667,94.0,0.467,14.0,33.0,0.421,16.66667,19.0,0.88933,10.33333,36.66667,47.0,29.33333,5.33333,4.33333,13.33333,20.33333,118.0,1,-0.00089,0.00089,0.27592,0.27276,0.5432,0.52355,0.60523,0.58256,1448.28628,1535.3968,0.62706,0.37294,1.60824,2.75522,0.33333,,,,
240.0,39.33333,84.66667,0.464,5.33333,19.33333,0.268,13.0,17.33333,0.74467,8.0,25.0,33.0,21.33333,7.66667,3.66667,12.0,18.0,97.0,240.0,42.66667,80.66667,0.531,13.0,30.0,0.448,17.66667,19.66667,0.902,7.66667,32.33333,40.0,30.0,6.33333,3.33333,13.66667,20.0,116.0,1,0.2641,-0.2641,0.32256,0.25265,0.61053,0.49549,0.68368,0.54721,1486.45501,1500.05238,0.55834,0.44166,1.80222,2.28594,1.0,240.0,38.33333,89.0,0.43133,11.0,35.0,0.31267,17.33333,22.66667,0.75833,13.0,32.0,45.0,19.66667,9.66667,4.66667,12.66667,17.66667,105.0,240.0,38.33333,81.66667,0.47067,12.66667,31.33333,0.39267,15.0,19.33333,0.77833,9.0,33.66667,42.66667,25.0,6.0,4.33333,15.66667,20.0,104.33333,1,-0.01151,0.01151,0.31126,0.38068,0.54724,0.49252,0.60685,0.55836,1391.38274,1541.3483,0.69878,0.30122,1.46507,3.65806,0.66667,,,,
248.33333,46.33333,95.0,0.49367,12.33333,32.0,0.38767,16.66667,20.0,0.83233,9.33333,41.33333,50.66667,32.0,6.66667,7.66667,13.33333,21.66667,121.66667,248.33333,42.0,90.33333,0.46533,15.33333,39.33333,0.394,17.33333,26.33333,0.66433,6.66667,34.33333,41.0,24.0,7.33333,4.66667,11.33333,20.0,116.66667,1,-0.06048,0.06048,0.16184,0.26479,0.55025,0.55954,0.60744,0.6182,1525.76756,1634.68065,0.641,0.359,1.59589,2.95077,0.0,240.0,41.66667,89.0,0.46833,11.33333,31.0,0.36067,15.33333,22.0,0.713,12.0,31.66667,43.66667,21.33333,8.0,3.66667,14.66667,24.33333,110.0,240.0,40.0,82.33333,0.491,9.33333,27.0,0.34933,22.66667,27.0,0.837,8.33333,32.0,40.33333,25.33333,6.33333,3.33333,15.0,20.0,112.0,1,0.03361,-0.03361,0.25298,0.37222,0.54905,0.53122,0.64322,0.58676,1493.721,1503.7757,0.51464,0.48536,1.9784,2.10714,0.66667,,,,
256.66667,42.33333,91.66667,0.45933,9.66667,26.66667,0.36233,20.33333,29.33333,0.69167,13.0,32.66667,45.66667,23.66667,9.66667,4.33333,17.66667,26.66667,114.66667,256.66667,43.66667,90.66667,0.48333,10.66667,32.0,0.32933,27.0,32.0,0.84533,10.66667,31.33333,42.0,26.33333,10.0,9.0,14.33333,24.66667,125.0,1,0.1333,-0.1333,0.31907,0.42306,0.53983,0.51214,0.63927,0.58214,1604.52507,1447.46979,0.30075,0.69925,3.36761,1.43386,1.0,240.0,39.33333,80.0,0.49267,10.33333,24.33333,0.418,19.66667,24.33333,0.811,9.0,38.33333,47.33333,24.66667,5.0,4.33333,15.66667,21.66667,108.66667,240.0,42.33333,89.0,0.477,9.66667,27.33333,0.34467,17.0,21.0,0.801,7.0,30.33333,37.33333,27.33333,8.0,2.33333,8.0,22.0,111.33333,1,0.03672,-0.03672,0.18194,0.2972,0.53134,0.55771,0.59664,0.63705,1495.73503,1434.89877,0.41914,0.58086,2.41904,1.73298,0.33333,,,,
248.33333,41.0,86.0,0.47733,9.66667,26.0,0.36967,19.66667,25.0,0.74433,10.66667,33.0,43.66667,24.33333,9.66667,5.33333,12.66667,24.0,111.33333,248.33333,40.0,84.0,0.47567,9.66667,26.33333,0.36167,20.0,27.33333,0.714,6.66667,33.0,39.66667,22.0,6.33333,6.33333,12.66667,20.33333,109.66667,0,-0.02673,0.02673,0.20623,0.32344,0.53236,0.5326,0.6068,0.60734,1579.43464,1494.48603,0.3765,0.6235,2.66519,1.60576,0.33333,240.0,37.0,81.33333,0.455,7.33333,26.66667,0.26667,15.66667,20.0,0.769,8.66667,29.0,37.66667,20.33333,7.33333,5.66667,10.66667,15.66667,97.0,240.0,39.66667,83.33333,0.47567,11.66667,27.0,0.428,12.0,15.33333,0.78533,10.0,33.66667,43.66667,23.66667,6.66667,4.33333,14.33333,18.0,103.0,0,0.07659,-0.07659,0.34839,0.26303,0.54557,0.50053,0.59314,0.56563,1500.01511,1490.76189,0.48661,0.51339,2.0672,1.95932,0.33333,,,,
240.0,41.66667,79.66667,0.52067,8.66667,25.33333,0.34667,18.66667,23.0,0.81667,8.66667,32.0,40.66667,22.66667,8.0,4.33333,15.0,16.0,110.66667,240.0,40.33333,84.33333,0.48233,8.66667,25.66667,0.33667,14.66667,20.0,0.75433,9.66667,26.66667,36.33333,22.66667,8.33333,1.66667,13.66667,18.66667,104.0,1,-0.08284,0.08284,0.29846,0.32668,0.53273,0.57559,0.58986,0.65221,1447.63906,1533.36415,0.60988,0.39012,1.64911,2.60538,0.33333,248.33333,42.0,85.0,0.49967,13.33333,30.33333,0.445,12.33333,18.0,0.666,9.33333,32.0,41.33333,25.33333,5.0,3.0,12.66667,21.0,109.66667,248.33333,40.66667,82.66667,0.49033,9.0,23.0,0.38933,19.0,24.0,0.79367,7.66667,31.66667,39.33333,24.0,9.33333,5.33333,11.66667,19.33333,109.33333,1,-0.00845,0.00845,0.23973,0.2871,0.54491,0.57751,0.61986,0.61995,1525.27502,1507.91977,0.47537,0.52463,2.14248,1.93698,0.33333,,,,
240.0,38.66667,79.66667,0.48633,10.0,25.0,0.39433,21.33333,27.66667,0.764,9.33333,33.0,42.33333,23.33333,7.33333,4.33333,15.0,20.33333,108.66667,240.0,39.33333,87.33333,0.44933,9.33333,29.0,0.30433,14.33333,19.33333,0.746,11.0,29.66667,40.66667,21.0,6.33333,2.66667,14.33333,23.0,102.33333,1,-0.09268,0.09268,0.3374,0.31007,0.50183,0.55046,0.55768,0.637,1481.96185,1486.24776,0.49912,0.50088,2.05761,2.04593,0.33333,240.0,35.66667,82.33333,0.433,11.33333,30.0,0.39667,15.0,19.33333,0.76967,9.66667,33.33333,43.0,17.33333,7.33333,4.33333,12.0,18.66667,97.66667,240.0,35.0,76.0,0.46,9.33333,27.66667,0.33867,18.33333,21.66667,0.84667,5.33333,35.0,40.33333,19.33333,7.33333,3.33333,11.66667,18.33333,97.66667,1,-0.00014,0.00014,0.16222,0.28653,0.52164,0.50173,0.60449,0.56364,1493.82979,1540.39022,0.56824,0.43176,1.76119,2.31917,0.66667,,,,
240.0,35.33333,83.66667,0.42133,8.33333,23.0,0.36133,11.33333,16.33333,0.702,6.66667,30.0,36.66667,20.33333,6.0,3.33333,12.0,15.0,90.33333,240.0,41.33333,85.33333,0.484,14.0,30.0,0.46333,12.33333,13.66667,0.88333,9.66667,38.33333,48.0,26.66667,7.0,3.33333,14.0,16.66667,109.0,0,0.27939,-0.27939,0.32629,0.17356,0.56602,0.47086,0.61695,0.51648,1463.14138,1492.15629,0.56722,0.43278,1.78772,2.37377,1.0,240.0,42.66667,89.0,0.482,15.33333,32.0,0.44233,14.66667,17.66667,0.83067,8.0,37.66667,45.66667,25.66667,6.33333,4.66667,12.0,21.66667,115.33333,240.0,42.66667,86.33333,0.493,10.33333,30.0,0.33467,21.33333,26.0,0.814,4.66667,36.0,40.66667,30.66667,6.33333,6.66667,9.33333,17.66667,117.0,0,0.01966,-0.01966,0.12744,0.22,0.55235,0.57021,0.63468,0.62511,1497.53221,1477.59565,0.47439,0.52561,2.11087,1.90459,0.33333,,,,
248.33333,39.33333,83.0,0.47433,6.0,16.0,0.376,17.33333,20.33333,0.84933,8.66667,36.0,44.66667,18.33333,7.33333,6.0,16.33333,23.0,102.0,248.33333,40.33333,89.0,0.459,9.0,29.66667,0.309,18.33333,23.33333,0.79933,10.0,32.0,42.0,24.33333,8.66667,4.33333,11.0,20.0,108.0,0,0.07615,-0.07615,0.29394,0.27355,0.50976,0.51006,0.57826,0.58334,1514.6687,1472.91335,0.4517,0.5483,2.24188,1.8379,0.66667,240.0,34.0,80.66667,0.421,8.33333,30.66667,0.263,18.66667,22.66667,0.80967,8.33333,30.33333,38.66667,19.66667,4.66667,4.0,15.33333,18.66667,95.0,240.0,45.0,90.0,0.499,8.66667,23.0,0.391,17.0,21.66667,0.79133,13.0,36.33333,49.33333,26.0,9.0,4.0,9.33333,19.66667,115.66667,0,0.2812,-0.2812,0.43048,0.23171,0.54671,0.4723,0.61005,0.55459,1582.55453,1520.98351,0.45053,0.54947,2.22332,1.82188,1.0,,,,
240.0,32.33333,81.33333,0.4,10.66667,34.33333,0.31233,19.33333,23.0,0.856,8.33333,35.33333,43.66667,18.33333,7.0,5.33333,13.33333,17.0,94.66667,240.0,40.0,84.33333,0.476,11.33333,32.33333,0.352,13.66667,16.66667,0.80567,7.0,38.0,45.0,25.33333,9.66667,4.0,12.33333,21.0,105.0,1,0.15118,-0.15118,0.19975,0.21942,0.5434,0.46687,0.59914,0.55105,1479.65211,1537.37868,0.59323,0.40677,1.74935,2.68253,1.0,240.0,40.66667,88.0,0.46167,12.0,27.0,0.444,14.0,17.66667,0.78567,9.66667,34.33333,44.0,23.0,5.66667,3.0,12.66667,17.66667,107.33333,240.0,38.66667,84.66667,0.45967,9.66667,28.0,0.35367,16.66667,19.0,0.871,9.0,35.33333,44.33333,23.0,6.33333,5.0,14.0,18.66667,103.66667,1,-0.04084,0.04084,0.26863,0.2848,0.51772,0.52992,0.58699,0.58323,1395.53519,1528.59685,0.6775,0.3225,1.49474,3.31264,0.33333,,,,
240.0,35.66667,87.33333,0.412,11.0,30.0,0.35367,11.66667,15.66667,0.75667,9.0,31.66667,40.66667,16.33333,7.66667,7.0,9.66667,19.0,94.0,240.0,32.66667,85.66667,0.38467,7.0,22.66667,0.35633,20.33333,25.66667,0.8,14.0,38.0,52.0,13.0,5.66667,5.66667,14.66667,15.0,92.66667,1,-0.02164,0.02164,0.4372,0.23258,0.42567,0.47763,0.5109,0.52526,1480.8119,1576.45509,0.6327,0.3673,1.58279,2.73469,0.33333,240.0,34.66667,83.33333,0.415,9.0,27.33333,0.327,21.0,25.66667,0.78767,12.33333,28.33333,40.66667,17.66667,9.0,4.66667,16.0,19.33333,99.33333,240.0,41.66667,85.33333,0.48733,10.0,27.0,0.365,18.33333,23.33333,0.80133,13.0,33.66667,46.66667,26.33333,9.66667,5.0,16.0,21.66667,111.66667,1,0.18741,-0.18741,0.46121,0.40719,0.54533,0.4687,0.6172,0.55506,1506.59328,1544.5229,0.57102,0.42898,1.77234,2.38127,0.66667,,,,
240.0,39.33333,86.66667,0.45467,11.33333,29.0,0.389,16.0,20.66667,0.77133,12.66667,25.66667,38.33333,22.33333,9.66667,4.33333,16.33333,20.33333,106.0,240.0,43.0,88.0,0.49367,11.0,28.0,0.39633,14.66667,21.66667,0.698,15.0,31.0,46.0,23.33333,9.0,8.0,17.0,20.66667,111.66667,0,0.07672,-0.07672,0.59569,0.39657,0.55593,0.52003,0.608,0.5821,1511.748,1426.27732,0.38879,0.61121,2.8061,1.71256,1.0,240.0,41.66667,83.66667,0.49867,9.66667,24.66667,0.37767,8.66667,11.66667,0.76,10.0,36.33333,46.33333,21.33333,6.33333,7.0,16.66667,18.33333,101.66667,240.0,36.0,84.66667,0.42833,6.66667,23.66667,0.282,18.0,25.66667,0.65733,10.0,29.33333,39.33333,16.0,8.66667,3.0,10.66667,17.0,96.66667,0,-0.08096,0.08096,0.27525,0.38496,0.4683,0.55566,0.53945,0.58903,1510.44481,1517.99036,0.49541,0.50459,2.02697,1.99041,0.33333,,,,
240.0,36.66667,83.33333,0.44,9.66667,25.0,0.38933,22.33333,27.66667,0.80833,12.0,33.0,45.0,19.66667,6.33333,4.66667,12.33333,19.33333,105.33333,240.0,39.66667,86.33333,0.458,7.33333,22.33333,0.328,18.0,23.66667,0.74833,11.33333,33.0,44.33333,21.0,7.33333,5.66667,12.0,22.66667,104.66667,1,-0.01452,0.01452,0.34465,0.36275,0.5005,0.49834,0.57179,0.58957,1494.15367,1547.54306,0.57725,0.42275,1.73248,2.36574,0.66667,240.0,42.33333,80.33333,0.52433,14.0,32.0,0.43933,15.66667,21.0,0.74733,6.33333,33.66667,40.0,22.33333,6.66667,5.66667,14.66667,17.33333,114.33333,240.0,41.33333,89.0,0.46467,8.33333,22.0,0.38233,13.33333,20.0,0.68767,12.66667,30.0,42.66667,21.0,7.66667,2.66667,13.33333,20.66667,104.33333,1,-0.12457,0.12457,0.40632,0.21238,0.51157,0.61164,0.559,0.67122,1354.73991,1496.03275,0.67536,0.32464,1.49513,3.21952,0.33333,,,,
240.0,36.33333,83.33333,0.435,8.66667,23.33333,0.382,10.66667,13.33333,0.80967,7.33333,35.33333,42.66667,20.33333,6.0,3.0,12.0,15.0,92.0,240.0,36.66667,80.33333,0.456,10.66667,24.0,0.44667,13.33333,17.0,0.76067,6.66667,36.0,42.66667,20.33333,6.33333,2.33333,11.0,15.33333,97.33333,1,0.09266,-0.09266,0.18714,0.20247,0.52308,0.4871,0.58022,0.53262,1462.50471,1542.95807,0.62512,0.37488,1.61536,2.75761,0.66667,240.0,34.66667,84.33333,0.41167,11.66667,31.0,0.381,17.0,23.0,0.72333,12.33333,29.33333,41.66667,18.66667,9.0,5.0,13.0,21.33333,98.0,240.0,37.33333,80.66667,0.47033,8.66667,17.33333,0.48233,20.33333,26.66667,0.76567,11.66667,31.33333,43.0,17.33333,8.0,3.66667,13.33333,21.0,103.66667,1,0.08106,-0.08106,0.38462,0.411,0.52801,0.48041,0.61132,0.54837,1500.12742,1527.39744,0.54712,0.45288,1.8424,2.2344,0.66667,,,,
240.0,43.33333,92.66667,0.46767,10.0,25.66667,0.39533,12.66667,16.0,0.77233,12.0,34.0,46.0,24.66667,7.66667,5.0,12.33333,14.33333,109.33333,240.0,38.33333,81.0,0.46967,11.66667,31.66667,0.35633,11.33333,15.0,0.75567,5.66667,33.0,38.66667,25.66667,9.33333,6.33333,15.66667,13.33333,99.66667,0,-0.14819,0.14819,0.18911,0.36356,0.54132,0.52154,0.58841,0.56839,1458.5749,1498.08635,0.54285,0.45715,1.85366,2.20831,0.66667,240.0,40.0,89.0,0.45467,6.33333,24.0,0.26267,19.0,22.66667,0.83,10.66667,32.33333,43.0,21.33333,3.0,7.0,9.33333,18.33333,105.33333,240.0,44.33333,96.33333,0.45767,11.0,29.33333,0.36067,16.0,20.0,0.77867,13.0,35.0,48.0,22.66667,4.33333,7.0,8.0,21.33333,115.66667,0,0.12897,-0.12897,0.45664,0.32222,0.51319,0.4914,0.57086,0.56665,1622.14942,1541.89618,0.39978,0.60022,2.61798,1.70408,0.33333,,,,
240.0,38.33333,82.33333,0.46367,10.0,23.0,0.43367,12.66667,18.0,0.693,8.33333,33.0,41.33333,23.33333,7.0,4.66667,14.66667,14.33333,99.33333,240.0,41.33333,87.0,0.47467,9.66667,28.0,0.346,9.0,13.33333,0.67367,9.66667,33.66667,43.33333,20.0,9.33333,3.33333,14.0,18.33333,101.33333,0,0.03825,-0.03825,0.29097,0.25368,0.5301,0.52408,0.56335,0.57369,1431.68033,1546.92346,0.66296,0.33704,1.52648,3.11648,0.66667,240.0,37.0,84.33333,0.43867,9.66667,27.66667,0.34567,15.66667,21.66667,0.73067,12.33333,30.66667,43.0,24.0,7.66667,4.66667,15.66667,22.0,99.33333,240.0,39.33333,87.66667,0.44933,12.0,31.66667,0.38567,16.66667,23.33333,0.70867,12.33333,35.66667,48.0,26.0,8.33333,4.33333,14.0,20.66667,107.33333,0,0.11614,-0.11614,0.40072,0.35137,0.51801,0.49561,0.57957,0.55682,1426.78797,1498.9866,0.6186,0.3814,1.62968,2.68116,0.66667,,,,
240.0,38.0,81.0,0.47167,14.66667,32.66667,0.466,11.66667,15.33333,0.76933,7.0,31.66667,38.66667,21.0,7.0,4.0,14.66667,23.66667,102.33333,240.0,35.0,81.66667,0.43067,7.33333,19.33333,0.40267,24.0,31.0,0.775,13.0,33.33333,46.33333,14.0,9.0,3.0,13.33333,15.66667,101.33333,1,-0.01477,0.01477,0.40595,0.20852,0.47568,0.56268,0.57485,0.60954,1500.67774,1570.50737,0.59761,0.40239,1.67694,2.49627,0.33333,240.0,35.0,89.66667,0.39367,4.0,20.66667,0.17833,18.0,23.33333,0.76433,11.0,28.66667,39.66667,16.0,7.0,3.33333,9.0,16.0,92.0,240.0,39.0,80.66667,0.48433,12.33333,32.0,0.38933,14.66667,18.33333,0.81933,9.0,41.0,50.0,22.66667,4.66667,5.66667,15.33333,20.66667,105.0,1,0.18738,-0.18738,0.30911,0.26907,0.56152,0.41485,0.62122,0.48805,1466.5298,1500.15776,0.56486,0.43514,1.86516,2.45256,1.0,,,,
240.0,45.33333,90.66667,0.503,12.33333,28.66667,0.43633,16.0,22.33333,0.73167,10.0,35.0,45.0,24.0,8.66667,3.33333,10.66667,14.0,119.0,240.0,41.66667,89.0,0.46967,10.33333,27.33333,0.393,10.33333,13.66667,0.75167,10.33333,33.33333,43.66667,24.33333,6.0,3.33333,15.66667,20.66667,104.0,0,-0.19349,0.19349,0.33833,0.29634,0.52839,0.57119,0.56719,0.62595,1420.05481,1500.98143,0.59112,0.40888,1.71853,2.52238,0.0,240.0,33.33333,80.66667,0.412,6.33333,24.0,0.291,17.0,20.33333,0.799,7.0,33.66667,40.66667,13.66667,5.66667,4.0,13.0,20.66667,90.0,240.0,35.33333,80.33333,0.44033,10.66667,30.66667,0.34733,14.66667,19.33333,0.75933,6.0,38.0,44.0,21.0,7.33333,6.0,11.33333,17.66667,96.0,0,0.09797,-0.09797,0.17603,0.19266,0.50675,0.45132,0.56811,0.52819,1481.99974,1421.81927,0.43311,0.56689,2.47669,1.8179,0.66667,,,,
240.0,40.33333,93.66667,0.42967,8.33333,27.33333,0.318,16.66667,24.0,0.69933,12.33333,35.66667,48.0,24.66667,7.0,2.0,11.0,19.0,105.66667,240.0,42.0,89.33333,0.47,12.66667,33.0,0.38067,15.66667,20.66667,0.75533,8.0,36.66667,44.66667,26.33333,5.66667,7.0,10.66667,21.0,112.33333,1,0.09359,-0.09359,0.22115,0.33564,0.54066,0.47383,0.59835,0.53354,1542.94789,1441.54319,0.36422,0.63578,2.77611,1.57928,0.66667,240.0,37.0,85.66667,0.431,9.66667,29.0,0.32933,20.0,24.33333,0.83367,9.66667,36.0,45.66667,23.66667,7.33333,5.33333,12.0,21.33333,103.66667,240.0,41.0,86.33333,0.479,13.0,32.33333,0.38633,15.0,19.33333,0.77433,9.0,35.33333,44.33333,23.66667,5.66667,6.66667,12.33333,19.33333,110.0,1,0.09423,-0.09423,0.24564,0.26465,0.55582,0.48686,0.61278,0.56967,1494.27306,1578.18787,0.6302,0.3698,1.60969,2.79832,0.66667,,,,
240.0,43.33333,84.66667,0.51733,9.0,26.0,0.347,23.0,27.66667,0.83367,9.0,33.33333,42.33333,29.0,8.0,5.33333,11.0,19.33333,118.66667,240.0,40.0,89.66667,0.44567,7.33333,21.33333,0.32867,20.66667,24.66667,0.85367,10.66667,30.0,40.66667,20.66667,7.33333,5.0,13.33333,22.66667,108.0,1,-0.14261,0.14261,0.33698,0.3,0.48672,0.56948,0.56631,0.65726,1532.66789,1640.69717,0.6351,0.3649,1.60606,2.87424,0.0,240.0,42.0,85.33333,0.49233,14.0,32.33333,0.431,9.33333,13.66667,0.69233,9.66667,29.0,38.66667,27.66667,7.33333,4.33333,13.0,20.66667,107.33333,240.0,42.33333,81.33333,0.52067,11.66667,27.66667,0.425,20.66667,25.33333,0.83433,7.66667,31.0,38.66667,27.66667,10.0,2.66667,11.33333,15.33333,117.0,1,0.12326,-0.12326,0.26543,0.30605,0.59223,0.57472,0.67252,0.60804,1547.62964,1483.4852,0.42515,0.57485,2.38856,1.75272,1.0,,,,
240.0,44.0,83.33333,0.528,15.0,34.0,0.427,11.0,15.66667,0.696,5.66667,32.33333,38.0,26.33333,5.66667,4.0,10.33333,17.66667,114.0,240.0,41.0,84.33333,0.486,9.33333,29.33333,0.32367,17.66667,21.66667,0.80467,7.33333,31.0,38.33333,24.33333,6.66667,4.66667,11.33333,18.66667,109.0,1,-0.06368,0.06368,0.24131,0.18183,0.5416,0.61732,0.61046,0.65619,1525.16082,1492.7615,0.45038,0.54962,2.23513,1.827,0.0,240.0,42.66667,85.33333,0.49833,13.0,31.0,0.41133,14.0,16.0,0.88567,7.66667,32.66667,40.33333,26.66667,4.66667,5.33333,12.66667,26.33333,112.33333,240.0,35.66667,82.0,0.43767,7.66667,22.33333,0.34567,25.33333,34.66667,0.72767,12.0,32.66667,44.66667,19.33333,6.33333,5.33333,13.0,16.33333,104.33333,1,-0.10498,0.10498,0.35912,0.23676,0.48511,0.57521,0.58542,0.63135,1481.13354,1557.88509,0.59252,0.40748,1.70454,2.49876,0.33333,,,,
240.0,42.66667,83.0,0.51367,12.33333,25.66667,0.49633,18.0,26.33333,0.68933,9.66667,30.33333,40.0,23.0,9.0,3.33333,12.33333,24.0,115.66667,240.0,42.0,80.66667,0.52233,12.0,26.66667,0.437,20.66667,27.0,0.75967,7.66667,30.33333,38.0,26.66667,4.66667,3.66667,15.0,20.66667,116.66667,0,-0.00081,0.00081,0.24622,0.31756,0.59645,0.5881,0.67654,0.65247,1496.20484,1445.84182,0.42985,0.57015,2.62502,1.86548,0.66667,240.0,39.0,85.33333,0.45867,12.33333,31.66667,0.393,13.66667,17.33333,0.738,9.33333,34.66667,44.0,25.66667,8.33333,3.33333,15.0,19.0,104.0,240.0,42.33333,87.66667,0.488,11.66667,33.0,0.36233,13.66667,19.0,0.703,8.66667,33.0,41.66667,28.66667,10.0,5.33333,14.0,15.0,110.0,0,0.0706,-0.0706,0.27942,0.2744,0.55525,0.53112,0.60459,0.58459,1540.16534,1422.86537,0.33977,0.66023,2.97672,1.51968,0.66667,,,,
240.0,36.0,82.33333,0.43767,10.66667,24.66667,0.43667,20.66667,27.66667,0.74333,9.33333,33.33333,42.66667,25.33333,5.33333,6.33333,14.0,23.33333,103.33333,240.0,41.33333,92.66667,0.44433,12.0,32.66667,0.37133,20.66667,27.0,0.76833,13.33333,36.0,49.33333,25.0,7.66667,7.0,12.0,21.33333,115.33333,1,0.14978,-0.14978,0.40521,0.26018,0.50871,0.50237,0.58305,0.58477,1467.68691,1560.01596,0.65342,0.34658,1.53755,2.92801,0.66667,240.0,37.33333,86.0,0.43433,10.0,31.33333,0.329,14.66667,19.0,0.833,10.33333,35.33333,45.66667,22.66667,7.33333,4.33333,14.0,14.66667,99.33333,240.0,38.66667,80.66667,0.47967,11.66667,26.0,0.44333,13.66667,18.0,0.76033,4.66667,34.66667,39.33333,23.33333,9.33333,3.33333,12.66667,16.66667,102.66667,1,0.06363,-0.06363,0.13611,0.30452,0.55203,0.49193,0.60746,0.54923,1495.50688,1555.06664,0.58831,0.41169,1.72835,2.51543,0.66667,,,,
240.0,39.66667,88.33333,0.449,16.66667,45.0,0.37667,15.0,18.66667,0.823,10.66667,37.33333,48.0,27.33333,5.66667,4.33333,14.66667,17.66667,111.0,240.0,37.66667,84.0,0.45233,10.0,28.0,0.36767,19.0,23.33333,0.818,5.66667,34.33333,40.0,21.0,7.0,4.0,11.33333,17.0,104.33333,1,-0.0877,0.0877,0.15198,0.3181,0.51304,0.54383,0.58988,0.60045,1436.7586,1615.93482,0.73252,0.26748,1.36934,3.82483,0.33333,240.0,39.66667,83.33333,0.479,9.33333,27.33333,0.34533,20.0,26.66667,0.735,12.0,30.0,42.0,21.66667,9.66667,5.66667,16.0,23.66667,108.66667,240.0,38.33333,84.33333,0.45633,11.33333,29.33333,0.37467,21.33333,27.66667,0.774,11.66667,30.0,41.66667,22.0,7.33333,4.66667,14.66667,23.33333,109.33333,1,0.01394,-0.01394,0.39828,0.40285,0.523,0.53542,0.60572,0.61216,1394.27403,1500.14504,0.64781,0.35219,1.56844,3.02385,0.66667,,,,
240.0,44.0,88.33333,0.49833,7.0,20.0,0.332,14.33333,17.66667,0.82367,9.0,29.33333,38.33333,22.0,8.66667,3.0,10.0,19.0,109.33333,240.0,40.66667,81.66667,0.50167,12.0,31.0,0.41133,19.33333,22.33333,0.881,9.0,30.66667,39.66667,28.0,5.33333,3.33333,14.33333,19.66667,112.66667,1,0.03963,-0.03963,0.30108,0.29237,0.57438,0.53797,0.65422,0.59358,1443.85793,1496.74698,0.58706,0.41294,1.72438,2.476,0.66667,240.0,38.0,83.66667,0.45433,12.66667,33.0,0.39367,15.33333,18.0,0.87367,10.33333,34.0,44.33333,20.33333,7.66667,4.0,14.0,17.66667,104.0,240.0,36.33333,79.33333,0.45767,7.66667,29.66667,0.25767,16.66667,19.33333,0.863,5.66667,33.0,38.66667,21.0,9.0,2.33333,12.33333,19.33333,97.0,1,-0.10291,0.10291,0.16885,0.31802,0.50615,0.53019,0.58042,0.59435,1481.50894,1528.02105,0.55331,0.44669,1.81039,2.24477,0.33333,,,,
240.0,41.33333,85.33333,0.485,13.33333,36.0,0.364,24.33333,31.0,0.78267,9.66667,31.33333,41.0,20.33333,6.33333,6.0,10.33333,22.66667,120.33333,240.0,40.66667,87.33333,0.465,11.0,30.0,0.334,20.66667,25.33333,0.799,11.66667,30.0,41.66667,23.0,5.33333,4.0,12.66667,24.66667,113.0,1,-0.09005,0.09005,0.37258,0.34865,0.53083,0.56269,0.61134,0.65302,1503.74181,1478.26084,0.45339,0.54661,2.50155,1.9343,0.33333,240.0,45.66667,92.66667,0.49233,9.66667,20.0,0.47833,16.66667,24.0,0.70267,13.0,28.33333,41.33333,28.66667,8.66667,3.0,9.33333,16.0,117.66667,240.0,46.0,85.66667,0.53767,13.0,28.33333,0.44733,16.66667,19.66667,0.85233,8.33333,33.0,41.33333,34.0,5.33333,7.0,14.33333,19.0,121.66667,1,0.03677,-0.03677,0.29997,0.39491,0.61368,0.5441,0.67575,0.60044,1638.29087,1488.11314,0.29663,0.70337,3.43232,1.42666,0.66667,,,,
240.0,35.66667,88.0,0.40367,10.0,30.33333,0.328,20.33333,24.33333,0.83533,12.66667,26.0,38.66667,18.0,7.66667,4.0,15.66667,18.0,101.66667,240.0,43.33333,81.0,0.534,12.0,29.33333,0.39833,16.66667,21.66667,0.77233,7.66667,39.0,46.66667,28.66667,10.33333,5.0,18.0,22.33333,115.33333,0,0.18126,-0.18126,0.30492,0.33142,0.60729,0.4603,0.67065,0.54331,1440.3373,1420.76194,0.49896,0.50104,2.02668,2.01677,1.0,240.0,42.66667,89.33333,0.47767,12.0,33.0,0.36067,20.33333,28.0,0.72033,11.66667,34.33333,46.0,24.0,9.0,6.0,14.33333,25.66667,117.66667,240.0,41.0,87.33333,0.476,7.0,21.33333,0.32133,22.66667,28.0,0.80733,9.66667,31.66667,41.33333,23.66667,6.66667,4.0,15.66667,21.33333,111.66667,0,-0.07233,0.07233,0.27381,0.36667,0.51758,0.54383,0.60692,0.61613,1489.80517,1558.43372,0.58295,0.41705,1.78267,2.56299,0.33333,,,,
265.0,43.33333,92.0,0.46833,8.66667,25.66667,0.33867,19.66667,28.0,0.705,11.66667,38.33333,50.0,24.33333,7.33333,2.66667,17.33333,29.33333,115.0,265.0,41.0,92.33333,0.44467,12.0,38.33333,0.31733,27.0,32.33333,0.83567,8.66667,32.33333,41.0,25.0,8.66667,5.0,12.0,24.66667,121.0,0,0.07479,-0.07479,0.23932,0.37157,0.5077,0.51571,0.60723,0.58361,1557.06835,1440.72949,0.3485,0.6515,2.96714,1.5492,0.66667,240.0,35.33333,80.0,0.443,11.33333,32.0,0.35533,23.33333,32.0,0.73033,8.66667,32.66667,41.33333,18.33333,5.33333,7.0,11.66667,23.66667,105.33333,240.0,37.33333,88.0,0.42367,9.33333,26.66667,0.33833,22.66667,27.66667,0.82067,13.33333,34.33333,47.66667,23.0,6.0,6.33333,11.33333,25.66667,106.66667,0,0.01713,-0.01713,0.41368,0.2497,0.47688,0.51377,0.56654,0.60626,1443.42717,1513.51443,0.59795,0.40205,1.68677,2.54408,0.66667,,,,
240.0,37.33333,89.0,0.42,6.66667,23.33333,0.28533,16.66667,23.0,0.727,10.0,30.66667,40.66667,24.0,6.33333,3.33333,9.33333,19.66667,98.0,240.0,41.33333,87.66667,0.47233,13.0,35.66667,0.37367,16.0,22.33333,0.71567,12.33333,40.33333,52.66667,25.66667,4.33333,5.0,13.66667,20.33333,111.66667,1,0.19514,-0.19514,0.40761,0.25685,0.54738,0.45825,0.60434,0.52221,1488.29507,1549.88042,0.60866,0.39134,1.69307,2.70262,0.66667,240.0,37.33333,78.66667,0.47467,13.0,31.66667,0.412,15.0,19.33333,0.77967,8.66667,29.0,37.66667,20.66667,7.33333,6.0,14.33333,20.0,102.66667,240.0,36.0,82.33333,0.437,13.0,30.0,0.437,16.33333,19.66667,0.82267,11.66667,31.0,42.66667,22.33333,8.33333,4.66667,14.33333,23.0,101.33333,1,-0.02159,0.02159,0.39939,0.28946,0.51627,0.55681,0.58377,0.61839,1437.8314,1487.3516,0.56647,0.43353,1.80366,2.4013,0.66667,,,,
240.0,34.0,86.66667,0.39167,9.33333,30.33333,0.30367,14.33333,18.66667,0.70133,10.0,36.0,46.0,22.0,8.0,2.33333,12.33333,20.0,91.66667,240.0,42.66667,84.33333,0.50533,12.0,29.33333,0.415,13.33333,18.0,0.72767,6.0,40.66667,46.66667,28.0,6.66667,3.0,11.66667,16.66667,110.66667,0,0.26902,-0.26902,0.18114,0.2463,0.57654,0.44651,0.62653,0.50496,1574.45921,1475.92109,0.38735,0.61265,2.6648,1.65208,1.0,248.33333,39.66667,81.66667,0.48633,8.33333,21.0,0.39433,18.33333,21.33333,0.85433,7.0,35.66667,42.66667,20.0,7.66667,4.33333,15.33333,21.0,106.0,248.33333,37.0,89.0,0.41767,10.66667,34.0,0.30033,17.0,20.66667,0.817,11.33333,31.33333,42.66667,21.66667,8.33333,3.66667,12.33333,17.66667,101.66667,0,-0.06751,0.06751,0.32602,0.227,0.47837,0.53704,0.54663,0.61438,1470.2388,1479.81494,0.5018,0.4982,2.00425,2.01894,0.66667,,,,
248.33333,39.0,82.33333,0.47333,9.0,25.33333,0.35267,24.0,28.33333,0.84667,8.33333,32.33333,40.66667,21.66667,10.33333,4.33333,15.33333,24.33333,111.0,248.33333,42.0,82.66667,0.50867,9.66667,25.33333,0.37433,20.66667,27.33333,0.74733,6.0,32.0,38.0,26.66667,7.66667,6.33333,14.0,21.66667,114.33333,0,0.04437,-0.04437,0.19066,0.26123,0.56611,0.52701,0.64347,0.62531,1558.01444,1494.73711,0.41458,0.58542,2.47857,1.73554,0.66667,248.33333,39.0,82.66667,0.472,8.0,23.0,0.35767,17.0,19.66667,0.861,7.0,32.33333,39.33333,16.66667,7.0,4.66667,13.0,19.33333,103.0,248.33333,40.33333,87.0,0.466,12.66667,35.0,0.36533,13.66667,17.0,0.79233,10.0,30.66667,40.66667,24.66667,7.33333,4.66667,11.33333,17.0,107.0,0,0.05434,-0.05434,0.31314,0.23293,0.53911,0.52,0.59172,0.5922,1472.46634,1479.34124,0.51353,0.48647,1.95187,2.06133,1.0,,,,
240.0,37.0,88.66667,0.41667,11.66667,35.66667,0.32467,22.33333,25.66667,0.891,10.0,35.33333,45.33333,21.0,9.33333,5.33333,10.66667,24.33333,108.0,240.0,43.0,91.33333,0.47233,9.33333,27.33333,0.33467,17.0,22.66667,0.763,13.33333,37.0,50.33333,24.66667,6.33333,6.66667,12.66667,23.33333,112.33333,1,0.05986,-0.05986,0.40076,0.26502,0.52339,0.48218,0.58397,0.57284,1500.23053,1605.54822,0.65956,0.34044,1.52337,2.98645,0.66667,240.0,40.0,86.0,0.468,7.33333,23.66667,0.29267,16.66667,23.33333,0.72433,9.66667,27.0,36.66667,23.33333,9.0,2.66667,12.0,17.66667,104.0,240.0,41.33333,77.66667,0.53467,8.0,21.0,0.395,19.33333,22.66667,0.86033,5.66667,31.33333,37.0,26.33333,6.66667,4.33333,16.33333,20.66667,110.0,1,0.08081,-0.08081,0.219,0.29934,0.5856,0.51121,0.66716,0.5761,1495.35207,1484.18151,0.49837,0.50163,2.03919,2.02488,0.66667,,,,
240.0,41.0,80.33333,0.51133,13.0,28.33333,0.46667,14.33333,18.33333,0.82233,8.0,34.33333,42.33333,24.33333,7.66667,4.66667,16.33333,21.0,109.33333,240.0,36.66667,84.66667,0.43333,7.0,28.0,0.244,16.0,20.33333,0.802,9.66667,28.33333,38.0,19.0,7.66667,2.0,13.66667,19.66667,96.33333,0,-0.18276,0.18276,0.28702,0.28,0.47449,0.5935,0.5405,0.65072,1450.15806,1494.14917,0.54326,0.45674,1.84721,2.20123,0.0,248.33333,40.66667,83.66667,0.48567,11.0,29.66667,0.37,17.0,21.66667,0.843,9.0,32.66667,41.66667,23.33333,7.0,4.66667,16.66667,22.66667,109.33333,248.33333,43.0,87.33333,0.49267,8.66667,22.66667,0.37733,22.0,27.0,0.81433,8.33333,30.0,38.33333,24.0,8.0,4.66667,11.0,21.33333,116.66667,0,0.09852,-0.09852,0.25751,0.30411,0.54198,0.55037,0.62598,0.61676,1539.61097,1495.97297,0.44886,0.55114,2.29019,1.84159,1.0,,,,
240.0,41.66667,84.66667,0.49333,10.66667,27.0,0.39567,19.0,25.66667,0.737,9.0,32.66667,41.66667,21.66667,6.66667,4.33333,14.0,25.0,113.0,240.0,41.66667,89.0,0.46933,12.66667,33.66667,0.38033,22.0,29.33333,0.74933,12.0,30.33333,42.33333,24.33333,8.0,4.33333,12.33333,21.33333,118.0,0,0.0588,-0.0588,0.3634,0.29668,0.54141,0.55588,0.62031,0.62684,1574.18918,1496.41129,0.39671,0.60329,2.54529,1.66446,0.66667,240.0,42.66667,90.0,0.477,11.66667,28.33333,0.37433,17.0,20.33333,0.833,8.66667,35.66667,44.33333,24.33333,5.33333,5.0,11.0,21.66667,114.0,240.0,42.0,83.66667,0.50233,6.66667,26.33333,0.254,21.0,26.66667,0.77333,5.66667,34.33333,40.0,27.66667,6.0,6.66667,11.33333,18.66667,111.66667,0,-0.02723,0.02723,0.17794,0.25491,0.54228,0.54446,0.62367,0.60845,1494.43871,1490.00615,0.49017,0.50983,2.0403,1.96164,0.33333,,,,
248.33333,40.66667,82.0,0.496,7.66667,17.66667,0.42,14.66667,17.33333,0.81233,9.0,35.66667,44.66667,20.33333,7.0,6.33333,17.0,22.0,103.66667,248.33333,40.66667,93.66667,0.43333,9.33333,31.0,0.302,16.33333,20.0,0.80267,13.33333,29.0,42.33333,26.33333,9.66667,4.0,11.0,17.0,107.0,1,0.04128,-0.04128,0.42005,0.31059,0.48318,0.54239,0.54533,0.60433,1522.61371,1471.26677,0.43324,0.56676,2.38761,1.79316,0.66667,248.33333,42.66667,97.33333,0.44,8.33333,24.33333,0.34933,11.33333,16.66667,0.661,10.33333,39.33333,49.66667,18.33333,8.33333,9.66667,10.66667,19.33333,105.0,248.33333,32.0,88.33333,0.36167,10.0,33.66667,0.294,18.66667,21.66667,0.87267,8.33333,40.0,48.33333,17.33333,7.0,5.0,16.33333,17.33333,92.66667,1,-0.18574,0.18574,0.22578,0.26474,0.41953,0.48273,0.49771,0.52094,1463.07633,1568.19422,0.63167,0.36833,1.60631,2.81499,0.0,,,,
240.0,48.66667,92.0,0.52733,13.66667,31.0,0.44067,10.0,13.0,0.76833,11.0,34.0,45.0,25.66667,8.33333,5.33333,9.66667,18.66667,121.0,240.0,38.66667,88.0,0.44033,8.66667,29.66667,0.288,14.66667,19.33333,0.74433,12.33333,30.0,42.33333,23.0,4.33333,2.66667,13.0,12.66667,100.66667,0,-0.26647,0.26647,0.35367,0.36397,0.48928,0.60152,0.54765,0.63677,1470.4194,1565.73207,0.61231,0.38769,1.64655,2.6346,0.0,240.0,38.0,83.66667,0.458,7.66667,25.0,0.29667,24.0,29.33333,0.82067,12.66667,28.0,40.66667,18.0,10.66667,7.0,15.66667,27.33333,107.66667,240.0,36.0,79.0,0.45667,8.33333,23.66667,0.35067,24.0,31.66667,0.75567,9.66667,31.33333,41.0,22.0,7.0,4.33333,18.66667,26.66667,104.33333,0,-0.03926,0.03926,0.35206,0.41207,0.50974,0.50473,0.60858,0.60137,1394.44846,1455.85542,0.58186,0.41814,1.72429,2.40841,0.66667,,,,
240.0,35.0,80.66667,0.43167,4.0,17.66667,0.202,22.0,27.66667,0.79667,9.66667,30.0,39.66667,15.0,8.66667,5.66667,9.0,15.66667,96.0,240.0,36.0,83.66667,0.43533,10.0,30.33333,0.34467,11.0,14.0,0.793,11.33333,34.33333,45.66667,22.0,4.0,4.0,15.0,21.0,93.0,0,-0.03978,0.03978,0.35978,0.28999,0.49811,0.45691,0.54467,0.55198,1515.93998,1554.5935,0.54453,0.45547,1.86466,2.24541,0.66667,240.0,44.66667,90.33333,0.49433,14.0,30.66667,0.46067,18.0,23.33333,0.78433,11.33333,34.0,45.33333,24.66667,7.66667,2.33333,13.33333,20.66667,121.33333,240.0,42.66667,90.0,0.476,10.66667,31.66667,0.33867,16.0,20.66667,0.765,10.66667,33.0,43.66667,25.33333,4.66667,4.66667,14.33333,22.33333,112.0,0,-0.12132,0.12132,0.32541,0.35371,0.53543,0.57184,0.59453,0.63511,1392.38918,1544.5516,0.69311,0.30689,1.4611,3.46762,0.0,,,,
240.0,40.66667,87.33333,0.46467,11.33333,28.0,0.39667,14.66667,18.0,0.81567,8.0,34.0,42.0,27.66667,7.0,4.0,13.66667,24.33333,107.33333,240.0,36.0,85.33333,0.42433,6.33333,23.66667,0.273,26.33333,36.33333,0.71467,12.0,34.66667,46.66667,17.0,8.0,5.66667,12.66667,17.0,104.66667,1,-0.03902,0.03902,0.34804,0.25229,0.46269,0.5298,0.56564,0.58836,1511.60774,1492.93621,0.4698,0.5302,2.13357,1.88938,0.33333,240.0,38.66667,87.0,0.445,4.66667,20.66667,0.239,20.33333,24.66667,0.81333,12.66667,32.33333,45.0,15.0,7.0,8.0,11.0,23.66667,102.33333,240.0,35.0,79.66667,0.43867,9.66667,26.66667,0.36433,21.0,28.66667,0.72467,9.0,31.33333,40.33333,23.0,4.66667,3.33333,14.0,22.66667,100.66667,1,-0.01936,0.01936,0.27395,0.41198,0.4994,0.47212,0.58652,0.5545,1394.11219,1465.1658,0.59725,0.40275,1.68839,2.53793,0.66667,,,,
248.33333,45.33333,93.0,0.491,11.66667,35.0,0.33067,20.0,23.33333,0.868,9.0,38.66667,47.66667,22.33333,8.33333,7.33333,12.33333,23.0,122.33333,248.33333,41.0,90.0,0.46133,10.66667,27.66667,0.39,20.0,25.33333,0.79567,8.33333,33.66667,42.0,25.66667,5.66667,2.66667,13.33333,23.33333,112.66667,0,-0.11709,0.11709,0.21046,0.30315,0.52006,0.55406,0.59451,0.62731,1470.16545,1610.9564,0.68071,0.31929,1.47236,3.16119,0.0,240.0,37.33333,84.66667,0.43867,9.33333,27.33333,0.33633,15.33333,20.33333,0.746,9.66667,31.33333,41.0,19.66667,8.0,3.33333,15.0,19.0,99.33333,240.0,39.33333,84.0,0.46733,10.66667,26.66667,0.39267,20.33333,24.66667,0.85967,9.66667,36.0,45.66667,24.0,9.0,4.33333,14.66667,19.0,109.66667,0,0.16018,-0.16018,0.32312,0.28046,0.5303,0.49331,0.61297,0.554,1510.37926,1540.63616,0.55524,0.44476,1.81307,2.26988,0.66667,,,,
240.0,38.33333,91.33333,0.42233,11.33333,33.33333,0.34433,17.66667,23.66667,0.75867,14.66667,29.33333,44.0,24.66667,6.66667,3.0,10.66667,20.66667,105.66667,240.0,43.0,83.0,0.51867,10.0,26.66667,0.375,18.33333,23.0,0.80067,8.33333,36.66667,45.0,26.66667,5.0,5.0,12.66667,19.33333,114.33333,0,0.10683,-0.10683,0.29634,0.4144,0.57879,0.48515,0.65014,0.54987,1459.36884,1393.9782,0.41764,0.58236,2.50917,1.75631,0.66667,240.0,39.0,89.0,0.43833,8.66667,25.0,0.34733,11.66667,15.66667,0.729,10.66667,33.0,43.66667,25.0,7.66667,4.0,13.0,22.33333,98.33333,240.0,40.66667,80.66667,0.50467,8.33333,20.0,0.421,22.66667,29.33333,0.78367,7.66667,36.0,43.66667,22.66667,5.33333,4.33333,12.33333,17.0,112.33333,0,0.194,-0.194,0.2331,0.29855,0.55589,0.48708,0.64455,0.53154,1550.70545,1466.79707,0.40373,0.59627,2.47974,1.67799,1.0,,,,
248.33333,41.66667,94.33333,0.442,11.33333,30.0,0.37,13.0,16.66667,0.78067,13.33333,33.0,46.33333,23.0,7.0,6.0,14.33333,21.0,107.66667,248.33333,42.66667,92.0,0.46667,12.66667,29.66667,0.42667,19.0,25.0,0.75,12.0,35.66667,47.66667,28.33333,9.33333,4.66667,11.66667,18.0,117.0,1,0.12824,-0.12824,0.36025,0.38469,0.53668,0.5012,0.60342,0.54808,1477.33139,1491.45173,0.54119,0.45881,1.88308,2.23014,0.66667,240.0,40.66667,86.33333,0.47067,11.66667,33.66667,0.34667,13.66667,19.0,0.679,9.0,28.66667,37.66667,25.33333,7.66667,5.33333,9.0,23.33333,106.66667,240.0,42.33333,86.33333,0.49,8.66667,27.33333,0.31767,17.33333,25.33333,0.67867,12.0,35.33333,47.33333,19.66667,6.0,5.33333,11.66667,21.66667,110.66667,1,0.04829,-0.04829,0.42366,0.25578,0.53993,0.53763,0.60064,0.58872,1563.41075,1527.70834,0.46634,0.53366,2.22365,1.94294,0.33333,,,,
240.0,33.66667,84.33333,0.39833,7.66667,26.0,0.294,20.0,23.33333,0.87233,12.0,34.33333,46.33333,17.0,7.66667,4.66667,12.33333,18.33333,95.0,240.0,35.66667,82.66667,0.432,7.33333,22.66667,0.323,20.0,25.66667,0.786,10.33333,36.33333,46.66667,22.0,8.33333,4.33333,12.66667,18.33333,98.66667,0,0.05958,-0.05958,0.30645,0.33328,0.4767,0.44403,0.55879,0.52975,1496.51399,1546.47582,0.58066,0.41934,1.72238,2.38526,0.66667,240.0,38.0,85.0,0.446,10.33333,27.66667,0.36267,14.0,18.0,0.76233,10.66667,31.0,41.66667,20.33333,6.33333,5.66667,14.33333,18.33333,100.33333,240.0,37.66667,79.33333,0.47567,9.0,25.33333,0.34633,18.66667,25.66667,0.705,8.0,33.66667,41.66667,20.0,8.0,4.0,13.0,19.0,103.0,0,0.03137,-0.03137,0.25577,0.36145,0.53219,0.50655,0.60705,0.56366,1501.89246,1475.46622,0.45911,0.54089,2.18284,1.85162,0.66667,,,,
240.0,42.33333,86.33333,0.49033,11.0,30.0,0.37367,23.66667,30.0,0.78667,10.33333,33.33333,43.66667,20.33333,6.66667,5.33333,12.33333,20.66667,119.33333,240.0,41.33333,87.66667,0.47133,8.0,24.33333,0.30833,18.33333,22.33333,0.80467,10.0,28.33333,38.33333,26.33333,7.0,4.66667,12.33333,23.0,109.0,1,-0.13022,0.13022,0.30723,0.38685,0.51788,0.55484,0.59039,0.64293,1503.2502,1488.7427,0.45765,0.54235,2.44052,1.94218,0.33333,240.0,43.33333,85.0,0.50767,13.0,30.66667,0.42467,12.33333,17.33333,0.70233,7.0,30.66667,37.66667,22.66667,6.66667,4.33333,12.66667,14.33333,112.0,240.0,42.33333,87.66667,0.484,8.0,21.66667,0.37333,13.0,17.0,0.76433,11.33333,32.33333,43.66667,20.66667,7.66667,2.33333,14.0,18.33333,105.66667,1,-0.07447,0.07447,0.39301,0.21779,0.52958,0.58445,0.57902,0.62951,1352.66016,1529.32672,0.72804,0.27196,1.3777,3.74766,0.33333,,,,
240.0,34.0,81.66667,0.416,8.33333,20.33333,0.41267,17.0,22.0,0.775,7.33333,34.0,41.33333,23.0,8.66667,4.66667,12.66667,16.0,93.33333,240.0,37.0,85.33333,0.43367,11.66667,33.0,0.35433,11.0,15.33333,0.72233,9.66667,38.33333,48.0,22.66667,8.66667,2.33333,14.66667,22.66667,96.66667,0,0.05613,-0.05613,0.28884,0.19195,0.50198,0.4671,0.54499,0.53841,1435.64334,1550.59321,0.66792,0.33208,1.49801,3.01823,0.66667,240.0,39.33333,86.0,0.46067,8.33333,26.0,0.321,18.66667,24.33333,0.719,7.66667,28.0,35.66667,22.66667,7.0,4.66667,9.66667,18.66667,105.66667,240.0,44.0,93.0,0.46967,12.33333,32.66667,0.368,17.66667,22.66667,0.75833,14.66667,37.33333,52.0,25.66667,4.0,5.66667,13.0,22.66667,118.0,0,0.16006,-0.16006,0.53264,0.1991,0.53518,0.5096,0.59998,0.58156,1624.38787,1549.48614,0.40644,0.59356,2.5513,1.71832,0.66667,,,,
240.0,34.66667,86.0,0.40233,9.0,27.0,0.33533,18.33333,23.33333,0.77667,14.0,28.33333,42.33333,17.66667,8.0,5.0,16.66667,17.66667,96.66667,240.0,42.66667,87.33333,0.494,11.0,29.66667,0.36733,12.0,16.0,0.75567,12.0,35.33333,47.33333,25.33333,9.0,8.0,15.66667,21.33333,108.33333,0,0.16642,-0.16642,0.41712,0.39973,0.5569,0.45462,0.6035,0.52996,1497.37739,1427.10059,0.42105,0.57895,2.58239,1.79778,1.0,240.0,46.66667,92.66667,0.50467,11.66667,31.66667,0.37067,15.66667,19.66667,0.784,12.66667,37.0,49.66667,28.33333,9.66667,4.66667,12.0,18.33333,120.66667,240.0,40.66667,93.33333,0.43533,7.66667,29.33333,0.247,9.66667,14.33333,0.67933,13.0,29.0,42.0,24.33333,6.33333,3.33333,15.0,17.0,98.66667,0,-0.28719,0.28719,0.35199,0.44566,0.47676,0.56766,0.51116,0.62469,1426.50186,1521.17341,0.61141,0.38859,1.64874,2.62811,0.0,,,,
256.66667,41.33333,90.66667,0.45533,9.0,31.33333,0.28467,22.0,31.0,0.714,11.33333,35.66667,47.0,22.33333,11.0,6.66667,15.33333,19.0,113.66667,256.66667,41.0,95.33333,0.43,12.0,34.33333,0.332,18.0,22.0,0.822,12.0,37.0,49.0,25.33333,8.66667,5.0,16.33333,25.66667,112.0,0,-0.01862,0.01862,0.34381,0.30667,0.49168,0.50635,0.55912,0.58452,1503.00861,1493.05952,0.4868,0.5132,2.13623,2.00287,0.33333,240.0,37.66667,86.33333,0.43633,9.33333,27.0,0.342,14.66667,19.66667,0.75767,12.0,30.0,42.0,24.0,9.66667,4.66667,14.33333,18.33333,99.33333,240.0,39.0,85.0,0.459,11.33333,27.66667,0.40667,14.33333,18.33333,0.78833,10.66667,36.33333,47.0,24.33333,8.66667,2.66667,15.33333,21.33333,103.66667,0,0.06689,-0.06689,0.35511,0.33866,0.52559,0.49015,0.58279,0.54708,1422.47378,1501.66688,0.61872,0.38128,1.62942,2.68242,0.66667,,,,
240.0,39.33333,87.0,0.455,11.66667,32.0,0.37033,18.33333,23.33333,0.792,10.66667,36.66667,47.33333,26.33333,7.0,3.0,13.66667,22.0,108.66667,240.0,35.33333,82.66667,0.43133,9.33333,29.0,0.31067,20.0,27.33333,0.72767,9.33333,37.0,46.33333,18.0,7.33333,4.66667,15.33333,21.66667,100.0,0,-0.12598,0.12598,0.25428,0.28736,0.48915,0.52206,0.5685,0.59311,1486.43995,1463.07633,0.45235,0.54765,2.29203,1.87005,0.33333,240.0,41.0,84.0,0.48933,10.0,28.0,0.355,20.0,24.66667,0.80267,11.0,30.33333,41.33333,25.0,11.0,4.0,14.0,21.33333,112.0,240.0,44.0,83.66667,0.52267,7.33333,20.66667,0.34367,15.33333,21.66667,0.70467,9.0,31.0,40.0,25.33333,7.66667,4.33333,16.0,20.33333,110.66667,0,-0.02164,0.02164,0.3119,0.36111,0.56829,0.54864,0.62556,0.62814,1573.85389,1449.04453,0.32842,0.67158,3.15059,1.49942,0.33333,,,,
240.0,43.0,87.66667,0.49033,12.0,36.33333,0.329,22.0,24.33333,0.91467,8.66667,33.33333,42.0,24.0,9.0,4.66667,11.0,23.66667,120.0,240.0,43.33333,85.66667,0.50767,9.66667,25.0,0.38867,20.0,27.0,0.75433,9.66667,31.33333,41.0,26.66667,6.0,4.33333,12.0,23.0,116.33333,1,-0.04195,0.04195,0.31038,0.3056,0.56355,0.55839,0.63636,0.64474,1502.04379,1605.25499,0.64735,0.35265,1.55192,2.88396,0.33333,240.0,36.0,91.33333,0.39767,4.0,20.0,0.18767,17.0,23.33333,0.69767,12.66667,30.0,42.66667,12.66667,7.33333,7.33333,8.0,15.66667,93.0,240.0,34.33333,81.66667,0.42767,9.66667,28.66667,0.34033,15.33333,18.66667,0.83733,8.66667,39.66667,48.33333,16.66667,4.0,8.0,16.0,19.66667,93.66667,1,0.0087,-0.0087,0.27934,0.31244,0.48922,0.41838,0.5549,0.48581,1467.77574,1514.38851,0.56441,0.43559,1.86617,2.44854,0.66667,,,,
240.0,38.0,89.0,0.427,9.0,26.0,0.34933,20.66667,28.0,0.739,12.33333,38.0,50.33333,19.66667,8.33333,4.33333,12.0,14.33333,105.66667,240.0,39.33333,88.33333,0.44633,10.66667,30.33333,0.35833,9.33333,13.66667,0.696,8.66667,36.33333,45.0,25.33333,7.0,4.33333,14.66667,22.33333,98.66667,0,-0.09314,0.09314,0.23284,0.34258,0.50728,0.47709,0.54179,0.55647,1464.05405,1513.10373,0.55698,0.44302,1.80753,2.27965,0.33333,240.0,38.0,82.0,0.46567,8.0,31.33333,0.261,18.66667,26.66667,0.707,10.66667,32.0,42.66667,20.66667,7.0,4.66667,13.66667,19.66667,102.66667,240.0,43.66667,84.0,0.52067,8.0,21.0,0.37633,13.66667,18.66667,0.73967,6.0,34.33333,40.33333,24.33333,8.33333,2.66667,11.66667,22.0,109.0,0,0.08512,-0.08512,0.19642,0.32097,0.56845,0.5147,0.61897,0.58591,1500.2426,1425.72318,0.40163,0.59837,2.60554,1.71575,1.0,,,,
240.0,43.66667,91.0,0.486,10.66667,30.33333,0.362,19.33333,26.0,0.74133,11.0,34.0,45.0,25.0,8.66667,2.33333,12.0,20.0,117.33333,240.0,43.66667,89.33333,0.48833,13.33333,33.0,0.40167,14.0,19.33333,0.72067,7.66667,33.0,40.66667,27.66667,6.33333,6.0,13.33333,23.0,114.66667,0,-0.03351,0.03351,0.22141,0.32914,0.5624,0.54643,0.61239,0.61552,1515.8863,1445.2488,0.39685,0.60315,2.55087,1.66575,0.33333,248.33333,41.0,87.33333,0.473,9.33333,28.0,0.31033,16.66667,21.66667,0.75567,11.66667,31.66667,43.33333,23.33333,6.66667,4.33333,8.66667,17.33333,108.0,248.33333,39.33333,84.66667,0.46367,10.0,24.33333,0.41167,13.66667,17.33333,0.79,9.0,32.0,41.0,26.0,6.33333,6.0,13.0,20.0,102.33333,0,-0.08735,0.08735,0.28576,0.36258,0.52305,0.52477,0.57671,0.58743,1513.76512,1501.02571,0.46886,0.53114,2.16399,1.90475,0.33333,,,,
240.0,39.66667,88.0,0.44733,8.33333,23.33333,0.36333,12.66667,17.66667,0.70333,9.66667,32.66667,42.33333,22.0,8.0,4.0,12.33333,15.33333,100.33333,240.0,39.0,82.0,0.47167,10.66667,29.66667,0.35467,13.33333,16.33333,0.841,8.0,35.66667,43.66667,26.33333,7.66667,5.0,15.0,15.33333,102.0,0,0.02523,-0.02523,0.28138,0.28373,0.53672,0.49442,0.5926,0.54253,1487.21872,1491.79676,0.50729,0.49271,1.97322,2.03181,0.66667,248.33333,43.66667,95.33333,0.459,16.33333,41.66667,0.39633,17.66667,20.33333,0.87967,10.0,40.0,50.0,25.33333,7.33333,5.33333,11.66667,16.66667,121.33333,248.33333,42.66667,94.33333,0.45333,12.0,29.33333,0.41,16.66667,20.0,0.83367,9.0,37.0,46.0,27.66667,5.33333,4.66667,12.0,19.33333,114.0,0,-0.09084,0.09084,0.22801,0.26949,0.51757,0.54681,0.57885,0.61127,1442.4286,1570.90214,0.66987,0.33013,1.51249,3.16826,0.0,,,,
240.0,37.33333,88.0,0.42267,11.66667,35.33333,0.33033,20.33333,25.0,0.83933,10.66667,35.66667,46.33333,20.33333,7.66667,4.66667,15.33333,20.66667,106.66667,240.0,42.66667,90.66667,0.46967,12.0,34.66667,0.34467,13.66667,18.0,0.75533,9.33333,37.66667,47.0,26.66667,8.66667,2.66667,15.0,24.0,111.0,0,0.07016,-0.07016,0.27251,0.29455,0.53556,0.48896,0.58598,0.56844,1483.43487,1539.51954,0.5828,0.4172,1.76943,2.54838,0.66667,248.33333,36.33333,81.66667,0.444,9.66667,31.33333,0.3,24.0,29.33333,0.81933,9.0,32.0,41.0,21.33333,6.66667,4.0,16.0,22.66667,106.33333,248.33333,43.66667,87.0,0.50167,9.33333,22.33333,0.42133,22.66667,27.0,0.846,9.0,34.33333,43.33333,26.33333,9.33333,5.66667,10.66667,23.33333,119.33333,0,0.17514,-0.17514,0.28618,0.26162,0.55494,0.50183,0.64206,0.60127,1555.58667,1485.7984,0.42365,0.57635,2.4087,1.7538,1.0,,,,
240.0,38.66667,83.0,0.46733,10.33333,29.0,0.35633,19.33333,23.66667,0.82567,9.66667,28.66667,38.33333,28.33333,5.0,3.66667,12.0,21.66667,107.0,240.0,47.33333,86.66667,0.545,5.66667,20.33333,0.269,16.0,22.0,0.72933,10.0,32.0,42.0,24.33333,6.33333,5.66667,9.66667,21.66667,116.33333,0,0.12312,-0.12312,0.35978,0.31313,0.57831,0.5302,0.63588,0.60795,1523.06028,1382.64955,0.31831,0.68169,3.22492,1.474,1.0,240.0,43.33333,86.66667,0.50067,12.33333,31.66667,0.38933,14.33333,19.0,0.74467,10.33333,31.66667,42.0,30.66667,7.0,4.0,14.33333,23.66667,113.33333,240.0,42.66667,86.33333,0.49567,10.66667,29.66667,0.35667,20.66667,27.0,0.76767,9.0,30.33333,39.33333,26.33333,10.0,4.0,12.33333,17.66667,116.66667,0,0.03923,-0.03923,0.28095,0.33473,0.55881,0.57179,0.63507,0.62452,1536.34794,1523.38496,0.4886,0.5114,2.18856,2.11581,0.66667,,,,
240.0,43.66667,85.0,0.51367,17.33333,36.33333,0.474,15.0,20.0,0.73567,5.33333,34.0,39.33333,25.33333,5.66667,5.33333,10.0,21.0,119.66667,240.0,42.66667,86.0,0.49633,9.33333,29.66667,0.31867,20.0,28.33333,0.70467,6.33333,33.33333,39.66667,20.66667,6.0,5.0,10.0,20.33333,114.66667,0,-0.06066,0.06066,0.20308,0.1658,0.55064,0.61604,0.62172,0.67026,1520.05545,1495.73503,0.46199,0.53801,2.1849,1.87012,0.0,240.0,36.0,80.33333,0.44733,10.33333,28.0,0.36667,10.66667,12.66667,0.762,7.33333,37.0,44.33333,22.66667,7.0,4.66667,15.66667,22.33333,93.0,240.0,34.33333,83.66667,0.40933,10.0,31.33333,0.32033,15.66667,22.33333,0.671,10.0,31.33333,41.33333,22.0,10.0,3.33333,12.0,15.66667,94.33333,0,0.03255,-0.03255,0.29529,0.23392,0.46878,0.51129,0.53563,0.55846,1535.05446,1442.6509,0.36652,0.63348,2.75238,1.58276,0.66667,,,,
248.33333,40.33333,93.66667,0.43167,12.0,37.66667,0.32233,16.66667,21.66667,0.782,12.33333,32.66667,45.0,27.33333,6.33333,2.66667,12.66667,21.66667,109.33333,248.33333,40.66667,84.0,0.484,11.66667,28.0,0.41733,17.66667,24.66667,0.716,7.33333,40.33333,47.66667,24.33333,7.66667,4.66667,16.66667,22.0,110.66667,1,0.01606,-0.01606,0.22614,0.30703,0.55397,0.49592,0.61943,0.55632,1523.62723,1457.60191,0.41106,0.58894,2.56464,1.75641,0.66667,240.0,40.66667,85.33333,0.478,13.66667,34.33333,0.41733,18.66667,23.66667,0.82167,9.66667,32.0,41.66667,26.0,8.0,4.0,13.66667,17.0,113.66667,240.0,40.0,80.33333,0.49833,12.33333,28.0,0.44333,16.66667,21.33333,0.77133,5.0,31.0,36.0,24.33333,8.66667,4.0,13.66667,20.33333,109.0,1,-0.05596,0.05596,0.1703,0.31429,0.57492,0.55818,0.64184,0.62886,1490.97969,1560.20958,0.58782,0.41218,1.72975,2.51262,0.33333,,,,
240.0,45.0,90.66667,0.498,13.0,33.66667,0.39067,20.33333,25.33333,0.801,9.0,39.33333,48.33333,34.0,9.0,7.66667,14.0,21.33333,123.33333,240.0,41.33333,90.0,0.45967,13.0,34.66667,0.35167,18.0,24.66667,0.72133,7.66667,33.33333,41.0,22.66667,7.66667,4.0,13.33333,19.66667,113.66667,1,-0.12032,0.12032,0.19444,0.26654,0.53193,0.56979,0.59617,0.64244,1530.63664,1640.24199,0.63477,0.36523,1.60819,2.87598,0.0,240.0,42.66667,86.66667,0.493,7.0,25.66667,0.25967,18.66667,21.66667,0.869,9.33333,26.33333,35.66667,25.0,7.33333,3.66667,11.0,21.0,111.0,240.0,43.33333,78.0,0.556,6.66667,17.66667,0.384,20.66667,27.33333,0.75233,7.33333,29.0,36.33333,26.33333,5.33333,6.0,13.66667,22.33333,114.0,1,0.04584,-0.04584,0.2857,0.34323,0.59925,0.53334,0.67993,0.60689,1499.13425,1491.60184,0.49589,0.50411,2.14098,2.09751,0.66667,,,,
248.33333,38.33333,83.0,0.462,11.66667,33.66667,0.339,18.0,22.33333,0.80667,9.66667,36.66667,46.33333,23.66667,5.0,4.0,17.33333,18.33333,106.33333,248.33333,40.33333,89.33333,0.45,8.0,27.0,0.295,16.33333,21.33333,0.774,9.33333,30.33333,39.66667,24.33333,11.33333,6.33333,10.33333,20.66667,105.0,0,-0.03256,0.03256,0.25554,0.32017,0.49413,0.53204,0.55546,0.60315,1507.14435,1533.58979,0.52682,0.47318,2.1326,2.53345,0.66667,240.0,42.33333,91.66667,0.46133,9.0,21.33333,0.425,19.66667,27.66667,0.712,12.0,30.66667,42.66667,25.66667,9.33333,2.66667,10.0,18.0,113.33333,240.0,47.0,86.0,0.547,12.33333,26.0,0.46233,16.0,18.33333,0.86933,6.33333,37.33333,43.66667,35.33333,5.66667,6.0,14.33333,20.0,122.33333,0,0.10269,-0.10269,0.21217,0.33606,0.61895,0.51008,0.67915,0.57946,1633.4266,1467.69353,0.28015,0.71985,3.58701,1.39018,0.66667,,,,
240.0,38.66667,90.0,0.43,16.66667,49.33333,0.336,15.66667,19.0,0.841,12.33333,36.33333,48.66667,25.0,7.33333,4.66667,13.33333,16.0,109.66667,240.0,38.33333,80.33333,0.47833,12.66667,28.66667,0.44433,14.0,18.0,0.784,4.0,32.66667,36.66667,24.66667,6.33333,4.0,13.66667,17.0,103.33333,0,-0.08578,0.08578,0.11474,0.37843,0.55718,0.52333,0.61376,0.5828,1435.4684,1615.51085,0.73342,0.26658,1.36786,3.84378,0.33333,240.0,40.0,91.66667,0.439,9.66667,31.0,0.31867,21.33333,29.33333,0.70867,14.33333,34.66667,49.0,25.66667,11.33333,7.33333,15.33333,25.0,111.0,240.0,41.0,86.0,0.479,8.0,20.0,0.38667,23.0,30.0,0.774,9.66667,34.0,43.66667,21.33333,10.33333,7.0,16.33333,24.0,113.0,0,0.02395,-0.02395,0.27119,0.42329,0.5264,0.49105,0.61334,0.56642,1492.69455,1463.92362,0.45973,0.54027,2.49579,2.13344,0.66667,,,,
248.33333,44.0,93.0,0.47767,12.33333,29.33333,0.42167,16.66667,21.0,0.79367,11.0,34.0,45.0,23.0,7.33333,4.0,12.66667,21.66667,117.0,248.33333,41.66667,90.33333,0.46367,12.33333,30.0,0.41067,22.0,28.66667,0.77133,11.33333,34.0,45.33333,25.33333,7.33333,5.0,12.0,18.33333,117.66667,0,0.00586,-0.00586,0.32831,0.32721,0.53327,0.54383,0.61254,0.60411,1518.6521,1494.33823,0.46954,0.53046,2.1769,1.92274,0.33333,256.66667,48.0,94.33333,0.51,13.66667,32.33333,0.42067,21.66667,29.33333,0.74233,10.0,35.66667,45.66667,30.0,6.66667,5.0,11.33333,25.0,131.33333,256.66667,42.33333,91.0,0.46533,17.33333,47.33333,0.37033,24.66667,32.0,0.747,10.0,31.33333,41.33333,21.66667,6.0,5.33333,12.66667,25.33333,126.66667,0,-0.05965,0.05965,0.28294,0.32931,0.5617,0.58342,0.64723,0.65338,1622.11837,1517.73967,0.3474,0.6526,3.17082,1.59105,0.33333,,,,
240.0,43.33333,83.0,0.52167,9.33333,21.33333,0.40533,14.0,16.0,0.87933,8.0,30.33333,38.33333,23.33333,7.66667,1.66667,11.33333,20.0,110.0,240.0,38.33333,80.33333,0.481,9.0,29.0,0.34833,18.66667,23.0,0.80267,9.66667,29.33333,39.0,21.33333,7.0,4.33333,13.66667,17.0,104.33333,0,-0.08268,0.08268,0.31388,0.27321,0.53712,0.57909,0.61449,0.63672,1445.22757,1498.64832,0.57327,0.42673,1.76446,2.39507,0.33333,240.0,35.66667,84.33333,0.42367,11.66667,30.0,0.392,20.33333,24.33333,0.842,11.0,30.33333,41.33333,20.33333,5.66667,4.33333,14.33333,15.66667,103.33333,240.0,45.66667,87.66667,0.52167,12.66667,29.33333,0.42233,9.0,11.33333,0.79533,8.0,33.66667,41.66667,23.33333,8.33333,5.33333,11.0,20.0,113.0,0,0.13564,-0.13564,0.26195,0.32908,0.59429,0.49233,0.62808,0.57616,1493.75044,1448.02601,0.45065,0.54935,2.31948,1.88141,1.0,,,,
240.0,36.66667,88.33333,0.41667,7.33333,20.66667,0.35567,14.33333,19.66667,0.728,11.0,31.66667,42.66667,18.0,10.0,5.0,12.33333,19.0,95.0,240.0,37.66667,80.0,0.47133,13.33333,36.0,0.373,18.0,23.66667,0.75567,10.66667,36.66667,47.33333,25.33333,8.0,6.33333,16.0,18.33333,106.66667,0,0.1643,-0.1643,0.33535,0.33635,0.55454,0.45814,0.62556,0.51536,1454.59063,1365.35513,0.38979,0.61021,2.57034,1.64004,0.66667,240.0,42.66667,95.0,0.44933,12.66667,36.66667,0.348,20.33333,26.66667,0.74967,14.66667,37.33333,52.0,24.66667,8.66667,8.0,14.33333,24.66667,118.33333,240.0,40.66667,92.0,0.442,7.0,19.66667,0.35767,21.66667,29.0,0.753,13.0,32.66667,45.66667,21.33333,8.33333,6.0,14.66667,21.66667,110.0,0,-0.10317,0.10317,0.35232,0.44747,0.48002,0.51592,0.55955,0.58744,1484.86541,1544.57649,0.56763,0.43237,1.87154,2.51802,0.33333,,,,
248.33333,38.33333,89.0,0.432,9.33333,29.0,0.31967,19.66667,26.0,0.75033,10.66667,36.0,46.66667,22.33333,9.0,4.0,17.0,26.33333,105.66667,248.33333,38.66667,84.33333,0.46133,9.33333,28.33333,0.35367,26.0,30.66667,0.84633,5.66667,37.0,42.66667,23.33333,9.0,4.66667,14.33333,22.33333,112.66667,0,0.09143,-0.09143,0.17361,0.28824,0.51637,0.48436,0.62105,0.55922,1501.03673,1442.56884,0.42725,0.57275,2.39474,1.76856,0.66667,240.0,40.66667,84.66667,0.48033,10.66667,29.0,0.36967,15.0,21.66667,0.68367,7.33333,31.0,38.33333,22.33333,9.33333,2.33333,11.66667,22.0,107.0,240.0,38.66667,86.33333,0.44733,10.66667,31.0,0.344,16.66667,26.0,0.651,13.33333,34.0,47.33333,19.33333,6.66667,4.66667,14.33333,18.66667,104.66667,0,-0.02327,0.02327,0.43234,0.22598,0.50937,0.54275,0.56853,0.5987,1558.20123,1444.59833,0.3416,0.6584,3.14615,1.54085,0.33333,,,,
240.0,36.33333,77.33333,0.47,9.66667,26.66667,0.35567,16.66667,23.66667,0.724,8.0,31.33333,39.33333,19.0,9.66667,5.0,14.66667,26.0,99.0,240.0,34.33333,75.66667,0.455,8.33333,23.0,0.36133,21.66667,29.33333,0.724,9.33333,31.66667,41.0,19.33333,6.33333,2.66667,16.33333,21.0,98.66667,0,0.00518,-0.00518,0.29574,0.25397,0.51032,0.53276,0.60509,0.59897,1462.05192,1447.95915,0.47398,0.52602,2.17919,1.96227,0.66667,240.0,42.33333,96.0,0.441,8.33333,29.33333,0.28167,16.0,19.0,0.83567,11.66667,31.33333,43.0,23.33333,8.0,5.66667,9.66667,21.33333,109.0,240.0,43.0,82.66667,0.52067,6.33333,22.33333,0.29067,19.0,23.66667,0.80067,7.33333,36.66667,44.0,27.0,5.66667,6.66667,14.66667,17.66667,111.33333,0,0.02869,-0.02869,0.26286,0.33044,0.55904,0.48386,0.63418,0.54408,1493.74911,1491.51661,0.50025,0.49975,2.00016,2.00222,0.66667,,,,
240.0,37.66667,77.66667,0.48567,11.66667,28.0,0.42467,18.0,19.66667,0.92367,6.66667,32.33333,39.0,23.33333,6.0,6.0,16.33333,19.0,105.0,240.0,39.33333,86.33333,0.455,8.66667,27.33333,0.344,15.33333,17.66667,0.86233,10.66667,29.66667,40.33333,22.33333,8.66667,3.0,12.0,20.0,102.66667,0,-0.03683,0.03683,0.33671,0.22641,0.5051,0.5613,0.56791,0.64212,1502.59495,1495.74337,0.48875,0.51125,2.06516,1.97086,0.33333,240.0,37.0,81.0,0.45833,12.33333,30.33333,0.40633,19.0,25.33333,0.743,10.33333,31.66667,42.0,18.66667,5.66667,6.66667,13.0,21.33333,105.33333,240.0,35.66667,85.0,0.41867,12.33333,31.66667,0.388,19.0,22.66667,0.84367,12.0,31.66667,43.66667,22.0,6.33333,5.66667,12.66667,23.33333,102.66667,0,-0.04123,0.04123,0.38219,0.33304,0.49182,0.53444,0.56974,0.60965,1440.24942,1539.7505,0.63565,0.36435,1.58717,2.80801,0.33333,,,,
240.0,39.0,86.66667,0.451,8.66667,24.66667,0.34633,12.33333,17.66667,0.731,12.33333,37.66667,50.0,21.66667,4.66667,6.33333,11.0,17.33333,99.0,240.0,36.33333,83.66667,0.43567,10.66667,26.66667,0.39433,13.0,17.0,0.765,7.0,32.33333,39.33333,21.33333,4.66667,8.66667,9.0,19.33333,96.33333,1,-0.03606,0.03606,0.19815,0.40446,0.50044,0.50296,0.55373,0.54959,1526.91353,1470.09505,0.41998,0.58002,2.57653,1.82218,0.0,240.0,35.0,80.0,0.437,7.0,26.0,0.261,19.33333,24.0,0.806,9.0,28.33333,37.33333,17.66667,8.66667,6.0,13.33333,19.66667,96.33333,240.0,41.66667,83.33333,0.501,10.66667,26.0,0.40067,14.0,18.66667,0.752,10.33333,33.66667,44.0,24.66667,7.0,4.66667,14.66667,20.0,108.0,1,0.15771,-0.15771,0.36507,0.27345,0.56456,0.48142,0.61803,0.56488,1494.48573,1491.44923,0.50291,0.49709,1.99859,2.02164,0.66667,,,,
240.0,32.66667,77.66667,0.421,6.0,25.66667,0.24,23.66667,28.0,0.84567,7.66667,32.0,39.66667,15.66667,10.0,3.66667,15.66667,24.33333,95.0,240.0,38.66667,77.66667,0.49733,8.66667,24.0,0.35933,17.0,23.0,0.74133,5.0,36.0,41.0,26.0,7.66667,6.33333,14.33333,21.0,103.0,1,0.12816,-0.12816,0.1613,0.22117,0.55327,0.45993,0.62235,0.56686,1521.4192,1489.04276,0.47232,0.52768,2.15847,1.91975,0.66667,248.33333,42.0,90.33333,0.468,11.66667,35.0,0.342,17.33333,21.33333,0.80833,12.0,30.0,42.0,27.66667,9.33333,3.0,14.0,20.0,113.0,248.33333,47.0,88.66667,0.52967,8.0,21.33333,0.36167,14.0,19.66667,0.70967,9.66667,34.66667,44.33333,27.33333,9.0,3.33333,16.33333,19.33333,116.0,1,0.03486,-0.03486,0.33263,0.35569,0.57587,0.53317,0.62437,0.59858,1575.21221,1432.79115,0.31098,0.68902,3.28712,1.45701,0.66667,,,,
240.0,34.66667,85.33333,0.40933,7.33333,26.66667,0.27433,17.66667,23.0,0.76833,12.66667,32.33333,45.0,19.0,5.0,4.66667,14.0,20.33333,94.33333,240.0,40.0,85.33333,0.46933,9.66667,28.0,0.34633,16.66667,20.66667,0.809,10.33333,37.33333,47.66667,22.0,8.0,5.66667,10.66667,21.33333,106.33333,0,0.17137,-0.17137,0.31976,0.33179,0.52573,0.45314,0.59215,0.5256,1483.05457,1390.4689,0.38578,0.61422,2.60085,1.63009,1.0,240.0,41.0,80.33333,0.50833,7.33333,25.33333,0.27467,19.33333,24.33333,0.798,8.66667,26.66667,35.33333,23.0,8.33333,3.33333,13.66667,18.66667,108.66667,240.0,42.0,75.66667,0.55533,7.0,16.33333,0.42467,20.33333,24.33333,0.85167,6.0,26.66667,32.66667,27.33333,7.33333,3.0,14.33333,21.33333,111.33333,0,0.04337,-0.04337,0.23109,0.33812,0.60153,0.55483,0.68692,0.63274,1498.06658,1542.42742,0.57031,0.42969,1.77004,2.36575,0.66667,,,,
240.0,37.0,79.0,0.46867,4.66667,19.33333,0.20767,21.33333,27.0,0.79033,8.66667,27.66667,36.33333,16.66667,9.66667,5.0,10.33333,15.33333,100.0,240.0,37.0,77.33333,0.483,9.66667,23.33333,0.4,13.0,15.0,0.875,8.0,31.0,39.0,21.66667,5.33333,2.66667,17.0,19.66667,96.66667,0,-0.04912,0.04912,0.27954,0.28204,0.54606,0.4995,0.6046,0.59013,1484.09734,1547.58211,0.5808,0.4192,1.72841,2.40408,0.66667,240.0,33.33333,88.0,0.378,11.0,37.0,0.294,19.33333,22.66667,0.872,9.0,36.33333,45.33333,19.0,6.66667,4.66667,13.0,19.66667,97.0,240.0,39.0,84.33333,0.46367,11.33333,32.66667,0.34433,13.66667,20.0,0.69167,9.0,39.66667,48.66667,22.0,8.33333,6.0,16.0,21.33333,103.0,0,0.08943,-0.08943,0.24795,0.2257,0.53105,0.44139,0.58211,0.52235,1579.35925,1547.65156,0.46243,0.53757,2.25897,1.92189,1.0,,,,
240.0,41.66667,82.66667,0.504,9.0,18.66667,0.47933,16.66667,22.0,0.75667,9.0,39.66667,48.66667,24.66667,5.0,7.33333,13.66667,21.33333,109.0,240.0,38.66667,91.33333,0.42133,9.0,27.66667,0.32133,19.66667,25.33333,0.75467,12.0,30.66667,42.66667,23.66667,8.0,3.33333,10.0,18.33333,106.0,0,-0.04184,0.04184,0.34403,0.29707,0.47083,0.5585,0.5467,0.62254,1513.19526,1472.00067,0.44099,0.55901,2.35805,1.82577,0.33333,240.0,35.0,85.66667,0.41033,11.0,32.33333,0.34233,25.0,33.0,0.76,11.0,33.0,44.0,22.0,7.66667,7.33333,12.66667,24.0,106.0,240.0,38.0,85.33333,0.44633,8.33333,23.66667,0.35033,25.0,30.66667,0.81167,10.33333,37.66667,48.0,21.66667,7.0,7.33333,14.33333,25.66667,109.33333,0,0.04096,-0.04096,0.31489,0.29286,0.49572,0.47457,0.59495,0.57185,1448.11919,1504.98463,0.5824,0.4176,1.74208,2.47329,0.66667,,,,
240.0,49.0,91.33333,0.53467,12.33333,30.33333,0.40133,9.66667,14.66667,0.68767,8.66667,35.33333,44.0,27.33333,7.66667,6.0,11.0,19.0,120.0,240.0,40.66667,93.33333,0.43533,12.33333,34.0,0.35633,15.33333,20.33333,0.73633,14.33333,30.0,44.33333,25.66667,5.33333,4.0,11.33333,14.66667,109.0,0,-0.1332,0.1332,0.40465,0.2887,0.50253,0.60161,0.55767,0.63311,1434.94338,1573.08,0.68238,0.31762,1.47723,3.27064,0.33333,240.0,34.66667,79.33333,0.43667,9.0,31.0,0.28567,19.33333,24.33333,0.78967,8.0,29.33333,37.33333,21.33333,5.66667,4.66667,17.33333,19.66667,97.66667,240.0,45.33333,90.33333,0.501,8.66667,23.0,0.391,19.66667,22.66667,0.85667,11.66667,36.33333,48.0,27.33333,10.0,4.0,10.33333,20.33333,119.0,0,0.28351,-0.28351,0.39553,0.2219,0.54864,0.49313,0.62526,0.57683,1570.1223,1483.05935,0.41209,0.58791,2.45924,1.71124,1.0,,,,
240.0,36.0,87.0,0.412,9.33333,26.33333,0.365,13.0,19.33333,0.685,9.0,32.0,41.0,22.33333,10.33333,2.0,13.66667,23.33333,94.33333,240.0,37.66667,86.66667,0.43467,11.66667,34.66667,0.33133,17.33333,25.66667,0.68867,14.33333,37.66667,52.0,22.0,8.66667,7.0,15.33333,16.66667,104.33333,1,0.14827,-0.14827,0.44955,0.24363,0.50194,0.46604,0.56524,0.51636,1513.64491,1325.29962,0.2637,0.7363,3.90618,1.36415,1.0,240.0,44.0,93.66667,0.47033,12.33333,28.0,0.44,16.0,20.66667,0.80667,11.33333,33.0,44.33333,23.0,9.0,4.66667,13.0,22.0,116.33333,240.0,41.33333,93.0,0.443,10.33333,33.0,0.309,18.0,22.0,0.819,12.66667,35.66667,48.33333,23.0,5.33333,5.0,15.66667,20.66667,111.0,1,-0.06852,0.06852,0.41427,0.32461,0.49819,0.53682,0.5662,0.59273,1388.86181,1590.52923,0.75882,0.24118,1.3213,4.24294,0.33333,,,,
240.0,43.33333,85.66667,0.50833,11.33333,26.66667,0.41667,15.33333,19.33333,0.80267,7.66667,33.0,40.66667,28.66667,8.33333,4.0,15.66667,27.66667,113.33333,240.0,35.66667,83.33333,0.42967,8.33333,27.66667,0.30733,29.0,38.33333,0.75533,10.0,33.33333,43.33333,17.0,8.66667,5.33333,14.66667,19.66667,108.66667,1,-0.05956,0.05956,0.30258,0.26356,0.47993,0.57499,0.59458,0.63351,1478.70532,1494.78664,0.51691,0.48309,1.98052,2.13827,0.33333,248.33333,34.66667,88.33333,0.38867,7.33333,27.33333,0.271,19.33333,23.66667,0.83667,10.33333,38.33333,48.66667,19.66667,7.66667,6.0,13.66667,15.33333,96.0,248.33333,39.66667,95.66667,0.41533,12.33333,40.66667,0.29333,10.33333,13.33333,0.76467,12.66667,41.0,53.66667,26.0,7.33333,3.0,14.33333,22.0,102.0,1,0.09689,-0.09689,0.33883,0.25238,0.47905,0.43091,0.51682,0.51143,1588.12092,1530.6174,0.42826,0.57174,2.3664,1.76049,0.66667,,,,
240.0,32.33333,78.0,0.41467,6.33333,23.66667,0.30067,22.0,27.66667,0.798,9.33333,30.0,39.33333,16.0,11.0,3.66667,16.33333,24.0,93.0,240.0,37.0,77.0,0.47967,8.0,24.0,0.32767,18.33333,23.66667,0.76867,7.33333,35.33333,42.66667,24.0,9.0,7.0,17.33333,21.0,100.33333,0,0.11626,-0.11626,0.24964,0.28863,0.53156,0.45568,0.61008,0.55353,1521.27553,1482.03711,0.46294,0.53706,2.22698,1.89607,0.66667,240.0,37.0,87.33333,0.42267,9.66667,29.66667,0.32333,17.33333,22.66667,0.745,9.66667,31.66667,41.33333,21.33333,9.33333,2.33333,15.0,21.0,101.0,240.0,40.66667,84.33333,0.482,10.33333,27.66667,0.36667,19.66667,23.0,0.876,8.66667,38.0,46.66667,23.66667,8.33333,5.66667,17.33333,21.33333,111.33333,0,0.15902,-0.15902,0.2875,0.26073,0.54267,0.47768,0.62253,0.54418,1514.85974,1566.14698,0.58435,0.41565,1.73585,2.46938,0.66667,,,,
240.0,38.33333,86.66667,0.44267,11.0,31.66667,0.34567,16.0,23.33333,0.68267,13.0,29.66667,42.66667,24.66667,9.33333,2.66667,15.0,20.0,103.66667,240.0,43.0,83.0,0.51867,10.33333,26.66667,0.38633,16.33333,21.0,0.76367,7.66667,35.33333,43.0,26.33333,9.66667,5.66667,14.66667,18.33333,112.66667,0,0.11541,-0.11541,0.27607,0.38166,0.5807,0.50575,0.64381,0.56396,1488.66298,1389.26496,0.37142,0.62858,2.8899,1.64384,0.66667,240.0,37.33333,83.66667,0.446,11.66667,27.0,0.42867,16.66667,21.66667,0.76167,8.66667,30.66667,39.33333,22.66667,6.33333,4.0,14.33333,19.33333,103.0,240.0,42.0,82.33333,0.509,9.66667,25.66667,0.37133,18.0,23.66667,0.75067,7.66667,35.33333,43.0,21.33333,8.33333,4.33333,13.0,20.66667,111.66667,0,0.1234,-0.1234,0.24851,0.25417,0.56799,0.51536,0.6397,0.58254,1498.70419,1487.8482,0.49674,0.50326,2.04205,2.01723,1.0,,,,
240.0,40.33333,89.66667,0.452,7.0,22.66667,0.315,12.33333,18.33333,0.67967,10.66667,30.66667,41.33333,20.0,8.66667,5.66667,11.0,19.33333,100.0,240.0,36.66667,81.33333,0.451,12.66667,36.0,0.354,19.33333,24.66667,0.78533,12.0,34.66667,46.66667,22.33333,6.33333,7.0,14.0,17.0,105.33333,0,0.06715,-0.06715,0.38889,0.33889,0.52888,0.49087,0.60691,0.53637,1475.7898,1376.49948,0.36722,0.63278,2.7492,1.58534,0.33333,240.0,46.33333,95.33333,0.48733,12.66667,32.33333,0.39467,12.66667,16.0,0.78467,11.0,34.66667,45.66667,28.0,9.0,4.0,12.66667,16.66667,118.0,240.0,41.33333,90.66667,0.45833,12.0,35.0,0.34233,12.66667,17.33333,0.71667,11.33333,35.33333,46.66667,26.66667,8.33333,4.33333,17.0,18.0,107.33333,0,-0.1488,0.1488,0.31822,0.31484,0.52537,0.55409,0.57044,0.59908,1422.30092,1493.21166,0.59842,0.40158,1.6953,2.56957,0.33333,,,,
240.0,36.0,83.66667,0.42733,11.0,33.33333,0.32967,16.0,18.66667,0.84633,9.0,33.66667,42.66667,19.0,8.66667,5.33333,12.33333,20.33333,99.0,240.0,37.66667,79.66667,0.47267,9.33333,27.0,0.34767,17.33333,23.66667,0.72367,8.33333,34.33333,42.66667,21.0,7.33333,3.0,14.33333,17.33333,102.0,1,0.04766,-0.04766,0.25329,0.26398,0.53128,0.49364,0.6015,0.56349,1517.64201,1464.09899,0.43105,0.56895,2.36766,1.77592,0.66667,240.0,40.66667,83.33333,0.48733,12.33333,30.33333,0.408,15.0,21.33333,0.68733,8.0,32.66667,40.66667,23.66667,7.33333,5.0,17.33333,16.0,108.66667,240.0,41.33333,87.0,0.47633,8.33333,24.66667,0.33867,16.0,20.33333,0.77867,9.33333,33.33333,42.66667,21.0,10.33333,2.66667,14.0,20.33333,107.0,1,-0.01926,0.01926,0.2872,0.24246,0.52415,0.56178,0.58589,0.61723,1351.22572,1533.09401,0.74079,0.25921,1.35104,3.88243,0.33333,,,,
248.33333,41.33333,87.33333,0.47267,12.0,30.66667,0.396,17.66667,22.66667,0.76767,10.66667,33.66667,44.33333,25.33333,4.33333,3.66667,15.0,19.0,112.33333,248.33333,45.66667,89.66667,0.51133,11.33333,28.0,0.40233,16.66667,22.66667,0.73733,9.0,32.33333,41.33333,27.0,9.0,7.0,10.33333,21.0,119.33333,0,0.08958,-0.08958,0.27899,0.32803,0.57492,0.54228,0.6322,0.60843,1515.94255,1538.72329,0.53532,0.46468,2.05866,2.55294,1.0,240.0,38.33333,88.66667,0.43233,8.0,25.33333,0.32167,13.0,16.33333,0.78467,11.0,34.0,45.0,25.33333,7.33333,3.33333,15.0,22.33333,97.66667,240.0,41.0,82.33333,0.499,9.0,22.0,0.41833,19.33333,27.0,0.70233,7.33333,36.0,43.33333,22.33333,8.0,5.0,12.0,16.0,110.33333,0,0.17746,-0.17746,0.21773,0.30756,0.55316,0.47702,0.62565,0.52882,1550.69036,1442.3516,0.36563,0.63437,2.81271,1.58903,1.0,,,,
248.33333,39.0,84.33333,0.466,8.66667,25.0,0.33467,16.0,21.33333,0.75467,7.33333,30.0,37.33333,23.33333,11.33333,6.33333,13.33333,16.66667,102.66667,248.33333,38.66667,84.0,0.46733,10.66667,26.0,0.43567,13.33333,16.66667,0.82233,11.0,34.66667,45.66667,22.0,9.0,5.33333,18.33333,20.33333,101.33333,1,-0.00964,0.00964,0.36297,0.21148,0.53337,0.51681,0.58828,0.58088,1410.11928,1458.14588,0.57041,0.42959,1.79687,2.41984,0.33333,240.0,38.33333,86.66667,0.447,8.0,24.0,0.32733,15.66667,21.0,0.708,10.33333,32.33333,42.66667,22.66667,9.0,5.66667,10.66667,17.66667,100.33333,240.0,37.66667,86.0,0.43633,9.33333,27.33333,0.34033,17.66667,23.0,0.742,11.66667,36.0,47.66667,20.66667,5.66667,3.66667,14.33333,20.66667,102.33333,1,0.03516,-0.03516,0.37879,0.27064,0.49119,0.49374,0.55908,0.55397,1622.84973,1562.46635,0.41599,0.58401,2.48904,1.74417,0.66667,,,,
240.0,37.33333,86.0,0.435,9.33333,29.33333,0.31267,14.0,17.66667,0.726,8.66667,38.0,46.66667,20.66667,7.66667,4.0,13.66667,18.66667,98.0,240.0,43.0,85.0,0.50567,11.33333,29.0,0.396,12.0,17.33333,0.68833,5.33333,36.0,41.33333,27.33333,7.66667,4.66667,11.33333,15.0,109.33333,1,0.15157,-0.15157,0.14411,0.24523,0.57213,0.49026,0.61519,0.5464,1553.26746,1469.6246,0.39532,0.60468,2.63007,1.68149,1.0,240.0,40.66667,86.0,0.474,7.33333,25.33333,0.305,19.0,23.33333,0.80967,9.33333,33.0,42.33333,21.0,8.0,4.0,13.66667,22.66667,107.66667,240.0,42.66667,84.0,0.50967,11.0,26.66667,0.40533,16.33333,24.0,0.68167,7.33333,33.66667,41.0,26.33333,7.0,6.33333,12.0,22.33333,112.66667,1,0.06301,-0.06301,0.22063,0.28042,0.57406,0.51623,0.6324,0.59184,1572.29615,1473.99899,0.36892,0.63108,2.72082,1.5865,0.66667,,,,
240.0,37.0,86.0,0.429,8.33333,25.66667,0.32533,21.66667,29.33333,0.73767,11.66667,33.33333,45.0,23.66667,6.33333,5.33333,11.33333,21.33333,104.0,240.0,38.33333,87.0,0.44133,11.66667,32.0,0.371,17.0,24.0,0.702,11.66667,36.33333,48.0,22.66667,5.0,6.66667,14.33333,23.0,105.33333,0,0.01811,-0.01811,0.3547,0.32149,0.50923,0.47822,0.57191,0.56267,1482.89573,1560.90412,0.61258,0.38742,1.68442,2.73916,0.33333,240.0,35.33333,85.66667,0.412,11.66667,32.33333,0.356,19.0,23.66667,0.802,10.0,37.0,47.0,19.66667,6.66667,8.0,10.33333,23.33333,101.33333,240.0,36.0,81.66667,0.44,9.33333,27.0,0.34633,19.0,29.0,0.65367,7.0,39.33333,46.33333,16.33333,5.66667,4.66667,12.33333,18.66667,100.33333,0,-0.01052,0.01052,0.18806,0.25029,0.49706,0.4817,0.56945,0.55971,1502.70074,1503.34908,0.50098,0.49902,2.01002,2.01827,0.33333,,,,
256.66667,39.66667,85.33333,0.466,13.0,31.0,0.42267,19.33333,23.66667,0.81867,9.0,32.33333,41.33333,20.33333,7.66667,4.66667,16.66667,17.66667,111.66667,256.66667,48.33333,91.33333,0.53033,13.0,28.33333,0.459,13.0,18.66667,0.701,9.33333,35.33333,44.66667,27.0,8.33333,5.0,14.33333,21.0,122.66667,1,0.15637,-0.15637,0.29845,0.25902,0.60204,0.54235,0.64456,0.61794,1486.11237,1437.18709,0.44298,0.55702,2.25849,1.79579,0.33333,240.0,37.33333,84.66667,0.441,10.33333,27.66667,0.372,15.66667,21.66667,0.72933,10.0,31.0,41.0,26.66667,8.33333,4.0,11.66667,19.0,100.66667,240.0,38.0,85.0,0.448,10.0,31.0,0.33433,14.33333,17.66667,0.82233,10.33333,36.0,46.33333,25.33333,6.33333,2.66667,14.33333,23.33333,100.33333,1,-0.00287,0.00287,0.33297,0.27919,0.50687,0.50192,0.56554,0.56238,1416.47216,1501.12581,0.61781,0.38219,1.63186,2.67637,0.66667,,,,
240.0,39.0,88.33333,0.445,11.0,29.0,0.36333,12.0,15.66667,0.774,9.66667,34.66667,44.33333,18.66667,7.66667,7.33333,12.33333,18.33333,101.0,240.0,33.33333,86.66667,0.387,8.0,27.33333,0.297,18.33333,23.0,0.81433,11.33333,36.66667,48.0,15.33333,7.0,6.0,15.33333,14.66667,93.0,0,-0.11486,0.11486,0.32474,0.26147,0.43372,0.50992,0.50994,0.55729,1485.4909,1585.82566,0.62973,0.37027,1.59093,2.71581,0.0,240.0,37.33333,84.66667,0.444,7.33333,23.33333,0.32,9.33333,12.66667,0.734,8.66667,32.0,40.66667,22.66667,6.0,4.66667,15.33333,17.66667,91.33333,240.0,43.66667,86.0,0.508,10.66667,30.66667,0.34933,8.33333,16.33333,0.476,10.0,34.33333,44.33333,26.33333,10.66667,4.33333,11.66667,17.33333,106.33333,0,0.21654,-0.21654,0.32161,0.25065,0.57005,0.48985,0.59204,0.52812,1450.87179,1497.17595,0.59785,0.40215,1.68424,2.52534,1.0,,,,
240.0,37.33333,85.66667,0.43433,8.0,24.33333,0.32967,14.33333,19.0,0.752,7.66667,28.33333,36.0,21.0,6.0,3.33333,11.0,15.33333,97.0,240.0,44.33333,85.33333,0.52067,12.33333,28.66667,0.41333,11.33333,15.0,0.77233,9.66667,36.0,45.66667,29.66667,6.0,5.33333,13.33333,17.0,112.33333,1,0.22688,-0.22688,0.34365,0.22164,0.59244,0.48081,0.63418,0.53749,1493.48167,1490.45341,0.51351,0.48649,1.95182,2.06116,1.0,248.33333,38.66667,93.0,0.418,5.33333,21.0,0.221,16.66667,22.66667,0.70533,9.0,33.33333,42.33333,13.66667,8.0,9.66667,9.0,18.66667,99.33333,248.33333,35.33333,87.66667,0.41133,10.66667,31.33333,0.34167,17.33333,20.33333,0.86467,9.0,40.33333,49.33333,18.33333,4.33333,5.33333,17.0,21.33333,98.66667,1,-0.01049,0.01049,0.2636,0.22226,0.47458,0.44485,0.5447,0.50897,1467.77574,1586.99164,0.66451,0.33549,1.50774,3.00315,0.33333,,,,
240.0,36.33333,83.66667,0.43433,8.0,25.33333,0.32467,21.0,29.33333,0.70567,10.66667,34.33333,45.0,17.0,6.66667,4.0,12.66667,13.33333,101.66667,240.0,41.66667,84.66667,0.49233,9.66667,25.33333,0.37033,9.33333,13.33333,0.71867,6.66667,35.66667,42.33333,26.66667,7.0,4.33333,13.33333,22.33333,102.33333,1,0.01672,-0.01672,0.20181,0.3003,0.54934,0.48214,0.58454,0.56396,1493.86512,1521.97875,0.53667,0.46333,1.86944,2.16744,0.66667,240.0,42.33333,85.66667,0.49467,13.0,29.0,0.44,14.66667,19.0,0.80067,8.66667,33.0,41.66667,29.66667,10.66667,7.66667,14.0,20.33333,112.33333,240.0,38.0,87.0,0.44,10.66667,32.66667,0.33133,14.0,18.0,0.781,10.33333,30.66667,41.0,23.33333,6.0,7.0,16.33333,18.0,100.66667,1,-0.15204,0.15204,0.31352,0.29021,0.50227,0.57042,0.5578,0.62623,1398.00583,1587.44776,0.73766,0.26234,1.35881,3.87537,0.33333,,,,
240.0,39.33333,86.0,0.45667,11.0,32.66667,0.33667,10.33333,13.0,0.723,9.0,36.33333,45.33333,21.33333,9.33333,4.33333,13.33333,17.0,100.0,240.0,39.66667,82.33333,0.48333,11.0,29.66667,0.37,11.66667,17.33333,0.66867,7.0,32.66667,39.66667,23.33333,7.66667,2.66667,13.66667,14.66667,102.0,0,0.03154,-0.03154,0.21085,0.27461,0.54971,0.52106,0.59324,0.56252,1531.24921,1466.35464,0.41138,0.58862,2.47887,1.71695,0.66667,240.0,39.33333,82.66667,0.47567,12.66667,32.0,0.38867,16.33333,19.33333,0.87,5.33333,33.66667,39.0,22.66667,5.0,5.33333,10.66667,24.66667,107.66667,240.0,37.0,81.66667,0.45533,8.66667,23.33333,0.37267,21.66667,33.0,0.64667,10.66667,35.33333,46.0,17.66667,5.0,5.0,12.66667,17.66667,104.33333,0,-0.04974,0.04974,0.31535,0.15487,0.50892,0.55316,0.59004,0.6199,1486.93737,1522.68908,0.54515,0.45485,1.85293,2.23617,0.33333,,,,
240.0,38.66667,83.33333,0.46533,10.66667,31.66667,0.34733,19.66667,24.33333,0.808,9.0,31.66667,40.66667,21.33333,6.33333,3.33333,15.33333,18.66667,107.66667,240.0,46.66667,90.33333,0.51767,15.0,33.0,0.45533,12.66667,17.33333,0.73,9.66667,33.66667,43.33333,28.0,8.66667,4.66667,11.66667,22.33333,121.0,1,0.18552,-0.18552,0.31307,0.27093,0.60081,0.53045,0.64385,0.60869,1517.15405,1443.04477,0.40867,0.59133,2.48913,1.70322,0.66667,240.0,33.0,83.33333,0.39633,11.0,31.0,0.35633,22.33333,27.66667,0.798,11.66667,32.66667,44.33333,18.66667,9.66667,4.33333,11.0,19.66667,99.33333,240.0,36.33333,86.66667,0.42067,6.33333,17.0,0.38533,18.0,24.0,0.75567,13.66667,34.33333,48.0,17.33333,6.66667,5.0,13.66667,21.33333,97.0,1,-0.03411,0.03411,0.4188,0.3499,0.45813,0.46204,0.53047,0.55566,1491.812,1535.60638,0.56004,0.43996,1.80173,2.30252,0.33333,,,,
240.0,42.33333,88.66667,0.48133,9.66667,25.33333,0.37167,12.66667,16.33333,0.78233,12.33333,34.66667,47.0,22.33333,4.66667,7.33333,12.0,20.33333,107.0,240.0,40.66667,86.0,0.47533,6.66667,22.0,0.27767,14.0,19.66667,0.72933,9.33333,30.33333,39.66667,19.66667,5.33333,8.0,10.33333,19.66667,102.0,0,-0.06568,0.06568,0.28551,0.41378,0.51502,0.53778,0.56763,0.58517,1502.25499,1472.44206,0.45397,0.54603,2.37189,1.92078,0.0,240.0,41.66667,90.0,0.46267,15.66667,40.33333,0.393,16.0,19.0,0.84533,10.33333,38.0,48.33333,26.33333,7.66667,6.0,13.0,15.0,115.0,240.0,41.66667,88.66667,0.47,14.0,32.33333,0.43167,12.33333,15.33333,0.78067,6.0,34.0,40.0,27.33333,7.0,5.0,12.66667,16.0,109.66667,0,-0.066,0.066,0.15893,0.30392,0.5492,0.55043,0.59588,0.61073,1436.57092,1573.20145,0.68127,0.31873,1.47905,3.23432,0.33333,,,,
240.0,37.0,87.66667,0.42233,7.33333,26.0,0.28133,15.0,21.66667,0.69033,12.33333,34.33333,46.66667,17.66667,8.0,6.0,12.66667,20.33333,96.33333,240.0,37.0,83.66667,0.443,11.0,29.0,0.369,18.0,24.33333,0.742,10.66667,35.33333,46.0,20.66667,6.66667,6.0,11.66667,18.66667,103.0,1,0.09321,-0.09321,0.31487,0.33853,0.50761,0.46414,0.57809,0.52191,1496.60018,1554.37414,0.59194,0.40806,1.75885,2.74144,0.66667,240.0,41.33333,87.66667,0.47167,10.0,28.66667,0.336,17.66667,23.33333,0.74867,11.66667,32.66667,44.33333,27.66667,8.33333,5.66667,15.0,24.66667,110.33333,240.0,41.33333,87.33333,0.474,10.0,31.33333,0.31667,20.33333,28.66667,0.702,11.33333,31.66667,43.0,25.33333,9.33333,4.33333,15.0,20.0,113.0,1,0.03117,-0.03117,0.34459,0.36895,0.53232,0.52872,0.60496,0.59471,1523.84288,1503.50507,0.47906,0.52094,2.27055,2.0938,0.66667,,,,
240.0,41.0,83.33333,0.49133,12.66667,32.33333,0.38467,16.33333,21.33333,0.749,5.33333,31.33333,36.66667,22.0,7.33333,5.0,10.33333,21.33333,111.0,240.0,42.0,86.33333,0.48667,9.33333,28.0,0.33533,16.33333,26.33333,0.631,10.0,35.0,45.0,19.0,6.66667,4.0,13.33333,21.66667,109.66667,0,-0.01569,0.01569,0.33466,0.15616,0.54079,0.56661,0.59522,0.63015,1526.41331,1496.16639,0.45692,0.54308,2.20703,1.85147,0.33333,240.0,37.66667,87.0,0.43533,11.33333,30.0,0.379,15.66667,20.33333,0.74133,10.66667,33.0,43.66667,21.33333,4.66667,4.0,11.66667,15.66667,102.33333,240.0,43.66667,92.33333,0.47367,11.66667,30.0,0.38233,10.66667,12.0,0.86667,10.66667,35.33333,46.0,19.0,6.66667,6.0,9.66667,17.0,109.66667,0,0.10629,-0.10629,0.32015,0.31011,0.53698,0.50047,0.57831,0.56126,1494.64385,1475.63022,0.48417,0.51583,2.1733,2.00727,1.0,,,,
240.0,37.0,88.0,0.42067,12.0,35.33333,0.33133,17.66667,22.66667,0.77867,11.66667,29.66667,41.33333,23.0,9.66667,2.0,16.0,18.66667,103.66667,240.0,46.0,86.66667,0.53267,13.33333,30.66667,0.43233,13.0,16.66667,0.78833,8.0,37.0,45.0,25.66667,10.0,7.0,14.66667,16.0,118.33333,1,0.19022,-0.19022,0.28682,0.31539,0.6095,0.48801,0.65692,0.55619,1528.1844,1380.23987,0.31255,0.68745,3.21819,1.45647,1.0,240.0,36.0,78.33333,0.459,9.0,26.0,0.344,15.66667,18.0,0.868,6.33333,32.0,38.33333,19.66667,8.0,4.0,15.33333,25.0,96.66667,240.0,35.0,83.66667,0.417,8.0,28.33333,0.28967,18.33333,26.0,0.689,13.66667,31.0,44.66667,21.66667,10.33333,4.0,14.66667,19.66667,96.33333,1,0.00597,-0.00597,0.43233,0.2052,0.4649,0.51618,0.54165,0.58591,1524.18657,1452.28414,0.39283,0.60717,2.60995,1.66457,0.66667,,,,
240.0,35.66667,78.0,0.45533,9.33333,26.33333,0.34133,18.66667,23.66667,0.79467,7.0,30.66667,37.66667,21.66667,9.33333,6.0,13.33333,20.33333,99.33333,240.0,36.66667,77.66667,0.47333,11.33333,24.66667,0.47133,18.0,22.0,0.855,8.66667,33.33333,42.0,20.0,8.33333,3.66667,16.0,21.33333,102.66667,1,0.06196,-0.06196,0.29218,0.21023,0.54674,0.51469,0.62448,0.59549,1416.17721,1458.62389,0.56888,0.43112,1.80428,2.41474,0.66667,240.0,40.33333,82.0,0.49167,13.0,29.0,0.45067,20.0,26.66667,0.752,8.0,35.0,43.0,24.0,6.66667,3.66667,14.33333,16.33333,113.66667,240.0,40.0,85.33333,0.47,11.33333,29.33333,0.38667,15.0,18.0,0.81833,5.66667,33.0,38.66667,24.33333,7.0,4.0,12.0,21.66667,106.33333,1,-0.09297,0.09297,0.17457,0.24577,0.53677,0.57091,0.59725,0.64617,1491.08895,1505.82751,0.50781,0.49219,1.99571,2.06282,0.0,,,,
240.0,38.66667,91.33333,0.424,16.0,48.33333,0.328,16.66667,20.66667,0.809,12.66667,34.33333,47.0,22.33333,8.66667,4.66667,13.0,16.33333,110.0,240.0,40.33333,81.66667,0.495,12.0,28.66667,0.41767,12.33333,15.66667,0.787,3.66667,35.0,38.66667,27.66667,5.66667,6.0,16.0,17.66667,105.0,1,-0.06875,0.06875,0.11474,0.36222,0.56838,0.51262,0.61719,0.57498,1447.26159,1615.86054,0.72303,0.27697,1.39131,3.75045,0.33333,248.33333,35.0,86.66667,0.40367,8.66667,29.0,0.302,15.0,22.33333,0.68067,12.33333,36.66667,49.0,22.0,4.33333,3.0,13.0,24.0,93.66667,248.33333,38.33333,86.66667,0.44433,10.0,33.33333,0.30833,17.66667,22.33333,0.78533,6.0,37.0,43.0,22.33333,6.66667,4.0,7.66667,20.0,104.33333,1,0.16872,-0.16872,0.17986,0.32745,0.50181,0.45436,0.57136,0.51297,1501.42817,1459.49212,0.45931,0.54069,2.28152,1.9264,0.66667,,,,
240.0,35.66667,84.66667,0.419,5.0,16.66667,0.27767,18.0,22.66667,0.81667,9.0,28.33333,37.33333,14.66667,8.33333,6.0,9.0,16.0,94.33333,240.0,38.33333,85.33333,0.454,10.33333,32.33333,0.32967,12.0,14.33333,0.832,12.0,36.33333,48.33333,23.33333,4.33333,5.66667,15.0,20.0,99.0,0,0.07091,-0.07091,0.41231,0.2474,0.51761,0.4484,0.56718,0.52674,1480.39372,1573.88776,0.62807,0.37193,1.66934,3.11632,1.0,256.66667,47.0,91.66667,0.513,10.66667,27.0,0.393,21.33333,29.66667,0.724,9.0,37.33333,46.33333,29.0,5.66667,5.33333,12.66667,25.33333,126.0,256.66667,45.33333,98.33333,0.46133,15.66667,46.66667,0.334,21.33333,28.66667,0.724,12.66667,30.66667,43.33333,24.66667,7.0,5.66667,11.33333,26.66667,127.66667,0,0.01664,-0.01664,0.34615,0.30357,0.54153,0.57165,0.6089,0.64261,1616.1396,1527.6705,0.37758,0.62242,2.83527,1.65351,0.66667,,,,
240.0,41.66667,85.33333,0.491,10.66667,25.0,0.42833,11.0,14.0,0.778,8.66667,35.0,43.66667,21.0,6.66667,2.33333,9.33333,18.66667,105.0,240.0,36.0,86.66667,0.41667,9.33333,34.0,0.27633,15.66667,19.0,0.83833,12.33333,34.33333,46.66667,16.0,6.33333,5.0,12.0,13.0,97.0,0,-0.10099,0.10099,0.3526,0.25549,0.4705,0.55513,0.53486,0.59853,1442.38519,1507.50172,0.58331,0.41669,1.72686,2.43806,0.33333,240.0,34.0,85.66667,0.39633,9.33333,25.0,0.378,16.0,21.66667,0.742,9.0,32.66667,41.66667,19.33333,8.66667,4.33333,17.0,16.66667,93.33333,240.0,40.33333,83.33333,0.48433,13.66667,36.33333,0.37633,13.66667,20.0,0.66333,9.0,41.33333,50.33333,28.0,13.33333,4.66667,19.33333,21.66667,108.0,0,0.20887,-0.20887,0.27025,0.21665,0.56604,0.45044,0.61466,0.51458,1437.70383,1431.53183,0.51957,0.48043,2.01387,2.20348,1.0,,,,
240.0,43.66667,88.0,0.49633,11.0,29.0,0.386,24.0,30.66667,0.781,11.33333,33.33333,44.66667,25.0,8.33333,4.66667,14.66667,19.66667,122.33333,240.0,42.0,86.0,0.488,6.33333,22.66667,0.27133,18.66667,23.33333,0.785,8.33333,29.0,37.33333,24.66667,8.33333,4.0,14.33333,22.66667,109.0,0,-0.16739,0.16739,0.25347,0.4132,0.52605,0.55929,0.59994,0.64632,1473.51459,1499.89902,0.50995,0.49005,2.30776,2.34788,0.0,240.0,42.0,82.66667,0.50867,13.0,25.33333,0.51833,14.33333,16.66667,0.88333,7.33333,33.0,40.33333,24.0,7.0,3.33333,15.33333,20.66667,111.33333,240.0,38.66667,85.33333,0.45267,9.0,32.0,0.28233,16.0,21.33333,0.77133,10.0,32.0,42.0,17.66667,9.0,4.66667,14.66667,17.66667,102.33333,0,-0.12622,0.12622,0.31527,0.23279,0.50534,0.58831,0.56742,0.64621,1460.1032,1495.69256,0.53805,0.46195,1.86115,2.16903,0.0,,,,
248.33333,39.66667,90.66667,0.43933,10.0,29.0,0.34533,14.33333,17.66667,0.85367,9.66667,34.66667,44.33333,24.66667,8.0,3.0,14.33333,23.0,103.66667,248.33333,40.66667,89.0,0.458,11.0,33.33333,0.35133,20.33333,24.66667,0.824,10.33333,36.66667,47.0,22.0,7.66667,5.0,14.0,19.0,112.66667,1,0.12247,-0.12247,0.38194,0.26061,0.51981,0.49464,0.59875,0.54819,1502.4151,1444.38932,0.42788,0.57212,2.38963,1.77005,0.66667,240.0,41.0,86.66667,0.474,12.33333,32.66667,0.38033,17.33333,21.0,0.81933,7.33333,37.33333,44.66667,29.0,6.0,4.66667,13.66667,15.33333,111.66667,240.0,43.0,93.66667,0.46167,14.33333,38.0,0.37933,12.33333,14.66667,0.818,9.0,35.66667,44.66667,26.0,8.66667,4.0,11.33333,17.66667,112.66667,1,0.01339,-0.01339,0.23338,0.21016,0.54011,0.54529,0.58552,0.61287,1433.58767,1544.62907,0.65122,0.34878,1.55809,3.06737,0.66667,,,,
240.0,35.0,79.33333,0.44067,10.0,28.33333,0.343,15.66667,21.0,0.78667,9.33333,30.0,39.33333,19.0,6.66667,2.66667,14.0,28.66667,95.66667,240.0,35.0,73.0,0.47833,7.66667,24.0,0.32267,26.0,31.66667,0.82167,7.33333,33.33333,40.66667,20.33333,6.33333,3.66667,14.33333,19.0,103.66667,0,0.11915,-0.11915,0.2493,0.28254,0.53109,0.50313,0.64777,0.56789,1508.02753,1450.72033,0.42692,0.57308,2.35318,1.74916,1.0,240.0,38.0,81.33333,0.46933,8.66667,30.33333,0.289,18.33333,27.0,0.678,11.33333,29.33333,40.66667,20.33333,4.66667,3.66667,15.33333,19.33333,103.0,240.0,45.66667,83.33333,0.54833,6.66667,21.0,0.313,13.66667,18.33333,0.76233,6.0,32.33333,38.33333,28.33333,9.0,2.33333,11.0,22.33333,111.66667,0,0.1182,-0.1182,0.21133,0.3566,0.58868,0.52255,0.63937,0.59143,1503.33637,1429.2407,0.40587,0.59413,2.59084,1.73548,1.0,,,,
240.0,39.33333,88.0,0.44567,9.66667,25.0,0.39,11.66667,15.33333,0.767,10.66667,32.66667,43.33333,23.0,9.0,5.66667,14.0,19.0,100.0,240.0,37.66667,85.66667,0.43967,12.33333,35.0,0.34967,18.0,22.33333,0.80833,12.0,33.66667,45.66667,23.0,8.33333,6.33333,15.0,16.0,105.66667,1,0.08316,-0.08316,0.36711,0.32129,0.51163,0.50128,0.58311,0.54723,1458.50543,1321.70832,0.32149,0.67851,3.2639,1.48828,0.66667,248.33333,33.66667,80.33333,0.41833,6.33333,24.33333,0.28033,21.0,23.33333,0.89867,8.0,33.0,41.0,12.66667,8.33333,4.33333,15.0,22.33333,94.66667,248.33333,37.66667,84.33333,0.449,10.66667,33.33333,0.325,16.33333,20.0,0.81667,8.66667,34.66667,43.33333,22.66667,8.0,6.33333,11.66667,17.66667,102.33333,1,0.12172,-0.12172,0.26661,0.24188,0.51237,0.45757,0.57873,0.55359,1478.92319,1471.28589,0.50397,0.49603,1.98535,2.01722,1.0,,,,
240.0,36.0,79.0,0.455,10.33333,31.33333,0.32933,20.33333,24.66667,0.86833,7.66667,32.33333,40.0,21.0,6.0,5.0,15.66667,21.0,102.66667,240.0,39.66667,87.33333,0.45367,7.0,23.0,0.32733,20.0,23.33333,0.86667,11.0,33.33333,44.33333,23.33333,9.66667,3.66667,10.66667,22.33333,106.33333,1,0.0483,-0.0483,0.34747,0.22974,0.49393,0.51996,0.57462,0.60797,1495.20525,1494.89902,0.50509,0.49491,2.00835,2.04721,0.66667,256.66667,37.0,87.33333,0.42133,11.66667,29.33333,0.394,23.33333,28.0,0.83567,12.0,36.66667,48.66667,20.0,9.33333,5.66667,13.0,19.33333,109.0,256.66667,40.33333,92.33333,0.43533,7.0,19.66667,0.34667,15.0,22.33333,0.68,13.66667,35.0,48.66667,21.0,5.66667,7.0,14.0,21.33333,102.66667,1,-0.09051,0.09051,0.37427,0.35429,0.47338,0.48751,0.52692,0.58235,1483.68955,1491.03881,0.50418,0.49582,2.01024,2.04773,0.0,,,,
256.66667,38.33333,86.0,0.44467,13.0,32.33333,0.402,17.33333,20.33333,0.85167,7.66667,35.66667,43.33333,22.33333,7.33333,4.0,16.0,19.0,107.0,256.66667,43.66667,91.33333,0.47933,12.0,33.66667,0.38933,14.33333,20.66667,0.69767,10.0,38.33333,48.33333,25.0,6.33333,5.66667,14.33333,20.0,113.66667,0,0.09444,-0.09444,0.29801,0.19729,0.54588,0.52024,0.59526,0.59096,1455.53308,1437.58615,0.47374,0.52626,2.12307,1.90996,0.33333,240.0,41.0,92.0,0.446,11.66667,34.66667,0.337,15.0,17.33333,0.86267,12.0,28.66667,40.66667,22.66667,6.66667,3.66667,12.33333,23.0,108.66667,240.0,43.33333,80.66667,0.53667,6.66667,22.66667,0.3,20.66667,25.33333,0.81233,8.0,33.66667,41.66667,26.66667,6.66667,6.66667,14.66667,16.33333,114.0,0,0.06926,-0.06926,0.28993,0.35749,0.57797,0.5105,0.66086,0.56931,1494.1194,1482.12479,0.4893,0.5107,2.04968,1.96308,1.0,,,,
240.0,40.66667,82.33333,0.49367,9.33333,22.33333,0.44067,18.0,23.0,0.77567,9.66667,34.33333,44.0,24.66667,5.33333,9.33333,13.0,18.66667,108.66667,240.0,40.66667,91.0,0.445,10.33333,29.0,0.357,17.33333,23.0,0.732,14.0,30.0,44.0,24.0,8.66667,3.33333,11.33333,18.0,109.0,1,0.00609,-0.00609,0.43432,0.32747,0.50165,0.55035,0.56695,0.62137,1499.35637,1471.47931,0.46373,0.53627,2.26806,1.9186,0.66667,240.0,38.66667,80.0,0.484,13.33333,32.0,0.435,15.33333,17.66667,0.89167,8.0,35.66667,43.66667,23.0,7.0,3.0,16.33333,18.33333,106.0,240.0,37.33333,82.33333,0.453,8.66667,32.0,0.27167,15.33333,18.33333,0.83467,6.66667,32.33333,39.0,19.33333,11.66667,4.0,12.66667,19.0,98.66667,1,-0.10385,0.10385,0.1879,0.24868,0.50615,0.56752,0.57114,0.63301,1466.11461,1516.98874,0.55978,0.44022,1.78948,2.27769,0.33333,,,,
240.0,41.0,87.0,0.46733,9.66667,28.66667,0.32567,13.33333,19.66667,0.67833,9.66667,33.33333,43.0,19.66667,6.66667,5.0,14.0,20.66667,105.0,240.0,41.0,89.33333,0.46033,11.0,29.66667,0.362,18.66667,24.33333,0.771,12.66667,31.66667,44.33333,25.0,7.33333,4.33333,10.33333,18.66667,111.66667,1,0.10391,-0.10391,0.37878,0.30628,0.52201,0.52164,0.59147,0.57171,1493.37814,1563.59073,0.61012,0.38988,1.70483,2.84528,0.66667,240.0,34.66667,79.33333,0.436,14.0,35.0,0.40033,18.33333,21.33333,0.88533,5.66667,36.66667,42.33333,20.66667,5.33333,7.33333,12.33333,22.66667,101.66667,240.0,35.66667,83.0,0.43,8.66667,25.33333,0.34067,20.33333,31.0,0.65167,10.33333,36.66667,47.0,16.0,7.0,3.33333,11.33333,17.33333,100.33333,1,-0.01526,0.01526,0.28028,0.15642,0.48247,0.5241,0.55964,0.60394,1494.99684,1511.97874,0.52469,0.47531,1.94144,2.15967,0.33333,,,,
240.0,37.66667,89.33333,0.42267,7.0,20.0,0.35067,13.0,20.33333,0.64167,10.0,29.0,39.0,22.0,12.66667,5.0,13.66667,20.66667,95.33333,240.0,42.33333,80.0,0.52833,12.33333,32.33333,0.383,18.66667,24.66667,0.74767,7.66667,40.0,47.66667,30.0,10.0,5.66667,17.66667,19.33333,115.66667,0,0.27567,-0.27567,0.26375,0.25384,0.60535,0.4617,0.67543,0.50953,1478.01623,1350.69339,0.34787,0.65213,2.92995,1.54075,1.0,240.0,43.0,85.0,0.50633,11.33333,28.66667,0.39533,12.66667,19.0,0.64067,9.33333,31.0,40.33333,23.66667,8.0,4.66667,10.33333,20.33333,110.0,240.0,39.33333,85.33333,0.46033,10.0,29.33333,0.33733,16.0,23.0,0.69,10.66667,32.0,42.66667,18.0,5.0,4.33333,12.33333,18.66667,104.66667,0,-0.0701,0.0701,0.34632,0.29148,0.51906,0.57242,0.5783,0.617,1561.75355,1496.72679,0.39916,0.60084,2.50532,1.66434,0.0,,,,
240.0,36.66667,88.0,0.41833,6.33333,25.66667,0.25067,16.0,21.33333,0.74167,11.0,29.66667,40.66667,15.66667,6.66667,4.33333,13.66667,20.0,95.66667,240.0,41.33333,86.33333,0.479,12.0,29.33333,0.40867,17.0,21.0,0.811,12.66667,38.66667,51.33333,22.66667,7.66667,5.66667,14.66667,20.0,111.66667,0,0.21549,-0.21549,0.43434,0.27692,0.54814,0.45428,0.61378,0.51798,1501.3017,1396.12961,0.37321,0.62679,2.71244,1.60156,1.0,240.0,43.33333,84.0,0.51633,11.0,25.33333,0.427,19.66667,23.33333,0.84933,8.33333,40.66667,49.0,27.66667,7.0,5.33333,16.0,21.0,117.33333,240.0,42.33333,91.33333,0.46367,13.0,33.0,0.37667,16.33333,21.0,0.77067,7.66667,30.33333,38.0,28.0,8.0,2.33333,10.66667,20.33333,114.0,0,-0.04281,0.04281,0.18968,0.277,0.53502,0.58224,0.59473,0.65913,1493.96028,1517.40745,0.53059,0.46941,1.96352,2.28909,0.0,,,,
240.0,39.66667,87.66667,0.45333,7.66667,25.0,0.30433,16.0,21.66667,0.81567,9.66667,31.0,40.66667,23.33333,8.0,2.66667,13.0,19.66667,103.0,240.0,42.33333,93.33333,0.45333,13.66667,34.0,0.40067,15.0,20.33333,0.75333,16.33333,37.0,53.33333,22.0,5.66667,5.66667,14.33333,20.66667,113.33333,0,0.14025,-0.14025,0.56105,0.25639,0.52678,0.49747,0.57952,0.55673,1543.67564,1451.4631,0.38802,0.61198,2.74897,1.68543,0.66667,240.0,44.33333,93.0,0.47767,10.0,25.33333,0.39567,14.0,18.0,0.81867,12.0,30.0,42.0,22.66667,10.0,7.33333,12.66667,20.66667,112.66667,240.0,41.66667,90.33333,0.45933,12.0,33.0,0.36267,16.0,20.0,0.80633,13.33333,32.33333,45.66667,25.33333,6.0,5.33333,17.33333,20.0,111.33333,0,-0.01572,0.01572,0.45396,0.37412,0.52566,0.5315,0.58621,0.58097,1387.91015,1490.91065,0.63175,0.36825,1.72965,3.28152,0.33333,,,,
240.0,40.66667,81.0,0.50267,8.0,21.66667,0.36767,17.0,20.33333,0.85867,8.66667,33.33333,42.0,25.33333,9.0,5.0,18.66667,25.66667,106.33333,240.0,34.0,83.0,0.409,8.0,29.33333,0.27667,21.33333,28.33333,0.755,8.33333,29.66667,38.0,16.33333,8.66667,6.0,16.0,20.33333,97.33333,0,-0.128,0.128,0.24955,0.31606,0.4575,0.55237,0.54346,0.62328,1506.66056,1503.87391,0.48626,0.51374,2.14314,2.04108,0.0,240.0,35.0,86.0,0.40767,10.0,29.66667,0.33633,20.33333,24.0,0.83933,11.66667,32.66667,44.33333,21.66667,8.66667,7.66667,16.0,19.33333,100.33333,240.0,40.66667,87.0,0.46867,10.0,28.0,0.36867,20.0,24.66667,0.80033,11.66667,35.33333,47.0,23.66667,9.66667,5.33333,14.0,20.66667,111.33333,0,0.15433,-0.15433,0.35543,0.33793,0.52622,0.46553,0.60366,0.549,1454.49875,1412.79338,0.45881,0.54119,2.28346,1.89644,1.0,,,,
273.33333,43.33333,90.0,0.48267,12.33333,32.0,0.38367,22.0,25.0,0.879,6.66667,43.33333,50.0,27.66667,8.66667,4.0,18.66667,24.66667,121.0,273.33333,43.33333,100.33333,0.432,12.33333,38.0,0.34933,17.0,23.33333,0.72033,11.66667,38.66667,50.33333,27.66667,8.0,5.33333,14.66667,23.0,116.0,0,-0.0706,0.0706,0.26884,0.17037,0.49301,0.55194,0.54898,0.63558,1457.52668,1442.54204,0.46501,0.53499,2.16769,1.88184,0.33333,240.0,38.0,88.66667,0.42833,10.66667,33.0,0.32167,19.66667,23.66667,0.82467,10.33333,31.33333,41.66667,21.33333,9.66667,2.0,16.66667,23.0,106.33333,240.0,41.0,82.66667,0.49533,9.0,26.0,0.34433,21.0,25.0,0.849,8.0,35.33333,43.33333,24.66667,9.66667,5.66667,18.66667,21.66667,112.0,0,0.07765,-0.07765,0.26854,0.29154,0.54986,0.48899,0.63471,0.5664,1520.22718,1560.12864,0.56651,0.43349,1.81759,2.40624,0.66667,,,,
240.0,40.33333,83.66667,0.48233,11.66667,31.33333,0.35533,16.33333,20.33333,0.79167,6.66667,33.0,39.66667,27.33333,7.66667,6.66667,17.66667,18.66667,108.66667,240.0,46.33333,94.66667,0.49267,12.66667,34.66667,0.378,13.66667,18.66667,0.752,11.0,34.66667,45.66667,22.66667,13.33333,2.66667,12.33333,19.66667,119.0,1,0.1325,-0.1325,0.33374,0.1916,0.56092,0.55236,0.60704,0.61673,1515.1022,1636.84357,0.68023,0.31977,1.5157,3.46437,0.66667,240.0,44.33333,85.0,0.523,12.0,28.66667,0.41867,15.33333,21.0,0.716,7.33333,27.66667,35.0,25.66667,11.66667,4.33333,12.33333,17.0,116.0,240.0,40.0,79.66667,0.50333,9.66667,23.33333,0.425,17.0,21.33333,0.79033,8.66667,33.0,41.66667,20.33333,8.0,2.66667,17.33333,20.0,106.66667,1,-0.12121,0.12121,0.31542,0.22193,0.56527,0.59375,0.6342,0.64883,1342.97004,1504.90246,0.70924,0.29076,1.4138,3.49522,0.0,,,,
240.0,38.0,88.33333,0.43633,7.66667,25.66667,0.29567,10.0,13.66667,0.72467,10.0,34.33333,44.33333,19.33333,6.66667,3.33333,10.33333,17.33333,93.66667,240.0,39.0,85.0,0.46267,9.33333,31.0,0.30233,10.33333,15.66667,0.636,9.66667,37.66667,47.33333,18.0,8.0,6.66667,12.66667,13.33333,97.66667,1,0.06903,-0.06903,0.27784,0.26703,0.51769,0.48307,0.55439,0.52248,1465.46505,1504.02766,0.56494,0.43506,1.77406,2.30712,0.66667,240.0,35.0,85.33333,0.409,6.33333,24.0,0.28,15.66667,19.0,0.81933,10.66667,33.0,43.66667,23.66667,8.66667,4.66667,15.66667,21.66667,92.0,240.0,41.0,82.0,0.501,11.33333,25.66667,0.44533,18.0,25.0,0.721,7.66667,35.66667,43.33333,24.0,8.66667,4.33333,13.0,17.0,111.33333,1,0.28318,-0.28318,0.2339,0.30139,0.57028,0.44625,0.63764,0.51233,1553.05662,1461.41945,0.39738,0.60262,2.64414,1.68977,1.0,,,,
240.0,39.0,89.33333,0.43867,9.0,28.33333,0.312,17.0,21.0,0.863,9.33333,31.33333,40.66667,24.33333,8.66667,4.0,12.66667,20.33333,104.0,240.0,41.0,90.0,0.45733,13.0,31.0,0.42333,18.33333,23.33333,0.78433,14.33333,37.33333,51.66667,22.33333,7.0,7.0,15.66667,21.66667,113.33333,0,0.12742,-0.12742,0.49452,0.24593,0.52943,0.48907,0.59836,0.55325,1484.80354,1448.04677,0.46215,0.53785,2.23638,1.89591,0.66667,240.0,34.66667,88.66667,0.39167,8.33333,23.0,0.361,12.66667,18.66667,0.66033,12.66667,35.66667,48.33333,20.0,10.0,6.33333,13.0,16.33333,90.33333,240.0,35.0,86.66667,0.40467,9.0,28.0,0.32,12.66667,18.0,0.696,12.33333,38.0,50.33333,21.0,8.0,7.33333,14.66667,19.0,91.66667,0,0.02255,-0.02255,0.3501,0.3299,0.45767,0.43889,0.50781,0.48758,1621.21401,1502.94174,0.33795,0.66205,3.02702,1.51999,0.66667,,,,
240.0,36.66667,88.33333,0.418,8.33333,29.66667,0.283,17.33333,21.66667,0.81033,12.0,30.33333,42.33333,23.0,4.33333,4.33333,11.0,20.66667,99.0,240.0,41.33333,82.33333,0.502,7.33333,23.33333,0.30567,17.33333,23.33333,0.74767,8.66667,37.0,45.66667,21.33333,5.66667,7.0,10.33333,21.66667,107.33333,0,0.11442,-0.11442,0.29412,0.31578,0.54645,0.46631,0.61344,0.5355,1487.31202,1388.02307,0.36805,0.63195,2.72648,1.5844,1.0,240.0,41.0,86.0,0.47733,8.33333,24.66667,0.33967,16.33333,20.33333,0.79333,9.66667,30.33333,40.0,20.66667,11.0,4.66667,13.66667,21.0,106.66667,240.0,42.0,79.0,0.531,9.0,23.0,0.39067,16.33333,24.0,0.68167,6.33333,34.0,40.33333,25.66667,7.66667,4.0,16.33333,20.0,109.33333,0,0.03216,-0.03216,0.21667,0.28704,0.58784,0.52529,0.64805,0.59052,1574.70688,1479.79354,0.37332,0.62668,2.6837,1.59672,0.33333,,,,
240.0,39.0,83.33333,0.46633,11.66667,32.33333,0.36333,15.33333,18.66667,0.813,8.33333,29.33333,37.66667,22.66667,11.66667,5.0,12.0,21.0,105.0,240.0,37.0,76.0,0.488,10.66667,24.33333,0.45067,18.0,23.66667,0.757,8.33333,34.0,42.33333,20.33333,8.33333,2.33333,18.0,19.0,102.66667,0,-0.02125,0.02125,0.29516,0.24346,0.55858,0.5369,0.63414,0.60092,1470.23222,1461.35754,0.48842,0.51158,2.19159,2.1108,0.33333,240.0,37.33333,82.33333,0.45433,10.66667,27.0,0.39067,16.33333,20.0,0.813,7.0,35.66667,42.66667,27.33333,8.33333,4.0,12.33333,18.66667,101.66667,240.0,37.33333,89.0,0.42033,10.0,37.66667,0.27967,13.0,16.66667,0.798,10.66667,35.33333,46.0,27.33333,6.0,3.0,12.66667,22.0,97.66667,0,-0.05392,0.05392,0.31227,0.20219,0.47652,0.51959,0.52795,0.58722,1411.72224,1499.27135,0.60836,0.39164,1.66437,2.63186,0.66667,,,,
240.0,40.66667,92.33333,0.44267,11.0,32.33333,0.33,10.33333,14.66667,0.70733,10.0,34.0,44.0,19.33333,7.33333,6.66667,11.0,20.0,102.66667,240.0,36.0,88.0,0.411,8.0,28.33333,0.28533,18.66667,25.33333,0.77867,9.66667,38.0,47.66667,16.33333,6.66667,5.66667,15.0,16.33333,98.66667,1,-0.05551,0.05551,0.2869,0.26393,0.45705,0.50308,0.52949,0.54047,1480.11428,1588.00704,0.64459,0.35541,1.55537,2.83544,0.33333,240.0,41.0,94.0,0.43667,8.33333,30.33333,0.271,20.33333,24.33333,0.83067,17.0,29.0,46.0,21.33333,9.0,5.0,14.66667,22.66667,110.66667,240.0,43.66667,83.33333,0.52567,9.66667,27.33333,0.35533,16.33333,24.33333,0.68167,9.66667,33.33333,43.0,27.66667,6.66667,5.33333,18.33333,20.0,113.33333,1,0.04029,-0.04029,0.31418,0.51967,0.58353,0.48105,0.64082,0.55689,1520.197,1575.35252,0.58387,0.41613,1.73939,2.4667,0.66667,,,,
248.33333,39.66667,88.66667,0.449,12.66667,36.0,0.36,16.0,22.0,0.73467,11.0,34.33333,45.33333,26.66667,5.0,2.33333,14.66667,21.33333,108.0,248.33333,40.33333,87.66667,0.46,10.0,26.66667,0.37933,17.33333,22.0,0.79667,7.0,38.33333,45.33333,24.33333,6.33333,3.33333,13.0,21.0,108.0,0,-0.00228,0.00228,0.20754,0.28454,0.51729,0.52103,0.58421,0.57932,1494.27767,1451.05905,0.44231,0.55769,2.36106,1.84218,0.33333,240.0,38.0,82.0,0.46433,9.0,26.33333,0.351,13.33333,18.33333,0.80267,6.66667,29.66667,36.33333,22.0,10.66667,1.0,14.66667,21.0,98.33333,240.0,39.66667,88.33333,0.44767,11.33333,32.0,0.354,14.33333,22.33333,0.68233,16.66667,33.66667,50.33333,20.66667,8.66667,5.33333,16.0,16.66667,105.0,0,0.10301,-0.10301,0.59306,0.20815,0.51205,0.51933,0.56289,0.57193,1558.1687,1425.3335,0.32514,0.67486,3.26267,1.49842,0.66667,,,,
240.0,37.33333,85.66667,0.434,10.33333,29.0,0.343,18.33333,24.33333,0.74267,11.66667,31.0,42.66667,19.66667,5.66667,3.0,11.0,16.66667,103.33333,240.0,40.66667,81.66667,0.49833,8.66667,26.33333,0.323,13.33333,17.0,0.77933,7.0,32.33333,39.33333,26.33333,5.33333,4.0,11.0,19.66667,103.33333,1,0.01006,-0.01006,0.22125,0.37458,0.55228,0.49352,0.60687,0.56664,1458.27374,1529.89624,0.59898,0.40102,1.68594,2.55872,0.66667,240.0,41.33333,87.66667,0.471,11.33333,30.0,0.385,14.0,21.66667,0.657,11.33333,38.33333,49.66667,24.33333,8.33333,6.66667,13.0,19.66667,108.0,240.0,36.33333,88.0,0.41567,10.33333,32.0,0.32433,11.66667,15.66667,0.73,8.66667,31.66667,40.33333,19.0,7.33333,3.66667,14.33333,26.0,94.66667,1,-0.1768,0.1768,0.22861,0.3547,0.47443,0.53525,0.52055,0.58435,1359.47708,1477.89569,0.65309,0.34691,1.53666,2.91754,0.33333,,,,
240.0,44.0,81.66667,0.53967,8.66667,23.66667,0.361,21.0,25.33333,0.83,8.66667,31.66667,40.33333,29.66667,6.33333,4.0,11.0,18.66667,117.66667,240.0,41.33333,90.66667,0.455,8.66667,27.0,0.321,17.66667,22.0,0.81433,11.33333,28.66667,40.0,23.0,7.0,4.33333,12.33333,21.66667,109.0,1,-0.11698,0.11698,0.36793,0.30645,0.50327,0.59245,0.56912,0.67452,1542.5364,1638.39532,0.62324,0.37676,1.63142,2.75487,0.0,240.0,40.0,87.33333,0.45833,14.66667,39.66667,0.37233,16.0,20.66667,0.776,9.33333,36.0,45.33333,30.33333,6.33333,5.66667,14.0,14.66667,110.66667,240.0,41.33333,87.0,0.475,15.0,34.33333,0.437,13.33333,16.33333,0.788,5.33333,35.33333,40.66667,26.66667,7.33333,5.0,11.33333,17.0,111.0,1,0.0037,-0.0037,0.15231,0.27038,0.56118,0.54275,0.61229,0.60307,1432.76553,1534.55392,0.64112,0.35888,1.576,2.90374,0.66667,,,,
240.0,39.33333,89.0,0.44067,11.33333,32.66667,0.338,19.66667,25.66667,0.76433,10.33333,28.66667,39.0,23.0,4.66667,3.33333,13.0,19.0,109.66667,240.0,51.33333,101.33333,0.50667,14.0,36.66667,0.37667,12.33333,17.33333,0.713,15.66667,39.33333,55.0,30.0,4.66667,3.66667,11.0,23.33333,129.0,0,0.24684,-0.24684,0.55372,0.27754,0.57544,0.50446,0.61348,0.57768,1532.87625,1528.65984,0.51467,0.48533,2.0781,2.28478,0.66667,240.0,35.66667,78.33333,0.455,10.0,29.66667,0.335,17.33333,22.66667,0.764,6.66667,28.33333,35.0,19.33333,7.0,5.33333,16.0,21.33333,98.66667,240.0,45.0,84.0,0.53633,7.66667,23.66667,0.286,15.66667,22.33333,0.711,10.0,34.66667,44.66667,22.33333,8.33333,4.0,14.0,21.66667,113.33333,0,0.20592,-0.20592,0.35432,0.18961,0.5822,0.51846,0.6386,0.59189,1495.33183,1467.30234,0.4766,0.5234,2.10399,1.91527,0.66667,,,,
240.0,36.66667,90.66667,0.40567,4.33333,23.33333,0.18667,11.0,14.33333,0.74933,9.66667,34.0,43.66667,15.33333,9.0,3.0,9.0,16.33333,88.66667,240.0,38.66667,85.33333,0.457,9.33333,31.33333,0.29967,8.33333,14.0,0.57533,10.0,40.0,50.0,22.33333,7.0,7.66667,15.0,14.0,95.0,0,0.09745,-0.09745,0.29017,0.2399,0.51159,0.43003,0.53885,0.4748,1498.21724,1499.75061,0.51437,0.48563,1.98956,2.10808,0.66667,240.0,46.66667,91.0,0.50933,10.33333,28.0,0.35633,19.33333,26.33333,0.735,12.66667,34.66667,47.33333,31.66667,9.66667,4.66667,14.33333,22.66667,123.0,240.0,42.33333,89.33333,0.47367,9.0,33.0,0.27133,18.33333,25.33333,0.72133,9.66667,29.33333,39.0,26.66667,8.0,4.33333,16.66667,20.33333,112.0,0,-0.12302,0.12302,0.28348,0.44687,0.52453,0.56575,0.5904,0.6324,1507.23153,1534.676,0.52253,0.47747,2.09983,2.27723,0.33333,,,,
240.0,38.33333,81.33333,0.47167,11.0,29.33333,0.371,20.66667,26.0,0.79667,6.33333,30.66667,37.0,19.66667,8.66667,5.0,11.0,22.33333,108.33333,240.0,42.66667,85.33333,0.5,12.0,29.33333,0.39767,13.66667,22.0,0.68467,9.33333,34.0,43.33333,19.33333,6.33333,3.66667,14.33333,22.66667,111.0,0,0.03541,-0.03541,0.31909,0.196,0.57032,0.53892,0.61608,0.62207,1505.8319,1495.44097,0.48839,0.51161,2.04888,1.95572,0.66667,240.0,40.33333,82.66667,0.489,10.0,26.33333,0.375,18.33333,23.33333,0.78033,6.0,32.0,38.0,26.33333,9.66667,5.66667,10.66667,21.0,109.0,240.0,39.0,80.33333,0.48633,12.66667,31.33333,0.40733,20.66667,26.0,0.79433,7.66667,33.33333,41.0,27.33333,5.66667,5.0,14.66667,20.0,111.33333,0,0.02364,-0.02364,0.23434,0.17619,0.56528,0.54947,0.64783,0.62165,1512.62994,1441.70729,0.40308,0.59692,2.57408,1.70105,0.66667,,,,
240.0,41.33333,87.66667,0.474,10.66667,31.0,0.35733,16.0,21.0,0.77633,9.33333,29.66667,39.0,21.33333,8.0,5.0,13.33333,25.0,109.33333,240.0,44.33333,87.33333,0.51233,8.66667,25.33333,0.35067,22.66667,27.0,0.845,11.0,32.33333,43.33333,24.0,8.66667,4.66667,14.0,21.0,120.0,0,0.13551,-0.13551,0.36444,0.28578,0.5609,0.5348,0.64817,0.59574,1573.98113,1496.13609,0.40706,0.59294,2.5377,1.71878,1.0,240.0,36.0,78.66667,0.457,9.66667,28.0,0.33733,14.33333,18.66667,0.768,5.66667,30.33333,36.0,20.66667,9.0,4.66667,13.66667,24.33333,96.0,240.0,34.0,78.0,0.43333,9.66667,28.0,0.33833,19.66667,26.33333,0.743,11.33333,34.0,45.33333,20.33333,8.33333,3.66667,16.0,20.33333,97.33333,0,0.02944,-0.02944,0.38023,0.16637,0.49527,0.51792,0.58074,0.57833,1518.6307,1439.5684,0.38838,0.61162,2.65536,1.65514,0.66667,,,,
240.0,43.0,92.33333,0.46067,9.33333,27.0,0.33833,17.0,24.0,0.71433,15.0,35.0,50.0,22.33333,8.66667,4.33333,13.33333,22.33333,112.33333,240.0,39.33333,84.0,0.46767,8.66667,28.33333,0.31367,19.0,25.66667,0.73833,7.66667,33.33333,41.0,23.33333,7.0,5.33333,14.33333,18.33333,106.33333,1,-0.05489,0.05489,0.225,0.46584,0.5187,0.51027,0.5916,0.57035,1531.89261,1557.24803,0.53097,0.46903,1.89918,2.15253,0.33333,248.33333,38.66667,86.0,0.453,13.0,32.33333,0.39967,16.66667,21.0,0.77967,8.0,33.33333,41.33333,25.0,7.33333,5.33333,14.0,17.66667,107.0,248.33333,38.66667,89.0,0.438,8.66667,30.0,0.28967,16.33333,20.33333,0.79833,9.66667,35.33333,45.0,23.0,7.0,4.66667,13.0,19.0,102.33333,1,-0.06086,0.06086,0.29243,0.23148,0.48752,0.52974,0.55239,0.59479,1489.01531,1489.19857,0.49414,0.50586,2.05608,2.01294,0.0,,,,
240.0,41.0,84.0,0.488,10.0,24.0,0.42967,15.66667,18.66667,0.81333,8.66667,29.33333,38.0,25.66667,4.66667,7.66667,14.33333,20.33333,107.66667,240.0,44.66667,91.0,0.491,10.33333,28.33333,0.36567,16.0,22.66667,0.71533,14.0,31.0,45.0,24.33333,7.66667,4.0,11.33333,19.0,115.66667,0,0.10241,-0.10241,0.47778,0.28741,0.54762,0.54766,0.60246,0.61118,1457.27443,1465.9725,0.53155,0.46845,1.8818,2.13548,0.66667,240.0,47.33333,94.33333,0.50167,11.33333,21.33333,0.531,16.33333,22.0,0.73933,12.33333,28.66667,41.0,27.66667,7.66667,2.0,10.66667,19.0,122.33333,240.0,45.33333,83.0,0.54467,13.0,28.66667,0.442,20.0,24.0,0.82667,7.0,31.0,38.0,32.0,6.33333,7.33333,14.0,17.66667,123.66667,0,0.00766,-0.00766,0.25963,0.39753,0.62231,0.56193,0.6988,0.61669,1639.4513,1493.31911,0.29276,0.70724,3.48294,1.41926,0.66667,,,,
240.0,37.66667,90.0,0.41933,16.33333,47.33333,0.342,14.33333,20.33333,0.71833,11.33333,33.0,44.33333,19.66667,9.33333,3.66667,10.66667,18.0,106.0,240.0,38.66667,80.33333,0.48233,13.0,31.0,0.41767,11.33333,15.66667,0.73167,5.66667,37.0,42.66667,27.0,5.33333,5.0,16.66667,19.0,101.66667,0,-0.06342,0.06342,0.17308,0.31271,0.56285,0.51172,0.60703,0.56228,1472.60775,1623.20249,0.70109,0.29891,1.4358,3.49861,0.33333,256.66667,42.33333,91.66667,0.462,11.66667,36.0,0.32433,18.66667,21.33333,0.86867,10.0,35.66667,45.66667,25.66667,7.66667,4.33333,16.33333,27.66667,115.0,256.66667,43.66667,91.0,0.48833,10.0,30.0,0.33033,23.33333,27.0,0.872,10.0,36.33333,46.33333,27.0,9.0,4.66667,13.66667,19.66667,120.66667,0,0.071,-0.071,0.28299,0.28249,0.54102,0.52675,0.63067,0.59808,1496.38441,1468.60031,0.46673,0.53327,2.15535,1.88442,1.0,,,,
240.0,43.33333,83.33333,0.52067,11.33333,29.66667,0.38133,23.33333,27.66667,0.84567,7.0,35.33333,42.33333,28.33333,5.66667,4.0,12.33333,19.66667,121.33333,240.0,44.33333,97.66667,0.45533,8.33333,30.66667,0.27533,18.0,22.33333,0.81633,13.33333,32.0,45.33333,24.0,7.33333,3.0,12.0,21.33333,115.0,0,-0.07937,0.07937,0.39319,0.22074,0.49775,0.58871,0.56184,0.67915,1523.76053,1640.60859,0.6494,0.3506,1.58177,3.11328,0.0,240.0,42.0,83.66667,0.501,10.0,26.66667,0.37067,17.33333,24.33333,0.712,6.66667,35.0,41.66667,26.66667,6.33333,6.66667,11.66667,20.0,111.33333,240.0,43.0,92.33333,0.46633,15.33333,42.33333,0.364,15.66667,21.33333,0.74433,11.33333,32.66667,44.0,23.0,8.33333,4.33333,10.66667,20.66667,117.0,0,0.07782,-0.07782,0.33253,0.20343,0.55043,0.56037,0.60437,0.62419,1619.57962,1577.87073,0.45109,0.54891,2.2839,1.85192,0.66667,,,,
240.0,41.66667,86.66667,0.48,11.66667,30.33333,0.39433,24.66667,32.0,0.76933,8.66667,31.0,39.66667,23.33333,11.66667,3.33333,15.0,20.66667,119.66667,240.0,41.66667,82.0,0.508,9.0,25.66667,0.34967,23.0,28.66667,0.80567,8.33333,36.0,44.33333,23.33333,9.0,4.0,17.0,25.0,115.33333,1,-0.05521,0.05521,0.28142,0.25672,0.56289,0.54775,0.65276,0.63902,1481.49181,1508.23473,0.52519,0.47481,2.26093,2.43088,0.33333,240.0,34.0,77.66667,0.438,11.66667,27.33333,0.42533,19.33333,24.66667,0.78133,12.66667,33.0,45.66667,22.66667,7.0,4.33333,19.0,22.33333,99.0,240.0,36.0,83.0,0.43333,7.33333,26.0,0.26333,19.33333,24.0,0.79933,11.33333,29.33333,40.66667,19.0,11.0,3.66667,14.0,22.66667,98.66667,1,-0.00699,0.00699,0.34423,0.47331,0.47765,0.51415,0.55862,0.59671,1456.63601,1474.10127,0.52479,0.47521,2.08006,2.26372,0.66667,,,,
240.0,37.0,84.66667,0.435,9.33333,27.0,0.351,14.0,18.0,0.782,10.66667,31.33333,42.0,22.66667,6.33333,4.33333,17.0,16.33333,97.33333,240.0,43.66667,86.0,0.51033,12.0,27.33333,0.43733,14.66667,18.66667,0.78933,8.66667,33.0,41.66667,25.66667,10.66667,5.66667,13.33333,18.0,114.0,0,0.23998,-0.23998,0.28259,0.32237,0.58115,0.49149,0.63636,0.54917,1521.45248,1531.84509,0.53143,0.46857,2.07486,2.53798,1.0,240.0,39.66667,91.66667,0.43533,9.66667,32.66667,0.306,15.66667,22.33333,0.70933,14.0,29.33333,43.33333,22.33333,10.0,5.33333,14.0,23.66667,104.66667,240.0,42.66667,82.0,0.52167,10.33333,24.66667,0.429,20.0,26.66667,0.75733,7.66667,34.66667,42.33333,25.0,9.0,8.0,16.33333,21.33333,115.66667,0,0.1414,-0.1414,0.24341,0.40708,0.5848,0.4875,0.65985,0.5433,1506.75502,1451.8256,0.44249,0.55751,2.53354,1.96803,1.0,,,,
240.0,41.0,86.0,0.477,10.0,24.66667,0.407,15.66667,20.66667,0.73867,10.0,30.66667,40.66667,21.33333,6.33333,4.33333,13.0,17.66667,107.66667,240.0,41.33333,84.66667,0.48667,7.66667,22.66667,0.338,17.33333,23.0,0.739,10.0,32.66667,42.66667,20.33333,7.66667,3.66667,13.33333,19.66667,107.66667,0,-0.00171,0.00171,0.32549,0.31201,0.53185,0.53533,0.59994,0.59536,1450.42826,1548.2135,0.63393,0.36607,1.60352,2.91763,0.66667,240.0,37.66667,93.33333,0.40167,10.66667,29.33333,0.366,16.33333,22.0,0.74767,12.0,33.33333,45.33333,21.0,10.0,3.66667,15.0,17.33333,102.33333,240.0,41.0,85.66667,0.481,12.33333,35.66667,0.34567,14.0,19.33333,0.723,9.0,41.0,50.0,28.66667,10.66667,4.33333,19.66667,22.33333,108.33333,0,0.07567,-0.07567,0.26498,0.30685,0.55391,0.45855,0.60471,0.51992,1427.36486,1418.03622,0.50124,0.49876,2.05994,2.06771,0.66667,,,,
240.0,35.33333,80.33333,0.439,11.33333,28.33333,0.39433,12.33333,15.0,0.819,10.66667,29.66667,40.33333,19.66667,6.66667,2.33333,15.33333,26.0,94.33333,240.0,34.33333,72.66667,0.47167,8.0,25.0,0.32067,24.33333,31.66667,0.76767,8.66667,31.66667,40.33333,19.33333,10.0,4.0,12.66667,16.0,101.0,0,0.10252,-0.10252,0.30045,0.3581,0.52686,0.50884,0.63356,0.56236,1510.68026,1451.8026,0.42182,0.57818,2.38067,1.73337,1.0,248.33333,40.33333,91.0,0.444,12.33333,33.0,0.37267,18.0,23.66667,0.75667,9.66667,33.0,42.66667,23.66667,7.33333,5.33333,12.66667,19.0,111.0,248.33333,42.0,91.33333,0.461,9.33333,29.0,0.327,16.0,23.33333,0.68667,12.0,37.0,49.0,25.66667,8.66667,5.0,15.0,21.0,109.33333,0,-0.02531,0.02531,0.36573,0.2757,0.51294,0.51227,0.56854,0.57848,1483.26296,1515.01376,0.54737,0.45263,1.85897,2.26266,0.33333,,,,
240.0,40.66667,87.33333,0.46967,9.66667,29.33333,0.316,14.0,18.33333,0.76867,10.0,37.0,47.0,26.0,4.33333,8.0,14.0,21.0,105.0,240.0,40.0,88.33333,0.45333,8.0,26.0,0.26633,16.66667,22.0,0.773,8.66667,33.66667,42.33333,18.33333,6.66667,5.66667,9.33333,20.66667,104.66667,1,-0.0069,0.0069,0.24688,0.31792,0.49865,0.52714,0.56181,0.58033,1515.15961,1478.81169,0.45131,0.54869,2.37951,1.90499,0.33333,240.0,43.66667,85.0,0.516,7.66667,25.66667,0.304,18.33333,21.33333,0.866,10.0,30.0,40.0,26.33333,7.33333,4.0,10.0,18.66667,113.33333,240.0,40.66667,81.33333,0.50167,7.33333,21.33333,0.33867,16.0,22.0,0.76033,8.0,28.0,36.0,22.33333,5.66667,6.33333,12.33333,21.33333,104.66667,1,-0.11177,0.11177,0.2756,0.38132,0.54644,0.56089,0.60816,0.63296,1493.62381,1544.58001,0.55791,0.44209,1.96123,2.49609,0.33333,,,,
240.0,32.0,80.66667,0.39567,7.33333,25.33333,0.31867,21.0,26.0,0.81133,10.33333,29.33333,39.66667,16.66667,10.66667,3.33333,16.33333,22.66667,92.33333,240.0,37.33333,79.0,0.47033,9.0,25.0,0.355,19.0,23.33333,0.816,8.33333,36.0,44.33333,24.66667,9.0,6.66667,17.33333,19.33333,102.66667,1,0.15631,-0.15631,0.29349,0.31497,0.52722,0.44124,0.60905,0.53379,1532.70272,1473.18244,0.43916,0.56084,2.33215,1.80882,0.66667,240.0,41.0,86.33333,0.47567,10.0,31.0,0.31167,20.66667,25.66667,0.80733,6.33333,39.33333,45.66667,27.33333,5.33333,3.33333,12.66667,19.33333,112.66667,240.0,40.66667,95.66667,0.426,14.33333,38.0,0.37933,15.66667,19.66667,0.818,12.33333,36.66667,49.0,24.0,6.33333,3.66667,11.0,22.33333,111.33333,1,-0.01848,0.01848,0.31123,0.1728,0.50254,0.53434,0.55977,0.61408,1437.26158,1530.78361,0.62647,0.37353,1.63617,2.93611,0.33333,,,,
248.33333,37.33333,83.33333,0.44633,8.66667,32.0,0.26733,24.33333,32.0,0.77033,9.33333,32.0,41.33333,19.66667,9.0,6.66667,15.33333,20.66667,107.66667,248.33333,42.33333,91.66667,0.461,8.66667,23.66667,0.372,19.66667,23.66667,0.832,12.33333,34.66667,47.0,25.0,9.66667,5.66667,13.33333,24.33333,113.0,1,0.07507,-0.07507,0.38836,0.26961,0.50794,0.49853,0.58326,0.59534,1494.82997,1491.85439,0.50801,0.49199,1.99807,2.06063,0.66667,240.0,32.66667,86.66667,0.37567,8.66667,30.33333,0.28667,18.33333,21.66667,0.864,9.66667,35.66667,45.33333,18.66667,5.66667,5.33333,11.66667,17.0,92.33333,240.0,39.33333,88.33333,0.448,10.66667,35.0,0.308,11.0,16.33333,0.68633,11.33333,41.33333,52.66667,24.0,7.33333,4.66667,14.0,21.33333,100.33333,1,0.12304,-0.12304,0.32202,0.23399,0.50977,0.42538,0.54965,0.50462,1582.73813,1521.78777,0.42372,0.57628,2.40254,1.74959,1.0,,,,
240.0,40.33333,84.33333,0.47767,9.0,21.0,0.45733,22.0,27.66667,0.81433,9.0,35.0,44.0,24.0,5.33333,9.33333,11.66667,21.66667,111.66667,240.0,38.33333,89.66667,0.427,10.66667,30.33333,0.352,20.66667,27.66667,0.746,13.66667,33.33333,47.0,19.33333,6.0,4.0,13.0,20.66667,108.0,0,-0.04479,0.04479,0.4092,0.27943,0.48617,0.53092,0.56371,0.61687,1451.59497,1472.60453,0.52696,0.47304,1.8981,2.11462,0.33333,240.0,32.66667,86.66667,0.378,6.0,22.0,0.287,13.0,18.33333,0.723,9.66667,34.33333,44.0,17.0,10.0,4.33333,15.0,17.33333,84.33333,240.0,39.0,81.33333,0.48167,11.33333,33.66667,0.33533,7.66667,16.33333,0.44433,9.0,40.66667,49.66667,26.0,11.33333,4.66667,18.0,19.0,97.0,0,0.20183,-0.20183,0.25867,0.23669,0.55107,0.41436,0.57283,0.468,1442.57608,1461.2424,0.54884,0.45116,1.91755,2.35138,1.0,,,,
240.0,39.0,85.66667,0.45533,13.66667,33.0,0.413,13.66667,19.0,0.75733,12.0,29.33333,41.33333,26.66667,8.0,4.33333,15.66667,21.33333,105.33333,240.0,40.33333,87.33333,0.462,10.33333,33.66667,0.31167,16.66667,22.33333,0.74233,11.0,30.33333,41.33333,20.66667,9.0,6.33333,12.33333,17.0,107.66667,1,0.0622,-0.0622,0.37877,0.39104,0.52107,0.53559,0.58311,0.58857,1494.07223,1544.33644,0.58,0.42,1.77688,2.5094,0.66667,240.0,41.66667,89.33333,0.46767,6.33333,20.66667,0.31533,14.33333,17.66667,0.83767,11.0,30.33333,41.33333,20.33333,8.66667,7.0,12.33333,18.0,104.0,240.0,40.0,84.66667,0.47367,13.33333,31.33333,0.42433,18.0,22.33333,0.82033,10.0,32.0,42.0,25.0,8.66667,6.0,15.66667,18.33333,111.33333,1,0.09067,-0.09067,0.34509,0.34657,0.55329,0.5029,0.62262,0.55972,1392.51954,1456.67442,0.59695,0.40305,1.8118,2.98591,0.66667,,,,
240.0,36.33333,73.66667,0.49167,10.0,24.0,0.40733,21.66667,27.33333,0.806,11.66667,32.66667,44.33333,21.0,7.66667,5.33333,22.0,26.66667,104.33333,240.0,33.33333,80.0,0.416,9.0,27.33333,0.332,22.66667,28.66667,0.78633,8.66667,24.0,32.66667,15.0,10.0,3.66667,15.66667,25.0,98.33333,1,-0.08631,0.08631,0.2661,0.50863,0.47238,0.55984,0.56772,0.65227,1481.04509,1517.37242,0.54191,0.45809,1.93334,2.29205,0.33333,240.0,33.66667,79.66667,0.425,5.66667,22.66667,0.249,19.0,21.66667,0.88733,8.0,33.0,41.0,17.0,9.66667,2.66667,14.33333,15.0,92.0,240.0,41.0,85.0,0.482,10.33333,29.66667,0.35667,11.66667,15.33333,0.74067,9.66667,35.0,44.66667,23.33333,9.33333,5.66667,14.66667,16.66667,104.0,1,0.17252,-0.17252,0.28852,0.22641,0.54395,0.46121,0.58918,0.54796,1554.82695,1502.41509,0.44117,0.55883,2.27729,1.79508,0.66667,,,,
240.0,36.33333,80.0,0.45433,7.33333,29.66667,0.24233,11.33333,17.66667,0.635,8.66667,36.33333,45.0,19.33333,8.0,6.66667,17.0,20.66667,91.33333,240.0,32.33333,82.33333,0.39267,9.66667,30.66667,0.304,18.33333,24.0,0.76833,8.66667,32.33333,41.0,19.33333,9.66667,3.66667,14.0,19.0,92.66667,0,0.01971,-0.01971,0.25375,0.27907,0.45159,0.50114,0.52969,0.54619,1543.70433,1484.15151,0.41672,0.58328,2.51378,1.74607,0.66667,240.0,35.66667,90.33333,0.395,10.0,33.66667,0.297,20.66667,24.66667,0.83433,10.0,30.66667,40.66667,20.0,8.66667,2.0,14.33333,22.0,102.0,240.0,42.33333,82.33333,0.514,10.66667,27.33333,0.38,20.66667,25.66667,0.80267,9.0,38.0,47.0,28.33333,7.66667,6.66667,17.0,22.0,116.0,0,0.18887,-0.18887,0.30058,0.26306,0.57879,0.45076,0.65944,0.5328,1529.49666,1509.86441,0.49332,0.50668,2.13936,2.11184,1.0,,,,
240.0,37.33333,84.33333,0.444,12.33333,34.66667,0.349,15.66667,20.0,0.774,8.33333,33.66667,42.0,23.66667,8.66667,3.66667,15.66667,19.66667,102.66667,240.0,40.66667,85.33333,0.475,14.0,33.66667,0.414,11.66667,16.33333,0.73933,7.66667,35.33333,43.0,21.66667,9.66667,5.66667,13.33333,17.33333,107.0,0,0.06265,-0.06265,0.23054,0.23682,0.55728,0.51657,0.60147,0.57849,1516.61301,1377.75841,0.31219,0.68781,3.22204,1.45571,0.66667,240.0,40.33333,83.66667,0.48433,7.66667,22.66667,0.342,17.33333,21.0,0.83933,9.33333,31.66667,41.0,27.33333,5.66667,4.66667,11.33333,20.66667,105.66667,240.0,38.0,81.0,0.469,8.66667,25.0,0.33233,17.0,23.0,0.769,8.0,31.33333,39.33333,21.33333,6.33333,6.33333,11.66667,22.0,101.66667,0,-0.05838,0.05838,0.26813,0.30842,0.52266,0.53026,0.591,0.60057,1488.05446,1502.29263,0.51672,0.48328,2.08763,2.26397,0.33333,,,,
240.0,42.66667,88.33333,0.48633,10.33333,30.33333,0.35567,18.33333,24.0,0.771,9.33333,31.0,40.33333,21.33333,9.33333,4.66667,12.66667,22.66667,114.0,240.0,42.33333,88.66667,0.47967,10.66667,29.33333,0.36767,20.0,24.66667,0.816,12.33333,31.0,43.33333,23.66667,6.66667,5.0,15.0,21.0,115.33333,0,0.01457,-0.01457,0.39451,0.29852,0.53977,0.54456,0.61587,0.61313,1556.09534,1501.71534,0.421,0.579,2.43927,1.75475,0.66667,240.0,38.0,82.33333,0.46067,10.33333,29.0,0.36067,12.0,16.33333,0.72233,9.0,29.0,38.0,21.33333,5.0,4.0,15.66667,18.0,98.33333,240.0,46.66667,91.66667,0.508,9.0,26.0,0.34767,14.0,20.0,0.698,14.0,34.0,48.0,28.33333,9.66667,3.66667,10.33333,17.0,116.33333,0,0.2427,-0.2427,0.48822,0.27419,0.55656,0.52327,0.60535,0.57233,1593.46722,1513.42495,0.41864,0.58136,2.45116,1.7392,1.0,,,,
240.0,34.66667,85.33333,0.40733,10.33333,30.66667,0.34433,15.33333,24.33333,0.61667,11.33333,31.66667,43.0,18.0,9.33333,4.66667,9.66667,18.0,95.0,240.0,39.66667,83.33333,0.475,13.66667,33.0,0.41033,10.33333,13.33333,0.78867,8.66667,38.0,46.66667,21.66667,6.0,4.66667,15.0,24.33333,103.33333,1,0.12018,-0.12018,0.27953,0.30709,0.55664,0.46774,0.59799,0.52471,1460.6781,1492.4972,0.5555,0.4445,1.85266,2.38974,1.0,240.0,44.33333,81.66667,0.54333,14.0,31.0,0.44933,17.33333,22.0,0.80267,7.0,32.66667,39.66667,26.33333,10.66667,4.33333,17.33333,19.33333,120.0,240.0,40.66667,84.0,0.488,10.33333,24.0,0.44233,16.33333,21.0,0.76267,8.0,29.66667,37.66667,21.33333,11.33333,3.33333,14.66667,20.0,108.0,1,-0.15347,0.15347,0.26892,0.23628,0.55132,0.62917,0.61564,0.69425,1335.19727,1531.23074,0.73989,0.26011,1.36567,4.29973,0.0,,,,
240.0,36.0,86.0,0.419,8.66667,32.66667,0.25967,17.0,21.66667,0.77333,8.66667,30.66667,39.33333,21.0,5.0,4.33333,11.0,15.33333,97.66667,240.0,48.0,97.0,0.493,12.66667,31.33333,0.40933,10.33333,14.0,0.73567,13.0,41.33333,54.33333,25.66667,4.66667,4.33333,9.33333,20.0,119.0,0,0.27177,-0.27177,0.45724,0.21065,0.55752,0.47002,0.59213,0.53867,1567.94009,1520.27126,0.4564,0.5436,2.23391,1.86401,1.0,240.0,33.66667,83.33333,0.40367,6.0,25.66667,0.23133,14.33333,17.33333,0.83,9.0,33.66667,42.66667,18.0,11.33333,2.33333,16.0,18.0,87.66667,240.0,39.0,82.66667,0.47233,11.33333,30.33333,0.38367,11.0,16.0,0.676,7.66667,36.66667,44.33333,22.66667,10.66667,6.33333,16.66667,15.66667,100.33333,0,0.18929,-0.18929,0.22777,0.24499,0.54126,0.4399,0.58308,0.50285,1551.94652,1465.46214,0.39486,0.60514,2.65855,1.68232,0.66667,,,,
240.0,43.33333,89.33333,0.487,6.33333,18.33333,0.34767,16.0,19.33333,0.828,8.33333,28.66667,37.0,23.0,10.33333,3.33333,9.66667,15.66667,109.0,240.0,44.0,83.33333,0.52733,17.0,34.0,0.49933,13.0,17.33333,0.74567,8.33333,34.33333,42.66667,29.33333,7.0,5.66667,15.33333,17.0,118.0,0,0.11237,-0.11237,0.28889,0.23895,0.62856,0.52288,0.67625,0.58496,1516.43848,1591.03135,0.60761,0.39239,1.7411,2.87746,1.0,240.0,35.66667,89.66667,0.39833,7.66667,22.0,0.34867,18.0,24.66667,0.737,13.33333,35.66667,49.0,20.0,8.33333,5.33333,13.0,16.66667,97.0,240.0,39.0,90.66667,0.42967,9.33333,28.0,0.33067,13.33333,18.66667,0.703,12.33333,39.33333,51.66667,20.66667,7.33333,6.0,12.66667,20.0,100.66667,0,0.04619,-0.04619,0.3501,0.3365,0.48149,0.44097,0.52997,0.50973,1622.54151,1490.18771,0.32424,0.67576,3.17445,1.49154,0.66667,,,,
240.0,38.0,82.66667,0.46033,13.0,28.33333,0.464,22.0,28.0,0.78333,9.0,31.66667,40.66667,26.66667,6.66667,6.0,14.0,22.0,111.0,240.0,41.0,88.0,0.46567,11.66667,30.33333,0.38333,21.33333,26.0,0.82033,10.33333,33.0,43.33333,24.0,8.0,5.66667,13.0,21.66667,115.0,0,0.04505,-0.04505,0.32291,0.27434,0.53131,0.53901,0.61319,0.62572,1487.55377,1564.64943,0.61865,0.38135,1.62371,2.65788,0.33333,248.33333,39.0,85.66667,0.45567,8.33333,23.66667,0.354,15.66667,20.0,0.783,10.0,43.0,53.0,24.33333,3.33333,3.33333,14.33333,25.66667,102.0,248.33333,37.33333,88.33333,0.42533,8.66667,31.0,0.284,20.33333,24.66667,0.82767,6.0,33.0,39.0,23.0,6.0,2.0,6.33333,19.66667,103.66667,0,0.02046,-0.02046,0.14109,0.3032,0.47474,0.50468,0.55583,0.56771,1496.16639,1436.01882,0.41632,0.58368,2.43438,1.72435,0.33333,,,,
240.0,39.66667,90.0,0.444,11.33333,32.66667,0.35567,19.33333,23.33333,0.85,11.66667,34.0,45.66667,22.33333,6.66667,5.33333,15.0,21.66667,110.0,240.0,41.33333,88.66667,0.46833,11.33333,30.33333,0.39567,18.33333,26.33333,0.692,11.33333,34.0,45.33333,25.0,12.0,7.0,15.33333,22.66667,112.33333,0,0.01873,-0.01873,0.32301,0.34636,0.53284,0.50764,0.59772,0.58267,1479.86914,1409.66951,0.40723,0.59277,2.54577,1.71803,0.66667,240.0,41.66667,90.33333,0.46167,10.66667,25.33333,0.42167,10.66667,15.0,0.698,8.66667,35.0,43.66667,27.0,6.33333,6.33333,12.0,19.33333,104.66667,240.0,38.33333,87.0,0.44067,9.66667,29.33333,0.315,18.0,25.66667,0.71433,9.66667,37.0,46.66667,20.0,6.0,8.0,12.0,16.33333,104.33333,0,-0.00701,0.00701,0.281,0.23466,0.49605,0.52127,0.56321,0.55995,1525.8061,1433.84932,0.37788,0.62212,2.90497,1.64698,0.33333,,,,
248.33333,40.0,93.0,0.432,10.33333,33.0,0.313,21.0,24.66667,0.85167,9.33333,34.0,43.33333,20.66667,7.33333,6.66667,14.33333,29.33333,111.33333,248.33333,39.0,87.33333,0.451,8.33333,24.66667,0.34733,28.66667,36.0,0.79967,12.0,37.0,49.0,21.66667,6.66667,4.66667,16.0,25.0,115.0,1,0.04685,-0.04685,0.37462,0.25782,0.49774,0.48826,0.60802,0.56857,1526.43738,1617.80764,0.6337,0.3663,1.59676,2.81592,0.66667,240.0,36.0,78.66667,0.45733,9.33333,24.66667,0.35833,17.33333,22.66667,0.76767,6.66667,36.66667,43.33333,26.0,7.0,4.33333,14.66667,19.33333,98.66667,240.0,37.33333,88.0,0.426,11.0,38.0,0.31367,12.66667,16.0,0.82167,10.33333,33.66667,44.0,27.66667,6.0,4.0,13.33333,22.33333,98.33333,1,0.00125,-0.00125,0.29,0.20244,0.48878,0.51601,0.53951,0.58926,1409.93337,1466.84414,0.57578,0.42422,1.74412,2.37414,0.66667,,,,
240.0,41.33333,90.66667,0.45633,14.0,39.66667,0.354,14.66667,17.0,0.848,9.33333,35.66667,45.0,23.66667,8.0,3.33333,14.0,23.66667,111.33333,240.0,37.66667,84.0,0.44867,7.66667,25.0,0.3,21.33333,31.0,0.72133,9.0,33.66667,42.66667,21.33333,8.0,3.66667,16.0,16.66667,104.33333,0,-0.09357,0.09357,0.25199,0.28202,0.4944,0.5336,0.57578,0.58982,1493.0129,1588.8046,0.62312,0.37688,1.60907,2.67462,0.33333,240.0,45.0,92.66667,0.48733,8.66667,22.0,0.389,18.0,21.66667,0.838,10.0,32.33333,42.33333,25.66667,7.33333,2.0,12.33333,18.0,116.66667,240.0,44.0,83.66667,0.52467,14.0,30.0,0.44967,16.33333,20.33333,0.782,6.0,32.66667,38.66667,34.33333,8.0,5.66667,14.33333,18.0,118.33333,0,0.01813,-0.01813,0.19157,0.30741,0.60716,0.5351,0.6706,0.60155,1641.86436,1514.18319,0.31892,0.68108,3.30511,1.48948,0.66667,,,,
248.33333,38.66667,86.0,0.45167,13.66667,37.33333,0.373,16.33333,21.66667,0.75667,9.33333,36.66667,46.0,26.0,2.66667,3.66667,14.0,21.66667,107.33333,248.33333,41.33333,92.33333,0.44767,8.66667,25.66667,0.34167,18.0,24.0,0.76967,9.66667,37.0,46.66667,21.33333,6.66667,3.66667,8.33333,18.66667,109.33333,0,0.02453,-0.02453,0.2628,0.24894,0.49446,0.53274,0.55985,0.59461,1547.48437,1449.21561,0.36579,0.63421,2.78821,1.58883,0.66667,240.0,40.33333,80.0,0.50467,8.0,21.66667,0.36533,17.66667,21.66667,0.82467,9.66667,31.33333,41.0,29.0,7.66667,4.0,15.66667,22.33333,106.33333,240.0,35.66667,77.33333,0.46433,9.0,24.33333,0.36,21.0,27.0,0.808,7.0,27.33333,34.33333,21.33333,9.66667,5.0,12.66667,22.33333,101.33333,0,-0.07202,0.07202,0.23377,0.35934,0.52175,0.55454,0.61103,0.6277,1478.3832,1500.92885,0.5256,0.4744,2.02023,2.28589,0.33333,,,,
240.0,37.33333,84.33333,0.44067,9.0,22.66667,0.39567,12.0,16.0,0.73267,7.66667,32.0,39.66667,22.66667,9.66667,4.66667,13.0,13.33333,95.66667,240.0,38.66667,85.0,0.45567,10.0,28.66667,0.35,11.0,14.66667,0.75,10.33333,37.0,47.33333,21.33333,9.66667,2.33333,16.0,18.0,98.33333,1,0.04826,-0.04826,0.32365,0.20711,0.51418,0.49393,0.5578,0.54281,1405.33241,1549.04597,0.7008,0.2992,1.43136,3.40459,0.66667,248.33333,44.33333,92.0,0.48467,9.66667,23.66667,0.44433,17.33333,24.0,0.71767,9.0,43.0,52.0,23.33333,7.33333,8.66667,12.33333,21.66667,115.66667,248.33333,32.66667,87.0,0.37433,11.66667,34.0,0.344,22.0,26.33333,0.85333,8.0,37.0,45.0,19.0,8.0,2.33333,14.66667,20.33333,99.0,1,-0.23935,0.23935,0.18605,0.25015,0.44233,0.5374,0.5325,0.59783,1455.22141,1530.83237,0.5845,0.4155,1.74161,2.5189,0.0,,,,
240.0,41.0,89.66667,0.458,12.0,33.66667,0.36133,17.33333,22.33333,0.76333,12.0,29.66667,41.66667,23.66667,7.66667,3.0,11.33333,17.33333,111.33333,240.0,41.66667,79.0,0.52667,11.0,27.33333,0.39267,14.0,15.33333,0.909,4.0,31.33333,35.33333,26.0,5.33333,3.66667,13.33333,20.0,108.33333,0,-0.032,0.032,0.13563,0.3917,0.59753,0.52477,0.65845,0.58846,1415.52646,1531.2868,0.6555,0.3445,1.55197,3.06435,0.33333,240.0,45.66667,91.66667,0.49767,11.33333,31.66667,0.35033,11.66667,16.66667,0.72467,10.0,30.66667,40.66667,30.0,6.0,7.33333,9.66667,20.0,114.33333,240.0,43.66667,93.66667,0.46533,12.33333,33.33333,0.37067,17.66667,22.33333,0.77667,13.33333,32.66667,46.0,30.33333,4.66667,4.33333,12.0,16.0,117.33333,0,0.03734,-0.03734,0.43548,0.30699,0.53089,0.55959,0.59474,0.5993,1518.31957,1600.85737,0.62039,0.37961,1.61464,2.64733,0.66667,,,,
240.0,42.0,91.0,0.46067,10.66667,26.0,0.41567,8.66667,13.66667,0.64,11.66667,35.33333,47.0,24.66667,10.66667,6.0,13.0,15.0,103.33333,240.0,34.33333,80.33333,0.42433,13.33333,34.66667,0.38367,12.33333,15.66667,0.77967,6.66667,34.66667,41.33333,23.33333,9.0,6.0,17.0,14.0,94.33333,0,-0.13552,0.13552,0.20704,0.33766,0.50672,0.51934,0.56101,0.54884,1502.12901,1500.26926,0.48583,0.51417,2.2053,2.04004,0.66667,240.0,47.33333,93.0,0.50633,10.66667,27.66667,0.371,14.33333,20.0,0.741,11.0,32.66667,43.66667,29.66667,11.33333,3.0,14.33333,20.0,119.66667,240.0,43.33333,85.33333,0.50833,11.0,36.0,0.305,16.66667,22.33333,0.75033,8.33333,31.0,39.33333,27.0,9.33333,4.0,18.33333,16.66667,114.33333,0,-0.05024,0.05024,0.26115,0.38116,0.57305,0.56276,0.63415,0.61038,1502.05505,1487.71962,0.47288,0.52712,2.24382,1.96872,0.66667,,,,
240.0,36.66667,82.0,0.44833,9.66667,27.66667,0.35033,16.66667,23.0,0.71,8.0,30.33333,38.33333,17.66667,9.0,4.33333,11.0,20.0,99.66667,240.0,39.66667,84.33333,0.46933,12.66667,31.66667,0.39067,12.33333,17.0,0.76233,11.0,35.66667,46.66667,21.66667,6.33333,4.66667,15.33333,22.33333,104.33333,0,0.06312,-0.06312,0.36777,0.23097,0.54445,0.50708,0.5918,0.57343,1511.28662,1495.64875,0.48084,0.51916,2.08071,1.92703,1.0,240.0,42.66667,89.0,0.48067,11.66667,31.66667,0.38567,16.0,19.33333,0.84,10.66667,37.33333,48.0,21.0,9.0,5.0,11.0,18.66667,113.0,240.0,35.0,86.33333,0.40867,11.33333,34.33333,0.33333,11.0,15.33333,0.71433,10.0,31.66667,41.66667,20.66667,4.33333,2.33333,15.0,19.66667,92.33333,0,-0.29218,0.29218,0.27401,0.33439,0.47476,0.54598,0.51847,0.60695,1374.53164,1528.33123,0.6789,0.3211,1.49089,3.32998,0.0,,,,
240.0,43.66667,84.33333,0.51833,10.66667,22.33333,0.47967,14.0,17.33333,0.79267,6.66667,29.0,35.66667,27.66667,4.33333,3.66667,14.0,22.0,112.0,240.0,46.33333,88.33333,0.52533,11.33333,29.0,0.391,17.66667,23.66667,0.76033,10.0,32.33333,42.33333,30.0,6.66667,4.0,11.66667,18.0,121.66667,0,0.11917,-0.11917,0.35751,0.21009,0.58996,0.58192,0.6523,0.63577,1520.97905,1459.31107,0.43787,0.56213,2.55956,1.86261,0.66667,240.0,38.0,81.33333,0.46833,10.0,28.33333,0.34667,17.66667,22.66667,0.77533,6.66667,32.0,38.66667,21.33333,10.0,5.0,12.66667,22.33333,103.66667,240.0,36.33333,82.33333,0.44133,10.66667,30.66667,0.34333,19.66667,26.66667,0.73467,12.0,34.0,46.0,23.0,8.0,5.33333,16.33333,21.0,103.0,0,-0.00899,0.00899,0.37879,0.19494,0.50666,0.52977,0.58456,0.60154,1512.17018,1458.41527,0.42155,0.57845,2.47977,1.76078,0.66667,,,,
240.0,35.33333,82.0,0.43433,6.33333,27.0,0.241,21.66667,26.66667,0.803,8.0,32.66667,40.66667,18.66667,7.0,4.0,12.66667,15.0,98.66667,240.0,46.33333,95.0,0.48633,12.0,30.33333,0.397,10.0,13.66667,0.73067,12.33333,38.33333,50.66667,23.33333,6.33333,5.0,10.66667,20.66667,114.66667,0,0.20548,-0.20548,0.40863,0.20811,0.54837,0.47333,0.58292,0.56582,1559.67232,1508.44295,0.44428,0.55572,2.29576,1.8249,1.0,248.33333,40.0,89.66667,0.44767,12.33333,31.66667,0.38867,14.33333,19.66667,0.72967,9.66667,34.66667,44.33333,23.33333,7.0,4.66667,12.66667,17.66667,106.66667,248.33333,38.33333,90.33333,0.426,9.33333,31.0,0.3,15.0,19.66667,0.76633,11.66667,36.0,47.66667,22.66667,5.66667,4.66667,13.66667,18.33333,101.0,0,-0.0744,0.0744,0.34713,0.28069,0.47859,0.51694,0.53624,0.56922,1487.15048,1497.05286,0.50806,0.49194,2.01815,2.10293,0.0,,,,
240.0,42.0,85.33333,0.49267,7.0,20.66667,0.342,21.66667,27.33333,0.777,10.33333,29.66667,40.0,21.33333,6.66667,4.66667,10.0,17.33333,112.66667,240.0,44.66667,84.66667,0.52867,14.33333,32.33333,0.439,15.33333,20.0,0.77533,8.33333,32.33333,40.66667,26.33333,6.33333,2.33333,12.0,19.33333,119.0,0,0.08609,-0.08609,0.27797,0.31969,0.61313,0.53365,0.66878,0.61552,1548.55507,1594.65826,0.58034,0.41966,1.74551,2.43348,0.66667,240.0,45.33333,90.66667,0.50067,9.33333,21.66667,0.42933,17.0,21.0,0.81033,10.0,31.0,41.0,27.33333,7.0,2.0,12.66667,18.33333,117.0,240.0,44.0,82.33333,0.53333,11.33333,27.66667,0.40467,18.33333,22.33333,0.82,5.66667,31.66667,37.33333,33.0,7.33333,6.33333,14.66667,17.33333,117.66667,0,0.0062,-0.0062,0.19755,0.31836,0.60178,0.55233,0.67369,0.61497,1643.17309,1497.51614,0.2933,0.7067,3.47472,1.42023,0.66667,,,,
240.0,36.66667,84.66667,0.435,15.33333,43.66667,0.34667,17.66667,24.66667,0.70667,7.33333,31.0,38.33333,21.0,9.0,3.0,11.0,21.0,106.33333,240.0,41.0,81.0,0.507,12.0,29.0,0.412,14.33333,19.66667,0.72633,6.33333,37.66667,44.0,30.0,6.33333,5.66667,15.33333,21.33333,108.33333,1,0.02418,-0.02418,0.19949,0.19397,0.58073,0.52631,0.63516,0.59318,1509.64926,1627.55931,0.66962,0.33038,1.49419,3.03357,0.66667,240.0,37.66667,82.33333,0.45767,12.33333,26.0,0.46433,12.0,14.33333,0.85867,9.33333,31.33333,40.66667,22.0,7.0,4.33333,10.33333,18.0,99.66667,240.0,40.33333,85.66667,0.46667,7.66667,24.33333,0.31333,10.66667,13.33333,0.84633,10.33333,33.33333,43.66667,28.66667,4.66667,5.33333,10.66667,14.0,99.0,1,-0.02719,0.02719,0.35338,0.29143,0.51001,0.53261,0.55531,0.58293,1554.42114,1464.50325,0.37152,0.62848,3.04831,1.63797,0.66667,,,,
240.0,38.66667,84.33333,0.458,10.0,24.66667,0.39967,15.0,21.33333,0.68133,10.0,35.33333,45.33333,26.0,5.33333,6.66667,13.33333,22.33333,102.33333,240.0,36.66667,80.66667,0.45467,9.0,29.0,0.311,20.0,26.33333,0.76033,7.66667,34.0,41.66667,21.66667,6.66667,6.66667,10.0,18.33333,102.33333,0,0.00166,-0.00166,0.2222,0.29485,0.51131,0.51723,0.59365,0.57489,1484.34965,1485.11,0.50486,0.49514,2.00114,2.0403,0.33333,240.0,39.33333,82.0,0.47967,11.33333,28.66667,0.38367,16.0,22.66667,0.70633,6.0,31.66667,37.66667,25.33333,7.0,8.0,14.0,22.0,106.0,240.0,42.66667,91.66667,0.466,14.33333,38.0,0.37667,18.0,23.66667,0.77733,13.33333,33.33333,46.66667,22.66667,10.66667,4.33333,12.33333,21.0,117.66667,0,0.15262,-0.15262,0.41918,0.18015,0.5452,0.54871,0.60893,0.6091,1624.47717,1577.87277,0.45457,0.54543,2.27097,1.86689,1.0,,,,
240.0,39.33333,82.0,0.47967,11.33333,31.33333,0.365,24.33333,32.33333,0.74867,6.0,30.33333,36.33333,23.0,13.66667,4.33333,13.66667,21.0,114.33333,240.0,42.0,82.66667,0.508,9.0,27.0,0.33233,20.33333,26.0,0.783,9.66667,38.0,47.66667,25.0,6.33333,5.0,18.0,26.0,113.33333,1,-0.01737,0.01737,0.32414,0.15885,0.56263,0.54846,0.6404,0.64133,1419.2833,1510.11182,0.6292,0.3708,1.60211,2.77288,0.33333,256.66667,39.33333,84.0,0.46733,11.66667,34.0,0.34,24.66667,28.33333,0.883,6.0,38.33333,44.33333,25.0,6.66667,3.0,16.66667,28.0,115.0,256.66667,43.33333,91.0,0.48433,11.33333,32.66667,0.34333,21.33333,26.33333,0.807,9.0,37.0,46.0,30.33333,9.33333,4.33333,12.66667,23.0,119.33333,1,0.05456,-0.05456,0.2236,0.16376,0.54509,0.53792,0.62413,0.63689,1497.44429,1514.15901,0.52405,0.47595,1.99416,2.26489,1.0,,,,
240.0,36.33333,85.0,0.42533,7.33333,21.0,0.35833,14.66667,19.66667,0.77233,9.33333,30.66667,40.0,19.33333,8.0,7.33333,10.0,17.33333,94.66667,240.0,40.0,90.66667,0.44167,11.33333,35.33333,0.31933,13.66667,16.33333,0.823,14.33333,36.33333,50.66667,24.0,7.0,6.33333,11.66667,17.33333,105.0,1,0.14707,-0.14707,0.47356,0.25721,0.5052,0.46916,0.55845,0.53083,1533.49938,1584.76435,0.58243,0.41757,1.817,2.8746,1.0,240.0,41.0,92.0,0.44767,8.0,28.66667,0.28267,13.66667,18.66667,0.74567,14.33333,28.33333,42.66667,23.33333,11.33333,5.0,15.66667,23.33333,103.66667,240.0,43.33333,82.66667,0.526,10.66667,28.66667,0.37333,18.66667,25.66667,0.73633,8.66667,34.0,42.66667,27.0,9.0,6.66667,17.66667,18.33333,116.0,1,0.15951,-0.15951,0.28395,0.43021,0.59055,0.49111,0.65885,0.5408,1520.81549,1488.20521,0.47405,0.52595,2.36877,2.06946,1.0,,,,
240.0,38.66667,86.66667,0.448,11.66667,30.66667,0.383,13.33333,15.0,0.89033,11.33333,33.33333,44.66667,21.33333,5.0,1.66667,13.66667,24.66667,102.33333,240.0,37.0,74.66667,0.49667,8.0,26.0,0.308,24.66667,33.33333,0.74,6.0,32.33333,38.33333,21.0,10.0,4.33333,10.33333,16.33333,106.66667,0,0.05934,-0.05934,0.19178,0.37199,0.55048,0.5166,0.65136,0.5716,1493.1534,1453.78953,0.44667,0.55333,2.242,1.80886,1.0,240.0,39.66667,83.0,0.48033,6.66667,19.33333,0.35667,20.66667,30.0,0.683,9.0,31.0,40.0,21.0,5.66667,2.66667,10.66667,18.33333,106.66667,240.0,43.66667,90.66667,0.482,13.33333,33.33333,0.39067,20.0,24.0,0.837,12.66667,32.0,44.66667,24.0,4.0,4.0,9.33333,21.33333,120.66667,0,0.17466,-0.17466,0.40612,0.27014,0.55429,0.52061,0.62884,0.59831,1628.93852,1522.17844,0.36714,0.63286,2.82168,1.59892,1.0,,,,
240.0,35.33333,85.33333,0.41467,7.0,22.66667,0.32233,15.33333,24.66667,0.61933,8.66667,30.33333,39.0,21.0,13.33333,2.66667,15.0,23.66667,93.0,240.0,39.66667,81.66667,0.487,11.0,32.0,0.34333,16.33333,25.33333,0.64933,10.66667,40.33333,51.0,26.33333,11.0,5.0,19.33333,21.33333,106.66667,0,0.19218,-0.19218,0.34619,0.21928,0.55451,0.4555,0.61295,0.51289,1501.14276,1339.85728,0.30016,0.69984,3.50369,1.44319,1.0,240.0,35.66667,85.0,0.42167,10.0,32.33333,0.30533,23.66667,29.33333,0.824,11.0,32.0,43.0,22.33333,7.0,9.0,13.0,21.33333,105.0,240.0,40.0,87.0,0.461,8.33333,23.0,0.35833,22.66667,27.66667,0.81033,11.66667,35.66667,47.33333,22.66667,8.0,5.33333,12.66667,23.66667,111.0,0,0.07878,-0.07878,0.36455,0.3165,0.50918,0.48028,0.59795,0.57554,1449.65376,1469.57456,0.53556,0.46444,1.8704,2.15797,1.0,,,,
240.0,40.33333,82.33333,0.49,11.66667,30.0,0.39433,18.0,24.0,0.749,6.66667,34.33333,41.0,29.33333,5.0,5.66667,14.66667,24.0,110.33333,240.0,39.33333,83.66667,0.46833,9.33333,28.33333,0.28633,20.66667,27.66667,0.75633,8.0,34.66667,42.66667,21.0,6.33333,3.0,10.66667,23.66667,108.66667,0,-0.02476,0.02476,0.24014,0.1967,0.52492,0.56104,0.60553,0.63002,1469.99275,1483.90094,0.52007,0.47993,1.94123,2.10824,0.33333,240.0,41.33333,85.66667,0.481,9.33333,18.66667,0.50433,19.0,26.66667,0.704,8.66667,40.33333,49.0,25.0,7.66667,6.0,10.33333,19.33333,111.0,240.0,31.33333,81.33333,0.385,12.0,35.0,0.343,18.33333,23.0,0.802,6.33333,36.0,42.33333,19.33333,6.33333,2.0,14.0,20.66667,93.0,0,-0.25978,0.25978,0.15792,0.24645,0.45899,0.53549,0.53717,0.60634,1447.3665,1511.11205,0.56959,0.43041,1.77417,2.3751,0.0,,,,
240.0,42.33333,84.0,0.506,9.66667,25.66667,0.36333,13.0,19.33333,0.70433,11.0,28.0,39.0,22.33333,6.33333,6.66667,11.33333,19.66667,107.33333,240.0,41.0,83.0,0.49367,8.66667,26.66667,0.315,17.0,20.33333,0.84633,9.33333,31.33333,40.66667,21.33333,6.66667,5.0,12.0,19.0,107.66667,1,0.0001,-0.0001,0.33195,0.35366,0.54741,0.5646,0.61662,0.61115,1574.51583,1388.2915,0.25697,0.74303,4.12054,1.35603,0.66667,240.0,30.66667,81.33333,0.37667,4.66667,21.33333,0.256,20.33333,25.33333,0.76567,8.33333,33.0,41.33333,12.66667,5.66667,4.33333,11.66667,19.66667,86.33333,240.0,34.66667,81.0,0.42867,10.33333,29.66667,0.34667,13.66667,18.66667,0.72967,7.0,41.66667,48.66667,22.33333,6.66667,5.66667,12.66667,20.33333,93.33333,1,0.11396,-0.11396,0.2098,0.20071,0.49274,0.40559,0.54968,0.49683,1485.07628,1443.31724,0.45947,0.54053,2.38261,1.93844,0.66667,,,,
240.0,37.33333,80.0,0.46767,10.33333,25.33333,0.42567,17.66667,25.33333,0.70267,10.0,30.66667,40.66667,23.0,11.66667,4.33333,16.0,20.33333,102.66667,240.0,37.66667,82.66667,0.45467,9.33333,26.66667,0.34633,17.66667,21.66667,0.816,10.66667,31.0,41.66667,25.33333,9.0,4.66667,18.33333,19.33333,102.33333,0,-0.00786,0.00786,0.35483,0.33227,0.51051,0.53294,0.58515,0.601,1514.00037,1477.24843,0.45047,0.54953,2.29289,1.86167,0.33333,240.0,38.66667,81.33333,0.47567,10.66667,29.33333,0.368,15.0,17.66667,0.843,9.0,29.66667,38.66667,21.33333,5.33333,5.66667,15.0,25.33333,103.0,240.0,41.0,85.66667,0.48167,6.0,18.66667,0.332,27.33333,33.66667,0.82167,12.66667,31.0,43.66667,20.66667,8.33333,4.33333,9.0,16.33333,115.33333,0,0.16407,-0.16407,0.42963,0.28909,0.51731,0.54125,0.62347,0.60434,1599.83717,1511.6166,0.39695,0.60305,2.69069,1.71711,1.0,,,,
240.0,36.66667,80.33333,0.45767,8.66667,30.0,0.28767,21.66667,27.33333,0.78567,7.33333,35.33333,42.66667,20.66667,6.66667,4.33333,14.66667,17.0,103.66667,240.0,45.0,90.66667,0.49533,9.0,24.0,0.38433,13.0,18.66667,0.71433,9.0,36.33333,45.33333,23.0,9.33333,4.33333,11.0,21.33333,112.0,0,0.10781,-0.10781,0.25629,0.20128,0.54516,0.51134,0.5894,0.60192,1510.1479,1503.62135,0.50486,0.49514,2.00902,2.04581,1.0,240.0,42.66667,85.0,0.50167,6.33333,24.0,0.259,16.66667,20.33333,0.834,11.33333,30.33333,41.66667,25.66667,10.0,6.0,14.66667,17.33333,108.33333,240.0,38.0,80.33333,0.473,13.0,31.66667,0.41033,19.0,23.33333,0.825,8.33333,28.33333,36.66667,22.66667,11.33333,4.0,17.0,18.33333,108.0,0,-0.01374,0.01374,0.28098,0.40472,0.5536,0.53885,0.63108,0.60551,1395.48432,1441.9405,0.56744,0.43256,1.86488,2.51058,0.33333,,,,
240.0,34.66667,74.33333,0.466,9.66667,23.0,0.41133,16.66667,22.0,0.76367,12.0,34.33333,46.33333,20.66667,5.66667,4.33333,18.0,22.66667,95.66667,240.0,31.0,75.66667,0.40933,6.66667,26.33333,0.25033,19.0,23.33333,0.809,6.33333,26.66667,33.0,15.66667,9.0,4.0,13.33333,20.0,87.66667,0,-0.13743,0.13743,0.18875,0.47824,0.45329,0.53137,0.54035,0.60448,1533.47999,1536.3413,0.48452,0.51548,2.1324,2.00607,0.33333,240.0,39.0,82.0,0.475,14.0,33.0,0.421,11.33333,15.0,0.82333,8.66667,29.33333,38.0,25.66667,6.66667,2.66667,17.0,21.66667,103.33333,240.0,43.66667,92.0,0.47567,9.33333,29.0,0.31867,18.0,24.33333,0.76,16.66667,31.33333,48.0,17.33333,11.0,5.33333,11.33333,15.66667,114.66667,0,0.15528,-0.15528,0.5963,0.28719,0.52637,0.56063,0.59035,0.60473,1572.88955,1474.82507,0.37625,0.62375,2.71241,1.61669,1.0,,,,
240.0,46.66667,84.0,0.55533,10.66667,27.66667,0.37067,14.33333,16.33333,0.88067,8.66667,31.0,39.66667,34.66667,9.66667,4.33333,13.33333,21.0,118.33333,240.0,36.33333,81.66667,0.44567,11.33333,34.66667,0.33533,17.33333,22.66667,0.77033,9.66667,24.33333,34.0,20.0,6.66667,3.33333,16.0,16.0,101.33333,0,-0.22119,0.22119,0.32056,0.35753,0.51466,0.61872,0.58555,0.67532,1430.22654,1559.05227,0.65745,0.34255,1.53202,2.98676,0.0,240.0,34.33333,87.66667,0.392,11.0,35.33333,0.31133,17.66667,23.33333,0.76333,11.33333,31.0,42.33333,20.0,7.0,3.33333,13.0,17.0,97.33333,240.0,43.0,83.66667,0.514,11.33333,27.0,0.411,14.0,18.0,0.775,8.66667,35.33333,44.0,30.33333,8.0,5.0,13.33333,20.33333,111.33333,0,0.19242,-0.19242,0.28732,0.33557,0.58223,0.45489,0.63564,0.52508,1536.85744,1463.55251,0.4166,0.5834,2.4106,1.71757,1.0,,,,
240.0,38.66667,83.0,0.468,13.0,33.33333,0.38667,17.66667,20.66667,0.85167,8.33333,29.66667,38.0,26.66667,9.0,3.66667,15.0,20.66667,108.0,240.0,39.66667,80.0,0.49633,12.0,29.33333,0.38967,17.66667,22.66667,0.80633,8.0,31.0,39.0,21.33333,9.33333,5.33333,14.0,19.33333,109.0,0,0.01038,-0.01038,0.27415,0.28074,0.56926,0.5455,0.64229,0.61775,1488.87774,1376.7065,0.34243,0.65757,2.94123,1.52364,0.66667,240.0,38.0,80.0,0.475,9.0,30.33333,0.29933,16.66667,22.33333,0.743,6.66667,32.33333,39.0,20.66667,9.66667,5.0,14.33333,21.33333,101.66667,240.0,42.0,83.66667,0.50333,6.0,20.33333,0.28333,14.0,20.33333,0.70167,8.66667,34.33333,43.0,19.66667,7.0,4.0,14.66667,21.33333,104.0,0,0.0361,-0.0361,0.27504,0.19164,0.53964,0.53145,0.59148,0.5996,1496.63796,1495.05176,0.50149,0.49851,2.00101,2.01263,0.66667,,,,
240.0,41.33333,90.0,0.46033,7.33333,20.66667,0.363,18.66667,23.33333,0.80433,12.33333,29.0,41.33333,21.0,7.66667,7.0,10.33333,19.66667,108.66667,240.0,43.0,87.33333,0.49367,12.33333,32.33333,0.37467,15.66667,19.33333,0.81967,11.33333,34.0,45.33333,26.33333,6.33333,5.33333,14.0,19.0,114.0,0,0.07703,-0.07703,0.39885,0.36778,0.56417,0.50133,0.62324,0.57131,1508.58476,1598.89133,0.63221,0.36779,1.64237,3.11521,0.66667,240.0,37.0,87.66667,0.42333,11.0,30.66667,0.353,16.66667,21.0,0.75967,11.0,31.0,42.0,19.0,6.33333,4.0,10.0,17.33333,101.66667,240.0,42.66667,90.33333,0.474,15.0,34.33333,0.433,11.33333,12.0,0.93333,10.66667,36.0,46.66667,19.0,5.33333,5.33333,11.33333,16.66667,111.66667,0,0.14043,-0.14043,0.34179,0.31345,0.55787,0.48592,0.60301,0.55174,1496.69405,1456.53562,0.45727,0.54273,2.26742,1.88132,1.0,,,,
240.0,37.33333,96.66667,0.386,12.0,36.0,0.33433,17.33333,21.66667,0.803,11.66667,30.66667,42.33333,20.33333,8.0,3.33333,9.33333,17.0,104.0,240.0,42.66667,83.66667,0.51167,13.33333,29.66667,0.443,18.66667,22.66667,0.819,7.0,43.0,50.0,25.0,4.33333,6.0,14.66667,19.0,117.33333,0,0.17342,-0.17342,0.22529,0.27087,0.5918,0.44799,0.66365,0.51258,1527.59622,1428.36125,0.3815,0.6185,2.62134,1.61684,1.0,240.0,43.66667,81.33333,0.53733,14.0,34.33333,0.41533,13.66667,16.66667,0.82033,7.33333,31.33333,38.66667,26.33333,10.33333,2.66667,16.0,17.0,115.0,240.0,41.0,83.0,0.498,10.33333,24.33333,0.43833,10.33333,13.66667,0.76667,7.0,26.66667,33.66667,21.33333,12.0,3.33333,15.0,18.66667,102.66667,0,-0.16186,0.16186,0.24782,0.27785,0.56199,0.6235,0.60342,0.6769,1329.37642,1525.24533,0.7397,0.2603,1.36606,4.29736,0.0,,,,
240.0,37.0,87.33333,0.42833,10.33333,28.33333,0.362,19.66667,23.66667,0.83267,13.0,39.33333,52.33333,20.0,9.0,6.0,12.33333,20.0,104.0,240.0,34.66667,85.66667,0.405,8.66667,27.33333,0.313,19.66667,25.33333,0.774,10.33333,35.0,45.33333,20.66667,7.0,6.0,11.0,18.66667,97.66667,0,-0.09185,0.09185,0.27519,0.36605,0.45546,0.48707,0.53554,0.56625,1506.57983,1510.81538,0.49552,0.50448,2.01837,1.98253,0.33333,240.0,39.33333,87.66667,0.44933,7.66667,19.33333,0.40433,17.66667,26.0,0.67867,11.0,32.66667,43.66667,21.0,6.66667,3.66667,11.66667,18.66667,104.0,240.0,40.66667,89.33333,0.45667,9.33333,29.0,0.31867,17.66667,22.66667,0.77067,12.33333,35.66667,48.0,24.66667,5.66667,7.0,11.0,19.66667,108.33333,0,0.0517,-0.0517,0.37318,0.30939,0.50952,0.49277,0.57672,0.55672,1623.86901,1502.31283,0.33946,0.66054,3.0916,1.53831,0.66667,,,,
240.0,41.0,83.66667,0.49,14.0,33.66667,0.41367,19.0,23.33333,0.80433,7.33333,36.0,43.33333,29.33333,7.0,6.33333,16.66667,21.0,115.0,240.0,43.0,95.66667,0.451,10.33333,34.66667,0.29467,15.66667,21.33333,0.765,12.66667,33.33333,46.0,23.0,11.0,3.33333,13.66667,19.66667,112.0,0,-0.03737,0.03737,0.35828,0.22662,0.50603,0.57393,0.56063,0.64732,1525.37072,1641.60059,0.65202,0.34798,1.57206,3.12463,0.33333,240.0,40.33333,82.66667,0.48833,12.0,27.33333,0.46467,20.33333,25.33333,0.813,7.33333,30.33333,37.66667,22.33333,10.0,3.33333,13.33333,22.66667,113.0,240.0,41.0,84.66667,0.485,10.33333,30.66667,0.34033,19.0,26.33333,0.72733,11.66667,37.0,48.66667,17.0,8.0,5.33333,16.66667,20.33333,111.33333,0,-0.03095,0.03095,0.39393,0.20687,0.54594,0.56188,0.61524,0.64197,1459.41566,1499.61324,0.55964,0.44036,1.79241,2.28188,0.33333,,,,
240.0,35.66667,83.33333,0.43,12.0,30.0,0.41367,18.66667,25.66667,0.726,10.66667,29.66667,40.33333,24.66667,6.66667,5.33333,13.66667,20.33333,102.0,240.0,42.0,88.33333,0.47567,11.66667,30.66667,0.38,18.66667,23.0,0.79933,9.66667,35.66667,45.33333,24.0,9.0,5.66667,11.33333,20.33333,114.33333,0,0.1832,-0.1832,0.32106,0.29184,0.54103,0.50255,0.61148,0.57584,1508.18901,1553.23402,0.59206,0.40794,1.68916,2.45178,0.66667,240.0,36.0,81.33333,0.44333,11.0,31.33333,0.34633,12.33333,18.0,0.77333,6.66667,30.66667,37.33333,24.66667,7.66667,2.0,13.66667,22.66667,95.33333,240.0,40.66667,91.66667,0.443,9.33333,30.0,0.30767,15.33333,24.33333,0.668,18.33333,36.0,54.33333,18.0,9.0,5.33333,12.66667,17.0,106.0,0,0.15492,-0.15492,0.62936,0.18782,0.49369,0.51167,0.54578,0.56009,1564.05307,1406.53344,0.30043,0.69957,3.4545,1.43772,1.0,,,,
240.0,38.33333,85.0,0.45467,12.33333,31.33333,0.40467,20.0,24.0,0.85467,10.33333,36.0,46.33333,22.66667,7.0,5.66667,16.66667,25.0,109.0,240.0,38.66667,89.33333,0.434,10.33333,29.66667,0.375,21.0,28.66667,0.717,13.0,30.33333,43.33333,22.66667,12.0,7.66667,13.0,22.66667,108.66667,0,-0.01017,0.01017,0.36004,0.33134,0.49193,0.52874,0.56947,0.60951,1513.31787,1408.43323,0.34959,0.65041,2.88258,1.54116,0.66667,240.0,35.0,84.0,0.41833,5.0,18.33333,0.27167,13.33333,18.0,0.74567,10.0,33.0,43.0,18.0,7.0,6.0,15.33333,18.66667,88.33333,240.0,35.66667,80.66667,0.44067,8.66667,27.33333,0.32,12.66667,17.0,0.76467,6.33333,35.0,41.33333,20.66667,7.0,5.66667,14.33333,20.0,92.66667,0,0.07541,-0.07541,0.1962,0.29473,0.49442,0.44864,0.54769,0.50581,1590.73782,1457.52098,0.32116,0.67884,3.2511,1.48571,0.33333,,,,
240.0,36.33333,84.66667,0.43,13.0,34.0,0.37767,17.33333,23.33333,0.744,12.33333,27.66667,40.0,22.66667,9.0,3.66667,16.0,21.0,103.0,240.0,41.0,84.66667,0.48467,9.66667,29.33333,0.32967,18.66667,24.0,0.77033,9.66667,32.66667,42.33333,21.0,11.0,6.0,13.0,19.33333,110.33333,1,0.12467,-0.12467,0.35024,0.37517,0.54191,0.50733,0.61373,0.5757,1526.00805,1548.26347,0.54566,0.45434,1.86212,2.24379,0.66667,240.0,37.33333,81.66667,0.45733,10.66667,27.66667,0.36467,18.33333,24.66667,0.753,7.66667,38.66667,46.33333,25.33333,8.66667,6.33333,16.33333,20.0,103.66667,240.0,37.33333,89.66667,0.41867,10.0,31.66667,0.34133,13.33333,17.33333,0.80067,10.33333,35.0,45.33333,23.33333,7.0,6.0,15.33333,22.0,98.0,1,-0.0758,0.0758,0.27235,0.21995,0.4751,0.52163,0.52755,0.59561,1406.97658,1509.09553,0.62788,0.37212,1.6327,2.94622,0.33333,,,,
240.0,39.33333,89.33333,0.44033,14.33333,37.33333,0.397,15.33333,18.66667,0.821,9.33333,35.33333,44.66667,21.33333,6.33333,3.33333,12.66667,25.33333,108.33333,240.0,37.66667,84.66667,0.445,7.33333,24.66667,0.29233,23.66667,33.66667,0.72,11.33333,33.33333,44.66667,21.0,7.0,5.33333,13.33333,16.0,106.33333,1,-0.0268,0.0268,0.32146,0.28529,0.4882,0.52076,0.57856,0.57975,1539.23763,1587.59826,0.56136,0.43864,1.85805,2.41168,0.66667,240.0,38.33333,84.0,0.45767,9.0,25.66667,0.352,17.0,23.0,0.72233,7.33333,32.66667,40.0,22.66667,9.33333,5.33333,9.66667,19.0,102.66667,240.0,38.66667,81.33333,0.47667,12.0,30.33333,0.399,19.0,24.0,0.78467,8.33333,36.33333,44.66667,27.33333,5.33333,6.0,14.0,20.33333,108.33333,1,0.07134,-0.07134,0.24935,0.1987,0.5504,0.51095,0.62602,0.57721,1514.70813,1482.23494,0.45953,0.54047,2.18682,1.85627,1.0,,,,
240.0,35.66667,82.66667,0.434,12.33333,34.33333,0.35833,16.33333,21.66667,0.75667,8.66667,36.66667,45.33333,22.66667,2.33333,3.33333,13.66667,20.66667,100.0,240.0,40.33333,89.0,0.45533,9.33333,25.66667,0.37067,18.33333,23.0,0.82333,8.66667,37.0,45.66667,20.33333,6.33333,4.66667,6.33333,18.0,108.33333,0,0.11638,-0.11638,0.23338,0.23268,0.50845,0.5097,0.5788,0.57485,1515.06847,1443.40189,0.41325,0.58675,2.48707,1.72407,0.66667,240.0,41.0,81.66667,0.502,11.66667,27.33333,0.43467,13.0,15.66667,0.79867,8.33333,28.0,36.33333,22.33333,6.33333,5.33333,15.33333,24.66667,106.66667,240.0,43.33333,85.33333,0.50767,8.0,20.66667,0.392,23.0,30.33333,0.735,12.66667,29.0,41.66667,25.0,9.33333,3.33333,11.33333,16.33333,117.66667,0,0.14182,-0.14182,0.46049,0.28909,0.55401,0.57331,0.64122,0.62663,1603.03844,1524.43276,0.40925,0.59075,2.56295,1.74303,1.0,,,,
240.0,41.66667,87.66667,0.478,12.66667,32.0,0.40567,18.0,23.66667,0.755,10.0,30.33333,40.33333,24.66667,8.33333,2.66667,9.33333,18.0,114.0,240.0,42.0,78.33333,0.53533,15.0,31.66667,0.47367,14.66667,16.0,0.91833,3.66667,32.66667,36.33333,26.66667,6.33333,3.33333,13.0,18.66667,113.66667,0,-0.00229,0.00229,0.12043,0.32341,0.6311,0.55074,0.69406,0.61605,1426.29688,1528.74836,0.64769,0.35231,1.57965,3.02876,0.33333,240.0,41.33333,88.66667,0.46933,9.66667,25.0,0.38567,17.66667,24.0,0.73167,9.33333,26.0,35.33333,19.33333,8.66667,3.66667,7.0,17.0,110.0,240.0,45.33333,83.33333,0.54433,16.66667,33.0,0.50567,14.0,17.0,0.83733,6.66667,35.0,41.66667,21.33333,3.33333,3.33333,13.66667,19.33333,121.33333,0,0.14147,-0.14147,0.25626,0.26507,0.64426,0.5231,0.69695,0.5891,1512.15533,1503.27479,0.50544,0.49456,2.06272,2.11777,1.0,,,,
240.0,37.66667,83.33333,0.452,9.66667,27.33333,0.356,19.0,25.33333,0.751,8.66667,34.33333,43.0,28.33333,5.33333,6.0,13.33333,23.0,104.0,240.0,37.0,80.0,0.46167,12.0,33.0,0.36133,21.0,26.66667,0.79433,7.33333,35.0,42.33333,23.33333,5.66667,4.66667,10.66667,22.0,107.0,1,0.03968,-0.03968,0.21864,0.25374,0.53589,0.51011,0.62233,0.58502,1454.24785,1486.42205,0.55362,0.44638,1.81201,2.2506,0.66667,240.0,35.66667,85.33333,0.418,11.0,28.0,0.40533,17.0,22.0,0.772,11.33333,36.0,47.33333,22.33333,5.33333,8.0,13.0,23.66667,99.33333,240.0,37.66667,86.33333,0.43267,11.0,28.66667,0.37933,21.33333,27.66667,0.769,10.0,38.33333,48.33333,20.0,7.0,4.66667,11.66667,17.33333,107.66667,1,0.1022,-0.1022,0.28233,0.28946,0.49536,0.48398,0.57898,0.55341,1511.16205,1521.94554,0.53226,0.46774,1.90405,2.17115,0.66667,,,,
240.0,38.66667,81.33333,0.47433,10.66667,29.66667,0.36133,9.0,13.33333,0.64267,9.33333,34.0,43.33333,23.0,7.0,7.0,15.33333,18.0,97.0,240.0,36.66667,85.66667,0.428,10.0,31.0,0.31333,14.0,18.33333,0.768,9.0,31.33333,40.33333,20.66667,9.66667,4.66667,11.0,16.33333,97.33333,0,0.00447,-0.00447,0.27141,0.30263,0.48724,0.5402,0.543,0.57566,1551.62974,1483.6244,0.40464,0.59536,2.57144,1.70494,0.33333,240.0,47.0,95.33333,0.49133,13.66667,32.33333,0.425,12.33333,17.33333,0.74333,10.33333,33.66667,44.0,31.66667,9.0,3.0,11.66667,20.33333,120.0,240.0,44.66667,84.66667,0.528,12.66667,36.33333,0.35,18.0,22.0,0.81,5.0,34.0,39.0,28.66667,7.33333,3.66667,15.0,14.33333,120.0,0,0.01792,-0.01792,0.15677,0.34432,0.60322,0.5629,0.67085,0.60216,1501.69817,1515.30537,0.52449,0.47551,1.91647,2.11678,0.66667,,,,
240.0,39.33333,91.66667,0.42567,6.66667,24.0,0.29033,14.0,17.0,0.82167,14.66667,30.0,44.66667,23.66667,10.0,4.66667,15.0,19.0,99.33333,240.0,43.0,83.66667,0.51467,12.33333,29.0,0.42833,16.66667,23.33333,0.73867,11.0,33.66667,44.66667,26.0,8.66667,6.0,17.0,16.0,115.0,0,0.22483,-0.22483,0.36154,0.44547,0.58867,0.46239,0.64924,0.51826,1577.80684,1522.74579,0.44129,0.55871,2.31879,1.8112,1.0,240.0,36.0,77.66667,0.46467,11.0,25.33333,0.41467,16.0,20.0,0.805,8.0,33.66667,41.66667,21.0,5.33333,3.33333,12.0,18.0,99.0,240.0,40.66667,86.33333,0.46667,7.33333,25.66667,0.28367,13.0,17.0,0.763,10.33333,34.0,44.33333,25.33333,7.0,3.66667,8.33333,15.33333,101.66667,0,0.01714,-0.01714,0.32243,0.24281,0.50789,0.53411,0.56038,0.60403,1555.16332,1456.35431,0.36495,0.63505,3.08308,1.61742,0.66667,,,,
240.0,36.33333,81.0,0.449,15.66667,43.0,0.35933,18.0,25.0,0.71033,5.33333,33.33333,38.66667,20.66667,9.33333,4.0,10.0,19.33333,106.33333,240.0,38.0,82.33333,0.462,10.66667,28.66667,0.362,14.33333,18.66667,0.77033,8.0,37.66667,45.66667,27.0,6.66667,4.0,14.66667,19.66667,101.0,1,-0.07995,0.07995,0.24071,0.13991,0.52659,0.54522,0.5842,0.61484,1518.21125,1638.38083,0.65886,0.34114,1.52097,2.95298,0.33333,240.0,39.66667,89.66667,0.44267,10.0,31.66667,0.305,11.0,16.33333,0.71567,7.0,37.0,44.0,25.0,8.66667,4.0,13.66667,21.0,100.33333,240.0,38.66667,81.66667,0.47233,11.33333,32.66667,0.337,20.33333,25.66667,0.79267,6.33333,38.33333,44.66667,24.0,8.0,4.0,15.33333,15.0,109.0,1,0.1137,-0.1137,0.17972,0.18362,0.54138,0.49683,0.62482,0.53741,1502.80408,1485.0677,0.49183,0.50817,2.03598,1.97046,1.0,,,,
240.0,38.0,81.33333,0.46833,10.66667,31.33333,0.34233,18.0,23.0,0.78633,7.66667,30.0,37.66667,27.0,8.0,3.33333,16.0,24.33333,104.66667,240.0,39.33333,76.33333,0.51567,9.33333,25.66667,0.35267,20.33333,27.66667,0.733,6.0,31.66667,37.66667,25.0,10.66667,4.33333,15.0,22.0,108.33333,0,0.04756,-0.04756,0.20862,0.25569,0.57588,0.53371,0.6574,0.60686,1493.63261,1376.66313,0.33846,0.66154,2.97593,1.51457,0.66667,240.0,39.0,81.66667,0.47767,10.66667,30.0,0.346,10.0,15.0,0.652,7.0,31.33333,38.33333,24.33333,7.66667,7.33333,15.33333,19.33333,98.66667,240.0,39.66667,85.33333,0.464,15.33333,37.66667,0.40633,15.66667,21.33333,0.74633,10.33333,32.66667,43.0,21.0,11.66667,3.66667,12.66667,16.0,110.33333,0,0.16129,-0.16129,0.33332,0.21765,0.55421,0.54276,0.61199,0.5804,1630.23594,1571.06909,0.43845,0.56155,2.42488,1.83154,1.0,,,,
240.0,39.0,90.66667,0.43133,6.33333,25.0,0.23667,11.66667,13.66667,0.84267,9.0,31.66667,40.66667,18.66667,12.0,2.0,11.66667,16.0,96.0,240.0,41.66667,81.33333,0.51267,10.33333,33.0,0.31233,6.33333,13.0,0.49833,8.0,37.66667,45.66667,25.66667,9.33333,6.66667,18.0,14.0,100.0,0,0.05512,-0.05512,0.25249,0.23645,0.57607,0.46666,0.59381,0.51477,1497.47246,1498.58682,0.5096,0.4904,2.00689,2.08697,0.66667,240.0,39.66667,87.66667,0.453,11.33333,26.0,0.43367,15.33333,19.33333,0.78367,8.0,33.0,41.0,25.33333,6.66667,6.0,14.0,22.33333,106.0,240.0,38.0,86.33333,0.44033,11.66667,31.66667,0.356,22.0,29.33333,0.752,10.66667,36.0,46.66667,21.0,7.33333,8.0,13.33333,20.66667,109.66667,0,0.04338,-0.04338,0.32373,0.22097,0.50737,0.51938,0.59045,0.57983,1527.48691,1406.76979,0.34332,0.65668,3.1387,1.55404,0.66667,,,,
240.0,40.0,86.0,0.46533,10.0,30.33333,0.33233,21.33333,28.33333,0.745,7.0,33.0,40.0,23.33333,13.0,4.0,12.0,21.0,111.33333,240.0,40.66667,82.66667,0.49233,9.33333,30.0,0.31533,18.66667,25.0,0.74933,8.66667,40.0,48.66667,25.0,6.33333,6.0,18.0,24.33333,109.33333,1,-0.03319,0.03319,0.27644,0.17209,0.54891,0.52391,0.61983,0.60548,1468.83986,1512.44101,0.56461,0.43539,1.77776,2.31009,0.33333,240.0,40.0,91.66667,0.437,13.66667,40.0,0.34167,7.66667,9.0,0.83533,9.33333,33.33333,42.66667,27.0,8.66667,5.0,14.33333,16.0,101.33333,240.0,44.0,88.0,0.50067,11.0,26.66667,0.407,13.33333,18.0,0.737,10.33333,38.33333,48.66667,26.33333,8.0,4.0,12.66667,12.66667,112.33333,1,0.15238,-0.15238,0.33433,0.24068,0.56326,0.51168,0.61154,0.54179,1489.40398,1463.99173,0.48271,0.51729,2.12496,1.97065,1.0,,,,
240.0,40.0,88.33333,0.45367,5.66667,23.0,0.24267,22.33333,30.33333,0.738,11.33333,33.66667,45.0,21.0,7.33333,2.66667,13.0,20.66667,108.0,240.0,41.66667,88.66667,0.473,15.66667,33.0,0.474,18.66667,26.0,0.717,10.66667,36.33333,47.0,24.0,6.66667,5.0,13.66667,23.66667,117.66667,1,0.11805,-0.11805,0.31105,0.31406,0.56243,0.48517,0.62716,0.56885,1490.57743,1452.39174,0.47095,0.52905,2.35681,2.00593,0.66667,240.0,35.0,80.66667,0.43533,7.66667,19.66667,0.39367,23.33333,30.0,0.77167,8.33333,31.0,39.33333,21.0,7.33333,5.33333,9.33333,21.0,101.0,240.0,36.66667,78.66667,0.46733,11.66667,33.33333,0.34933,19.0,24.0,0.77633,8.33333,35.0,43.33333,20.66667,3.66667,6.0,13.0,24.0,104.0,1,0.03915,-0.03915,0.27578,0.24122,0.54127,0.48253,0.62055,0.58017,1437.58962,1524.7481,0.62945,0.37055,1.59844,2.74113,0.66667,,,,
240.0,36.0,86.33333,0.417,9.33333,27.33333,0.34667,15.0,17.33333,0.86767,12.33333,32.66667,45.0,19.66667,6.66667,3.33333,15.33333,22.66667,96.33333,240.0,37.66667,78.33333,0.48367,7.66667,28.66667,0.27867,20.33333,27.66667,0.758,7.33333,32.0,39.33333,20.33333,12.33333,5.0,10.66667,18.0,103.33333,0,0.10533,-0.10533,0.23712,0.40421,0.53365,0.47151,0.61619,0.53547,1540.69548,1449.80563,0.38066,0.61934,2.80917,1.64625,1.0,240.0,44.66667,86.0,0.519,14.0,27.66667,0.48733,14.0,16.66667,0.84667,8.66667,29.66667,38.33333,31.0,9.33333,4.0,11.66667,20.0,117.33333,240.0,38.66667,81.33333,0.47733,12.33333,36.33333,0.34533,16.66667,19.66667,0.84867,7.66667,27.33333,35.0,25.66667,5.0,5.33333,14.0,16.33333,106.33333,0,-0.13385,0.13385,0.25796,0.33593,0.55345,0.59999,0.62323,0.65393,1391.62592,1557.70581,0.71006,0.28994,1.41149,3.5019,0.33333,,,,
240.0,42.0,85.66667,0.49167,16.33333,42.0,0.397,14.66667,18.0,0.81567,7.0,36.66667,43.66667,21.33333,7.66667,6.33333,9.33333,16.33333,115.0,240.0,36.66667,85.0,0.43167,10.0,29.66667,0.32467,14.0,16.66667,0.838,8.0,35.33333,43.33333,22.33333,6.33333,3.33333,12.66667,15.0,97.33333,1,-0.24481,0.24481,0.2364,0.20945,0.49036,0.58657,0.54911,0.64263,1484.62942,1651.91952,0.70387,0.29613,1.43643,3.62224,0.0,240.0,36.0,83.0,0.434,7.66667,22.0,0.35267,17.33333,22.66667,0.73767,7.33333,33.66667,41.0,18.0,5.66667,5.66667,10.33333,20.66667,97.0,240.0,36.33333,86.66667,0.41833,7.66667,27.66667,0.26367,17.0,23.66667,0.71067,11.66667,38.33333,50.0,21.66667,5.66667,4.33333,12.33333,20.66667,97.33333,1,0.00651,-0.00651,0.34522,0.18903,0.46386,0.48016,0.52901,0.55161,1481.92261,1416.82037,0.41177,0.58823,2.62591,1.77891,0.33333,,,,
240.0,35.33333,81.33333,0.43667,9.66667,29.66667,0.328,17.33333,24.0,0.726,10.0,30.33333,40.33333,22.33333,9.0,2.66667,15.33333,19.0,97.66667,240.0,41.0,83.33333,0.49367,9.66667,26.0,0.37367,15.0,18.0,0.83067,8.33333,33.33333,41.66667,28.0,8.33333,4.33333,15.0,17.0,106.66667,1,0.12872,-0.12872,0.27601,0.29656,0.55144,0.49735,0.61242,0.56653,1523.97392,1479.10222,0.45337,0.54663,2.2706,1.86876,0.66667,240.0,36.66667,84.0,0.43833,8.0,22.0,0.364,20.33333,26.33333,0.75767,12.0,32.0,44.0,20.0,6.33333,6.0,11.33333,20.33333,101.66667,240.0,37.33333,78.33333,0.477,10.33333,31.0,0.33233,20.33333,25.66667,0.786,8.0,32.33333,40.33333,19.66667,5.0,8.33333,12.0,20.66667,105.33333,1,0.04946,-0.04946,0.2625,0.36613,0.5433,0.48544,0.628,0.56888,1429.65619,1485.92023,0.58673,0.41327,1.72231,2.47969,0.66667,,,,
248.33333,43.0,94.0,0.46133,9.66667,33.0,0.29267,22.33333,27.0,0.82367,10.66667,35.33333,46.0,21.33333,8.0,6.0,13.66667,26.66667,118.0,248.33333,40.0,86.0,0.472,8.33333,25.0,0.33867,25.0,31.66667,0.787,8.66667,35.0,43.66667,23.33333,6.66667,5.0,16.0,26.0,113.33333,0,-0.05554,0.05554,0.2432,0.33978,0.5196,0.51297,0.6155,0.59452,1493.17052,1616.8347,0.66492,0.33508,1.50625,3.00334,0.33333,240.0,38.66667,80.66667,0.47867,9.66667,24.66667,0.39333,12.66667,16.66667,0.747,9.0,29.33333,38.33333,19.0,7.0,3.66667,17.0,22.0,99.66667,240.0,43.66667,85.0,0.514,8.0,22.0,0.36267,18.66667,25.33333,0.71567,11.33333,30.66667,42.0,25.33333,11.66667,4.0,12.33333,17.0,114.0,0,0.19638,-0.19638,0.39359,0.29517,0.56031,0.53842,0.63051,0.59127,1603.32859,1500.08668,0.3836,0.6164,2.66456,1.63819,1.0,,,,
256.66667,41.66667,91.66667,0.454,8.66667,28.66667,0.30333,18.66667,26.0,0.71667,11.33333,36.66667,48.0,24.66667,11.0,6.33333,15.33333,17.0,110.66667,256.66667,41.0,95.66667,0.42867,13.66667,41.33333,0.32767,12.66667,15.66667,0.80733,11.33333,35.33333,46.66667,29.0,8.0,4.33333,16.66667,24.33333,108.33333,1,-0.02741,0.02741,0.31092,0.32011,0.49936,0.50202,0.54553,0.56742,1492.5527,1494.26464,0.50307,0.49693,2.08871,2.09801,0.33333,240.0,42.0,88.66667,0.475,12.0,24.33333,0.49467,11.33333,16.66667,0.67067,8.33333,34.66667,43.0,28.66667,5.33333,5.33333,12.33333,20.66667,107.33333,240.0,42.33333,91.33333,0.46267,12.66667,32.66667,0.381,19.33333,24.0,0.80267,10.66667,36.0,46.66667,23.66667,7.66667,7.66667,10.33333,14.66667,116.66667,1,0.1131,-0.1131,0.31427,0.2311,0.53188,0.54363,0.60267,0.58355,1525.8061,1453.05921,0.42218,0.57782,2.74207,1.84789,0.66667,,,,
240.0,38.66667,83.33333,0.46333,10.33333,24.0,0.418,9.66667,12.66667,0.77533,7.33333,31.33333,38.66667,20.66667,5.66667,6.66667,12.0,18.66667,97.33333,240.0,37.33333,85.0,0.43733,11.33333,30.0,0.38267,14.0,18.0,0.77533,10.33333,35.66667,46.0,25.0,7.0,3.33333,12.33333,16.33333,100.0,1,0.03476,-0.03476,0.33658,0.22045,0.50411,0.52561,0.5608,0.56464,1474.83795,1323.45208,0.29975,0.70025,3.56305,1.4459,0.33333,256.66667,42.0,88.66667,0.47333,9.66667,31.66667,0.304,24.0,29.0,0.811,6.33333,40.0,46.33333,27.33333,8.33333,4.0,16.0,24.66667,117.66667,256.66667,43.0,93.33333,0.46667,12.0,35.33333,0.34267,18.66667,24.0,0.776,9.33333,38.66667,48.0,30.33333,10.33333,4.66667,14.33333,24.66667,116.66667,1,-0.01705,0.01705,0.2246,0.16019,0.53013,0.5289,0.59627,0.62095,1496.31773,1532.01763,0.54503,0.45497,1.90483,2.34452,0.66667,,,,
240.0,36.0,83.33333,0.434,11.0,34.0,0.31867,15.66667,20.0,0.79,10.0,34.33333,44.33333,22.33333,3.0,4.66667,13.66667,21.0,98.66667,240.0,41.66667,91.0,0.46067,7.66667,23.0,0.33067,21.0,26.0,0.82433,11.66667,36.0,47.66667,20.0,8.33333,5.66667,6.0,15.66667,112.0,0,0.186,-0.186,0.34022,0.27897,0.50382,0.50121,0.58287,0.56493,1549.33359,1437.19454,0.36357,0.63643,2.87194,1.59836,1.0,265.0,40.33333,91.66667,0.437,11.33333,30.66667,0.36867,23.0,29.33333,0.79333,12.0,36.0,48.0,19.33333,12.66667,5.66667,14.33333,17.66667,115.0,265.0,43.0,93.33333,0.45867,9.66667,26.0,0.37533,13.66667,19.0,0.725,11.0,37.33333,48.33333,24.33333,7.33333,7.66667,18.0,23.33333,109.33333,0,-0.07728,0.07728,0.30564,0.32379,0.51023,0.4986,0.55865,0.58487,1475.11379,1491.48162,0.52057,0.47943,1.94787,2.11706,0.0,,,,
240.0,47.33333,96.66667,0.48867,12.0,29.66667,0.39967,16.66667,23.66667,0.71067,16.0,34.66667,50.66667,25.66667,8.66667,4.33333,10.33333,21.66667,123.33333,240.0,39.33333,85.33333,0.45967,10.33333,32.66667,0.31833,18.66667,24.66667,0.75367,8.33333,32.0,40.33333,24.0,4.66667,4.66667,15.0,17.66667,107.66667,0,-0.18988,0.18988,0.25117,0.51225,0.52019,0.55081,0.59153,0.60402,1494.20796,1570.70833,0.58484,0.41516,1.71457,2.42273,0.0,248.33333,40.33333,86.66667,0.46867,10.66667,29.33333,0.39767,20.66667,26.66667,0.782,13.33333,30.33333,43.66667,27.0,9.0,4.0,15.66667,22.66667,112.0,248.33333,44.0,88.0,0.49467,6.66667,20.0,0.32367,18.33333,24.33333,0.743,10.33333,32.0,42.33333,25.33333,9.66667,5.66667,16.33333,21.0,113.0,0,0.00501,-0.00501,0.35193,0.43241,0.5328,0.53029,0.60349,0.60895,1575.06854,1437.03816,0.31281,0.68719,3.27252,1.46138,0.66667,,,,
240.0,35.33333,82.0,0.43167,13.66667,31.33333,0.43667,22.0,26.0,0.82967,7.66667,32.0,39.66667,23.0,6.0,4.0,16.0,18.66667,106.33333,240.0,42.0,90.33333,0.46567,9.66667,27.0,0.35233,18.33333,22.33333,0.79167,11.33333,33.0,44.33333,22.33333,10.33333,6.33333,12.33333,21.33333,112.0,0,0.06886,-0.06886,0.35607,0.23601,0.51953,0.51518,0.58898,0.60749,1530.9767,1392.09397,0.32,0.68,3.29276,1.48539,0.66667,240.0,40.33333,84.0,0.48,7.66667,27.66667,0.26433,17.66667,22.66667,0.78533,10.66667,28.33333,39.0,24.0,8.33333,3.66667,14.66667,20.33333,106.0,240.0,41.33333,82.0,0.50267,11.33333,28.66667,0.383,19.66667,26.0,0.76667,8.66667,31.33333,40.0,24.0,10.66667,5.33333,15.33333,18.0,113.66667,0,0.09564,-0.09564,0.31802,0.35723,0.57254,0.52544,0.64762,0.59553,1404.44326,1491.68799,0.64685,0.35315,1.55244,2.87458,0.66667,,,,
240.0,36.0,75.33333,0.47733,11.33333,27.0,0.42,20.0,26.66667,0.73833,13.33333,32.66667,46.0,21.0,4.66667,4.33333,15.33333,24.66667,103.33333,240.0,36.0,81.66667,0.43733,7.66667,27.66667,0.271,22.0,27.66667,0.79833,11.0,25.33333,36.33333,18.33333,9.0,3.33333,10.33333,21.66667,101.66667,0,-0.04503,0.04503,0.36082,0.54967,0.48355,0.55321,0.57506,0.63657,1534.40559,1545.78484,0.50689,0.49311,2.00725,2.07376,0.66667,240.0,36.66667,83.33333,0.44267,9.0,28.0,0.33267,18.33333,22.33333,0.83033,10.0,31.66667,41.66667,25.66667,7.0,3.66667,16.66667,24.33333,100.66667,240.0,38.0,76.66667,0.49567,9.33333,22.66667,0.403,23.33333,29.66667,0.80233,5.33333,32.66667,38.0,23.66667,9.66667,5.0,11.66667,21.33333,108.66667,0,0.11147,-0.11147,0.18237,0.31544,0.55579,0.49692,0.65347,0.57311,1475.01849,1433.32345,0.45453,0.54547,2.238,1.85273,0.66667,,,,
240.0,42.33333,92.66667,0.45833,10.0,27.66667,0.37667,12.66667,16.0,0.784,10.33333,34.33333,44.66667,26.33333,8.33333,6.66667,14.66667,16.66667,107.33333,240.0,40.33333,92.33333,0.43667,8.33333,26.0,0.33733,15.66667,22.33333,0.727,12.33333,38.0,50.33333,20.33333,6.66667,4.66667,14.0,18.0,104.66667,0,-0.04037,0.04037,0.35814,0.27132,0.48152,0.51293,0.53824,0.55993,1570.6251,1492.62001,0.38662,0.61338,2.62912,1.64259,0.33333,240.0,37.0,91.33333,0.405,10.0,33.66667,0.29333,16.0,22.0,0.73133,14.0,29.66667,43.66667,21.0,8.33333,3.0,11.0,16.33333,100.0,240.0,43.0,82.66667,0.52067,12.66667,28.0,0.44433,12.33333,16.33333,0.75633,9.0,35.0,44.0,28.66667,8.0,5.0,13.66667,19.0,111.0,0,0.14898,-0.14898,0.32543,0.41876,0.59754,0.45992,0.64413,0.52,1539.81944,1493.97062,0.45113,0.54887,2.26692,1.85325,1.0,,,,
240.0,44.0,82.0,0.53667,9.66667,22.66667,0.42333,14.66667,17.66667,0.80933,5.33333,29.33333,34.66667,30.66667,5.33333,3.33333,13.33333,20.0,112.33333,240.0,48.33333,84.66667,0.57133,12.33333,28.0,0.43933,17.66667,21.66667,0.81567,5.66667,30.0,35.66667,35.66667,6.33333,2.66667,10.33333,18.0,126.66667,1,0.17403,-0.17403,0.20732,0.18036,0.64514,0.59571,0.70998,0.65379,1540.53106,1450.57146,0.40342,0.59658,2.71929,1.74001,1.0,240.0,42.33333,89.33333,0.475,11.33333,32.33333,0.36433,14.66667,19.0,0.788,10.0,35.66667,45.66667,20.33333,9.0,4.0,9.33333,17.66667,110.66667,240.0,37.0,84.33333,0.43933,13.33333,36.33333,0.36767,14.66667,18.66667,0.78467,10.0,32.0,42.0,23.66667,4.33333,3.33333,12.66667,18.0,102.0,1,-0.11848,0.11848,0.28909,0.3093,0.51816,0.53809,0.57638,0.59236,1385.01137,1565.12999,0.73059,0.26941,1.37742,3.86417,0.33333,,,,
240.0,40.0,88.33333,0.45467,10.33333,30.66667,0.34867,15.33333,19.0,0.806,11.0,29.33333,40.33333,20.66667,10.0,5.0,13.0,23.66667,105.66667,240.0,40.66667,81.66667,0.499,8.0,22.66667,0.35633,25.0,29.66667,0.85433,10.0,33.33333,43.33333,23.33333,8.66667,5.66667,14.66667,17.66667,114.33333,1,0.11242,-0.11242,0.33919,0.32804,0.54753,0.51294,0.64905,0.57398,1538.97098,1495.98925,0.45326,0.54674,2.2657,1.85709,1.0,248.33333,35.0,87.66667,0.398,12.0,36.33333,0.313,13.33333,22.66667,0.59767,11.66667,38.0,49.66667,19.66667,6.33333,2.66667,11.66667,22.66667,95.33333,248.33333,35.66667,86.33333,0.414,12.0,36.33333,0.336,15.33333,21.0,0.71967,7.33333,39.33333,46.66667,21.33333,6.33333,4.0,10.66667,19.66667,98.66667,1,0.06737,-0.06737,0.21111,0.29488,0.48381,0.46828,0.54313,0.51526,1504.14546,1542.92601,0.56436,0.43564,1.83985,2.42009,0.33333,,,,
256.66667,40.33333,88.66667,0.45733,11.0,33.33333,0.331,22.33333,25.66667,0.86833,6.66667,41.66667,48.33333,27.33333,8.0,3.0,17.0,23.33333,114.0,256.66667,41.33333,95.33333,0.43833,14.33333,41.33333,0.36433,17.66667,23.0,0.764,10.0,39.33333,49.33333,30.0,8.33333,4.66667,13.33333,23.0,114.66667,0,0.0038,-0.0038,0.23295,0.1664,0.51474,0.52053,0.57631,0.60732,1479.59762,1446.21595,0.44471,0.55529,2.28909,1.82334,0.66667,240.0,39.66667,86.0,0.46333,7.66667,22.33333,0.348,15.66667,21.0,0.714,8.66667,30.0,38.66667,18.66667,6.66667,3.66667,7.66667,17.0,102.66667,240.0,42.33333,87.33333,0.48867,15.0,33.0,0.45367,13.66667,15.66667,0.88733,9.66667,35.0,44.66667,20.0,4.33333,3.66667,11.66667,16.66667,113.33333,0,0.14756,-0.14756,0.31644,0.24956,0.57572,0.50786,0.62866,0.56846,1501.99278,1529.99871,0.55438,0.44562,1.82363,2.28772,1.0,,,,
240.0,36.0,83.0,0.433,8.0,24.66667,0.331,13.66667,21.66667,0.63767,9.0,30.33333,39.33333,22.0,11.66667,2.33333,16.66667,24.0,93.66667,240.0,40.33333,85.33333,0.47433,10.33333,31.66667,0.327,18.0,26.0,0.704,12.33333,36.66667,49.0,24.33333,11.0,5.33333,15.33333,19.33333,109.0,0,0.21398,-0.21398,0.39669,0.25158,0.53503,0.48148,0.60063,0.53335,1509.81363,1330.81976,0.28029,0.71971,3.65735,1.39443,1.0,240.0,40.66667,88.66667,0.46133,11.33333,25.66667,0.44567,12.66667,18.33333,0.67633,11.33333,36.66667,48.0,25.33333,5.33333,7.33333,13.0,20.66667,105.33333,240.0,40.66667,90.33333,0.448,10.33333,28.66667,0.35467,18.0,23.33333,0.768,10.0,37.33333,47.33333,21.66667,7.33333,6.66667,10.0,15.0,109.66667,0,0.041,-0.041,0.27864,0.29548,0.50419,0.52645,0.5709,0.57176,1517.36772,1530.01562,0.52849,0.47151,1.92302,2.15891,0.33333,,,,
240.0,36.66667,86.0,0.43233,10.0,28.33333,0.35167,14.0,18.33333,0.796,9.0,33.33333,42.33333,19.66667,5.66667,5.33333,10.33333,15.33333,97.33333,240.0,41.66667,90.66667,0.459,16.33333,35.33333,0.464,13.0,16.66667,0.75933,12.0,36.0,48.0,27.0,5.0,4.66667,10.33333,17.66667,112.66667,1,0.20323,-0.20323,0.36458,0.23839,0.54861,0.48955,0.59538,0.54649,1577.19204,1512.17175,0.4348,0.5652,2.38455,1.81786,1.0,240.0,39.0,81.0,0.48133,14.66667,36.66667,0.407,15.0,18.0,0.83133,8.33333,36.0,44.33333,24.33333,7.33333,1.66667,16.66667,17.33333,107.66667,240.0,40.66667,87.0,0.46867,9.66667,28.0,0.34667,11.33333,15.33333,0.75333,7.33333,29.33333,36.66667,22.33333,10.66667,3.66667,12.33333,17.33333,102.33333,1,-0.06907,0.06907,0.21296,0.28975,0.52462,0.57201,0.56803,0.63423,1330.07223,1510.5654,0.72774,0.27226,1.39479,4.20205,0.33333,,,,
240.0,41.33333,88.33333,0.46867,7.66667,20.0,0.39333,10.0,14.0,0.71667,8.66667,32.66667,41.33333,22.66667,6.66667,6.66667,11.33333,19.33333,100.33333,240.0,35.0,83.66667,0.418,13.0,35.0,0.36933,16.66667,20.66667,0.80667,9.66667,35.0,44.66667,21.33333,7.0,6.0,15.0,16.66667,99.66667,0,-0.01177,0.01177,0.2964,0.25926,0.49537,0.51169,0.56389,0.54897,1464.9458,1323.1109,0.30716,0.69284,3.41414,1.4582,0.33333,240.0,36.66667,78.33333,0.469,6.33333,20.33333,0.30867,18.0,22.0,0.81567,8.33333,35.66667,44.0,18.66667,8.33333,2.66667,12.33333,16.33333,97.66667,240.0,37.33333,83.66667,0.44233,6.66667,28.66667,0.22533,11.33333,15.33333,0.722,9.33333,33.0,42.33333,22.33333,8.33333,6.33333,12.66667,15.66667,92.66667,0,-0.09412,0.09412,0.26571,0.25635,0.48142,0.51001,0.52882,0.58911,1553.7813,1515.74413,0.43234,0.56766,2.31711,1.76352,0.33333,,,,
248.33333,39.0,90.33333,0.437,11.33333,32.33333,0.36,18.0,23.33333,0.77033,8.33333,32.66667,41.0,20.66667,9.66667,3.33333,9.66667,16.33333,107.33333,248.33333,42.66667,82.66667,0.51867,14.0,31.33333,0.44533,14.0,16.0,0.888,5.33333,40.33333,45.66667,24.0,7.0,4.33333,15.66667,19.66667,113.33333,0,0.07866,-0.07866,0.15707,0.21202,0.60481,0.50025,0.6616,0.5666,1465.04271,1523.39955,0.59531,0.40469,1.72518,2.67913,0.66667,240.0,39.66667,85.33333,0.464,9.0,27.0,0.352,21.33333,27.33333,0.778,8.33333,27.33333,35.66667,22.66667,11.0,5.0,15.0,22.0,109.66667,240.0,46.66667,88.0,0.531,12.0,29.0,0.416,17.66667,25.33333,0.68667,11.0,39.0,50.0,21.66667,9.66667,4.0,16.0,23.66667,123.0,0,0.16753,-0.16753,0.39796,0.21968,0.59906,0.51684,0.65889,0.59985,1468.61759,1537.98992,0.62128,0.37872,1.64744,2.85262,0.66667,,,,
240.0,37.0,79.66667,0.46433,12.66667,29.33333,0.433,23.33333,25.66667,0.91733,5.33333,34.33333,39.66667,23.0,6.0,4.33333,16.0,22.33333,110.0,240.0,41.0,90.66667,0.45367,11.0,31.66667,0.361,19.33333,24.0,0.79167,10.66667,31.0,41.66667,26.0,11.33333,5.66667,11.33333,22.0,112.33333,1,0.02317,-0.02317,0.30683,0.17752,0.5144,0.54401,0.58718,0.64489,1553.1092,1401.96426,0.29486,0.70514,3.49171,1.4243,0.66667,265.0,42.0,93.33333,0.449,11.0,34.0,0.32633,18.33333,23.33333,0.81033,11.0,36.66667,47.66667,18.33333,11.0,5.0,17.33333,19.0,113.33333,265.0,44.33333,94.0,0.47067,11.66667,27.33333,0.436,15.66667,21.33333,0.73233,11.0,36.33333,47.33333,24.66667,7.66667,7.33333,17.0,20.0,116.0,1,0.04292,-0.04292,0.29979,0.30574,0.53313,0.50743,0.58768,0.57352,1470.59146,1447.12487,0.47958,0.52042,2.10045,1.93472,0.33333,,,,
240.0,44.66667,92.0,0.488,6.33333,19.33333,0.331,22.0,26.33333,0.83233,12.0,29.0,41.0,21.66667,7.0,3.0,9.66667,17.0,117.66667,240.0,46.66667,85.0,0.54933,15.66667,31.66667,0.483,13.33333,19.33333,0.68133,8.33333,33.0,41.33333,30.66667,5.66667,3.33333,14.0,20.0,122.33333,0,0.05736,-0.05736,0.2856,0.36163,0.64095,0.52252,0.68556,0.60419,1556.18813,1593.19716,0.55943,0.44057,1.84463,2.36146,0.66667,240.0,40.33333,83.33333,0.48267,12.0,27.66667,0.40633,16.33333,22.33333,0.761,8.66667,34.33333,43.0,28.33333,8.33333,8.0,15.0,19.33333,109.0,240.0,38.33333,88.33333,0.436,10.33333,30.0,0.358,13.33333,16.66667,0.82267,11.0,30.0,41.0,22.33333,6.0,6.0,15.0,20.0,100.33333,0,-0.10598,0.10598,0.32245,0.29402,0.49502,0.55324,0.54813,0.61714,1403.97172,1542.89543,0.6823,0.3177,1.48209,3.3138,0.33333,,,,
240.0,39.66667,89.66667,0.44233,15.0,34.66667,0.44067,15.33333,18.66667,0.821,10.33333,33.66667,44.0,23.33333,6.66667,3.66667,12.0,23.33333,109.66667,240.0,38.33333,85.33333,0.449,8.33333,27.0,0.30367,22.0,28.66667,0.77967,11.66667,31.66667,43.33333,25.33333,6.33333,5.66667,13.33333,15.33333,107.0,0,-0.03562,0.03562,0.3548,0.32639,0.49732,0.52607,0.58439,0.58483,1557.74994,1589.59332,0.5394,0.4606,1.91245,2.24437,0.33333,240.0,36.0,79.66667,0.453,6.66667,19.33333,0.35667,19.66667,26.66667,0.74067,9.0,31.33333,40.33333,19.33333,5.0,3.33333,12.33333,19.0,98.33333,240.0,42.0,89.66667,0.469,11.33333,34.66667,0.31867,18.0,20.66667,0.87267,12.0,29.66667,41.66667,23.33333,7.0,5.0,8.33333,20.33333,113.33333,0,0.2026,-0.2026,0.38125,0.2919,0.53068,0.49524,0.60096,0.57659,1633.864,1518.9349,0.35754,0.64246,2.95317,1.58086,1.0,,,,
240.0,40.33333,86.0,0.47067,8.33333,26.66667,0.30567,19.33333,23.33333,0.83733,9.66667,29.0,38.66667,27.66667,8.33333,4.33333,12.33333,21.33333,108.33333,240.0,45.66667,87.33333,0.52133,6.0,23.0,0.25167,15.66667,23.66667,0.66367,13.0,31.66667,44.66667,22.66667,7.0,6.33333,15.0,21.33333,113.0,1,0.05992,-0.05992,0.44911,0.31597,0.55618,0.51987,0.61018,0.59649,1527.12918,1383.09579,0.30903,0.69097,3.3048,1.45263,1.0,248.33333,35.66667,83.0,0.428,6.66667,22.33333,0.30533,18.33333,23.33333,0.79733,10.0,36.33333,46.33333,20.33333,9.0,5.33333,16.33333,16.33333,96.33333,248.33333,36.0,89.66667,0.40167,10.66667,38.33333,0.26267,12.0,15.33333,0.77733,10.66667,36.0,46.66667,21.33333,6.66667,4.0,15.66667,22.0,94.66667,1,-0.02538,0.02538,0.29221,0.27785,0.45966,0.46877,0.50828,0.54695,1589.78648,1523.46328,0.40544,0.59456,2.49369,1.69126,0.33333,,,,
240.0,37.33333,79.0,0.47333,7.33333,25.33333,0.295,19.33333,24.0,0.79533,11.33333,33.0,44.33333,21.33333,5.66667,4.33333,12.33333,21.0,101.33333,240.0,37.66667,82.33333,0.45467,8.0,28.33333,0.27367,19.0,23.33333,0.825,10.0,29.66667,39.66667,22.33333,6.33333,5.33333,9.33333,19.33333,102.33333,0,-0.00651,0.00651,0.32705,0.39374,0.50241,0.52052,0.58106,0.60213,1546.54272,1547.8775,0.50112,0.49888,2.02347,2.03829,0.66667,240.0,37.0,82.66667,0.448,8.33333,19.0,0.45167,22.33333,31.0,0.72167,9.0,36.33333,45.33333,24.33333,6.66667,7.0,9.66667,22.0,104.66667,240.0,34.33333,82.0,0.42133,11.0,33.33333,0.32867,20.33333,26.66667,0.74733,9.0,36.33333,45.33333,19.66667,4.33333,4.0,13.0,23.0,100.0,0,-0.06001,0.06001,0.24994,0.25299,0.48798,0.49831,0.57067,0.58458,1445.52306,1504.78277,0.58034,0.41966,1.7381,2.42736,0.33333,,,,
248.33333,45.0,87.0,0.515,10.33333,21.33333,0.45367,13.66667,18.0,0.79167,7.0,29.66667,36.66667,26.0,8.66667,3.66667,10.66667,18.66667,114.0,248.33333,43.33333,82.66667,0.522,14.33333,34.66667,0.40133,17.0,21.66667,0.791,8.0,33.33333,41.33333,29.33333,5.33333,4.33333,14.66667,19.0,118.0,0,0.05296,-0.05296,0.27051,0.21514,0.60774,0.57279,0.67229,0.62414,1497.41929,1597.19475,0.63144,0.36856,1.6644,3.04231,1.0,240.0,41.33333,84.0,0.49433,10.33333,28.33333,0.35533,19.33333,26.0,0.74333,7.33333,39.33333,46.66667,25.0,7.33333,3.33333,12.66667,18.33333,112.33333,240.0,38.66667,95.33333,0.405,13.0,36.33333,0.36033,13.33333,17.33333,0.79667,13.33333,34.33333,47.66667,23.33333,7.0,3.66667,13.33333,20.66667,103.66667,0,-0.11742,0.11742,0.339,0.21298,0.47407,0.55743,0.52333,0.62909,1437.33795,1530.46812,0.61577,0.38423,1.66913,2.87815,0.0,,,,
240.0,35.66667,85.33333,0.41933,11.33333,36.0,0.31667,11.66667,19.66667,0.61667,10.66667,32.0,42.66667,21.0,9.0,3.0,11.0,15.0,94.33333,240.0,39.0,82.0,0.47533,10.33333,30.0,0.34233,9.0,12.0,0.76633,8.0,36.0,44.0,23.0,8.66667,4.66667,15.66667,23.66667,97.33333,0,0.04883,-0.04883,0.25057,0.30881,0.5384,0.48582,0.57493,0.52806,1402.76672,1491.17828,0.62702,0.37298,1.64955,2.87949,0.66667,240.0,36.66667,96.0,0.38233,13.0,35.66667,0.369,20.33333,21.66667,0.93967,13.66667,37.66667,51.33333,22.66667,9.33333,4.33333,12.0,23.0,106.66667,240.0,36.66667,84.0,0.43667,6.66667,22.66667,0.29033,23.66667,31.0,0.77267,9.66667,38.33333,48.0,23.66667,5.0,5.66667,15.0,16.66667,103.66667,0,-0.04318,0.04318,0.2585,0.35594,0.47581,0.45033,0.57049,0.52997,1510.2434,1508.40378,0.49406,0.50594,2.097,2.04131,0.33333,,,,
240.0,37.0,88.66667,0.41567,7.33333,25.33333,0.295,14.66667,16.33333,0.905,13.66667,30.66667,44.33333,21.0,11.0,5.66667,15.66667,18.33333,96.0,240.0,42.33333,86.0,0.493,11.0,27.0,0.409,13.33333,18.0,0.834,12.0,32.66667,44.66667,26.0,7.66667,5.66667,17.0,16.0,109.0,0,0.19355,-0.19355,0.3881,0.42526,0.55792,0.45786,0.6084,0.51998,1544.99498,1515.86679,0.4721,0.5279,2.12195,1.89682,1.0,240.0,39.0,83.33333,0.46867,10.0,31.33333,0.31967,11.66667,15.0,0.734,7.66667,31.66667,39.33333,20.33333,6.66667,3.33333,12.66667,23.0,99.66667,240.0,35.66667,76.66667,0.46467,13.0,36.33333,0.35767,24.33333,31.66667,0.75467,7.0,33.33333,40.33333,18.0,7.66667,3.33333,12.66667,17.0,108.66667,0,0.12556,-0.12556,0.22967,0.23432,0.54959,0.52842,0.65019,0.57532,1636.55811,1408.83905,0.22099,0.77901,4.79745,1.29085,1.0,,,,
240.0,39.33333,91.66667,0.429,12.0,31.0,0.38667,9.33333,14.0,0.674,10.33333,33.0,43.33333,27.0,9.0,6.66667,10.66667,18.0,100.0,240.0,39.33333,83.33333,0.47133,14.33333,34.0,0.41867,15.0,19.33333,0.75067,7.33333,37.33333,44.66667,26.0,6.0,6.33333,14.66667,15.0,108.0,0,0.1076,-0.1076,0.22857,0.28346,0.55687,0.49429,0.61583,0.5273,1521.04337,1488.99467,0.4698,0.5302,2.26805,1.97418,1.0,240.0,42.0,85.0,0.492,12.0,29.66667,0.38067,13.33333,18.33333,0.738,9.0,31.66667,40.66667,27.66667,7.0,3.33333,14.66667,20.66667,109.33333,240.0,39.33333,81.0,0.486,12.0,33.66667,0.353,17.66667,20.66667,0.85533,6.0,29.66667,35.66667,25.0,7.33333,4.33333,11.33333,16.66667,108.33333,0,0.01171,-0.01171,0.19374,0.3227,0.56027,0.56111,0.634,0.60971,1395.10002,1482.41934,0.6227,0.3773,1.6134,2.6889,0.33333,,,,
240.0,34.66667,81.66667,0.426,9.0,32.0,0.27267,15.33333,23.33333,0.66767,11.0,36.33333,47.33333,20.0,6.66667,7.0,15.33333,20.0,93.66667,240.0,34.33333,83.66667,0.40933,7.33333,26.33333,0.28,18.0,23.0,0.79033,9.0,32.33333,41.33333,22.0,9.33333,4.0,12.66667,21.66667,94.0,0,0.00274,-0.00274,0.26386,0.35685,0.45297,0.48164,0.5299,0.54193,1512.08963,1484.37814,0.45964,0.54036,2.18061,1.85352,0.66667,240.0,41.0,91.0,0.451,11.66667,33.0,0.351,18.66667,23.0,0.84,10.0,34.33333,44.33333,23.0,4.66667,3.33333,11.0,22.0,112.33333,240.0,41.0,84.33333,0.484,9.33333,27.0,0.345,21.0,29.66667,0.70767,8.33333,35.33333,43.66667,24.66667,8.0,4.0,11.0,22.0,112.33333,0,-0.00102,0.00102,0.25706,0.29436,0.53919,0.51575,0.61772,0.58593,1479.37543,1512.6581,0.54956,0.45044,1.84858,2.27014,0.66667,,,,
240.0,42.0,90.33333,0.45967,10.66667,31.0,0.342,19.0,24.66667,0.766,12.0,33.0,45.0,25.33333,7.0,5.33333,12.0,20.66667,113.66667,240.0,41.0,90.0,0.45367,11.33333,32.0,0.34633,19.0,23.33333,0.79567,9.66667,33.33333,43.0,27.66667,5.0,6.66667,13.0,21.66667,112.33333,1,-0.01401,0.01401,0.30262,0.36231,0.51662,0.51891,0.58996,0.59169,1517.88135,1586.81932,0.59609,0.40391,1.68119,2.48708,0.66667,240.0,42.0,89.66667,0.46933,9.66667,23.33333,0.403,16.33333,20.33333,0.812,10.0,32.0,42.0,23.33333,6.33333,1.66667,12.33333,19.33333,110.0,240.0,44.0,85.33333,0.515,14.66667,31.33333,0.457,16.66667,20.33333,0.795,8.0,34.0,42.0,32.0,8.0,6.66667,12.66667,16.66667,119.33333,1,0.1154,-0.1154,0.25151,0.29209,0.60058,0.52503,0.66455,0.58739,1647.84709,1542.79426,0.36661,0.63339,2.87969,1.6011,1.0,,,,
240.0,39.0,84.66667,0.46033,15.0,43.0,0.34633,18.66667,22.66667,0.822,5.0,37.0,42.0,23.33333,8.66667,4.66667,9.66667,19.33333,111.66667,240.0,37.66667,84.0,0.45,8.33333,27.0,0.308,14.33333,18.0,0.798,6.66667,38.33333,45.0,26.33333,6.33333,4.33333,14.0,18.0,98.0,1,-0.19559,0.19559,0.19284,0.1292,0.49942,0.54795,0.55815,0.62296,1513.35544,1644.64755,0.66703,0.33297,1.5034,3.03414,0.33333,240.0,39.0,83.0,0.47233,8.33333,21.0,0.39833,20.0,25.0,0.78767,12.66667,35.0,47.66667,19.0,5.0,6.0,12.0,18.33333,106.33333,240.0,37.66667,83.0,0.456,10.33333,30.0,0.342,17.33333,21.66667,0.79167,8.33333,29.33333,37.66667,21.33333,5.0,6.0,10.33333,21.0,103.0,1,-0.05119,0.05119,0.24664,0.43515,0.51937,0.52197,0.59032,0.60415,1418.36779,1488.24951,0.59644,0.40356,1.69313,2.53395,0.33333,,,,
240.0,42.0,85.66667,0.49267,6.33333,22.66667,0.27767,15.66667,23.0,0.69167,11.66667,30.33333,42.0,22.0,8.33333,7.33333,12.66667,19.66667,106.0,240.0,40.66667,85.66667,0.474,7.66667,26.33333,0.28933,15.33333,20.0,0.795,11.33333,31.33333,42.66667,23.0,7.66667,4.66667,14.66667,21.0,104.33333,0,-0.02572,0.02572,0.3708,0.37449,0.51907,0.53057,0.57874,0.58718,1531.98706,1388.36106,0.30224,0.69776,3.39726,1.43922,0.66667,240.0,38.33333,83.0,0.46267,10.66667,33.0,0.31567,12.66667,16.66667,0.71167,6.66667,32.66667,39.33333,22.0,7.33333,5.33333,15.66667,23.66667,100.0,240.0,36.33333,80.0,0.453,13.33333,37.0,0.36,23.33333,32.0,0.711,8.33333,34.0,42.33333,18.66667,10.66667,2.66667,13.66667,18.0,109.33333,0,0.12945,-0.12945,0.26504,0.20062,0.53653,0.52678,0.62876,0.57702,1633.78445,1493.40819,0.33168,0.66832,3.69205,1.57806,1.0,,,,
240.0,41.33333,87.33333,0.473,9.66667,26.33333,0.348,17.0,18.66667,0.896,7.33333,29.0,36.33333,20.66667,12.33333,2.66667,12.33333,18.33333,109.33333,240.0,41.66667,82.33333,0.506,12.33333,34.66667,0.357,15.66667,19.66667,0.74467,9.66667,34.66667,44.33333,26.0,8.66667,5.33333,18.33333,15.33333,111.33333,1,0.01343,-0.01343,0.34277,0.21181,0.58081,0.52765,0.6402,0.59665,1527.4395,1500.59882,0.46432,0.53568,2.17144,1.87854,0.66667,240.0,32.66667,86.0,0.381,9.0,26.33333,0.31667,18.66667,23.0,0.78833,7.66667,34.33333,42.0,19.33333,4.66667,5.66667,11.33333,17.33333,93.0,240.0,40.0,85.66667,0.46667,12.33333,28.66667,0.43267,14.0,19.0,0.73533,7.0,40.33333,47.33333,25.66667,6.33333,4.0,10.33333,20.33333,106.33333,1,0.20836,-0.20836,0.20387,0.18564,0.53854,0.43329,0.59094,0.51243,1600.7261,1455.14455,0.31543,0.68457,3.3235,1.47325,1.0,,,,
240.0,41.66667,86.66667,0.482,7.66667,24.0,0.309,17.33333,22.66667,0.752,11.33333,30.66667,42.0,25.66667,8.66667,6.0,13.0,20.66667,108.33333,240.0,43.0,88.33333,0.48333,7.33333,25.66667,0.28,14.66667,20.0,0.76,13.0,30.66667,43.66667,23.33333,7.66667,6.33333,15.33333,20.33333,108.0,0,-0.01058,0.01058,0.42636,0.37321,0.5259,0.52727,0.58042,0.59351,1556.70663,1386.13806,0.2715,0.7285,3.75653,1.37692,0.66667,240.0,38.33333,83.33333,0.461,9.66667,33.0,0.29867,17.0,23.0,0.73667,8.33333,33.33333,41.66667,22.0,7.0,4.33333,14.0,22.0,103.33333,240.0,42.33333,84.0,0.50533,6.66667,21.0,0.30233,15.0,22.0,0.695,7.0,35.66667,42.66667,20.33333,7.66667,3.33333,13.33333,21.66667,106.33333,0,0.04162,-0.04162,0.21434,0.23215,0.54547,0.51927,0.59978,0.5857,1498.41595,1455.35628,0.44146,0.55854,2.35346,1.82822,0.66667,,,,
240.0,42.0,89.0,0.473,9.66667,28.33333,0.34133,16.0,20.66667,0.793,9.33333,38.33333,47.66667,25.0,9.33333,4.33333,10.33333,18.33333,109.66667,240.0,37.66667,84.66667,0.44567,9.0,31.0,0.292,15.0,20.0,0.75433,7.33333,36.0,43.33333,25.33333,5.0,6.66667,14.33333,20.0,99.33333,0,-0.1434,0.1434,0.1949,0.26165,0.49892,0.52737,0.55845,0.58793,1476.38188,1514.74949,0.54209,0.45791,1.84987,2.19305,0.0,240.0,36.0,91.66667,0.393,9.0,31.66667,0.28033,12.66667,20.0,0.62533,13.33333,31.33333,44.66667,20.0,8.33333,4.33333,11.33333,15.33333,93.66667,240.0,42.0,86.66667,0.48733,12.0,28.66667,0.415,10.0,12.66667,0.80267,9.66667,37.66667,47.33333,27.0,9.33333,4.0,14.0,17.66667,106.0,0,0.18199,-0.18199,0.335,0.39273,0.55665,0.44258,0.59517,0.48841,1544.89767,1500.12348,0.4584,0.5416,2.21921,1.87283,1.0,,,,
240.0,38.0,81.0,0.47067,9.66667,26.66667,0.36433,18.0,22.0,0.81933,9.66667,35.66667,45.33333,19.33333,7.0,5.0,14.0,22.0,103.66667,240.0,37.33333,84.0,0.447,9.0,26.33333,0.34467,22.0,27.66667,0.79033,9.66667,31.66667,41.33333,20.33333,9.33333,4.66667,10.33333,18.66667,105.66667,1,0.0201,-0.0201,0.2798,0.30573,0.50019,0.53028,0.58837,0.60518,1540.85206,1501.04011,0.44713,0.55287,2.28952,1.83184,0.66667,240.0,41.33333,93.66667,0.44167,8.66667,29.0,0.28933,23.0,26.33333,0.878,16.0,33.33333,49.33333,22.66667,9.33333,4.66667,15.0,25.0,114.33333,240.0,40.66667,83.33333,0.48767,8.0,26.0,0.30133,20.33333,30.66667,0.66233,11.66667,31.0,42.66667,26.33333,6.66667,3.66667,18.66667,19.33333,109.66667,1,-0.05822,0.05822,0.34871,0.51366,0.53501,0.48813,0.60911,0.57506,1514.33183,1567.76948,0.56742,0.43258,1.78146,2.34883,0.33333,,,,
240.0,39.33333,88.66667,0.44467,7.33333,23.66667,0.30167,20.0,27.66667,0.72133,14.0,33.66667,47.66667,20.33333,7.0,3.66667,15.0,19.0,106.0,240.0,42.33333,85.0,0.498,13.0,30.66667,0.42,18.66667,25.66667,0.72667,7.0,35.0,42.0,23.66667,8.0,5.33333,13.0,21.33333,116.33333,1,0.12649,-0.12649,0.21456,0.40579,0.57521,0.48525,0.64202,0.55994,1483.2411,1444.95918,0.47081,0.52919,2.3573,2.00532,0.66667,240.0,42.0,84.0,0.49967,13.33333,29.33333,0.45933,15.33333,20.0,0.74933,9.66667,30.33333,40.0,24.66667,9.0,3.0,17.66667,23.66667,112.66667,240.0,42.33333,92.0,0.46233,9.33333,32.0,0.29533,20.33333,26.33333,0.78067,15.0,29.33333,44.33333,21.0,9.66667,4.66667,13.33333,19.33333,114.33333,1,0.01529,-0.01529,0.50176,0.35986,0.51343,0.57903,0.58655,0.63852,1583.03092,1527.16672,0.42148,0.57852,2.40642,1.73984,0.66667,,,,
240.0,34.33333,85.33333,0.40167,6.66667,26.0,0.25333,14.66667,16.66667,0.87967,10.66667,33.0,43.66667,20.66667,5.66667,4.66667,17.66667,23.66667,90.0,240.0,39.33333,82.66667,0.476,7.0,28.33333,0.257,18.66667,24.33333,0.78633,7.33333,33.0,40.33333,23.33333,11.33333,5.33333,10.33333,18.33333,104.33333,0,0.2191,-0.2191,0.23359,0.32468,0.51839,0.44048,0.59381,0.50508,1507.28852,1442.66425,0.43484,0.56516,2.59088,1.87326,1.0,240.0,42.0,84.0,0.49967,12.33333,27.66667,0.45133,15.0,20.66667,0.703,8.33333,32.0,40.33333,24.33333,7.66667,4.66667,16.33333,22.0,111.33333,240.0,40.66667,92.66667,0.43967,8.66667,31.33333,0.27767,18.66667,25.0,0.75433,15.0,31.33333,46.33333,20.66667,8.66667,4.66667,14.33333,20.33333,108.66667,0,-0.04003,0.04003,0.47669,0.29252,0.48669,0.57322,0.55401,0.63009,1582.64528,1493.42986,0.37375,0.62625,2.74653,1.61341,0.33333,,,,
240.0,34.0,86.66667,0.39367,7.33333,20.33333,0.36267,18.66667,23.66667,0.79733,10.66667,34.33333,45.0,22.0,9.66667,5.33333,10.0,15.33333,94.0,240.0,36.33333,84.66667,0.429,10.33333,29.0,0.35567,11.33333,15.33333,0.74633,8.66667,40.33333,49.0,20.66667,6.33333,1.33333,14.0,23.33333,94.33333,1,0.00676,-0.00676,0.2605,0.2635,0.49013,0.4363,0.53565,0.51317,1493.99825,1555.4353,0.5837,0.4163,1.81255,2.60226,0.66667,240.0,33.0,77.66667,0.426,10.66667,28.33333,0.37267,19.33333,24.0,0.807,13.0,32.66667,45.66667,20.33333,5.66667,6.33333,19.33333,21.0,96.0,240.0,37.66667,85.66667,0.439,10.0,29.33333,0.34533,20.0,25.0,0.79233,13.33333,28.33333,41.66667,20.33333,11.66667,3.33333,12.0,20.66667,105.33333,1,0.13647,-0.13647,0.40751,0.49666,0.49756,0.49585,0.57876,0.58052,1458.00456,1441.69558,0.49142,0.50858,2.17728,2.06414,1.0,,,,
240.0,37.0,82.66667,0.44867,7.33333,24.66667,0.312,19.0,24.33333,0.78267,12.33333,34.33333,46.66667,20.33333,6.66667,4.66667,14.0,18.0,100.33333,240.0,38.66667,85.66667,0.455,7.0,23.66667,0.29833,12.66667,16.33333,0.76767,8.66667,32.0,40.66667,24.0,6.0,4.66667,13.0,17.66667,97.0,0,-0.0484,0.0484,0.24405,0.4036,0.49609,0.49322,0.54747,0.57129,1490.33641,1491.02779,0.49981,0.50019,2.09075,2.07017,0.33333,240.0,36.0,80.66667,0.449,10.0,28.33333,0.34267,21.66667,26.66667,0.81667,7.0,33.0,40.0,17.66667,7.33333,5.66667,9.0,19.0,103.66667,240.0,39.0,88.66667,0.44,8.0,27.0,0.28133,15.66667,21.66667,0.729,14.33333,34.0,48.33333,23.0,4.0,4.0,12.33333,20.0,101.66667,0,-0.02471,0.02471,0.4358,0.19758,0.4858,0.51169,0.5441,0.60307,1481.52406,1528.26895,0.55977,0.44023,1.92408,2.55478,0.33333,,,,
240.0,38.33333,81.0,0.47567,9.0,25.33333,0.364,17.0,23.66667,0.72333,12.0,34.66667,46.66667,22.0,6.66667,4.0,14.0,17.66667,102.66667,240.0,38.33333,85.0,0.45433,9.33333,27.33333,0.34367,13.33333,16.33333,0.812,8.33333,30.33333,38.66667,25.66667,7.0,3.33333,12.66667,17.33333,99.33333,1,-0.04361,0.04361,0.23188,0.40479,0.50907,0.53218,0.56395,0.5983,1484.25734,1487.41016,0.50347,0.49653,2.07857,2.08816,0.33333,248.33333,38.66667,89.66667,0.43,11.0,34.0,0.32633,17.33333,23.0,0.77267,12.0,34.33333,46.33333,19.66667,9.66667,4.33333,17.33333,16.66667,105.66667,248.33333,42.0,93.33333,0.44933,10.0,27.66667,0.35667,14.33333,19.33333,0.726,12.66667,33.66667,46.33333,22.0,9.33333,7.0,16.0,18.66667,108.33333,1,0.0401,-0.0401,0.37535,0.35783,0.50336,0.49169,0.555,0.55592,1466.56095,1432.27932,0.46445,0.53555,2.18738,1.89001,0.33333,,,,
248.33333,39.66667,89.0,0.44533,8.66667,26.66667,0.325,15.33333,20.66667,0.74067,10.0,36.66667,46.66667,27.0,7.33333,7.33333,14.0,17.66667,103.33333,248.33333,37.66667,91.66667,0.412,11.66667,37.0,0.30533,14.0,20.0,0.74167,11.33333,37.0,48.33333,25.0,5.66667,4.0,14.0,23.0,101.0,1,-0.03187,0.03187,0.31092,0.27084,0.47361,0.495,0.52499,0.55245,1511.8302,1495.32453,0.47691,0.52309,2.19464,1.99334,0.33333,240.0,39.0,80.33333,0.48533,14.33333,34.0,0.419,18.33333,24.0,0.75867,10.66667,30.66667,41.33333,23.66667,6.0,4.0,16.33333,25.33333,110.66667,240.0,43.33333,91.0,0.47733,8.66667,28.33333,0.30533,22.0,30.33333,0.72667,15.33333,28.33333,43.66667,17.0,10.0,4.33333,9.33333,19.33333,117.33333,1,0.08273,-0.08273,0.50702,0.39325,0.52507,0.57446,0.60198,0.64693,1582.35958,1512.27937,0.41149,0.58851,2.49367,1.71697,1.0,,,,
240.0,42.0,82.0,0.51533,12.33333,24.33333,0.505,19.0,24.66667,0.751,8.0,37.0,45.0,25.33333,6.66667,5.33333,13.66667,18.66667,115.33333,240.0,39.0,91.0,0.429,8.66667,28.66667,0.30567,13.66667,18.0,0.75667,11.0,29.0,40.0,22.33333,8.66667,7.66667,11.66667,23.33333,100.33333,1,-0.19485,0.19485,0.30635,0.27464,0.47676,0.59115,0.5291,0.66582,1506.71263,1481.28928,0.45327,0.54673,2.48907,2.02205,0.0,240.0,42.33333,90.33333,0.46833,10.33333,30.0,0.34633,18.0,22.33333,0.80267,9.0,35.66667,44.66667,24.33333,8.0,2.33333,12.66667,21.0,113.0,240.0,40.33333,81.33333,0.49667,9.66667,29.0,0.34133,16.66667,22.66667,0.73633,5.0,36.66667,41.66667,28.33333,8.0,6.33333,15.0,21.33333,107.0,1,-0.08064,0.08064,0.13948,0.24744,0.5562,0.52662,0.62072,0.59635,1491.54143,1493.40575,0.49189,0.50811,2.36302,2.21691,0.33333,,,,
240.0,44.33333,91.0,0.47967,12.33333,31.66667,0.39067,20.66667,28.33333,0.72533,14.33333,34.66667,49.0,26.33333,8.33333,4.0,14.0,22.33333,121.66667,240.0,39.66667,87.33333,0.45433,9.66667,31.66667,0.30467,22.33333,26.66667,0.832,7.66667,30.33333,38.0,27.66667,6.33333,4.66667,14.33333,22.0,111.33333,0,-0.11059,0.11059,0.23363,0.48741,0.51003,0.5468,0.59753,0.62091,1511.85662,1582.91671,0.58717,0.41283,1.70706,2.43461,0.33333,240.0,40.66667,86.0,0.474,12.0,29.33333,0.40267,12.66667,17.66667,0.71967,7.0,31.66667,38.66667,25.66667,7.0,5.33333,9.0,18.0,106.0,240.0,41.33333,84.66667,0.49067,12.0,31.33333,0.389,15.66667,20.0,0.776,8.66667,35.33333,44.0,30.0,4.33333,4.33333,12.33333,18.33333,110.33333,0,0.05291,-0.05291,0.2746,0.19811,0.56223,0.54273,0.62178,0.59016,1516.78632,1511.54388,0.49821,0.50179,2.0552,2.04643,0.66667,,,,
240.0,37.0,79.66667,0.46367,7.33333,21.66667,0.343,17.66667,21.66667,0.82333,8.0,36.66667,44.66667,20.0,7.66667,7.33333,14.66667,17.66667,99.0,240.0,35.33333,89.0,0.397,8.0,26.0,0.304,12.66667,15.66667,0.799,11.66667,33.0,44.66667,20.33333,5.66667,4.66667,14.0,19.66667,91.33333,1,-0.10865,0.10865,0.32024,0.27828,0.4418,0.50948,0.49395,0.58505,1450.8073,1494.13145,0.55303,0.44697,1.81282,2.24648,0.33333,240.0,39.66667,85.33333,0.465,10.33333,31.0,0.331,14.0,18.66667,0.752,10.0,30.0,40.0,26.33333,7.33333,5.66667,15.0,22.0,103.66667,240.0,38.66667,83.0,0.46467,8.33333,27.66667,0.29867,19.0,23.66667,0.81333,10.0,30.33333,40.33333,21.33333,9.66667,6.0,15.0,17.66667,104.66667,1,0.01388,-0.01388,0.34843,0.34609,0.51515,0.52554,0.59298,0.57978,1407.84114,1480.18484,0.60858,0.39142,1.68352,2.68812,0.66667,,,,
240.0,36.66667,82.66667,0.445,8.66667,31.33333,0.28167,20.66667,25.0,0.835,8.66667,31.0,39.66667,23.33333,7.33333,2.0,16.33333,27.0,102.66667,240.0,38.33333,74.33333,0.514,8.33333,26.0,0.322,27.66667,37.0,0.73767,5.33333,32.66667,38.0,23.0,11.0,3.33333,13.66667,22.33333,112.66667,0,0.13382,-0.13382,0.18421,0.279,0.57,0.49715,0.68318,0.58347,1536.02812,1370.16319,0.29345,0.70655,3.83311,1.43626,1.0,240.0,36.33333,77.66667,0.46733,11.33333,27.33333,0.413,22.0,28.33333,0.782,10.0,33.0,43.0,24.33333,8.66667,5.33333,15.33333,22.33333,106.0,240.0,36.0,80.66667,0.446,6.66667,23.66667,0.264,18.0,22.33333,0.79767,9.33333,29.33333,38.66667,21.33333,7.33333,5.0,16.0,25.0,96.66667,0,-0.13793,0.13793,0.28363,0.39712,0.48794,0.54123,0.56495,0.63234,1450.98378,1537.12981,0.60874,0.39126,1.645,2.56458,0.33333,,,,
240.0,38.66667,88.0,0.441,12.33333,34.0,0.36033,19.33333,29.0,0.63933,11.66667,31.0,42.66667,19.66667,9.0,4.33333,11.33333,19.33333,109.0,240.0,41.0,86.0,0.479,10.66667,28.66667,0.376,15.66667,19.66667,0.82167,9.66667,36.0,45.66667,28.0,6.0,5.66667,15.0,22.66667,108.33333,1,0.01685,-0.01685,0.30909,0.32055,0.54069,0.51213,0.60277,0.57849,1499.32182,1583.45985,0.61441,0.38559,1.7158,2.85127,0.33333,240.0,38.66667,83.66667,0.461,14.0,37.33333,0.37833,16.0,18.66667,0.85433,9.0,33.33333,42.33333,22.0,8.0,1.66667,12.0,18.0,107.33333,240.0,39.33333,85.33333,0.462,9.33333,27.33333,0.34367,13.0,17.33333,0.769,9.33333,30.66667,40.0,23.33333,7.0,3.66667,13.0,19.0,101.0,1,-0.08387,0.08387,0.27861,0.30011,0.51712,0.54455,0.56784,0.61062,1328.15577,1471.57709,0.68911,0.31089,1.45742,3.27798,0.33333,,,,
240.0,42.33333,89.66667,0.47167,10.33333,27.66667,0.36733,19.0,23.66667,0.79833,12.0,35.0,47.0,28.33333,7.66667,5.66667,11.66667,16.33333,114.0,240.0,39.0,88.33333,0.44633,5.66667,25.66667,0.21633,12.33333,15.66667,0.79533,10.33333,32.66667,43.0,23.0,6.66667,4.66667,14.66667,22.0,96.0,0,-0.26679,0.26679,0.32404,0.36711,0.47892,0.52969,0.52857,0.60126,1471.2289,1553.95895,0.60286,0.39714,1.77803,2.89258,0.33333,240.0,36.66667,84.0,0.43667,8.33333,28.33333,0.29367,20.33333,26.0,0.78,7.66667,27.0,34.66667,20.66667,11.66667,3.66667,13.33333,19.33333,102.0,240.0,46.33333,85.66667,0.53967,11.66667,28.33333,0.41267,15.66667,21.0,0.739,8.33333,40.66667,49.0,25.0,10.0,4.33333,14.33333,22.66667,120.0,0,0.2336,-0.2336,0.30888,0.1963,0.6076,0.48635,0.66386,0.56821,1488.3139,1550.24468,0.6179,0.3821,1.66025,2.83829,1.0,,,,
240.0,38.66667,89.0,0.436,11.66667,33.66667,0.34467,20.33333,25.33333,0.804,10.66667,33.0,43.66667,22.66667,8.33333,6.66667,15.0,27.66667,109.33333,240.0,38.33333,85.33333,0.45233,6.66667,20.66667,0.337,25.0,32.33333,0.76133,12.33333,34.0,46.33333,20.66667,6.66667,7.0,16.0,23.0,108.33333,0,-0.02082,0.02082,0.38935,0.3115,0.49135,0.50213,0.5892,0.5799,1506.3794,1619.9485,0.65599,0.34401,1.55519,3.13351,0.66667,248.33333,36.66667,86.66667,0.42267,9.66667,30.33333,0.35333,21.33333,27.66667,0.778,14.0,33.66667,47.66667,22.66667,9.0,5.66667,17.33333,23.66667,104.33333,248.33333,37.33333,86.0,0.43267,7.66667,23.0,0.33367,23.0,27.66667,0.82533,8.0,35.0,43.0,25.66667,9.33333,6.0,16.66667,23.0,105.33333,0,0.01051,-0.01051,0.24666,0.41389,0.47675,0.47821,0.57167,0.56341,1567.874,1506.08276,0.41629,0.58371,2.53392,1.77529,0.66667,,,,
240.0,37.66667,86.33333,0.43533,13.66667,29.0,0.469,13.33333,18.0,0.75267,10.0,31.0,41.0,22.0,4.33333,3.66667,13.33333,20.33333,102.33333,240.0,40.0,85.66667,0.468,12.33333,32.0,0.38167,17.66667,21.33333,0.82367,10.0,33.33333,43.33333,26.33333,7.66667,5.33333,12.0,16.33333,110.0,1,0.10917,-0.10917,0.32218,0.30099,0.54118,0.5138,0.61121,0.56587,1606.7267,1589.03834,0.4872,0.5128,2.10792,2.00891,0.66667,240.0,37.33333,81.33333,0.458,9.66667,25.66667,0.39833,22.0,29.0,0.75867,12.33333,30.33333,42.66667,20.0,9.33333,5.66667,18.33333,25.0,106.33333,240.0,36.66667,83.33333,0.44033,7.66667,25.33333,0.29967,25.33333,28.66667,0.88667,10.0,32.0,42.0,25.33333,9.33333,5.66667,17.0,23.66667,106.33333,1,-0.0024,0.0024,0.35451,0.39153,0.48612,0.51739,0.59354,0.60593,1559.90446,1564.06329,0.50623,0.49377,2.08408,2.11362,0.66667,,,,
240.0,43.0,83.33333,0.51633,8.66667,22.66667,0.38333,17.66667,21.66667,0.81833,6.33333,33.66667,40.0,28.33333,6.66667,5.0,13.0,20.0,112.33333,240.0,42.33333,85.66667,0.50167,12.66667,30.33333,0.422,15.33333,19.0,0.78267,5.66667,31.0,36.66667,30.33333,5.0,2.66667,13.0,20.0,112.66667,0,-0.01906,0.01906,0.15604,0.20505,0.57653,0.56838,0.63488,0.63795,1507.24647,1451.18991,0.42481,0.57519,2.65317,1.85626,0.66667,248.33333,40.66667,88.33333,0.461,6.33333,21.66667,0.29933,15.0,19.33333,0.77667,11.33333,35.33333,46.66667,22.0,9.33333,6.66667,15.66667,17.66667,102.66667,248.33333,35.66667,86.66667,0.412,11.33333,35.33333,0.30567,13.33333,15.66667,0.85633,8.66667,34.0,42.66667,20.66667,6.66667,5.66667,17.33333,20.66667,96.0,0,-0.10275,0.10275,0.24382,0.33224,0.47505,0.49728,0.53146,0.55627,1588.58897,1468.66858,0.32977,0.67023,3.18013,1.50598,0.0,,,,
240.0,35.66667,86.0,0.416,8.66667,33.66667,0.25933,14.33333,17.0,0.84167,11.0,34.66667,45.66667,18.33333,4.66667,4.0,15.33333,19.66667,94.33333,240.0,41.33333,89.33333,0.46467,9.66667,23.33333,0.404,20.33333,23.66667,0.86167,10.33333,36.33333,46.66667,23.33333,8.0,6.33333,8.33333,14.0,112.66667,0,0.25642,-0.25642,0.30134,0.3053,0.51998,0.46651,0.59884,0.52683,1514.26531,1426.38282,0.40913,0.59087,2.56634,1.72322,1.0,240.0,40.33333,93.66667,0.43167,10.66667,33.33333,0.31667,8.66667,9.66667,0.863,10.0,32.33333,42.33333,23.33333,8.33333,4.0,11.0,17.33333,100.0,240.0,41.0,82.66667,0.495,10.33333,27.0,0.37533,16.33333,22.0,0.74033,9.0,38.0,47.0,26.33333,7.33333,4.33333,12.66667,15.0,108.66667,0,0.12253,-0.12253,0.30502,0.2606,0.5564,0.48853,0.62096,0.52267,1482.93151,1478.15893,0.50913,0.49087,1.97575,2.05028,1.0,,,,
248.33333,37.33333,86.66667,0.43533,11.0,27.66667,0.39733,14.66667,20.0,0.746,5.66667,32.0,37.66667,18.33333,8.33333,2.0,9.33333,16.66667,100.33333,248.33333,42.66667,85.0,0.504,12.33333,31.33333,0.388,14.33333,17.33333,0.82933,7.0,42.0,49.0,25.66667,7.33333,5.33333,13.33333,17.0,112.0,1,0.15781,-0.15781,0.21818,0.13459,0.5774,0.4989,0.63338,0.55507,1519.63107,1514.43066,0.51832,0.48168,1.92969,2.07653,1.0,240.0,38.66667,84.33333,0.45933,11.0,30.66667,0.36133,14.0,19.33333,0.72233,8.66667,32.33333,41.0,24.0,5.0,5.0,14.33333,21.0,102.33333,240.0,39.66667,85.0,0.466,7.66667,27.0,0.28333,19.66667,25.0,0.79233,10.0,32.33333,42.33333,23.33333,8.0,5.66667,12.33333,17.33333,106.66667,1,0.05948,-0.05948,0.32123,0.27211,0.51098,0.52451,0.58878,0.57845,1413.3087,1458.2922,0.57862,0.42138,1.7531,2.42786,0.66667,,,,
256.66667,40.66667,95.0,0.42867,10.66667,34.0,0.31233,20.33333,26.0,0.76367,9.33333,35.0,44.33333,23.33333,8.66667,4.0,13.66667,21.0,112.33333,256.66667,45.0,92.0,0.49867,15.66667,36.0,0.44433,18.0,22.0,0.81533,8.66667,41.66667,50.33333,28.0,7.66667,5.33333,14.66667,22.33333,123.66667,0,0.14366,-0.14366,0.23422,0.22239,0.58548,0.48463,0.64894,0.5581,1521.75141,1438.23841,0.39802,0.60198,2.52011,1.66353,1.0,240.0,39.33333,94.0,0.41967,11.33333,30.66667,0.367,24.33333,27.66667,0.88833,15.33333,35.66667,51.0,22.0,9.0,4.33333,12.66667,23.66667,114.33333,240.0,39.0,82.66667,0.47167,6.66667,23.33333,0.28133,20.66667,29.0,0.71433,9.0,34.33333,43.33333,26.33333,5.0,4.33333,16.33333,19.66667,105.33333,0,-0.11929,0.11929,0.25521,0.44495,0.51161,0.47976,0.59185,0.57192,1509.40275,1568.34561,0.572,0.428,1.76275,2.36672,0.0,,,,
240.0,44.0,86.66667,0.51033,7.0,26.0,0.26933,14.33333,17.66667,0.81167,11.66667,28.33333,40.0,29.0,12.0,3.0,13.0,20.0,109.33333,240.0,38.66667,79.66667,0.48467,12.0,29.66667,0.409,15.66667,20.33333,0.77833,10.0,28.33333,38.33333,21.0,9.0,3.33333,17.66667,15.66667,105.0,1,-0.0599,0.0599,0.37619,0.40804,0.55938,0.55077,0.62368,0.60655,1479.92983,1561.58644,0.60959,0.39041,1.65969,2.64952,0.33333,240.0,41.0,85.0,0.48467,8.66667,24.66667,0.34533,19.66667,27.0,0.72367,9.33333,36.33333,45.66667,23.33333,8.33333,3.66667,12.0,20.33333,110.33333,240.0,37.33333,87.66667,0.428,12.66667,32.0,0.39033,17.0,23.0,0.74467,10.33333,34.0,44.33333,22.66667,5.33333,4.33333,13.33333,20.66667,104.33333,1,-0.08402,0.08402,0.28056,0.2732,0.49956,0.53738,0.56391,0.60964,1430.74668,1518.66665,0.61144,0.38856,1.67662,2.80312,0.33333,,,,
240.0,36.33333,80.0,0.45567,10.33333,31.0,0.327,21.66667,27.66667,0.77333,7.33333,32.0,39.33333,20.66667,4.0,4.0,15.66667,20.0,104.66667,240.0,47.33333,91.66667,0.51667,7.66667,24.33333,0.31667,16.0,23.66667,0.68667,11.0,36.33333,47.33333,26.66667,10.0,5.66667,10.33333,20.66667,118.33333,1,0.17888,-0.17888,0.35039,0.20128,0.55821,0.51918,0.61074,0.60915,1483.09133,1489.3751,0.54044,0.45956,1.9037,2.2546,1.0,240.0,39.66667,84.0,0.47033,9.33333,24.33333,0.36033,13.0,16.33333,0.79333,9.33333,28.66667,38.0,25.33333,9.33333,3.66667,16.0,21.0,101.66667,240.0,40.0,79.66667,0.502,11.0,30.33333,0.359,16.66667,19.66667,0.84867,6.66667,29.66667,36.33333,27.33333,8.66667,5.66667,14.33333,16.66667,107.66667,1,0.10219,-0.10219,0.23492,0.33196,0.57153,0.52443,0.64152,0.57679,1395.37073,1517.7554,0.67597,0.32403,1.49599,3.23777,0.66667,,,,
240.0,42.33333,89.66667,0.473,6.0,17.0,0.36167,15.0,20.0,0.76367,10.0,29.33333,39.33333,23.33333,9.33333,3.33333,10.33333,17.33333,105.66667,240.0,42.0,83.0,0.50467,14.33333,33.33333,0.42,15.0,19.0,0.77367,9.33333,34.0,43.33333,30.66667,6.66667,6.66667,14.66667,17.66667,113.33333,0,0.09841,-0.09841,0.31746,0.2963,0.5901,0.50691,0.64908,0.56309,1556.16461,1590.34861,0.5464,0.4536,1.95419,2.57094,1.0,240.0,40.0,90.33333,0.44267,12.0,38.33333,0.28967,12.33333,18.0,0.714,6.33333,43.0,49.33333,25.33333,6.33333,5.33333,11.0,22.33333,104.33333,240.0,34.66667,83.33333,0.41567,9.66667,30.33333,0.309,21.0,26.66667,0.78633,5.33333,40.33333,45.66667,22.33333,5.0,3.66667,12.33333,16.66667,100.0,0,-0.06566,0.06566,0.12322,0.15716,0.47356,0.50727,0.56098,0.55194,1501.77315,1536.10306,0.55088,0.44912,1.87168,2.37125,0.66667,,,,
240.0,35.33333,83.66667,0.42367,13.33333,39.66667,0.33333,14.33333,20.0,0.74133,10.33333,30.66667,41.0,22.66667,8.0,3.0,15.0,17.66667,98.33333,240.0,41.66667,84.0,0.49633,9.66667,28.0,0.34433,8.66667,11.0,0.79967,6.66667,32.66667,39.33333,24.66667,10.0,3.0,15.33333,22.0,101.66667,0,0.05222,-0.05222,0.21861,0.31683,0.55386,0.50383,0.58838,0.56118,1402.16419,1487.1514,0.62212,0.37788,1.67193,2.86212,0.66667,240.0,42.33333,93.0,0.45433,10.66667,26.33333,0.39567,19.0,25.0,0.76633,11.33333,31.33333,42.66667,19.66667,9.66667,2.66667,12.0,22.0,114.33333,240.0,41.0,83.0,0.49267,13.0,30.66667,0.408,18.33333,24.0,0.74233,10.33333,34.66667,45.0,27.66667,8.33333,8.33333,17.0,19.33333,113.33333,0,-0.0135,0.0135,0.33137,0.32672,0.56956,0.51348,0.6413,0.58107,1636.04752,1590.71468,0.42519,0.57481,2.35274,1.74005,0.66667,,,,
240.0,41.33333,90.33333,0.45833,6.0,25.33333,0.24733,15.33333,17.66667,0.881,12.33333,31.33333,43.66667,23.33333,10.33333,5.0,14.0,19.66667,104.0,240.0,43.0,88.33333,0.48667,12.66667,31.66667,0.39033,16.33333,23.33333,0.78267,13.66667,32.66667,46.33333,27.0,6.33333,7.0,15.66667,15.66667,115.0,1,0.13905,-0.13905,0.43601,0.38923,0.55887,0.49211,0.61517,0.55341,1582.78413,1519.7414,0.42118,0.57882,2.43922,1.74915,1.0,240.0,45.66667,93.0,0.493,13.66667,33.0,0.42667,19.33333,24.33333,0.782,12.0,40.0,52.0,26.66667,8.33333,6.0,10.33333,18.33333,124.33333,240.0,36.66667,87.0,0.42867,9.0,31.33333,0.29467,13.66667,16.66667,0.83633,6.33333,32.0,38.33333,19.33333,6.33333,4.33333,14.0,24.33333,96.0,1,-0.38227,0.38227,0.14623,0.37392,0.48369,0.56647,0.54059,0.63387,1347.29531,1526.19771,0.72192,0.27808,1.39033,3.67818,0.0,,,,
240.0,38.33333,88.66667,0.433,12.33333,32.33333,0.38,14.33333,20.33333,0.67467,10.0,31.66667,41.66667,27.66667,8.33333,5.66667,11.66667,23.66667,103.33333,240.0,38.0,80.33333,0.47267,12.0,31.66667,0.37633,23.66667,28.66667,0.81667,6.66667,36.33333,43.0,26.0,6.0,4.66667,14.33333,20.0,111.66667,0,0.11091,-0.11091,0.21369,0.28504,0.54714,0.50272,0.64372,0.55559,1508.04263,1484.62037,0.48151,0.51849,2.23747,2.05495,1.0,240.0,43.0,89.0,0.48533,14.66667,36.33333,0.40867,14.33333,17.33333,0.781,8.0,29.33333,37.33333,27.66667,7.66667,7.33333,10.66667,24.0,115.0,240.0,41.33333,86.33333,0.48,12.0,25.66667,0.47133,21.0,25.66667,0.807,11.66667,34.66667,46.33333,27.33333,4.33333,4.33333,14.0,16.33333,115.66667,0,0.01048,-0.01048,0.40507,0.22686,0.54987,0.56791,0.6299,0.62177,1512.99519,1520.86019,0.50813,0.49187,2.12868,2.27216,0.66667,,,,
240.0,36.33333,87.33333,0.42333,11.0,27.33333,0.395,18.0,23.0,0.79233,10.66667,36.33333,47.0,20.66667,6.66667,5.66667,10.0,17.66667,101.66667,240.0,38.66667,89.66667,0.42967,13.33333,32.66667,0.38833,17.0,21.33333,0.79333,11.66667,36.0,47.66667,22.33333,4.33333,5.66667,10.0,18.66667,107.66667,0,0.0692,-0.0692,0.33359,0.27904,0.50255,0.48517,0.56764,0.55666,1582.25565,1517.54548,0.41593,0.58407,2.45205,1.73227,0.66667,240.0,40.66667,90.33333,0.451,11.66667,34.0,0.33933,14.66667,17.66667,0.83167,8.0,33.0,41.0,25.33333,6.0,4.0,11.66667,20.0,107.66667,240.0,42.66667,84.33333,0.504,8.33333,24.66667,0.339,19.66667,27.33333,0.73233,8.33333,37.33333,45.66667,24.33333,9.0,4.66667,11.33333,19.33333,113.33333,0,0.07129,-0.07129,0.27929,0.21473,0.55308,0.51618,0.62695,0.57299,1477.35274,1478.49748,0.50963,0.49037,1.97414,2.05285,1.0,,,,
240.0,41.33333,87.0,0.475,10.0,26.66667,0.361,17.66667,20.33333,0.855,9.33333,31.0,40.33333,22.0,9.66667,4.0,13.33333,20.0,110.33333,240.0,41.33333,84.66667,0.491,11.66667,32.33333,0.355,18.66667,22.33333,0.817,10.33333,31.33333,41.66667,23.33333,7.66667,4.66667,15.0,17.66667,113.0,1,0.0255,-0.0255,0.34473,0.31366,0.56069,0.53152,0.63324,0.60214,1539.24191,1503.01516,0.45117,0.54883,2.25608,1.8426,0.66667,256.66667,48.33333,90.66667,0.53733,10.33333,24.33333,0.41167,18.0,24.66667,0.76933,10.0,37.33333,47.33333,19.33333,8.33333,7.66667,13.66667,15.33333,125.0,256.66667,41.66667,96.0,0.44,16.33333,44.66667,0.371,14.33333,16.33333,0.84567,12.66667,32.0,44.66667,27.0,9.33333,3.66667,12.66667,20.66667,114.0,1,-0.13518,0.13518,0.33274,0.30864,0.52462,0.59578,0.57632,0.65588,1403.51182,1548.22134,0.67695,0.32305,1.50442,3.41414,0.0,,,,
240.0,41.66667,91.66667,0.45433,9.0,30.0,0.30133,13.66667,18.66667,0.75467,12.0,41.33333,53.33333,24.0,6.66667,4.0,12.33333,17.0,106.0,240.0,39.0,87.66667,0.44467,10.66667,33.0,0.32467,14.66667,19.66667,0.75,6.66667,37.33333,44.0,25.66667,8.66667,6.33333,12.0,18.0,103.33333,1,-0.03775,0.03775,0.16171,0.3271,0.5053,0.50313,0.56141,0.55314,1514.96453,1516.71261,0.49902,0.50098,2.01273,2.00405,0.33333,256.66667,46.33333,89.33333,0.522,11.0,25.33333,0.427,19.66667,27.0,0.75367,12.0,39.0,51.0,19.33333,6.66667,8.0,13.0,16.0,123.33333,256.66667,40.33333,96.33333,0.42333,15.33333,41.0,0.37433,15.66667,17.66667,0.87433,13.0,31.33333,44.33333,26.33333,7.66667,2.0,11.66667,22.0,111.66667,1,-0.14815,0.14815,0.32917,0.39654,0.50229,0.58508,0.56006,0.65234,1409.25123,1538.34243,0.65502,0.34498,1.56085,3.25754,0.0,,,,
240.0,40.0,87.0,0.46067,9.0,25.33333,0.33933,16.0,22.66667,0.69267,12.33333,34.0,46.33333,21.0,6.0,4.66667,16.66667,18.66667,105.0,240.0,40.33333,84.0,0.481,11.33333,28.66667,0.38433,18.0,25.66667,0.7,7.33333,32.33333,39.66667,21.66667,11.0,6.0,14.0,19.66667,110.0,0,0.05897,-0.05897,0.22094,0.38091,0.54973,0.51206,0.61518,0.57175,1467.51184,1438.9517,0.47907,0.52093,2.26374,2.02206,0.33333,240.0,36.33333,78.66667,0.462,14.33333,37.33333,0.37733,15.0,21.66667,0.69767,9.33333,36.66667,46.0,21.0,7.0,6.66667,13.0,18.33333,102.0,240.0,34.33333,85.66667,0.40133,11.0,31.33333,0.346,13.0,17.0,0.769,9.33333,32.66667,42.0,20.33333,8.0,2.66667,10.0,20.66667,92.66667,0,-0.13775,0.13775,0.26616,0.29971,0.46599,0.55246,0.51904,0.61121,1501.18963,1544.73041,0.54734,0.45266,1.87015,2.30808,0.0,,,,
240.0,36.33333,83.66667,0.43467,8.0,30.33333,0.26767,23.33333,30.33333,0.77567,10.66667,30.0,40.66667,19.66667,7.0,2.0,15.66667,25.0,104.0,240.0,41.33333,78.33333,0.52433,10.33333,27.66667,0.39067,23.33333,30.66667,0.763,6.66667,33.33333,40.0,26.0,8.66667,4.66667,14.66667,24.0,116.33333,0,0.16208,-0.16208,0.25936,0.3463,0.5907,0.48231,0.68362,0.57567,1531.10302,1361.77374,0.29388,0.70612,3.83012,1.43736,1.0,240.0,41.0,89.33333,0.46367,9.66667,31.33333,0.30033,8.33333,11.0,0.75633,8.66667,31.0,39.66667,23.0,5.0,4.66667,12.33333,21.0,100.0,240.0,45.0,87.33333,0.51667,8.66667,26.66667,0.325,12.66667,23.66667,0.48,10.66667,35.0,45.66667,25.0,7.66667,3.66667,10.0,17.0,111.33333,0,0.15458,-0.15458,0.34968,0.24704,0.56655,0.51968,0.60193,0.5513,1455.87263,1511.40899,0.60124,0.39876,1.67655,2.55541,1.0,,,,
240.0,31.66667,80.66667,0.39267,6.0,25.0,0.23867,17.33333,20.0,0.852,11.33333,31.66667,43.0,20.33333,6.0,5.33333,20.33333,26.33333,86.66667,240.0,39.0,83.0,0.46967,10.0,32.33333,0.30767,18.33333,25.33333,0.75967,9.0,30.33333,39.33333,23.66667,10.66667,5.0,11.0,19.66667,106.33333,0,0.29569,-0.29569,0.28512,0.37252,0.53135,0.42998,0.60148,0.50918,1542.60742,1432.49086,0.38181,0.61819,2.96919,1.73175,1.0,240.0,37.0,78.0,0.47433,10.33333,27.0,0.37333,17.33333,20.66667,0.844,3.66667,33.33333,37.0,19.66667,8.33333,6.66667,12.33333,20.66667,101.66667,240.0,37.0,89.66667,0.41233,8.66667,27.0,0.307,17.66667,21.66667,0.84,15.0,33.33333,48.33333,20.0,5.0,4.66667,13.66667,19.0,100.33333,0,-0.0126,0.0126,0.45177,0.11512,0.46125,0.5402,0.53105,0.61534,1482.34969,1515.97544,0.54456,0.45544,1.97491,2.48034,0.33333,,,,
240.0,39.0,84.33333,0.46233,9.0,26.66667,0.33833,10.0,15.33333,0.61967,9.66667,34.33333,44.0,22.66667,6.33333,5.66667,13.66667,19.0,97.0,240.0,37.66667,82.33333,0.458,10.33333,32.0,0.315,16.0,21.66667,0.73267,8.66667,33.0,41.66667,20.66667,8.0,6.33333,11.66667,15.0,101.66667,1,0.07073,-0.07073,0.25671,0.29384,0.52146,0.5152,0.58515,0.55261,1535.60393,1483.09729,0.43414,0.56586,2.46072,1.83302,0.66667,240.0,33.66667,82.33333,0.41167,12.66667,37.66667,0.32133,15.33333,24.33333,0.63233,11.33333,36.66667,48.0,18.33333,6.33333,4.66667,11.66667,18.0,95.33333,240.0,36.0,86.0,0.419,11.66667,32.0,0.36167,12.33333,17.33333,0.71267,8.66667,37.33333,46.0,20.33333,7.66667,4.66667,9.66667,20.33333,96.0,1,0.02769,-0.02769,0.24394,0.30506,0.48733,0.48902,0.53521,0.5472,1505.69663,1564.0484,0.58898,0.41102,1.72338,2.50526,0.33333,,,,
240.0,38.0,84.66667,0.451,6.66667,21.0,0.30567,16.66667,22.33333,0.74233,7.33333,34.66667,42.0,24.33333,6.66667,6.33333,13.33333,19.0,99.33333,240.0,40.33333,85.66667,0.47767,12.0,29.0,0.41867,13.33333,19.0,0.68267,6.33333,34.66667,41.0,26.0,5.66667,2.66667,12.0,22.0,106.0,0,0.10144,-0.10144,0.17241,0.21263,0.54842,0.49065,0.59674,0.55662,1492.61361,1454.3422,0.45101,0.54899,2.34929,1.90931,0.66667,240.0,36.0,83.33333,0.43467,6.33333,28.66667,0.21933,18.66667,21.0,0.88767,10.0,30.66667,40.66667,23.66667,7.33333,2.66667,16.33333,20.66667,97.0,240.0,39.66667,78.0,0.50933,9.33333,22.66667,0.403,22.0,26.33333,0.85533,6.33333,33.0,39.33333,24.66667,9.66667,6.33333,11.66667,19.33333,110.66667,0,0.19191,-0.19191,0.21689,0.31247,0.56818,0.47253,0.66096,0.55408,1480.52212,1450.64865,0.47969,0.52031,2.15447,1.978,1.0,,,,
240.0,40.0,85.66667,0.46567,10.66667,25.66667,0.41933,12.0,16.66667,0.718,7.33333,34.66667,42.0,27.66667,7.0,6.0,14.33333,19.66667,102.66667,240.0,36.66667,90.33333,0.407,8.33333,32.33333,0.262,15.0,21.33333,0.73333,12.33333,35.66667,48.0,24.0,5.33333,4.66667,13.33333,21.0,96.66667,0,-0.08228,0.08228,0.35458,0.2102,0.45286,0.52778,0.50917,0.5738,1506.79485,1494.83939,0.47438,0.52562,2.21442,1.98721,0.33333,240.0,36.33333,83.33333,0.43633,9.0,30.66667,0.29033,16.66667,20.33333,0.82167,11.33333,29.0,40.33333,21.33333,5.33333,5.0,14.33333,23.33333,98.33333,240.0,40.66667,85.0,0.48167,6.0,18.66667,0.332,24.0,29.33333,0.83233,11.66667,32.33333,44.0,22.66667,7.0,5.66667,9.66667,15.66667,111.33333,0,0.18365,-0.18365,0.39947,0.34592,0.518,0.49074,0.61271,0.56077,1596.72506,1510.56575,0.39992,0.60008,2.66782,1.72438,1.0,,,,
240.0,42.33333,87.33333,0.48667,13.0,30.0,0.42967,13.33333,20.0,0.66433,11.66667,32.66667,44.33333,24.66667,6.0,4.33333,17.0,21.0,111.0,240.0,41.66667,86.66667,0.47967,9.33333,27.0,0.34467,18.33333,25.0,0.73033,9.33333,32.0,41.33333,23.0,9.33333,5.66667,12.33333,19.0,111.0,0,-0.00589,0.00589,0.29832,0.36263,0.53387,0.56169,0.60116,0.60719,1493.2583,1448.57189,0.44233,0.55767,2.3884,1.84145,0.33333,240.0,47.66667,94.0,0.509,11.0,25.0,0.45767,13.33333,16.33333,0.82033,11.33333,36.66667,48.0,26.66667,6.66667,3.33333,13.0,19.33333,119.66667,240.0,41.33333,85.0,0.486,8.66667,27.33333,0.327,13.66667,20.0,0.66167,5.0,32.66667,37.66667,24.33333,8.66667,6.66667,14.66667,17.66667,105.0,0,-0.18478,0.18478,0.13443,0.35392,0.53777,0.56811,0.58896,0.61561,1483.36714,1451.54526,0.43258,0.56742,2.53179,1.82801,0.0,,,,
240.0,36.66667,78.0,0.471,6.66667,24.33333,0.28167,25.0,29.33333,0.85733,9.33333,29.33333,38.66667,19.33333,6.33333,4.66667,12.0,21.33333,105.0,240.0,40.66667,83.0,0.49,11.33333,31.0,0.36733,22.33333,26.66667,0.845,11.33333,29.33333,40.66667,22.0,5.33333,6.66667,10.0,23.33333,115.0,0,0.1327,-0.1327,0.3943,0.33137,0.55938,0.51444,0.6489,0.62288,1502.58017,1541.08314,0.57229,0.42771,1.79184,2.43749,1.0,240.0,39.33333,80.66667,0.489,9.66667,27.33333,0.35733,14.66667,22.33333,0.66933,12.66667,27.66667,40.33333,19.66667,7.0,3.33333,16.0,17.66667,103.0,240.0,43.0,80.0,0.537,7.0,21.66667,0.31633,15.0,20.33333,0.76133,7.66667,28.66667,36.33333,24.33333,10.66667,2.66667,11.66667,19.33333,108.0,0,0.07028,-0.07028,0.27884,0.45068,0.58243,0.54873,0.64105,0.60253,1503.39605,1455.15641,0.43625,0.56375,2.375,1.81441,1.0,,,,
240.0,36.66667,88.33333,0.41433,7.0,29.0,0.23867,16.66667,20.0,0.826,11.66667,36.66667,48.33333,23.33333,6.33333,5.0,14.66667,18.0,97.0,240.0,41.0,88.33333,0.46233,11.66667,31.66667,0.36433,15.0,20.66667,0.733,9.66667,37.66667,47.33333,25.33333,9.33333,6.0,10.66667,18.0,108.66667,0,0.16371,-0.16371,0.27475,0.33152,0.52698,0.45386,0.58369,0.5216,1551.64451,1450.46789,0.3737,0.6263,2.90389,1.63232,1.0,240.0,37.33333,92.0,0.40667,7.66667,30.0,0.25567,11.66667,19.0,0.61033,11.66667,34.33333,46.0,20.0,9.66667,4.33333,13.0,15.33333,94.0,240.0,42.33333,88.33333,0.482,13.66667,31.66667,0.43533,10.66667,13.33333,0.81333,8.66667,40.66667,49.33333,28.33333,10.33333,5.33333,14.66667,16.0,109.0,0,0.21734,-0.21734,0.29171,0.30897,0.55959,0.44841,0.59989,0.48956,1552.61491,1511.09177,0.46661,0.53339,2.17704,1.89915,1.0,,,,
248.33333,35.66667,86.33333,0.41467,8.0,22.33333,0.35533,15.66667,21.66667,0.726,8.66667,34.66667,43.33333,21.33333,8.66667,6.66667,14.33333,15.33333,95.0,248.33333,38.33333,91.66667,0.421,8.66667,28.0,0.31567,12.0,15.66667,0.791,13.66667,37.33333,51.0,23.33333,9.33333,8.33333,15.66667,19.33333,97.33333,1,0.03433,-0.03433,0.39117,0.23265,0.46946,0.4599,0.5162,0.52315,1507.04656,1458.15368,0.4431,0.5569,2.47889,1.89369,0.33333,240.0,40.33333,87.0,0.46367,10.0,28.0,0.372,14.33333,20.66667,0.73133,11.0,35.66667,46.66667,21.0,9.0,5.0,11.33333,20.0,105.0,240.0,36.0,87.33333,0.415,10.33333,33.33333,0.31433,12.33333,17.33333,0.69933,11.33333,33.33333,44.66667,19.33333,5.66667,2.33333,14.33333,23.0,94.66667,1,-0.14202,0.14202,0.31825,0.32534,0.47416,0.52123,0.52232,0.57458,1366.95221,1482.8987,0.64962,0.35038,1.5447,2.88795,0.33333,,,,
240.0,40.0,75.66667,0.523,10.66667,22.0,0.48733,24.33333,28.66667,0.85433,7.66667,34.0,41.66667,23.0,6.0,4.66667,16.33333,17.66667,115.0,240.0,41.66667,88.33333,0.46967,8.66667,23.66667,0.36567,10.66667,15.66667,0.67,8.66667,25.33333,34.0,22.33333,10.33333,5.33333,13.66667,22.66667,102.66667,1,-0.15457,0.15457,0.25837,0.30278,0.51866,0.59295,0.55786,0.7001,1482.74963,1504.69122,0.51317,0.48683,1.99802,2.11312,0.0,248.33333,41.33333,93.66667,0.446,10.66667,27.66667,0.38367,15.0,20.33333,0.74433,8.0,29.66667,37.66667,18.66667,9.0,3.0,7.66667,15.33333,108.33333,248.33333,44.0,84.66667,0.522,13.66667,31.33333,0.43567,17.0,21.0,0.81,6.66667,40.66667,47.33333,21.0,4.66667,4.66667,14.66667,18.0,118.66667,1,0.13021,-0.13021,0.22195,0.1954,0.60348,0.50177,0.66741,0.55594,1513.16636,1511.2623,0.51568,0.48432,2.0235,2.16065,1.0,,,,
240.0,45.0,89.33333,0.50533,11.0,29.0,0.384,16.0,22.0,0.73567,9.0,31.0,40.0,24.66667,6.0,2.33333,16.66667,24.0,117.0,240.0,47.66667,92.66667,0.51367,10.66667,27.66667,0.37733,23.33333,26.33333,0.885,11.0,33.66667,44.66667,30.0,8.66667,6.66667,10.0,21.0,129.33333,1,0.14294,-0.14294,0.35714,0.26958,0.57093,0.56807,0.65664,0.62381,1522.9851,1457.31277,0.42851,0.57149,2.45117,1.78709,1.0,240.0,37.66667,84.66667,0.44367,14.33333,35.33333,0.406,19.0,22.0,0.87,9.33333,37.33333,46.66667,21.33333,7.33333,4.0,11.33333,19.33333,108.66667,240.0,39.0,88.33333,0.44133,10.66667,27.33333,0.393,15.0,20.33333,0.73567,10.33333,33.66667,44.0,23.33333,5.33333,4.0,10.66667,18.66667,103.66667,1,-0.06432,0.06432,0.27766,0.27815,0.50188,0.52821,0.55892,0.60623,1326.65251,1502.64797,0.724,0.276,1.39716,3.92916,0.33333,,,,
240.0,35.0,87.0,0.40267,5.66667,22.33333,0.24533,14.33333,20.0,0.71967,12.33333,37.66667,50.0,21.66667,6.0,6.0,16.0,19.33333,90.0,240.0,35.33333,84.33333,0.42233,9.66667,27.66667,0.34933,13.0,19.66667,0.64867,7.0,35.33333,42.33333,20.0,8.0,4.66667,11.33333,22.33333,93.33333,0,0.06544,-0.06544,0.18437,0.36679,0.47934,0.43565,0.53031,0.49304,1481.90386,1459.57267,0.46771,0.53229,2.263,1.96282,0.66667,240.0,33.0,79.0,0.421,8.33333,23.0,0.36267,19.66667,25.33333,0.78233,8.66667,31.0,39.66667,19.33333,4.66667,3.66667,15.33333,19.0,94.0,240.0,42.33333,89.33333,0.47533,14.0,37.0,0.37267,15.33333,17.66667,0.86533,10.66667,31.33333,42.0,23.66667,9.33333,5.0,10.66667,20.33333,114.0,0,0.27556,-0.27556,0.33872,0.2665,0.55375,0.47334,0.6124,0.55812,1643.23326,1517.6408,0.35501,0.64499,2.96576,1.57256,1.0,,,,
240.0,35.66667,90.33333,0.39767,6.0,25.0,0.23667,17.66667,27.0,0.641,15.33333,28.66667,44.0,19.0,5.66667,3.0,15.0,18.33333,95.0,240.0,46.0,85.0,0.54,11.0,24.66667,0.44867,17.33333,21.66667,0.795,10.33333,37.33333,47.66667,28.0,7.33333,10.66667,15.0,22.0,120.33333,0,0.3477,-0.3477,0.37973,0.43257,0.60491,0.4316,0.67004,0.49706,1512.11327,1340.64251,0.30297,0.69703,3.95906,1.46583,1.0,240.0,37.33333,85.0,0.43933,6.66667,24.66667,0.27167,16.0,21.66667,0.74367,8.0,30.0,38.0,22.33333,7.66667,5.66667,12.33333,19.33333,97.33333,240.0,43.0,86.33333,0.49567,11.66667,27.0,0.43433,14.33333,20.33333,0.71133,7.66667,37.0,44.66667,23.0,9.33333,5.0,10.66667,21.0,112.0,0,0.19469,-0.19469,0.25641,0.22288,0.56303,0.47843,0.61568,0.54211,1509.97797,1558.70803,0.59073,0.40927,1.74958,2.70117,1.0,,,,
240.0,45.66667,85.33333,0.535,13.66667,31.0,0.42967,13.66667,16.0,0.856,10.33333,28.0,38.33333,33.33333,10.33333,4.66667,16.33333,21.66667,118.66667,240.0,39.0,84.0,0.46367,10.33333,34.0,0.30833,19.33333,24.0,0.81,11.33333,24.33333,35.66667,19.66667,10.0,4.66667,15.33333,15.0,107.66667,1,-0.14335,0.14335,0.40698,0.41926,0.52515,0.61537,0.60268,0.66807,1455.85672,1550.67747,0.61465,0.38535,1.69451,2.79988,0.33333,240.0,36.33333,84.0,0.43367,10.33333,29.66667,0.355,13.33333,19.66667,0.68333,13.33333,30.0,43.33333,19.66667,7.66667,1.66667,17.33333,18.66667,96.33333,240.0,39.0,77.33333,0.50467,8.33333,24.66667,0.33467,17.0,22.33333,0.77833,6.66667,31.0,37.66667,24.33333,12.66667,5.0,13.0,17.66667,103.33333,1,0.10187,-0.10187,0.22655,0.44014,0.55944,0.49519,0.62991,0.54657,1504.87645,1504.09374,0.50633,0.49367,2.00428,2.05247,1.0,,,,
240.0,35.33333,84.66667,0.41733,12.66667,31.33333,0.40333,19.0,23.66667,0.772,8.66667,33.33333,42.0,23.66667,5.33333,4.66667,15.0,17.66667,102.33333,240.0,40.66667,89.0,0.457,8.33333,25.33333,0.32833,15.33333,19.0,0.788,10.33333,31.66667,42.0,20.66667,9.33333,5.66667,13.0,20.33333,105.0,0,0.03274,-0.03274,0.31703,0.28065,0.50411,0.49217,0.56439,0.5701,1492.0979,1392.72161,0.36992,0.63008,2.98713,1.63169,0.66667,240.0,35.0,86.66667,0.40467,5.0,28.33333,0.17067,17.0,20.0,0.84267,13.0,35.33333,48.33333,21.33333,5.66667,3.33333,15.33333,19.0,92.0,240.0,38.0,79.66667,0.47567,10.0,25.0,0.40233,19.0,22.66667,0.84667,5.0,35.66667,40.66667,24.0,8.33333,7.33333,9.66667,19.0,105.0,0,0.1845,-0.1845,0.14441,0.37497,0.53812,0.43318,0.61904,0.50599,1486.78715,1478.14763,0.5094,0.4906,1.9851,2.0672,1.0,,,,
248.33333,38.33333,86.0,0.445,12.0,28.33333,0.41767,15.33333,21.33333,0.742,8.66667,32.33333,41.0,21.66667,5.33333,5.0,14.66667,19.33333,104.0,248.33333,40.0,89.33333,0.45067,13.0,31.66667,0.41233,15.33333,19.33333,0.79533,12.33333,34.0,46.33333,29.33333,8.33333,3.66667,15.0,18.33333,108.33333,1,0.06422,-0.06422,0.37326,0.25655,0.52493,0.51387,0.5831,0.57244,1574.70469,1589.54682,0.53062,0.46938,1.91515,2.17149,0.33333,240.0,41.33333,93.33333,0.443,10.0,32.33333,0.309,15.33333,16.66667,0.925,10.66667,40.33333,51.0,26.33333,7.0,4.66667,10.33333,20.66667,108.0,240.0,35.33333,88.66667,0.39967,10.66667,33.0,0.32467,19.33333,24.66667,0.785,10.33333,36.66667,47.0,22.0,4.33333,4.33333,13.0,17.66667,100.66667,1,-0.09848,0.09848,0.25803,0.29682,0.46057,0.49572,0.53668,0.55615,1485.21415,1462.36758,0.45608,0.54392,2.23668,1.86254,0.33333,,,,
240.0,37.66667,86.33333,0.43667,11.66667,39.33333,0.292,12.33333,14.33333,0.864,10.0,37.33333,47.33333,23.33333,4.33333,5.33333,17.0,20.0,99.33333,240.0,41.66667,92.33333,0.45133,8.66667,23.66667,0.355,20.33333,25.33333,0.80167,12.0,35.33333,47.33333,20.66667,8.33333,5.33333,7.66667,12.33333,112.33333,0,0.17888,-0.17888,0.33542,0.28605,0.49891,0.50386,0.57422,0.55514,1519.82275,1417.94075,0.37862,0.62138,2.73418,1.62913,1.0,240.0,43.33333,84.33333,0.51233,15.0,32.0,0.46667,18.0,21.0,0.823,6.33333,30.33333,36.66667,26.33333,7.66667,6.33333,14.33333,25.0,119.66667,240.0,40.66667,86.66667,0.47067,12.66667,30.0,0.424,25.0,29.66667,0.832,11.0,31.66667,42.66667,26.0,7.66667,5.0,13.0,19.66667,119.0,0,-0.0135,0.0135,0.37173,0.19993,0.54401,0.60156,0.63969,0.6722,1521.72473,1524.4769,0.5012,0.4988,2.18647,2.25591,0.66667,,,,
248.33333,37.0,90.33333,0.41067,11.66667,29.0,0.40067,14.66667,18.33333,0.80067,6.66667,34.0,40.66667,20.0,10.66667,3.0,10.0,16.33333,100.33333,248.33333,39.33333,86.66667,0.45433,11.33333,32.33333,0.34667,15.66667,18.66667,0.84133,8.33333,43.0,51.33333,22.66667,6.33333,4.66667,16.33333,17.66667,105.66667,1,0.07567,-0.07567,0.2455,0.15667,0.51966,0.47482,0.58234,0.53244,1477.80686,1507.72184,0.55303,0.44697,1.8226,2.26855,0.66667,248.33333,37.66667,82.33333,0.45633,10.0,29.0,0.347,23.0,30.66667,0.754,9.66667,33.33333,43.0,18.33333,7.66667,5.66667,18.66667,23.33333,108.33333,248.33333,38.66667,89.66667,0.43333,9.66667,27.0,0.35833,22.33333,25.0,0.88467,12.0,34.33333,46.33333,28.33333,9.66667,4.33333,16.0,24.0,109.33333,1,0.01415,-0.01415,0.37719,0.27963,0.48699,0.51717,0.57675,0.60797,1553.5999,1601.40433,0.56888,0.43112,1.761,2.32714,0.66667,,,,
240.0,41.66667,81.33333,0.513,12.0,28.66667,0.41233,14.66667,20.33333,0.75567,8.33333,29.0,37.33333,24.0,6.66667,5.33333,11.66667,22.0,110.0,240.0,42.0,85.66667,0.492,7.0,25.33333,0.25967,21.33333,27.33333,0.78433,11.33333,32.33333,43.66667,21.0,6.33333,3.33333,11.0,19.33333,112.33333,0,0.03024,-0.03024,0.38034,0.26864,0.53537,0.58642,0.61726,0.64123,1540.77175,1389.47684,0.3035,0.6965,3.60058,1.45396,0.66667,240.0,40.0,82.0,0.48867,11.33333,29.33333,0.39,16.66667,22.33333,0.75933,8.0,35.33333,43.33333,26.0,9.0,3.66667,13.33333,18.33333,108.0,240.0,37.0,83.33333,0.44433,10.0,30.66667,0.32667,16.0,20.33333,0.79333,8.0,33.66667,41.66667,23.33333,8.0,2.66667,13.66667,17.66667,100.0,0,-0.11668,0.11668,0.22593,0.23867,0.50407,0.55894,0.56884,0.62224,1419.7588,1551.10364,0.6661,0.3339,1.52657,3.17716,0.33333,,,,
240.0,40.0,84.66667,0.472,13.33333,35.66667,0.37467,18.33333,25.33333,0.716,7.33333,32.66667,40.0,24.66667,4.66667,4.33333,12.66667,21.0,111.66667,240.0,44.0,88.0,0.49867,10.33333,29.66667,0.34267,17.66667,24.66667,0.735,8.66667,37.66667,46.33333,25.66667,7.66667,5.66667,11.33333,20.33333,116.0,1,0.05837,-0.05837,0.28063,0.19433,0.55809,0.55062,0.62046,0.61805,1427.98687,1487.1961,0.59831,0.40169,1.67609,2.50516,0.66667,240.0,35.66667,84.66667,0.42233,9.66667,27.33333,0.34133,20.0,23.33333,0.83867,9.0,36.0,45.0,20.0,5.33333,6.0,11.0,18.33333,101.0,240.0,38.0,87.66667,0.43333,11.0,29.0,0.378,15.33333,19.0,0.802,9.33333,34.33333,43.66667,22.0,5.33333,5.66667,10.66667,20.0,102.33333,1,0.0121,-0.0121,0.25625,0.28413,0.49625,0.4789,0.55691,0.56369,1596.42104,1470.45318,0.32859,0.67141,3.21893,1.50494,0.66667,,,,
240.0,42.33333,87.66667,0.483,9.0,29.0,0.30633,13.33333,17.0,0.78933,9.33333,32.33333,41.66667,28.33333,9.66667,4.66667,11.66667,17.0,107.0,240.0,41.33333,86.33333,0.47933,10.66667,26.33333,0.41833,12.66667,16.0,0.79233,10.66667,33.33333,44.0,23.66667,9.0,2.33333,13.66667,15.66667,106.0,1,-0.01859,0.01859,0.35364,0.28169,0.5419,0.53547,0.59142,0.58653,1461.83172,1558.07901,0.63601,0.36399,1.59014,2.82818,0.33333,248.33333,44.66667,89.66667,0.496,13.66667,37.33333,0.352,12.66667,17.66667,0.76333,5.33333,41.33333,46.66667,26.0,7.0,4.66667,12.66667,21.0,115.66667,248.33333,38.0,85.0,0.444,11.66667,32.33333,0.33667,18.66667,25.66667,0.72167,6.33333,38.0,44.33333,24.33333,6.0,3.0,14.0,19.0,106.33333,1,-0.13155,0.13155,0.16145,0.13947,0.5115,0.56996,0.58441,0.6153,1489.55159,1582.43669,0.61826,0.38174,1.66734,2.7829,0.66667,,,,
240.0,38.0,85.0,0.44733,13.0,40.0,0.32167,14.33333,17.0,0.83667,8.33333,27.66667,36.0,23.0,9.33333,4.0,14.33333,17.0,103.33333,240.0,43.33333,85.66667,0.506,10.66667,27.66667,0.383,10.66667,12.66667,0.83867,10.0,30.66667,40.66667,29.33333,9.0,4.33333,15.0,18.33333,108.0,0,0.05868,-0.05868,0.38018,0.27954,0.5681,0.52491,0.60965,0.58399,1487.02431,1484.49289,0.5016,0.4984,2.192,2.26933,0.66667,240.0,40.0,85.33333,0.469,8.66667,30.66667,0.27767,15.66667,19.0,0.81867,7.0,31.33333,38.33333,22.66667,6.66667,2.66667,10.66667,23.66667,104.33333,240.0,38.0,78.33333,0.48333,14.33333,37.66667,0.377,28.66667,37.0,0.77733,8.0,35.66667,43.66667,20.0,6.0,4.66667,11.66667,17.33333,119.0,0,0.18703,-0.18703,0.26344,0.19738,0.57407,0.52043,0.68776,0.58385,1648.53952,1423.95067,0.23138,0.76862,4.69305,1.31306,1.0,,,,
240.0,42.33333,87.33333,0.48433,8.66667,26.66667,0.33,17.0,19.0,0.90633,7.66667,30.33333,38.0,22.33333,9.33333,4.33333,12.0,19.0,110.33333,240.0,45.0,87.33333,0.516,11.66667,28.0,0.402,14.66667,21.33333,0.765,10.66667,31.66667,42.33333,27.66667,5.33333,8.33333,14.0,18.33333,116.33333,1,0.07569,-0.07569,0.35537,0.2456,0.58289,0.53427,0.63197,0.60254,1518.5108,1524.85951,0.5091,0.4909,2.19919,2.43899,0.66667,240.0,35.0,85.66667,0.409,6.33333,28.66667,0.20667,16.0,20.0,0.79267,14.0,36.0,50.0,22.33333,6.33333,4.66667,14.66667,17.33333,92.33333,240.0,36.33333,81.33333,0.447,8.66667,25.66667,0.335,17.33333,21.66667,0.80167,8.66667,33.33333,42.0,22.33333,7.33333,8.66667,10.0,19.33333,98.66667,1,0.09322,-0.09322,0.24463,0.42279,0.50043,0.44576,0.57405,0.51323,1492.31401,1464.30908,0.46932,0.53068,2.22354,1.94907,1.0,,,,
240.0,41.0,82.33333,0.499,13.0,31.33333,0.39567,13.66667,17.33333,0.79,7.33333,33.0,40.33333,27.66667,8.66667,7.0,21.0,19.66667,108.66667,240.0,45.33333,91.0,0.49833,12.66667,30.0,0.426,13.0,19.33333,0.66667,8.33333,32.0,40.33333,22.0,15.33333,3.0,12.0,18.0,116.33333,0,0.09686,-0.09686,0.27313,0.2304,0.5686,0.57865,0.6119,0.6326,1480.46738,1632.31395,0.70663,0.29337,1.47495,4.19498,0.66667,240.0,42.66667,91.33333,0.46433,12.33333,31.66667,0.38267,10.33333,15.33333,0.697,9.0,32.0,41.0,26.33333,5.66667,5.66667,8.0,17.33333,108.0,240.0,42.0,90.33333,0.46233,12.33333,34.66667,0.354,13.0,17.66667,0.73367,11.0,36.66667,47.66667,28.66667,4.33333,7.0,11.66667,17.33333,109.33333,0,0.01783,-0.01783,0.34916,0.25301,0.53066,0.53232,0.57783,0.56796,1516.78632,1559.10044,0.55993,0.44007,1.80804,2.311,0.66667,,,,
240.0,40.0,87.66667,0.45767,10.33333,29.0,0.335,15.33333,20.0,0.757,9.0,32.33333,41.33333,28.0,5.0,4.0,12.66667,24.33333,105.66667,240.0,40.66667,83.0,0.49,13.66667,33.0,0.41033,22.66667,28.66667,0.77333,7.0,35.33333,42.33333,27.33333,7.0,3.33333,13.66667,19.66667,117.66667,0,0.15792,-0.15792,0.21597,0.26437,0.57195,0.51618,0.65979,0.57491,1479.34476,1474.62991,0.51861,0.48139,1.9774,2.15281,1.0,248.33333,39.33333,86.33333,0.45467,10.66667,27.33333,0.391,18.0,21.33333,0.84233,9.33333,39.0,48.33333,21.33333,5.0,4.66667,16.33333,19.0,107.33333,248.33333,42.66667,91.66667,0.466,12.66667,37.33333,0.336,17.66667,21.0,0.83067,7.0,36.0,43.0,26.0,8.33333,5.33333,9.33333,19.0,115.66667,0,0.12099,-0.12099,0.17972,0.27519,0.5345,0.51597,0.60085,0.58759,1668.32879,1473.63438,0.25112,0.74888,3.98556,1.33545,0.66667,,,,
240.0,38.33333,88.66667,0.433,10.33333,25.33333,0.389,19.66667,24.0,0.81933,14.0,40.33333,54.33333,24.33333,8.0,6.33333,12.33333,16.33333,106.66667,240.0,34.33333,88.33333,0.39133,4.66667,25.33333,0.18367,10.66667,15.33333,0.69867,9.66667,35.33333,45.0,16.66667,7.66667,3.0,13.66667,22.33333,84.0,0,-0.32188,0.32188,0.24155,0.39421,0.41813,0.49106,0.46102,0.56802,1468.20907,1558.92051,0.60264,0.39736,1.77935,2.89196,0.33333,240.0,40.33333,90.0,0.44767,11.66667,32.0,0.37667,18.66667,24.66667,0.76333,10.0,29.66667,39.66667,17.66667,11.66667,4.0,12.0,22.33333,111.0,240.0,40.0,82.66667,0.48333,10.66667,28.0,0.37967,21.0,25.66667,0.82567,12.66667,33.66667,46.33333,27.66667,7.33333,8.0,17.33333,19.66667,111.66667,0,0.01159,-0.01159,0.44915,0.29726,0.54743,0.51299,0.63204,0.58094,1625.4375,1554.18124,0.39335,0.60665,2.57536,1.6564,0.66667,,,,
240.0,42.33333,82.66667,0.51433,15.66667,38.33333,0.415,17.0,21.0,0.81033,6.0,36.66667,42.66667,20.0,7.0,6.0,9.33333,16.33333,117.33333,240.0,38.0,86.66667,0.43867,12.33333,32.33333,0.37667,12.33333,15.0,0.82167,10.0,31.66667,41.66667,23.0,5.0,2.66667,11.66667,16.66667,100.66667,1,-0.22659,0.22659,0.30092,0.19767,0.5101,0.60806,0.55997,0.67452,1461.54518,1656.60357,0.74188,0.25812,1.35241,3.99364,0.0,240.0,38.66667,91.33333,0.423,8.0,29.0,0.283,15.33333,19.66667,0.78267,16.0,29.66667,45.66667,19.66667,9.0,3.66667,15.33333,18.33333,100.66667,240.0,42.33333,82.33333,0.51433,8.66667,21.33333,0.40633,19.0,22.66667,0.825,8.0,34.0,42.0,25.66667,9.0,5.0,13.66667,15.0,112.33333,1,0.16228,-0.16228,0.26407,0.47317,0.56735,0.4671,0.64635,0.52674,1606.22867,1432.15803,0.29173,0.70827,3.91476,1.43369,1.0,,,,
240.0,40.0,86.66667,0.46167,7.66667,21.33333,0.35467,22.66667,26.0,0.868,11.66667,33.66667,45.33333,19.66667,8.66667,6.0,10.66667,21.66667,110.33333,240.0,37.66667,85.0,0.44467,11.66667,31.66667,0.36167,22.0,27.0,0.80767,10.66667,31.0,41.66667,22.33333,4.66667,4.0,12.66667,20.66667,109.0,0,-0.0275,0.0275,0.33386,0.38244,0.51394,0.50576,0.60039,0.59665,1506.27589,1505.94427,0.49754,0.50246,2.1196,2.12243,0.33333,240.0,42.33333,82.0,0.51367,13.33333,31.33333,0.424,12.66667,17.66667,0.71267,8.33333,30.33333,38.66667,27.33333,7.33333,5.0,14.0,21.0,110.66667,240.0,39.66667,86.0,0.46033,11.66667,32.0,0.365,18.0,22.0,0.82433,8.33333,30.66667,39.0,27.0,7.33333,3.33333,10.0,19.33333,109.0,0,-0.03176,0.03176,0.28167,0.27694,0.52839,0.59513,0.59835,0.64268,1485.65511,1425.80069,0.41822,0.58178,2.53119,1.75747,0.33333,,,,
240.0,42.66667,88.0,0.48633,8.0,26.0,0.31933,13.33333,17.33333,0.79967,11.0,40.0,51.0,20.66667,7.0,4.66667,13.33333,15.33333,106.66667,240.0,40.0,89.0,0.44933,11.66667,34.66667,0.339,11.0,14.66667,0.74333,7.66667,33.0,40.66667,27.0,9.0,6.33333,11.0,16.33333,102.66667,1,-0.05569,0.05569,0.19712,0.3342,0.51467,0.53125,0.5563,0.58211,1482.63091,1519.26309,0.54569,0.45431,1.87541,2.28608,0.33333,240.0,39.33333,86.0,0.45933,11.33333,27.0,0.40067,14.66667,18.66667,0.78467,9.33333,37.33333,46.66667,20.33333,5.66667,6.66667,10.66667,19.0,104.66667,240.0,35.0,87.66667,0.39933,10.66667,33.66667,0.313,15.0,19.66667,0.75967,11.33333,32.66667,44.0,20.66667,3.66667,6.0,11.66667,17.0,95.66667,1,-0.12222,0.12222,0.3037,0.30159,0.46067,0.52463,0.5204,0.58224,1585.16926,1509.8467,0.37192,0.62808,2.69064,1.59254,0.33333,,,,
240.0,41.66667,90.33333,0.456,10.0,30.33333,0.32967,21.66667,28.0,0.77233,11.0,33.0,44.0,23.33333,8.66667,5.66667,13.0,23.33333,115.0,240.0,40.33333,87.33333,0.46133,10.0,30.33333,0.32033,20.66667,25.66667,0.793,8.66667,35.0,43.66667,28.66667,6.0,8.33333,16.0,23.0,111.33333,0,-0.0432,0.0432,0.26929,0.3131,0.51787,0.51174,0.59965,0.59382,1559.46066,1590.24215,0.5313,0.4687,1.91999,2.18089,0.66667,240.0,40.66667,88.33333,0.46433,11.66667,32.66667,0.36567,9.33333,14.33333,0.68833,10.0,31.0,41.0,26.0,3.33333,4.66667,13.0,21.0,102.33333,240.0,43.33333,88.33333,0.49,9.33333,26.0,0.359,19.66667,27.66667,0.72733,12.66667,36.0,48.66667,22.66667,7.66667,4.0,10.0,18.33333,115.66667,0,0.17628,-0.17628,0.41218,0.27069,0.54318,0.53094,0.61373,0.56423,1457.61067,1460.2999,0.52874,0.47126,1.99671,2.26561,1.0,,,,
240.0,33.66667,80.33333,0.41933,5.0,20.33333,0.28367,15.33333,18.0,0.83667,10.0,31.33333,41.33333,20.0,6.0,4.33333,20.33333,26.0,87.66667,240.0,39.0,83.0,0.46967,12.0,31.66667,0.372,21.0,29.33333,0.73,10.33333,31.0,41.33333,25.66667,11.33333,4.66667,10.66667,18.66667,111.0,0,0.34163,-0.34163,0.33149,0.32841,0.54259,0.45043,0.62099,0.51977,1494.55254,1415.25553,0.42678,0.57322,2.52047,1.83103,1.0,240.0,42.0,85.0,0.494,10.66667,26.33333,0.38733,21.0,25.0,0.82567,8.33333,37.33333,45.66667,22.0,6.0,5.33333,10.33333,20.33333,115.66667,240.0,37.33333,91.66667,0.40633,10.66667,32.0,0.33533,17.66667,21.0,0.84167,12.0,30.33333,42.33333,20.66667,4.0,6.33333,10.66667,22.0,103.0,0,-0.16601,0.16601,0.32222,0.28889,0.46411,0.55645,0.53339,0.63787,1571.08075,1513.57409,0.38878,0.61122,2.58866,1.64063,0.0,,,,
240.0,35.33333,85.0,0.417,10.0,31.33333,0.32167,20.0,30.0,0.66967,13.33333,31.0,44.33333,23.33333,9.33333,3.33333,14.0,18.0,100.66667,240.0,40.66667,85.0,0.48033,13.0,28.66667,0.44733,13.66667,17.33333,0.78567,9.0,37.0,46.0,29.0,9.66667,6.0,15.0,24.33333,108.0,0,0.10713,-0.10713,0.29814,0.36008,0.55555,0.47628,0.61085,0.55048,1487.19289,1557.58648,0.60707,0.39293,1.67553,2.68408,0.66667,240.0,35.0,76.66667,0.45767,7.66667,20.66667,0.38067,16.66667,20.0,0.838,5.0,32.33333,37.33333,16.66667,8.0,6.0,15.0,19.33333,94.33333,240.0,37.33333,88.33333,0.42267,11.66667,30.33333,0.385,16.0,19.0,0.85167,14.0,33.33333,47.33333,22.0,8.33333,5.33333,13.0,18.33333,102.33333,0,0.1194,-0.1194,0.43564,0.15216,0.48853,0.50796,0.55253,0.58268,1486.8597,1516.12159,0.54927,0.45073,1.94298,2.49275,0.66667,,,,
240.0,40.33333,84.66667,0.47567,12.33333,30.66667,0.40333,14.0,18.33333,0.76,6.66667,31.0,37.66667,25.66667,9.0,4.0,12.33333,17.66667,107.0,240.0,41.66667,88.66667,0.47167,10.33333,32.0,0.32467,16.33333,21.66667,0.76233,14.33333,35.33333,49.66667,24.0,6.66667,3.33333,14.0,18.0,110.0,0,0.0397,-0.0397,0.51845,0.19285,0.5297,0.54818,0.59026,0.60359,1572.69104,1483.57387,0.38017,0.61983,2.84256,1.65974,1.0,240.0,48.0,92.0,0.523,11.33333,23.0,0.50233,14.0,16.33333,0.85733,10.0,33.66667,43.66667,25.66667,6.0,3.0,15.66667,20.0,121.33333,240.0,46.33333,89.66667,0.51533,10.33333,26.33333,0.38733,14.0,18.66667,0.72333,6.66667,31.33333,38.0,28.33333,10.0,7.0,13.33333,17.66667,117.0,0,-0.06164,0.06164,0.20794,0.32707,0.57313,0.58512,0.62284,0.6364,1481.98568,1431.66589,0.42329,0.57671,2.56851,1.79033,0.33333,,,,
240.0,41.33333,85.66667,0.48433,9.0,30.0,0.29367,13.0,16.33333,0.801,9.66667,31.33333,41.0,27.66667,10.0,2.0,12.66667,19.33333,104.66667,240.0,38.66667,80.66667,0.479,11.66667,29.66667,0.39833,13.33333,18.33333,0.74633,9.66667,32.0,41.66667,23.0,8.66667,2.66667,15.66667,16.0,102.33333,1,-0.03843,0.03843,0.3337,0.30359,0.55097,0.53755,0.60371,0.58895,1484.71547,1560.32112,0.6057,0.3943,1.66769,2.60723,0.33333,240.0,36.0,85.33333,0.42233,10.66667,32.0,0.33533,16.33333,20.66667,0.79667,10.66667,34.66667,45.33333,21.0,7.66667,4.0,15.66667,16.66667,99.0,240.0,39.0,90.66667,0.43,7.66667,24.0,0.31133,13.0,18.33333,0.689,13.0,34.33333,47.33333,19.33333,7.0,6.66667,14.33333,16.0,98.66667,1,-0.0102,0.0102,0.38207,0.31425,0.47261,0.48467,0.52091,0.55108,1461.89211,1433.40462,0.4662,0.5338,2.18139,1.89829,0.33333,,,,
240.0,35.0,85.0,0.41033,7.33333,28.66667,0.25533,20.33333,23.66667,0.85667,8.0,32.33333,40.33333,20.66667,5.66667,5.0,15.0,18.33333,97.66667,240.0,43.66667,88.0,0.5,12.66667,30.0,0.44233,14.0,20.0,0.71167,10.66667,37.0,47.66667,28.33333,10.33333,5.33333,12.66667,18.33333,114.0,1,0.23025,-0.23025,0.33031,0.2218,0.57134,0.45313,0.62027,0.53991,1580.52047,1441.43442,0.33088,0.66912,3.17646,1.51138,1.0,240.0,39.33333,85.66667,0.46033,11.33333,28.33333,0.39767,14.33333,19.0,0.752,8.33333,35.66667,44.0,26.33333,8.33333,5.0,13.66667,18.0,104.33333,240.0,36.33333,84.33333,0.43133,10.66667,32.0,0.32733,18.66667,21.66667,0.864,9.0,32.66667,41.66667,21.33333,8.0,3.0,15.0,17.66667,102.0,1,-0.03095,0.03095,0.25416,0.26154,0.49398,0.5264,0.57241,0.58172,1412.40524,1466.80869,0.57416,0.42584,1.76431,2.39523,0.33333,,,,
240.0,35.0,81.66667,0.43067,6.33333,25.33333,0.25967,22.0,27.0,0.811,10.33333,31.33333,41.66667,20.0,6.66667,3.66667,13.33333,19.66667,98.33333,240.0,37.33333,78.66667,0.47467,11.0,29.0,0.37733,22.0,25.0,0.88067,7.66667,33.33333,41.0,23.33333,8.0,8.33333,11.0,21.33333,107.66667,1,0.13167,-0.13167,0.25074,0.30359,0.54489,0.46925,0.63992,0.56365,1473.77344,1536.28936,0.60387,0.39613,1.66693,2.56762,1.0,240.0,41.0,86.0,0.475,12.33333,35.66667,0.34433,13.66667,16.0,0.85067,6.0,37.33333,43.33333,31.0,7.0,6.0,9.66667,19.0,108.0,240.0,37.66667,86.33333,0.43633,7.33333,29.33333,0.243,15.0,19.0,0.79167,8.0,36.33333,44.33333,21.66667,7.33333,3.66667,10.33333,15.0,97.66667,1,-0.14212,0.14212,0.22993,0.16608,0.47916,0.54684,0.53975,0.60211,1407.62664,1548.32859,0.67035,0.32965,1.5531,3.57158,0.33333,,,,
240.0,40.0,88.0,0.45433,12.66667,34.0,0.37567,12.66667,17.33333,0.73667,11.0,33.33333,44.33333,24.66667,7.0,4.0,12.66667,16.0,105.33333,240.0,42.66667,86.33333,0.495,10.0,28.33333,0.35,14.33333,18.33333,0.78,9.66667,33.0,42.66667,25.0,7.66667,4.0,11.66667,18.0,109.66667,0,0.05922,-0.05922,0.31449,0.3436,0.55248,0.52612,0.60689,0.57406,1561.60088,1482.97487,0.39745,0.60255,2.73576,1.70835,1.0,240.0,34.0,87.33333,0.39033,7.33333,29.0,0.25267,15.33333,22.33333,0.65533,8.66667,35.33333,44.0,17.66667,6.66667,5.0,15.66667,16.66667,90.66667,240.0,41.0,86.0,0.48133,12.33333,28.66667,0.444,12.33333,16.66667,0.77367,7.0,39.66667,46.66667,28.33333,11.66667,6.0,14.66667,18.66667,106.66667,0,0.23676,-0.23676,0.20754,0.22513,0.55265,0.43238,0.59882,0.49429,1562.27064,1469.96014,0.39747,0.60253,2.55333,1.67003,1.0,,,,
240.0,36.66667,87.0,0.42333,7.66667,28.33333,0.274,20.33333,28.33333,0.711,12.66667,30.0,42.66667,20.33333,7.33333,2.66667,14.0,22.33333,101.33333,240.0,39.33333,79.33333,0.49333,11.0,28.33333,0.40667,25.33333,31.0,0.83133,9.66667,36.0,45.66667,21.66667,7.33333,6.0,15.33333,23.0,115.0,0,0.18489,-0.18489,0.35311,0.37492,0.56317,0.46741,0.6679,0.54589,1513.05272,1351.35143,0.30955,0.69045,3.70581,1.47519,1.0,240.0,42.33333,93.0,0.455,8.66667,31.66667,0.27167,17.66667,23.0,0.773,10.0,26.0,36.0,22.0,12.33333,5.0,10.66667,19.0,111.0,240.0,43.33333,83.0,0.521,11.33333,28.0,0.40433,18.0,22.0,0.84167,13.0,33.66667,46.66667,33.0,6.0,7.0,19.0,20.0,116.0,0,0.06577,-0.06577,0.51053,0.29726,0.58856,0.50179,0.65983,0.56534,1618.89723,1537.83368,0.39103,0.60897,2.58915,1.64971,0.66667,,,,
240.0,37.33333,83.33333,0.456,10.0,27.0,0.36633,20.66667,26.0,0.80567,10.66667,39.0,49.66667,20.33333,6.66667,4.66667,12.0,17.66667,105.33333,240.0,38.66667,91.0,0.42333,11.66667,30.66667,0.36033,17.33333,21.33333,0.813,11.33333,31.66667,43.0,20.0,6.33333,4.66667,8.0,19.66667,106.33333,0,-0.00322,0.00322,0.31086,0.31462,0.4857,0.51514,0.5526,0.59874,1548.47171,1516.17671,0.4546,0.5454,2.24884,1.85696,0.33333,240.0,35.0,86.33333,0.40467,6.66667,23.0,0.27233,18.66667,23.66667,0.75567,8.66667,32.66667,41.33333,19.0,5.66667,5.66667,12.0,18.0,95.33333,240.0,40.66667,85.66667,0.47433,10.0,25.66667,0.39233,14.33333,18.0,0.80967,7.66667,37.33333,45.0,25.0,7.33333,5.0,11.66667,21.0,105.66667,0,0.1645,-0.1645,0.23882,0.23759,0.53265,0.44428,0.58852,0.52208,1594.84224,1413.0754,0.2672,0.7328,3.85528,1.3709,0.66667,,,,
240.0,42.0,83.66667,0.503,10.0,29.66667,0.32433,14.66667,20.0,0.74867,9.66667,33.66667,43.33333,26.66667,9.0,7.0,19.0,19.33333,108.66667,240.0,44.66667,92.33333,0.48433,12.0,27.33333,0.438,14.66667,19.33333,0.724,9.66667,31.33333,41.0,25.0,13.0,2.0,12.0,17.66667,116.0,0,0.0927,-0.0927,0.30724,0.30576,0.54953,0.56367,0.60168,0.61925,1444.01055,1627.47234,0.7512,0.2488,1.34536,4.4677,0.66667,248.33333,40.0,95.0,0.42267,13.0,31.0,0.42533,15.66667,20.33333,0.77467,11.66667,34.33333,46.0,19.66667,9.33333,3.66667,10.0,18.0,108.66667,248.33333,40.0,84.33333,0.47467,11.0,29.33333,0.373,18.66667,22.33333,0.836,6.66667,40.66667,47.33333,18.33333,5.66667,5.66667,15.66667,20.0,109.66667,0,0.00682,-0.00682,0.19814,0.31368,0.54032,0.49122,0.61572,0.54852,1510.46235,1490.65234,0.47259,0.52741,2.15738,1.92113,0.66667,,,,
248.33333,45.0,91.33333,0.49267,12.33333,27.0,0.44167,15.33333,18.66667,0.82933,10.33333,31.0,41.33333,23.66667,7.0,3.66667,11.33333,21.0,117.66667,248.33333,44.33333,84.66667,0.52233,14.66667,35.0,0.40867,21.33333,27.66667,0.762,8.66667,34.66667,43.33333,26.33333,5.33333,2.33333,12.0,19.0,124.66667,1,0.08931,-0.08931,0.29573,0.29521,0.60823,0.55959,0.686,0.61697,1527.63413,1600.77947,0.60538,0.39462,1.80973,2.9426,1.0,240.0,40.66667,88.33333,0.46067,15.33333,36.0,0.42533,17.0,20.66667,0.82567,10.33333,35.66667,46.0,23.33333,7.0,5.66667,10.66667,18.33333,113.66667,240.0,40.66667,91.66667,0.44367,11.33333,25.0,0.45167,12.33333,17.66667,0.698,13.0,32.0,45.0,25.33333,5.33333,4.0,10.66667,20.0,105.0,1,-0.11466,0.11466,0.37366,0.32385,0.50522,0.54703,0.54942,0.61212,1323.68522,1520.35791,0.74681,0.25319,1.34491,4.13051,0.0,,,,
240.0,34.33333,85.0,0.40633,8.0,21.0,0.38033,20.33333,25.33333,0.80733,11.66667,36.0,47.66667,23.66667,8.66667,5.66667,11.33333,17.33333,97.0,240.0,35.0,83.66667,0.41867,8.0,26.66667,0.27267,10.66667,15.33333,0.69867,8.0,38.0,46.0,19.33333,6.0,2.0,14.66667,24.0,88.66667,1,-0.12276,0.12276,0.2223,0.30971,0.46624,0.45401,0.50938,0.53836,1504.62019,1559.81231,0.56641,0.43359,1.85182,2.44817,0.33333,240.0,41.0,91.33333,0.44933,11.66667,34.33333,0.35267,17.0,24.0,0.702,12.33333,35.33333,47.66667,24.0,10.0,5.33333,10.33333,18.66667,110.66667,240.0,39.0,82.33333,0.476,11.66667,30.66667,0.38567,13.33333,15.66667,0.85833,5.33333,34.0,39.33333,22.0,6.66667,4.0,16.0,26.33333,103.0,1,-0.08748,0.08748,0.14827,0.36071,0.54786,0.51307,0.60386,0.57306,1356.82992,1503.87765,0.69909,0.30091,1.43337,3.3616,0.33333,,,,
248.33333,41.66667,91.0,0.459,11.66667,27.0,0.43867,13.0,18.0,0.72333,9.33333,38.0,47.33333,24.66667,8.33333,6.66667,12.66667,17.33333,108.0,248.33333,37.0,93.0,0.39833,7.66667,30.33333,0.25267,13.33333,18.0,0.73833,12.33333,34.66667,47.0,21.66667,9.0,8.33333,14.0,19.66667,95.0,1,-0.17231,0.17231,0.33462,0.27941,0.43989,0.52306,0.49111,0.56993,1487.82943,1469.04013,0.46651,0.53349,2.41923,2.0637,0.0,240.0,37.33333,83.66667,0.446,14.0,33.0,0.43233,12.66667,14.0,0.911,7.66667,29.0,36.66667,21.0,8.66667,5.33333,10.33333,16.66667,101.33333,240.0,42.0,88.33333,0.474,8.66667,24.33333,0.355,10.66667,13.0,0.86267,11.66667,35.33333,47.0,29.0,5.0,5.33333,13.0,13.33333,103.33333,1,0.02277,-0.02277,0.4063,0.22546,0.52262,0.52999,0.56552,0.58405,1553.57271,1494.30754,0.42495,0.57505,2.85943,1.89594,0.66667,,,,
240.0,40.66667,85.0,0.47933,12.66667,32.66667,0.389,18.0,23.33333,0.779,9.33333,30.33333,39.66667,22.66667,8.0,7.33333,16.0,26.0,112.0,240.0,39.66667,86.66667,0.46033,8.0,22.33333,0.368,22.66667,28.33333,0.797,13.0,32.0,45.0,23.33333,7.33333,4.66667,14.33333,20.66667,110.0,1,-0.03417,0.03417,0.45185,0.28957,0.50656,0.55381,0.59511,0.62247,1518.881,1621.27601,0.63691,0.36309,1.60327,2.99285,0.66667,240.0,40.0,84.33333,0.474,12.0,28.33333,0.42,20.33333,23.66667,0.849,7.0,30.33333,37.33333,23.33333,7.33333,7.0,15.33333,23.33333,112.33333,240.0,40.0,85.33333,0.46967,11.33333,29.33333,0.37433,25.33333,32.33333,0.77933,10.66667,34.33333,45.0,22.66667,7.66667,5.33333,13.33333,23.0,116.66667,1,0.04742,-0.04742,0.36193,0.20379,0.5359,0.546,0.63144,0.62744,1530.55829,1467.14651,0.41882,0.58118,2.44037,1.73706,0.66667,,,,
240.0,38.0,87.0,0.43633,9.66667,33.66667,0.27333,12.0,19.33333,0.64267,9.66667,35.0,44.66667,22.33333,8.0,4.66667,13.66667,18.33333,97.66667,240.0,38.0,83.0,0.456,7.66667,25.33333,0.30333,18.0,23.33333,0.77333,9.66667,34.66667,44.33333,23.0,8.33333,4.66667,14.33333,18.33333,101.66667,0,0.0572,-0.0572,0.3083,0.29522,0.50202,0.49067,0.57691,0.53468,1505.79902,1483.37701,0.47078,0.52922,2.13426,1.89647,1.0,240.0,31.66667,82.33333,0.38467,8.33333,25.0,0.338,16.66667,20.33333,0.81767,9.0,33.0,42.0,19.0,4.66667,5.66667,17.0,19.0,88.33333,240.0,41.33333,88.0,0.47133,13.0,38.0,0.33833,12.66667,15.33333,0.82567,8.0,37.33333,45.33333,27.0,11.33333,5.33333,11.33333,18.33333,108.33333,0,0.29311,-0.29311,0.24059,0.25192,0.54582,0.435,0.59532,0.50874,1651.36657,1493.97118,0.31381,0.68619,3.43512,1.48717,1.0,,,,
240.0,38.66667,91.0,0.42633,12.66667,33.0,0.38367,11.66667,13.33333,0.86833,10.66667,34.66667,45.33333,19.0,7.66667,6.0,10.66667,17.33333,101.66667,240.0,39.0,87.66667,0.44467,13.0,29.66667,0.436,11.66667,16.66667,0.69567,10.33333,38.0,48.33333,28.33333,5.0,4.33333,12.33333,16.33333,102.66667,1,0.02093,-0.02093,0.29861,0.28183,0.51915,0.4959,0.56243,0.54231,1473.18642,1510.52607,0.5565,0.4435,1.92683,2.52583,0.66667,240.0,35.66667,83.0,0.42967,9.0,26.0,0.343,16.33333,22.66667,0.72567,6.0,33.33333,39.33333,19.66667,6.0,5.33333,10.0,22.33333,96.66667,240.0,38.33333,86.66667,0.443,10.33333,29.0,0.36567,17.66667,23.0,0.785,10.0,38.66667,48.66667,22.0,6.0,5.0,9.66667,19.33333,104.66667,1,0.11458,-0.11458,0.2963,0.15978,0.50267,0.48446,0.5713,0.54982,1528.2659,1457.28069,0.41861,0.58139,2.72604,1.79768,1.0,,,,
240.0,35.0,86.66667,0.40367,13.0,32.66667,0.39933,13.33333,19.0,0.70133,12.0,34.66667,46.66667,23.66667,5.66667,5.33333,15.0,16.33333,96.33333,240.0,38.33333,88.66667,0.43233,7.33333,25.66667,0.28233,13.66667,18.0,0.743,12.66667,31.33333,44.0,19.66667,8.66667,8.0,12.66667,18.66667,97.66667,0,0.02037,-0.02037,0.37374,0.37981,0.47406,0.47875,0.52827,0.53014,1457.23747,1394.56642,0.41179,0.58821,2.47042,1.71575,0.66667,240.0,41.66667,93.66667,0.445,13.66667,38.33333,0.35933,13.66667,14.33333,0.95,10.66667,42.66667,53.33333,29.0,5.33333,5.33333,13.0,20.33333,110.66667,240.0,38.33333,91.66667,0.41833,9.33333,30.0,0.31833,18.33333,24.66667,0.745,9.66667,37.0,46.66667,20.0,6.66667,3.66667,10.0,15.66667,104.33333,0,-0.08787,0.08787,0.22628,0.29492,0.46962,0.51809,0.53741,0.57156,1489.37096,1468.63733,0.459,0.541,2.21634,1.8701,0.33333,,,,
248.33333,37.66667,84.0,0.448,12.0,29.33333,0.40567,16.33333,24.0,0.679,8.66667,33.0,41.66667,22.33333,6.66667,4.66667,15.33333,20.33333,103.66667,248.33333,38.33333,86.66667,0.445,13.0,31.66667,0.41233,14.66667,19.33333,0.76367,11.33333,34.33333,45.66667,24.33333,8.33333,4.0,16.0,19.66667,104.33333,1,0.01302,-0.01302,0.33159,0.25339,0.52118,0.51935,0.57755,0.58002,1561.90517,1581.31777,0.53149,0.46851,1.91278,2.17703,0.33333,240.0,40.0,85.66667,0.466,10.0,27.0,0.36033,16.66667,21.66667,0.768,9.0,35.0,44.0,26.33333,8.0,6.0,13.66667,15.0,106.66667,240.0,41.0,93.33333,0.43867,6.33333,21.66667,0.30267,11.0,16.0,0.68167,12.66667,33.0,45.66667,19.0,7.33333,5.0,14.0,17.33333,99.33333,1,-0.10588,0.10588,0.37082,0.27401,0.4723,0.52458,0.51169,0.58952,1449.50344,1481.02074,0.53682,0.46318,1.95324,2.29772,0.0,,,,
240.0,37.0,90.0,0.41133,13.33333,43.66667,0.30067,11.66667,14.0,0.83533,10.0,36.66667,46.66667,25.0,5.33333,5.66667,15.0,21.33333,99.0,240.0,41.66667,89.33333,0.46633,11.0,23.66667,0.46633,18.0,23.33333,0.77333,11.0,38.0,49.0,23.66667,6.33333,5.0,10.66667,13.33333,112.33333,0,0.18386,-0.18386,0.3132,0.26437,0.52813,0.48522,0.59476,0.53215,1490.7725,1405.33545,0.40014,0.59986,2.52803,1.67642,1.0,248.33333,45.33333,90.33333,0.50033,13.33333,27.33333,0.48333,15.33333,18.0,0.89933,7.66667,33.0,40.66667,28.0,9.0,5.33333,10.0,18.0,119.33333,248.33333,44.0,87.66667,0.503,12.33333,36.66667,0.32533,12.0,18.66667,0.64833,8.66667,32.66667,41.33333,23.66667,6.0,2.0,14.33333,20.0,112.33333,0,-0.10029,0.10029,0.26154,0.23725,0.57313,0.57349,0.61194,0.63215,1494.50023,1573.54931,0.5941,0.4059,1.70319,2.53695,0.33333,,,,
240.0,39.0,87.66667,0.44433,13.0,31.0,0.41467,15.66667,19.33333,0.80933,8.66667,31.0,39.66667,23.0,9.66667,3.66667,9.0,17.0,106.66667,240.0,39.0,83.66667,0.467,11.33333,30.33333,0.37,15.0,17.0,0.88233,7.33333,37.0,44.33333,25.0,5.0,2.33333,15.33333,18.33333,104.33333,0,-0.02372,0.02372,0.23584,0.2525,0.53427,0.51791,0.5973,0.57911,1490.95115,1509.83802,0.51714,0.48286,1.98534,2.13816,0.33333,240.0,41.0,83.33333,0.49067,10.66667,27.33333,0.37633,23.33333,28.33333,0.81333,5.66667,35.66667,41.33333,25.0,5.33333,4.33333,9.33333,21.0,116.0,240.0,39.0,90.66667,0.43,12.33333,35.33333,0.357,18.66667,23.33333,0.80967,11.0,33.33333,44.33333,23.66667,4.0,5.33333,10.0,22.66667,109.0,0,-0.08415,0.08415,0.30794,0.16984,0.49808,0.5538,0.5686,0.64589,1565.91366,1475.1475,0.35422,0.64578,2.92838,1.56474,0.33333,,,,
240.0,36.0,92.0,0.39167,13.0,35.66667,0.365,18.0,22.33333,0.808,11.33333,32.0,43.33333,20.33333,7.33333,3.0,9.66667,19.0,103.0,240.0,41.0,84.66667,0.48533,11.66667,29.66667,0.391,20.0,24.33333,0.82233,8.0,41.0,49.0,22.0,4.0,5.33333,13.66667,18.0,113.66667,0,0.13957,-0.13957,0.24576,0.27484,0.55469,0.46333,0.63288,0.5338,1458.66232,1418.9182,0.4641,0.5359,2.27455,1.97424,1.0,240.0,42.0,88.33333,0.476,13.0,34.33333,0.36467,17.33333,24.0,0.719,11.66667,30.33333,42.0,20.33333,6.33333,3.33333,12.33333,24.0,114.33333,240.0,39.66667,82.66667,0.481,7.0,23.66667,0.29533,26.33333,28.66667,0.92233,9.33333,31.66667,41.0,24.66667,6.0,6.33333,11.33333,19.66667,112.66667,0,-0.0185,0.0185,0.30714,0.37395,0.52424,0.55176,0.63524,0.61304,1600.45913,1486.03568,0.35274,0.64726,3.69664,1.68984,0.66667,,,,
240.0,44.0,86.33333,0.51033,14.66667,34.0,0.42967,14.0,19.66667,0.71067,8.66667,32.66667,41.33333,26.66667,8.0,7.66667,15.66667,24.0,116.66667,240.0,39.66667,89.33333,0.44633,9.0,24.66667,0.367,17.66667,22.0,0.78933,11.66667,32.66667,44.33333,25.0,7.66667,5.33333,15.0,18.33333,106.0,1,-0.14527,0.14527,0.37451,0.26214,0.49682,0.59531,0.56522,0.64496,1486.78137,1638.58279,0.69159,0.30841,1.46055,3.3998,0.33333,240.0,38.66667,84.33333,0.458,10.33333,30.33333,0.343,17.33333,20.33333,0.85767,8.0,34.0,42.0,24.66667,8.0,4.66667,11.66667,19.0,105.0,240.0,38.33333,83.66667,0.458,9.0,30.0,0.30267,17.33333,22.33333,0.78067,8.33333,35.0,43.33333,23.33333,7.33333,3.0,12.0,16.0,103.0,1,-0.03254,0.03254,0.24792,0.23007,0.51171,0.51997,0.5806,0.59091,1411.00086,1526.00835,0.64908,0.35092,1.58766,3.10037,0.66667,,,,
240.0,42.33333,84.66667,0.5,14.33333,34.0,0.42867,15.0,21.33333,0.70567,6.66667,33.33333,40.0,24.0,6.33333,4.66667,11.33333,20.33333,114.0,240.0,39.66667,86.66667,0.45767,10.66667,34.66667,0.3,17.33333,22.66667,0.77833,10.33333,34.66667,45.0,23.0,4.66667,5.33333,12.66667,16.0,107.33333,1,-0.08243,0.08243,0.32257,0.19006,0.51989,0.58435,0.58619,0.63748,1458.0374,1488.2001,0.53141,0.46859,2.00951,2.26841,0.33333,240.0,40.0,86.0,0.463,10.66667,27.33333,0.39633,14.0,18.33333,0.74,8.33333,34.33333,42.66667,25.0,6.66667,4.66667,17.33333,24.0,104.66667,240.0,37.0,87.66667,0.424,10.66667,32.66667,0.32067,20.0,28.33333,0.72667,12.33333,33.0,45.33333,20.66667,8.33333,4.66667,14.0,19.66667,104.66667,1,0.00477,-0.00477,0.36002,0.26378,0.48735,0.52471,0.56146,0.58038,1579.84068,1450.77581,0.32225,0.67775,3.11763,1.47713,0.33333,,,,
240.0,41.66667,84.0,0.49667,5.66667,21.0,0.27533,20.0,28.66667,0.69333,9.66667,31.66667,41.33333,25.0,5.0,6.33333,12.0,22.0,109.0,240.0,43.0,91.33333,0.469,11.0,29.33333,0.382,16.33333,22.33333,0.74567,12.66667,30.66667,43.33333,25.66667,7.33333,3.66667,10.33333,23.0,113.33333,1,0.05565,-0.05565,0.42014,0.32516,0.52908,0.53027,0.58787,0.60346,1535.8129,1538.15157,0.50682,0.49318,1.97373,2.02831,1.0,248.33333,47.33333,92.66667,0.51067,16.66667,38.0,0.44967,11.33333,12.66667,0.91,6.33333,37.33333,43.66667,30.0,7.33333,4.0,9.66667,20.33333,122.66667,248.33333,42.66667,86.33333,0.494,12.33333,35.33333,0.336,12.66667,19.33333,0.66033,6.0,35.33333,41.33333,25.0,4.66667,2.0,13.0,17.33333,110.33333,1,-0.17385,0.17385,0.16955,0.18683,0.56488,0.60051,0.60744,0.64232,1490.97831,1607.8328,0.6497,0.3503,1.55153,2.92261,0.33333,,,,
240.0,37.0,88.33333,0.419,12.0,36.66667,0.32367,14.33333,17.66667,0.804,9.33333,32.0,41.33333,22.33333,8.66667,5.33333,14.66667,21.33333,100.33333,240.0,40.33333,84.33333,0.47667,12.33333,33.66667,0.38067,16.66667,21.66667,0.79333,8.33333,35.66667,44.0,26.66667,8.33333,5.66667,12.66667,17.33333,109.66667,0,0.12504,-0.12504,0.31043,0.25954,0.55012,0.48827,0.61492,0.54625,1601.23947,1481.71141,0.34934,0.65066,3.03724,1.56509,1.0,240.0,36.66667,91.33333,0.402,10.33333,35.66667,0.284,10.0,17.33333,0.613,13.33333,33.33333,46.66667,20.66667,4.33333,4.33333,11.66667,18.0,93.66667,240.0,40.33333,90.0,0.44933,9.33333,27.66667,0.33833,18.66667,25.0,0.797,13.0,39.66667,52.66667,21.66667,6.0,5.33333,10.66667,18.66667,108.66667,0,0.22323,-0.22323,0.38965,0.3334,0.50125,0.45851,0.57107,0.49323,1460.94288,1499.96472,0.58188,0.41812,1.85494,2.64506,1.0,,,,
240.0,44.66667,87.0,0.51367,13.33333,32.33333,0.385,17.66667,21.0,0.83967,7.0,29.66667,36.66667,27.33333,8.66667,4.33333,13.66667,22.0,120.33333,240.0,46.0,87.33333,0.527,11.66667,28.66667,0.39233,18.33333,27.0,0.674,10.0,31.33333,41.33333,25.66667,7.0,7.0,14.0,20.0,122.0,1,0.02534,-0.02534,0.34163,0.22645,0.59376,0.59122,0.6539,0.65777,1496.67951,1532.94732,0.54559,0.45441,2.05102,2.5863,0.33333,240.0,39.33333,83.66667,0.47067,11.33333,29.0,0.37467,24.33333,31.66667,0.79267,7.66667,36.0,43.66667,23.66667,10.66667,7.0,14.33333,23.33333,114.33333,240.0,36.66667,85.66667,0.428,12.0,27.33333,0.43767,16.33333,20.33333,0.79967,7.33333,34.66667,42.0,24.66667,8.0,4.66667,17.66667,26.33333,101.66667,1,-0.17551,0.17551,0.20342,0.22118,0.49782,0.53858,0.56388,0.63128,1404.35574,1473.52906,0.57751,0.42249,1.84466,2.60036,0.0,,,,
240.0,38.66667,87.33333,0.445,8.0,24.33333,0.31133,17.0,22.33333,0.75067,11.0,30.0,41.0,24.33333,7.0,3.0,15.0,24.0,102.33333,240.0,40.66667,82.0,0.49633,14.33333,34.0,0.41633,22.66667,27.66667,0.81033,7.66667,35.33333,43.0,28.66667,9.66667,4.66667,16.33333,21.0,118.33333,0,0.21442,-0.21442,0.2479,0.31315,0.58357,0.49133,0.67349,0.557,1536.48161,1471.09501,0.4347,0.5653,2.73347,1.9424,1.0,240.0,43.66667,90.0,0.48633,10.66667,28.33333,0.371,15.66667,21.33333,0.74133,10.33333,34.33333,44.66667,29.0,10.0,7.66667,10.66667,17.33333,113.66667,240.0,39.33333,83.66667,0.471,13.0,30.33333,0.432,14.66667,21.0,0.71433,7.33333,35.66667,43.0,25.33333,7.33333,2.33333,15.33333,17.0,106.33333,0,-0.09488,0.09488,0.21103,0.29387,0.54834,0.54678,0.6024,0.60194,1406.42618,1540.21071,0.66305,0.33695,1.56098,3.59992,0.0,,,,
240.0,41.33333,79.33333,0.52133,16.66667,37.0,0.44667,20.0,25.33333,0.79233,7.0,30.33333,37.33333,19.0,5.33333,5.66667,8.66667,17.66667,119.33333,240.0,40.0,85.66667,0.467,11.66667,30.0,0.37467,15.66667,17.33333,0.89067,11.33333,28.0,39.33333,23.0,4.66667,3.0,10.66667,18.0,107.33333,1,-0.15157,0.15157,0.3726,0.24682,0.53514,0.62514,0.60006,0.70226,1495.80129,1666.24875,0.70672,0.29328,1.43834,3.71336,0.0,240.0,42.0,81.33333,0.51633,7.33333,21.33333,0.33633,19.33333,28.33333,0.675,8.66667,30.0,38.66667,24.33333,5.66667,4.0,11.66667,19.33333,110.66667,240.0,46.66667,90.33333,0.51933,13.33333,32.66667,0.40567,13.33333,16.66667,0.80533,11.33333,31.33333,42.66667,30.66667,8.33333,2.66667,11.0,20.0,120.0,1,0.11884,-0.11884,0.39057,0.29303,0.5947,0.56213,0.64256,0.6318,1537.46136,1531.11199,0.50927,0.49073,1.96453,2.03877,1.0,,,,
240.0,45.0,90.66667,0.497,10.66667,26.66667,0.39967,10.66667,14.33333,0.74333,11.33333,32.0,43.33333,23.0,8.33333,2.33333,13.66667,21.0,111.33333,240.0,38.0,78.0,0.488,11.0,29.66667,0.37,20.66667,25.66667,0.795,4.66667,32.0,36.66667,28.0,7.0,5.66667,13.33333,16.66667,107.66667,0,-0.0482,0.0482,0.15469,0.36017,0.55798,0.55635,0.64434,0.59438,1523.52038,1326.89983,0.24125,0.75875,4.4229,1.32477,0.33333,240.0,40.66667,88.0,0.464,9.33333,30.0,0.30467,12.0,15.66667,0.766,8.66667,32.66667,41.33333,25.66667,6.33333,3.33333,11.33333,22.33333,102.66667,240.0,38.66667,80.33333,0.48067,15.0,40.33333,0.37433,23.66667,31.66667,0.751,7.0,36.33333,43.33333,19.33333,6.33333,6.33333,10.66667,16.33333,116.0,0,0.17129,-0.17129,0.23381,0.23598,0.57353,0.51769,0.66355,0.56395,1659.48604,1464.16992,0.25879,0.74121,4.06242,1.35737,1.0,,,,
240.0,39.0,86.66667,0.45,5.33333,18.33333,0.3,19.33333,24.33333,0.79033,12.33333,39.33333,51.66667,20.0,7.33333,5.33333,11.0,19.66667,102.66667,240.0,36.33333,86.66667,0.41967,11.33333,33.0,0.336,17.0,21.66667,0.79133,9.33333,32.66667,42.0,20.0,6.0,4.33333,11.0,20.66667,101.0,0,-0.02627,0.02627,0.23799,0.3906,0.48515,0.48086,0.55295,0.55771,1482.7378,1510.6582,0.53872,0.46128,1.96678,2.30639,0.33333,240.0,43.66667,86.33333,0.505,14.33333,33.66667,0.426,18.66667,25.33333,0.73067,9.33333,38.0,47.33333,29.66667,7.33333,4.66667,15.66667,22.66667,120.33333,240.0,37.0,85.66667,0.436,11.33333,36.33333,0.31033,24.33333,30.0,0.822,6.0,33.33333,39.33333,22.66667,9.33333,3.33333,12.0,20.33333,109.66667,0,-0.13532,0.13532,0.15609,0.2856,0.50337,0.58793,0.60037,0.6546,1384.41497,1484.66244,0.61939,0.38061,1.61555,2.63178,0.33333,,,,
240.0,43.33333,87.0,0.499,8.33333,25.66667,0.33467,18.66667,23.33333,0.79167,8.66667,37.66667,46.33333,21.66667,6.66667,5.33333,12.66667,17.0,113.66667,240.0,42.0,92.0,0.45733,13.33333,34.66667,0.39267,13.33333,16.0,0.80567,9.0,33.66667,42.66667,27.66667,8.66667,7.0,10.66667,21.33333,110.66667,0,-0.03281,0.03281,0.24471,0.25945,0.52947,0.54659,0.57888,0.61693,1505.74136,1521.54531,0.51452,0.48548,2.01235,2.17011,0.33333,240.0,38.66667,93.66667,0.413,5.66667,29.0,0.186,14.0,19.33333,0.73233,11.66667,26.66667,38.33333,20.66667,8.33333,5.0,11.66667,15.33333,97.0,240.0,48.33333,87.33333,0.55333,12.33333,27.33333,0.45,15.0,18.66667,0.81667,12.0,36.0,48.0,36.0,6.33333,9.66667,14.33333,18.0,124.0,0,0.36168,-0.36168,0.47234,0.32107,0.62409,0.44363,0.67818,0.4961,1627.81761,1448.3577,0.29735,0.70265,4.01712,1.45508,1.0,,,,
240.0,38.0,79.66667,0.47667,15.33333,38.33333,0.39,22.33333,28.66667,0.77733,9.66667,30.0,39.66667,19.33333,7.66667,3.0,13.0,22.33333,113.66667,240.0,38.33333,82.0,0.46567,7.66667,27.0,0.28233,18.0,23.0,0.78367,9.33333,29.0,38.33333,25.33333,7.33333,4.66667,14.33333,22.0,102.33333,1,-0.1533,0.1533,0.31144,0.3433,0.51209,0.57258,0.58625,0.6603,1551.57417,1692.35403,0.67585,0.32415,1.49297,3.18911,0.0,240.0,34.66667,91.66667,0.38033,14.0,36.33333,0.38733,19.33333,21.0,0.92133,12.66667,35.66667,48.33333,21.66667,7.66667,5.0,14.33333,21.33333,102.66667,240.0,39.0,86.66667,0.45,8.33333,24.66667,0.33433,18.0,22.0,0.81967,8.0,39.66667,47.66667,24.33333,6.33333,5.0,13.0,17.0,104.33333,1,0.02014,-0.02014,0.22217,0.31345,0.49766,0.45837,0.56975,0.53692,1513.07911,1474.48176,0.4474,0.5526,2.26542,1.82435,0.66667,,,,
240.0,44.66667,86.66667,0.51567,13.0,28.66667,0.453,13.66667,19.33333,0.70867,8.0,30.0,38.0,26.33333,6.0,3.33333,18.66667,22.0,116.0,240.0,47.0,92.33333,0.50767,11.0,28.0,0.38733,19.33333,24.33333,0.8,11.66667,33.0,44.66667,28.0,11.33333,5.33333,12.33333,19.66667,124.33333,0,0.09133,-0.09133,0.3878,0.24562,0.56719,0.59116,0.63521,0.63838,1516.42813,1453.29898,0.42988,0.57012,2.43671,1.78995,0.66667,240.0,41.66667,90.66667,0.46233,13.33333,35.0,0.37,16.33333,21.0,0.78233,14.0,29.66667,43.66667,21.66667,7.33333,4.66667,12.33333,19.0,113.0,240.0,41.66667,84.33333,0.49367,8.33333,22.66667,0.37067,20.66667,23.66667,0.86067,9.66667,32.66667,42.33333,24.0,7.33333,4.0,12.0,16.66667,112.33333,0,-0.00491,0.00491,0.32359,0.42708,0.54354,0.53868,0.63001,0.59779,1603.85437,1498.24016,0.36645,0.63355,3.56727,1.72009,0.66667,,,,
240.0,33.66667,80.0,0.42133,5.33333,20.66667,0.29533,20.33333,24.33333,0.84067,8.66667,33.66667,42.33333,21.33333,5.0,3.33333,15.33333,25.33333,93.0,240.0,38.0,84.0,0.452,13.33333,35.66667,0.37333,22.0,31.33333,0.71067,10.66667,33.33333,44.0,24.33333,8.66667,4.66667,9.0,21.0,111.33333,0,0.26034,-0.26034,0.32197,0.26888,0.53227,0.45451,0.61315,0.54488,1550.1526,1402.52401,0.32187,0.67813,3.18031,1.48325,1.0,248.33333,44.33333,91.33333,0.48733,10.33333,28.0,0.36467,15.33333,23.0,0.67267,12.0,32.0,44.0,27.66667,8.66667,6.66667,11.33333,18.0,114.33333,248.33333,42.0,83.66667,0.502,12.33333,30.0,0.41733,14.33333,21.66667,0.666,6.66667,35.33333,42.0,29.66667,7.66667,3.33333,14.0,19.0,110.66667,0,-0.04636,0.04636,0.20773,0.33953,0.57547,0.54489,0.6255,0.59551,1403.85794,1530.60009,0.65731,0.34269,1.57616,3.56115,0.33333,,,,
240.0,47.33333,82.66667,0.572,13.66667,24.33333,0.56867,19.0,23.33333,0.807,7.66667,36.66667,44.33333,28.33333,6.33333,5.33333,13.66667,19.33333,127.33333,240.0,42.33333,90.33333,0.46767,9.0,27.0,0.34067,12.0,16.66667,0.70067,7.66667,25.0,32.66667,22.66667,8.66667,5.33333,12.66667,22.33333,105.66667,1,-0.2703,0.2703,0.21776,0.30705,0.51746,0.65503,0.56164,0.72839,1457.34683,1498.43347,0.52963,0.47037,1.95748,2.23915,0.0,240.0,38.33333,81.33333,0.47133,9.0,24.66667,0.36367,23.0,30.0,0.77533,9.66667,29.66667,39.33333,24.0,11.66667,4.66667,14.0,19.66667,108.66667,240.0,40.66667,82.33333,0.49367,7.0,22.33333,0.30233,13.33333,16.66667,0.799,9.66667,31.0,40.66667,26.33333,5.0,7.33333,18.66667,25.33333,101.66667,1,-0.11037,0.11037,0.35086,0.33546,0.53639,0.52683,0.59074,0.61806,1448.28094,1477.0381,0.53296,0.46704,1.97632,2.25601,0.33333,,,,
240.0,43.66667,91.66667,0.47667,13.0,34.0,0.376,15.33333,21.66667,0.70967,11.0,38.66667,49.66667,24.33333,6.33333,5.33333,15.33333,22.33333,115.66667,240.0,40.0,93.33333,0.42967,9.0,28.33333,0.33067,21.33333,27.33333,0.76267,12.0,33.0,45.0,24.0,8.0,6.0,10.66667,20.0,110.33333,1,-0.06899,0.06899,0.33627,0.3348,0.47754,0.54806,0.55651,0.6006,1429.88443,1465.57846,0.54162,0.45838,2.10422,2.46099,0.33333,240.0,34.0,80.0,0.42533,7.66667,20.66667,0.38067,16.0,19.0,0.844,7.0,33.33333,40.33333,19.66667,8.66667,5.0,19.66667,22.0,91.66667,240.0,36.33333,86.33333,0.42133,10.33333,28.66667,0.36067,19.66667,24.33333,0.824,12.66667,33.33333,46.0,20.66667,11.33333,7.33333,13.66667,19.0,102.66667,1,0.16079,-0.16079,0.38219,0.22908,0.48082,0.47246,0.55964,0.54381,1491.99489,1485.61092,0.5057,0.4943,2.04194,2.08485,1.0,,,,
240.0,37.33333,80.0,0.46533,7.66667,23.66667,0.32267,17.33333,21.33333,0.82,6.0,34.33333,40.33333,23.0,9.0,6.33333,14.33333,17.66667,99.66667,240.0,35.33333,86.66667,0.40867,7.66667,26.33333,0.28967,16.33333,19.66667,0.819,11.33333,35.0,46.33333,19.66667,6.33333,5.33333,15.0,18.0,94.66667,1,-0.06878,0.06878,0.32958,0.17764,0.45275,0.51326,0.52101,0.58699,1449.88057,1496.09566,0.56016,0.43984,1.79315,2.29154,0.33333,240.0,36.0,84.0,0.428,9.66667,26.33333,0.36933,15.33333,19.0,0.80833,8.0,36.0,44.0,21.33333,4.0,4.66667,16.0,17.33333,97.0,240.0,41.66667,88.33333,0.47333,15.33333,38.0,0.405,14.33333,18.0,0.79767,7.0,37.0,44.0,28.0,9.33333,4.0,10.33333,18.0,113.0,1,0.2285,-0.2285,0.19333,0.22548,0.56066,0.48524,0.61457,0.54918,1661.15488,1506.28096,0.31377,0.68623,3.4358,1.48709,1.0,,,,
240.0,39.66667,86.66667,0.45667,11.0,24.0,0.44367,10.0,13.0,0.779,8.33333,32.0,40.33333,20.0,5.0,3.33333,12.0,20.66667,100.33333,240.0,38.33333,83.0,0.46133,10.66667,28.0,0.38433,14.0,19.0,0.737,7.33333,37.33333,44.66667,26.0,6.33333,4.66667,11.66667,16.66667,101.33333,0,0.01426,-0.01426,0.24452,0.23127,0.52576,0.52079,0.58129,0.55974,1506.76464,1326.0404,0.2568,0.7432,3.96173,1.34802,0.33333,240.0,37.33333,89.33333,0.41833,7.66667,30.66667,0.24967,15.33333,19.0,0.814,14.66667,31.0,45.66667,21.33333,6.0,5.33333,14.33333,17.0,97.66667,240.0,44.0,89.66667,0.49367,7.0,20.33333,0.34467,17.33333,20.66667,0.82833,10.66667,35.33333,46.0,22.66667,8.66667,5.66667,10.0,13.33333,112.33333,0,0.20494,-0.20494,0.3355,0.41186,0.53319,0.46183,0.59994,0.52369,1600.84459,1467.2629,0.33475,0.66525,3.01426,1.50635,1.0,,,,
240.0,40.33333,95.33333,0.42467,9.66667,29.33333,0.34733,10.66667,15.33333,0.69133,10.33333,35.66667,46.0,23.33333,9.0,5.33333,13.66667,14.33333,101.0,240.0,41.33333,95.0,0.435,11.0,30.33333,0.37933,12.33333,15.0,0.82967,11.66667,41.66667,53.33333,23.66667,8.33333,4.0,14.33333,15.66667,106.0,1,0.07948,-0.07948,0.33028,0.25627,0.49345,0.47608,0.53946,0.51359,1580.14335,1480.43134,0.36734,0.63266,2.73368,1.58303,0.66667,240.0,42.0,84.66667,0.49967,11.33333,26.0,0.43033,16.0,20.66667,0.77333,13.33333,36.66667,50.0,18.66667,5.0,6.66667,13.0,16.0,111.33333,240.0,38.33333,85.66667,0.448,11.33333,31.0,0.359,14.0,18.0,0.788,8.66667,28.33333,37.0,23.0,6.66667,3.66667,10.33333,18.0,102.0,1,-0.12633,0.12633,0.23969,0.46725,0.51456,0.56683,0.57007,0.62796,1415.31963,1528.90704,0.63901,0.36099,1.61375,3.178,0.0,,,,
240.0,34.33333,89.33333,0.38667,7.66667,27.0,0.27333,14.66667,23.0,0.63633,12.0,33.33333,45.33333,18.66667,3.66667,4.33333,12.66667,20.0,91.0,240.0,43.33333,88.0,0.49267,10.66667,28.66667,0.38,18.66667,23.0,0.80533,11.0,42.0,53.0,25.66667,7.0,8.66667,11.0,18.66667,116.0,0,0.34865,-0.34865,0.32755,0.28193,0.55349,0.43167,0.6242,0.48685,1540.26753,1330.6496,0.25524,0.74476,4.49727,1.36557,1.0,248.33333,49.33333,95.66667,0.51933,10.0,20.33333,0.485,15.66667,20.33333,0.78967,9.66667,37.0,46.66667,27.0,7.66667,4.33333,15.33333,20.66667,124.33333,248.33333,49.33333,100.0,0.49467,10.0,28.33333,0.35333,15.33333,19.33333,0.75867,10.33333,34.33333,44.66667,28.66667,10.66667,8.66667,13.33333,17.66667,124.0,0,-0.00895,0.00895,0.28519,0.29059,0.54531,0.57344,0.59552,0.62682,1484.25394,1482.29736,0.49718,0.50282,2.01207,1.98949,0.66667,,,,
240.0,42.33333,93.66667,0.44967,9.66667,31.0,0.31433,15.66667,23.0,0.66567,12.0,31.33333,43.33333,22.33333,8.33333,4.33333,10.66667,19.0,110.0,240.0,43.0,89.66667,0.48,11.0,32.33333,0.33467,15.66667,20.33333,0.79033,10.66667,35.66667,46.33333,29.0,5.0,8.33333,14.66667,20.0,112.66667,1,0.05701,-0.05701,0.3392,0.3326,0.54061,0.50132,0.60012,0.55427,1532.0637,1585.71326,0.57685,0.42315,1.80341,2.52299,0.66667,240.0,35.33333,77.0,0.457,7.66667,24.0,0.31567,25.0,32.66667,0.76467,9.0,29.66667,38.66667,19.0,10.66667,4.0,16.0,18.66667,103.33333,240.0,40.0,81.66667,0.489,9.0,24.0,0.38133,13.66667,17.33333,0.787,9.66667,29.33333,39.0,26.0,6.66667,7.66667,18.0,25.66667,102.66667,1,-0.01658,0.01658,0.35086,0.33199,0.54418,0.50662,0.59969,0.61341,1442.05581,1457.37807,0.52461,0.47539,1.99768,2.19637,0.33333,,,,
240.0,47.0,87.33333,0.53833,14.66667,34.66667,0.42267,12.66667,16.33333,0.764,6.33333,34.33333,40.66667,31.0,6.33333,6.33333,12.33333,24.0,121.33333,240.0,40.33333,88.33333,0.458,8.0,25.66667,0.31167,19.0,23.0,0.82067,9.0,33.66667,42.66667,24.33333,6.66667,4.33333,11.66667,16.66667,107.66667,1,-0.17871,0.17871,0.30414,0.19171,0.50339,0.6223,0.57785,0.66785,1485.57006,1656.55105,0.70847,0.29153,1.43359,3.79485,0.33333,240.0,43.0,89.66667,0.48033,9.66667,26.66667,0.35767,16.0,20.0,0.79967,10.66667,33.66667,44.33333,27.33333,9.33333,6.66667,10.66667,15.33333,111.66667,240.0,38.66667,84.0,0.461,11.33333,30.33333,0.37667,17.66667,22.0,0.808,8.0,34.66667,42.66667,24.0,7.0,2.66667,15.0,15.33333,106.33333,1,-0.06957,0.06957,0.23585,0.31126,0.52804,0.53505,0.59868,0.59517,1410.40963,1477.66057,0.58949,0.41051,1.70501,2.45894,0.0,,,,
240.0,37.0,81.66667,0.455,9.33333,26.33333,0.36033,22.0,31.0,0.70667,9.66667,31.33333,41.0,21.0,7.33333,4.0,11.66667,19.66667,105.33333,240.0,39.33333,84.33333,0.46767,13.33333,31.0,0.42267,18.33333,22.66667,0.77767,8.66667,34.33333,43.0,23.66667,7.66667,7.0,12.33333,23.66667,110.33333,0,0.0703,-0.0703,0.28105,0.27763,0.54577,0.51193,0.62082,0.59731,1443.2272,1546.81443,0.64915,0.35085,1.56053,2.96534,0.66667,248.33333,42.33333,85.66667,0.49433,12.66667,31.33333,0.39867,19.66667,26.0,0.77267,9.33333,30.0,39.33333,20.66667,7.66667,4.66667,14.66667,21.33333,117.0,248.33333,40.66667,87.0,0.47067,10.33333,27.0,0.385,18.66667,21.0,0.888,11.66667,32.33333,44.0,27.66667,8.0,2.0,16.66667,21.66667,110.33333,0,-0.08716,0.08716,0.38722,0.29444,0.52967,0.56787,0.60503,0.64047,1550.49841,1579.50266,0.52167,0.47833,1.96211,2.14235,0.33333,,,,
240.0,40.0,83.66667,0.478,12.66667,30.66667,0.41333,13.66667,16.0,0.84567,6.33333,30.66667,37.0,25.0,7.33333,5.33333,10.0,22.0,106.33333,240.0,39.66667,86.0,0.46367,8.33333,30.0,0.26067,21.66667,28.0,0.77533,12.0,34.33333,46.33333,21.0,5.33333,4.0,11.66667,15.66667,109.33333,0,0.04041,-0.04041,0.38381,0.18588,0.51428,0.55395,0.59782,0.61001,1510.30314,1397.53232,0.35708,0.64292,3.28925,1.61784,0.66667,240.0,34.66667,81.33333,0.42633,8.33333,27.66667,0.30233,19.66667,26.66667,0.73,7.0,31.33333,38.33333,19.66667,7.0,4.66667,15.0,19.66667,97.33333,240.0,41.0,85.66667,0.483,10.66667,29.0,0.39233,15.33333,22.0,0.704,12.0,35.33333,47.33333,28.0,10.33333,5.33333,15.33333,21.0,108.0,0,0.15066,-0.15066,0.43223,0.19882,0.54539,0.47788,0.60113,0.55945,1567.912,1477.72501,0.38939,0.61061,2.60669,1.64835,1.0,,,,
240.0,42.33333,87.33333,0.48467,10.66667,28.66667,0.37567,8.33333,12.33333,0.666,9.66667,33.33333,43.0,24.33333,8.66667,3.66667,14.66667,20.66667,103.66667,240.0,36.0,80.0,0.452,12.66667,37.66667,0.34533,22.0,25.66667,0.85567,6.33333,34.33333,40.66667,25.66667,8.0,4.66667,12.66667,15.33333,106.66667,0,0.04595,-0.04595,0.19547,0.29609,0.53031,0.54585,0.62432,0.5754,1590.37903,1323.94787,0.18875,0.81125,6.14983,1.24373,0.66667,248.33333,40.66667,92.0,0.444,13.0,32.0,0.415,17.33333,19.33333,0.89333,10.33333,37.33333,47.66667,21.33333,8.66667,4.66667,13.33333,20.66667,111.66667,248.33333,39.66667,88.0,0.449,10.0,29.66667,0.338,20.0,23.66667,0.84433,9.33333,38.33333,47.66667,18.0,7.66667,3.66667,14.33333,19.66667,109.33333,0,-0.03556,0.03556,0.26001,0.29473,0.50564,0.51462,0.58511,0.58223,1501.83967,1559.29447,0.57342,0.42658,1.77635,2.44562,0.66667,,,,
240.0,39.66667,88.33333,0.45233,14.33333,42.0,0.34467,14.66667,18.66667,0.79933,7.33333,35.0,42.33333,29.66667,5.33333,4.66667,13.33333,21.33333,108.33333,240.0,45.33333,92.0,0.492,10.66667,23.0,0.46633,17.0,24.0,0.71667,11.66667,40.0,51.66667,24.33333,6.66667,3.33333,10.66667,17.0,118.33333,0,0.13191,-0.13191,0.34935,0.184,0.55016,0.5333,0.60785,0.58861,1502.47222,1401.54842,0.36818,0.63182,2.71845,1.5832,1.0,240.0,39.33333,84.33333,0.46867,12.66667,29.66667,0.42833,22.33333,26.66667,0.81667,10.0,35.33333,45.33333,24.66667,7.33333,5.66667,11.0,16.0,113.66667,240.0,41.33333,89.66667,0.46167,11.0,24.66667,0.44267,11.33333,15.0,0.76767,11.66667,29.33333,41.0,24.33333,5.33333,4.0,11.33333,21.33333,105.0,0,-0.11466,0.11466,0.33874,0.34301,0.52241,0.54214,0.56515,0.63261,1321.68417,1549.22115,0.77902,0.22098,1.29147,4.81553,0.0,,,,
265.0,49.0,104.33333,0.46933,11.0,29.33333,0.37333,17.33333,23.0,0.809,11.66667,42.33333,54.0,25.33333,8.0,8.0,13.66667,22.33333,126.33333,265.0,40.66667,101.66667,0.401,12.33333,39.66667,0.29767,23.66667,27.66667,0.86733,13.66667,39.0,52.66667,23.0,8.33333,3.0,14.0,22.66667,117.33333,1,-0.10944,0.10944,0.31878,0.29921,0.45996,0.52213,0.54473,0.57694,1457.95801,1477.47298,0.51413,0.48587,1.95937,2.07661,0.0,240.0,38.66667,79.33333,0.492,12.0,29.33333,0.43,19.33333,22.33333,0.88567,7.33333,30.33333,37.66667,22.66667,9.0,6.0,13.0,16.33333,108.66667,240.0,41.66667,88.66667,0.46867,8.33333,24.66667,0.33667,11.0,13.33333,0.868,11.0,30.66667,41.66667,26.33333,6.66667,6.33333,14.66667,18.0,102.66667,1,-0.08321,0.08321,0.36612,0.24084,0.51507,0.56852,0.55943,0.65058,1550.30017,1552.16483,0.49285,0.50715,2.0905,2.04354,0.33333,,,,
240.0,38.33333,92.0,0.417,12.66667,36.66667,0.33933,11.33333,14.66667,0.77667,8.0,30.33333,38.33333,23.33333,10.0,6.33333,11.66667,20.0,100.66667,240.0,42.33333,86.33333,0.48767,13.33333,35.66667,0.38867,18.33333,24.33333,0.76567,11.0,40.66667,51.66667,28.0,7.66667,6.66667,13.66667,17.66667,116.33333,0,0.20489,-0.20489,0.42333,0.21132,0.56539,0.48568,0.63374,0.52877,1585.32,1473.52085,0.37598,0.62402,2.93043,1.67273,1.0,240.0,37.0,83.66667,0.44167,9.0,26.0,0.343,15.66667,21.0,0.77233,6.33333,35.66667,42.0,18.66667,7.0,6.33333,11.66667,23.0,98.66667,240.0,35.66667,84.66667,0.42133,9.0,27.66667,0.33067,16.0,21.0,0.783,10.33333,36.33333,46.66667,17.33333,6.66667,4.66667,12.0,18.0,96.33333,0,-0.04453,0.04453,0.28915,0.17724,0.47398,0.49623,0.53782,0.55916,1528.9063,1460.98443,0.4,0.6,2.80677,1.7284,0.66667,,,,
240.0,36.0,87.33333,0.412,10.0,32.66667,0.30833,14.0,19.0,0.73633,10.33333,36.0,46.33333,23.66667,6.66667,5.66667,13.33333,19.33333,96.0,240.0,36.33333,85.0,0.42767,10.0,29.0,0.34133,17.66667,21.33333,0.823,10.66667,33.0,43.66667,23.0,6.33333,7.0,13.0,19.33333,100.33333,0,0.06374,-0.06374,0.29694,0.31647,0.48647,0.46947,0.55968,0.52447,1465.06343,1395.53793,0.40483,0.59517,2.51747,1.69736,1.0,240.0,39.66667,87.33333,0.45633,8.66667,30.66667,0.28333,17.33333,22.0,0.79033,11.33333,34.33333,45.66667,25.66667,8.0,2.0,14.33333,20.66667,105.33333,240.0,39.66667,84.33333,0.46867,11.0,28.0,0.392,17.33333,24.0,0.72067,10.0,33.66667,43.66667,23.66667,9.33333,5.0,14.0,17.66667,107.66667,0,0.03233,-0.03233,0.29451,0.33057,0.53378,0.50583,0.6001,0.57313,1505.77496,1514.42474,0.51611,0.48389,1.98092,2.11036,0.66667,,,,
248.33333,40.66667,87.33333,0.466,13.0,32.66667,0.392,19.33333,26.66667,0.71467,9.33333,34.66667,44.0,22.33333,9.33333,5.33333,13.33333,19.0,113.66667,248.33333,40.0,92.0,0.43467,9.33333,28.66667,0.329,15.33333,20.33333,0.75567,14.0,34.66667,48.66667,21.33333,8.33333,4.0,15.66667,21.0,104.66667,0,-0.11969,0.11969,0.40157,0.26953,0.48576,0.54057,0.54255,0.60987,1489.01494,1574.39927,0.60876,0.39124,1.65563,2.60649,0.0,240.0,38.66667,91.33333,0.424,10.0,29.66667,0.34033,9.33333,13.33333,0.68767,12.33333,35.33333,47.66667,23.66667,6.66667,4.0,13.66667,22.33333,96.66667,240.0,35.66667,81.33333,0.43867,13.66667,44.0,0.31433,23.0,28.33333,0.82433,7.66667,39.0,46.66667,19.33333,8.33333,4.66667,10.66667,16.33333,108.0,0,0.15702,-0.15702,0.24934,0.32132,0.52247,0.47845,0.61625,0.51269,1683.10839,1463.106,0.24832,0.75168,5.15567,1.3588,1.0,,,,
240.0,41.33333,89.66667,0.461,13.0,32.0,0.40067,15.0,20.33333,0.74333,10.0,29.66667,39.66667,25.33333,9.0,5.0,9.0,16.66667,110.66667,240.0,43.33333,84.66667,0.51133,12.0,27.33333,0.455,15.0,16.33333,0.91867,6.33333,37.33333,43.66667,25.66667,4.33333,1.33333,14.66667,19.33333,113.66667,0,0.03122,-0.03122,0.20807,0.28259,0.58162,0.53333,0.64327,0.58777,1513.50465,1515.78493,0.49905,0.50095,2.06357,2.0706,0.33333,240.0,34.66667,80.33333,0.43133,10.0,27.33333,0.35867,20.33333,25.33333,0.80767,5.33333,26.33333,31.66667,22.0,7.0,4.66667,13.33333,21.0,99.66667,240.0,40.66667,82.66667,0.49667,9.33333,27.0,0.372,18.66667,25.33333,0.733,13.0,34.33333,47.33333,27.66667,8.0,4.0,16.0,20.33333,109.33333,0,0.13436,-0.13436,0.49573,0.16036,0.55341,0.49329,0.62437,0.58017,1572.69079,1440.63399,0.33189,0.66811,3.05748,1.50192,1.0,,,,
240.0,36.33333,89.0,0.40933,10.66667,32.0,0.32467,18.33333,21.66667,0.84433,8.66667,36.66667,45.33333,21.0,5.66667,4.66667,12.33333,20.33333,101.66667,240.0,41.0,88.66667,0.46133,10.33333,30.66667,0.33933,20.66667,26.33333,0.78267,9.66667,40.33333,50.0,23.33333,5.0,4.66667,11.66667,16.66667,113.0,0,0.1499,-0.1499,0.26404,0.21434,0.51984,0.47006,0.59759,0.54407,1480.49706,1409.58853,0.42218,0.57782,2.69473,1.88223,1.0,256.66667,46.33333,93.66667,0.49633,7.0,18.33333,0.38333,20.33333,27.0,0.785,12.33333,39.0,51.33333,20.66667,9.33333,7.66667,12.66667,17.33333,120.0,256.66667,39.66667,95.33333,0.42,15.33333,44.66667,0.34233,16.0,19.66667,0.79867,12.33333,34.66667,47.0,27.0,8.0,3.66667,13.33333,21.66667,110.66667,0,-0.1172,0.1172,0.30965,0.35273,0.49913,0.53323,0.5571,0.60363,1398.77766,1499.10986,0.6295,0.3705,1.59489,2.72681,0.0,,,,
240.0,45.33333,86.0,0.52733,15.66667,33.66667,0.46867,15.0,22.0,0.68433,7.0,34.66667,41.66667,25.66667,7.0,4.33333,9.0,21.66667,121.33333,240.0,37.66667,87.33333,0.43133,12.33333,39.0,0.31367,18.33333,23.66667,0.78933,12.33333,33.0,45.33333,21.66667,4.33333,3.66667,11.66667,17.33333,106.0,1,-0.1967,0.1967,0.36797,0.21212,0.5028,0.61844,0.57363,0.66814,1512.97804,1500.05387,0.44879,0.55121,2.3427,1.89564,0.0,240.0,35.66667,77.33333,0.459,10.0,27.33333,0.34533,26.0,34.66667,0.752,10.66667,28.66667,39.33333,20.0,8.0,4.0,15.66667,18.33333,107.33333,240.0,41.66667,83.33333,0.49933,11.0,24.0,0.45567,13.0,16.33333,0.79433,9.0,29.33333,38.33333,25.33333,8.33333,5.33333,15.66667,26.0,107.33333,1,-0.0038,0.0038,0.33672,0.37961,0.5649,0.52288,0.61629,0.63046,1433.10331,1481.26092,0.56813,0.43187,1.89302,2.56049,0.33333,,,,
240.0,41.0,89.0,0.45933,12.66667,28.33333,0.438,11.33333,14.0,0.824,11.66667,30.33333,42.0,20.0,8.0,2.0,13.66667,21.33333,106.0,240.0,40.33333,80.33333,0.502,9.66667,24.66667,0.39167,18.66667,23.66667,0.76933,7.66667,34.0,41.66667,29.33333,7.0,5.0,12.66667,16.0,109.0,1,0.04186,-0.04186,0.26905,0.36095,0.56229,0.53215,0.63895,0.5759,1548.85362,1325.93942,0.21523,0.78477,4.845,1.27824,0.66667,240.0,39.66667,79.33333,0.49833,12.66667,31.66667,0.397,16.33333,21.33333,0.76567,10.0,34.0,44.0,24.0,6.66667,5.66667,15.66667,20.33333,108.33333,240.0,38.66667,88.0,0.43867,10.0,28.66667,0.351,16.33333,20.0,0.81833,9.66667,29.33333,39.0,23.0,9.0,3.0,8.66667,20.66667,103.66667,1,-0.07763,0.07763,0.30188,0.34138,0.49547,0.57772,0.55918,0.64287,1492.46346,1488.94526,0.48748,0.51252,2.05225,1.95191,0.33333,,,,
240.0,44.0,82.0,0.53733,14.33333,30.33333,0.44033,19.33333,22.66667,0.85167,6.66667,29.33333,36.0,25.0,12.0,4.66667,17.66667,22.66667,121.66667,240.0,45.0,89.0,0.507,8.66667,24.0,0.36133,14.0,20.66667,0.69567,12.0,26.66667,38.66667,25.66667,10.0,5.66667,17.0,22.33333,112.66667,1,-0.10946,0.10946,0.40984,0.25034,0.5551,0.6228,0.60239,0.69928,1402.14245,1538.30173,0.67109,0.32891,1.51619,3.22904,0.0,240.0,40.66667,86.0,0.47433,10.33333,27.0,0.394,22.0,29.66667,0.73833,9.0,35.66667,44.66667,24.33333,7.0,4.66667,10.0,17.66667,113.66667,240.0,41.33333,91.66667,0.449,9.66667,30.0,0.33867,14.33333,21.33333,0.68,12.33333,36.66667,49.0,21.66667,6.33333,3.33333,11.66667,23.0,106.66667,1,-0.10434,0.10434,0.3522,0.25576,0.50146,0.53465,0.55099,0.61604,1503.07282,1509.66167,0.49325,0.50675,2.11341,2.03833,0.33333,,,,
240.0,42.33333,90.66667,0.46633,9.0,28.0,0.30833,17.33333,23.66667,0.73167,11.0,35.66667,46.66667,26.33333,6.33333,6.33333,11.0,18.0,111.0,240.0,38.66667,88.66667,0.44067,8.66667,27.66667,0.332,15.33333,21.0,0.75567,10.33333,33.33333,43.66667,21.66667,6.66667,5.0,12.0,21.66667,101.33333,0,-0.14201,0.14201,0.31914,0.33096,0.49104,0.51568,0.54979,0.57787,1499.12592,1544.62039,0.56091,0.43909,1.90635,2.65497,0.66667,240.0,44.33333,87.0,0.50867,9.33333,28.33333,0.334,14.0,21.33333,0.66633,8.33333,31.0,39.33333,27.66667,7.0,5.66667,10.0,19.0,112.0,240.0,45.0,89.66667,0.504,15.0,33.66667,0.446,16.0,19.66667,0.80467,10.0,34.0,44.0,30.0,6.66667,4.0,12.33333,16.33333,121.0,0,0.1145,-0.1145,0.32258,0.24911,0.58877,0.56359,0.64742,0.61147,1525.04893,1577.47023,0.59251,0.40749,1.7036,2.501,1.0,,,,
248.33333,39.33333,90.33333,0.43733,7.66667,23.0,0.318,13.0,19.33333,0.68233,11.33333,30.66667,42.0,21.66667,8.33333,2.0,14.66667,20.33333,99.33333,248.33333,42.66667,84.66667,0.50467,15.33333,36.33333,0.42167,16.66667,21.66667,0.76767,8.66667,37.66667,46.33333,31.0,9.0,4.66667,17.33333,20.0,117.33333,0,0.24123,-0.24123,0.27806,0.29816,0.59555,0.47929,0.65771,0.52626,1540.28207,1464.69858,0.42473,0.57527,2.75931,1.8727,1.0,240.0,39.0,81.0,0.48333,11.0,23.66667,0.46467,18.0,22.0,0.81933,8.33333,31.66667,40.0,23.33333,8.66667,3.66667,18.33333,21.0,107.0,240.0,41.0,88.66667,0.46133,10.0,30.33333,0.329,18.0,23.66667,0.75933,13.0,29.33333,42.33333,23.0,11.0,6.66667,12.0,19.0,110.0,0,0.05691,-0.05691,0.41394,0.28846,0.51786,0.55102,0.58588,0.62386,1490.65593,1485.7122,0.48915,0.51085,2.10834,2.01854,0.66667,,,,
256.66667,42.33333,100.66667,0.418,8.33333,29.33333,0.29167,16.0,24.0,0.67433,13.33333,38.66667,52.0,21.0,9.0,8.0,13.33333,13.66667,109.0,256.66667,43.33333,100.66667,0.43367,15.0,38.0,0.41467,13.66667,15.66667,0.86467,12.66667,43.33333,56.0,25.66667,9.66667,3.33333,14.0,19.66667,115.33333,1,0.10632,-0.10632,0.32472,0.32234,0.50727,0.45931,0.55461,0.50972,1521.50975,1471.91423,0.44099,0.55901,2.37141,1.85098,0.66667,240.0,39.33333,91.66667,0.42967,12.33333,38.0,0.323,10.66667,11.66667,0.90833,11.66667,39.0,50.66667,24.66667,6.33333,4.66667,13.66667,16.66667,101.66667,240.0,41.33333,89.33333,0.46233,11.33333,28.33333,0.39933,13.0,18.0,0.71733,8.33333,37.33333,45.66667,26.0,7.33333,4.0,10.0,14.0,107.0,1,0.07305,-0.07305,0.22192,0.31728,0.5261,0.49702,0.57327,0.53996,1493.50735,1477.22845,0.48902,0.51098,2.10129,1.9977,0.66667,,,,
240.0,43.33333,85.33333,0.50933,12.66667,33.66667,0.37467,15.33333,19.33333,0.81033,8.66667,36.0,44.66667,25.66667,8.33333,7.0,18.0,22.0,114.66667,240.0,42.0,93.0,0.45167,11.33333,29.0,0.39267,18.66667,22.66667,0.80133,11.66667,31.66667,43.33333,23.33333,10.66667,1.0,12.66667,16.33333,114.0,1,-0.01054,0.01054,0.34881,0.27508,0.51254,0.58425,0.58174,0.64219,1451.38724,1628.355,0.72999,0.27001,1.38644,4.19509,0.66667,240.0,42.33333,87.66667,0.48267,9.33333,27.0,0.34,20.0,24.66667,0.808,8.33333,36.0,44.33333,25.0,9.66667,6.66667,12.0,16.0,114.0,240.0,42.33333,94.0,0.44967,6.66667,23.0,0.30433,13.33333,17.66667,0.74833,11.66667,34.33333,46.0,20.33333,7.33333,3.66667,13.66667,19.33333,104.66667,1,-0.12825,0.12825,0.32623,0.24044,0.48471,0.53558,0.53317,0.61193,1440.80655,1541.1246,0.6305,0.3695,1.60262,2.77602,0.0,,,,
240.0,39.33333,78.0,0.50467,16.33333,37.66667,0.428,23.0,29.0,0.79333,8.0,30.0,38.0,19.66667,5.33333,4.33333,11.0,20.66667,118.0,240.0,41.0,87.66667,0.46767,9.66667,28.0,0.33733,16.0,19.66667,0.819,12.0,27.0,39.0,26.0,6.33333,4.33333,11.33333,21.33333,107.66667,1,-0.13143,0.13143,0.39747,0.30083,0.52247,0.60833,0.58517,0.69883,1539.06246,1678.93952,0.67646,0.32354,1.49182,3.19763,0.0,240.0,35.66667,83.0,0.42933,10.33333,29.33333,0.35833,14.0,17.33333,0.83133,5.33333,36.66667,42.0,17.33333,7.33333,5.0,13.0,22.66667,95.66667,240.0,35.33333,85.0,0.41567,8.33333,30.33333,0.27167,16.0,19.66667,0.817,10.33333,36.66667,47.0,21.0,6.33333,4.0,12.66667,16.33333,95.0,1,-0.01813,0.01813,0.28274,0.14643,0.46425,0.49207,0.53023,0.5511,1525.59071,1434.2388,0.36933,0.63067,2.94921,1.61995,0.66667,,,,
248.33333,45.66667,88.33333,0.51533,10.66667,22.33333,0.45233,16.33333,21.33333,0.78767,8.33333,32.0,40.33333,24.33333,6.33333,3.33333,10.66667,20.0,118.33333,248.33333,44.0,84.0,0.522,13.0,32.0,0.38933,20.0,26.33333,0.755,7.0,32.66667,39.66667,27.66667,4.33333,3.0,11.33333,19.33333,121.0,0,0.03374,-0.03374,0.22289,0.25817,0.59849,0.57452,0.67227,0.63464,1504.38018,1602.57883,0.62976,0.37024,1.66733,3.01422,1.0,240.0,39.33333,89.33333,0.441,7.66667,30.33333,0.24767,11.0,15.0,0.70767,9.33333,37.0,46.33333,25.66667,7.0,3.66667,13.66667,21.66667,97.33333,240.0,36.66667,82.33333,0.44467,15.33333,45.0,0.346,22.66667,29.66667,0.78033,6.66667,39.33333,46.0,20.0,8.0,6.33333,11.0,16.0,111.33333,0,0.18617,-0.18617,0.19108,0.23623,0.53721,0.48365,0.62482,0.52551,1674.35732,1443.31208,0.23253,0.76747,5.28142,1.32079,1.0,,,,
240.0,39.33333,89.0,0.442,7.33333,22.33333,0.33133,18.33333,23.66667,0.76767,11.66667,36.66667,48.33333,21.0,9.66667,5.33333,14.66667,19.66667,104.33333,240.0,37.66667,86.0,0.438,12.0,33.66667,0.353,19.0,24.0,0.79633,10.33333,35.33333,45.66667,21.66667,8.66667,5.33333,14.66667,21.33333,106.33333,1,0.02745,-0.02745,0.29424,0.33178,0.50753,0.48333,0.58244,0.55375,1409.9744,1513.60151,0.64703,0.35297,1.55412,2.88388,0.66667,248.33333,46.66667,93.33333,0.50233,13.66667,30.0,0.42767,14.33333,18.66667,0.771,9.33333,32.0,41.33333,29.66667,8.66667,6.33333,14.66667,23.0,121.33333,248.33333,42.66667,88.33333,0.482,8.66667,25.66667,0.337,22.0,26.33333,0.827,9.33333,32.0,41.33333,22.66667,9.66667,5.66667,15.0,19.66667,116.0,1,-0.06275,0.06275,0.30397,0.29047,0.53193,0.57818,0.6171,0.62813,1489.98865,1527.75923,0.54755,0.45245,1.83465,2.22445,0.0,,,,
240.0,45.33333,87.0,0.52167,9.33333,25.66667,0.366,23.33333,27.0,0.86333,7.66667,33.0,40.66667,25.66667,7.33333,4.66667,12.0,18.0,123.33333,240.0,43.33333,87.66667,0.50133,13.66667,32.0,0.448,17.66667,21.66667,0.80567,8.0,30.33333,38.33333,27.33333,7.33333,7.0,11.66667,23.33333,118.0,1,-0.07123,0.07123,0.2328,0.25739,0.5799,0.575,0.64411,0.6631,1529.55814,1525.25973,0.48275,0.51725,2.20774,2.07948,0.33333,240.0,43.66667,92.33333,0.47433,13.0,33.0,0.40367,22.0,26.0,0.84967,11.0,36.33333,47.33333,23.33333,9.33333,5.66667,11.0,19.0,122.33333,240.0,40.0,86.0,0.47333,8.33333,26.66667,0.32633,13.0,18.66667,0.74233,7.0,32.66667,39.66667,21.0,6.33333,5.66667,15.0,24.0,101.33333,1,-0.28595,0.28595,0.18463,0.32996,0.52494,0.54487,0.57371,0.62532,1339.89297,1539.51383,0.75155,0.24845,1.3308,4.03104,0.0,,,,
240.0,40.0,90.33333,0.43933,7.33333,28.0,0.26233,21.0,24.66667,0.849,11.66667,30.0,41.66667,23.66667,6.66667,6.33333,12.66667,18.33333,108.33333,240.0,43.66667,84.0,0.52167,11.0,23.66667,0.471,15.66667,23.0,0.68167,9.33333,34.0,43.33333,27.33333,9.0,5.33333,14.33333,17.66667,114.0,0,0.0811,-0.0811,0.30512,0.3399,0.58717,0.47994,0.64212,0.56427,1496.38648,1438.1865,0.42791,0.57209,2.4191,1.78444,0.66667,240.0,34.66667,87.33333,0.39933,14.0,40.66667,0.34367,19.66667,21.66667,0.911,10.0,32.33333,42.33333,21.66667,7.33333,4.66667,13.66667,21.33333,103.0,240.0,39.33333,84.66667,0.46467,8.66667,25.0,0.34467,15.66667,19.66667,0.79133,6.33333,37.66667,44.0,22.66667,6.66667,3.33333,14.0,17.66667,103.0,0,-0.00493,0.00493,0.19201,0.26235,0.5153,0.48048,0.57772,0.56222,1518.60728,1536.50838,0.52225,0.47775,2.05967,2.37179,0.66667,,,,
240.0,40.33333,91.33333,0.44367,10.0,29.66667,0.33467,17.33333,20.66667,0.86867,9.0,35.66667,44.66667,15.66667,9.0,5.33333,9.66667,20.0,108.0,240.0,36.66667,85.0,0.431,8.66667,24.66667,0.35133,13.0,17.66667,0.74867,8.66667,37.0,45.66667,21.0,5.66667,6.33333,14.66667,18.66667,95.0,1,-0.19009,0.19009,0.24286,0.24281,0.48175,0.49937,0.5332,0.56618,1387.65864,1517.0877,0.6473,0.3527,1.63168,3.22687,0.0,240.0,35.0,91.66667,0.382,11.66667,35.0,0.321,10.33333,17.66667,0.619,12.0,30.33333,42.33333,21.66667,6.33333,5.33333,11.66667,16.0,92.0,240.0,43.0,90.66667,0.47467,11.33333,30.0,0.38,16.66667,19.66667,0.85267,12.66667,43.66667,56.33333,26.33333,6.66667,6.66667,12.66667,19.0,114.0,1,0.31268,-0.31268,0.42298,0.29074,0.53725,0.44551,0.60129,0.48179,1462.93319,1459.84721,0.53913,0.46087,1.97304,2.36362,1.0,,,,
240.0,35.66667,83.66667,0.42767,5.33333,18.66667,0.315,19.0,25.0,0.76567,9.0,33.0,42.0,22.33333,6.66667,2.66667,12.66667,23.33333,95.66667,240.0,38.66667,82.33333,0.47133,10.66667,31.66667,0.336,22.33333,29.0,0.76667,9.33333,36.66667,46.0,23.66667,8.0,6.66667,10.66667,21.0,110.33333,0,0.20695,-0.20695,0.28676,0.24206,0.53563,0.45919,0.62447,0.53803,1491.41938,1389.62811,0.37855,0.62145,2.78527,1.63769,1.0,240.0,43.0,86.66667,0.50167,12.0,27.66667,0.43633,21.0,26.0,0.80367,9.0,33.0,42.0,26.0,7.66667,4.0,14.66667,19.0,119.0,240.0,45.33333,96.0,0.47267,8.66667,27.33333,0.32133,13.66667,17.33333,0.786,12.0,32.33333,44.33333,25.33333,8.66667,6.33333,13.0,20.33333,113.0,0,-0.07466,0.07466,0.36548,0.27203,0.51782,0.57299,0.5665,0.65454,1549.29992,1493.66768,0.4168,0.5832,2.39927,1.71468,0.0,,,,
248.33333,39.33333,82.66667,0.47433,9.33333,23.66667,0.38667,18.0,21.33333,0.84467,7.66667,35.33333,43.0,22.33333,7.33333,5.33333,15.66667,20.0,106.0,248.33333,37.33333,87.0,0.42933,9.0,30.0,0.30567,21.0,23.33333,0.90433,9.33333,33.66667,43.0,20.66667,7.0,6.0,13.33333,18.66667,104.66667,0,-0.0105,0.0105,0.26868,0.23898,0.48074,0.52993,0.5675,0.60372,1523.53275,1493.54502,0.46463,0.53537,2.47916,2.01041,0.33333,240.0,41.0,91.33333,0.44967,12.33333,35.33333,0.34333,14.33333,17.66667,0.81767,9.33333,36.66667,46.0,28.66667,7.66667,5.33333,11.0,22.66667,108.66667,240.0,35.66667,87.66667,0.40833,10.66667,33.66667,0.318,19.66667,26.0,0.75233,12.0,36.66667,48.66667,20.0,4.0,4.0,14.33333,18.33333,101.66667,0,-0.09235,0.09235,0.32877,0.25642,0.46997,0.51768,0.54634,0.57135,1481.45578,1476.64096,0.48264,0.51736,2.15336,2.00478,0.33333,,,,
256.66667,43.0,100.33333,0.426,10.33333,29.66667,0.34833,16.33333,23.66667,0.71367,10.66667,42.0,52.66667,23.66667,8.0,7.66667,12.66667,18.33333,112.66667,256.66667,39.0,100.66667,0.388,14.66667,42.66667,0.34167,17.66667,21.0,0.86467,13.33333,44.0,57.33333,24.66667,8.33333,3.33333,14.66667,21.66667,110.33333,1,-0.00612,0.00612,0.31204,0.24778,0.4599,0.4775,0.52322,0.52943,1479.41541,1467.79234,0.48131,0.51869,2.12292,1.96697,0.33333,240.0,38.66667,86.66667,0.447,13.66667,33.33333,0.381,14.33333,19.0,0.755,13.33333,33.66667,47.0,27.33333,7.66667,5.33333,16.0,19.33333,105.33333,240.0,40.0,85.33333,0.46633,8.0,25.0,0.31933,16.0,21.66667,0.741,9.66667,31.66667,41.33333,22.66667,8.33333,7.66667,12.33333,19.66667,104.0,1,-0.00517,0.00517,0.30484,0.41671,0.51302,0.52673,0.57554,0.58117,1490.44137,1464.75575,0.45801,0.54199,2.25824,1.88756,0.66667,,,,
240.0,44.66667,89.33333,0.5,8.66667,24.0,0.356,13.66667,17.0,0.83867,8.0,34.66667,42.66667,30.0,8.33333,6.0,10.66667,20.33333,111.66667,240.0,40.66667,86.0,0.473,9.0,26.66667,0.36267,16.33333,21.66667,0.738,8.33333,31.0,39.33333,20.33333,7.33333,4.0,13.0,17.33333,106.66667,1,-0.06612,0.06612,0.23886,0.25827,0.5258,0.54858,0.58965,0.60006,1476.67336,1557.47858,0.61048,0.38952,1.64638,2.60362,0.0,248.33333,46.0,98.33333,0.469,7.66667,21.33333,0.36,19.0,25.33333,0.756,11.33333,37.33333,48.66667,25.0,8.66667,4.33333,15.66667,25.66667,118.66667,248.33333,48.0,99.33333,0.484,10.0,30.33333,0.32733,23.33333,28.33333,0.83767,11.33333,38.66667,50.0,30.66667,9.66667,9.33333,13.33333,20.0,129.33333,1,0.12269,-0.12269,0.31071,0.29172,0.53468,0.50883,0.61476,0.57363,1490.55681,1418.34032,0.41796,0.58204,2.58086,1.76693,1.0,,,,
240.0,32.33333,86.33333,0.37467,5.0,23.0,0.21167,14.0,18.66667,0.755,10.66667,37.33333,48.0,19.66667,5.0,5.33333,15.66667,17.66667,83.66667,240.0,38.66667,84.66667,0.45633,11.33333,31.0,0.36233,14.0,20.0,0.70567,6.0,39.66667,45.66667,25.33333,9.66667,5.33333,9.33333,20.0,102.66667,0,0.29638,-0.29638,0.16075,0.29444,0.52177,0.40381,0.57607,0.4632,1581.64775,1456.12844,0.34737,0.65263,3.09317,1.56466,1.0,240.0,39.0,83.66667,0.468,9.66667,27.66667,0.35167,13.66667,18.66667,0.74133,12.0,32.33333,44.33333,23.33333,8.66667,1.33333,16.66667,21.66667,101.33333,240.0,36.33333,76.33333,0.47833,10.33333,27.33333,0.37733,19.33333,27.0,0.719,7.33333,29.33333,36.66667,21.33333,12.33333,4.66667,14.33333,17.33333,102.33333,0,0.01811,-0.01811,0.23166,0.41198,0.54583,0.52568,0.62387,0.57927,1504.11296,1516.84023,0.51911,0.48089,1.96382,2.11926,0.66667,,,,
240.0,40.0,85.66667,0.47,8.33333,21.33333,0.39567,22.66667,26.66667,0.82933,11.66667,32.33333,44.0,20.0,8.33333,3.66667,11.66667,19.33333,111.0,240.0,40.33333,83.33333,0.484,10.33333,28.66667,0.35933,20.33333,24.33333,0.85233,9.0,31.0,40.0,22.66667,5.33333,3.0,11.66667,19.66667,111.33333,0,0.0028,-0.0028,0.29665,0.37193,0.54609,0.51839,0.62715,0.61083,1475.78461,1597.92623,0.65274,0.34726,1.72593,3.80497,0.66667,240.0,41.0,88.66667,0.46233,11.0,28.33333,0.38967,17.33333,18.66667,0.92967,10.0,35.0,45.0,22.33333,10.0,5.0,13.66667,19.33333,110.33333,240.0,40.66667,86.0,0.47167,12.0,30.66667,0.38833,18.33333,22.0,0.82667,9.66667,34.66667,44.33333,21.0,8.66667,2.0,14.33333,18.33333,111.66667,0,0.01342,-0.01342,0.29004,0.30017,0.54148,0.52424,0.61391,0.59422,1509.07327,1491.05623,0.47765,0.52235,2.53683,2.1798,0.66667,,,,
240.0,40.66667,82.0,0.49,11.0,23.0,0.48,21.0,24.0,0.87967,11.33333,37.33333,48.66667,22.0,6.66667,4.33333,15.0,18.66667,113.33333,240.0,38.0,85.0,0.444,8.33333,23.33333,0.35733,13.33333,18.0,0.70933,7.0,27.33333,34.33333,19.33333,9.66667,5.0,14.0,21.0,97.66667,1,-0.20392,0.20392,0.19141,0.40815,0.4935,0.55549,0.54801,0.64653,1466.86255,1517.06718,0.54329,0.45671,1.85502,2.21759,0.0,248.33333,40.0,87.66667,0.46033,13.66667,33.33333,0.41833,20.33333,24.33333,0.81367,12.0,34.0,46.0,25.0,8.66667,4.66667,14.33333,15.33333,114.0,248.33333,44.0,91.66667,0.47933,9.0,20.33333,0.43767,11.0,14.0,0.801,12.0,29.0,41.0,24.33333,8.33333,4.66667,13.33333,19.0,108.0,1,-0.08017,0.08017,0.35804,0.40659,0.52872,0.53612,0.57007,0.61725,1317.55391,1490.32483,0.71773,0.28227,1.41061,3.91727,0.33333,,,,
240.0,45.0,86.66667,0.52267,16.0,33.33333,0.48467,16.33333,21.66667,0.74833,9.33333,37.0,46.33333,27.66667,7.33333,5.66667,15.33333,19.33333,122.33333,240.0,41.33333,95.0,0.43533,10.0,30.66667,0.344,15.66667,22.33333,0.701,13.0,30.0,43.0,24.0,8.33333,4.33333,11.0,19.66667,108.33333,1,-0.17354,0.17354,0.38706,0.30697,0.48807,0.61524,0.54283,0.67279,1390.67737,1480.00472,0.59805,0.40195,1.71556,2.61582,0.0,240.0,42.0,83.66667,0.50533,11.66667,30.33333,0.40033,18.66667,22.66667,0.819,8.0,31.33333,39.33333,24.0,7.66667,5.0,12.66667,17.33333,114.33333,240.0,42.33333,91.0,0.46367,8.33333,25.33333,0.327,13.0,16.33333,0.79667,11.0,32.0,43.0,23.0,7.66667,6.33333,13.0,18.0,106.0,1,-0.11266,0.11266,0.35114,0.24738,0.50887,0.5776,0.55906,0.65313,1548.84513,1543.84606,0.48317,0.51683,2.14291,2.01372,0.0,,,,
240.0,43.33333,87.0,0.49867,12.0,33.0,0.36433,18.0,22.66667,0.80067,9.0,33.0,42.0,27.66667,8.33333,7.33333,13.66667,20.0,116.66667,240.0,43.66667,93.33333,0.46767,11.33333,29.0,0.39267,17.66667,20.66667,0.83833,13.0,32.33333,45.33333,25.33333,7.66667,1.0,14.0,17.66667,116.33333,1,-0.00287,0.00287,0.39859,0.28061,0.52819,0.56746,0.59423,0.63437,1485.16492,1634.71026,0.70511,0.29489,1.42463,3.4928,0.66667,248.33333,38.0,86.66667,0.43767,11.66667,32.66667,0.35167,21.0,28.33333,0.756,12.33333,30.66667,43.0,22.0,9.66667,4.66667,13.66667,18.0,108.66667,248.33333,40.33333,85.0,0.47933,11.0,25.33333,0.434,14.33333,16.33333,0.886,11.0,34.33333,45.33333,29.33333,7.66667,3.33333,17.66667,24.0,106.0,1,-0.02794,0.02794,0.34876,0.36023,0.54426,0.50466,0.60342,0.58459,1550.12203,1560.18035,0.50269,0.49731,2.01996,2.03755,0.33333,,,,
240.0,36.0,85.66667,0.42067,8.33333,33.0,0.25033,14.0,19.33333,0.72467,9.33333,35.0,44.33333,20.0,8.33333,5.66667,15.0,18.33333,94.33333,240.0,40.33333,90.66667,0.443,10.0,28.66667,0.345,15.0,18.33333,0.817,13.0,37.66667,50.66667,26.33333,8.66667,6.0,14.33333,18.66667,105.66667,0,0.1603,-0.1603,0.37193,0.25695,0.49902,0.46935,0.55823,0.52476,1500.216,1387.3089,0.35419,0.64581,2.82946,1.54944,1.0,248.33333,37.0,89.66667,0.41233,8.33333,23.0,0.352,22.33333,27.33333,0.81033,11.66667,34.66667,46.33333,19.0,8.0,3.33333,13.33333,22.33333,104.66667,248.33333,40.0,84.33333,0.475,12.66667,37.66667,0.335,22.33333,25.33333,0.886,6.66667,38.0,44.66667,25.33333,7.33333,7.66667,15.0,22.33333,115.0,0,0.14127,-0.14127,0.19391,0.31428,0.551,0.4587,0.64122,0.54735,1681.0973,1489.27354,0.25441,0.74559,3.95293,1.34208,0.66667,,,,
240.0,43.33333,91.66667,0.473,11.33333,30.33333,0.376,15.66667,21.33333,0.74167,10.0,32.33333,42.33333,23.66667,5.33333,4.33333,14.33333,21.66667,113.66667,240.0,45.66667,94.33333,0.483,11.0,27.0,0.40267,19.66667,23.0,0.829,13.33333,34.0,47.33333,28.66667,7.66667,7.33333,10.66667,21.0,122.0,1,0.09456,-0.09456,0.41518,0.29861,0.54067,0.5351,0.61258,0.59047,1470.37332,1457.11546,0.49696,0.50304,2.25065,2.22888,0.66667,240.0,39.33333,82.66667,0.47433,10.66667,30.0,0.335,17.33333,23.33333,0.74133,9.0,31.0,40.0,28.0,7.0,4.33333,16.33333,23.0,106.66667,240.0,39.0,81.33333,0.47967,11.33333,32.66667,0.343,21.66667,25.66667,0.84067,6.0,31.66667,37.66667,25.33333,9.0,4.0,12.66667,20.0,111.0,1,0.07781,-0.07781,0.19691,0.29173,0.54922,0.53798,0.6383,0.60388,1396.41122,1468.37596,0.60697,0.39303,1.64955,2.55217,0.66667,,,,
240.0,42.33333,89.66667,0.47267,14.33333,32.0,0.45733,18.0,22.33333,0.791,10.33333,31.33333,41.66667,24.33333,8.33333,4.33333,11.66667,19.33333,117.0,240.0,40.33333,89.33333,0.45067,11.66667,36.33333,0.30433,18.66667,23.66667,0.778,11.66667,33.0,44.66667,20.0,8.33333,4.33333,12.33333,20.33333,111.0,1,-0.08084,0.08084,0.3715,0.31397,0.5172,0.55293,0.58719,0.61862,1538.77807,1572.31958,0.53935,0.46065,2.03521,2.37714,0.33333,240.0,41.66667,86.0,0.48367,12.66667,32.0,0.39833,16.66667,23.66667,0.73667,8.66667,37.0,45.66667,28.0,6.0,5.66667,11.0,18.0,112.66667,240.0,41.66667,92.33333,0.45167,10.66667,28.33333,0.35533,13.0,18.33333,0.7,8.66667,36.33333,45.0,22.66667,6.66667,4.0,10.66667,20.0,107.0,1,-0.0725,0.0725,0.25185,0.24338,0.50834,0.55705,0.55502,0.61696,1396.30899,1568.74951,0.72151,0.27849,1.40297,3.91458,0.33333,,,,
248.33333,40.0,90.33333,0.447,14.33333,40.33333,0.357,15.66667,20.33333,0.76833,10.0,32.66667,42.66667,27.66667,7.33333,4.0,14.0,19.33333,110.0,248.33333,47.33333,93.66667,0.50433,9.66667,19.66667,0.48433,14.33333,19.66667,0.75433,12.66667,38.33333,51.0,25.33333,8.33333,4.33333,13.33333,17.33333,118.66667,0,0.11391,-0.11391,0.39062,0.27544,0.55656,0.52578,0.6053,0.58339,1440.55943,1400.13704,0.45089,0.54911,2.3763,1.94667,1.0,240.0,36.66667,84.66667,0.43267,13.66667,36.66667,0.38233,16.66667,20.0,0.82767,9.0,28.33333,37.33333,22.33333,6.66667,4.66667,15.66667,22.0,103.66667,240.0,42.66667,85.0,0.50033,8.66667,25.0,0.34467,14.0,18.33333,0.76967,7.66667,35.33333,43.0,26.33333,10.0,3.66667,13.33333,17.33333,108.0,0,0.04577,-0.04577,0.29967,0.25396,0.55086,0.51374,0.60398,0.58244,1525.90747,1537.10684,0.518,0.482,2.09016,2.36096,0.66667,,,,
240.0,40.0,87.33333,0.457,12.33333,30.0,0.409,16.66667,24.66667,0.68867,9.66667,28.0,37.66667,23.66667,6.66667,3.66667,8.33333,20.0,109.0,240.0,45.0,83.0,0.54033,10.0,23.0,0.445,16.33333,19.0,0.878,5.66667,37.33333,43.0,27.66667,3.33333,3.0,11.66667,21.0,116.33333,0,0.09123,-0.09123,0.1999,0.27404,0.60026,0.52733,0.66578,0.58715,1569.66948,1522.50801,0.43513,0.56487,2.3008,1.77153,0.66667,248.33333,40.33333,90.0,0.44967,10.66667,25.66667,0.41067,18.0,22.0,0.81467,12.0,36.0,48.0,21.66667,7.33333,3.0,15.66667,21.33333,109.33333,248.33333,42.33333,86.66667,0.49,13.0,35.66667,0.361,21.33333,24.0,0.88767,6.0,35.33333,41.33333,26.0,8.0,6.0,12.66667,19.33333,119.0,0,0.13005,-0.13005,0.16974,0.34212,0.56597,0.50945,0.64983,0.57815,1675.39674,1477.50627,0.24759,0.75241,4.04925,1.32941,0.66667,,,,
240.0,35.66667,87.66667,0.40733,8.66667,27.33333,0.30367,16.33333,22.33333,0.72833,9.33333,38.66667,48.0,19.33333,6.33333,5.66667,13.0,17.33333,96.33333,240.0,41.0,89.33333,0.45767,12.66667,36.33333,0.34633,15.33333,19.66667,0.83033,8.66667,39.33333,48.0,26.0,5.0,6.0,12.33333,17.33333,110.0,0,0.19117,-0.19117,0.22571,0.2378,0.52905,0.4582,0.58647,0.52301,1444.47173,1397.09397,0.46436,0.53564,2.47554,2.02004,1.0,240.0,42.33333,88.33333,0.48133,12.0,32.66667,0.34467,9.0,12.66667,0.70933,8.33333,32.33333,40.66667,28.33333,5.66667,6.0,12.66667,23.0,105.66667,240.0,40.66667,88.0,0.46233,12.33333,26.33333,0.472,15.66667,22.0,0.716,12.33333,35.33333,47.66667,27.66667,5.66667,5.0,15.0,15.66667,109.33333,0,0.05721,-0.05721,0.3836,0.23238,0.53243,0.54889,0.58908,0.58179,1513.06111,1508.80318,0.50026,0.49974,2.1677,2.24621,0.66667,,,,
240.0,36.33333,89.0,0.40867,13.0,36.0,0.35367,10.66667,13.66667,0.78767,6.66667,35.0,41.66667,23.33333,7.0,5.33333,13.33333,22.33333,96.33333,240.0,38.66667,85.33333,0.45067,11.66667,36.66667,0.32133,19.33333,26.33333,0.73867,8.0,41.33333,49.33333,24.33333,7.66667,5.33333,12.0,18.0,108.33333,0,0.16345,-0.16345,0.26026,0.16803,0.5194,0.48108,0.59369,0.52373,1553.29347,1467.68405,0.40492,0.59508,2.7239,1.74762,1.0,240.0,42.33333,86.0,0.49133,11.66667,32.66667,0.35667,16.66667,23.0,0.765,6.66667,36.66667,43.33333,29.0,6.66667,6.66667,8.33333,19.0,113.0,240.0,41.0,92.0,0.446,10.33333,30.0,0.32567,13.66667,18.66667,0.72067,8.66667,36.66667,45.33333,23.0,5.33333,4.33333,10.0,18.33333,106.0,0,-0.09083,0.09083,0.25532,0.1826,0.50087,0.55903,0.55125,0.61979,1405.79725,1552.57011,0.68125,0.31875,1.53129,3.69937,0.33333,,,,
240.0,43.33333,86.33333,0.50233,14.33333,31.66667,0.452,16.66667,21.33333,0.78033,7.33333,35.33333,42.66667,24.0,8.66667,6.0,12.0,23.66667,117.66667,240.0,36.33333,87.66667,0.41367,10.0,32.33333,0.31733,17.33333,23.33333,0.75033,12.0,31.66667,43.66667,22.33333,6.33333,3.66667,14.66667,19.66667,100.0,1,-0.24022,0.24022,0.35665,0.22948,0.47089,0.5854,0.53771,0.64681,1517.93633,1510.65308,0.45719,0.54281,2.32018,1.95126,0.0,240.0,42.66667,83.66667,0.50967,9.0,25.66667,0.337,25.66667,34.0,0.75767,11.66667,29.33333,41.0,24.0,7.66667,4.66667,14.33333,22.66667,120.0,240.0,45.0,91.66667,0.491,10.66667,30.66667,0.34767,18.0,24.33333,0.73467,13.66667,29.33333,43.0,31.0,9.66667,5.33333,14.66667,27.0,118.66667,1,-0.01662,0.01662,0.47348,0.40507,0.54896,0.56512,0.61198,0.66014,1541.04972,1587.3283,0.56212,0.43788,1.83392,2.44721,0.33333,,,,
240.0,36.0,84.0,0.42967,10.66667,31.0,0.34633,21.0,29.66667,0.72267,11.66667,31.0,42.66667,24.66667,10.0,3.66667,15.66667,19.0,103.66667,240.0,41.0,86.0,0.479,13.0,28.66667,0.44733,13.66667,18.33333,0.75567,10.66667,33.66667,44.33333,27.0,8.66667,6.33333,15.66667,24.33333,108.66667,1,0.07177,-0.07177,0.34716,0.3494,0.55352,0.49338,0.60645,0.57333,1484.06051,1568.64643,0.62338,0.37662,1.62646,2.77546,0.66667,240.0,42.0,86.66667,0.48567,11.0,27.0,0.41633,19.33333,24.0,0.84933,7.33333,33.66667,41.0,26.66667,8.66667,4.0,10.33333,18.66667,114.33333,240.0,43.33333,90.66667,0.47767,9.33333,31.0,0.32133,12.66667,20.0,0.641,11.0,35.0,46.0,20.66667,6.66667,2.0,13.0,21.0,108.66667,1,-0.08431,0.08431,0.32769,0.22243,0.52883,0.54914,0.57006,0.62305,1505.24378,1505.67865,0.48759,0.51241,2.13029,2.00641,0.33333,,,,
240.0,44.66667,81.33333,0.54933,16.33333,32.33333,0.472,17.0,20.33333,0.83767,6.66667,28.66667,35.33333,30.0,10.0,4.0,16.33333,21.33333,122.66667,240.0,45.0,90.33333,0.49867,9.33333,25.66667,0.36367,14.66667,19.33333,0.763,13.33333,27.0,40.33333,26.0,9.33333,3.33333,15.0,19.66667,114.0,0,-0.10432,0.10432,0.46175,0.24788,0.54996,0.64671,0.6025,0.71363,1457.30376,1543.43467,0.60798,0.39202,1.66564,2.64976,0.0,248.33333,44.0,90.33333,0.487,9.0,27.33333,0.33,16.33333,21.0,0.78433,11.33333,39.66667,51.0,22.66667,7.33333,3.33333,15.0,21.33333,113.33333,248.33333,41.33333,89.66667,0.461,12.33333,32.0,0.39133,14.33333,19.33333,0.731,8.33333,32.66667,41.0,25.0,8.33333,2.0,12.66667,21.0,109.33333,0,-0.04682,0.04682,0.21028,0.36788,0.52968,0.53659,0.58219,0.59646,1458.40684,1530.41602,0.59265,0.40735,1.69574,2.48227,0.33333,,,,
240.0,41.66667,87.0,0.48033,5.66667,24.66667,0.23267,15.33333,22.0,0.69967,9.66667,30.33333,40.0,25.66667,6.33333,6.66667,13.0,19.66667,104.33333,240.0,43.0,87.33333,0.49233,11.0,27.66667,0.405,16.33333,21.0,0.811,10.33333,30.33333,40.66667,26.33333,7.33333,4.66667,12.0,20.0,113.33333,0,0.11584,-0.11584,0.35734,0.32843,0.55527,0.51319,0.61719,0.56976,1565.58669,1539.3511,0.47777,0.52223,2.11816,1.93151,1.0,240.0,42.0,81.66667,0.51433,8.33333,26.33333,0.318,14.66667,23.0,0.63867,8.66667,31.33333,40.0,24.33333,7.33333,6.0,13.66667,20.33333,107.0,240.0,43.66667,88.33333,0.49733,13.33333,31.66667,0.41867,17.0,20.0,0.847,10.66667,30.66667,41.33333,29.0,9.0,1.66667,12.33333,16.66667,117.66667,0,0.13707,-0.13707,0.34039,0.29977,0.57397,0.56587,0.63842,0.61753,1530.90682,1560.52087,0.5636,0.4364,1.79718,2.352,1.0,,,,
248.33333,37.66667,91.66667,0.41133,8.66667,25.0,0.34133,14.66667,21.66667,0.68233,14.33333,29.33333,43.66667,20.0,9.66667,2.0,15.0,20.66667,98.66667,248.33333,41.0,82.66667,0.496,14.0,34.33333,0.40733,18.33333,23.33333,0.791,9.33333,36.33333,45.66667,28.0,9.66667,5.0,15.66667,20.33333,114.33333,0,0.21159,-0.21159,0.31916,0.40862,0.58095,0.45842,0.65205,0.51172,1523.06224,1465.30065,0.44095,0.55905,2.68305,1.92878,1.0,240.0,43.66667,86.0,0.50933,13.66667,32.33333,0.417,18.0,24.0,0.767,7.66667,34.0,41.66667,28.66667,4.66667,2.66667,10.0,20.0,119.0,240.0,44.0,90.66667,0.484,10.0,26.66667,0.38533,16.33333,23.66667,0.696,12.0,35.0,47.0,24.0,5.33333,3.0,9.66667,20.33333,114.33333,0,-0.06439,0.06439,0.36268,0.22669,0.5389,0.58891,0.59501,0.65416,1500.83825,1508.00925,0.50464,0.49536,2.07501,2.0934,0.33333,,,,
240.0,36.66667,85.66667,0.43067,13.0,35.33333,0.36467,17.66667,26.0,0.66433,11.66667,34.0,45.66667,22.66667,6.33333,5.66667,11.0,15.33333,104.0,240.0,42.66667,91.0,0.47067,12.0,28.33333,0.42867,11.66667,14.33333,0.81867,9.66667,35.66667,45.33333,26.66667,5.66667,4.33333,9.66667,21.33333,109.0,0,0.0874,-0.0874,0.28345,0.32335,0.53669,0.50734,0.58058,0.57155,1404.40976,1578.76441,0.74186,0.25814,1.35438,4.06572,0.33333,240.0,40.0,92.33333,0.43467,6.33333,27.33333,0.21967,18.66667,25.0,0.73233,11.33333,27.66667,39.0,25.0,6.33333,3.66667,13.0,16.33333,105.0,240.0,49.0,83.66667,0.58633,12.33333,26.0,0.47567,18.0,23.33333,0.78833,7.0,34.66667,41.66667,34.0,7.0,10.0,14.0,20.0,128.33333,0,0.31003,-0.31003,0.26805,0.32211,0.66089,0.4699,0.72429,0.53849,1632.63584,1464.55766,0.30566,0.69434,3.94754,1.47452,1.0,,,,
240.0,38.66667,86.66667,0.44633,7.33333,22.66667,0.323,18.0,24.33333,0.73767,11.0,36.0,47.0,20.66667,10.33333,4.33333,16.66667,20.66667,102.66667,240.0,36.33333,85.33333,0.425,10.66667,30.33333,0.34933,20.66667,25.66667,0.80967,12.0,33.33333,45.33333,18.66667,10.33333,9.0,15.33333,22.66667,104.0,1,0.0164,-0.0164,0.34649,0.33835,0.48696,0.48842,0.57117,0.55815,1434.46893,1516.60415,0.61487,0.38513,1.64159,2.67096,0.66667,240.0,34.66667,78.66667,0.44533,9.66667,30.0,0.331,22.66667,31.0,0.73333,9.33333,28.33333,37.66667,22.33333,10.66667,5.33333,12.0,19.66667,101.66667,240.0,38.33333,82.66667,0.46667,10.66667,27.0,0.39967,14.33333,18.0,0.81367,14.33333,34.33333,48.66667,28.0,5.66667,5.0,17.33333,25.66667,101.66667,1,0.00035,-0.00035,0.50233,0.26276,0.53134,0.50726,0.58977,0.59982,1549.87049,1635.08678,0.62167,0.37833,1.6231,2.70365,0.33333,,,,
240.0,44.33333,87.66667,0.50567,12.0,31.0,0.387,27.33333,33.0,0.82767,7.66667,35.66667,43.33333,27.0,6.33333,5.33333,12.33333,22.0,128.0,240.0,44.66667,92.33333,0.49333,12.66667,29.0,0.44467,21.33333,28.66667,0.766,10.0,32.0,42.0,25.66667,8.0,6.66667,11.0,26.66667,123.33333,1,-0.05621,0.05621,0.2616,0.24195,0.56406,0.57423,0.6371,0.67424,1503.74523,1528.44453,0.51806,0.48194,2.13734,2.51436,0.33333,240.0,42.0,81.33333,0.51633,8.66667,24.33333,0.33833,23.0,31.0,0.73767,10.66667,30.0,40.66667,23.33333,5.66667,4.66667,14.33333,21.66667,115.66667,240.0,46.0,93.66667,0.49133,10.66667,31.0,0.34433,15.0,20.33333,0.74567,13.66667,27.33333,41.0,31.66667,9.33333,4.0,11.66667,24.0,117.66667,1,0.02539,-0.02539,0.46584,0.39951,0.54785,0.57079,0.59942,0.65714,1538.8198,1589.65335,0.57212,0.42788,1.79372,2.48712,0.66667,,,,
240.0,35.33333,84.66667,0.41733,12.0,31.33333,0.38567,14.0,18.0,0.78067,6.66667,28.0,34.66667,22.66667,9.66667,5.0,13.66667,19.33333,96.66667,240.0,40.0,80.66667,0.49633,10.0,27.66667,0.36533,17.33333,21.66667,0.78967,9.66667,38.0,47.66667,26.0,6.33333,5.66667,16.33333,17.0,107.33333,0,0.1565,-0.1565,0.35062,0.17725,0.5585,0.48838,0.62796,0.54508,1558.22722,1402.69897,0.29965,0.70035,3.36308,1.43006,1.0,240.0,34.66667,88.0,0.395,12.33333,33.0,0.374,15.33333,22.66667,0.67633,9.0,34.0,43.0,20.0,7.0,5.66667,12.66667,18.33333,97.0,240.0,41.33333,92.0,0.44833,11.33333,33.66667,0.338,17.0,21.33333,0.81567,11.0,42.33333,53.33333,26.66667,7.33333,6.66667,11.33333,20.0,111.0,0,0.20048,-0.20048,0.35224,0.22786,0.50988,0.46431,0.57386,0.52234,1477.57941,1524.00155,0.59856,0.40144,1.69213,2.58013,0.66667,,,,
240.0,38.0,83.66667,0.45667,6.33333,22.33333,0.28467,16.33333,22.33333,0.71333,8.0,34.66667,42.66667,25.66667,7.0,3.33333,13.0,23.33333,98.66667,240.0,36.66667,78.0,0.47133,8.66667,28.0,0.30567,23.33333,30.33333,0.76533,6.0,35.33333,41.33333,20.66667,7.66667,6.0,11.0,18.66667,105.33333,0,0.09341,-0.09341,0.17326,0.22123,0.52627,0.4946,0.62383,0.56013,1509.82322,1385.0752,0.33953,0.66047,3.14934,1.54941,1.0,240.0,39.33333,83.33333,0.47233,12.0,31.33333,0.38667,16.33333,22.66667,0.77567,11.0,35.66667,46.66667,23.66667,6.66667,4.33333,14.66667,15.0,107.0,240.0,39.33333,89.0,0.44033,13.33333,31.33333,0.421,12.0,18.33333,0.65,9.66667,33.33333,43.0,23.0,9.66667,2.33333,13.0,20.0,104.0,0,-0.04666,0.04666,0.27913,0.33745,0.51454,0.54428,0.55751,0.60559,1386.28822,1541.09679,0.70376,0.29624,1.43141,3.50377,0.33333,,,,
240.0,42.0,90.66667,0.46367,8.0,23.66667,0.33367,20.66667,28.33333,0.706,9.0,37.33333,46.33333,25.0,9.0,5.66667,14.66667,26.66667,112.66667,240.0,39.66667,90.66667,0.43633,12.66667,30.66667,0.40667,21.33333,26.66667,0.80967,9.66667,38.0,47.66667,25.33333,7.33333,7.0,16.66667,23.0,113.33333,0,0.0039,-0.0039,0.25843,0.23986,0.50613,0.50761,0.58611,0.58237,1415.83984,1320.0856,0.36661,0.63339,2.83712,1.59615,0.66667,240.0,39.66667,84.0,0.476,11.66667,28.0,0.41033,18.33333,23.33333,0.78267,11.0,31.0,42.0,24.0,9.0,3.33333,18.0,21.33333,109.33333,240.0,39.66667,86.33333,0.458,10.0,29.0,0.34567,17.33333,24.0,0.72633,13.33333,27.33333,40.66667,20.33333,9.66667,6.33333,13.0,20.0,106.66667,0,-0.02325,0.02325,0.43581,0.39402,0.51662,0.54645,0.5825,0.61763,1486.54013,1509.55671,0.52081,0.47919,1.94182,2.1197,0.66667,,,,
248.33333,38.0,81.66667,0.462,10.0,25.0,0.39767,20.66667,25.0,0.82433,9.0,33.33333,42.33333,21.66667,6.66667,3.33333,14.33333,20.0,106.66667,248.33333,40.66667,89.33333,0.45533,8.66667,31.0,0.28067,21.0,24.66667,0.84733,12.33333,32.66667,45.0,24.0,7.66667,3.66667,11.0,18.33333,111.0,0,0.06951,-0.06951,0.39774,0.27858,0.50374,0.52254,0.5862,0.60923,1520.38153,1486.76461,0.47155,0.52845,2.45499,2.04242,0.33333,240.0,41.0,85.66667,0.48033,7.66667,30.33333,0.25433,16.0,20.33333,0.77867,8.33333,34.33333,42.66667,23.33333,8.33333,3.66667,15.66667,20.33333,105.66667,240.0,44.0,91.66667,0.47933,11.0,28.33333,0.388,14.0,20.0,0.72267,13.0,35.66667,48.66667,25.33333,10.0,3.33333,15.33333,18.0,113.0,0,0.09851,-0.09851,0.38275,0.2393,0.54038,0.52487,0.58901,0.58683,1510.56391,1462.96068,0.4433,0.5567,2.37548,1.86608,0.66667,,,,
240.0,43.33333,87.33333,0.49533,10.66667,30.0,0.35333,12.33333,14.33333,0.882,7.0,36.0,43.0,30.33333,8.0,5.0,11.33333,18.66667,109.66667,240.0,40.33333,87.0,0.463,8.66667,28.66667,0.328,12.66667,17.66667,0.72333,8.66667,32.33333,41.0,21.33333,7.66667,1.66667,12.33333,16.0,102.0,1,-0.10789,0.10789,0.23855,0.22007,0.51306,0.55713,0.56082,0.60583,1449.82915,1559.56278,0.64458,0.35542,1.56256,2.87198,0.0,248.33333,43.66667,92.66667,0.47133,15.33333,35.0,0.42533,13.66667,18.0,0.762,11.0,33.66667,44.66667,26.66667,8.0,6.33333,15.0,20.33333,116.33333,248.33333,43.66667,92.0,0.47433,8.0,25.33333,0.31533,18.33333,22.66667,0.79633,11.33333,32.66667,44.0,23.66667,8.33333,6.0,13.0,19.0,113.66667,1,-0.02363,0.02363,0.34758,0.33397,0.51786,0.55699,0.58489,0.60566,1492.21857,1474.4552,0.4694,0.5306,2.20935,1.93016,0.33333,,,,
240.0,36.0,78.66667,0.458,11.66667,31.66667,0.36833,15.33333,22.33333,0.69,8.66667,38.66667,47.33333,25.33333,9.33333,6.66667,14.0,18.0,99.0,240.0,33.0,86.66667,0.38033,6.0,25.0,0.23433,12.33333,16.0,0.76767,11.66667,32.33333,44.0,14.33333,6.66667,5.0,13.33333,21.0,84.33333,1,-0.23316,0.23316,0.3061,0.26632,0.41521,0.53225,0.46717,0.59317,1394.49082,1539.77004,0.66919,0.33081,1.54168,3.34132,0.0,248.33333,46.0,100.33333,0.45833,7.33333,22.66667,0.32367,19.0,26.0,0.72833,12.33333,40.33333,52.66667,27.66667,10.33333,4.66667,13.0,24.0,118.33333,248.33333,43.0,93.66667,0.46,7.33333,26.33333,0.28133,22.0,27.33333,0.81367,8.0,38.66667,46.66667,26.66667,6.33333,10.33333,14.66667,19.33333,115.33333,1,-0.04619,0.04619,0.19447,0.31949,0.49932,0.49528,0.57926,0.55866,1492.5101,1454.26124,0.43988,0.56012,2.50016,1.86339,0.66667,,,,
248.33333,42.0,87.33333,0.48333,11.33333,34.33333,0.33433,18.0,25.66667,0.71833,8.66667,32.33333,41.0,28.33333,9.0,6.33333,9.33333,21.33333,113.33333,248.33333,39.66667,83.66667,0.47367,11.66667,26.66667,0.436,15.0,22.33333,0.67167,10.66667,36.0,46.66667,26.0,4.0,4.66667,15.33333,22.33333,106.0,1,-0.09885,0.09885,0.35183,0.23926,0.54288,0.54835,0.59709,0.61173,1466.81588,1687.18217,0.77159,0.22841,1.30524,4.69862,0.0,240.0,44.66667,88.66667,0.505,11.66667,28.66667,0.39867,20.33333,24.33333,0.83067,8.33333,36.0,44.33333,27.66667,8.66667,6.33333,11.33333,14.66667,121.33333,240.0,45.66667,96.33333,0.47433,8.33333,23.66667,0.36533,12.33333,15.66667,0.78533,11.33333,32.0,43.33333,23.0,8.0,2.66667,12.66667,19.0,112.0,1,-0.11511,0.11511,0.31671,0.25832,0.51733,0.57087,0.56128,0.64637,1433.24851,1591.52582,0.70643,0.29357,1.42123,3.50084,0.0,,,,
240.0,38.66667,84.33333,0.45833,12.0,30.66667,0.39167,16.33333,19.0,0.85967,6.0,31.0,37.0,25.33333,7.66667,5.66667,10.33333,21.33333,105.66667,240.0,40.66667,87.33333,0.468,7.0,27.33333,0.248,21.66667,27.66667,0.78567,12.33333,35.66667,48.0,25.66667,5.33333,3.66667,12.33333,16.0,110.0,0,0.05785,-0.05785,0.39236,0.16852,0.50866,0.52967,0.59172,0.59693,1489.11148,1403.5362,0.38703,0.61297,2.7325,1.66936,0.66667,240.0,39.66667,85.33333,0.463,11.66667,31.33333,0.36367,15.66667,21.33333,0.72133,10.0,32.66667,42.66667,23.0,5.33333,5.0,14.33333,26.66667,106.66667,240.0,38.0,85.33333,0.445,11.33333,32.33333,0.342,21.33333,31.66667,0.67667,13.33333,31.66667,45.0,20.33333,8.33333,4.0,11.66667,20.33333,108.66667,0,0.0346,-0.0346,0.41468,0.31975,0.51326,0.53102,0.59033,0.59119,1580.14994,1456.27849,0.33408,0.66592,3.03172,1.50709,0.33333,,,,
240.0,36.66667,80.33333,0.45633,8.66667,21.0,0.41333,18.0,21.33333,0.86133,10.0,33.33333,43.33333,18.66667,10.33333,3.66667,16.0,20.33333,100.0,240.0,33.33333,81.66667,0.40833,10.33333,29.66667,0.35133,19.0,24.0,0.79333,11.33333,31.0,42.33333,20.66667,9.33333,6.66667,15.0,19.33333,96.0,1,-0.05861,0.05861,0.33851,0.32651,0.47134,0.51033,0.55217,0.58842,1537.84997,1516.89567,0.46754,0.53246,2.19013,1.91446,0.0,240.0,35.66667,81.0,0.44067,11.66667,27.33333,0.428,19.0,26.66667,0.73033,5.33333,28.33333,33.66667,23.66667,7.66667,3.33333,10.33333,22.0,102.0,240.0,40.66667,84.66667,0.483,9.0,28.66667,0.32167,19.66667,25.66667,0.764,13.0,37.33333,50.33333,27.66667,5.0,3.66667,14.0,20.33333,110.0,1,0.10792,-0.10792,0.4789,0.14241,0.53621,0.51239,0.6121,0.58753,1575.59458,1469.2184,0.36345,0.63655,2.84086,1.58577,1.0,,,,
240.0,36.33333,90.33333,0.40333,7.33333,25.33333,0.27867,18.66667,26.0,0.70833,11.33333,35.0,46.33333,18.33333,5.33333,4.66667,13.66667,25.0,98.66667,240.0,44.66667,90.66667,0.49367,9.66667,29.33333,0.33433,21.33333,27.66667,0.76867,10.0,39.66667,49.66667,29.33333,7.0,9.0,11.0,19.0,120.33333,1,0.29518,-0.29518,0.28363,0.28684,0.54694,0.44619,0.62256,0.5162,1554.0998,1322.53044,0.21972,0.78028,4.8404,1.28687,1.0,240.0,36.33333,79.0,0.458,11.33333,29.33333,0.37033,24.33333,30.0,0.82967,8.0,34.33333,42.33333,22.0,8.66667,6.33333,15.33333,19.33333,108.33333,240.0,37.0,83.66667,0.44167,10.33333,24.66667,0.414,12.66667,16.33333,0.776,6.66667,31.33333,38.0,23.0,9.33333,3.66667,16.0,25.33333,97.0,1,-0.16058,0.16058,0.19764,0.26022,0.50286,0.52851,0.55493,0.63168,1418.49794,1536.07543,0.65005,0.34995,1.54543,2.91041,0.0,,,,
248.33333,39.0,92.33333,0.42033,10.0,34.66667,0.289,17.0,23.0,0.746,16.33333,32.66667,49.0,20.0,6.66667,5.33333,16.0,20.33333,105.0,248.33333,44.0,92.0,0.47833,13.66667,33.0,0.416,11.0,15.33333,0.72267,11.0,33.66667,44.66667,30.66667,8.0,6.33333,14.33333,22.66667,112.66667,0,0.12539,-0.12539,0.34542,0.50934,0.55294,0.47417,0.59103,0.53619,1476.80214,1570.00705,0.62693,0.37307,1.70969,3.25226,0.33333,240.0,40.0,87.66667,0.456,8.0,26.33333,0.28967,17.0,18.33333,0.92833,7.66667,34.33333,42.0,20.0,9.0,6.0,14.33333,20.0,105.0,240.0,41.66667,89.66667,0.46633,12.0,32.33333,0.36833,20.33333,25.33333,0.80367,11.66667,36.33333,48.0,21.33333,9.33333,2.66667,12.66667,17.0,115.66667,0,0.1421,-0.1421,0.34242,0.21146,0.5339,0.50118,0.60948,0.57188,1519.94708,1512.10603,0.51005,0.48995,2.43081,2.34535,1.0,,,,
240.0,40.0,89.0,0.446,8.0,24.66667,0.32333,17.66667,21.66667,0.80567,11.0,26.66667,37.66667,22.66667,5.33333,6.66667,14.66667,19.66667,105.66667,240.0,44.66667,82.33333,0.54233,10.0,22.66667,0.448,17.0,23.66667,0.71833,8.66667,33.66667,42.33333,29.66667,11.33333,5.66667,13.66667,18.0,116.33333,0,0.14346,-0.14346,0.34641,0.32473,0.60334,0.49102,0.66436,0.56221,1505.46319,1430.33242,0.41213,0.58787,2.52276,1.74187,0.66667,248.33333,37.66667,84.66667,0.44833,11.66667,31.33333,0.384,22.0,27.33333,0.79867,11.66667,37.0,48.66667,23.0,10.0,5.0,15.33333,15.66667,109.0,248.33333,41.33333,90.0,0.45767,7.66667,22.0,0.36433,12.0,14.0,0.86,10.0,31.0,41.0,20.0,9.0,5.33333,14.0,20.0,102.33333,0,-0.09405,0.09405,0.27038,0.37666,0.50093,0.51538,0.54945,0.60464,1312.89022,1509.21817,0.7429,0.2571,1.36373,4.27926,0.33333,,,,
240.0,47.33333,87.33333,0.54233,14.66667,35.0,0.418,11.33333,16.33333,0.70833,6.0,38.0,44.0,35.33333,7.0,7.66667,10.33333,22.66667,120.66667,240.0,38.66667,87.33333,0.444,9.0,25.66667,0.345,15.33333,22.0,0.70133,7.66667,34.33333,42.0,23.33333,6.0,4.33333,10.66667,16.0,101.66667,1,-0.24732,0.24732,0.21366,0.177,0.49619,0.62632,0.55281,0.66407,1434.27491,1676.2293,0.78565,0.21435,1.27977,4.95928,0.0,240.0,37.33333,82.66667,0.45433,12.0,32.0,0.37533,21.66667,27.0,0.80833,11.0,29.0,40.0,24.66667,10.0,5.33333,12.33333,18.33333,108.33333,240.0,39.66667,83.33333,0.47933,10.66667,27.33333,0.39467,15.0,16.66667,0.905,11.33333,33.66667,45.0,28.33333,6.0,3.33333,16.33333,24.33333,105.0,1,-0.03762,0.03762,0.38145,0.32387,0.54358,0.52649,0.60694,0.61531,1548.73207,1580.27277,0.5331,0.4669,1.93202,2.22058,0.33333,,,,
240.0,39.0,85.0,0.462,7.0,20.66667,0.341,21.33333,24.33333,0.85733,11.0,34.0,45.0,19.0,7.33333,4.66667,12.33333,20.0,106.33333,240.0,38.66667,86.33333,0.44967,10.33333,30.0,0.344,21.66667,26.0,0.85367,11.33333,31.66667,43.0,21.0,6.66667,3.66667,10.66667,19.33333,109.33333,0,0.0404,-0.0404,0.34903,0.34742,0.5101,0.50284,0.59564,0.59278,1514.62949,1593.66474,0.60284,0.39716,1.8357,3.29486,0.66667,240.0,35.66667,83.0,0.42933,9.33333,30.66667,0.31133,14.66667,17.66667,0.84867,6.66667,35.0,41.66667,16.0,10.66667,3.66667,14.0,21.33333,95.33333,240.0,32.66667,78.0,0.42,7.33333,28.66667,0.254,15.0,19.66667,0.77133,8.0,34.0,42.0,20.66667,6.33333,4.33333,17.33333,17.0,87.66667,0,-0.12384,0.12384,0.22838,0.19851,0.4668,0.48574,0.53287,0.54863,1519.75271,1559.54709,0.5345,0.4655,1.98543,2.41995,0.33333,,,,
240.0,36.33333,83.66667,0.43433,6.33333,28.33333,0.23133,14.66667,19.66667,0.74533,8.66667,33.66667,42.33333,20.33333,8.66667,5.66667,18.0,22.0,93.66667,240.0,39.0,90.66667,0.42767,10.66667,32.33333,0.331,20.0,23.66667,0.84467,14.0,35.66667,49.66667,27.0,10.66667,5.33333,15.0,19.66667,108.66667,0,0.21354,-0.21354,0.41938,0.26255,0.48766,0.47236,0.56746,0.53241,1564.88339,1377.94703,0.28213,0.71787,4.30202,1.41997,1.0,240.0,37.33333,79.33333,0.47033,8.33333,28.33333,0.295,12.33333,17.0,0.73167,7.0,33.33333,40.33333,19.66667,8.66667,6.33333,16.66667,18.0,95.33333,240.0,38.33333,88.66667,0.43,7.33333,22.66667,0.34633,13.33333,17.0,0.791,12.33333,34.0,46.33333,20.0,13.0,3.66667,14.33333,17.33333,97.33333,0,0.01951,-0.01951,0.36641,0.21484,0.47224,0.52286,0.52662,0.57393,1514.14307,1466.13165,0.42884,0.57116,2.40701,1.78034,0.66667,,,,
240.0,42.33333,89.33333,0.47467,12.66667,31.0,0.423,18.0,20.33333,0.893,11.0,34.33333,45.33333,22.66667,8.0,4.0,14.0,16.33333,115.33333,240.0,38.66667,88.0,0.43733,12.33333,36.33333,0.32467,18.33333,23.33333,0.77233,10.0,31.66667,41.66667,20.66667,11.66667,3.33333,12.33333,19.66667,108.0,1,-0.1048,0.1048,0.30341,0.35089,0.50887,0.54532,0.57863,0.61452,1503.95066,1581.33935,0.592,0.408,1.92145,2.94269,0.33333,240.0,42.0,89.0,0.47267,11.66667,33.66667,0.31833,18.0,25.0,0.717,8.0,33.66667,41.66667,21.66667,4.0,5.66667,11.0,23.0,113.66667,240.0,42.66667,89.33333,0.47733,7.66667,27.33333,0.275,23.33333,26.66667,0.87433,10.0,35.66667,45.66667,23.33333,4.66667,6.0,9.66667,19.0,116.33333,1,0.0361,-0.0361,0.29962,0.23406,0.51993,0.5404,0.61086,0.60409,1595.8675,1510.02966,0.38467,0.61533,2.94231,1.74137,0.66667,,,,
248.33333,41.33333,90.0,0.463,16.0,41.0,0.389,19.33333,23.33333,0.83467,10.66667,33.0,43.66667,28.66667,8.0,2.66667,15.66667,18.66667,118.0,248.33333,48.0,92.66667,0.518,9.33333,21.66667,0.433,17.33333,23.0,0.76533,10.66667,35.66667,46.33333,21.66667,11.33333,4.33333,12.0,19.0,122.66667,0,0.05597,-0.05597,0.32144,0.31732,0.56901,0.551,0.62916,0.62292,1451.29923,1404.35094,0.43791,0.56209,2.49066,1.91706,1.0,240.0,35.33333,90.33333,0.39233,7.66667,29.66667,0.24633,18.33333,25.66667,0.693,12.33333,29.66667,42.0,21.33333,6.33333,3.0,14.66667,17.66667,96.66667,240.0,47.0,85.0,0.55533,14.0,29.66667,0.47667,17.0,22.66667,0.75933,7.33333,37.66667,45.0,34.33333,8.0,10.0,13.33333,21.0,125.0,0,0.39967,-0.39967,0.24656,0.32211,0.63826,0.43545,0.69722,0.5042,1637.64747,1473.79092,0.31211,0.68789,3.91039,1.49347,1.0,,,,
240.0,36.0,85.66667,0.41933,8.33333,24.0,0.343,20.66667,29.66667,0.68167,8.33333,31.0,39.33333,20.33333,6.66667,3.33333,8.66667,21.0,101.0,240.0,43.33333,83.66667,0.51633,11.0,28.33333,0.42267,18.0,22.33333,0.82367,6.66667,41.0,47.66667,26.66667,4.0,5.66667,12.0,23.33333,115.66667,0,0.18732,-0.18732,0.20955,0.20277,0.58179,0.46818,0.65228,0.54795,1617.13771,1521.63452,0.3877,0.6123,2.7103,1.65873,1.0,240.0,42.66667,96.33333,0.443,9.33333,27.33333,0.33767,21.33333,25.66667,0.83033,13.66667,38.0,51.66667,27.0,7.66667,4.0,13.66667,23.0,116.0,240.0,40.66667,88.66667,0.459,6.66667,23.0,0.29067,19.0,23.66667,0.818,7.0,33.66667,40.66667,27.0,5.66667,10.66667,14.0,21.66667,107.0,0,-0.1263,0.1263,0.18589,0.4211,0.49653,0.49143,0.56895,0.56887,1490.26386,1481.03141,0.46932,0.53068,2.39695,2.00131,0.33333,,,,
240.0,38.0,88.0,0.43433,7.0,23.33333,0.299,15.0,21.33333,0.70467,10.0,37.33333,47.33333,21.33333,7.0,7.0,15.66667,18.0,98.0,240.0,43.33333,88.66667,0.49,14.0,37.33333,0.37467,14.0,18.33333,0.815,7.66667,37.0,44.66667,28.0,7.0,7.0,13.33333,16.33333,114.66667,0,0.22798,-0.22798,0.20524,0.28091,0.56975,0.47471,0.61985,0.53198,1513.56078,1384.60557,0.3524,0.6476,3.08751,1.59586,1.0,248.33333,38.0,86.33333,0.43733,12.33333,34.33333,0.35633,17.66667,22.33333,0.779,9.0,32.33333,41.33333,26.33333,8.0,5.0,11.0,20.66667,106.0,248.33333,41.0,90.0,0.45533,10.66667,29.33333,0.371,16.33333,22.0,0.741,14.33333,36.66667,51.0,23.0,5.0,3.66667,12.66667,20.33333,109.0,0,0.04924,-0.04924,0.46121,0.24545,0.5149,0.50855,0.57452,0.58019,1468.81848,1576.4045,0.64934,0.35066,1.57971,3.21911,0.33333,,,,
240.0,43.0,87.33333,0.49233,13.33333,31.33333,0.42367,15.66667,20.66667,0.75267,8.0,32.66667,40.66667,25.0,9.66667,5.33333,11.66667,23.33333,115.0,240.0,38.33333,86.66667,0.44167,10.0,28.66667,0.353,16.33333,22.0,0.752,12.33333,34.0,46.33333,22.33333,7.66667,3.0,17.0,20.33333,103.0,0,-0.16548,0.16548,0.40295,0.23699,0.4995,0.56857,0.56196,0.62573,1507.62294,1512.457,0.4918,0.5082,2.11159,2.05164,0.0,240.0,42.33333,94.66667,0.44767,14.33333,33.33333,0.43167,16.33333,19.0,0.85067,10.66667,32.0,42.66667,31.0,7.66667,6.66667,13.0,21.0,115.33333,240.0,46.66667,90.66667,0.517,8.66667,26.33333,0.32967,20.33333,26.66667,0.75967,10.33333,39.0,49.33333,25.66667,10.33333,4.66667,11.33333,18.33333,122.33333,0,0.08683,-0.08683,0.35753,0.28523,0.56523,0.52341,0.63716,0.58375,1536.87931,1443.36343,0.38003,0.61997,2.68876,1.62702,0.66667,,,,
240.0,35.33333,86.0,0.41133,14.0,35.33333,0.39533,12.66667,15.33333,0.82833,7.0,32.66667,39.66667,21.66667,7.0,5.33333,14.33333,19.0,97.33333,240.0,41.33333,89.0,0.46267,10.66667,30.66667,0.34833,16.33333,22.0,0.73967,11.0,39.33333,50.33333,27.33333,8.0,3.66667,13.33333,18.0,109.66667,1,0.16695,-0.16695,0.3547,0.19548,0.52235,0.49164,0.58311,0.5443,1456.76461,1461.2031,0.52829,0.47171,1.94384,2.18687,1.0,240.0,44.33333,90.33333,0.49167,14.66667,33.0,0.445,22.66667,26.33333,0.861,11.0,35.66667,46.66667,28.0,7.33333,4.33333,11.33333,15.66667,126.0,240.0,44.0,93.33333,0.47133,7.66667,24.33333,0.31833,14.0,17.66667,0.79,10.33333,31.33333,41.66667,23.0,8.0,3.66667,12.66667,19.66667,109.66667,1,-0.19978,0.19978,0.29286,0.35473,0.51199,0.57293,0.56413,0.65637,1422.75862,1637.20133,0.76114,0.23886,1.32393,4.52181,0.0,,,,
240.0,35.66667,85.0,0.422,13.33333,35.33333,0.37467,19.0,26.66667,0.71267,10.66667,32.66667,43.33333,23.66667,7.0,5.33333,11.66667,17.33333,103.66667,240.0,42.66667,88.66667,0.482,14.33333,30.66667,0.47,11.33333,14.33333,0.793,9.33333,37.0,46.33333,29.33333,6.66667,4.0,11.66667,22.0,111.0,1,0.11985,-0.11985,0.29007,0.28534,0.56264,0.5009,0.60509,0.57216,1462.46308,1576.77674,0.6516,0.3484,1.65809,3.54631,0.33333,240.0,44.66667,86.0,0.51967,11.0,27.66667,0.37833,13.0,19.0,0.68167,7.66667,34.0,41.66667,27.0,6.33333,2.66667,12.66667,21.0,113.33333,240.0,42.0,86.66667,0.484,13.66667,34.66667,0.399,18.33333,22.66667,0.81033,7.0,33.33333,40.33333,27.0,7.0,3.33333,9.33333,19.0,116.0,1,0.03228,-0.03228,0.21636,0.23159,0.56301,0.58402,0.63206,0.62918,1475.04889,1435.86683,0.45515,0.54485,2.39787,1.92641,0.66667,,,,
240.0,41.66667,83.66667,0.50267,12.0,31.0,0.374,18.33333,22.33333,0.82733,7.66667,32.66667,40.33333,25.33333,8.66667,4.66667,15.0,19.0,113.66667,240.0,43.0,89.66667,0.48033,11.33333,26.0,0.43367,15.0,19.66667,0.767,12.66667,31.33333,44.0,25.0,9.0,2.66667,14.66667,19.66667,112.33333,0,-0.01607,0.01607,0.39967,0.24322,0.54316,0.57295,0.5977,0.64632,1445.97577,1541.93948,0.63656,0.36344,1.58503,2.8276,0.33333,240.0,39.33333,85.0,0.46267,11.33333,27.33333,0.417,19.33333,26.66667,0.714,7.33333,36.0,43.33333,24.0,5.0,4.66667,14.0,21.66667,109.33333,240.0,41.66667,90.33333,0.46,11.66667,34.66667,0.33733,17.66667,21.0,0.86367,9.33333,36.33333,45.66667,25.66667,8.33333,4.66667,12.33333,19.66667,112.66667,0,0.03785,-0.03785,0.27649,0.20473,0.52429,0.52915,0.59239,0.60164,1495.83518,1477.44424,0.48191,0.51809,2.14171,1.97415,0.66667,,,,
248.33333,37.0,89.33333,0.414,10.33333,29.0,0.353,13.0,20.0,0.65467,12.66667,30.33333,43.0,19.0,9.0,3.0,14.33333,20.66667,97.33333,248.33333,41.33333,85.33333,0.484,12.33333,32.66667,0.37967,15.66667,21.33333,0.74667,11.0,36.66667,47.66667,27.33333,9.0,3.33333,14.33333,20.33333,110.66667,0,0.18745,-0.18745,0.36477,0.36642,0.55614,0.47161,0.61451,0.51862,1465.9364,1463.63105,0.51667,0.48333,1.96408,2.11008,1.0,240.0,33.66667,79.33333,0.42833,9.66667,28.0,0.37533,17.66667,23.33333,0.76267,5.66667,28.66667,34.33333,15.66667,10.33333,2.0,13.66667,21.0,94.66667,240.0,35.66667,74.0,0.481,8.66667,29.66667,0.29133,18.33333,25.0,0.72167,8.0,36.0,44.0,21.66667,7.0,5.33333,18.33333,20.66667,98.33333,0,0.05339,-0.05339,0.2886,0.16098,0.53936,0.48918,0.61596,0.56344,1523.10188,1564.01888,0.55914,0.44086,1.98987,2.59208,0.66667,,,,
240.0,41.33333,82.33333,0.50333,12.66667,30.66667,0.41733,21.66667,25.0,0.87533,6.33333,33.66667,40.0,26.33333,8.66667,6.66667,14.0,19.33333,117.0,240.0,42.66667,93.0,0.458,11.0,30.0,0.36933,15.33333,18.0,0.83667,13.66667,32.66667,46.33333,24.33333,7.33333,2.33333,14.33333,20.0,111.66667,1,-0.06973,0.06973,0.40837,0.19633,0.51705,0.57974,0.57531,0.66782,1494.62156,1643.44937,0.69789,0.30211,1.44191,3.43507,0.33333,240.0,41.0,87.66667,0.46733,13.0,32.66667,0.39767,18.33333,24.0,0.75833,11.0,36.33333,47.33333,26.33333,9.0,5.0,20.66667,23.66667,113.33333,240.0,37.33333,87.0,0.433,9.0,31.33333,0.29233,26.0,32.66667,0.79533,9.0,32.66667,41.66667,23.0,12.33333,5.66667,15.0,22.0,109.66667,1,-0.04529,0.04529,0.25829,0.33789,0.48548,0.54168,0.58769,0.6101,1376.43425,1494.5875,0.65321,0.34679,1.5348,2.91248,0.66667,,,,
240.0,36.33333,80.33333,0.45333,12.33333,37.0,0.33467,21.66667,27.0,0.802,10.0,31.0,41.0,18.0,11.0,3.33333,14.33333,21.66667,106.66667,240.0,37.0,80.33333,0.459,8.0,27.0,0.29667,15.0,21.66667,0.69267,7.66667,30.33333,38.0,23.66667,8.33333,4.0,17.0,21.66667,97.0,1,-0.14273,0.14273,0.24731,0.34177,0.50813,0.53041,0.56848,0.61919,1528.31652,1699.12465,0.72141,0.27859,1.38642,3.59358,0.0,240.0,38.66667,84.66667,0.455,11.33333,31.0,0.35733,17.0,22.33333,0.75567,10.0,31.0,41.0,22.66667,8.33333,4.66667,13.33333,26.33333,105.66667,240.0,38.66667,85.0,0.45433,12.66667,32.33333,0.39533,21.33333,30.0,0.73333,13.66667,32.66667,46.33333,22.66667,6.0,4.0,12.66667,18.66667,111.33333,1,0.08379,-0.08379,0.4521,0.31302,0.53026,0.52161,0.60893,0.58858,1577.51752,1443.97763,0.32408,0.67592,3.1471,1.48697,0.66667,,,,
240.0,40.33333,89.0,0.45333,8.33333,20.33333,0.41567,14.66667,19.0,0.72833,8.66667,35.33333,44.0,25.66667,8.0,5.0,11.66667,18.0,103.66667,240.0,39.33333,90.33333,0.43633,8.66667,30.66667,0.28633,15.33333,20.33333,0.75033,12.0,36.33333,48.33333,24.0,7.33333,6.33333,13.33333,18.33333,102.66667,0,-0.01368,0.01368,0.34084,0.24076,0.48429,0.50055,0.54174,0.55622,1577.8448,1548.74359,0.45277,0.54723,2.27072,1.85795,0.66667,240.0,40.66667,90.66667,0.449,11.0,27.33333,0.41333,12.0,15.0,0.76,11.66667,31.33333,43.0,22.33333,6.66667,3.66667,13.33333,21.0,104.33333,240.0,37.33333,84.33333,0.44267,15.66667,45.33333,0.34733,24.0,27.33333,0.881,10.33333,35.66667,46.0,22.33333,9.0,4.0,11.0,17.33333,114.33333,0,0.13538,-0.13538,0.35172,0.33243,0.53522,0.50931,0.63197,0.55436,1693.98754,1498.2383,0.27579,0.72421,4.83325,1.41423,1.0,,,,
240.0,36.33333,83.33333,0.43667,8.33333,24.33333,0.34633,20.0,24.66667,0.81133,11.66667,33.0,44.66667,17.0,11.66667,3.0,18.0,20.33333,101.0,240.0,34.66667,83.66667,0.414,9.33333,27.0,0.34667,20.66667,26.0,0.795,13.0,31.66667,44.66667,19.0,10.33333,8.66667,16.66667,22.66667,99.33333,1,-0.02578,0.02578,0.39375,0.37185,0.46957,0.48626,0.55523,0.57019,1462.18285,1517.63063,0.57284,0.42716,1.79838,2.48412,0.33333,240.0,40.0,85.66667,0.466,8.33333,26.33333,0.30967,22.66667,29.0,0.76033,7.0,31.66667,38.66667,25.66667,5.0,4.33333,8.0,20.0,111.0,240.0,45.0,90.0,0.50233,13.0,29.33333,0.46933,17.66667,21.0,0.863,8.0,37.66667,45.66667,26.66667,4.0,5.33333,8.66667,24.66667,120.66667,1,0.12508,-0.12508,0.24312,0.18405,0.57441,0.51381,0.64009,0.6021,1571.70545,1482.11831,0.38618,0.61382,2.73235,1.65612,0.66667,,,,
240.0,45.0,88.0,0.51133,10.66667,30.0,0.35033,25.0,32.33333,0.772,9.66667,33.66667,43.33333,27.0,8.66667,6.0,16.0,23.33333,125.66667,240.0,45.0,89.0,0.51367,11.0,29.0,0.391,22.66667,31.66667,0.71533,10.0,30.33333,40.33333,26.66667,10.33333,6.66667,15.0,25.33333,123.66667,1,-0.02536,0.02536,0.28197,0.31973,0.57787,0.57213,0.6556,0.66074,1497.76374,1528.79261,0.5352,0.4648,2.05551,2.57291,0.33333,240.0,38.66667,83.33333,0.46433,11.66667,31.33333,0.37533,16.0,19.33333,0.84233,11.33333,32.66667,44.0,23.33333,8.33333,3.66667,16.33333,18.0,105.0,240.0,38.66667,83.0,0.46633,11.0,29.66667,0.371,17.0,24.0,0.7,9.0,31.66667,40.66667,22.33333,11.33333,1.33333,15.33333,18.66667,105.33333,1,-0.00467,0.00467,0.29302,0.35913,0.53283,0.53412,0.59692,0.59958,1377.46088,1476.76799,0.633,0.367,1.62256,2.97944,0.66667,,,,
248.33333,50.0,99.0,0.50667,10.33333,27.33333,0.38033,13.0,16.66667,0.78267,9.66667,37.0,46.66667,25.0,8.0,4.66667,12.66667,20.66667,123.33333,248.33333,44.0,95.0,0.46233,8.66667,24.66667,0.35367,18.66667,22.66667,0.81433,10.66667,34.0,44.66667,23.0,7.33333,4.66667,12.0,18.0,115.33333,1,-0.09788,0.09788,0.29801,0.28302,0.50836,0.55942,0.5766,0.60298,1495.83824,1495.73719,0.48701,0.51299,2.07997,1.97042,0.0,240.0,39.0,88.66667,0.44,14.33333,37.66667,0.388,17.66667,21.0,0.832,11.0,28.33333,39.33333,25.0,7.66667,4.33333,13.66667,21.33333,110.0,240.0,43.33333,84.0,0.514,8.66667,25.0,0.34467,19.0,24.33333,0.76967,8.33333,35.0,43.33333,23.0,10.66667,4.66667,12.33333,18.66667,114.33333,1,0.04356,-0.04356,0.32118,0.31664,0.56523,0.52017,0.63688,0.58905,1533.20766,1509.2814,0.47034,0.52966,2.41526,2.23129,0.66667,,,,
240.0,41.0,87.0,0.47133,12.0,31.33333,0.38667,15.0,19.33333,0.763,7.33333,33.0,40.33333,24.33333,11.0,6.66667,13.33333,23.33333,109.0,240.0,39.33333,86.33333,0.45467,10.0,26.33333,0.37933,15.66667,22.0,0.72967,10.66667,36.0,46.66667,23.0,7.66667,3.0,18.33333,19.0,104.33333,0,-0.07045,0.07045,0.34482,0.20436,0.51263,0.54023,0.57096,0.5972,1495.88157,1510.52558,0.51607,0.48393,1.97664,2.12551,0.33333,240.0,38.0,86.0,0.443,13.66667,31.0,0.43867,16.0,22.66667,0.71133,6.0,34.66667,40.66667,25.0,6.66667,5.66667,13.66667,22.0,105.66667,240.0,41.66667,89.33333,0.46533,11.66667,34.33333,0.34133,16.66667,21.0,0.81367,9.0,40.33333,49.33333,26.33333,8.0,5.33333,13.33333,19.0,111.66667,0,0.0756,-0.0756,0.2876,0.16207,0.53039,0.52145,0.59375,0.58123,1485.25469,1466.61043,0.48963,0.51037,2.11413,2.00904,0.66667,,,,
240.0,40.0,85.0,0.474,8.0,24.33333,0.32733,14.66667,20.0,0.71967,9.33333,31.0,40.33333,24.66667,9.66667,3.66667,14.33333,24.66667,102.66667,240.0,37.66667,75.66667,0.49767,8.33333,25.33333,0.324,25.0,32.0,0.78067,6.0,34.33333,40.33333,20.66667,9.33333,4.66667,15.0,18.33333,108.66667,0,0.08007,-0.08007,0.21254,0.26736,0.55227,0.52155,0.65675,0.57759,1445.23769,1380.68539,0.41959,0.58041,2.57243,1.7743,1.0,248.33333,43.0,92.0,0.46767,11.0,32.66667,0.34867,17.66667,22.0,0.80867,12.0,38.66667,50.66667,23.0,7.0,4.66667,15.66667,20.33333,114.66667,248.33333,42.33333,90.33333,0.46867,12.66667,28.66667,0.45067,15.0,21.0,0.69967,9.0,34.33333,43.33333,26.33333,8.0,2.0,14.33333,20.66667,112.33333,0,-0.02699,0.02699,0.23232,0.3741,0.53869,0.52753,0.59153,0.59248,1455.60643,1537.41151,0.61103,0.38897,1.64659,2.60508,0.33333,,,,
240.0,43.0,82.33333,0.52533,13.33333,30.33333,0.43933,16.0,21.33333,0.76167,10.0,33.33333,43.33333,27.66667,4.66667,6.0,16.33333,21.33333,115.33333,240.0,41.0,87.33333,0.46967,10.0,28.0,0.365,17.66667,25.33333,0.69133,11.33333,27.33333,38.66667,25.33333,8.66667,5.0,10.66667,19.0,109.66667,0,-0.0736,0.0736,0.36689,0.35758,0.52721,0.60794,0.59144,0.66883,1496.02804,1576.89223,0.60657,0.39343,1.65323,2.56039,0.33333,240.0,42.0,85.0,0.498,11.0,25.66667,0.42033,15.0,21.66667,0.674,11.66667,29.0,40.66667,22.66667,6.66667,3.0,16.0,20.0,110.0,240.0,43.33333,89.66667,0.482,11.0,32.0,0.34567,16.66667,22.33333,0.75167,15.0,30.33333,45.33333,25.0,9.66667,5.33333,11.33333,18.33333,114.33333,0,0.06511,-0.06511,0.51845,0.3801,0.54402,0.56383,0.60431,0.61734,1485.23718,1424.49963,0.41412,0.58588,2.57256,1.74731,0.66667,,,,
248.33333,35.0,79.66667,0.43633,9.33333,24.33333,0.379,20.0,23.66667,0.84933,9.0,32.66667,41.66667,17.33333,7.0,4.33333,15.66667,20.0,99.33333,248.33333,39.33333,87.33333,0.44967,9.33333,26.66667,0.38767,19.0,23.0,0.81933,11.66667,32.0,43.66667,22.33333,9.66667,4.33333,11.66667,18.66667,107.0,1,0.11678,-0.11678,0.38275,0.28451,0.50359,0.49393,0.57869,0.58165,1556.09997,1479.57675,0.41317,0.58683,2.67266,1.7743,0.66667,240.0,37.0,76.66667,0.484,8.33333,25.0,0.32167,22.0,28.66667,0.77,7.33333,36.66667,44.0,21.0,13.0,5.66667,18.33333,22.33333,104.33333,240.0,34.66667,87.0,0.39733,9.66667,26.66667,0.354,15.0,19.0,0.77833,12.66667,29.66667,42.33333,21.66667,8.66667,5.33333,18.33333,24.66667,94.0,1,-0.15862,0.15862,0.36015,0.25098,0.45272,0.53893,0.51378,0.63016,1380.78875,1472.30868,0.60824,0.39176,1.77592,2.88889,0.0,,,,
240.0,36.33333,76.66667,0.47033,9.0,24.0,0.37233,17.33333,22.0,0.79267,8.33333,32.0,40.33333,21.33333,7.0,5.0,15.66667,19.33333,99.0,240.0,39.0,87.0,0.44767,9.33333,24.33333,0.41033,14.33333,20.66667,0.687,13.33333,28.33333,41.66667,23.66667,9.33333,3.33333,10.66667,19.33333,101.66667,0,0.05129,-0.05129,0.43149,0.3237,0.50182,0.5287,0.55572,0.60464,1447.26612,1477.92827,0.54815,0.45185,1.87678,2.31043,0.66667,248.33333,41.0,89.33333,0.462,10.0,27.0,0.36233,15.66667,24.66667,0.63333,11.0,32.66667,43.66667,26.33333,9.33333,3.66667,11.66667,21.66667,107.66667,248.33333,39.66667,80.0,0.496,11.33333,30.33333,0.37133,18.0,25.0,0.70667,6.66667,37.0,43.66667,26.66667,6.66667,4.66667,14.33333,21.66667,108.66667,0,0.01509,-0.01509,0.20447,0.29377,0.56588,0.51844,0.63663,0.57132,1403.48611,1512.22707,0.63775,0.36225,1.65386,3.48181,0.66667,,,,
240.0,35.33333,86.66667,0.407,10.33333,31.33333,0.331,20.0,27.0,0.745,13.66667,33.33333,47.0,23.66667,9.0,3.66667,15.66667,20.0,101.0,240.0,38.33333,82.66667,0.46567,10.0,28.0,0.36467,16.0,21.0,0.78767,10.33333,33.0,43.33333,25.66667,8.33333,7.0,14.33333,22.66667,102.66667,0,0.02428,-0.02428,0.31938,0.41066,0.52656,0.46696,0.59096,0.54541,1516.0036,1569.39034,0.57792,0.42208,1.7334,2.37664,0.66667,248.33333,43.33333,92.66667,0.46667,7.66667,22.0,0.35267,16.66667,22.0,0.76,11.0,35.0,46.0,23.66667,9.66667,5.66667,13.33333,23.0,111.0,248.33333,36.66667,84.66667,0.432,8.66667,25.33333,0.34167,25.0,29.66667,0.845,10.33333,32.0,42.33333,18.66667,9.66667,8.33333,14.66667,21.0,107.0,0,-0.05541,0.05541,0.29628,0.34794,0.48418,0.50745,0.58715,0.56991,1483.50821,1520.29503,0.54957,0.45043,1.82814,2.23476,0.0,,,,
240.0,41.0,89.66667,0.45667,13.0,37.0,0.34367,20.33333,23.33333,0.874,10.66667,31.0,41.66667,28.0,7.33333,4.0,12.0,22.0,115.33333,240.0,44.0,84.0,0.524,8.33333,23.0,0.353,19.66667,23.66667,0.828,6.0,33.0,39.0,22.33333,8.33333,6.0,13.33333,19.66667,116.0,0,0.01298,-0.01298,0.19362,0.32391,0.57392,0.52839,0.65066,0.60719,1564.84344,1405.68502,0.28562,0.71438,3.73096,1.41104,0.66667,240.0,36.66667,87.0,0.42233,9.66667,26.33333,0.36167,18.66667,25.33333,0.75567,9.0,30.0,39.0,22.66667,9.0,2.33333,10.0,22.66667,101.66667,240.0,39.33333,79.0,0.49733,9.33333,27.0,0.347,20.0,24.66667,0.81,7.66667,38.66667,46.33333,27.33333,4.0,5.33333,15.33333,21.0,108.0,0,0.08408,-0.08408,0.2593,0.22921,0.55638,0.47917,0.6389,0.55114,1580.39198,1478.95172,0.37019,0.62981,2.79589,1.60373,0.66667,,,,
240.0,38.0,86.33333,0.44033,8.33333,24.66667,0.33067,23.33333,31.33333,0.742,9.0,37.33333,46.33333,20.33333,8.66667,5.66667,14.0,28.66667,107.66667,240.0,38.33333,90.0,0.42533,10.33333,31.0,0.333,24.33333,30.0,0.82,11.33333,38.0,49.33333,25.0,7.0,6.33333,14.0,22.66667,111.33333,0,0.04681,-0.04681,0.30473,0.23986,0.48292,0.48979,0.57539,0.57832,1471.53848,1320.94672,0.30099,0.69901,3.48499,1.44531,0.66667,240.0,42.33333,86.33333,0.492,12.33333,32.0,0.38467,16.0,20.33333,0.78367,7.66667,38.0,45.66667,27.33333,11.0,5.33333,21.66667,21.0,113.0,240.0,37.33333,89.66667,0.418,10.66667,33.33333,0.32033,21.33333,27.0,0.807,8.66667,33.0,41.66667,21.0,12.33333,5.33333,17.0,20.33333,106.66667,0,-0.07925,0.07925,0.24097,0.22969,0.47808,0.56338,0.56034,0.62438,1368.45353,1548.49855,0.71973,0.28027,1.40978,4.02814,0.33333,,,,
240.0,39.66667,89.66667,0.44367,11.33333,30.66667,0.369,12.33333,13.33333,0.916,9.33333,34.33333,43.66667,16.66667,10.0,4.66667,12.0,18.33333,103.0,240.0,38.33333,85.33333,0.44833,10.0,26.0,0.377,10.66667,14.66667,0.733,10.0,35.66667,45.66667,25.33333,6.33333,4.33333,15.0,15.33333,97.33333,1,-0.08539,0.08539,0.29147,0.25961,0.50633,0.50689,0.54812,0.55726,1445.81332,1511.0175,0.58015,0.41985,1.7902,2.59581,0.33333,240.0,45.33333,89.33333,0.50767,14.33333,31.0,0.462,21.66667,27.0,0.81233,9.33333,40.66667,50.0,23.0,7.0,6.33333,13.66667,22.0,126.66667,240.0,41.33333,94.66667,0.44167,6.33333,27.33333,0.25067,14.66667,24.66667,0.60267,11.66667,31.0,42.66667,20.33333,9.0,6.0,12.0,24.0,103.66667,1,-0.30778,0.30778,0.28644,0.29618,0.47518,0.58786,0.52171,0.66497,1328.61659,1537.83272,0.75931,0.24069,1.31705,4.15705,0.0,,,,
240.0,43.0,92.0,0.467,8.0,23.66667,0.33533,14.0,18.33333,0.76067,13.66667,29.0,42.66667,24.33333,6.33333,7.66667,12.66667,18.66667,108.0,240.0,44.0,86.0,0.511,11.0,26.33333,0.417,15.33333,19.33333,0.82933,8.66667,34.0,42.66667,27.66667,8.66667,5.33333,11.66667,16.66667,114.33333,0,0.0807,-0.0807,0.32737,0.40824,0.57526,0.51044,0.63241,0.56159,1418.17871,1425.85128,0.51781,0.48219,2.04394,2.20316,0.66667,240.0,39.0,88.0,0.44333,5.66667,23.0,0.24667,15.66667,19.0,0.835,8.0,33.66667,41.66667,18.0,8.33333,5.66667,13.0,19.0,99.33333,240.0,39.66667,88.0,0.45267,11.66667,32.33333,0.358,19.66667,25.0,0.78733,12.0,35.33333,47.33333,21.33333,8.33333,5.33333,13.33333,18.0,110.66667,0,0.15506,-0.15506,0.36165,0.2283,0.51966,0.47536,0.59431,0.53913,1530.52038,1491.28714,0.46712,0.53288,2.5426,2.03415,1.0,,,,
240.0,48.33333,97.66667,0.49667,11.33333,27.33333,0.41367,14.66667,18.0,0.817,9.0,38.0,47.0,30.66667,9.0,6.33333,10.33333,19.33333,122.66667,240.0,44.66667,96.0,0.46467,8.66667,25.33333,0.34667,15.66667,21.66667,0.73333,11.0,38.0,49.0,24.33333,5.66667,4.33333,12.0,17.66667,113.66667,1,-0.11029,0.11029,0.30045,0.24208,0.5101,0.55487,0.56424,0.6053,1511.46846,1500.91758,0.47201,0.52799,2.14592,1.91541,0.0,248.33333,38.0,88.66667,0.429,11.33333,33.0,0.33333,15.33333,21.33333,0.73367,14.0,36.33333,50.33333,22.66667,9.0,6.0,15.66667,17.33333,102.66667,248.33333,41.0,90.66667,0.45,9.33333,24.66667,0.38733,11.66667,13.33333,0.88567,9.66667,33.66667,43.33333,19.66667,9.0,6.0,13.0,18.33333,103.0,1,-9e-05,9e-05,0.2649,0.42201,0.50268,0.49185,0.54984,0.54972,1309.96493,1449.50976,0.68562,0.31438,1.46969,3.32608,0.66667,,,,
240.0,37.66667,82.0,0.45833,9.66667,27.0,0.35733,15.0,20.66667,0.72333,7.33333,29.33333,36.66667,22.66667,8.0,3.33333,14.66667,19.33333,100.0,240.0,40.0,83.0,0.483,9.0,25.33333,0.36067,16.0,18.33333,0.88033,9.33333,34.0,43.33333,22.66667,7.66667,3.0,15.0,19.0,105.0,0,0.0715,-0.0715,0.3272,0.21929,0.53653,0.5174,0.60391,0.57673,1450.13354,1398.37349,0.43553,0.56447,2.53177,1.91987,1.0,240.0,44.0,90.33333,0.48833,10.66667,27.33333,0.38367,13.0,17.0,0.74833,9.33333,34.33333,43.66667,26.0,8.33333,4.0,15.66667,20.0,111.66667,240.0,42.33333,91.0,0.465,7.33333,26.0,0.284,17.33333,21.66667,0.80333,9.66667,34.66667,44.33333,23.0,10.33333,6.0,12.66667,14.66667,109.33333,0,-0.02745,0.02745,0.28793,0.26787,0.505,0.54727,0.57293,0.59377,1551.11742,1455.99357,0.36948,0.63052,2.81432,1.60309,0.33333,,,,
240.0,43.0,84.33333,0.50867,12.0,33.66667,0.357,15.66667,23.66667,0.68333,6.66667,35.33333,42.0,30.0,7.66667,6.66667,8.66667,22.0,113.66667,240.0,38.0,84.0,0.45367,8.66667,26.0,0.325,14.33333,21.33333,0.67733,9.0,34.66667,43.66667,22.66667,5.0,4.33333,12.0,20.0,99.0,1,-0.19617,0.19617,0.29813,0.19582,0.50603,0.57931,0.55965,0.63416,1450.35567,1681.92986,0.77836,0.22164,1.29484,4.88059,0.0,240.0,35.66667,82.33333,0.431,10.33333,32.0,0.317,16.66667,21.66667,0.758,8.0,32.0,40.0,23.66667,8.0,4.0,11.66667,21.0,98.33333,240.0,38.0,87.66667,0.433,10.66667,31.66667,0.33567,17.33333,22.66667,0.76,14.66667,35.0,49.66667,22.66667,5.33333,3.0,12.66667,18.66667,104.0,1,0.08583,-0.08583,0.47311,0.23023,0.49453,0.49379,0.56173,0.56455,1479.13556,1476.10293,0.50851,0.49149,2.05199,2.11169,0.66667,,,,
240.0,38.0,84.33333,0.45033,11.66667,30.33333,0.38533,16.0,19.66667,0.817,7.0,28.66667,35.66667,24.66667,10.0,6.0,12.0,19.0,103.66667,240.0,41.33333,85.66667,0.48367,9.66667,28.0,0.35133,18.66667,22.66667,0.82133,11.33333,35.66667,47.0,26.66667,5.66667,4.33333,15.0,14.0,111.0,0,0.09763,-0.09763,0.39853,0.1963,0.53984,0.51975,0.61334,0.5846,1518.38919,1405.85287,0.35464,0.64536,3.0396,1.59717,1.0,240.0,35.33333,78.66667,0.45133,9.33333,28.33333,0.36267,18.0,23.33333,0.78633,5.33333,31.66667,37.0,16.0,10.0,2.0,14.0,22.33333,98.0,240.0,35.0,78.0,0.45,8.33333,30.0,0.27733,21.0,27.66667,0.75567,9.0,33.66667,42.66667,22.66667,6.33333,4.0,17.0,19.66667,99.33333,0,0.01186,-0.01186,0.29886,0.16098,0.50312,0.51052,0.59059,0.58632,1520.80593,1583.44343,0.58657,0.41343,1.79678,2.66354,0.66667,,,,
240.0,35.0,81.33333,0.43033,7.66667,28.33333,0.27167,12.33333,16.66667,0.76467,8.0,31.66667,39.66667,19.0,9.33333,5.66667,20.33333,19.33333,90.0,240.0,42.33333,93.33333,0.452,11.0,30.66667,0.36633,15.66667,18.66667,0.83133,13.66667,36.66667,50.33333,25.33333,13.33333,4.66667,15.0,19.0,111.33333,0,0.30643,-0.30643,0.42759,0.24048,0.51147,0.47734,0.57189,0.52933,1574.57441,1366.36825,0.26039,0.73961,4.49007,1.36967,1.0,240.0,41.66667,83.33333,0.50433,11.66667,32.0,0.36667,15.66667,21.0,0.757,9.66667,29.66667,39.33333,24.0,6.33333,6.33333,17.66667,23.66667,110.66667,240.0,42.0,83.66667,0.505,9.0,23.0,0.4,19.33333,26.66667,0.714,9.33333,30.0,39.33333,25.66667,10.66667,4.33333,13.33333,20.66667,112.33333,0,0.01627,-0.01627,0.3337,0.31776,0.55862,0.57781,0.6314,0.63811,1474.00081,1564.54265,0.61893,0.38107,1.74098,3.13248,0.66667,,,,
240.0,42.66667,87.33333,0.48867,12.0,30.66667,0.40633,16.66667,20.0,0.85433,10.33333,35.33333,45.66667,25.0,6.66667,3.0,14.0,17.0,114.0,240.0,38.33333,87.33333,0.437,14.33333,37.66667,0.37967,16.0,21.0,0.73633,10.0,31.0,41.0,22.0,9.33333,3.0,11.66667,19.66667,107.0,1,-0.10169,0.10169,0.29308,0.33728,0.51951,0.55731,0.58027,0.62096,1554.84841,1590.76668,0.53377,0.46623,2.09314,2.58198,0.33333,248.33333,42.33333,94.33333,0.448,9.33333,25.0,0.368,13.66667,20.66667,0.675,11.66667,30.33333,42.0,24.66667,10.33333,3.0,11.33333,21.0,107.66667,248.33333,41.33333,81.66667,0.506,13.0,31.66667,0.40333,20.33333,25.0,0.80833,7.0,36.66667,43.66667,28.0,7.33333,5.33333,15.66667,20.66667,116.0,1,0.10737,-0.10737,0.23543,0.31606,0.58399,0.49729,0.66565,0.54419,1400.53824,1444.30875,0.57275,0.42725,1.77601,2.40198,1.0,,,,
248.33333,38.66667,91.0,0.42533,15.0,41.66667,0.35233,18.33333,21.66667,0.84567,13.0,31.33333,44.33333,27.0,8.33333,3.0,15.66667,17.66667,110.66667,248.33333,47.0,88.0,0.535,9.0,21.33333,0.42567,14.66667,17.66667,0.828,7.66667,34.0,41.66667,23.66667,11.66667,6.33333,14.0,17.0,117.66667,1,0.09129,-0.09129,0.23955,0.38552,0.58742,0.50657,0.64273,0.57754,1500.7407,1403.37929,0.38117,0.61883,3.29157,1.80624,1.0,240.0,43.66667,84.33333,0.51667,9.66667,25.0,0.36067,12.66667,16.66667,0.75867,9.66667,33.33333,43.0,28.0,6.0,3.66667,17.0,21.66667,109.66667,240.0,42.0,83.33333,0.50467,14.0,33.0,0.42167,17.33333,25.0,0.68833,9.0,29.33333,38.33333,27.33333,9.0,5.66667,14.0,15.0,115.33333,1,0.0824,-0.0824,0.27035,0.3382,0.58833,0.57378,0.65006,0.62219,1529.32725,1474.54048,0.43628,0.56372,2.48013,1.85638,0.66667,,,,
240.0,37.0,86.33333,0.42667,7.66667,23.66667,0.32167,22.33333,29.66667,0.75733,8.0,35.33333,43.33333,19.66667,7.33333,4.33333,10.66667,19.66667,104.0,240.0,42.66667,89.33333,0.476,10.0,29.0,0.359,15.33333,20.0,0.76267,10.0,38.66667,48.66667,27.33333,6.33333,6.66667,12.66667,22.0,110.66667,1,0.09104,-0.09104,0.28012,0.20707,0.53299,0.47168,0.59249,0.55951,1583.23829,1514.66462,0.41331,0.58669,2.60426,1.75895,1.0,240.0,45.33333,93.0,0.48733,14.66667,32.66667,0.44633,14.66667,19.66667,0.734,9.0,33.0,42.0,30.33333,8.33333,7.0,8.66667,21.33333,120.0,240.0,40.66667,87.66667,0.46467,16.33333,34.66667,0.46967,16.33333,19.33333,0.84333,9.0,37.0,46.0,27.0,4.66667,5.0,15.33333,19.0,114.0,1,-0.07367,0.07367,0.28178,0.24702,0.55864,0.56604,0.62228,0.61616,1356.17011,1422.90761,0.57703,0.42297,1.84427,2.81876,0.33333,,,,
240.0,35.0,89.0,0.397,8.0,26.0,0.30867,13.0,18.0,0.738,12.0,35.33333,47.33333,20.66667,9.0,4.0,15.33333,17.66667,91.0,240.0,40.66667,84.33333,0.48333,13.33333,34.66667,0.381,12.33333,15.66667,0.83067,8.0,36.33333,44.33333,27.0,7.66667,8.66667,15.0,15.66667,107.0,1,0.23599,-0.23599,0.2321,0.33386,0.56202,0.44245,0.61015,0.49368,1470.53956,1374.44475,0.39685,0.60315,2.6506,1.69463,1.0,240.0,42.0,87.0,0.48467,11.0,29.66667,0.374,14.33333,19.0,0.738,6.0,33.66667,39.66667,29.0,10.33333,5.33333,18.66667,19.66667,109.33333,240.0,39.66667,89.0,0.44533,13.66667,32.33333,0.418,16.66667,19.66667,0.84933,9.0,35.33333,44.33333,21.66667,10.0,6.0,18.66667,20.66667,109.66667,1,0.00572,-0.00572,0.26989,0.17034,0.52182,0.54813,0.58772,0.60258,1368.45353,1495.85606,0.65583,0.34417,1.64737,3.72971,0.66667,,,,
240.0,36.33333,85.33333,0.42533,12.33333,33.0,0.378,15.0,17.66667,0.852,10.0,33.33333,43.33333,20.66667,7.66667,3.0,14.66667,17.66667,100.0,240.0,38.66667,85.33333,0.45333,9.0,28.0,0.32367,14.33333,19.33333,0.73967,10.0,34.33333,44.33333,23.0,8.33333,2.0,14.33333,18.33333,100.66667,0,0.01255,-0.01255,0.30708,0.29272,0.50587,0.49734,0.56193,0.55954,1433.03025,1462.67661,0.54278,0.45722,1.89802,2.26279,0.66667,240.0,35.33333,82.0,0.43167,6.66667,23.0,0.28567,20.33333,26.33333,0.76233,9.33333,32.66667,42.0,17.66667,8.0,4.33333,14.33333,19.66667,97.66667,240.0,36.66667,85.33333,0.43,12.33333,38.33333,0.322,20.0,24.66667,0.804,12.66667,33.0,45.66667,23.0,8.0,6.0,14.33333,23.0,105.66667,0,0.11617,-0.11617,0.3961,0.29381,0.50258,0.47259,0.58283,0.55681,1689.29942,1531.6086,0.31464,0.68536,4.24862,1.55561,1.0,,,,
248.33333,48.33333,102.0,0.474,11.0,30.0,0.36367,13.0,15.0,0.862,11.0,37.66667,48.66667,26.33333,7.0,5.66667,12.66667,22.0,120.66667,248.33333,42.33333,96.66667,0.437,8.33333,28.66667,0.29433,20.33333,25.0,0.811,12.0,36.33333,48.33333,20.66667,7.33333,5.0,12.66667,17.66667,113.33333,1,-0.09356,0.09356,0.32524,0.30574,0.48029,0.52796,0.55461,0.57334,1507.59531,1485.6637,0.46107,0.53893,2.1816,1.86315,0.0,248.33333,43.33333,89.0,0.48767,9.0,28.33333,0.314,13.66667,18.0,0.75267,11.0,37.0,48.0,23.66667,6.33333,3.33333,14.33333,20.66667,109.33333,248.33333,40.66667,87.33333,0.46567,14.0,37.66667,0.37133,14.0,18.66667,0.73867,6.33333,32.66667,39.0,26.33333,8.0,2.66667,11.66667,19.33333,109.33333,1,0.00131,-0.00131,0.16939,0.35778,0.54574,0.53819,0.59826,0.5888,1469.43156,1469.99907,0.50755,0.49245,2.23296,2.21836,0.33333,,,,
240.0,41.0,88.0,0.46733,14.33333,37.0,0.39133,15.66667,20.0,0.791,7.33333,35.33333,42.66667,28.0,7.0,5.0,14.0,20.33333,112.0,240.0,43.0,89.33333,0.48167,13.0,30.33333,0.43533,16.66667,23.0,0.727,11.0,37.0,48.0,23.0,6.33333,2.66667,13.0,19.66667,115.66667,0,0.05171,-0.05171,0.31944,0.19793,0.55425,0.54908,0.61289,0.60802,1485.22272,1541.57166,0.58965,0.41035,1.70183,2.45649,0.66667,240.0,38.33333,78.33333,0.488,13.33333,32.66667,0.41733,19.0,25.66667,0.73233,9.0,36.66667,45.66667,27.33333,8.66667,5.0,16.0,20.66667,109.0,240.0,37.0,86.33333,0.42733,9.33333,28.0,0.32567,13.66667,19.33333,0.69333,10.33333,28.66667,39.0,23.33333,5.66667,4.66667,12.66667,22.33333,97.0,0,-0.17662,0.17662,0.28377,0.34063,0.4812,0.57312,0.53345,0.64777,1355.59429,1468.05746,0.6366,0.3634,1.59853,2.88544,0.0,,,,
240.0,33.66667,85.33333,0.394,8.0,27.66667,0.28167,13.0,18.33333,0.706,11.0,28.33333,39.33333,16.33333,10.33333,4.0,15.33333,22.66667,88.33333,240.0,40.66667,82.0,0.49767,12.33333,32.0,0.38667,15.33333,22.66667,0.68933,12.33333,37.66667,50.0,25.66667,9.66667,4.0,16.33333,20.0,109.0,0,0.30745,-0.30745,0.43977,0.31742,0.57312,0.44036,0.62815,0.49343,1523.10635,1458.24011,0.43476,0.56524,2.33841,1.78442,1.0,240.0,42.66667,90.0,0.47467,11.0,31.66667,0.34733,14.66667,20.0,0.72867,8.66667,30.33333,39.0,25.0,7.0,3.66667,9.33333,21.0,111.0,240.0,44.66667,86.0,0.51867,13.33333,31.66667,0.41967,18.33333,23.0,0.78633,9.66667,36.33333,46.0,30.0,6.33333,4.0,13.33333,16.33333,121.0,0,0.12148,-0.12148,0.3256,0.25526,0.59632,0.53574,0.66404,0.58866,1540.72186,1435.17965,0.37088,0.62912,3.0613,1.6371,0.66667,,,,
240.0,41.0,78.66667,0.52133,12.0,28.66667,0.41867,22.0,26.0,0.84767,4.33333,33.66667,38.0,29.33333,10.0,6.0,14.66667,18.0,116.0,240.0,40.33333,90.66667,0.444,12.0,30.66667,0.391,14.33333,16.66667,0.845,10.33333,31.33333,41.66667,24.66667,7.66667,3.0,16.33333,21.0,107.0,0,-0.11535,0.11535,0.30736,0.14309,0.51062,0.59683,0.56768,0.68739,1449.83416,1650.54542,0.74741,0.25259,1.35574,4.40112,0.0,240.0,37.66667,86.33333,0.43633,5.66667,22.0,0.26333,14.33333,19.0,0.74633,9.0,33.66667,42.66667,18.33333,6.0,6.66667,13.66667,21.33333,95.33333,240.0,36.66667,87.0,0.422,13.33333,32.0,0.413,22.33333,27.33333,0.824,13.66667,35.0,48.66667,19.66667,6.33333,6.0,14.0,18.0,109.0,0,0.19601,-0.19601,0.4172,0.25758,0.50048,0.46899,0.58838,0.52643,1536.64466,1524.29001,0.50114,0.49886,2.12578,2.10203,1.0,,,,
240.0,41.66667,84.33333,0.495,6.66667,19.0,0.35333,22.66667,31.0,0.727,10.33333,31.0,41.33333,24.66667,7.0,6.66667,11.33333,18.0,112.66667,240.0,44.0,93.66667,0.46933,10.0,32.66667,0.30767,13.0,17.0,0.76133,14.0,30.66667,44.66667,26.66667,7.66667,3.0,12.33333,23.0,111.0,0,-0.02956,0.02956,0.46426,0.34477,0.52221,0.53422,0.5686,0.61818,1526.28148,1541.67384,0.512,0.488,1.95455,2.05083,0.66667,240.0,36.33333,87.0,0.418,9.66667,33.33333,0.29133,20.33333,26.66667,0.74767,10.66667,28.33333,39.0,25.0,8.0,2.33333,13.66667,18.0,102.66667,240.0,45.33333,83.0,0.54933,14.0,28.66667,0.495,15.33333,19.33333,0.80967,6.66667,35.66667,42.33333,32.33333,8.0,7.0,15.33333,21.0,120.0,0,0.24584,-0.24584,0.23317,0.29566,0.63375,0.47322,0.69,0.55165,1644.11116,1498.70347,0.32634,0.67366,3.42729,1.51429,1.0,,,,
240.0,36.0,78.66667,0.46067,13.0,36.33333,0.36333,22.66667,27.66667,0.81533,8.66667,30.66667,39.33333,20.33333,12.33333,4.66667,15.0,20.66667,107.66667,240.0,37.66667,81.0,0.46267,8.66667,28.66667,0.29933,12.33333,17.33333,0.71267,7.66667,29.66667,37.33333,18.66667,8.0,3.33333,19.0,22.0,96.33333,1,-0.16321,0.16321,0.25161,0.29505,0.51502,0.54439,0.56676,0.63902,1535.61247,1703.41563,0.71394,0.28606,1.40181,3.5121,0.0,240.0,39.33333,80.33333,0.49333,9.0,21.33333,0.40833,19.0,24.66667,0.77067,9.33333,30.66667,40.0,25.0,8.33333,6.33333,17.0,23.0,106.66667,240.0,37.66667,84.33333,0.44433,9.66667,24.66667,0.39333,21.0,27.33333,0.758,12.66667,27.66667,40.33333,20.66667,11.33333,8.66667,14.66667,22.66667,106.0,1,-0.01376,0.01376,0.42448,0.33408,0.50171,0.55204,0.58715,0.62865,1478.55027,1548.7979,0.60044,0.39956,1.6722,2.52745,0.33333,,,,
240.0,42.66667,84.0,0.507,9.66667,29.0,0.32767,25.66667,34.66667,0.74133,9.0,36.33333,45.33333,25.33333,7.0,6.66667,16.0,21.66667,120.66667,240.0,43.66667,97.0,0.45233,8.66667,30.33333,0.28467,18.33333,25.33333,0.74933,12.66667,32.0,44.66667,25.0,11.33333,4.66667,13.0,26.66667,114.33333,0,-0.07764,0.07764,0.34811,0.2866,0.49757,0.56445,0.56062,0.65861,1409.30637,1535.91006,0.66059,0.33941,1.57919,3.30912,0.0,240.0,39.0,88.66667,0.439,11.33333,26.0,0.44,15.66667,20.0,0.78367,11.0,28.0,39.0,20.33333,5.66667,2.66667,12.0,20.0,105.0,240.0,39.33333,83.33333,0.47267,15.33333,43.66667,0.35033,23.33333,27.66667,0.839,11.0,35.66667,46.66667,24.0,7.66667,3.66667,11.66667,20.66667,117.33333,0,0.16637,-0.16637,0.39534,0.31617,0.56416,0.50299,0.65581,0.56359,1707.77587,1569.06483,0.3282,0.6718,3.10752,1.49511,1.0,,,,
240.0,37.33333,82.0,0.45667,8.33333,23.0,0.366,13.0,17.0,0.744,8.0,30.66667,38.66667,23.0,8.0,4.0,16.0,24.0,96.0,240.0,38.0,77.33333,0.49133,9.0,26.66667,0.33233,26.0,32.66667,0.79367,7.33333,35.66667,43.0,21.33333,10.66667,2.66667,13.66667,16.66667,111.0,0,0.21786,-0.21786,0.25579,0.22602,0.54891,0.50753,0.65607,0.56072,1465.32212,1372.91921,0.38804,0.61196,2.74848,1.67792,1.0,240.0,45.0,92.66667,0.48533,10.66667,26.33333,0.41533,13.33333,17.66667,0.75933,12.66667,36.0,48.66667,28.33333,8.0,5.33333,10.0,20.0,114.0,240.0,37.0,85.0,0.43567,13.0,33.33333,0.38767,17.33333,20.66667,0.83567,10.66667,30.33333,41.0,21.0,6.0,5.66667,13.0,17.33333,104.33333,0,-0.12919,0.12919,0.29954,0.41867,0.51216,0.54284,0.58305,0.5901,1402.75751,1581.89221,0.71973,0.28027,1.41844,4.15027,0.33333,,,,
240.0,44.0,92.0,0.478,9.33333,25.33333,0.36533,13.66667,17.33333,0.82567,9.33333,34.66667,44.0,31.0,9.33333,4.33333,11.0,20.33333,111.0,240.0,38.33333,81.0,0.47267,8.0,27.0,0.30467,16.66667,21.66667,0.75633,5.33333,32.66667,38.0,21.0,6.0,7.0,14.66667,17.66667,101.33333,0,-0.13132,0.13132,0.16194,0.28634,0.52237,0.52886,0.59118,0.57927,1497.35958,1558.25703,0.5714,0.4286,1.7511,2.33559,0.0,240.0,37.66667,87.33333,0.43133,10.66667,28.33333,0.37133,13.33333,20.0,0.65867,12.66667,31.33333,44.0,22.33333,6.66667,2.66667,17.66667,21.0,99.33333,240.0,42.0,87.66667,0.478,12.66667,30.33333,0.42833,16.0,23.0,0.687,12.33333,36.0,48.33333,26.0,11.0,6.33333,12.33333,18.0,112.66667,0,0.17803,-0.17803,0.41694,0.37294,0.55035,0.49261,0.60678,0.54171,1490.64565,1452.1913,0.46457,0.53543,2.403,2.00447,1.0,,,,
240.0,39.33333,82.33333,0.478,13.33333,37.33333,0.35367,14.66667,21.33333,0.69233,8.33333,34.33333,42.66667,19.33333,7.66667,4.33333,13.33333,18.66667,106.66667,240.0,37.33333,87.33333,0.43033,9.66667,32.33333,0.29233,12.0,17.0,0.71133,11.66667,32.66667,44.33333,23.33333,7.0,2.33333,13.0,20.0,96.33333,1,-0.15602,0.15602,0.34037,0.25833,0.48677,0.55861,0.53314,0.61279,1541.37493,1713.01492,0.70813,0.29187,1.46571,4.00345,0.33333,240.0,43.66667,95.0,0.46,9.33333,28.0,0.33,19.0,22.33333,0.84267,11.66667,38.0,49.66667,26.66667,7.33333,5.33333,13.33333,16.33333,115.66667,240.0,43.66667,93.0,0.468,7.0,21.0,0.33167,10.66667,13.0,0.80967,8.66667,33.33333,42.0,28.0,6.66667,10.33333,13.33333,19.66667,105.0,1,-0.14579,0.14579,0.23094,0.36905,0.50546,0.5089,0.54773,0.57894,1487.38101,1543.47456,0.55551,0.44449,1.80244,2.25429,0.33333,,,,
240.0,44.66667,89.33333,0.49867,13.33333,32.0,0.412,13.0,18.0,0.72433,10.33333,35.66667,46.0,32.0,9.0,5.0,13.66667,19.66667,115.66667,240.0,38.33333,84.66667,0.45333,11.66667,27.66667,0.42467,18.0,24.33333,0.72433,9.0,32.33333,41.33333,23.0,7.33333,6.0,14.0,17.0,106.33333,1,-0.11619,0.11619,0.25286,0.34103,0.52212,0.5743,0.59155,0.62043,1470.8305,1581.58509,0.64283,0.35717,1.56854,2.88587,0.33333,240.0,43.66667,89.0,0.49067,15.0,33.66667,0.447,20.0,23.0,0.87167,11.33333,33.66667,45.0,28.33333,7.33333,3.0,11.66667,15.66667,122.33333,240.0,42.33333,88.66667,0.47767,8.33333,23.66667,0.351,11.66667,15.0,0.77333,9.33333,30.66667,40.0,22.66667,7.66667,2.66667,14.33333,18.33333,104.66667,1,-0.2231,0.2231,0.28446,0.37052,0.52419,0.57512,0.56921,0.65021,1409.85397,1604.03574,0.73054,0.26946,1.40139,4.2944,0.0,,,,
248.33333,36.33333,89.0,0.408,11.0,35.0,0.31433,16.66667,21.33333,0.78233,14.33333,35.0,49.33333,21.33333,7.0,4.0,16.0,19.0,100.33333,248.33333,42.66667,90.33333,0.47267,14.0,33.66667,0.41733,10.33333,14.33333,0.72633,10.0,34.66667,44.66667,29.66667,8.33333,3.66667,13.0,21.0,109.66667,1,0.14416,-0.14416,0.29547,0.43534,0.54994,0.46977,0.58674,0.53517,1477.74483,1573.16645,0.62969,0.37031,1.7055,3.32926,0.33333,240.0,43.0,91.33333,0.474,11.0,30.33333,0.362,22.0,28.0,0.79733,8.66667,36.66667,45.33333,19.33333,7.0,6.66667,11.66667,22.66667,119.0,240.0,43.33333,91.33333,0.47767,9.0,25.33333,0.36033,15.66667,25.66667,0.61833,10.0,35.0,45.0,23.0,8.0,8.0,12.66667,24.33333,111.33333,1,-0.09315,0.09315,0.26561,0.24365,0.52712,0.53572,0.57718,0.61496,1323.49903,1526.65436,0.75792,0.24208,1.31945,4.1326,0.0,,,,
240.0,42.0,87.33333,0.48033,9.0,23.66667,0.37533,15.33333,23.66667,0.61233,8.33333,34.33333,42.66667,24.33333,7.0,4.66667,15.66667,22.33333,108.33333,240.0,41.0,91.0,0.449,14.0,33.33333,0.42233,17.33333,21.0,0.82667,12.0,37.33333,49.33333,26.33333,9.0,6.33333,15.33333,20.33333,113.33333,0,0.06106,-0.06106,0.36783,0.22802,0.52599,0.53133,0.59201,0.58527,1415.89551,1318.23254,0.36942,0.63058,2.8004,1.60154,0.66667,240.0,40.66667,81.33333,0.501,15.0,32.66667,0.45767,19.33333,25.66667,0.73433,8.33333,29.33333,37.66667,24.0,10.66667,5.33333,14.33333,22.33333,115.66667,240.0,42.66667,90.33333,0.472,11.33333,31.33333,0.369,15.33333,20.33333,0.759,14.66667,30.33333,45.0,21.66667,8.0,4.33333,16.0,20.33333,112.0,0,-0.04327,0.04327,0.49972,0.28114,0.53482,0.59461,0.59088,0.66873,1570.7269,1539.76508,0.4516,0.5484,2.5338,2.06935,0.33333,,,,
240.0,38.0,81.33333,0.47267,12.0,29.66667,0.40667,18.33333,24.0,0.77033,10.0,33.33333,43.33333,24.33333,6.0,5.66667,19.33333,22.66667,106.33333,240.0,39.66667,88.0,0.44933,9.33333,27.33333,0.34967,17.0,24.33333,0.694,12.33333,27.66667,40.0,23.0,10.33333,6.33333,12.33333,21.33333,105.66667,1,-0.01316,0.01316,0.3963,0.35245,0.50226,0.54841,0.56542,0.6216,1490.27262,1572.09087,0.61374,0.38626,1.63266,2.60323,0.66667,240.0,39.0,86.33333,0.454,9.0,28.33333,0.30767,12.0,16.33333,0.73,10.0,32.0,42.0,25.33333,6.0,5.0,15.33333,22.66667,99.0,240.0,42.66667,85.66667,0.499,14.0,30.33333,0.47,15.0,21.33333,0.70767,10.66667,34.66667,45.33333,28.33333,7.66667,6.0,15.33333,16.0,114.33333,1,0.20793,-0.20793,0.33636,0.2943,0.58074,0.50568,0.63362,0.55246,1526.48983,1411.1998,0.36199,0.63801,2.83904,1.58142,1.0,,,,
240.0,41.33333,90.0,0.46,11.0,30.66667,0.35233,21.33333,28.0,0.766,9.0,37.66667,46.66667,21.0,6.0,5.66667,11.0,15.66667,115.0,240.0,47.66667,98.0,0.48567,12.33333,28.0,0.43833,12.33333,17.33333,0.72733,10.66667,40.0,50.66667,29.0,7.33333,4.66667,10.33333,21.66667,120.0,0,0.06815,-0.06815,0.28552,0.22256,0.54961,0.52154,0.59005,0.59907,1413.77156,1501.33308,0.63419,0.36581,1.60104,2.84592,0.66667,240.0,37.33333,88.33333,0.423,10.33333,26.0,0.38867,20.33333,28.0,0.73433,10.66667,33.0,43.66667,22.0,8.0,2.33333,10.33333,23.33333,105.33333,240.0,39.66667,83.66667,0.47533,10.33333,27.0,0.384,19.66667,24.33333,0.808,9.0,36.33333,45.33333,27.0,5.33333,5.0,12.33333,22.66667,109.33333,0,0.05247,-0.05247,0.26856,0.30009,0.53695,0.48256,0.61509,0.55855,1584.36984,1477.81269,0.36125,0.63875,2.92094,1.58704,0.66667,,,,
240.0,36.66667,84.33333,0.435,11.66667,30.33333,0.389,12.33333,18.0,0.693,7.33333,30.66667,38.0,24.0,9.0,4.66667,15.33333,20.0,97.33333,240.0,40.33333,83.0,0.48633,10.66667,29.66667,0.36533,13.33333,16.66667,0.81133,9.0,36.66667,45.66667,24.66667,7.0,5.33333,16.33333,17.0,104.66667,0,0.11306,-0.11306,0.30617,0.20503,0.55085,0.50434,0.60418,0.55109,1531.15033,1402.0431,0.32936,0.67064,3.07775,1.4957,1.0,240.0,40.33333,84.33333,0.47867,9.33333,26.33333,0.351,13.66667,18.66667,0.79233,10.33333,36.33333,46.66667,22.33333,7.66667,7.0,14.0,20.0,103.66667,240.0,37.33333,89.33333,0.418,10.33333,29.33333,0.35133,13.0,15.0,0.88267,10.66667,31.0,41.66667,18.66667,5.33333,5.66667,11.0,19.33333,98.0,0,-0.07951,0.07951,0.29347,0.32706,0.47647,0.53429,0.52981,0.58782,1308.20925,1484.43548,0.72709,0.27291,1.38274,3.78596,0.33333,,,,
240.0,47.33333,92.33333,0.517,12.0,27.33333,0.43933,13.66667,16.0,0.88367,6.66667,39.33333,46.0,30.66667,8.66667,7.66667,11.66667,21.0,120.33333,240.0,41.66667,94.0,0.44267,8.66667,26.0,0.33833,16.66667,22.66667,0.746,11.33333,35.0,46.33333,23.33333,4.66667,3.0,11.33333,18.0,108.66667,0,-0.14822,0.14822,0.294,0.1911,0.48925,0.58221,0.54885,0.63175,1429.68424,1506.6836,0.58536,0.41464,1.78485,2.70873,0.0,240.0,36.66667,84.66667,0.43367,10.0,26.33333,0.36967,12.0,15.0,0.815,8.33333,34.66667,43.0,22.66667,7.66667,4.0,18.33333,20.66667,95.33333,240.0,39.66667,86.0,0.462,7.33333,23.66667,0.32667,20.0,24.66667,0.81667,9.0,35.66667,44.66667,23.33333,11.33333,5.33333,13.0,14.0,106.66667,0,0.18783,-0.18783,0.26273,0.2313,0.50482,0.49182,0.58564,0.53953,1549.1282,1420.79638,0.33374,0.66626,3.09343,1.51467,0.66667,,,,
240.0,37.66667,79.66667,0.476,14.66667,38.66667,0.389,22.33333,28.33333,0.78433,9.66667,32.0,41.66667,22.66667,10.33333,5.66667,15.33333,20.66667,112.33333,240.0,40.0,85.0,0.46967,9.33333,28.33333,0.326,11.66667,16.33333,0.716,7.33333,29.66667,37.0,18.66667,9.0,3.0,16.0,23.0,101.0,0,-0.15536,0.15536,0.23349,0.3263,0.52373,0.56894,0.56923,0.65815,1520.26819,1707.39508,0.7347,0.2653,1.36592,3.88313,0.0,240.0,34.0,86.33333,0.39467,6.0,21.33333,0.28067,20.0,25.33333,0.78033,11.33333,32.66667,44.0,19.33333,8.66667,4.33333,14.33333,22.66667,94.0,240.0,37.0,83.66667,0.44433,13.0,38.33333,0.33933,23.66667,27.66667,0.861,10.66667,36.66667,47.33333,26.0,9.0,7.66667,15.0,22.33333,110.66667,0,0.23193,-0.23193,0.32713,0.32172,0.5228,0.42953,0.61948,0.51267,1686.34962,1447.38068,0.21497,0.78503,5.06651,1.28054,1.0,,,,
240.0,34.66667,79.66667,0.43367,10.0,26.66667,0.37233,22.33333,28.0,0.804,12.0,39.0,51.0,19.0,7.66667,5.0,15.0,19.0,101.66667,240.0,33.66667,83.66667,0.403,8.66667,26.0,0.336,15.66667,19.33333,0.80467,8.66667,31.66667,40.33333,16.33333,8.66667,5.33333,13.66667,24.0,91.66667,1,-0.14386,0.14386,0.22529,0.38225,0.45489,0.49508,0.52204,0.59232,1412.36591,1521.83855,0.63025,0.36975,1.63419,2.99469,0.0,240.0,37.33333,83.66667,0.44633,7.66667,29.66667,0.26233,16.0,20.0,0.79567,8.66667,32.66667,41.33333,18.66667,8.33333,5.66667,16.33333,18.0,98.33333,240.0,42.66667,90.66667,0.468,10.33333,24.33333,0.446,14.0,18.66667,0.76333,13.0,36.33333,49.33333,25.0,12.33333,4.33333,14.66667,17.0,109.66667,1,0.15511,-0.15511,0.3947,0.24484,0.52571,0.49219,0.57804,0.55759,1515.99205,1432.90339,0.39539,0.60461,2.56375,1.66259,1.0,,,,
248.33333,42.33333,90.33333,0.46867,9.66667,24.66667,0.38467,18.0,24.66667,0.74,8.66667,37.33333,46.0,24.33333,8.66667,4.33333,13.0,20.66667,112.33333,248.33333,43.0,96.66667,0.445,10.0,33.66667,0.29533,18.33333,24.0,0.76533,14.33333,37.66667,52.0,25.33333,7.33333,6.0,13.33333,20.0,114.33333,0,0.02594,-0.02594,0.44808,0.22881,0.49773,0.52495,0.56184,0.59115,1576.88019,1484.17286,0.375,0.625,2.86328,1.63911,1.0,240.0,35.66667,75.66667,0.47267,9.33333,27.33333,0.34667,22.33333,28.66667,0.79167,7.33333,30.33333,37.66667,18.0,9.66667,4.33333,12.33333,20.33333,103.0,240.0,35.66667,84.0,0.426,10.0,27.66667,0.363,15.66667,20.33333,0.771,14.33333,32.33333,46.66667,23.33333,5.66667,3.66667,15.66667,23.33333,97.0,0,-0.0858,0.0858,0.47829,0.22822,0.48523,0.53416,0.54887,0.62954,1548.2838,1618.86342,0.59284,0.40716,1.73849,2.58661,0.0,,,,
240.0,35.66667,82.33333,0.433,9.33333,30.0,0.30733,17.33333,19.66667,0.87533,8.66667,32.33333,41.0,22.0,8.66667,4.66667,19.33333,21.0,98.0,240.0,40.0,88.33333,0.45267,11.66667,29.66667,0.406,21.66667,25.0,0.85133,11.66667,34.33333,46.0,25.66667,11.66667,6.33333,13.33333,20.33333,113.33333,1,0.22028,-0.22028,0.36386,0.26905,0.51844,0.48917,0.60429,0.56338,1561.54241,1354.47627,0.25341,0.74659,4.5568,1.35442,1.0,240.0,33.0,83.0,0.397,8.66667,20.66667,0.435,13.33333,19.0,0.696,6.66667,32.0,38.66667,17.0,9.66667,4.33333,17.33333,26.0,88.0,240.0,39.0,82.33333,0.47733,10.33333,31.33333,0.32167,21.33333,31.0,0.66867,11.0,40.0,51.0,26.33333,10.0,7.0,14.66667,18.33333,109.66667,1,0.32091,-0.32091,0.35278,0.16696,0.53983,0.44853,0.62043,0.50403,1579.05924,1349.73249,0.23262,0.76738,4.8797,1.32327,1.0,,,,
240.0,38.33333,84.33333,0.45333,10.66667,31.33333,0.341,17.33333,22.33333,0.80267,12.33333,39.0,51.33333,23.0,7.0,4.0,15.66667,15.66667,104.66667,240.0,36.66667,87.33333,0.418,9.66667,30.66667,0.31,10.66667,14.66667,0.75033,9.0,32.0,41.0,18.66667,9.66667,3.66667,13.33333,20.33333,93.66667,0,-0.16307,0.16307,0.23386,0.38778,0.47353,0.51664,0.51595,0.58572,1450.13022,1594.84076,0.67667,0.32333,1.53697,3.4966,0.0,240.0,41.33333,94.0,0.44,11.33333,33.0,0.33667,18.66667,21.66667,0.852,12.66667,36.0,48.66667,21.66667,6.66667,6.33333,11.66667,17.33333,112.66667,240.0,44.66667,93.33333,0.47833,7.66667,22.33333,0.34267,9.33333,11.0,0.83767,10.0,32.66667,42.66667,26.33333,7.0,9.66667,12.33333,20.0,106.33333,0,-0.08752,0.08752,0.27445,0.40391,0.51952,0.50022,0.55622,0.5703,1482.71706,1598.65919,0.63748,0.36252,1.61808,3.17987,0.33333,,,,
240.0,41.0,81.0,0.509,15.0,32.66667,0.46333,15.33333,19.33333,0.79333,8.33333,32.33333,40.66667,29.66667,6.33333,5.66667,19.33333,21.33333,112.33333,240.0,43.0,88.0,0.489,11.66667,26.0,0.45067,15.66667,23.66667,0.64467,10.0,30.0,40.0,26.33333,10.66667,5.66667,12.33333,18.66667,113.33333,1,0.0199,-0.0199,0.33761,0.29401,0.55556,0.60212,0.60946,0.6633,1494.88947,1578.16898,0.61956,0.38044,1.61792,2.64465,0.66667,240.0,40.0,89.33333,0.451,6.0,18.0,0.34533,17.0,21.66667,0.78867,12.66667,37.66667,50.33333,18.66667,8.66667,6.66667,12.0,15.0,103.0,240.0,38.66667,87.33333,0.44233,13.66667,39.0,0.35067,11.66667,15.0,0.81367,8.66667,34.33333,43.0,27.33333,6.0,5.66667,13.33333,18.33333,102.66667,1,0.00481,-0.00481,0.23323,0.36357,0.52047,0.48459,0.56649,0.55077,1400.34342,1470.35687,0.60675,0.39325,1.67304,2.61844,0.33333,,,,
240.0,41.0,88.33333,0.463,9.66667,26.66667,0.34067,22.33333,29.0,0.77133,7.66667,37.66667,45.33333,22.66667,6.0,5.33333,10.66667,18.33333,114.0,240.0,43.0,92.33333,0.463,12.33333,33.0,0.382,14.66667,20.33333,0.72733,9.66667,39.0,48.66667,28.33333,6.66667,5.66667,12.66667,23.66667,113.0,0,-0.00658,0.00658,0.25849,0.19724,0.53093,0.51794,0.58426,0.60179,1504.59927,1511.29815,0.50642,0.49358,2.30125,2.32669,0.66667,240.0,42.66667,91.0,0.46833,15.0,35.66667,0.42067,19.66667,25.66667,0.79567,15.0,33.33333,48.33333,27.66667,7.33333,2.33333,12.33333,18.33333,120.0,240.0,41.66667,85.66667,0.48667,6.66667,22.0,0.301,14.33333,20.0,0.72233,8.66667,33.0,41.66667,22.0,8.0,3.0,13.66667,20.66667,104.33333,0,-0.19973,0.19973,0.26765,0.45449,0.52563,0.55082,0.57907,0.62027,1397.50907,1583.56637,0.72318,0.27682,1.41413,4.16668,0.0,,,,
240.0,40.0,90.66667,0.442,11.66667,30.66667,0.37467,13.33333,16.66667,0.80133,11.33333,33.0,44.33333,25.33333,9.66667,3.0,12.66667,22.0,105.0,240.0,41.33333,81.66667,0.506,14.33333,34.0,0.41233,16.0,20.33333,0.78533,7.33333,35.0,42.33333,27.33333,7.0,7.33333,15.0,13.66667,113.0,1,0.12332,-0.12332,0.22421,0.32902,0.5936,0.5056,0.6554,0.55622,1452.12096,1370.4793,0.39982,0.60018,2.63923,1.70703,0.66667,240.0,40.0,76.0,0.52467,10.33333,26.33333,0.38633,17.66667,23.33333,0.75167,8.33333,35.66667,44.0,25.66667,11.0,5.33333,19.0,20.33333,108.0,240.0,37.66667,87.66667,0.42833,8.33333,25.33333,0.32533,10.66667,16.0,0.68,12.33333,24.33333,36.66667,23.0,8.0,4.33333,14.66667,22.66667,94.33333,1,-0.19976,0.19976,0.35872,0.35351,0.47554,0.59238,0.51553,0.66442,1367.85079,1526.67403,0.69689,0.30311,1.43694,3.32196,0.0,,,,
240.0,41.33333,87.33333,0.47333,12.33333,32.0,0.38933,14.33333,19.66667,0.72,7.33333,30.0,37.33333,23.0,8.0,5.33333,11.33333,21.66667,109.33333,240.0,44.33333,90.33333,0.49033,11.33333,29.66667,0.38167,17.0,22.66667,0.77033,13.66667,37.66667,51.33333,25.66667,7.33333,3.0,15.66667,17.0,117.0,1,0.09626,-0.09626,0.45764,0.1945,0.55305,0.54393,0.61314,0.59632,1526.44531,1503.24453,0.48076,0.51924,2.08599,1.93096,0.66667,240.0,43.33333,94.0,0.46333,10.33333,32.0,0.32067,22.33333,30.33333,0.73567,12.0,37.0,49.0,20.0,5.33333,8.66667,11.0,21.66667,119.33333,240.0,43.33333,95.33333,0.45467,10.33333,27.33333,0.38433,15.33333,23.33333,0.67233,11.66667,36.0,47.66667,23.66667,7.33333,9.0,12.0,24.66667,112.33333,1,-0.08444,0.08444,0.315,0.34427,0.50951,0.51947,0.56016,0.59601,1319.94815,1540.25446,0.77641,0.22359,1.28895,4.5173,0.0,,,,
240.0,43.33333,85.0,0.509,9.66667,24.0,0.40033,12.66667,16.66667,0.769,9.33333,31.66667,41.0,25.33333,8.66667,5.66667,15.0,19.33333,109.0,240.0,39.66667,84.33333,0.469,12.33333,26.0,0.48333,15.33333,21.0,0.71933,9.0,27.66667,36.66667,25.33333,9.66667,4.66667,13.33333,18.0,107.0,0,-0.02587,0.02587,0.28576,0.35747,0.54172,0.56625,0.60021,0.61523,1419.26233,1480.24397,0.57918,0.42082,1.78768,2.49922,0.66667,240.0,40.33333,87.66667,0.46067,13.66667,33.0,0.40967,13.66667,19.0,0.73367,9.33333,33.66667,43.0,24.66667,5.66667,4.66667,9.66667,20.33333,108.0,240.0,41.66667,87.66667,0.47533,10.0,29.66667,0.34,15.33333,20.33333,0.76067,11.0,35.33333,46.33333,25.66667,5.66667,3.33333,10.66667,18.33333,108.66667,0,0.01787,-0.01787,0.33585,0.26579,0.53207,0.53892,0.58962,0.58889,1502.32727,1524.34177,0.53559,0.46441,1.88936,2.18319,0.33333,,,,
248.33333,41.0,88.0,0.46433,11.0,28.66667,0.37367,15.33333,19.0,0.807,10.33333,30.33333,40.66667,22.66667,8.0,3.33333,13.0,19.0,108.33333,248.33333,41.66667,87.33333,0.47767,9.33333,27.33333,0.341,16.33333,21.0,0.763,11.0,33.66667,44.66667,23.0,8.0,3.66667,15.0,19.0,109.0,0,0.00494,-0.00494,0.36349,0.3057,0.53072,0.52753,0.59159,0.58713,1492.73266,1464.64493,0.47209,0.52791,2.7059,2.1088,0.66667,240.0,42.33333,93.0,0.455,8.66667,26.66667,0.32067,14.33333,20.66667,0.691,13.33333,39.0,52.33333,25.66667,9.0,6.66667,11.0,16.66667,107.66667,240.0,36.0,87.0,0.413,13.66667,35.33333,0.385,15.33333,17.0,0.92333,9.66667,33.0,42.66667,23.0,6.0,6.66667,14.66667,19.33333,101.0,0,-0.07835,0.07835,0.25228,0.40931,0.49153,0.50158,0.55648,0.55216,1403.4771,1554.87007,0.69076,0.30924,1.51482,4.00597,0.33333,,,,
240.0,36.0,88.33333,0.40767,11.0,36.33333,0.30133,18.33333,24.66667,0.74333,11.33333,36.0,47.33333,22.0,9.0,5.66667,13.33333,22.33333,101.33333,240.0,38.66667,87.0,0.443,14.33333,33.0,0.44567,18.66667,25.33333,0.735,11.66667,38.33333,50.0,21.66667,6.33333,5.0,13.66667,21.0,110.33333,0,0.12188,-0.12188,0.33205,0.31079,0.52551,0.46994,0.59548,0.54063,1437.54977,1539.29674,0.65423,0.34577,1.54977,3.06011,1.0,240.0,36.66667,83.33333,0.44,10.66667,27.0,0.39067,17.33333,24.33333,0.68533,9.66667,32.33333,42.0,23.66667,5.33333,2.66667,16.66667,20.0,101.33333,240.0,47.0,89.66667,0.52467,12.0,30.0,0.40933,14.66667,20.66667,0.69867,9.0,38.33333,47.33333,28.66667,10.33333,6.33333,11.33333,19.66667,120.66667,0,0.24787,-0.24787,0.29661,0.25613,0.59146,0.50327,0.64041,0.57204,1500.83787,1477.54827,0.49981,0.50019,2.28049,2.17245,1.0,,,,
240.0,36.0,86.33333,0.41467,10.33333,28.66667,0.35733,11.66667,17.0,0.68367,8.33333,29.33333,37.66667,20.33333,10.33333,4.66667,13.0,21.66667,94.0,240.0,42.66667,83.0,0.516,12.33333,31.66667,0.39167,16.33333,22.66667,0.725,10.66667,39.33333,50.0,28.0,8.33333,5.0,17.0,18.33333,114.0,0,0.29326,-0.29326,0.37153,0.21425,0.59048,0.47346,0.64904,0.51924,1543.46204,1453.10503,0.39821,0.60179,2.53818,1.67037,1.0,240.0,39.33333,83.0,0.47633,11.0,30.66667,0.36167,14.33333,20.33333,0.69733,6.0,31.66667,37.66667,20.33333,5.33333,4.66667,10.66667,21.66667,104.0,240.0,41.66667,89.33333,0.46667,14.0,36.66667,0.38067,20.33333,25.33333,0.8,12.0,36.66667,48.66667,23.33333,4.33333,3.66667,10.0,15.66667,117.66667,0,0.17765,-0.17765,0.39159,0.16182,0.54562,0.54296,0.62135,0.59751,1573.8383,1545.50187,0.492,0.508,2.1327,2.09364,1.0,,,,
240.0,39.0,76.33333,0.511,11.0,27.66667,0.40033,21.33333,25.33333,0.84333,3.66667,31.0,34.66667,25.66667,9.0,5.33333,14.0,20.33333,110.33333,240.0,39.33333,88.33333,0.44533,14.0,35.33333,0.39433,19.0,22.66667,0.845,11.66667,32.33333,44.0,22.33333,6.66667,2.66667,15.33333,20.66667,111.66667,0,0.01207,-0.01207,0.38496,0.11364,0.52482,0.5829,0.5983,0.67389,1494.18705,1645.84153,0.70802,0.29198,1.43405,3.90644,0.33333,240.0,42.66667,90.33333,0.47267,8.0,28.66667,0.277,17.33333,24.33333,0.711,8.0,36.66667,44.66667,22.66667,6.0,5.0,12.66667,21.0,110.66667,240.0,44.0,92.66667,0.47467,9.66667,30.0,0.317,19.0,23.33333,0.786,11.33333,36.66667,48.0,24.0,4.66667,5.66667,11.0,19.66667,116.66667,0,0.07617,-0.07617,0.3096,0.22552,0.5266,0.51738,0.59631,0.57895,1593.12986,1480.88014,0.35546,0.64454,3.04117,1.59874,0.66667,,,,
240.0,44.0,87.66667,0.50633,15.0,32.66667,0.46433,18.0,23.0,0.77867,9.33333,32.66667,42.0,26.66667,9.0,5.0,14.33333,20.33333,121.0,240.0,44.0,92.0,0.47967,10.33333,30.66667,0.33567,18.33333,22.0,0.82233,11.0,31.0,42.0,27.0,8.66667,5.33333,13.0,18.66667,116.66667,0,-0.05202,0.05202,0.33958,0.30257,0.53755,0.59257,0.60597,0.65751,1523.63787,1493.24651,0.44445,0.55555,2.25601,1.8032,0.33333,240.0,36.0,89.33333,0.40233,8.0,30.0,0.26767,16.0,21.33333,0.75067,11.33333,30.66667,42.0,24.0,7.33333,2.33333,13.0,18.33333,96.0,240.0,43.33333,89.0,0.49,12.0,30.33333,0.39733,13.33333,15.66667,0.84467,9.66667,38.33333,48.0,32.0,7.33333,8.33333,13.66667,19.0,112.0,0,0.23333,-0.23333,0.31174,0.29379,0.55788,0.44712,0.60886,0.51017,1651.34266,1506.9346,0.32545,0.67455,3.43426,1.51214,1.0,,,,
240.0,37.0,85.33333,0.433,13.0,30.0,0.43333,15.66667,19.33333,0.81433,8.66667,37.0,45.66667,18.66667,8.0,7.0,9.66667,14.33333,102.66667,240.0,37.33333,88.33333,0.42333,7.0,29.33333,0.24167,11.0,15.66667,0.661,9.66667,36.0,45.66667,22.66667,5.33333,6.33333,14.33333,18.0,92.66667,0,-0.1404,0.1404,0.26115,0.23929,0.46269,0.50919,0.5053,0.57319,1386.80875,1455.67346,0.58044,0.41956,1.97157,2.78791,0.33333,240.0,40.33333,89.66667,0.44833,9.33333,23.33333,0.38567,13.0,17.33333,0.70033,9.33333,30.33333,39.66667,19.33333,4.66667,3.0,11.66667,19.66667,103.0,240.0,37.66667,85.66667,0.44167,14.66667,44.66667,0.32533,21.0,25.33333,0.82533,11.66667,35.0,46.66667,22.66667,7.0,6.0,12.0,19.33333,111.0,0,0.11263,-0.11263,0.37936,0.27586,0.52726,0.50149,0.60967,0.55128,1717.77601,1556.18609,0.29024,0.70976,3.4858,1.41197,1.0,,,,
240.0,37.0,84.33333,0.441,8.33333,23.66667,0.35767,17.0,19.66667,0.87233,10.33333,32.0,42.33333,19.0,10.66667,3.0,14.33333,20.33333,99.33333,240.0,34.66667,79.66667,0.43633,10.66667,31.33333,0.34233,16.66667,20.66667,0.80567,9.0,35.0,44.0,23.66667,7.33333,4.66667,17.0,19.66667,96.66667,0,-0.03927,0.03927,0.28045,0.2909,0.50303,0.49179,0.57501,0.56432,1576.22656,1515.13424,0.41332,0.58668,2.43372,1.70992,0.0,248.33333,40.66667,86.0,0.47267,8.0,26.33333,0.30867,19.66667,23.33333,0.851,11.66667,28.66667,40.33333,20.0,10.33333,3.33333,13.33333,21.0,109.0,248.33333,39.0,81.66667,0.478,10.66667,23.66667,0.451,19.0,23.66667,0.80033,10.66667,30.0,40.66667,24.0,7.33333,3.0,14.33333,20.0,107.66667,0,-0.01941,0.01941,0.37889,0.39256,0.54347,0.51905,0.61995,0.59899,1546.07913,1534.0174,0.48275,0.51725,2.10507,1.96443,0.33333,,,,
240.0,42.33333,87.33333,0.486,6.33333,24.33333,0.25567,19.0,26.66667,0.658,10.0,33.33333,43.33333,23.0,6.33333,5.33333,13.66667,20.0,110.0,240.0,40.33333,92.66667,0.43633,9.66667,33.66667,0.28567,18.66667,22.66667,0.831,12.66667,32.66667,45.33333,24.33333,8.66667,6.0,13.33333,22.66667,109.0,0,-0.01001,0.01001,0.38094,0.31111,0.48923,0.52329,0.56014,0.59377,1544.45017,1541.84322,0.49452,0.50548,2.4006,2.35528,0.33333,240.0,36.33333,90.33333,0.40367,10.33333,30.0,0.369,11.0,13.66667,0.75767,8.66667,36.33333,45.0,20.66667,7.66667,4.33333,12.66667,23.0,94.0,240.0,39.66667,83.0,0.47867,13.0,32.33333,0.39833,16.0,23.0,0.704,7.33333,39.66667,47.0,22.0,6.33333,7.0,14.33333,16.0,108.33333,0,0.20604,-0.20604,0.20095,0.22093,0.55717,0.46075,0.61587,0.50447,1573.41483,1384.7706,0.27955,0.72045,4.37527,1.44968,1.0,,,,
240.0,34.66667,82.33333,0.42133,10.66667,30.33333,0.35433,11.66667,16.33333,0.726,6.33333,31.33333,37.66667,22.0,6.33333,4.0,14.66667,19.33333,91.66667,240.0,38.33333,81.33333,0.472,10.0,29.66667,0.33867,12.0,15.0,0.817,8.66667,37.0,45.66667,24.66667,7.33333,4.33333,15.0,19.66667,98.66667,0,0.11375,-0.11375,0.28276,0.176,0.53358,0.48603,0.58369,0.53353,1444.48416,1400.55817,0.4478,0.5522,2.41126,1.94638,1.0,240.0,41.66667,94.0,0.44333,14.66667,37.0,0.396,16.33333,19.66667,0.823,10.0,35.0,45.0,30.33333,9.66667,7.66667,11.33333,23.0,114.33333,240.0,44.33333,90.66667,0.49067,9.33333,27.33333,0.34067,20.33333,28.66667,0.70667,10.0,39.66667,49.66667,22.66667,7.66667,3.66667,12.0,18.0,118.33333,0,0.05343,-0.05343,0.29005,0.26352,0.54276,0.52166,0.61312,0.5815,1539.18953,1471.11176,0.41166,0.58834,2.50234,1.71992,0.66667,,,,
240.0,44.66667,87.0,0.51733,15.33333,32.0,0.48267,18.66667,24.0,0.77433,8.66667,38.33333,47.0,27.66667,9.0,5.0,17.0,20.33333,123.33333,240.0,42.0,96.33333,0.436,8.0,32.33333,0.24833,17.66667,23.33333,0.76867,11.33333,32.33333,43.66667,24.0,10.0,4.33333,12.66667,19.0,109.66667,0,-0.16865,0.16865,0.32109,0.26565,0.47765,0.60602,0.54096,0.67278,1466.57565,1489.02189,0.50573,0.49427,2.03226,2.09339,0.0,240.0,43.0,84.33333,0.50967,11.66667,30.0,0.382,20.33333,27.0,0.74067,10.33333,29.66667,40.0,23.0,9.66667,4.66667,15.33333,22.33333,118.0,240.0,43.0,88.0,0.48867,10.0,29.0,0.346,18.0,24.0,0.74833,12.33333,30.33333,42.66667,27.33333,10.33333,5.0,18.0,23.33333,114.0,0,-0.05036,0.05036,0.41792,0.36029,0.54557,0.58018,0.61111,0.65525,1539.55453,1578.4955,0.55158,0.44842,1.88003,2.40846,0.0,,,,
256.66667,40.66667,94.66667,0.43,12.33333,35.66667,0.33833,16.66667,21.33333,0.778,12.66667,34.0,46.66667,25.33333,7.33333,3.0,13.0,23.66667,110.33333,256.66667,42.0,85.66667,0.48967,12.0,28.0,0.435,22.33333,27.33333,0.815,8.33333,36.33333,44.66667,23.66667,6.0,5.33333,13.66667,19.33333,118.33333,1,0.10467,-0.10467,0.24875,0.35547,0.56095,0.49442,0.64685,0.55442,1476.21192,1498.19115,0.53532,0.46468,2.011,2.53018,1.0,240.0,40.33333,86.0,0.46933,12.33333,33.0,0.38033,14.66667,20.33333,0.714,6.66667,34.66667,41.33333,26.33333,7.0,4.33333,15.66667,22.0,107.66667,240.0,43.66667,91.33333,0.47767,13.0,35.66667,0.36333,15.33333,19.0,0.83233,11.0,36.33333,47.33333,25.66667,7.33333,3.33333,14.0,19.33333,115.66667,1,0.10093,-0.10093,0.32479,0.18806,0.54887,0.54099,0.60487,0.59498,1498.72202,1479.92924,0.48509,0.51491,2.13166,1.99076,1.0,,,,
240.0,38.66667,84.66667,0.456,9.0,23.33333,0.38967,15.33333,20.66667,0.73833,9.66667,29.0,38.66667,21.33333,9.0,3.33333,14.66667,27.66667,101.66667,240.0,38.33333,76.0,0.50433,12.33333,32.66667,0.37467,28.0,35.66667,0.78567,9.0,35.66667,44.66667,24.33333,7.66667,4.33333,17.33333,20.66667,117.0,0,0.22052,-0.22052,0.31552,0.2781,0.58594,0.50905,0.69823,0.56892,1416.53099,1363.53034,0.43906,0.56094,2.31261,1.80058,1.0,240.0,36.66667,89.33333,0.41,8.66667,25.33333,0.327,21.66667,27.33333,0.79267,10.33333,33.33333,43.66667,20.33333,8.33333,3.66667,10.0,19.0,103.66667,240.0,40.0,87.66667,0.45733,13.33333,33.66667,0.39533,15.33333,18.66667,0.80467,12.33333,37.66667,50.0,28.0,5.66667,5.33333,13.66667,22.66667,108.66667,0,0.06857,-0.06857,0.36736,0.28677,0.5325,0.4589,0.5931,0.54405,1588.66369,1466.03372,0.33818,0.66182,3.06812,1.52332,0.66667,,,,
240.0,38.66667,83.33333,0.46467,11.66667,29.66667,0.39967,16.66667,22.33333,0.75067,11.33333,39.33333,50.66667,24.33333,8.66667,5.33333,12.66667,19.66667,105.66667,240.0,33.66667,86.0,0.39167,7.0,26.0,0.26333,16.0,19.66667,0.80967,10.33333,33.0,43.33333,14.33333,7.66667,4.66667,12.66667,21.0,90.33333,1,-0.22519,0.22519,0.27038,0.34641,0.43299,0.53424,0.50112,0.59879,1437.17914,1533.15146,0.59752,0.40248,1.7379,2.82035,0.0,240.0,39.33333,81.0,0.48867,7.66667,24.0,0.31267,23.66667,28.66667,0.846,7.0,36.33333,43.33333,21.0,14.0,6.0,18.66667,24.33333,110.0,240.0,35.33333,87.33333,0.404,10.66667,27.33333,0.388,16.33333,20.33333,0.79967,11.0,30.66667,41.66667,23.66667,10.66667,5.0,20.33333,25.66667,97.66667,1,-0.17434,0.17434,0.31955,0.23195,0.46499,0.53534,0.53139,0.63258,1393.2327,1460.88046,0.57568,0.42432,1.84829,2.57842,0.0,,,,
240.0,41.33333,88.66667,0.467,6.66667,19.0,0.35333,22.66667,29.66667,0.77733,10.33333,32.0,42.33333,26.33333,7.33333,5.33333,9.33333,17.33333,112.0,240.0,42.33333,94.33333,0.44833,9.33333,32.0,0.29233,14.66667,18.66667,0.77367,14.33333,35.0,49.33333,27.0,6.33333,6.0,12.0,23.0,108.66667,0,-0.05032,0.05032,0.46396,0.29597,0.49731,0.50456,0.55071,0.5892,1566.26515,1546.39563,0.45921,0.54079,2.24324,1.88221,0.66667,240.0,36.0,82.66667,0.443,12.66667,33.0,0.39067,20.0,24.33333,0.81867,7.33333,31.0,38.33333,21.0,11.66667,5.66667,16.33333,21.33333,104.66667,240.0,43.33333,87.0,0.499,12.0,30.66667,0.39567,14.33333,19.33333,0.748,10.66667,33.66667,44.33333,21.0,8.0,7.0,19.0,20.33333,113.0,0,0.12409,-0.12409,0.36173,0.2344,0.56839,0.52247,0.62067,0.60441,1567.27127,1472.13479,0.38552,0.61448,3.42274,1.93562,0.66667,,,,
240.0,42.0,87.66667,0.47733,13.0,32.66667,0.39567,21.0,24.66667,0.849,15.0,39.0,54.0,26.33333,4.66667,5.66667,14.0,19.33333,118.0,240.0,38.33333,89.0,0.43067,9.66667,27.0,0.34733,16.0,20.0,0.79767,9.33333,27.0,36.33333,19.66667,9.33333,3.66667,9.66667,21.0,102.33333,1,-0.2002,0.2002,0.23919,0.57121,0.48542,0.55145,0.54847,0.63299,1438.13908,1697.75106,0.80771,0.19229,1.24222,5.46611,0.0,240.0,39.33333,91.0,0.429,8.33333,24.0,0.34533,16.0,22.0,0.73067,12.66667,33.33333,46.0,22.66667,9.33333,4.66667,12.66667,21.0,103.0,240.0,38.0,82.0,0.46567,10.33333,29.0,0.34267,19.0,22.33333,0.86567,7.0,35.0,42.0,21.33333,8.66667,6.66667,15.33333,20.66667,105.33333,1,0.01867,-0.01867,0.21748,0.36364,0.5281,0.47494,0.60781,0.53651,1395.62612,1486.51822,0.62548,0.37452,1.66232,2.97147,0.66667,,,,
240.0,37.66667,89.66667,0.42133,8.33333,25.66667,0.33667,21.0,27.33333,0.79967,8.33333,38.0,46.33333,16.0,7.66667,5.66667,10.66667,21.33333,104.66667,240.0,35.33333,84.0,0.42067,9.33333,29.33333,0.32,16.0,21.0,0.76867,7.0,40.0,47.0,19.33333,7.0,7.66667,14.0,20.33333,96.0,1,-0.13329,0.13329,0.18601,0.20437,0.47569,0.46872,0.54003,0.54934,1444.34575,1524.32841,0.59001,0.40999,1.77248,2.74803,0.0,240.0,41.0,91.33333,0.449,11.0,30.0,0.36633,16.33333,21.0,0.778,8.66667,32.66667,41.33333,27.0,11.0,7.0,11.33333,22.33333,109.33333,240.0,43.33333,88.66667,0.49133,8.33333,24.33333,0.347,20.0,28.0,0.71467,10.33333,39.66667,50.0,22.33333,6.66667,2.66667,13.66667,18.0,115.0,1,0.07687,-0.07687,0.32589,0.22311,0.53849,0.50898,0.61063,0.57001,1542.2025,1468.1568,0.40604,0.59396,2.56094,1.70814,0.66667,,,,
256.66667,42.33333,93.0,0.455,8.66667,26.0,0.33767,19.33333,27.33333,0.70633,9.66667,33.0,42.66667,25.0,10.66667,4.33333,12.33333,22.66667,112.66667,256.66667,42.33333,93.33333,0.456,10.33333,30.0,0.366,20.0,25.33333,0.78833,14.66667,37.66667,52.33333,25.66667,7.33333,6.0,16.66667,21.0,115.0,0,0.02996,-0.02996,0.48641,0.25912,0.51394,0.5038,0.58712,0.5726,1536.25094,1486.78092,0.42989,0.57011,2.35386,1.76647,1.0,240.0,37.66667,84.0,0.44967,8.33333,24.66667,0.33967,14.66667,20.0,0.72233,8.0,29.33333,37.33333,19.66667,6.0,5.33333,12.0,20.0,98.33333,240.0,39.33333,86.0,0.45633,15.66667,35.0,0.44967,20.33333,24.66667,0.82633,14.33333,33.66667,48.0,21.0,4.66667,4.66667,15.0,17.66667,114.66667,0,0.22447,-0.22447,0.49004,0.23674,0.5485,0.50016,0.62728,0.55846,1547.88682,1537.47473,0.5175,0.4825,2.08425,2.2208,1.0,,,,
240.0,41.33333,87.33333,0.47333,9.66667,27.66667,0.34833,9.0,11.66667,0.74167,6.66667,34.0,40.66667,25.33333,9.33333,4.33333,12.66667,17.0,101.33333,240.0,38.33333,83.33333,0.46,14.66667,41.0,0.36733,17.0,20.66667,0.819,7.0,37.0,44.0,25.0,8.0,3.66667,13.0,14.66667,108.33333,0,0.09999,-0.09999,0.21134,0.17773,0.54774,0.5288,0.61639,0.56355,1563.19152,1319.55496,0.21402,0.78598,5.50301,1.28344,0.66667,240.0,45.0,89.33333,0.504,11.33333,30.0,0.37233,15.66667,21.66667,0.71967,10.66667,30.0,40.66667,25.33333,10.0,5.66667,14.33333,22.33333,117.0,240.0,42.33333,85.33333,0.496,11.66667,29.66667,0.39233,21.33333,26.0,0.815,10.66667,32.0,42.66667,26.33333,9.33333,5.0,17.66667,19.66667,117.66667,0,0.00622,-0.00622,0.36181,0.34544,0.56487,0.56729,0.64628,0.62166,1539.08469,1510.54212,0.462,0.538,2.16788,1.86087,0.33333,,,,
256.66667,43.66667,97.66667,0.44633,8.33333,27.33333,0.30967,16.0,23.0,0.69433,12.0,36.33333,48.33333,25.33333,9.66667,4.0,12.66667,23.66667,111.66667,256.66667,42.0,90.33333,0.46733,12.0,30.33333,0.41,22.66667,27.0,0.83933,10.0,39.0,49.0,25.0,7.0,7.33333,15.0,18.33333,118.66667,0,0.09267,-0.09267,0.27487,0.31339,0.53705,0.48965,0.62325,0.54328,1538.22216,1492.48603,0.4469,0.5531,2.24855,1.81424,1.0,240.0,40.0,83.0,0.48133,8.66667,25.33333,0.33967,11.66667,14.33333,0.845,8.33333,32.33333,40.66667,21.33333,7.0,6.0,14.33333,19.33333,100.33333,240.0,38.0,87.33333,0.43533,10.33333,27.66667,0.37133,12.66667,14.33333,0.897,11.33333,31.0,42.33333,21.66667,5.33333,4.33333,12.0,18.33333,99.0,0,-0.01215,0.01215,0.35347,0.273,0.49492,0.53398,0.54781,0.58292,1308.46893,1442.33346,0.68166,0.31834,1.47546,3.24141,0.66667,,,,
240.0,40.66667,82.0,0.49667,6.66667,19.33333,0.354,19.66667,23.66667,0.84733,7.33333,30.33333,37.66667,17.66667,8.0,4.66667,12.33333,22.66667,107.66667,240.0,39.33333,84.0,0.472,8.66667,26.33333,0.33667,24.33333,31.66667,0.76733,12.33333,31.66667,44.0,21.33333,7.33333,5.0,12.33333,18.66667,111.66667,0,0.05502,-0.05502,0.42615,0.24961,0.5239,0.53796,0.61756,0.61886,1532.0224,1592.49677,0.59392,0.40608,1.68526,2.46719,0.66667,240.0,35.33333,84.0,0.422,7.0,20.33333,0.34767,10.0,11.33333,0.86833,9.0,36.33333,45.33333,20.0,6.66667,5.0,18.0,19.66667,87.66667,240.0,37.33333,86.33333,0.437,7.33333,22.33333,0.33867,20.0,24.33333,0.83167,10.0,35.33333,45.33333,19.33333,11.33333,7.33333,11.0,12.33333,102.0,0,0.22989,-0.22989,0.27357,0.25169,0.47962,0.46416,0.56165,0.50787,1547.13897,1417.09959,0.33135,0.66865,3.10727,1.50769,1.0,,,,
248.33333,42.66667,90.66667,0.471,12.66667,36.0,0.35333,20.33333,26.0,0.80333,11.0,33.33333,44.33333,28.0,7.0,5.0,9.0,20.33333,118.33333,248.33333,40.0,85.66667,0.46667,9.66667,23.66667,0.40267,17.0,22.66667,0.74733,10.66667,34.33333,45.0,24.0,3.66667,5.33333,14.33333,22.33333,106.66667,1,-0.1477,0.1477,0.34582,0.33155,0.5227,0.54066,0.58738,0.61419,1467.71598,1690.93487,0.77258,0.22742,1.30382,4.73493,0.0,240.0,40.66667,92.66667,0.438,7.0,21.33333,0.33567,16.66667,23.0,0.70667,14.0,38.0,52.0,23.33333,10.0,7.0,10.0,16.66667,105.0,240.0,36.0,86.0,0.418,13.0,35.0,0.36967,16.33333,19.66667,0.872,9.66667,35.0,44.66667,24.0,4.33333,5.33333,15.33333,19.66667,101.33333,1,-0.03929,0.03929,0.25836,0.40274,0.49346,0.47582,0.56099,0.53716,1402.30147,1492.10841,0.62845,0.37155,1.62733,2.84646,0.33333,,,,
240.0,38.33333,87.33333,0.442,12.33333,31.0,0.40767,12.66667,18.33333,0.691,8.0,31.33333,39.33333,21.0,7.0,3.0,14.66667,23.33333,101.66667,240.0,44.33333,86.33333,0.514,12.66667,33.66667,0.37767,19.33333,25.66667,0.757,9.66667,37.33333,47.0,26.0,9.66667,7.33333,13.33333,17.33333,120.66667,0,0.25569,-0.25569,0.32381,0.21757,0.5876,0.51352,0.65645,0.55968,1521.90293,1307.76803,0.23859,0.76141,4.29923,1.31645,1.0,240.0,32.33333,79.66667,0.41,8.33333,25.33333,0.351,16.0,21.33333,0.755,5.33333,26.33333,31.66667,15.33333,10.0,2.66667,14.33333,21.66667,89.0,240.0,39.33333,75.66667,0.51967,10.66667,31.33333,0.33833,17.33333,25.33333,0.66767,9.33333,39.0,48.33333,24.33333,8.33333,5.66667,18.33333,21.66667,106.66667,0,0.27111,-0.27111,0.36611,0.13227,0.5901,0.46215,0.65533,0.53051,1542.19237,1482.41822,0.436,0.564,2.4573,1.878,1.0,,,,
240.0,38.33333,78.33333,0.49133,6.66667,17.66667,0.389,25.0,29.33333,0.85467,6.33333,33.33333,39.66667,17.33333,8.33333,3.66667,13.0,20.33333,108.33333,240.0,38.66667,84.66667,0.46,8.66667,27.0,0.32467,22.0,27.66667,0.82167,10.33333,31.0,41.33333,20.0,7.0,4.66667,13.33333,20.66667,108.0,1,-0.00339,0.00339,0.32286,0.21888,0.51151,0.53471,0.59801,0.64118,1457.04419,1595.16515,0.67964,0.32036,1.50291,3.61126,0.66667,248.33333,37.33333,83.0,0.45033,9.0,30.33333,0.29867,20.66667,27.66667,0.761,10.66667,28.66667,39.33333,18.66667,10.0,2.66667,12.33333,21.33333,104.33333,248.33333,37.0,80.66667,0.45933,11.0,25.0,0.44267,17.33333,22.33333,0.76933,11.0,32.33333,43.33333,23.33333,6.0,3.33333,16.33333,22.66667,102.33333,1,-0.03241,0.03241,0.39171,0.32923,0.52736,0.50461,0.59787,0.58686,1547.5477,1565.73042,0.52126,0.47874,2.0062,2.24765,0.33333,,,,
240.0,37.0,87.0,0.426,10.33333,34.0,0.303,16.66667,19.0,0.867,8.33333,35.33333,43.66667,21.66667,8.33333,3.66667,16.66667,20.33333,101.0,240.0,39.66667,88.66667,0.44767,10.33333,29.0,0.372,19.66667,22.33333,0.862,10.0,38.0,48.0,22.66667,10.33333,6.33333,14.66667,20.66667,109.33333,0,0.11667,-0.11667,0.28434,0.22021,0.50554,0.48572,0.58461,0.55418,1525.15807,1347.73264,0.27508,0.72492,3.78436,1.38597,0.66667,248.33333,37.0,85.33333,0.435,13.66667,33.66667,0.404,16.66667,19.66667,0.84533,8.66667,35.0,43.66667,20.0,6.0,3.66667,12.33333,17.0,104.33333,248.33333,41.33333,88.33333,0.46667,7.66667,24.0,0.318,12.0,16.33333,0.69033,9.66667,34.33333,44.0,23.33333,6.66667,4.33333,13.33333,21.0,102.33333,0,-0.03107,0.03107,0.28978,0.25242,0.50993,0.51426,0.55427,0.58204,1302.56437,1451.60354,0.69613,0.30387,1.44392,3.38272,0.66667,,,,
240.0,36.33333,85.33333,0.42467,9.66667,28.0,0.34533,17.0,25.0,0.66367,11.33333,37.0,48.33333,20.33333,7.33333,3.66667,13.66667,18.33333,99.33333,240.0,39.66667,87.66667,0.453,7.66667,25.66667,0.29967,13.0,16.33333,0.80033,8.33333,35.33333,43.66667,23.66667,8.0,5.0,12.33333,19.33333,100.0,1,0.00948,-0.00948,0.22457,0.32677,0.49601,0.48147,0.54797,0.54603,1492.69225,1589.9518,0.64211,0.35789,1.60552,3.06604,0.33333,240.0,36.66667,79.66667,0.46067,13.33333,31.33333,0.42033,15.66667,23.33333,0.67033,5.66667,32.66667,38.33333,17.33333,4.66667,4.33333,10.66667,20.0,102.33333,240.0,40.33333,88.0,0.45967,10.33333,31.33333,0.33133,17.0,21.33333,0.80633,10.66667,37.0,47.66667,23.0,6.0,6.0,8.66667,16.66667,108.0,1,0.08526,-0.08526,0.32866,0.15331,0.5183,0.54417,0.58402,0.60309,1585.40976,1558.60323,0.4687,0.5313,2.35928,2.11076,0.66667,,,,
240.0,41.0,88.66667,0.46133,11.66667,32.0,0.36967,20.33333,24.66667,0.829,10.0,32.66667,42.66667,26.33333,6.0,4.33333,11.33333,22.33333,114.0,240.0,43.66667,87.66667,0.50033,9.0,23.0,0.37767,18.66667,22.33333,0.83233,8.0,31.66667,39.66667,26.33333,7.33333,5.0,11.66667,20.0,115.0,0,0.01741,-0.01741,0.23872,0.31903,0.5514,0.52694,0.62297,0.60477,1581.6957,1404.43158,0.2644,0.7356,3.99336,1.3693,0.66667,248.33333,45.66667,86.66667,0.526,8.33333,23.33333,0.36067,17.66667,25.0,0.708,9.0,28.0,37.0,22.33333,9.0,3.33333,13.33333,21.33333,117.33333,248.33333,43.33333,85.66667,0.50767,13.33333,32.66667,0.40933,18.33333,22.66667,0.80267,10.66667,28.66667,39.33333,26.33333,5.66667,3.66667,16.0,22.0,118.33333,0,0.01576,-0.01576,0.37793,0.34128,0.58618,0.57449,0.6543,0.6356,1696.13525,1588.0418,0.35755,0.64245,3.22536,1.63048,0.66667,,,,
240.0,38.66667,90.33333,0.42767,13.66667,36.33333,0.37167,16.66667,20.66667,0.81,10.33333,33.33333,43.66667,24.33333,10.33333,2.0,10.33333,22.0,107.66667,240.0,39.33333,83.33333,0.47267,13.66667,34.0,0.393,18.0,21.66667,0.82733,9.0,37.33333,46.33333,27.0,5.66667,6.0,15.0,16.33333,110.33333,0,0.05359,-0.05359,0.27145,0.27666,0.55474,0.50367,0.62655,0.56773,1388.39778,1367.35233,0.47831,0.52169,2.12844,1.94132,0.33333,240.0,38.0,90.0,0.42233,12.66667,35.0,0.35933,21.0,28.0,0.77333,14.66667,33.0,47.66667,20.66667,8.66667,3.0,12.0,16.33333,109.66667,240.0,44.66667,89.66667,0.49833,8.33333,23.66667,0.344,12.66667,18.0,0.71767,10.0,38.0,48.0,23.0,8.0,3.33333,13.0,21.66667,110.33333,0,0.00442,-0.00442,0.30559,0.39206,0.54419,0.49257,0.58847,0.57039,1401.44316,1514.89721,0.66431,0.33569,1.52078,3.10849,0.33333,,,,
240.0,41.66667,85.0,0.491,13.33333,33.0,0.402,19.0,24.66667,0.75467,4.66667,33.66667,38.33333,21.33333,7.0,7.0,14.0,21.33333,115.66667,240.0,43.0,96.66667,0.44533,10.33333,33.66667,0.30433,19.33333,23.0,0.84067,12.66667,36.66667,49.33333,24.33333,7.66667,3.0,12.66667,18.33333,115.66667,1,0.00156,-0.00156,0.38499,0.12738,0.49883,0.5691,0.56931,0.63889,1458.71811,1499.83092,0.55436,0.44564,1.9317,2.5767,0.66667,240.0,39.33333,80.66667,0.48767,10.0,31.33333,0.318,20.33333,26.0,0.81633,9.0,33.66667,42.66667,25.33333,7.66667,4.0,15.33333,17.66667,109.0,240.0,39.0,87.0,0.451,10.0,30.33333,0.328,16.66667,22.33333,0.75567,9.0,31.66667,40.66667,23.0,11.66667,1.33333,14.0,22.0,104.66667,1,-0.06816,0.06816,0.28376,0.2905,0.51027,0.54926,0.57359,0.63107,1372.87859,1506.01345,0.66994,0.33006,1.54191,3.34934,0.33333,,,,
240.0,41.0,87.33333,0.46933,13.66667,34.0,0.402,19.0,23.66667,0.78667,6.66667,33.66667,40.33333,23.0,8.66667,7.0,14.33333,23.66667,114.66667,240.0,43.0,94.33333,0.457,10.0,31.33333,0.321,20.66667,26.66667,0.78867,12.66667,37.33333,50.0,24.0,8.33333,3.0,14.66667,18.66667,116.66667,0,0.0281,-0.0281,0.38499,0.17774,0.51034,0.54776,0.58355,0.61897,1446.66653,1500.84363,0.57666,0.42334,1.80959,2.64522,0.66667,240.0,37.33333,84.0,0.446,9.66667,26.0,0.37333,13.66667,18.33333,0.72933,8.33333,31.0,39.33333,21.66667,6.0,4.66667,11.66667,21.0,98.0,240.0,39.0,84.33333,0.46133,16.66667,36.0,0.46833,22.33333,27.0,0.82867,12.66667,36.33333,49.0,22.0,4.33333,4.0,14.0,15.66667,117.0,0,0.2595,-0.2595,0.42284,0.22713,0.56066,0.50382,0.64777,0.55872,1562.1078,1515.35373,0.47403,0.52597,2.26596,2.04855,1.0,,,,
240.0,38.0,82.33333,0.46067,12.33333,33.0,0.373,16.66667,22.0,0.732,12.33333,39.33333,51.66667,22.0,6.0,7.33333,16.0,16.33333,105.0,240.0,37.33333,89.66667,0.416,10.33333,28.33333,0.35633,10.66667,13.66667,0.73367,10.0,29.0,39.0,20.0,11.33333,4.66667,10.33333,20.0,95.66667,0,-0.13234,0.13234,0.25449,0.46744,0.47435,0.53613,0.51641,0.60162,1433.40247,1698.40693,0.81371,0.18629,1.23382,5.71815,0.0,240.0,42.0,87.0,0.483,13.0,33.33333,0.38467,14.0,16.66667,0.828,7.33333,28.33333,35.66667,26.0,8.0,5.33333,11.66667,21.33333,111.0,240.0,44.0,87.66667,0.502,12.0,31.66667,0.378,17.66667,21.66667,0.81267,11.66667,33.66667,45.33333,26.0,5.66667,3.33333,12.0,17.0,117.66667,0,0.09747,-0.09747,0.41918,0.22135,0.57038,0.55786,0.63638,0.61231,1503.65638,1492.26097,0.49693,0.50307,2.02901,2.00593,0.66667,,,,
248.33333,43.0,90.66667,0.474,10.66667,26.33333,0.406,13.66667,16.66667,0.82267,10.33333,30.0,40.33333,24.0,7.66667,3.0,10.66667,21.0,110.33333,248.33333,42.0,85.66667,0.491,10.66667,30.33333,0.34733,16.33333,20.66667,0.77533,10.66667,33.33333,44.0,23.33333,6.0,5.0,14.0,17.66667,111.0,0,0.00292,-0.00292,0.35655,0.30957,0.5531,0.53313,0.61434,0.58487,1500.65024,1465.32004,0.46197,0.53803,2.73325,2.04265,0.66667,240.0,39.66667,91.0,0.435,10.33333,31.0,0.327,14.0,20.0,0.69867,10.0,35.0,45.0,19.33333,8.0,6.33333,10.66667,17.66667,103.66667,240.0,44.66667,89.66667,0.498,7.66667,21.33333,0.35833,12.33333,15.0,0.82233,8.33333,36.33333,44.66667,28.0,7.66667,6.66667,11.33333,16.0,109.33333,0,0.08174,-0.08174,0.23435,0.27845,0.54067,0.49184,0.58981,0.54211,1488.85378,1602.93092,0.66417,0.33583,1.54838,3.36685,0.66667,,,,
256.66667,38.66667,91.0,0.42333,13.33333,37.0,0.35733,22.0,28.33333,0.76633,11.33333,35.0,46.33333,22.0,10.66667,4.66667,13.0,25.33333,112.66667,256.66667,43.0,91.0,0.46667,16.0,36.0,0.44567,18.66667,26.66667,0.69867,11.0,37.33333,48.33333,25.66667,5.33333,7.66667,12.33333,23.0,120.66667,1,0.10136,-0.10136,0.31977,0.3175,0.55416,0.49566,0.61866,0.57544,1453.93819,1538.92657,0.62583,0.37417,1.62983,2.88315,1.0,240.0,40.33333,81.66667,0.49367,10.33333,31.66667,0.324,21.0,28.66667,0.72733,8.66667,31.0,39.66667,25.33333,6.66667,4.33333,13.66667,18.0,112.0,240.0,42.0,90.33333,0.46967,11.33333,30.66667,0.36367,16.0,20.66667,0.78333,10.33333,33.33333,43.66667,27.0,8.33333,2.0,13.66667,23.66667,111.33333,1,-0.01023,0.01023,0.33796,0.26042,0.53337,0.55624,0.59254,0.63696,1370.65822,1475.51991,0.64296,0.35704,1.59364,2.98915,0.33333,,,,
240.0,35.0,84.0,0.41367,9.66667,25.66667,0.373,13.33333,18.66667,0.71133,8.33333,30.33333,38.66667,20.33333,9.33333,3.33333,13.33333,19.66667,93.0,240.0,41.0,82.66667,0.49867,11.0,31.0,0.35633,17.0,23.0,0.74667,10.0,38.66667,48.66667,26.0,8.33333,7.0,16.0,18.0,110.0,1,0.25507,-0.25507,0.34266,0.21742,0.5658,0.4702,0.6288,0.52493,1568.24901,1450.92753,0.35351,0.64649,2.84042,1.54862,1.0,248.33333,40.33333,86.66667,0.46767,12.66667,32.66667,0.384,13.66667,15.33333,0.906,8.33333,34.0,42.33333,23.0,6.0,4.33333,14.66667,20.66667,107.0,248.33333,41.0,90.0,0.45467,8.66667,25.66667,0.338,15.33333,19.0,0.817,11.66667,32.33333,44.0,22.33333,5.66667,5.0,12.0,19.33333,106.0,1,-0.01061,0.01061,0.35293,0.25457,0.50296,0.53945,0.56157,0.5949,1306.62159,1469.33687,0.71589,0.28411,1.40636,3.64889,0.66667,,,,
240.0,39.0,82.66667,0.47533,11.0,31.66667,0.354,19.33333,22.33333,0.86733,6.66667,32.66667,39.33333,25.0,7.66667,5.0,13.66667,19.0,108.33333,240.0,42.0,90.0,0.46633,12.33333,31.33333,0.37967,18.0,22.66667,0.79733,10.0,33.66667,43.66667,23.0,7.0,2.33333,13.0,17.66667,114.33333,1,0.07596,-0.07596,0.31718,0.19144,0.53603,0.5423,0.60276,0.62229,1508.06774,1638.9625,0.68543,0.31457,1.49669,3.76305,0.66667,240.0,42.66667,94.0,0.45567,11.33333,33.0,0.33667,23.0,29.66667,0.77467,11.0,35.66667,46.66667,20.66667,7.66667,9.0,12.0,21.33333,119.66667,240.0,41.0,93.66667,0.43833,9.33333,27.66667,0.35033,17.66667,23.0,0.75633,10.0,37.33333,47.33333,22.0,6.66667,8.0,14.66667,23.33333,109.0,1,-0.13115,0.13115,0.28499,0.30723,0.48877,0.51755,0.55309,0.59886,1312.48244,1531.34581,0.7721,0.2279,1.29648,4.4444,0.0,,,,
240.0,38.66667,90.66667,0.427,8.33333,28.66667,0.292,15.66667,19.0,0.83833,8.66667,32.33333,41.0,22.0,8.33333,3.66667,8.66667,18.33333,101.33333,240.0,44.0,85.66667,0.51267,15.33333,35.66667,0.43,14.0,18.66667,0.75233,7.66667,39.33333,47.0,28.66667,5.66667,4.0,11.33333,15.66667,117.33333,1,0.20675,-0.20675,0.24343,0.22235,0.60226,0.47254,0.65263,0.53434,1549.38342,1306.27026,0.2076,0.7924,4.90348,1.26346,1.0,240.0,39.0,88.0,0.443,9.0,31.33333,0.28467,17.66667,23.66667,0.75867,9.0,30.33333,39.33333,25.66667,8.33333,4.0,12.66667,19.0,104.66667,240.0,44.0,86.33333,0.51367,8.33333,24.33333,0.34833,17.33333,20.66667,0.83633,9.33333,37.33333,46.66667,28.33333,7.33333,8.33333,16.0,20.0,113.66667,1,0.11901,-0.11901,0.30476,0.24251,0.56215,0.49483,0.62938,0.56216,1648.07988,1483.54234,0.29132,0.70868,3.68144,1.42414,1.0,,,,
240.0,39.0,78.33333,0.49933,13.33333,33.33333,0.39933,21.0,28.0,0.73867,8.66667,31.33333,40.0,20.66667,9.66667,5.0,16.33333,18.0,112.33333,240.0,41.66667,87.0,0.47833,12.0,33.33333,0.35633,11.0,14.66667,0.75,10.0,28.0,38.0,20.33333,9.33333,3.0,16.0,23.33333,106.33333,1,-0.07825,0.07825,0.32841,0.30884,0.54726,0.5854,0.58925,0.66765,1575.20693,1710.00368,0.66918,0.33082,1.53648,3.37546,0.33333,240.0,39.0,89.0,0.436,10.0,26.66667,0.38567,16.33333,21.33333,0.76533,8.66667,37.0,45.66667,23.0,6.0,5.33333,13.0,20.33333,104.33333,240.0,40.0,85.66667,0.46767,11.66667,26.33333,0.44533,22.0,27.66667,0.78533,9.33333,39.33333,48.66667,23.33333,7.0,2.66667,12.33333,19.33333,113.66667,1,0.14768,-0.14768,0.254,0.21768,0.53552,0.49201,0.62143,0.55408,1456.59216,1466.86861,0.52132,0.47868,2.01238,2.19529,0.66667,,,,
240.0,43.0,92.0,0.471,10.0,24.0,0.41033,13.33333,14.33333,0.94233,8.66667,39.33333,48.0,27.66667,8.0,8.66667,12.66667,20.0,109.33333,240.0,40.66667,97.0,0.41933,7.66667,27.0,0.283,16.0,20.66667,0.791,13.0,36.33333,49.33333,20.33333,6.33333,6.0,10.66667,16.0,105.0,0,-0.05334,0.05334,0.33465,0.2386,0.45894,0.52519,0.51692,0.57787,1462.59794,1499.25698,0.54074,0.45926,1.98347,2.54178,0.33333,248.33333,39.0,91.0,0.42733,7.0,28.0,0.25767,10.0,16.66667,0.574,11.33333,37.66667,49.0,19.33333,5.66667,3.66667,12.33333,18.33333,95.0,248.33333,36.33333,89.66667,0.41033,12.33333,45.33333,0.27433,18.33333,24.66667,0.75067,12.33333,38.33333,50.66667,21.0,6.33333,5.33333,12.66667,18.66667,103.33333,0,0.12039,-0.12039,0.34031,0.29809,0.47948,0.46739,0.54914,0.50344,1726.2072,1515.98494,0.23801,0.76199,4.35272,1.31612,1.0,,,,
240.0,38.66667,87.33333,0.44467,9.66667,23.33333,0.41767,13.66667,16.66667,0.83333,10.0,30.66667,40.66667,23.33333,9.33333,4.33333,14.0,20.33333,100.66667,240.0,36.33333,76.66667,0.476,10.66667,29.0,0.38567,18.0,22.0,0.818,7.66667,35.0,42.66667,26.33333,7.33333,4.66667,17.0,18.33333,101.33333,0,0.0076,-0.0076,0.24771,0.28049,0.54509,0.50171,0.62318,0.55618,1575.81895,1511.71254,0.41205,0.58795,2.43983,1.70561,0.33333,240.0,39.0,90.0,0.433,11.33333,34.0,0.33267,11.0,16.33333,0.69867,10.33333,33.0,43.33333,20.33333,6.66667,4.0,9.0,18.0,100.33333,240.0,43.33333,85.33333,0.507,8.0,22.33333,0.35533,13.33333,17.33333,0.77233,6.66667,36.66667,43.33333,28.0,6.0,5.0,10.33333,14.33333,108.0,0,0.10905,-0.10905,0.205,0.28546,0.55372,0.49579,0.60553,0.53557,1497.20731,1586.3877,0.63481,0.36519,1.67296,3.25431,0.66667,,,,
240.0,41.0,86.33333,0.47633,7.66667,24.33333,0.307,17.33333,24.0,0.67167,11.0,34.0,45.0,21.33333,5.66667,4.0,14.66667,17.66667,107.0,240.0,41.33333,95.0,0.43467,10.0,34.0,0.29267,16.66667,20.0,0.837,14.66667,32.33333,47.0,25.33333,10.66667,7.0,11.33333,20.33333,109.33333,0,0.03083,-0.03083,0.4358,0.35057,0.48794,0.52201,0.5505,0.58839,1558.17087,1546.71436,0.48488,0.51512,2.44435,2.32099,0.66667,240.0,41.0,85.33333,0.484,12.33333,34.33333,0.35967,22.0,28.0,0.79867,9.66667,33.33333,43.0,26.0,6.66667,5.66667,11.66667,20.0,116.33333,240.0,44.33333,91.66667,0.48467,9.33333,23.66667,0.39567,14.66667,20.0,0.725,13.33333,32.66667,46.0,25.0,5.66667,2.33333,11.0,21.0,112.66667,0,-0.04161,0.04161,0.41782,0.29511,0.53602,0.55762,0.58797,0.63958,1583.72544,1651.57421,0.59167,0.40833,1.72412,2.57281,0.33333,,,,
240.0,40.0,87.33333,0.458,12.0,32.33333,0.39367,12.66667,16.66667,0.785,8.66667,34.0,42.66667,25.0,5.33333,4.66667,9.33333,17.33333,104.66667,240.0,43.0,89.33333,0.48267,10.0,28.0,0.35,12.66667,17.66667,0.70867,9.66667,35.0,44.66667,27.66667,5.0,4.66667,9.66667,15.66667,108.66667,0,0.04988,-0.04988,0.28641,0.25049,0.53951,0.52723,0.58508,0.57594,1403.52015,1457.55316,0.58143,0.41857,1.78471,2.55845,0.66667,240.0,38.33333,89.33333,0.43033,11.66667,35.66667,0.33,14.33333,18.66667,0.759,8.0,33.33333,41.33333,23.66667,10.0,5.0,14.0,20.66667,102.66667,240.0,40.0,87.33333,0.455,12.33333,31.0,0.41033,17.66667,22.33333,0.79933,11.0,39.66667,50.66667,24.0,6.66667,3.66667,16.0,19.66667,110.0,0,0.0912,-0.0912,0.33339,0.19997,0.52525,0.4959,0.5939,0.55068,1499.98928,1513.01194,0.52986,0.47014,1.89204,2.1343,0.66667,,,,
240.0,38.66667,90.33333,0.428,8.66667,22.66667,0.38567,14.0,19.0,0.73833,11.66667,31.66667,43.33333,21.66667,7.0,3.0,14.33333,25.66667,100.0,240.0,39.66667,77.66667,0.50967,12.33333,33.33333,0.36667,25.33333,31.66667,0.80233,7.33333,36.33333,43.66667,26.66667,7.0,5.33333,15.33333,20.33333,117.0,0,0.2429,-0.2429,0.23219,0.33141,0.58989,0.47595,0.69208,0.52864,1489.33598,1354.32725,0.33574,0.66426,3.31489,1.53572,1.0,240.0,46.33333,87.33333,0.53067,15.0,32.33333,0.464,15.0,18.66667,0.79767,8.0,32.66667,40.66667,30.66667,7.33333,4.66667,12.66667,24.0,122.66667,240.0,41.66667,84.0,0.496,9.33333,26.66667,0.332,23.0,29.33333,0.78433,7.0,29.66667,36.66667,23.0,7.66667,5.0,11.66667,17.0,115.66667,0,-0.08441,0.08441,0.21503,0.28235,0.5517,0.61726,0.63959,0.67123,1507.18559,1432.57373,0.38929,0.61071,2.91126,1.74251,0.33333,,,,
240.0,40.66667,89.66667,0.45233,6.66667,22.66667,0.30133,11.33333,15.66667,0.725,11.66667,30.33333,42.0,22.0,7.0,6.33333,12.66667,21.33333,99.33333,240.0,38.33333,80.0,0.48233,13.66667,27.0,0.49433,20.66667,24.66667,0.88133,9.33333,34.33333,43.66667,24.0,5.66667,5.0,14.66667,16.33333,111.0,0,0.16469,-0.16469,0.3088,0.34648,0.56702,0.48927,0.65184,0.53212,1443.02989,1412.49216,0.46911,0.53089,2.29576,2.03696,1.0,256.66667,38.0,87.66667,0.43233,13.33333,31.66667,0.40967,24.66667,30.66667,0.798,9.33333,34.66667,44.0,24.33333,7.66667,3.66667,15.33333,21.66667,114.0,256.66667,50.0,93.0,0.53733,14.66667,30.0,0.48367,14.0,22.0,0.63333,6.0,39.66667,45.66667,29.66667,8.0,8.0,11.66667,23.66667,128.66667,0,0.18132,-0.18132,0.1728,0.23586,0.61512,0.50652,0.65583,0.60062,1505.22885,1551.98084,0.59089,0.40911,1.69656,2.45694,1.0,,,,
240.0,47.0,89.0,0.53033,10.0,26.66667,0.385,14.33333,18.0,0.794,9.33333,29.33333,38.66667,29.0,9.66667,5.66667,14.66667,21.66667,118.33333,240.0,43.0,87.66667,0.49067,14.0,33.0,0.419,17.66667,23.0,0.74933,10.33333,28.0,38.33333,27.33333,6.66667,5.0,13.0,18.66667,117.66667,1,-0.01387,0.01387,0.3664,0.3544,0.57071,0.58739,0.63471,0.63973,1414.30478,1480.96377,0.59042,0.40958,1.73321,2.53702,0.66667,240.0,44.0,82.0,0.53567,13.66667,33.66667,0.39933,18.66667,25.66667,0.73167,8.33333,35.33333,43.66667,28.66667,5.66667,5.33333,14.66667,13.66667,120.33333,240.0,41.0,93.66667,0.43833,12.0,33.66667,0.35133,11.66667,14.66667,0.79533,10.33333,31.0,41.33333,28.33333,9.0,3.0,12.0,23.66667,105.66667,1,-0.18284,0.18284,0.29404,0.27333,0.50336,0.61829,0.54665,0.68749,1360.30843,1530.51053,0.71895,0.28105,1.39272,3.58613,0.0,,,,
240.0,38.66667,86.66667,0.446,8.0,21.66667,0.36467,11.66667,16.33333,0.713,11.33333,28.66667,40.0,22.0,6.33333,6.0,14.66667,20.0,97.0,240.0,41.33333,85.33333,0.48233,14.0,29.33333,0.46633,17.0,19.66667,0.889,12.0,34.66667,46.66667,25.66667,7.66667,5.0,13.66667,16.66667,113.66667,0,0.22677,-0.22677,0.44027,0.33471,0.56566,0.49165,0.63296,0.53659,1463.69467,1416.86546,0.45425,0.54575,2.39409,1.99702,1.0,240.0,38.33333,78.33333,0.493,11.33333,28.0,0.40833,19.66667,26.33333,0.75067,10.33333,32.0,42.33333,22.33333,8.33333,6.0,18.66667,22.66667,107.66667,240.0,38.66667,86.33333,0.44533,9.33333,25.33333,0.372,17.66667,24.33333,0.718,12.0,27.66667,39.66667,21.0,11.0,6.66667,13.66667,23.33333,104.33333,0,-0.05075,0.05075,0.3956,0.36533,0.49923,0.56668,0.56798,0.64503,1472.55493,1601.70899,0.66837,0.33163,1.52661,3.32353,0.33333,,,,
240.0,39.33333,86.0,0.459,13.66667,37.66667,0.359,13.33333,18.33333,0.72933,8.66667,33.66667,42.33333,18.33333,7.33333,5.0,10.33333,18.0,105.66667,240.0,38.33333,87.33333,0.44233,9.33333,31.0,0.29633,11.0,14.66667,0.77133,11.66667,33.33333,45.0,22.33333,5.33333,4.0,12.66667,19.0,97.0,1,-0.1331,0.1331,0.34384,0.26078,0.49681,0.53829,0.54043,0.58824,1544.6368,1718.1511,0.71095,0.28905,1.46127,4.07163,0.33333,240.0,40.66667,89.33333,0.456,9.0,30.33333,0.29433,17.66667,22.66667,0.782,8.33333,37.66667,46.0,23.66667,6.0,6.0,12.66667,18.0,108.0,240.0,44.66667,94.33333,0.47333,9.66667,28.66667,0.33367,14.33333,20.0,0.71233,12.0,37.33333,49.33333,25.33333,5.33333,3.33333,10.66667,17.33333,113.33333,1,0.06993,-0.06993,0.31887,0.22886,0.52484,0.50634,0.57382,0.57296,1591.00349,1540.80208,0.44279,0.55721,2.53797,1.88965,0.66667,,,,
248.33333,42.66667,93.33333,0.457,9.0,32.33333,0.27467,17.33333,23.0,0.762,14.66667,33.33333,48.0,19.66667,6.0,6.33333,15.0,21.66667,111.66667,248.33333,43.0,91.66667,0.46867,11.66667,31.33333,0.378,13.66667,18.66667,0.716,11.66667,30.66667,42.33333,25.33333,7.33333,7.0,14.66667,22.66667,111.33333,1,0.00059,-0.00059,0.35803,0.48914,0.53236,0.50479,0.58125,0.56653,1439.84536,1569.8073,0.67104,0.32896,1.52448,3.42647,0.33333,240.0,45.33333,89.66667,0.50733,13.0,31.33333,0.41233,14.66667,18.66667,0.76867,6.66667,34.33333,41.0,32.33333,9.33333,5.0,12.33333,21.0,118.33333,240.0,41.0,87.33333,0.47033,17.0,36.0,0.473,15.66667,18.0,0.86567,5.66667,36.33333,42.0,25.33333,6.33333,4.0,16.66667,17.66667,114.66667,1,-0.04412,0.04412,0.16266,0.17962,0.56833,0.57919,0.62999,0.63291,1362.85134,1447.03102,0.5943,0.4057,1.81793,3.30668,0.33333,,,,
240.0,38.66667,88.66667,0.43633,7.66667,28.33333,0.275,13.0,16.33333,0.77567,7.33333,33.33333,40.66667,23.66667,8.33333,3.33333,10.66667,17.66667,98.0,240.0,42.33333,85.33333,0.49467,14.66667,40.0,0.37733,16.0,20.0,0.796,8.33333,40.33333,48.66667,28.0,7.33333,3.66667,12.33333,15.33333,115.33333,0,0.22887,-0.22887,0.25696,0.18149,0.58036,0.47958,0.64152,0.53081,1585.35099,1312.78128,0.18748,0.81252,5.93688,1.23606,1.0,240.0,36.33333,83.33333,0.44333,12.0,30.0,0.41933,16.33333,19.66667,0.771,6.66667,34.33333,41.0,22.0,8.66667,4.66667,15.66667,22.33333,101.0,240.0,42.33333,86.0,0.493,11.66667,31.66667,0.368,14.0,20.66667,0.687,9.66667,34.33333,44.0,21.0,8.66667,6.33333,17.33333,20.33333,110.33333,0,0.14167,-0.14167,0.28799,0.21296,0.56101,0.51832,0.61065,0.5859,1569.13114,1519.45039,0.4505,0.5495,2.93351,2.10742,0.66667,,,,
240.0,41.66667,90.66667,0.45733,13.0,33.33333,0.38533,16.0,24.33333,0.66367,13.33333,35.66667,49.0,30.0,9.66667,4.66667,13.66667,20.0,112.33333,240.0,40.0,87.0,0.459,9.66667,24.66667,0.38167,15.33333,22.0,0.68533,9.0,36.0,45.0,23.0,7.66667,5.66667,14.66667,21.33333,105.0,1,-0.09424,0.09424,0.25286,0.38362,0.51453,0.52974,0.57137,0.58388,1431.19252,1583.4867,0.69913,0.30087,1.43887,3.41904,0.33333,240.0,38.33333,85.66667,0.44433,11.0,28.66667,0.384,13.0,19.0,0.67633,10.33333,35.33333,45.66667,21.0,8.66667,6.33333,15.33333,15.66667,100.66667,240.0,38.33333,88.0,0.436,10.66667,29.0,0.356,11.0,13.0,0.793,8.66667,33.66667,42.33333,22.33333,11.66667,6.0,14.66667,18.33333,98.33333,1,-0.0515,0.0515,0.25244,0.30967,0.49662,0.5098,0.54015,0.55966,1389.27014,1591.74345,0.75254,0.24746,1.34809,4.62888,0.33333,,,,
240.0,40.0,81.0,0.49233,8.0,19.66667,0.43367,20.33333,23.66667,0.85667,9.0,29.66667,38.66667,22.66667,6.33333,5.0,13.33333,17.33333,108.33333,240.0,43.66667,90.0,0.48567,8.66667,24.66667,0.35333,14.66667,18.66667,0.79833,12.66667,28.0,40.66667,27.66667,8.66667,4.0,8.66667,20.33333,110.66667,0,0.03138,-0.03138,0.4594,0.33262,0.53421,0.54233,0.58929,0.62855,1506.87971,1581.64161,0.61827,0.38173,1.63778,2.73065,0.33333,240.0,37.33333,90.66667,0.41133,10.0,26.33333,0.36867,20.33333,25.66667,0.79267,10.66667,33.66667,44.33333,22.0,6.0,3.66667,11.33333,18.0,105.0,240.0,43.66667,90.66667,0.48433,13.66667,34.0,0.40267,14.66667,18.0,0.79867,11.33333,35.33333,46.66667,30.66667,7.33333,4.33333,11.33333,21.33333,115.66667,0,0.14326,-0.14326,0.33375,0.32001,0.55909,0.46662,0.61288,0.5458,1592.07159,1411.80586,0.27289,0.72711,3.88338,1.38761,1.0,,,,
240.0,39.66667,90.33333,0.44,10.0,29.0,0.361,11.33333,17.0,0.663,8.0,33.33333,41.33333,23.0,6.0,4.0,14.66667,21.33333,100.66667,240.0,44.0,88.66667,0.49767,14.0,34.0,0.414,15.66667,20.66667,0.77533,10.33333,39.33333,49.66667,25.66667,8.33333,7.33333,14.66667,17.33333,117.66667,0,0.23155,-0.23155,0.32937,0.21022,0.57674,0.49529,0.63255,0.5357,1476.37258,1313.05894,0.30128,0.69872,3.70276,1.46221,1.0,240.0,45.33333,86.66667,0.52233,12.0,29.66667,0.40133,16.0,19.33333,0.82367,10.0,33.66667,43.66667,30.33333,7.0,5.33333,14.66667,23.33333,118.66667,240.0,41.66667,82.33333,0.50633,10.0,27.66667,0.33967,21.0,27.33333,0.763,6.66667,28.0,34.66667,24.33333,7.66667,6.0,12.33333,15.66667,114.33333,0,-0.04745,0.04745,0.19786,0.35977,0.56756,0.59145,0.64785,0.65188,1518.70125,1456.54157,0.40531,0.59469,2.68562,1.7724,0.33333,,,,
240.0,40.0,91.33333,0.43867,10.0,27.33333,0.37267,22.0,29.33333,0.75667,9.0,39.33333,48.33333,19.33333,6.33333,6.0,11.0,22.0,112.0,240.0,37.66667,87.66667,0.42933,10.33333,28.66667,0.37033,19.66667,26.33333,0.743,7.0,38.33333,45.33333,21.33333,7.33333,6.66667,10.33333,21.66667,105.33333,1,-0.08614,0.08614,0.1782,0.23611,0.48851,0.49409,0.56351,0.57525,1450.61721,1548.4035,0.62488,0.37512,1.63446,2.89213,0.0,240.0,38.0,88.66667,0.42933,12.0,29.66667,0.40667,16.33333,19.66667,0.832,12.33333,33.66667,46.0,21.33333,7.33333,3.33333,14.0,21.66667,104.33333,240.0,40.0,87.33333,0.45667,11.66667,31.33333,0.36533,19.0,24.33333,0.78467,11.33333,35.33333,46.66667,22.66667,9.66667,5.66667,11.66667,19.33333,110.66667,1,0.08443,-0.08443,0.34459,0.36632,0.52389,0.49699,0.59664,0.56175,1582.55674,1454.17616,0.34288,0.65712,3.49232,1.5709,1.0,,,,
240.0,41.66667,88.0,0.47333,11.66667,31.66667,0.37533,16.66667,19.66667,0.84133,9.0,33.0,42.0,23.66667,6.33333,6.33333,11.66667,19.33333,111.66667,240.0,42.33333,88.66667,0.47767,11.0,27.66667,0.38933,18.66667,25.66667,0.72733,12.0,34.0,46.0,23.33333,6.33333,3.33333,13.0,17.0,114.33333,0,0.03552,-0.03552,0.37511,0.26152,0.54056,0.54013,0.60735,0.60638,1482.03884,1634.31129,0.69954,0.30046,1.47747,4.47071,0.66667,240.0,34.33333,84.33333,0.40733,6.66667,17.0,0.42067,13.33333,15.0,0.91267,10.33333,32.33333,42.66667,18.66667,5.0,4.0,16.66667,17.66667,88.66667,240.0,42.0,93.0,0.45333,7.33333,23.66667,0.32467,16.33333,18.66667,0.88333,13.33333,33.66667,47.0,24.0,10.33333,8.66667,9.0,14.66667,107.66667,0,0.29089,-0.29089,0.43098,0.31265,0.49351,0.44739,0.55722,0.50574,1550.81141,1481.27767,0.42872,0.57128,2.47966,1.81687,1.0,,,,
248.33333,45.33333,95.0,0.47833,13.0,35.33333,0.37067,19.33333,22.33333,0.865,12.66667,38.0,50.66667,30.66667,6.33333,5.33333,10.33333,19.66667,123.0,248.33333,39.66667,88.0,0.45033,11.66667,27.66667,0.41667,18.0,22.0,0.82333,8.66667,33.33333,42.0,23.0,6.0,5.66667,12.33333,20.33333,109.0,1,-0.17536,0.17536,0.22851,0.39765,0.51654,0.54677,0.58655,0.61648,1418.73029,1694.73389,0.82558,0.17442,1.21204,5.80845,0.0,240.0,36.33333,79.33333,0.45833,9.33333,29.0,0.32067,11.33333,14.0,0.821,7.0,31.66667,38.66667,22.0,9.33333,5.33333,15.33333,15.66667,93.33333,240.0,37.33333,85.33333,0.43667,9.0,22.66667,0.406,12.33333,16.0,0.77567,10.33333,33.33333,43.66667,17.0,11.0,3.66667,14.0,16.0,96.0,1,0.03471,-0.03471,0.3228,0.21722,0.48945,0.51676,0.54075,0.56628,1512.04405,1457.8931,0.42051,0.57949,2.48776,1.76223,0.66667,,,,
240.0,42.66667,92.0,0.46367,11.0,32.0,0.33433,18.0,25.0,0.717,11.33333,30.66667,42.0,22.33333,6.66667,9.33333,10.0,20.66667,114.33333,240.0,40.66667,90.33333,0.449,11.66667,29.66667,0.39733,17.33333,21.66667,0.79367,13.33333,32.66667,46.0,24.0,5.33333,8.33333,14.33333,23.66667,110.33333,1,-0.04618,0.04618,0.43538,0.35119,0.51405,0.52359,0.58009,0.58604,1401.17999,1572.74622,0.71653,0.28347,1.43493,4.02482,0.33333,248.33333,40.66667,84.0,0.482,7.0,23.33333,0.29733,15.0,20.66667,0.72667,8.33333,30.33333,38.66667,20.66667,8.0,4.66667,14.66667,21.66667,103.33333,248.33333,39.33333,88.0,0.447,11.66667,34.66667,0.33533,21.66667,26.0,0.82433,13.66667,30.33333,44.0,24.33333,8.0,6.0,13.66667,20.66667,112.0,1,0.12065,-0.12065,0.44835,0.28124,0.51375,0.52411,0.59768,0.58245,1694.18354,1513.85662,0.29186,0.70814,4.64429,1.51585,1.0,,,,
240.0,37.66667,89.0,0.424,10.66667,31.66667,0.33667,15.0,19.66667,0.76267,10.33333,34.33333,44.66667,23.66667,6.0,3.66667,9.0,19.66667,101.0,240.0,40.66667,84.66667,0.478,14.33333,33.0,0.437,14.0,19.0,0.738,7.33333,37.33333,44.66667,26.66667,5.66667,5.0,9.33333,17.66667,109.66667,0,0.10536,-0.10536,0.21565,0.28658,0.5625,0.48424,0.61472,0.54192,1585.78919,1303.88949,0.17088,0.82912,6.09328,1.20805,0.66667,240.0,30.33333,82.66667,0.36733,7.66667,25.0,0.32067,14.0,19.0,0.74367,7.66667,32.0,39.66667,15.33333,8.33333,4.0,17.66667,22.33333,82.33333,240.0,40.0,82.0,0.493,11.66667,33.66667,0.346,15.0,24.33333,0.619,10.33333,40.66667,51.0,27.0,10.0,6.66667,14.66667,21.33333,106.66667,0,0.3696,-0.3696,0.33056,0.18958,0.56488,0.41328,0.61556,0.47393,1561.54009,1382.84413,0.28888,0.71112,3.89574,1.42557,1.0,,,,
240.0,40.66667,87.0,0.466,7.66667,22.0,0.34867,19.33333,25.33333,0.757,9.0,34.0,43.0,28.66667,7.66667,4.0,12.66667,19.33333,108.33333,240.0,41.66667,82.33333,0.503,8.66667,24.66667,0.34733,18.0,22.33333,0.80133,5.0,35.0,40.0,23.33333,7.33333,8.0,13.66667,21.0,110.0,1,0.01324,-0.01324,0.1552,0.25841,0.55574,0.51003,0.62864,0.58588,1499.96796,1552.11516,0.57853,0.42147,1.72998,2.37626,0.33333,240.0,38.33333,83.33333,0.45967,8.66667,24.0,0.365,15.66667,21.33333,0.75733,6.66667,30.66667,37.33333,25.66667,6.33333,5.0,11.66667,19.66667,101.0,240.0,42.33333,84.66667,0.498,12.0,31.33333,0.416,16.66667,21.0,0.81567,7.66667,36.66667,44.33333,27.33333,6.0,4.66667,11.33333,18.66667,113.33333,1,0.15407,-0.15407,0.24228,0.17989,0.56891,0.5115,0.63374,0.57472,1583.85901,1476.93169,0.36997,0.63003,2.82991,1.60973,0.66667,,,,
240.0,36.66667,87.66667,0.41867,11.0,35.0,0.313,17.66667,21.66667,0.78933,8.33333,37.0,45.33333,21.0,7.0,3.0,14.66667,19.33333,102.0,240.0,39.0,89.33333,0.43667,9.0,26.66667,0.364,20.0,22.0,0.92867,11.0,37.66667,48.66667,25.0,9.33333,8.33333,13.66667,21.33333,107.0,0,0.06933,-0.06933,0.29854,0.22149,0.48711,0.48194,0.56858,0.5525,1454.75891,1341.21846,0.36279,0.63721,3.28827,1.68265,0.66667,240.0,39.0,87.33333,0.44633,10.66667,30.33333,0.347,15.0,21.0,0.72733,9.33333,33.0,42.33333,26.0,8.33333,5.0,13.0,18.33333,103.66667,240.0,39.66667,85.66667,0.465,8.66667,25.33333,0.343,18.66667,23.0,0.80433,10.66667,35.66667,46.33333,25.33333,8.0,7.66667,14.0,21.0,106.66667,0,0.0356,-0.0356,0.32857,0.2682,0.51592,0.5087,0.58939,0.56446,1641.84878,1451.02685,0.26955,0.73045,4.54958,1.39312,0.66667,,,,
240.0,33.66667,82.0,0.41167,9.66667,23.33333,0.43433,18.33333,24.66667,0.72433,11.33333,36.66667,48.0,18.33333,6.66667,4.33333,14.33333,18.66667,95.33333,240.0,38.33333,86.66667,0.44367,6.33333,26.33333,0.25133,14.0,17.0,0.83633,7.66667,34.66667,42.33333,21.0,9.66667,5.66667,11.0,18.66667,97.0,1,0.02008,-0.02008,0.2093,0.33229,0.47988,0.47097,0.53716,0.54777,1494.03414,1583.8997,0.63482,0.36518,1.63582,3.03794,0.33333,248.33333,37.0,87.33333,0.425,14.66667,36.0,0.41167,16.33333,20.33333,0.79667,9.0,36.66667,45.66667,20.66667,6.0,3.0,11.66667,14.66667,105.0,248.33333,43.66667,91.66667,0.476,8.0,22.66667,0.35667,10.66667,14.33333,0.73467,9.33333,35.0,44.33333,24.66667,7.0,6.33333,12.33333,20.0,106.0,1,0.01134,-0.01134,0.258,0.25866,0.51932,0.50877,0.55698,0.57266,1299.88597,1430.90443,0.67514,0.32486,1.50168,3.24829,0.66667,,,,
240.0,42.66667,88.33333,0.48267,12.33333,29.66667,0.417,20.0,26.66667,0.76667,8.33333,35.0,43.33333,25.33333,5.33333,7.0,10.33333,24.0,117.66667,240.0,41.66667,88.66667,0.47067,10.0,24.66667,0.385,22.33333,28.33333,0.78967,8.0,32.33333,40.33333,25.0,6.33333,5.0,9.33333,22.0,115.66667,1,-0.02394,0.02394,0.22681,0.2703,0.5266,0.55264,0.60982,0.6243,1596.11021,1404.62964,0.25106,0.74894,4.4382,1.34973,0.66667,240.0,37.66667,85.0,0.44367,12.0,34.0,0.345,16.0,22.33333,0.69667,9.0,38.33333,47.33333,23.33333,9.33333,5.0,15.66667,15.66667,103.33333,240.0,37.0,88.33333,0.41933,10.0,29.33333,0.34333,12.33333,18.0,0.659,10.33333,36.0,46.33333,25.66667,10.66667,6.0,13.66667,17.66667,96.33333,1,-0.09865,0.09865,0.28786,0.25159,0.4762,0.51515,0.52233,0.57477,1384.22262,1524.47502,0.6583,0.3417,1.76972,4.24126,0.33333,,,,
240.0,37.0,87.0,0.42567,10.66667,29.33333,0.35367,23.33333,30.66667,0.76,8.33333,36.33333,44.66667,19.0,6.0,4.0,9.66667,15.33333,108.0,240.0,44.33333,94.33333,0.46967,15.33333,35.33333,0.43833,12.33333,17.33333,0.72733,11.66667,42.33333,54.0,28.0,5.66667,4.33333,11.33333,23.66667,116.33333,1,0.11847,-0.11847,0.33111,0.195,0.55131,0.48659,0.59247,0.57609,1450.33702,1494.36413,0.57798,0.42202,1.89261,2.65766,0.66667,240.0,43.66667,90.33333,0.48433,11.0,25.33333,0.445,14.0,18.33333,0.77233,12.33333,34.33333,46.66667,24.33333,7.66667,4.0,12.33333,24.66667,112.33333,240.0,38.0,80.66667,0.473,15.0,37.33333,0.402,20.33333,26.0,0.794,9.33333,31.33333,40.66667,24.33333,6.0,7.0,14.33333,18.33333,111.33333,1,-0.01448,0.01448,0.27594,0.39532,0.56685,0.54479,0.64738,0.59543,1403.35955,1504.57057,0.62131,0.37869,1.73745,3.53164,0.66667,,,,
240.0,38.66667,90.0,0.429,11.66667,36.0,0.30833,21.66667,27.66667,0.79067,11.66667,34.0,45.66667,25.0,9.66667,4.33333,9.66667,20.66667,110.66667,240.0,41.0,88.33333,0.46567,14.33333,36.66667,0.38667,17.66667,21.33333,0.823,10.33333,39.66667,50.0,29.0,5.0,5.33333,15.0,20.0,114.0,0,0.05475,-0.05475,0.30392,0.29264,0.54825,0.49426,0.61616,0.57759,1375.70475,1363.53339,0.49182,0.50818,2.049,1.98053,0.33333,248.33333,35.33333,89.0,0.395,9.66667,31.66667,0.30767,16.66667,19.66667,0.842,9.0,32.33333,41.33333,22.66667,9.0,3.33333,11.66667,19.66667,97.0,248.33333,41.33333,88.66667,0.46667,10.33333,27.33333,0.381,16.33333,21.0,0.778,14.0,38.66667,52.66667,25.0,6.33333,5.33333,13.66667,18.66667,109.33333,0,0.18956,-0.18956,0.45079,0.22991,0.52509,0.44884,0.58648,0.51942,1464.39734,1510.00579,0.57823,0.42177,1.87873,2.92209,0.66667,,,,
240.0,35.0,86.0,0.40967,11.33333,28.33333,0.41467,15.33333,20.33333,0.76033,7.0,36.0,43.0,18.66667,7.33333,3.66667,16.33333,25.0,96.66667,240.0,42.66667,88.0,0.488,12.66667,33.66667,0.37767,19.66667,28.66667,0.69,9.0,38.66667,47.66667,24.66667,9.66667,8.0,12.33333,19.33333,117.66667,0,0.29545,-0.29545,0.24444,0.18021,0.56052,0.47601,0.62763,0.53709,1551.35166,1301.11323,0.20079,0.79921,5.09978,1.25324,1.0,240.0,42.0,87.66667,0.47867,11.66667,33.0,0.35067,16.33333,19.33333,0.829,8.66667,26.33333,35.0,25.0,8.0,6.0,10.66667,22.66667,112.0,240.0,44.33333,84.33333,0.52867,14.0,31.66667,0.46133,20.0,24.0,0.83233,9.0,33.66667,42.66667,27.0,5.0,4.0,12.0,17.66667,122.66667,0,0.14417,-0.14417,0.33922,0.26732,0.612,0.5453,0.68725,0.60819,1506.00752,1542.72574,0.56065,0.43935,1.87847,2.59521,1.0,,,,
248.33333,44.0,91.0,0.48367,9.33333,26.33333,0.368,11.33333,14.33333,0.799,9.33333,31.0,40.33333,25.0,5.33333,3.33333,9.33333,20.66667,108.66667,248.33333,44.66667,88.66667,0.504,11.33333,30.33333,0.374,16.33333,21.66667,0.72533,10.33333,34.33333,44.66667,28.0,4.66667,5.33333,10.66667,15.33333,117.0,1,0.10715,-0.10715,0.33427,0.273,0.56838,0.53488,0.62659,0.577,1538.05852,1461.23298,0.41497,0.58503,2.91466,1.8395,1.0,240.0,36.66667,78.33333,0.47233,12.66667,29.0,0.45367,14.0,19.0,0.73033,5.0,34.66667,39.66667,19.66667,7.33333,3.0,12.0,10.66667,100.0,240.0,40.33333,87.66667,0.46,7.66667,23.33333,0.33533,7.66667,9.33333,0.81467,9.0,32.33333,41.33333,23.0,7.33333,4.33333,13.33333,18.33333,96.0,1,-0.05832,0.05832,0.26074,0.15284,0.50362,0.55338,0.53504,0.6101,1298.46324,1457.09255,0.69938,0.30062,1.46308,3.83424,0.33333,,,,
256.66667,43.0,90.0,0.48067,15.66667,35.33333,0.43933,21.66667,27.33333,0.79167,12.33333,34.33333,46.66667,24.66667,9.66667,5.33333,12.33333,21.0,123.33333,256.66667,42.66667,90.66667,0.46467,15.33333,35.33333,0.43467,16.66667,23.0,0.734,10.0,32.33333,42.33333,28.66667,7.33333,8.0,12.33333,22.66667,117.33333,1,-0.07372,0.07372,0.29829,0.3825,0.54865,0.56816,0.60782,0.64514,1401.77288,1539.35315,0.68324,0.31676,1.49296,3.39223,0.66667,248.33333,42.33333,89.0,0.47633,9.33333,26.0,0.36867,16.33333,20.33333,0.812,11.33333,27.33333,38.66667,24.33333,9.0,4.66667,13.0,21.0,110.33333,248.33333,40.66667,78.66667,0.51767,10.66667,21.33333,0.49433,20.33333,25.0,0.81267,9.33333,30.0,39.33333,26.66667,7.33333,3.0,14.33333,18.66667,112.33333,1,0.02746,-0.02746,0.34615,0.38215,0.58553,0.52897,0.66811,0.59085,1545.67151,1530.5957,0.48148,0.51852,2.11118,1.96012,0.66667,,,,
240.0,37.33333,83.66667,0.44467,12.66667,27.0,0.46733,14.66667,19.66667,0.73833,7.66667,35.0,42.66667,21.33333,6.66667,3.66667,10.66667,15.66667,102.0,240.0,40.33333,86.66667,0.466,8.66667,27.33333,0.316,14.0,18.33333,0.70633,9.0,35.33333,44.33333,24.0,7.33333,6.33333,13.0,17.66667,103.33333,1,0.01719,-0.01719,0.26006,0.2169,0.51596,0.52044,0.56933,0.57923,1474.34439,1451.46998,0.46533,0.53467,2.39525,2.12459,0.66667,240.0,46.33333,92.66667,0.49967,13.66667,33.33333,0.40967,19.33333,24.33333,0.79233,10.0,35.0,45.0,25.33333,8.33333,9.66667,14.0,22.0,125.66667,240.0,41.0,92.0,0.44767,9.33333,27.0,0.362,19.33333,25.66667,0.74833,11.0,33.33333,44.33333,21.66667,7.66667,6.33333,16.66667,21.66667,110.66667,1,-0.184,0.184,0.31767,0.30925,0.49917,0.57438,0.56945,0.64228,1302.72972,1570.75167,0.81177,0.18823,1.237,5.79956,0.0,,,,
240.0,36.0,87.33333,0.41233,10.66667,33.66667,0.31667,11.66667,19.0,0.618,7.33333,38.0,45.33333,21.33333,6.33333,3.33333,12.0,15.66667,94.33333,240.0,39.33333,91.66667,0.42833,9.33333,28.33333,0.35067,13.66667,15.0,0.92967,11.33333,38.0,49.33333,24.0,8.0,7.66667,12.0,19.0,101.66667,0,0.10699,-0.10699,0.30068,0.1916,0.47892,0.47412,0.53518,0.51582,1504.79654,1337.57605,0.31054,0.68946,4.35577,1.59249,0.66667,248.33333,40.66667,96.0,0.42367,5.33333,25.66667,0.222,7.66667,13.0,0.592,13.0,39.33333,52.33333,19.0,7.33333,5.0,13.33333,17.33333,94.33333,248.33333,38.33333,94.0,0.409,14.0,46.33333,0.30367,14.33333,19.66667,0.73967,11.0,39.0,50.0,20.33333,7.66667,6.66667,14.0,16.33333,105.0,0,0.15241,-0.15241,0.28588,0.3342,0.48345,0.45131,0.53608,0.47709,1729.55409,1504.56883,0.22128,0.77872,4.63506,1.28677,1.0,,,,
240.0,37.0,91.33333,0.40633,8.0,23.33333,0.342,16.33333,19.33333,0.848,13.0,30.66667,43.66667,19.66667,10.66667,3.66667,12.66667,20.66667,98.33333,240.0,36.33333,76.0,0.47933,9.33333,24.33333,0.39367,19.0,23.0,0.82567,7.66667,37.66667,45.33333,22.66667,5.33333,6.66667,17.66667,20.33333,101.0,1,0.03789,-0.03789,0.24771,0.34299,0.54082,0.45093,0.6242,0.51601,1546.74801,1512.47804,0.45427,0.54573,2.22454,1.84569,0.66667,240.0,38.33333,84.66667,0.45233,12.33333,30.33333,0.40833,11.66667,18.33333,0.64467,9.0,37.0,46.0,25.33333,6.0,5.66667,12.66667,15.33333,100.66667,240.0,38.0,88.33333,0.43,10.0,23.66667,0.42067,10.66667,13.0,0.84367,11.0,31.33333,42.33333,24.33333,9.0,6.0,9.66667,19.0,96.66667,1,-0.05859,0.05859,0.29843,0.30038,0.48684,0.52525,0.53032,0.56708,1626.65985,1412.62106,0.23944,0.76056,5.4855,1.36565,0.33333,,,,
240.0,42.0,92.0,0.45733,7.66667,22.66667,0.326,14.33333,19.0,0.697,12.66667,32.0,44.66667,19.33333,5.66667,4.0,13.33333,20.33333,106.0,240.0,42.0,90.0,0.467,11.0,32.66667,0.34567,20.0,23.0,0.86733,13.0,32.33333,45.33333,24.33333,8.66667,8.33333,12.0,18.0,115.0,1,0.11542,-0.11542,0.40061,0.39959,0.52827,0.49989,0.6057,0.55285,1628.79397,1541.18721,0.39025,0.60975,2.73022,1.67204,1.0,240.0,41.66667,88.33333,0.47167,11.0,34.66667,0.311,18.66667,23.0,0.80567,10.33333,33.0,43.33333,23.0,7.33333,4.66667,15.33333,24.0,113.0,240.0,40.0,80.66667,0.499,9.33333,23.66667,0.40167,24.33333,30.0,0.804,7.0,34.33333,41.33333,27.0,9.66667,5.66667,13.0,20.66667,113.66667,1,0.00264,-0.00264,0.2119,0.30304,0.55639,0.53523,0.65297,0.60706,1475.82049,1487.42612,0.50579,0.49421,2.29479,2.65851,0.66667,,,,
240.0,45.66667,91.0,0.50167,11.0,28.33333,0.39167,15.0,17.0,0.865,8.0,27.0,35.0,27.0,10.33333,6.33333,10.33333,21.0,117.33333,240.0,41.0,87.0,0.47133,15.0,32.66667,0.462,21.33333,24.33333,0.87833,12.66667,32.33333,45.0,25.33333,5.66667,4.0,14.66667,18.0,118.33333,0,0.00745,-0.00745,0.46921,0.24843,0.55747,0.56277,0.64057,0.62049,1412.02365,1479.00633,0.59533,0.40467,1.72221,2.58187,0.66667,240.0,41.0,87.66667,0.46667,11.33333,29.66667,0.383,16.33333,21.66667,0.74833,8.33333,31.66667,40.0,22.0,9.66667,5.0,13.0,23.0,109.66667,240.0,41.33333,85.33333,0.486,9.0,23.0,0.391,21.0,28.33333,0.74367,9.66667,34.0,43.66667,21.0,7.66667,3.0,12.0,17.66667,112.66667,0,0.04298,-0.04298,0.3149,0.24817,0.53849,0.53111,0.61736,0.5924,1542.56099,1496.8197,0.44028,0.55972,2.42596,1.85014,0.66667,,,,
240.0,41.0,89.33333,0.45867,13.66667,35.66667,0.38567,17.0,23.66667,0.72367,9.66667,32.0,41.66667,25.0,9.66667,6.0,14.66667,21.0,112.66667,240.0,43.33333,87.33333,0.49933,9.33333,27.0,0.339,22.0,26.0,0.846,10.0,35.33333,45.33333,27.66667,9.33333,5.66667,16.33333,19.66667,118.0,0,0.06654,-0.06654,0.31498,0.28548,0.55378,0.53511,0.63853,0.59575,1575.45843,1494.51377,0.39409,0.60591,2.58333,1.66131,0.66667,240.0,36.66667,80.33333,0.457,11.0,32.0,0.34433,14.66667,18.0,0.815,10.33333,34.33333,44.66667,23.66667,8.0,5.66667,16.66667,16.66667,99.0,240.0,39.66667,90.66667,0.437,8.0,25.0,0.30733,11.0,14.66667,0.757,11.33333,31.33333,42.66667,16.66667,10.66667,2.33333,12.0,19.33333,98.33333,0,-0.01409,0.01409,0.3308,0.38614,0.48086,0.52528,0.52345,0.5872,1509.6833,1532.76553,0.52234,0.47766,2.17467,2.46725,0.33333,,,,
240.0,43.0,85.66667,0.50133,10.66667,24.33333,0.437,14.0,17.33333,0.83033,7.33333,31.33333,38.66667,27.0,12.0,7.0,12.0,17.0,110.66667,240.0,39.0,82.66667,0.47533,12.33333,24.66667,0.49933,15.33333,18.66667,0.823,9.0,32.0,41.0,23.33333,7.0,4.33333,15.0,21.0,105.66667,1,-0.06179,0.06179,0.29246,0.2299,0.54947,0.56313,0.61238,0.61791,1496.27299,1478.85171,0.46883,0.53117,2.34228,2.08388,0.33333,240.0,35.66667,88.0,0.406,12.0,40.0,0.29933,12.66667,17.33333,0.72933,7.66667,34.66667,42.33333,22.0,12.0,3.66667,13.33333,22.0,96.0,240.0,36.0,81.0,0.44433,11.0,30.66667,0.374,19.0,26.33333,0.72867,8.66667,41.33333,50.0,22.33333,5.66667,4.0,16.66667,18.66667,102.0,1,0.08414,-0.08414,0.24646,0.18452,0.51134,0.47462,0.58734,0.52408,1498.98763,1497.22997,0.50769,0.49231,1.98696,2.05052,0.66667,,,,
240.0,38.66667,88.33333,0.43733,7.66667,22.66667,0.33,14.66667,20.33333,0.72133,11.66667,30.66667,42.33333,19.66667,7.0,4.0,16.0,25.66667,99.66667,240.0,43.66667,82.66667,0.527,15.33333,37.0,0.41,23.0,29.0,0.80067,8.0,36.0,44.0,28.0,7.66667,5.66667,14.66667,20.0,125.66667,1,0.34774,-0.34774,0.26488,0.33307,0.62003,0.47977,0.706,0.53604,1498.96711,1348.56191,0.31404,0.68596,3.49776,1.48484,1.0,240.0,40.0,87.33333,0.46267,11.33333,31.66667,0.356,22.33333,27.66667,0.821,10.33333,31.0,41.33333,23.66667,5.66667,6.66667,11.33333,21.66667,113.66667,240.0,44.66667,89.0,0.503,8.66667,21.66667,0.4,19.33333,23.66667,0.81367,11.0,32.66667,43.66667,24.66667,6.33333,3.33333,10.66667,20.66667,117.33333,1,0.05056,-0.05056,0.36737,0.31472,0.55251,0.5295,0.625,0.61379,1580.9552,1630.15423,0.57472,0.42528,1.79912,2.5109,0.66667,,,,
240.0,43.0,84.66667,0.50833,12.0,32.66667,0.371,15.33333,22.33333,0.67633,8.0,34.33333,42.33333,22.33333,4.66667,4.66667,11.66667,18.66667,113.33333,240.0,40.66667,90.0,0.45233,15.0,35.33333,0.42433,15.66667,20.0,0.77667,10.33333,34.0,44.33333,27.66667,5.0,3.0,9.33333,19.66667,112.0,0,-0.01492,0.01492,0.30793,0.24414,0.53637,0.57881,0.5948,0.63219,1448.93208,1504.58037,0.57634,0.42366,1.84371,2.5573,0.33333,256.66667,39.66667,88.66667,0.44667,11.66667,29.66667,0.38233,22.66667,27.66667,0.82167,10.66667,31.33333,42.0,22.0,6.66667,2.66667,14.0,20.33333,113.66667,256.66667,51.0,90.33333,0.56533,15.0,32.66667,0.45133,15.33333,22.33333,0.69367,5.66667,34.33333,40.0,31.33333,7.66667,6.0,9.33333,22.66667,132.33333,0,0.23284,-0.23284,0.18048,0.32658,0.64764,0.51047,0.69504,0.59678,1512.05263,1497.98602,0.51192,0.48808,2.02032,2.11079,1.0,,,,
240.0,41.0,80.66667,0.508,7.66667,16.66667,0.48167,18.66667,23.33333,0.81233,7.66667,25.0,32.66667,19.66667,7.33333,3.0,12.66667,20.0,108.33333,240.0,43.66667,85.33333,0.51167,7.66667,25.0,0.31367,19.66667,24.66667,0.82,13.0,28.66667,41.66667,26.33333,8.0,5.66667,11.33333,18.33333,114.66667,1,0.08389,-0.08389,0.5206,0.28973,0.55772,0.55599,0.63383,0.63186,1542.5256,1585.57498,0.58147,0.41853,1.72172,2.39476,0.66667,240.0,35.66667,91.0,0.39233,9.0,33.33333,0.25933,23.33333,32.33333,0.72433,15.33333,35.0,50.33333,20.33333,8.0,5.0,11.66667,16.33333,103.66667,240.0,45.66667,94.33333,0.485,9.33333,27.0,0.342,14.0,19.66667,0.72267,11.66667,42.0,53.66667,26.0,7.0,5.33333,12.0,23.66667,114.66667,1,0.15083,-0.15083,0.3336,0.37586,0.53373,0.44154,0.58128,0.52833,1411.78582,1477.08959,0.61387,0.38613,1.72012,2.89443,0.66667,,,,
240.0,37.33333,84.33333,0.443,10.66667,25.33333,0.417,14.0,21.0,0.664,7.0,33.66667,40.66667,21.66667,7.33333,3.66667,17.66667,24.33333,99.33333,240.0,44.33333,93.0,0.478,11.0,32.33333,0.33833,19.66667,27.66667,0.71767,12.0,37.33333,49.33333,25.33333,10.66667,5.66667,11.0,17.33333,119.33333,0,0.27361,-0.27361,0.3613,0.18577,0.53738,0.50639,0.60405,0.55922,1531.90541,1290.796,0.20984,0.79016,4.88258,1.26754,1.0,240.0,36.0,82.66667,0.435,12.66667,33.0,0.38,16.33333,23.0,0.69033,11.0,41.0,52.0,21.66667,7.0,6.33333,17.0,14.0,101.0,240.0,36.0,89.33333,0.403,8.0,28.66667,0.28067,9.0,12.66667,0.715,8.0,33.66667,41.66667,20.66667,11.66667,5.66667,12.33333,19.33333,89.0,0,-0.17645,0.17645,0.19715,0.32987,0.4474,0.51152,0.48246,0.5745,1386.06057,1632.50669,0.79569,0.20431,1.26009,5.14306,0.0,,,,
256.66667,44.66667,89.33333,0.503,18.33333,35.66667,0.515,20.33333,23.66667,0.865,8.66667,34.33333,43.0,27.33333,8.0,7.0,13.33333,18.0,128.0,256.66667,44.33333,90.33333,0.48733,15.66667,34.0,0.466,12.66667,18.33333,0.71,8.0,34.0,42.0,31.0,6.66667,5.66667,14.33333,23.0,117.0,0,-0.14527,0.14527,0.23377,0.26209,0.5736,0.60674,0.6153,0.6797,1463.72793,1541.83082,0.59809,0.40191,1.71819,2.69463,0.33333,240.0,36.33333,93.0,0.39,7.0,24.0,0.289,22.66667,29.33333,0.779,11.33333,35.0,46.33333,20.0,7.0,3.0,12.0,19.66667,102.33333,240.0,43.33333,88.33333,0.49233,14.0,37.33333,0.37167,15.0,21.33333,0.72967,9.33333,40.33333,49.66667,31.66667,7.33333,6.66667,14.66667,24.0,115.66667,0,0.17762,-0.17762,0.27172,0.29206,0.57087,0.42761,0.62282,0.51465,1599.54346,1468.98418,0.3434,0.6566,3.28832,1.56465,1.0,,,,
240.0,41.0,88.33333,0.463,11.0,28.66667,0.39433,19.66667,25.66667,0.77533,11.0,37.66667,48.66667,21.0,7.0,6.0,13.33333,22.0,112.66667,240.0,37.0,86.66667,0.42667,9.33333,29.0,0.328,22.33333,28.66667,0.77867,9.33333,32.0,41.33333,19.0,8.66667,5.0,9.33333,20.0,105.66667,1,-0.09053,0.09053,0.26242,0.37799,0.48071,0.52489,0.56842,0.59907,1540.63212,1572.47859,0.53929,0.46071,1.85874,2.17723,0.0,240.0,40.0,90.0,0.446,11.33333,32.0,0.34667,16.0,19.0,0.84933,10.33333,32.33333,42.66667,19.66667,7.0,3.33333,12.66667,18.33333,107.33333,240.0,44.66667,88.33333,0.50133,8.0,24.0,0.33267,15.66667,20.33333,0.75033,9.0,37.0,46.0,25.33333,7.33333,5.66667,12.0,16.33333,113.0,1,0.07562,-0.07562,0.27859,0.27471,0.54746,0.5095,0.60677,0.57112,1508.24205,1487.29352,0.47632,0.52368,2.10643,1.91488,1.0,,,,
256.66667,42.0,90.0,0.465,9.33333,26.0,0.357,21.0,27.33333,0.76467,10.33333,36.66667,47.0,28.33333,8.0,4.0,15.33333,20.66667,114.33333,256.66667,46.0,89.66667,0.513,9.33333,24.66667,0.373,15.33333,20.66667,0.74767,5.66667,35.66667,41.33333,26.66667,7.0,6.66667,14.0,21.66667,116.66667,0,0.02305,-0.02305,0.15465,0.29212,0.56439,0.51638,0.61881,0.59575,1535.12337,1549.0599,0.52405,0.47595,1.94759,2.14574,0.33333,240.0,35.0,81.66667,0.42867,5.33333,15.66667,0.372,14.33333,17.33333,0.82933,8.0,33.0,41.0,19.0,5.66667,6.0,15.0,19.33333,89.66667,240.0,39.66667,92.33333,0.42867,7.0,25.0,0.28267,15.0,18.0,0.846,13.33333,33.66667,47.0,23.0,9.0,8.0,9.66667,17.0,101.33333,0,0.17821,-0.17821,0.42424,0.24958,0.46733,0.46123,0.52636,0.5241,1559.50663,1561.97876,0.52821,0.47179,1.94771,2.18255,1.0,,,,
240.0,38.0,83.33333,0.45867,12.0,31.66667,0.37867,17.0,21.0,0.79167,10.66667,37.66667,48.33333,26.66667,7.66667,5.33333,14.66667,18.33333,105.0,240.0,35.33333,88.0,0.4,5.0,22.0,0.22967,11.33333,14.66667,0.775,11.33333,29.33333,40.66667,18.66667,6.66667,7.33333,13.33333,21.33333,87.0,1,-0.27373,0.27373,0.30439,0.3696,0.42872,0.5314,0.47575,0.59884,1452.40747,1553.29771,0.60541,0.39459,1.68422,2.677,0.0,240.0,35.66667,86.66667,0.41133,11.66667,33.0,0.35767,14.33333,19.0,0.74933,8.66667,36.33333,45.0,21.0,4.66667,5.66667,13.0,20.66667,97.33333,240.0,37.66667,87.0,0.43667,10.0,29.0,0.354,19.33333,25.33333,0.73567,11.66667,40.33333,52.0,24.0,7.0,2.66667,11.66667,18.66667,104.66667,1,0.09848,-0.09848,0.318,0.21262,0.49474,0.47904,0.57072,0.53542,1461.60313,1537.36902,0.60699,0.39301,1.81676,3.15043,0.66667,,,,
240.0,36.66667,78.66667,0.471,10.66667,22.0,0.50067,15.33333,21.0,0.70967,7.0,34.33333,41.33333,20.66667,7.33333,3.0,13.33333,16.66667,99.33333,240.0,39.66667,85.0,0.46767,7.0,25.66667,0.28133,14.0,16.66667,0.86667,7.66667,32.66667,40.33333,22.33333,8.0,3.66667,10.66667,16.33333,100.33333,1,0.01583,-0.01583,0.22239,0.20771,0.50873,0.53963,0.56654,0.6027,1464.22101,1578.1499,0.6565,0.3435,1.60166,3.57902,0.33333,240.0,45.33333,93.0,0.48767,15.0,34.0,0.44067,17.0,20.0,0.84267,8.66667,37.0,45.66667,25.33333,10.66667,10.66667,13.0,20.66667,122.66667,240.0,37.0,90.0,0.414,8.0,30.0,0.284,19.33333,26.33333,0.72433,10.66667,35.33333,46.0,20.33333,6.33333,5.0,18.66667,18.66667,101.33333,1,-0.28061,0.28061,0.28752,0.24531,0.45924,0.5691,0.53141,0.63109,1289.8711,1534.98987,0.78343,0.21657,1.28568,5.27243,0.0,,,,
240.0,43.66667,89.33333,0.48967,10.66667,27.66667,0.385,19.0,26.66667,0.711,10.66667,28.33333,39.0,24.0,8.66667,6.33333,12.0,22.0,117.0,240.0,40.66667,85.33333,0.47867,13.0,31.33333,0.41733,19.0,23.33333,0.814,11.66667,30.0,41.66667,25.66667,5.33333,4.66667,16.33333,23.66667,113.33333,0,-0.04031,0.04031,0.40663,0.38204,0.55539,0.54932,0.62876,0.61459,1526.49372,1577.84754,0.55933,0.44067,2.01627,2.80121,0.33333,256.66667,42.33333,89.66667,0.47233,11.0,27.0,0.41767,14.33333,20.0,0.747,9.33333,32.0,41.33333,26.33333,8.33333,6.33333,14.66667,21.0,110.0,256.66667,45.33333,89.0,0.50867,12.0,27.66667,0.462,15.66667,19.66667,0.813,8.0,36.33333,44.33333,29.0,7.33333,4.66667,14.33333,18.33333,118.33333,0,0.09905,-0.09905,0.24204,0.25972,0.57631,0.53421,0.63475,0.5846,1591.92982,1527.48969,0.42129,0.57871,2.38508,1.73228,0.33333,,,,
240.0,40.33333,86.66667,0.46567,12.66667,30.33333,0.42,19.66667,26.66667,0.75167,9.0,36.0,45.0,24.66667,5.0,6.33333,9.66667,20.66667,113.0,240.0,41.33333,91.0,0.455,12.33333,28.66667,0.433,18.33333,23.66667,0.783,9.66667,33.33333,43.0,27.0,6.0,4.66667,8.0,21.0,113.33333,1,0.00185,-0.00185,0.26709,0.28141,0.52283,0.53867,0.58931,0.61061,1555.06632,1401.84882,0.31057,0.68943,4.10795,1.5401,0.66667,240.0,34.33333,88.0,0.39,6.66667,27.66667,0.236,14.33333,19.0,0.762,13.0,31.0,44.0,18.33333,8.0,2.33333,15.33333,17.66667,89.66667,240.0,39.66667,80.33333,0.49367,10.33333,30.0,0.33667,17.0,21.0,0.80133,7.0,33.0,40.0,25.0,8.66667,6.0,12.66667,19.33333,106.66667,1,0.25133,-0.25133,0.22654,0.40091,0.55803,0.42754,0.62775,0.48606,1523.94345,1412.80223,0.3788,0.6212,2.88562,1.65767,1.0,,,,
240.0,33.66667,89.33333,0.377,6.0,23.66667,0.24467,28.66667,36.33333,0.793,14.0,38.33333,52.33333,15.0,6.0,3.66667,10.66667,13.66667,102.0,240.0,43.33333,95.33333,0.45367,14.33333,35.66667,0.40733,11.33333,15.66667,0.73167,13.0,41.0,54.0,25.33333,6.0,7.33333,11.66667,26.66667,112.33333,1,0.1387,-0.1387,0.3539,0.35796,0.52921,0.41076,0.56801,0.52369,1469.65401,1486.85624,0.54498,0.45502,1.96837,2.36288,0.66667,240.0,38.33333,85.0,0.45,12.0,30.66667,0.39367,12.66667,15.66667,0.80567,7.66667,34.0,41.66667,24.0,6.66667,5.0,12.0,21.66667,101.33333,240.0,37.33333,85.33333,0.442,10.66667,30.66667,0.34567,17.33333,22.33333,0.75133,11.33333,35.33333,46.66667,23.33333,6.0,4.0,11.33333,17.33333,102.66667,1,0.02227,-0.02227,0.32507,0.22409,0.50574,0.52066,0.57576,0.57203,1460.64568,1553.11768,0.61838,0.38162,1.79033,3.24743,0.33333,,,,
240.0,35.66667,89.66667,0.39967,9.66667,35.33333,0.26,18.33333,24.33333,0.73233,12.0,32.66667,44.66667,23.66667,9.66667,3.33333,12.0,19.33333,99.33333,240.0,41.33333,90.0,0.45967,13.33333,37.33333,0.35533,16.33333,20.0,0.81267,12.66667,39.66667,52.33333,29.33333,6.33333,6.0,14.33333,19.0,112.33333,0,0.18175,-0.18175,0.38824,0.30165,0.5343,0.455,0.59639,0.52714,1416.55201,1351.0546,0.43017,0.56983,2.41102,1.79057,0.66667,248.33333,39.0,93.0,0.42,7.66667,33.0,0.23967,9.66667,14.0,0.72833,11.66667,40.66667,52.33333,19.66667,8.0,4.33333,14.66667,15.0,95.33333,248.33333,41.33333,94.0,0.44233,16.66667,50.0,0.33433,11.33333,15.66667,0.76733,7.66667,40.66667,48.33333,23.0,8.66667,5.0,14.0,16.0,110.66667,0,0.21243,-0.21243,0.18165,0.28619,0.5316,0.4618,0.57179,0.49756,1733.80086,1432.12747,0.16297,0.83703,7.08106,1.19959,1.0,,,,
240.0,42.66667,84.66667,0.50433,13.66667,35.0,0.39,17.0,23.66667,0.696,6.0,34.66667,40.66667,22.33333,7.0,7.0,14.33333,20.0,116.0,240.0,40.66667,95.0,0.429,11.33333,33.66667,0.334,17.0,21.33333,0.785,11.66667,35.66667,47.33333,24.33333,6.0,2.66667,12.33333,19.0,109.66667,1,-0.07618,0.07618,0.34054,0.17216,0.48908,0.58455,0.55113,0.64439,1414.81231,1501.40687,0.60941,0.39059,1.776,2.93661,0.33333,240.0,41.0,91.33333,0.45067,8.33333,20.33333,0.38933,20.33333,27.0,0.75767,15.66667,36.0,51.66667,21.33333,6.33333,2.66667,13.0,23.33333,110.66667,240.0,39.33333,83.0,0.477,14.33333,37.66667,0.38,19.33333,26.66667,0.718,9.66667,33.66667,43.33333,24.66667,5.0,8.66667,14.66667,24.0,112.33333,1,0.02065,-0.02065,0.27501,0.45886,0.5652,0.49645,0.63813,0.57054,1403.83939,1434.2097,0.54424,0.45576,1.88667,2.26129,0.66667,,,,
240.0,40.33333,89.66667,0.454,7.66667,21.0,0.36133,11.0,12.33333,0.896,9.66667,36.66667,46.33333,21.0,7.66667,6.66667,15.33333,18.0,99.33333,240.0,40.33333,95.0,0.42567,11.33333,33.66667,0.32433,12.33333,14.66667,0.823,11.33333,35.0,46.33333,19.33333,8.0,8.0,12.66667,15.66667,104.33333,0,0.07532,-0.07532,0.3043,0.2678,0.48583,0.49765,0.53281,0.54308,1528.67052,1497.9878,0.4623,0.5377,2.76859,2.3574,0.66667,240.0,43.33333,87.66667,0.494,10.0,31.0,0.31633,17.0,21.0,0.80667,8.33333,25.33333,33.66667,27.33333,8.0,5.33333,12.66667,23.0,113.66667,240.0,45.66667,86.66667,0.53067,12.66667,30.33333,0.432,21.33333,26.33333,0.80767,10.33333,32.66667,43.0,25.0,5.33333,4.66667,12.0,16.33333,125.33333,0,0.15134,-0.15134,0.39705,0.26366,0.60534,0.55105,0.68321,0.6153,1505.96579,1483.43448,0.48088,0.51912,2.67787,2.40719,1.0,,,,
240.0,38.66667,86.33333,0.44767,12.66667,36.66667,0.34,18.33333,25.33333,0.72067,10.66667,33.0,43.66667,19.33333,5.0,2.66667,13.33333,19.33333,108.33333,240.0,43.33333,88.66667,0.486,5.66667,24.66667,0.236,18.0,21.0,0.861,9.33333,33.66667,43.0,24.0,9.66667,6.0,8.33333,18.66667,110.33333,0,0.02234,-0.02234,0.28283,0.31654,0.51804,0.52096,0.58921,0.58881,1454.37175,1491.48979,0.55429,0.44571,1.86324,2.40384,0.66667,248.33333,39.0,97.0,0.401,10.66667,35.33333,0.30133,11.0,13.33333,0.79067,11.66667,32.66667,44.33333,26.33333,10.0,2.66667,11.33333,19.66667,99.66667,248.33333,41.66667,86.0,0.484,12.66667,31.66667,0.40467,15.66667,19.66667,0.798,10.66667,39.33333,50.0,27.33333,5.33333,7.66667,15.0,15.66667,111.66667,0,0.17693,-0.17693,0.33125,0.2989,0.55734,0.45565,0.61723,0.49621,1464.22052,1462.68559,0.50657,0.49343,2.27639,2.68668,0.66667,,,,
240.0,39.0,86.66667,0.446,8.66667,28.66667,0.285,14.0,17.0,0.81367,7.66667,35.33333,43.0,22.66667,7.0,8.33333,13.33333,20.66667,100.66667,240.0,38.66667,86.33333,0.447,8.33333,22.33333,0.36867,16.66667,23.66667,0.706,11.0,35.66667,46.66667,23.33333,7.0,4.33333,14.0,18.0,102.33333,1,0.04753,-0.04753,0.31011,0.21704,0.49621,0.49398,0.55916,0.55149,1484.33343,1632.18101,0.68424,0.31576,1.51611,4.35871,0.66667,240.0,38.66667,77.33333,0.502,11.33333,29.33333,0.401,15.66667,20.66667,0.762,4.66667,32.66667,37.33333,23.66667,8.33333,5.0,11.66667,15.0,104.33333,240.0,39.33333,84.33333,0.47,8.66667,26.66667,0.31633,10.33333,12.66667,0.81867,7.66667,29.33333,37.0,23.33333,5.33333,3.0,14.0,20.66667,97.66667,1,-0.09643,0.09643,0.23246,0.16488,0.52292,0.57546,0.56508,0.63895,1298.25671,1521.22545,0.77606,0.22394,1.2943,4.69151,0.0,,,,
248.33333,43.0,90.33333,0.47833,11.66667,29.66667,0.394,20.66667,23.33333,0.897,10.0,32.66667,42.66667,26.66667,8.33333,4.0,13.66667,20.66667,118.33333,248.33333,43.33333,90.0,0.482,10.0,23.33333,0.40967,15.0,18.0,0.828,9.66667,31.0,40.66667,23.66667,7.0,9.33333,13.33333,22.0,111.66667,1,-0.08959,0.08959,0.30018,0.34501,0.53872,0.54267,0.59507,0.62149,1503.59957,1577.36787,0.58913,0.41087,1.71853,2.50103,0.33333,240.0,37.0,83.66667,0.442,12.33333,33.66667,0.37067,13.0,21.66667,0.59967,7.66667,34.33333,42.0,24.33333,7.66667,5.66667,12.66667,16.33333,99.33333,240.0,40.0,85.0,0.47167,10.0,25.33333,0.38733,15.33333,19.0,0.81733,10.0,35.33333,45.33333,24.66667,8.66667,5.66667,13.0,20.66667,105.33333,1,0.08007,-0.08007,0.29976,0.2244,0.53007,0.51594,0.59131,0.56147,1633.97403,1378.3717,0.20309,0.79691,5.74466,1.27085,0.66667,,,,
240.0,37.33333,86.66667,0.43333,8.33333,22.33333,0.368,12.33333,15.0,0.80367,11.0,30.33333,41.33333,20.33333,9.66667,3.66667,13.0,17.66667,95.33333,240.0,36.33333,79.66667,0.45933,7.66667,20.0,0.38067,15.0,18.66667,0.77533,11.0,35.33333,46.33333,21.66667,5.66667,7.33333,16.0,17.66667,95.33333,1,-0.00885,0.00885,0.36133,0.3076,0.50839,0.48167,0.57307,0.53184,1552.91684,1517.56862,0.4442,0.5558,2.2935,1.81929,0.66667,240.0,36.33333,78.66667,0.46633,12.66667,32.66667,0.40933,13.66667,20.0,0.68433,4.33333,35.0,39.33333,22.33333,7.66667,4.33333,12.33333,12.66667,99.0,240.0,39.66667,89.33333,0.44467,7.66667,23.33333,0.33533,11.33333,12.66667,0.92967,9.66667,33.66667,43.33333,23.66667,7.0,5.33333,12.33333,18.66667,98.33333,1,-0.00849,0.00849,0.27603,0.12641,0.4877,0.54689,0.53469,0.60016,1299.79034,1456.84294,0.70316,0.29684,1.45542,3.87673,0.33333,,,,
240.0,42.33333,88.33333,0.48033,11.33333,26.66667,0.41867,20.33333,26.0,0.78333,14.33333,31.0,45.33333,22.66667,8.66667,3.66667,16.66667,18.66667,116.33333,240.0,47.0,90.33333,0.52033,9.66667,27.66667,0.35067,17.66667,21.0,0.82733,10.33333,29.33333,39.66667,28.66667,10.66667,7.0,13.0,20.33333,121.33333,0,0.06374,-0.06374,0.32977,0.50508,0.57422,0.5453,0.63972,0.61997,1545.21287,1536.6471,0.49426,0.50574,2.04974,2.00656,0.66667,240.0,35.66667,82.33333,0.43333,10.0,32.66667,0.30667,16.33333,20.33333,0.81767,12.66667,33.66667,46.33333,20.33333,6.33333,5.0,17.0,16.66667,97.66667,240.0,42.66667,90.33333,0.473,9.0,24.33333,0.35933,12.66667,15.33333,0.81767,9.66667,32.66667,42.33333,20.66667,10.66667,4.0,10.0,19.0,107.0,0,0.13445,-0.13445,0.28837,0.4442,0.52264,0.49432,0.57191,0.56269,1513.539,1515.18931,0.51244,0.48756,2.21429,2.42764,0.66667,,,,
240.0,37.66667,84.66667,0.449,7.0,23.0,0.304,14.33333,16.66667,0.837,10.0,30.0,40.0,20.0,10.66667,3.66667,11.33333,17.33333,96.66667,240.0,37.0,81.0,0.45833,8.66667,23.66667,0.35367,10.66667,14.0,0.72233,11.0,33.33333,44.33333,21.0,3.66667,7.33333,17.33333,20.0,93.33333,1,-0.05458,0.05458,0.36397,0.29317,0.51295,0.49058,0.55792,0.55079,1470.00002,1524.31946,0.55626,0.44374,1.98189,2.80188,0.33333,240.0,40.66667,86.33333,0.47,9.33333,25.33333,0.359,17.66667,23.33333,0.758,8.33333,33.0,41.33333,22.66667,10.33333,6.33333,14.33333,18.33333,108.33333,240.0,40.33333,84.33333,0.48,10.33333,23.0,0.43867,18.0,24.33333,0.718,8.0,32.0,40.0,20.33333,8.33333,3.33333,12.0,20.0,109.0,1,0.01431,-0.01431,0.25356,0.26061,0.54095,0.52335,0.60966,0.59098,1543.88753,1487.75394,0.42176,0.57824,2.52462,1.79211,0.66667,,,,
240.0,40.33333,87.33333,0.461,11.33333,35.33333,0.31933,15.33333,22.33333,0.69633,11.0,31.0,42.0,23.0,7.66667,5.66667,14.0,20.0,107.33333,240.0,43.0,83.66667,0.51433,9.0,24.0,0.35667,22.33333,25.66667,0.87833,9.0,34.33333,43.33333,26.33333,9.0,6.66667,13.0,18.66667,117.33333,0,0.12925,-0.12925,0.29478,0.33109,0.56846,0.5258,0.65731,0.58138,1563.6424,1493.35526,0.41617,0.58383,2.47469,1.73512,1.0,240.0,37.33333,90.0,0.41533,8.66667,27.66667,0.31667,12.0,16.33333,0.754,11.0,33.0,44.0,19.0,8.33333,3.33333,11.33333,18.66667,95.33333,240.0,41.0,84.0,0.48567,8.0,22.0,0.36033,16.33333,21.33333,0.74433,8.0,38.66667,46.66667,27.0,6.0,6.0,12.33333,14.33333,106.33333,0,0.15727,-0.15727,0.2454,0.283,0.53334,0.46353,0.59881,0.50978,1506.02525,1516.1276,0.53805,0.46195,1.90951,2.26078,1.0,,,,
240.0,37.0,87.33333,0.42433,13.33333,28.33333,0.49433,11.33333,15.66667,0.72067,9.0,34.0,43.0,23.0,8.66667,5.0,12.33333,22.66667,98.66667,240.0,35.0,79.66667,0.43933,11.33333,28.66667,0.38533,19.33333,24.66667,0.772,7.33333,36.33333,43.66667,21.0,7.66667,6.33333,12.0,16.33333,100.66667,1,0.02692,-0.02692,0.21852,0.25731,0.50931,0.50094,0.59172,0.54419,1597.64462,1303.49472,0.15704,0.84296,6.48146,1.18694,0.66667,248.33333,38.0,90.66667,0.41833,11.33333,36.33333,0.31733,15.66667,20.33333,0.75733,8.66667,32.0,40.66667,21.33333,12.66667,4.33333,11.0,21.66667,103.0,248.33333,38.66667,82.33333,0.46667,8.66667,26.33333,0.34767,19.33333,26.33333,0.742,9.66667,41.66667,51.33333,26.66667,5.33333,4.0,17.66667,18.66667,105.33333,1,0.03604,-0.03604,0.30519,0.2079,0.51981,0.48121,0.59624,0.54006,1496.66244,1476.91927,0.47814,0.52186,2.09582,1.91956,0.33333,,,,
240.0,36.66667,87.0,0.42167,9.33333,25.33333,0.34633,12.33333,16.66667,0.727,10.33333,29.66667,40.0,21.0,6.0,4.33333,15.0,22.33333,95.0,240.0,42.66667,85.0,0.49967,12.66667,31.66667,0.38767,19.33333,23.66667,0.81467,7.33333,35.33333,42.66667,26.0,8.33333,4.66667,12.0,17.66667,117.33333,0,0.29567,-0.29567,0.25144,0.29627,0.57244,0.47508,0.64651,0.52439,1552.91152,1345.57525,0.2408,0.7592,4.32464,1.32356,0.66667,240.0,36.66667,86.33333,0.42567,11.66667,25.0,0.50367,12.66667,17.66667,0.71,8.33333,34.0,42.33333,21.33333,9.66667,3.33333,14.0,23.66667,97.66667,240.0,33.33333,81.66667,0.41067,7.0,30.33333,0.233,23.33333,28.0,0.83533,10.66667,37.33333,48.0,20.66667,7.66667,7.33333,15.66667,17.66667,97.0,0,-0.01117,0.01117,0.31548,0.23013,0.4535,0.49425,0.55509,0.54339,1587.95895,1409.21965,0.28121,0.71879,4.31843,1.45002,0.33333,,,,
240.0,35.33333,92.66667,0.381,7.33333,34.0,0.21,13.0,19.0,0.66567,13.66667,34.0,47.66667,21.66667,9.0,3.0,13.66667,17.33333,91.0,240.0,42.33333,92.0,0.461,15.0,44.66667,0.337,15.33333,18.66667,0.81833,12.0,40.0,52.0,29.66667,9.0,6.66667,13.0,15.66667,115.0,0,0.33823,-0.33823,0.35934,0.34469,0.54302,0.42024,0.59965,0.46968,1547.2239,1338.31485,0.28383,0.71617,5.56498,1.45126,1.0,256.66667,38.66667,91.33333,0.421,10.66667,31.66667,0.317,18.0,22.66667,0.785,12.0,30.66667,42.66667,19.66667,8.0,2.33333,13.66667,19.66667,106.0,256.66667,46.0,87.0,0.52633,14.66667,33.0,0.43567,15.33333,22.0,0.70567,7.0,33.66667,40.66667,30.33333,8.0,7.33333,10.66667,20.33333,122.0,0,0.22355,-0.22355,0.2284,0.3688,0.60909,0.47754,0.66113,0.54319,1515.89432,1482.83076,0.48238,0.51762,2.11952,1.96515,1.0,,,,
240.0,42.0,86.0,0.48767,9.66667,28.0,0.33967,17.33333,20.66667,0.847,7.66667,29.66667,37.33333,25.66667,10.33333,8.33333,12.0,19.0,111.0,240.0,39.66667,86.66667,0.45767,14.0,30.66667,0.46433,18.0,22.66667,0.77367,12.33333,32.33333,44.66667,22.66667,5.0,4.0,13.33333,20.33333,111.33333,1,0.00499,-0.00499,0.43614,0.23832,0.53851,0.54375,0.60699,0.61221,1464.38424,1477.59027,0.51799,0.48201,2.02023,2.22144,0.66667,240.0,39.33333,84.0,0.468,9.66667,27.0,0.353,10.33333,16.66667,0.63167,8.0,35.0,43.0,24.33333,7.0,5.0,11.66667,14.66667,98.66667,240.0,38.33333,90.0,0.42567,7.66667,20.66667,0.36467,8.33333,10.0,0.82533,13.66667,32.33333,46.0,24.33333,7.0,7.33333,11.33333,17.66667,92.66667,1,-0.09465,0.09465,0.40399,0.26053,0.46757,0.5254,0.50132,0.5621,1616.18183,1487.53941,0.31884,0.68116,3.80978,1.50972,0.33333,,,,
248.33333,40.0,90.33333,0.444,11.66667,34.33333,0.35267,14.0,19.0,0.73967,11.33333,42.0,53.33333,20.33333,9.0,8.0,10.66667,14.66667,105.66667,248.33333,36.33333,92.33333,0.39567,8.33333,36.0,0.234,11.66667,19.0,0.579,10.66667,36.0,46.66667,21.33333,5.66667,4.66667,14.66667,18.66667,92.66667,1,-0.18774,0.18774,0.25544,0.30596,0.43981,0.51007,0.48056,0.56272,1434.70686,1461.49355,0.53243,0.46757,2.7996,2.70147,0.33333,240.0,33.66667,85.66667,0.39767,7.33333,29.66667,0.25267,25.66667,31.66667,0.81,11.0,36.66667,47.66667,18.33333,7.33333,6.0,11.66667,14.33333,100.33333,240.0,44.0,96.0,0.45767,11.66667,29.66667,0.40167,13.0,17.33333,0.74967,12.33333,40.66667,53.0,25.66667,7.33333,4.0,11.33333,24.33333,112.66667,1,0.16644,-0.16644,0.34064,0.26243,0.5184,0.44167,0.56365,0.54804,1418.82055,1474.31545,0.60418,0.39582,1.73811,2.75682,0.66667,,,,
248.33333,38.66667,94.66667,0.40867,12.66667,36.66667,0.34,13.33333,17.0,0.769,12.33333,35.0,47.33333,24.33333,8.33333,4.0,12.0,21.66667,103.33333,248.33333,39.33333,84.33333,0.46333,10.33333,26.33333,0.39867,20.66667,25.66667,0.80367,8.0,39.33333,47.33333,22.66667,5.33333,5.66667,14.33333,17.66667,109.66667,0,0.08269,-0.08269,0.22878,0.3194,0.52521,0.47491,0.60756,0.52392,1459.72057,1501.2882,0.56329,0.43671,1.87928,2.62764,0.66667,240.0,40.0,88.33333,0.454,11.0,26.33333,0.429,11.66667,15.33333,0.72233,11.66667,35.0,46.66667,22.66667,8.0,4.0,15.33333,20.66667,102.66667,240.0,41.0,87.66667,0.46667,12.33333,32.0,0.38167,16.0,21.33333,0.75433,11.0,35.0,46.0,25.0,10.0,6.66667,13.0,16.0,110.33333,0,0.10475,-0.10475,0.32248,0.35057,0.53771,0.51623,0.59688,0.56019,1577.92971,1464.15859,0.36761,0.63239,3.3623,1.64944,1.0,,,,
248.33333,44.66667,94.0,0.47267,8.33333,27.66667,0.29867,11.33333,12.66667,0.9,11.33333,30.33333,41.66667,24.0,7.33333,2.66667,12.66667,20.66667,109.0,248.33333,44.33333,87.0,0.50967,10.66667,27.0,0.38333,18.33333,23.33333,0.77767,10.0,30.33333,40.33333,27.0,8.0,4.33333,11.66667,15.0,117.66667,0,0.10661,-0.10661,0.32121,0.37924,0.57182,0.51717,0.63872,0.5612,1518.46204,1414.46258,0.36785,0.63215,2.73507,1.5849,0.66667,240.0,37.66667,93.0,0.406,8.66667,27.33333,0.31267,21.66667,30.66667,0.71833,12.33333,33.33333,45.66667,23.66667,7.66667,4.0,14.0,22.66667,105.66667,240.0,44.66667,87.66667,0.51,12.33333,32.33333,0.38467,19.0,27.0,0.71967,8.33333,39.0,47.33333,33.33333,7.66667,6.66667,15.33333,26.0,120.66667,0,0.19155,-0.19155,0.26667,0.32247,0.58038,0.4534,0.6453,0.5312,1609.30342,1485.75908,0.3592,0.6408,3.18211,1.6067,1.0,,,,
240.0,44.0,95.66667,0.462,11.0,31.66667,0.35367,13.33333,16.33333,0.82967,14.33333,33.33333,47.66667,21.33333,8.66667,6.66667,12.0,19.33333,112.33333,240.0,40.0,89.0,0.44867,7.0,24.66667,0.28467,18.66667,23.0,0.83033,10.66667,33.0,43.66667,21.66667,6.66667,6.0,11.33333,18.33333,105.66667,0,-0.08605,0.08605,0.33038,0.45144,0.48894,0.51981,0.56228,0.56841,1543.09278,1591.45007,0.56221,0.43779,1.79316,2.3159,0.0,240.0,34.0,84.33333,0.40433,12.33333,37.33333,0.327,21.33333,29.0,0.73067,12.33333,32.66667,45.0,19.66667,9.0,3.0,10.33333,22.66667,101.66667,240.0,35.33333,84.0,0.42033,10.33333,32.0,0.31633,20.33333,25.0,0.81467,12.0,33.66667,45.66667,22.66667,6.33333,6.33333,11.66667,21.0,101.33333,0,-0.00471,0.00471,0.36949,0.37048,0.48186,0.47778,0.5658,0.56193,1347.11272,1466.48552,0.66186,0.33814,1.5478,3.19103,0.33333,,,,
240.0,40.33333,85.0,0.478,16.0,40.33333,0.40033,17.0,22.66667,0.74733,9.0,32.33333,41.33333,22.66667,6.66667,6.66667,9.66667,22.33333,113.66667,240.0,39.66667,87.66667,0.456,7.66667,25.0,0.33133,14.0,18.66667,0.76567,12.33333,32.33333,44.66667,23.0,5.33333,3.66667,11.33333,21.0,101.0,1,-0.18143,0.18143,0.39257,0.28177,0.50041,0.57311,0.55413,0.63512,1505.19456,1723.97369,0.7698,0.2302,1.30373,4.49662,0.0,240.0,37.0,83.66667,0.44333,10.33333,29.66667,0.352,12.66667,19.0,0.66967,6.66667,34.33333,41.0,19.33333,5.66667,4.33333,11.33333,20.33333,97.0,240.0,39.66667,88.66667,0.44767,11.33333,34.0,0.33,18.66667,22.33333,0.837,10.33333,39.33333,49.66667,24.0,5.66667,5.66667,10.0,15.66667,109.33333,1,0.17433,-0.17433,0.30446,0.16599,0.51178,0.50492,0.58514,0.55317,1580.65926,1482.86301,0.38224,0.61776,2.6529,1.6267,1.0,,,,
240.0,38.66667,87.33333,0.44167,9.0,23.33333,0.38867,11.66667,16.0,0.7,7.66667,33.66667,41.33333,25.0,6.0,2.66667,13.0,19.66667,98.0,240.0,39.66667,86.66667,0.45967,10.33333,34.0,0.30633,18.0,23.33333,0.77333,10.66667,38.66667,49.33333,26.0,6.66667,6.66667,13.33333,18.33333,107.66667,0,0.13826,-0.13826,0.31683,0.19963,0.52003,0.49426,0.58879,0.53928,1651.71868,1543.67184,0.36676,0.63324,2.87471,1.60849,1.0,240.0,43.66667,89.66667,0.48733,11.33333,31.33333,0.361,20.0,23.66667,0.83633,11.66667,31.66667,43.33333,24.33333,8.33333,4.0,16.33333,22.33333,118.66667,240.0,44.0,83.33333,0.52933,9.0,23.0,0.39733,23.66667,29.33333,0.79367,7.66667,32.0,39.66667,31.0,10.0,6.33333,13.33333,20.0,120.66667,0,0.02604,-0.02604,0.24078,0.39138,0.58351,0.55173,0.67481,0.62771,1476.59064,1428.46445,0.43394,0.56606,2.45191,1.83991,0.66667,,,,
240.0,39.66667,85.66667,0.464,12.33333,31.0,0.39833,18.33333,21.0,0.875,11.0,36.33333,47.33333,27.33333,8.33333,5.66667,14.33333,18.66667,110.0,240.0,38.0,87.0,0.436,9.66667,25.0,0.36333,10.66667,13.66667,0.782,9.33333,28.0,37.33333,22.0,5.33333,8.66667,14.0,21.0,96.33333,0,-0.20018,0.20018,0.25707,0.3931,0.49229,0.53688,0.53508,0.61041,1435.41751,1566.72608,0.65844,0.34156,1.53139,3.01218,0.0,240.0,34.66667,79.33333,0.436,6.0,18.66667,0.35367,13.33333,17.33333,0.76667,7.0,28.0,35.0,22.0,7.0,5.0,14.33333,18.66667,88.66667,240.0,40.33333,85.66667,0.46867,7.0,24.0,0.29433,13.66667,17.66667,0.78833,12.33333,31.33333,43.66667,24.66667,8.0,7.66667,11.33333,18.0,101.33333,0,0.19397,-0.19397,0.45613,0.24147,0.51029,0.47342,0.56494,0.53173,1569.28501,1581.94339,0.5457,0.4543,1.85623,2.23803,1.0,,,,
240.0,42.33333,85.0,0.502,11.0,26.66667,0.406,17.66667,23.0,0.76033,10.66667,29.33333,40.0,23.66667,6.66667,3.66667,14.33333,19.33333,113.33333,240.0,46.0,90.0,0.51133,9.66667,27.33333,0.35433,15.66667,18.33333,0.84033,9.33333,29.0,38.33333,27.0,7.0,4.33333,11.33333,19.0,117.33333,1,0.05343,-0.05343,0.32553,0.3807,0.56544,0.56733,0.62477,0.63234,1523.03204,1533.16901,0.51807,0.48193,1.9504,2.09887,0.66667,248.33333,46.0,87.66667,0.524,9.0,23.33333,0.38533,18.66667,27.66667,0.68033,8.33333,30.0,38.33333,24.33333,7.66667,5.33333,12.0,24.66667,119.66667,248.33333,43.33333,86.0,0.506,13.0,29.33333,0.44433,21.33333,27.66667,0.77067,8.33333,31.33333,39.66667,27.66667,5.0,5.33333,14.0,23.33333,121.0,1,0.01909,-0.01909,0.28762,0.30736,0.58204,0.57588,0.65922,0.63779,1698.42656,1485.03817,0.23256,0.76744,4.75569,1.31652,0.66667,,,,
240.0,37.33333,78.66667,0.47867,12.33333,23.0,0.54633,16.66667,19.0,0.87633,7.33333,34.0,41.33333,23.0,8.0,3.0,13.33333,16.0,103.66667,240.0,38.0,84.66667,0.449,9.0,31.33333,0.28467,10.66667,14.66667,0.77533,9.66667,31.66667,41.33333,17.33333,7.66667,3.66667,12.33333,18.0,95.66667,1,-0.1165,0.1165,0.28261,0.22338,0.50271,0.55687,0.54475,0.62913,1387.68545,1579.3419,0.72113,0.27887,1.48701,4.88145,0.0,240.0,35.66667,87.66667,0.40667,10.0,23.33333,0.45933,13.33333,19.0,0.696,7.66667,37.66667,45.33333,19.33333,7.33333,4.0,16.0,26.0,94.66667,240.0,36.0,86.66667,0.41667,8.0,31.33333,0.253,24.33333,31.66667,0.77367,11.33333,39.33333,50.66667,22.0,9.33333,8.0,12.66667,18.33333,104.33333,1,0.13679,-0.13679,0.29756,0.19594,0.46194,0.46382,0.56005,0.51568,1581.13277,1312.99197,0.18006,0.81994,5.59679,1.2201,0.66667,,,,
256.66667,38.33333,85.66667,0.446,9.0,25.66667,0.34833,20.0,26.0,0.76467,10.0,32.33333,42.33333,26.0,8.33333,4.0,15.33333,20.66667,105.66667,256.66667,46.33333,88.66667,0.52333,9.66667,25.66667,0.37433,14.66667,20.66667,0.71067,9.0,33.66667,42.66667,26.0,8.33333,6.66667,14.0,21.33333,117.0,0,0.15002,-0.15002,0.2914,0.29952,0.57705,0.49766,0.62762,0.57655,1561.3583,1543.11978,0.49376,0.50624,2.06512,2.0187,0.66667,240.0,37.33333,91.66667,0.40933,8.66667,29.66667,0.28833,11.33333,14.66667,0.75567,10.0,34.33333,44.33333,25.0,8.0,2.66667,11.66667,19.66667,94.66667,240.0,41.66667,89.33333,0.46767,12.66667,34.0,0.36933,13.33333,17.0,0.78133,11.0,38.66667,49.66667,25.33333,6.0,6.0,12.0,16.66667,109.33333,0,0.21142,-0.21142,0.32922,0.2616,0.53863,0.45596,0.58929,0.50048,1472.39663,1395.52162,0.4166,0.5834,2.4907,1.75107,1.0,,,,
240.0,40.33333,90.0,0.44667,8.0,26.0,0.31367,10.33333,13.66667,0.762,11.0,28.33333,39.33333,22.0,6.33333,4.33333,13.0,20.33333,99.0,240.0,40.33333,78.33333,0.51667,14.33333,28.33333,0.497,21.66667,27.33333,0.79367,8.66667,33.0,41.66667,27.33333,7.0,4.0,13.33333,16.0,116.66667,1,0.24371,-0.24371,0.29982,0.34568,0.60671,0.49118,0.69242,0.53092,1512.17031,1410.85364,0.38081,0.61919,2.64228,1.61861,1.0,240.0,40.66667,86.0,0.47233,12.0,26.33333,0.44433,15.33333,17.33333,0.87967,9.33333,28.33333,37.66667,24.0,7.0,7.0,11.66667,18.33333,108.66667,240.0,40.0,78.66667,0.50933,10.66667,22.66667,0.46667,16.0,20.66667,0.76667,9.33333,31.66667,41.0,27.66667,6.0,2.66667,14.0,18.33333,106.66667,1,-0.02628,0.02628,0.33694,0.31224,0.57719,0.54251,0.64182,0.60474,1543.01473,1548.85283,0.50799,0.49201,1.9852,2.05172,0.33333,,,,
240.0,36.33333,85.33333,0.42533,11.33333,36.0,0.31733,10.33333,16.33333,0.67533,6.0,37.0,43.0,20.33333,5.66667,3.0,12.0,12.66667,94.33333,240.0,43.0,92.0,0.46767,14.0,34.33333,0.42033,9.66667,10.33333,0.93933,9.33333,38.0,47.33333,28.0,7.66667,6.33333,10.33333,15.66667,109.66667,0,0.21634,-0.21634,0.25575,0.15741,0.54409,0.49197,0.58219,0.53024,1556.88626,1333.03375,0.27282,0.72718,6.41896,1.54048,1.0,240.0,41.0,85.0,0.48567,13.0,30.0,0.42467,18.0,23.66667,0.74167,8.66667,27.66667,36.33333,24.66667,6.33333,5.66667,11.33333,23.66667,113.0,240.0,41.0,83.66667,0.488,9.33333,23.0,0.411,20.66667,24.66667,0.83967,9.0,30.33333,39.33333,22.66667,6.33333,4.33333,12.33333,20.66667,112.0,0,-0.01635,0.01635,0.33667,0.28439,0.54372,0.56415,0.62655,0.63004,1572.68159,1534.81866,0.45462,0.54538,2.81929,2.16044,0.33333,,,,
240.0,44.33333,91.66667,0.483,13.0,33.33333,0.38533,17.0,25.33333,0.67367,14.0,38.33333,52.33333,30.66667,9.0,5.0,13.0,18.33333,118.66667,240.0,38.33333,87.66667,0.43733,8.33333,27.0,0.30333,16.66667,23.33333,0.712,9.33333,32.66667,42.0,23.0,7.66667,4.0,13.33333,21.0,101.66667,1,-0.2254,0.2254,0.25065,0.42497,0.48486,0.55428,0.54817,0.6104,1392.75842,1591.99227,0.74632,0.25368,1.34076,3.96317,0.0,240.0,45.33333,91.33333,0.497,16.66667,35.0,0.477,18.33333,24.66667,0.75633,9.33333,34.0,43.33333,29.33333,7.33333,6.0,7.33333,22.0,125.66667,240.0,40.33333,86.33333,0.468,16.0,35.66667,0.446,18.66667,24.0,0.78367,8.0,37.0,45.0,29.33333,4.0,4.0,13.66667,22.0,115.33333,1,-0.1249,0.1249,0.24973,0.25535,0.5612,0.58826,0.63112,0.64999,1348.04534,1485.83452,0.67028,0.32972,1.54051,3.38693,0.0,,,,
240.0,39.0,81.33333,0.47733,13.66667,34.0,0.40167,17.66667,22.66667,0.752,11.33333,33.66667,45.0,23.66667,5.0,7.0,14.33333,17.33333,109.33333,240.0,41.33333,87.0,0.48133,10.33333,24.33333,0.42567,12.66667,16.66667,0.709,8.33333,29.0,37.33333,22.33333,9.33333,4.0,9.66667,19.66667,105.66667,0,-0.05943,0.05943,0.23746,0.43295,0.54252,0.56125,0.5893,0.63046,1467.80041,1698.28038,0.78358,0.21642,1.28124,4.9383,0.33333,256.66667,40.0,87.66667,0.45567,11.33333,27.0,0.43,16.33333,22.33333,0.76833,9.0,36.0,45.0,24.66667,8.33333,6.33333,16.66667,22.0,107.66667,256.66667,39.33333,89.0,0.43967,12.33333,33.0,0.38233,16.0,20.0,0.81467,10.33333,35.66667,46.0,26.0,8.33333,5.0,16.66667,19.66667,107.0,0,-0.00884,0.00884,0.28833,0.25499,0.50926,0.52074,0.57154,0.58083,1589.40277,1547.79347,0.44102,0.55898,2.3006,1.80668,0.33333,,,,
248.33333,40.0,87.33333,0.459,11.0,32.0,0.34867,20.0,27.0,0.75433,7.66667,37.33333,45.0,25.66667,7.33333,6.33333,10.66667,21.33333,111.0,248.33333,41.33333,91.0,0.455,10.66667,25.33333,0.42233,16.33333,22.0,0.755,8.66667,37.33333,46.0,23.33333,5.0,5.66667,12.33333,21.33333,109.66667,0,-0.01884,0.01884,0.23005,0.21188,0.51406,0.52194,0.5731,0.59566,1535.6934,1402.62716,0.33437,0.66563,3.82074,1.58743,0.33333,240.0,36.33333,91.33333,0.399,8.66667,28.66667,0.29833,23.0,32.66667,0.708,10.66667,34.66667,45.33333,22.0,7.0,5.0,15.0,23.33333,104.33333,240.0,44.33333,92.33333,0.48033,11.66667,32.33333,0.363,20.0,29.33333,0.68767,11.66667,42.33333,54.0,34.0,8.0,6.33333,14.66667,25.33333,120.33333,0,0.20617,-0.20617,0.35463,0.25117,0.54439,0.44719,0.61015,0.53076,1620.35991,1504.11278,0.36883,0.63117,2.97475,1.62237,1.0,,,,
240.0,34.33333,90.0,0.38133,7.0,21.0,0.31367,26.66667,35.33333,0.752,14.0,42.33333,56.33333,18.33333,7.0,3.33333,11.66667,14.0,102.33333,240.0,39.0,92.33333,0.42233,14.33333,40.66667,0.351,11.33333,16.0,0.718,10.66667,42.0,52.66667,24.66667,7.0,7.66667,13.0,26.66667,103.66667,0,0.0208,-0.0208,0.2798,0.35167,0.49972,0.42042,0.54082,0.52303,1482.68012,1489.08192,0.51228,0.48772,2.0566,2.14349,0.33333,240.0,39.0,86.66667,0.44967,11.0,27.0,0.391,16.0,22.0,0.78533,9.0,30.66667,39.66667,26.66667,7.33333,7.0,10.66667,17.33333,105.0,240.0,40.33333,84.0,0.48033,10.0,23.66667,0.411,13.66667,18.33333,0.74367,10.66667,36.66667,47.33333,28.66667,6.0,5.33333,15.66667,21.33333,104.33333,0,-0.01309,0.01309,0.34673,0.2489,0.54076,0.51368,0.59355,0.57414,1542.32768,1509.4549,0.45961,0.54039,2.28703,1.90428,0.33333,,,,
240.0,42.33333,91.66667,0.46133,7.66667,27.0,0.282,11.33333,13.66667,0.82867,11.33333,29.66667,41.0,23.66667,7.33333,4.0,13.0,20.33333,103.66667,240.0,41.0,80.33333,0.51433,9.66667,23.66667,0.40033,20.33333,27.0,0.74833,8.33333,31.66667,40.0,28.33333,9.0,5.0,11.66667,16.33333,112.0,0,0.10711,-0.10711,0.27041,0.36651,0.57479,0.50323,0.65361,0.54728,1510.43836,1412.62764,0.37656,0.62344,2.68024,1.60899,0.66667,240.0,39.66667,84.33333,0.46733,11.0,27.33333,0.37633,16.0,20.66667,0.769,7.66667,31.0,38.66667,23.33333,6.66667,5.66667,14.33333,25.33333,106.33333,240.0,44.66667,88.0,0.507,12.0,30.33333,0.364,23.0,28.0,0.821,8.0,35.33333,43.33333,22.66667,8.66667,4.66667,11.0,18.66667,124.33333,0,0.24646,-0.24646,0.26304,0.22045,0.57407,0.53179,0.65899,0.59435,1501.54703,1352.42473,0.30051,0.69949,3.39966,1.43472,0.66667,,,,
256.66667,39.33333,89.66667,0.43733,8.66667,29.66667,0.29433,15.0,19.66667,0.76667,11.33333,32.0,43.33333,28.0,10.0,5.33333,15.33333,20.33333,102.33333,256.66667,42.66667,87.33333,0.489,8.33333,23.33333,0.35067,14.66667,20.33333,0.72267,10.66667,32.66667,43.33333,25.66667,8.33333,6.0,16.0,17.66667,108.33333,0,0.0914,-0.0914,0.34684,0.3451,0.53575,0.48513,0.58968,0.54145,1552.26884,1541.68526,0.49627,0.50373,2.05804,2.03407,0.66667,240.0,46.0,85.66667,0.538,16.0,34.0,0.474,14.33333,18.33333,0.786,8.66667,33.0,41.66667,28.66667,7.0,6.0,11.66667,15.66667,122.33333,240.0,38.66667,89.0,0.43433,13.66667,32.66667,0.425,14.33333,17.33333,0.81067,12.33333,31.0,43.33333,26.66667,6.33333,3.0,13.66667,21.33333,105.33333,0,-0.2125,0.2125,0.38759,0.28314,0.51082,0.63195,0.56736,0.68362,1351.75319,1507.64204,0.69949,0.30051,1.43192,3.35967,0.0,,,,
240.0,37.33333,84.66667,0.44033,12.33333,39.66667,0.31033,13.33333,18.33333,0.745,6.33333,34.66667,41.0,22.33333,7.0,4.0,9.33333,17.66667,100.33333,240.0,40.66667,87.0,0.468,8.33333,27.0,0.31133,15.33333,22.0,0.69233,8.66667,38.0,46.66667,27.66667,5.66667,4.33333,11.33333,16.33333,105.0,0,0.064,-0.064,0.25087,0.1668,0.51642,0.51369,0.57388,0.56591,1433.92443,1453.00174,0.53405,0.46595,1.96167,2.34616,0.66667,240.0,42.66667,88.0,0.48467,11.0,29.33333,0.37133,12.33333,16.33333,0.76767,8.0,28.66667,36.66667,27.0,5.66667,3.66667,11.33333,21.66667,108.66667,240.0,45.66667,87.66667,0.52533,11.0,25.66667,0.43933,17.33333,22.33333,0.768,9.33333,34.66667,44.0,24.33333,6.0,3.33333,11.0,15.33333,119.66667,0,0.14641,-0.14641,0.31862,0.23959,0.58963,0.54709,0.65199,0.59248,1506.43891,1491.56102,0.48872,0.51128,2.64427,2.43655,1.0,,,,
240.0,41.33333,84.0,0.49267,16.0,33.66667,0.47167,17.0,22.66667,0.79167,8.0,32.0,40.0,28.66667,8.0,7.66667,14.0,16.66667,115.66667,240.0,41.0,86.66667,0.47267,13.33333,31.66667,0.43,13.0,17.66667,0.74,10.33333,34.0,44.33333,30.66667,7.0,4.0,16.33333,23.66667,108.33333,0,-0.09112,0.09112,0.33377,0.24499,0.55022,0.58809,0.59767,0.65187,1502.72385,1541.5004,0.54997,0.45003,1.92969,2.51151,0.33333,240.0,44.66667,89.0,0.50267,9.66667,22.0,0.44233,21.33333,30.66667,0.699,10.33333,30.66667,41.0,21.66667,7.66667,5.33333,11.33333,21.0,120.33333,240.0,42.66667,86.33333,0.497,15.0,31.33333,0.48133,15.33333,22.0,0.68133,8.66667,32.0,40.66667,27.0,4.33333,4.66667,14.33333,24.0,115.66667,0,-0.05681,0.05681,0.2897,0.36104,0.58375,0.55749,0.63717,0.62913,1693.6188,1511.28005,0.25675,0.74325,4.34182,1.359,0.33333,,,,
248.33333,43.66667,88.0,0.49633,9.33333,24.0,0.39667,16.0,20.33333,0.80567,7.66667,32.0,39.66667,26.0,14.0,6.66667,14.33333,18.66667,112.66667,248.33333,43.0,85.0,0.50767,11.0,25.0,0.444,14.33333,19.33333,0.75867,8.33333,34.33333,42.66667,27.33333,7.66667,4.66667,16.33333,21.66667,111.33333,0,-0.01348,0.01348,0.25835,0.22631,0.57295,0.54872,0.62664,0.60856,1547.73238,1479.48092,0.40297,0.59703,2.5458,1.69388,0.33333,240.0,42.66667,91.66667,0.46533,11.33333,31.0,0.371,14.33333,19.66667,0.722,9.33333,31.66667,41.0,26.66667,6.33333,3.66667,9.66667,21.33333,111.0,240.0,45.0,85.66667,0.52467,14.0,32.0,0.43933,21.0,26.33333,0.789,8.33333,35.66667,44.0,31.33333,6.33333,6.0,11.33333,16.0,125.0,0,0.17215,-0.17215,0.2631,0.27791,0.60631,0.52703,0.68334,0.57833,1543.409,1415.58371,0.34218,0.65782,3.22611,1.5515,1.0,,,,
240.0,40.33333,84.0,0.475,8.33333,25.33333,0.30767,14.66667,19.33333,0.762,5.66667,34.66667,40.33333,24.66667,8.0,8.0,12.33333,21.0,103.66667,240.0,36.0,83.66667,0.43067,9.0,25.0,0.364,17.0,23.0,0.74867,10.33333,35.33333,45.66667,23.33333,6.33333,5.33333,16.0,20.66667,98.0,1,-0.05383,0.05383,0.29793,0.16448,0.48456,0.52287,0.55227,0.58132,1384.8962,1623.24095,0.77849,0.22151,1.32088,5.81587,0.33333,248.33333,41.66667,90.33333,0.45967,10.66667,31.33333,0.34367,17.0,20.0,0.84867,12.66667,36.66667,49.33333,23.0,5.33333,4.33333,12.66667,22.66667,111.0,248.33333,39.33333,92.0,0.42867,12.0,32.33333,0.353,21.0,29.33333,0.71167,14.33333,32.33333,46.66667,19.33333,9.66667,2.66667,9.66667,21.33333,111.66667,1,0.01092,-0.01092,0.39143,0.42415,0.49118,0.51888,0.5687,0.58459,1589.66973,1546.65371,0.44145,0.55855,2.28675,1.80211,0.33333,,,,
240.0,35.33333,86.33333,0.409,7.0,24.33333,0.30967,16.33333,23.33333,0.69233,8.66667,34.0,42.66667,19.66667,9.0,3.33333,17.66667,23.33333,94.0,240.0,42.0,92.0,0.456,10.33333,31.66667,0.32533,19.33333,27.66667,0.70533,14.33333,39.33333,53.66667,27.0,10.0,6.66667,13.33333,17.33333,113.66667,0,0.27349,-0.27349,0.43406,0.22009,0.51255,0.44951,0.57984,0.51357,1491.40617,1280.22439,0.24618,0.75382,4.45924,1.34174,1.0,240.0,37.0,91.0,0.407,8.33333,32.66667,0.259,9.66667,13.33333,0.749,10.66667,36.66667,47.33333,18.0,7.66667,3.0,15.66667,15.0,92.0,240.0,43.33333,92.0,0.47133,18.66667,52.0,0.36133,11.33333,13.33333,0.83867,6.66667,39.66667,46.33333,26.0,10.66667,6.0,13.33333,13.66667,116.66667,0,0.34492,-0.34492,0.1806,0.26997,0.57276,0.45324,0.61476,0.49079,1737.77715,1387.04377,0.13254,0.86746,9.00846,1.15894,1.0,,,,
240.0,37.66667,86.66667,0.43367,8.33333,23.33333,0.34267,17.0,25.66667,0.68367,12.33333,29.66667,42.0,21.66667,5.33333,3.0,11.0,17.0,100.66667,240.0,42.33333,83.66667,0.50567,10.66667,31.66667,0.34833,15.0,19.66667,0.761,9.33333,36.33333,45.66667,28.0,5.66667,5.66667,13.66667,23.0,110.33333,0,0.1335,-0.1335,0.31781,0.37834,0.56982,0.48282,0.62728,0.5452,1584.01854,1558.87364,0.48456,0.51544,2.36741,2.10766,1.0,240.0,42.0,87.0,0.482,10.33333,26.66667,0.379,16.0,21.33333,0.75267,10.33333,33.33333,43.66667,23.66667,9.0,7.0,13.0,16.0,110.33333,240.0,40.66667,85.66667,0.47533,11.0,25.33333,0.429,13.66667,19.66667,0.69433,9.33333,29.0,38.33333,22.66667,7.33333,4.33333,11.33333,19.66667,106.0,0,-0.05233,0.05233,0.30245,0.37803,0.5398,0.5408,0.58961,0.60056,1543.10156,1533.36917,0.47911,0.52089,2.1222,1.94793,0.33333,,,,
240.0,39.66667,85.66667,0.46267,12.33333,36.66667,0.33133,18.66667,26.33333,0.70833,9.33333,31.33333,40.66667,21.0,6.33333,4.66667,14.33333,19.0,110.33333,240.0,46.33333,87.66667,0.528,6.0,21.66667,0.27867,19.66667,23.0,0.862,9.33333,36.0,45.33333,25.66667,10.0,6.0,12.0,19.66667,118.33333,1,0.10472,-0.10472,0.30267,0.26179,0.56264,0.53471,0.63847,0.60261,1553.17635,1493.2221,0.428,0.572,2.41802,1.7753,1.0,240.0,38.0,82.66667,0.462,12.0,33.0,0.373,20.66667,28.0,0.73133,12.33333,33.66667,46.0,24.33333,8.66667,4.0,12.66667,23.33333,108.66667,240.0,37.66667,85.66667,0.43867,11.66667,31.33333,0.37,17.66667,24.0,0.71733,11.66667,30.0,41.66667,25.0,6.0,6.0,11.33333,21.66667,104.66667,1,-0.04727,0.04727,0.35097,0.4305,0.50721,0.53504,0.57556,0.61472,1350.18545,1463.87435,0.64806,0.35194,1.5775,3.05387,0.33333,,,,
240.0,39.66667,89.0,0.44567,7.33333,22.0,0.32267,19.66667,27.33333,0.73733,13.33333,29.66667,43.0,23.0,8.0,5.66667,10.66667,21.0,106.33333,240.0,41.66667,84.33333,0.49333,8.0,22.33333,0.35433,20.33333,26.33333,0.76367,10.33333,34.33333,44.66667,27.0,6.33333,5.0,13.33333,22.66667,111.66667,0,0.0701,-0.0701,0.3523,0.41667,0.5408,0.48726,0.61963,0.5598,1523.51986,1576.30029,0.58259,0.41741,1.72305,2.41546,1.0,248.33333,37.66667,90.0,0.41733,10.33333,32.33333,0.322,14.66667,20.33333,0.686,9.0,33.0,42.0,19.33333,11.0,4.0,10.66667,22.33333,100.33333,248.33333,38.0,82.0,0.45967,8.0,30.66667,0.26267,18.66667,27.33333,0.68267,10.66667,40.0,50.66667,25.33333,5.33333,4.66667,15.66667,18.0,102.66667,0,0.03553,-0.03553,0.32796,0.22978,0.50861,0.47532,0.58047,0.52936,1495.95684,1407.51867,0.38901,0.61099,2.84025,1.68369,0.33333,,,,
240.0,36.33333,81.0,0.44733,9.33333,24.0,0.36567,10.33333,15.0,0.68267,7.66667,27.66667,35.33333,20.66667,6.66667,5.0,15.0,22.66667,92.33333,240.0,40.66667,81.66667,0.49733,13.0,31.66667,0.39833,19.0,25.66667,0.74033,8.33333,34.33333,42.66667,23.33333,8.0,5.0,12.33333,17.0,113.33333,0,0.28267,-0.28267,0.29951,0.22448,0.57528,0.50426,0.64585,0.54692,1555.48347,1342.66461,0.23573,0.76427,4.45961,1.31576,0.66667,240.0,36.33333,81.66667,0.44667,11.33333,22.33333,0.48233,21.33333,30.0,0.728,9.0,34.0,43.0,17.66667,4.33333,4.33333,10.66667,19.0,105.33333,240.0,40.33333,89.0,0.45533,9.0,30.33333,0.30067,15.66667,19.33333,0.82633,11.33333,34.33333,45.66667,22.0,7.66667,7.33333,8.66667,21.0,105.33333,0,0.00261,-0.00261,0.33319,0.26148,0.50631,0.51807,0.56716,0.6015,1592.47931,1617.68498,0.53612,0.46388,1.9354,2.30405,0.33333,,,,
240.0,33.0,87.33333,0.379,8.33333,27.66667,0.305,14.0,16.33333,0.90033,9.66667,28.66667,38.33333,18.33333,8.33333,3.66667,13.0,16.0,88.33333,240.0,40.66667,82.33333,0.49467,9.0,24.33333,0.38967,14.66667,17.33333,0.89433,8.0,39.0,47.0,24.66667,6.33333,4.33333,13.66667,16.0,105.0,1,0.26202,-0.26202,0.28125,0.25,0.54911,0.42666,0.60973,0.48582,1473.40634,1384.62489,0.39411,0.60589,2.76996,1.73932,1.0,240.0,37.33333,84.0,0.448,7.66667,26.66667,0.30067,22.66667,28.33333,0.79667,10.0,35.33333,45.33333,22.66667,7.66667,6.0,11.33333,15.0,105.0,240.0,42.0,93.0,0.452,12.0,30.66667,0.397,11.66667,15.33333,0.768,11.33333,36.33333,47.66667,28.0,6.33333,2.66667,13.33333,23.0,107.66667,1,0.04201,-0.04201,0.32344,0.27148,0.51639,0.49493,0.55886,0.58791,1415.15354,1474.31035,0.58911,0.41089,1.77526,2.64187,0.33333,,,,
240.0,42.0,87.33333,0.48033,12.0,27.66667,0.43433,20.66667,29.33333,0.707,10.33333,30.0,40.33333,24.33333,8.66667,6.33333,12.33333,21.66667,116.66667,240.0,39.66667,85.0,0.469,13.66667,32.33333,0.42667,17.66667,21.0,0.85133,10.66667,32.66667,43.33333,26.33333,5.33333,3.66667,17.0,24.66667,110.66667,0,-0.07249,0.07249,0.35794,0.35617,0.54967,0.54867,0.61945,0.62086,1540.74803,1584.25235,0.54438,0.45562,2.06839,2.7315,0.33333,248.33333,36.0,81.66667,0.43867,7.33333,24.0,0.29033,15.66667,20.33333,0.76433,5.33333,29.66667,35.0,22.66667,9.33333,5.33333,14.0,21.0,95.0,248.33333,39.66667,84.33333,0.469,7.33333,21.0,0.35467,17.0,22.0,0.76267,11.33333,35.0,46.33333,21.0,7.33333,7.33333,14.0,20.66667,103.66667,0,0.13903,-0.13903,0.38813,0.16188,0.5127,0.48223,0.57914,0.54653,1573.40172,1585.07574,0.52811,0.47189,1.91672,2.15474,1.0,,,,
240.0,33.0,81.33333,0.40533,8.0,25.33333,0.31567,14.33333,17.33333,0.86367,7.66667,28.33333,36.0,17.66667,8.0,3.0,16.0,18.33333,88.33333,240.0,39.0,81.66667,0.47867,8.33333,20.66667,0.40767,18.66667,22.0,0.85,10.66667,35.66667,46.33333,21.66667,8.66667,4.33333,14.33333,18.0,105.0,0,0.26202,-0.26202,0.37512,0.21704,0.52941,0.45497,0.60743,0.51738,1467.09284,1393.10628,0.41485,0.58515,2.71296,1.87239,1.0,240.0,43.33333,90.33333,0.481,13.66667,35.33333,0.39433,16.0,22.66667,0.70633,8.0,37.33333,45.33333,30.33333,7.33333,6.66667,10.66667,20.0,116.33333,240.0,38.33333,92.66667,0.416,12.66667,35.33333,0.36467,15.66667,21.66667,0.718,11.33333,39.33333,50.66667,26.66667,6.33333,3.66667,14.0,22.0,105.0,0,-0.14821,0.14821,0.31434,0.20642,0.48552,0.55748,0.54239,0.61159,1339.20993,1573.23914,0.78191,0.21809,1.28574,4.9252,0.0,,,,
240.0,35.33333,92.0,0.38367,8.33333,32.66667,0.25367,12.0,17.33333,0.67467,13.66667,34.66667,48.33333,21.0,9.33333,2.33333,16.0,18.66667,91.0,240.0,40.33333,87.33333,0.462,13.66667,42.0,0.31867,18.33333,21.0,0.869,9.33333,37.0,46.33333,27.0,9.33333,6.66667,13.33333,15.33333,112.66667,1,0.30661,-0.30661,0.2771,0.36937,0.53925,0.42858,0.61253,0.47471,1581.31461,1328.68647,0.22075,0.77925,6.16243,1.30414,1.0,240.0,39.33333,88.33333,0.44533,11.33333,33.33333,0.333,19.33333,24.0,0.80833,10.66667,37.66667,48.33333,26.33333,9.0,4.0,12.66667,18.0,109.33333,240.0,38.0,89.0,0.42733,10.66667,31.33333,0.34167,15.66667,21.66667,0.73,10.66667,35.33333,46.0,26.66667,7.66667,5.0,12.66667,18.33333,102.33333,1,-0.09234,0.09234,0.30149,0.30556,0.48735,0.50958,0.54646,0.58423,1381.61144,1426.2654,0.54784,0.45216,2.01688,2.64995,0.33333,,,,
240.0,43.66667,85.66667,0.513,11.0,24.66667,0.443,17.66667,23.33333,0.75033,11.0,30.0,41.0,22.33333,7.66667,3.66667,13.66667,17.33333,116.0,240.0,44.66667,92.0,0.48567,11.66667,31.0,0.369,10.66667,15.0,0.71133,11.66667,29.33333,41.0,27.33333,6.33333,4.33333,12.33333,19.66667,111.66667,1,-0.05216,0.05216,0.39428,0.38714,0.54917,0.57805,0.58599,0.6415,1558.91621,1537.75216,0.46145,0.53855,2.39791,1.95555,0.33333,240.0,43.33333,93.0,0.46467,14.0,32.0,0.43967,13.0,14.66667,0.887,10.33333,35.33333,45.66667,25.0,10.0,8.66667,10.66667,18.66667,113.66667,240.0,36.33333,84.33333,0.43267,10.0,31.0,0.33567,14.33333,22.66667,0.622,10.66667,35.33333,46.0,20.66667,5.66667,6.0,17.66667,17.66667,97.0,1,-0.22997,0.22997,0.30134,0.29161,0.49262,0.54037,0.54484,0.59011,1281.45681,1560.8644,0.81803,0.18197,1.23167,6.22117,0.0,,,,
240.0,41.33333,91.33333,0.45567,9.0,32.0,0.28167,14.33333,19.66667,0.774,14.33333,30.33333,44.66667,18.33333,8.66667,7.33333,11.66667,18.66667,106.0,240.0,40.33333,87.33333,0.46167,8.33333,25.33333,0.32767,16.33333,21.66667,0.77167,11.66667,34.66667,46.33333,22.33333,6.33333,5.66667,13.66667,20.66667,105.33333,0,-0.00907,0.00907,0.38423,0.43874,0.51076,0.50499,0.57304,0.55802,1478.69193,1591.45007,0.64478,0.35522,1.60928,3.2749,0.33333,240.0,38.66667,87.33333,0.44367,10.66667,26.33333,0.40467,16.66667,20.66667,0.83667,9.0,39.33333,48.33333,22.33333,10.33333,5.33333,11.0,15.33333,104.66667,240.0,38.66667,87.33333,0.444,13.33333,33.66667,0.40567,10.0,13.33333,0.74567,6.33333,38.0,44.33333,22.0,6.66667,6.0,13.33333,18.33333,100.66667,0,-0.05359,0.05359,0.17267,0.24096,0.52049,0.50441,0.55869,0.5706,1451.55858,1549.9031,0.63446,0.36554,1.58723,2.78598,0.0,,,,
240.0,38.0,86.33333,0.43933,8.33333,21.66667,0.376,12.33333,17.0,0.69233,11.0,33.0,44.0,20.66667,5.0,2.33333,13.0,18.66667,96.66667,240.0,40.0,83.66667,0.47833,10.66667,33.0,0.32833,15.66667,21.66667,0.724,9.66667,35.66667,45.33333,25.0,6.66667,4.66667,13.33333,18.33333,106.33333,0,0.13877,-0.13877,0.29346,0.34764,0.54236,0.48865,0.60195,0.53674,1593.33864,1551.461,0.45946,0.54054,2.46352,2.00145,1.0,240.0,39.0,86.33333,0.45133,11.66667,26.66667,0.42433,14.0,16.0,0.87033,9.0,31.0,40.0,25.0,7.0,6.66667,13.0,17.66667,103.66667,240.0,38.33333,80.33333,0.48033,10.0,22.33333,0.43867,15.33333,20.0,0.75967,9.33333,34.0,43.33333,27.33333,7.33333,3.66667,15.0,18.0,102.0,0,-0.02452,0.02452,0.2947,0.26974,0.54346,0.51952,0.606,0.57708,1541.82651,1490.17428,0.42782,0.57218,2.41414,1.77471,0.33333,,,,
240.0,39.0,83.0,0.47167,11.66667,33.0,0.36667,12.66667,18.0,0.72833,5.33333,36.66667,42.0,22.66667,6.66667,3.0,14.66667,16.66667,102.33333,240.0,44.66667,91.0,0.49133,15.0,37.33333,0.406,12.33333,14.33333,0.876,7.66667,35.0,42.66667,29.66667,8.0,3.66667,10.33333,16.33333,116.66667,0,0.19034,-0.19034,0.20881,0.15057,0.57389,0.54284,0.61988,0.59124,1646.04204,1330.33037,0.15023,0.84977,7.46745,1.18035,1.0,248.33333,34.33333,88.66667,0.387,6.66667,29.0,0.22367,18.33333,24.33333,0.74633,11.0,35.33333,46.33333,20.66667,9.66667,3.66667,15.66667,20.33333,93.66667,248.33333,39.0,85.0,0.45933,7.66667,24.33333,0.327,17.66667,21.66667,0.80967,8.66667,37.66667,46.33333,21.0,7.66667,7.33333,16.33333,21.0,103.33333,0,0.15356,-0.15356,0.24815,0.29732,0.50514,0.42392,0.57726,0.49652,1528.09832,1408.65664,0.35757,0.64243,3.05301,1.60609,0.66667,,,,
240.0,37.33333,79.33333,0.47467,12.66667,24.0,0.533,13.66667,17.0,0.81867,8.0,32.33333,40.33333,22.33333,10.0,2.33333,14.33333,16.0,101.0,240.0,36.0,81.66667,0.44067,9.33333,31.33333,0.295,12.33333,16.66667,0.77867,10.0,32.0,42.0,20.33333,7.33333,4.0,15.0,17.33333,93.66667,0,-0.10815,0.10815,0.30979,0.24074,0.49804,0.55454,0.54888,0.61142,1390.80934,1580.5339,0.71835,0.28165,1.49928,4.87136,0.0,240.0,41.66667,87.66667,0.476,10.33333,27.66667,0.356,22.0,26.0,0.84433,14.66667,33.33333,48.0,21.66667,7.66667,3.0,16.66667,19.33333,115.66667,240.0,44.33333,87.66667,0.50467,9.33333,26.0,0.36033,18.0,22.33333,0.778,8.66667,29.33333,38.0,30.33333,9.33333,6.33333,12.0,20.66667,116.0,0,0.00667,-0.00667,0.26026,0.52762,0.55827,0.53576,0.62603,0.62071,1478.01928,1484.24005,0.50797,0.49203,2.16829,2.18357,0.66667,,,,
240.0,32.33333,87.66667,0.36867,9.33333,34.66667,0.26267,15.33333,22.0,0.68433,12.66667,38.66667,51.33333,17.33333,9.66667,4.33333,17.33333,17.66667,89.33333,240.0,36.33333,89.66667,0.40733,10.66667,41.0,0.25133,17.66667,19.66667,0.901,9.33333,39.0,48.33333,21.33333,11.0,6.0,13.0,17.66667,101.0,0,0.16167,-0.16167,0.239,0.32851,0.46619,0.42248,0.53892,0.48317,1548.6385,1327.9364,0.25119,0.74881,5.944,1.38274,0.66667,256.66667,39.33333,87.33333,0.44967,10.0,31.33333,0.32467,19.0,26.33333,0.726,10.0,37.33333,47.33333,23.66667,5.66667,5.66667,15.66667,24.0,107.66667,256.66667,41.33333,91.33333,0.45133,10.66667,26.33333,0.41167,18.0,22.0,0.82867,9.66667,36.0,45.66667,23.66667,7.0,4.33333,13.0,23.0,111.33333,0,0.05164,-0.05164,0.25939,0.2834,0.50943,0.50639,0.57788,0.577,1587.78187,1602.35207,0.52896,0.47104,1.94713,2.21207,0.66667,,,,
248.33333,37.66667,86.33333,0.43633,13.0,37.0,0.348,17.0,24.33333,0.695,7.0,36.66667,43.66667,25.33333,7.33333,5.33333,13.66667,18.66667,105.33333,248.33333,44.33333,92.66667,0.479,9.0,23.0,0.39867,13.66667,18.33333,0.74733,9.33333,40.66667,50.0,24.0,6.66667,6.66667,12.33333,20.66667,111.33333,1,0.08062,-0.08062,0.25314,0.18886,0.52765,0.51231,0.57619,0.57411,1518.60318,1399.05723,0.34891,0.65109,3.34477,1.60886,0.33333,240.0,41.33333,86.33333,0.47933,8.66667,23.33333,0.34633,19.33333,24.66667,0.787,15.33333,30.33333,45.66667,20.33333,8.66667,3.66667,16.0,16.66667,110.66667,240.0,45.0,85.33333,0.527,7.33333,24.33333,0.297,13.33333,18.66667,0.714,8.66667,28.33333,37.0,29.0,7.33333,5.33333,13.0,20.33333,110.66667,1,0.00504,-0.00504,0.28804,0.5556,0.57002,0.53007,0.61876,0.60383,1478.18084,1566.41104,0.62114,0.37886,1.6144,2.65784,0.66667,,,,
240.0,35.33333,87.66667,0.406,7.0,21.33333,0.30967,24.33333,34.33333,0.69533,15.0,43.66667,58.66667,20.33333,6.33333,2.66667,14.33333,14.66667,102.0,240.0,38.33333,90.66667,0.42333,14.33333,39.0,0.36867,12.33333,17.33333,0.718,8.66667,38.66667,47.33333,24.66667,9.0,7.0,12.0,27.0,103.33333,0,0.02147,-0.02147,0.20719,0.39607,0.50253,0.44603,0.54762,0.53699,1466.82793,1489.35119,0.53541,0.46459,1.90904,2.20743,0.33333,240.0,43.66667,83.66667,0.52167,14.33333,31.66667,0.446,14.0,15.66667,0.90267,7.0,32.33333,39.33333,29.33333,7.33333,5.66667,12.66667,15.0,115.66667,240.0,39.33333,86.0,0.45867,14.33333,32.66667,0.44433,13.66667,16.66667,0.797,10.66667,31.0,41.66667,26.66667,7.33333,2.33333,15.33333,20.0,106.66667,0,-0.1024,0.1024,0.341,0.23412,0.54271,0.60719,0.59665,0.66306,1346.90431,1514.82692,0.73055,0.26945,1.3733,3.79707,0.33333,,,,
240.0,39.66667,86.33333,0.459,9.66667,30.33333,0.31133,15.66667,21.66667,0.714,11.33333,33.66667,45.0,21.66667,5.66667,2.66667,12.66667,17.66667,104.66667,240.0,38.66667,84.0,0.461,14.0,33.33333,0.41333,15.66667,20.33333,0.76367,9.0,33.33333,42.33333,27.0,7.0,5.0,11.66667,20.66667,107.0,1,0.05342,-0.05342,0.27251,0.34041,0.54358,0.51447,0.60502,0.57302,1430.8306,1503.64416,0.61235,0.38765,1.66263,2.67712,0.33333,248.33333,42.0,88.66667,0.46833,10.33333,26.66667,0.36167,13.0,17.0,0.79933,8.33333,29.66667,38.0,21.66667,6.33333,3.66667,14.33333,25.33333,107.33333,248.33333,48.0,90.66667,0.529,14.33333,33.33333,0.42467,22.66667,27.33333,0.829,9.66667,36.0,45.66667,24.66667,8.66667,4.33333,11.33333,15.66667,133.0,1,0.33626,-0.33626,0.32644,0.23503,0.60795,0.52729,0.68729,0.57781,1500.0857,1352.88966,0.31422,0.68578,3.29649,1.46876,1.0,,,,
240.0,39.66667,81.66667,0.484,12.33333,35.0,0.353,15.33333,20.66667,0.724,8.33333,33.0,41.33333,24.66667,4.0,6.0,12.66667,19.66667,107.0,240.0,41.33333,85.33333,0.48967,10.33333,22.0,0.46567,16.33333,20.0,0.75767,7.33333,32.33333,39.66667,23.0,7.33333,4.66667,8.66667,19.0,109.33333,0,0.02409,-0.02409,0.21551,0.26299,0.55138,0.55909,0.6139,0.61749,1494.13951,1690.71921,0.75181,0.24819,1.34723,4.58706,0.66667,240.0,37.66667,85.0,0.44167,10.33333,30.33333,0.34133,9.0,12.33333,0.78067,6.0,32.33333,38.33333,21.33333,6.0,3.0,14.33333,20.66667,94.66667,240.0,41.66667,90.0,0.46167,9.66667,26.33333,0.372,15.33333,20.66667,0.74067,11.33333,38.33333,49.66667,22.0,7.33333,2.33333,11.66667,13.33333,108.33333,0,0.19261,-0.19261,0.35869,0.15798,0.51555,0.5031,0.57194,0.53954,1509.00697,1406.41826,0.37734,0.62266,2.99724,1.65997,1.0,,,,
240.0,33.66667,81.0,0.416,13.33333,40.33333,0.332,13.66667,18.33333,0.77533,4.66667,35.66667,40.33333,19.0,7.33333,4.33333,11.66667,19.66667,94.33333,240.0,36.33333,85.0,0.42967,8.66667,27.33333,0.319,18.0,24.66667,0.73867,9.0,39.0,48.0,23.66667,6.33333,4.0,12.0,16.66667,99.33333,0,0.07751,-0.07751,0.25214,0.11905,0.4811,0.49836,0.55199,0.55465,1435.00663,1448.57218,0.52593,0.47407,2.0054,2.32104,0.66667,240.0,35.33333,86.66667,0.407,11.0,34.66667,0.31167,18.33333,23.66667,0.77633,10.66667,36.66667,47.33333,21.66667,10.33333,4.66667,12.66667,18.66667,100.0,240.0,36.0,90.0,0.40167,9.66667,33.33333,0.30033,15.33333,19.0,0.82767,12.33333,38.66667,51.0,23.33333,8.0,5.66667,13.33333,18.0,97.0,0,-0.0478,0.0478,0.34487,0.27972,0.45585,0.47101,0.51681,0.54406,1379.97188,1335.11619,0.43244,0.56756,2.37319,1.79017,0.33333,,,,
240.0,37.0,84.0,0.44433,7.66667,20.33333,0.40967,24.0,30.0,0.804,9.66667,34.33333,44.0,21.33333,5.33333,3.66667,14.66667,19.33333,105.66667,240.0,43.66667,92.0,0.474,10.33333,30.33333,0.337,16.0,22.33333,0.758,10.33333,34.33333,44.66667,30.0,9.66667,6.0,10.0,24.33333,113.66667,1,0.10324,-0.10324,0.33825,0.28444,0.53093,0.49156,0.58636,0.589,1529.11629,1575.21745,0.58389,0.41611,1.76746,2.58132,0.66667,240.0,40.0,87.66667,0.45767,13.66667,33.0,0.424,15.0,19.66667,0.78067,9.0,39.66667,48.66667,24.66667,8.66667,5.0,11.66667,18.33333,108.66667,240.0,37.0,90.0,0.41367,11.33333,34.66667,0.32833,12.0,17.0,0.71133,10.0,36.66667,46.66667,23.66667,6.66667,5.0,12.0,18.66667,97.33333,1,-0.16729,0.16729,0.26533,0.24652,0.47777,0.53628,0.52305,0.59287,1455.90209,1599.00974,0.67943,0.32057,1.50332,3.47158,0.0,,,,
240.0,38.33333,86.0,0.44533,13.66667,32.0,0.42567,17.0,22.0,0.83033,8.66667,29.66667,38.33333,26.0,7.0,7.66667,12.0,17.66667,107.33333,240.0,43.66667,87.66667,0.497,13.33333,30.33333,0.44333,11.66667,16.0,0.73733,10.33333,35.0,45.33333,32.0,5.0,8.0,14.33333,22.33333,112.33333,1,0.06086,-0.06086,0.35269,0.25737,0.57365,0.52476,0.61522,0.59092,1616.16709,1538.56441,0.40145,0.59855,2.61325,1.70425,0.66667,240.0,39.33333,87.66667,0.44867,11.0,30.0,0.37367,17.0,20.66667,0.824,14.0,32.0,46.0,21.0,7.33333,3.66667,14.66667,20.66667,106.66667,240.0,39.66667,87.33333,0.45267,9.0,28.33333,0.316,22.0,27.66667,0.799,14.0,31.33333,45.33333,21.0,11.0,5.33333,11.66667,20.66667,110.33333,1,0.04764,-0.04764,0.43808,0.48305,0.50405,0.5115,0.58989,0.57847,1587.18376,1550.02969,0.45277,0.54723,2.22774,1.83799,0.66667,,,,
240.0,40.33333,82.33333,0.48967,8.33333,25.0,0.329,14.0,17.66667,0.77633,10.0,27.33333,37.33333,22.66667,9.0,3.33333,10.0,14.33333,103.0,240.0,39.66667,82.0,0.48567,9.0,24.33333,0.35767,7.66667,10.66667,0.70667,11.66667,28.0,39.66667,24.0,4.33333,5.66667,15.66667,20.0,96.0,0,-0.10637,0.10637,0.42296,0.37651,0.54164,0.54028,0.57181,0.5968,1481.77277,1529.87361,0.54378,0.45622,2.03352,2.75347,0.0,248.33333,42.66667,94.33333,0.45233,10.66667,30.33333,0.359,18.0,23.33333,0.756,9.0,32.33333,41.33333,27.33333,6.66667,2.66667,7.66667,26.0,114.0,248.33333,44.33333,88.0,0.504,12.66667,33.66667,0.38,24.66667,31.66667,0.768,11.66667,39.33333,51.0,30.33333,3.66667,6.66667,13.0,18.33333,126.0,0,0.14762,-0.14762,0.35685,0.23164,0.57603,0.50863,0.6639,0.57258,1541.68307,1412.20462,0.33695,0.66305,3.2542,1.53531,1.0,,,,
248.33333,42.33333,92.33333,0.46067,10.33333,32.66667,0.33067,13.66667,19.0,0.72467,12.66667,40.33333,53.0,22.66667,9.66667,8.0,10.66667,16.0,108.66667,248.33333,37.33333,93.33333,0.40167,10.66667,38.0,0.29633,13.66667,20.0,0.70867,11.0,36.0,47.0,24.0,4.66667,4.0,15.0,17.66667,99.0,1,-0.13482,0.13482,0.27617,0.34897,0.45825,0.51657,0.50786,0.56534,1471.19349,1472.70556,0.50523,0.49477,2.86316,2.46907,0.33333,240.0,42.0,89.66667,0.47067,8.33333,22.33333,0.35067,23.33333,31.0,0.74133,15.0,38.0,53.0,21.33333,6.33333,2.33333,13.33333,23.33333,115.66667,240.0,37.66667,82.66667,0.459,15.33333,38.0,0.40333,21.66667,29.0,0.74167,8.66667,33.0,41.66667,25.33333,6.0,7.66667,14.33333,27.0,112.33333,1,-0.043,0.043,0.23225,0.44583,0.55353,0.51773,0.63682,0.60224,1402.12043,1451.11174,0.56346,0.43654,1.83691,2.3967,0.33333,,,,
240.0,44.0,92.66667,0.475,12.33333,35.66667,0.35133,12.33333,15.66667,0.79467,9.0,42.0,51.0,33.33333,10.66667,5.33333,15.0,19.0,112.66667,240.0,35.33333,91.33333,0.38833,9.33333,34.0,0.278,17.0,23.66667,0.699,10.33333,36.0,46.33333,22.33333,9.0,4.66667,14.0,15.33333,97.0,1,-0.21358,0.21358,0.24657,0.25456,0.43995,0.54183,0.50582,0.58678,1394.0452,1624.84206,0.77239,0.22761,1.30298,4.76971,0.0,240.0,38.66667,90.33333,0.42967,7.66667,30.0,0.25433,12.66667,16.33333,0.75567,10.66667,34.0,44.66667,28.0,7.33333,4.66667,12.33333,19.66667,97.66667,240.0,42.66667,90.33333,0.474,11.66667,32.0,0.35367,13.66667,17.66667,0.772,10.66667,37.0,47.66667,26.66667,6.33333,4.0,12.0,17.0,110.66667,1,0.18096,-0.18096,0.32216,0.29377,0.53834,0.47136,0.58928,0.5213,1479.64412,1453.23108,0.48554,0.51446,2.19768,2.03429,1.0,,,,
240.0,37.33333,80.0,0.46433,6.66667,24.66667,0.26,18.0,22.66667,0.79167,4.66667,34.66667,39.33333,24.0,8.33333,6.66667,12.66667,22.33333,99.33333,240.0,34.66667,87.33333,0.39733,8.33333,29.66667,0.29033,19.66667,25.66667,0.771,14.66667,36.33333,51.0,20.33333,6.33333,4.66667,15.0,21.0,97.33333,0,-0.00948,0.00948,0.42538,0.12913,0.44524,0.50535,0.52305,0.58017,1484.66384,1612.7093,0.66013,0.33987,1.57841,3.77491,0.33333,248.33333,40.33333,82.66667,0.49067,10.66667,31.33333,0.34233,12.33333,17.0,0.732,8.66667,30.66667,39.33333,25.33333,6.0,3.0,14.66667,19.33333,103.66667,248.33333,43.33333,90.0,0.48167,8.33333,25.0,0.32967,15.66667,18.0,0.87133,11.0,34.66667,45.66667,25.0,9.0,5.66667,10.66667,16.33333,110.66667,0,0.09465,-0.09465,0.36792,0.24977,0.52786,0.55498,0.58919,0.60241,1516.83055,1511.83912,0.50313,0.49687,1.98987,2.01511,1.0,,,,
240.0,40.0,83.33333,0.48367,16.66667,37.33333,0.45033,20.33333,27.66667,0.73933,9.33333,29.66667,39.0,21.66667,6.0,6.33333,9.0,22.66667,117.0,240.0,42.0,83.33333,0.50367,9.66667,24.0,0.40867,17.0,21.66667,0.809,10.0,31.66667,41.66667,20.66667,5.66667,5.33333,10.66667,21.0,110.66667,0,-0.07956,0.07956,0.3548,0.29484,0.56176,0.58504,0.6274,0.65864,1548.53072,1727.82243,0.73147,0.26853,1.37319,3.87492,0.0,248.33333,38.33333,85.33333,0.44867,10.0,27.66667,0.36,16.33333,22.0,0.73667,8.0,29.33333,37.33333,23.33333,10.66667,3.33333,14.0,20.66667,103.0,248.33333,40.0,84.0,0.475,9.0,23.66667,0.37833,19.33333,25.0,0.769,12.33333,34.0,46.33333,21.33333,9.66667,7.66667,14.66667,20.0,108.33333,0,0.07577,-0.07577,0.4217,0.2419,0.52896,0.50701,0.60386,0.56939,1571.73455,1572.18507,0.50377,0.49623,1.99191,2.022,1.0,,,,
240.0,36.33333,84.33333,0.43167,7.33333,29.0,0.25833,12.0,14.33333,0.85,9.0,29.33333,38.33333,27.33333,8.33333,4.66667,14.33333,15.66667,92.0,240.0,41.0,81.66667,0.502,10.33333,26.0,0.373,12.33333,17.0,0.72133,9.33333,32.66667,42.0,25.66667,7.66667,4.66667,16.0,16.0,104.66667,0,0.1838,-0.1838,0.32589,0.27647,0.56531,0.47516,0.61301,0.52681,1471.34981,1534.65109,0.6132,0.3868,1.70376,2.94257,1.0,240.0,38.0,87.0,0.43767,10.33333,36.33333,0.28867,9.66667,13.66667,0.72967,9.33333,38.0,47.33333,19.33333,7.0,2.66667,16.0,17.33333,96.0,240.0,40.0,88.0,0.454,17.33333,49.0,0.35633,16.0,20.33333,0.81867,7.66667,35.66667,43.33333,26.0,10.33333,5.66667,10.33333,12.0,113.33333,0,0.2412,-0.2412,0.20175,0.26297,0.55205,0.49739,0.61263,0.53467,1739.55738,1309.63891,0.08011,0.91989,12.84013,1.08729,1.0,,,,
248.33333,37.0,93.33333,0.396,13.66667,36.33333,0.37667,15.66667,18.33333,0.83967,11.66667,34.0,45.66667,23.66667,7.66667,3.0,11.66667,22.0,103.33333,248.33333,38.66667,84.66667,0.45367,8.33333,23.0,0.37167,20.66667,26.66667,0.77867,9.0,38.66667,47.66667,20.66667,6.0,4.0,14.0,20.33333,106.33333,0,0.03894,-0.03894,0.26666,0.30647,0.50322,0.46891,0.5854,0.52987,1463.87762,1505.54169,0.55407,0.44593,1.933,2.60075,0.66667,240.0,38.33333,80.33333,0.47933,10.0,30.33333,0.334,16.66667,21.66667,0.75567,12.33333,33.0,45.33333,21.33333,4.0,4.66667,15.66667,19.0,103.33333,240.0,42.0,91.0,0.462,8.0,25.33333,0.311,14.0,16.66667,0.83667,11.33333,28.66667,40.0,22.0,9.0,3.66667,7.66667,19.0,106.0,0,0.03556,-0.03556,0.35777,0.45373,0.50599,0.54193,0.56071,0.60967,1514.30451,1574.89483,0.58496,0.41504,1.76862,2.64933,0.66667,,,,
248.33333,42.33333,89.0,0.474,11.33333,30.66667,0.37,17.33333,23.0,0.80133,10.33333,34.66667,45.0,26.66667,6.66667,6.0,13.66667,20.33333,113.33333,248.33333,46.0,97.0,0.47767,15.33333,35.66667,0.42833,13.33333,20.33333,0.68467,13.66667,33.0,46.66667,31.0,8.33333,8.0,11.33333,22.66667,120.66667,1,0.09404,-0.09404,0.3971,0.32097,0.5559,0.53782,0.59745,0.60152,1632.86456,1534.4624,0.37509,0.62491,2.73832,1.61313,0.66667,240.0,39.66667,85.66667,0.463,8.33333,25.0,0.329,18.66667,24.0,0.77167,11.0,30.0,41.0,23.66667,11.0,8.33333,12.66667,18.33333,106.33333,240.0,39.66667,83.33333,0.476,9.66667,23.0,0.403,18.33333,25.0,0.711,10.66667,30.66667,41.33333,22.66667,7.33333,4.0,13.33333,21.66667,107.33333,1,0.01479,-0.01479,0.37201,0.38438,0.5337,0.51165,0.60418,0.58433,1544.97007,1532.27985,0.48119,0.51881,2.11559,1.95871,0.66667,,,,
240.0,37.0,90.0,0.412,6.66667,24.0,0.277,18.33333,23.66667,0.78967,10.33333,37.66667,48.0,18.33333,7.0,3.33333,10.33333,19.66667,99.0,240.0,38.33333,87.66667,0.43733,11.66667,33.66667,0.35,15.66667,21.66667,0.739,8.66667,39.33333,48.0,25.33333,5.66667,7.33333,13.0,21.0,104.0,1,0.0651,-0.0651,0.23477,0.26613,0.504,0.44936,0.56127,0.52045,1530.9084,1565.95769,0.5549,0.4451,1.84234,2.33812,0.66667,256.66667,40.66667,94.33333,0.43067,9.0,25.33333,0.354,16.33333,23.0,0.675,12.0,32.0,44.0,22.0,10.0,5.33333,10.66667,21.66667,106.66667,256.66667,41.66667,85.0,0.486,9.33333,27.66667,0.35233,16.33333,22.66667,0.731,9.66667,39.33333,49.0,27.66667,4.66667,4.0,15.0,20.0,109.0,1,0.02755,-0.02755,0.30234,0.30716,0.54065,0.47836,0.60222,0.53492,1498.34544,1450.94498,0.44954,0.55046,2.62826,1.98408,0.33333,,,,
240.0,39.66667,84.33333,0.47067,11.0,25.0,0.43467,8.33333,12.0,0.69467,7.66667,29.0,36.66667,23.0,7.66667,4.33333,14.33333,21.0,98.66667,240.0,37.33333,79.0,0.47433,10.66667,31.0,0.34533,19.0,25.0,0.763,7.33333,32.0,39.33333,24.33333,7.66667,4.33333,14.0,16.33333,104.33333,0,0.07599,-0.07599,0.25389,0.23876,0.5419,0.53607,0.61804,0.56776,1589.19085,1341.942,0.19437,0.80563,5.15637,1.24142,0.66667,240.0,42.66667,95.66667,0.44833,12.0,34.0,0.34633,16.33333,21.0,0.802,12.66667,33.33333,46.0,21.0,9.33333,4.66667,14.66667,19.66667,113.66667,240.0,44.33333,90.66667,0.48733,7.0,26.66667,0.25367,16.0,19.66667,0.82867,8.66667,38.0,46.66667,28.0,9.66667,5.66667,15.33333,19.33333,111.66667,0,-0.0295,0.0295,0.26609,0.32654,0.52726,0.51252,0.58734,0.57075,1503.84991,1557.30537,0.57512,0.42488,1.76817,2.41368,0.33333,,,,
248.33333,43.66667,87.33333,0.50033,11.66667,28.33333,0.412,17.33333,21.0,0.83633,8.0,32.0,40.0,27.66667,9.0,5.66667,13.33333,19.33333,116.33333,248.33333,42.33333,89.33333,0.47433,10.0,21.33333,0.44767,14.33333,17.0,0.846,11.0,30.66667,41.66667,22.33333,7.66667,7.0,12.66667,20.0,109.0,1,-0.10457,0.10457,0.34209,0.27843,0.53119,0.56685,0.58567,0.63257,1547.09745,1589.48066,0.54009,0.45991,1.91378,2.29512,0.33333,240.0,40.33333,84.66667,0.47933,12.0,27.33333,0.43267,15.33333,19.33333,0.767,7.33333,30.33333,37.66667,24.0,7.33333,3.66667,14.33333,22.33333,108.0,240.0,42.0,85.0,0.49133,10.33333,26.33333,0.38867,19.66667,23.0,0.85333,6.66667,31.33333,38.0,25.66667,7.0,4.33333,12.66667,18.66667,114.0,1,0.06656,-0.06656,0.22071,0.23007,0.55177,0.55183,0.63043,0.61134,1571.77787,1401.11134,0.28747,0.71253,3.97812,1.44628,0.66667,,,,
240.0,39.0,91.66667,0.42633,7.66667,21.0,0.36133,9.66667,11.33333,0.84033,10.33333,36.33333,46.66667,20.66667,7.0,5.0,13.66667,17.0,95.33333,240.0,41.66667,94.0,0.44533,11.66667,32.33333,0.35633,11.33333,14.0,0.79267,9.66667,38.66667,48.33333,20.0,8.66667,7.0,13.0,15.0,106.33333,1,0.15656,-0.15656,0.25921,0.26595,0.50769,0.46845,0.54995,0.50772,1595.15021,1495.49639,0.37542,0.62458,3.00096,1.65372,1.0,240.0,37.66667,85.33333,0.44467,11.0,24.33333,0.45367,16.0,20.66667,0.80633,10.33333,34.66667,45.0,23.33333,7.33333,4.0,14.33333,20.0,102.33333,240.0,36.33333,82.0,0.44367,9.33333,28.66667,0.33,14.66667,23.33333,0.628,8.66667,37.33333,46.0,17.66667,9.0,4.66667,14.33333,20.0,96.66667,1,-0.07919,0.07919,0.24951,0.28728,0.50022,0.50861,0.55522,0.57166,1269.65159,1474.76541,0.74033,0.25967,1.41285,4.96673,0.33333,,,,
240.0,40.33333,86.0,0.468,10.33333,26.0,0.40433,19.0,28.0,0.676,10.66667,31.33333,42.0,21.66667,9.33333,3.66667,15.0,22.33333,110.0,240.0,38.66667,83.0,0.46733,13.66667,32.33333,0.42667,18.33333,23.0,0.818,11.0,32.66667,43.66667,25.0,8.0,4.0,17.33333,22.33333,109.33333,1,-0.00232,0.00232,0.34993,0.36598,0.54967,0.52807,0.62217,0.59509,1613.35604,1587.80033,0.46087,0.53913,2.26792,1.90173,0.66667,240.0,40.33333,95.0,0.42633,11.33333,31.0,0.35567,16.0,18.66667,0.87667,13.0,32.0,45.0,18.0,9.33333,5.0,13.33333,19.33333,108.0,240.0,43.0,89.33333,0.478,6.0,23.66667,0.255,17.0,20.0,0.86,9.66667,39.0,48.66667,23.66667,6.66667,8.33333,14.33333,19.0,109.0,1,0.01355,-0.01355,0.30404,0.32541,0.51289,0.48728,0.58035,0.54813,1506.04598,1532.63857,0.53734,0.46266,1.88672,2.20832,0.66667,,,,
248.33333,39.0,89.0,0.43833,14.66667,34.33333,0.42667,14.33333,17.0,0.83667,8.33333,36.33333,44.66667,25.66667,7.66667,4.66667,12.66667,20.66667,107.0,248.33333,37.66667,88.0,0.42833,8.33333,26.33333,0.31867,17.66667,23.66667,0.73833,10.66667,39.33333,50.0,21.0,8.0,4.66667,14.33333,18.66667,101.33333,0,-0.08521,0.08521,0.30114,0.21301,0.4754,0.5203,0.54371,0.57682,1476.92381,1520.37779,0.55272,0.44728,1.94055,2.60811,0.66667,240.0,38.66667,82.66667,0.46833,10.33333,28.66667,0.36933,19.0,24.0,0.77167,9.0,38.0,47.0,25.0,7.0,5.33333,11.33333,14.0,106.66667,240.0,37.66667,89.66667,0.419,9.66667,28.0,0.34167,10.33333,13.66667,0.763,8.66667,32.66667,41.33333,24.33333,6.0,3.33333,11.66667,20.66667,95.33333,0,-0.18061,0.18061,0.23193,0.27479,0.47202,0.53092,0.51231,0.60855,1401.71256,1485.71955,0.59664,0.40336,1.73707,2.66629,0.0,,,,
240.0,41.66667,91.66667,0.455,12.66667,37.33333,0.34033,16.33333,23.66667,0.70067,13.0,41.0,54.0,31.0,8.33333,4.66667,15.0,18.0,112.33333,240.0,39.33333,93.0,0.42667,8.0,30.66667,0.26133,13.0,20.33333,0.64267,10.0,37.66667,47.66667,25.33333,9.0,3.66667,12.66667,19.33333,99.66667,1,-0.17321,0.17321,0.24392,0.35522,0.4695,0.52445,0.51451,0.58032,1366.82603,1607.20537,0.78896,0.21104,1.27133,4.98878,0.0,248.33333,43.0,92.0,0.461,8.0,25.33333,0.305,14.33333,17.33333,0.85467,10.33333,28.66667,39.0,20.0,6.33333,3.0,11.66667,23.33333,108.33333,248.33333,46.33333,87.0,0.53133,11.66667,29.66667,0.36867,23.0,26.33333,0.87533,9.33333,36.0,45.33333,23.33333,5.66667,3.33333,11.66667,15.0,127.33333,1,0.25171,-0.25171,0.32273,0.29386,0.59648,0.50347,0.68381,0.55988,1495.54697,1419.71701,0.3991,0.6009,2.59676,1.69235,0.66667,,,,
240.0,40.0,88.33333,0.45167,9.0,27.33333,0.32533,17.0,21.66667,0.78067,11.33333,31.66667,43.0,20.66667,7.33333,1.33333,10.33333,19.33333,106.0,240.0,38.0,79.0,0.48167,10.33333,29.0,0.33567,19.33333,23.33333,0.825,7.33333,33.33333,40.66667,23.66667,6.33333,4.66667,12.0,19.0,105.66667,0,0.01885,-0.01885,0.23548,0.34041,0.54611,0.50199,0.62768,0.56706,1472.22525,1505.21716,0.55078,0.44922,1.84363,2.29024,0.33333,240.0,35.33333,86.33333,0.41067,12.33333,35.0,0.34633,17.0,27.66667,0.60733,7.33333,32.33333,39.66667,22.33333,6.33333,6.0,16.33333,19.33333,100.0,240.0,47.0,93.33333,0.50433,10.33333,27.0,0.389,16.33333,23.33333,0.697,11.66667,43.66667,55.33333,32.33333,8.33333,6.33333,13.0,23.0,120.66667,0,0.27184,-0.27184,0.367,0.17351,0.56031,0.4832,0.61402,0.54226,1632.50396,1443.84438,0.27951,0.72049,3.94341,1.41389,1.0,,,,
240.0,36.0,87.0,0.41467,11.66667,25.33333,0.47033,9.33333,15.0,0.61633,9.0,33.33333,42.33333,21.66667,9.0,4.66667,12.0,22.0,93.0,240.0,32.33333,76.66667,0.422,8.33333,27.33333,0.31033,20.0,27.0,0.726,9.0,36.0,45.0,20.0,7.66667,6.33333,13.33333,16.33333,93.0,0,-0.00208,0.00208,0.27026,0.2604,0.47566,0.48273,0.56272,0.51703,1571.03402,1299.89369,0.17849,0.82151,5.95861,1.22094,0.33333,240.0,41.0,88.0,0.46867,12.33333,27.33333,0.457,15.0,18.33333,0.85167,11.0,37.33333,48.33333,24.0,9.66667,7.0,13.66667,17.33333,109.33333,240.0,36.0,86.33333,0.418,9.66667,34.33333,0.281,12.0,19.0,0.63267,10.66667,34.33333,45.0,19.0,7.33333,5.66667,16.0,18.0,93.66667,0,-0.22298,0.22298,0.28811,0.32292,0.47461,0.53796,0.51872,0.59577,1274.48095,1531.8287,0.80201,0.19799,1.25364,5.44511,0.0,,,,
240.0,40.33333,90.33333,0.44933,9.33333,34.0,0.27667,16.33333,21.33333,0.80267,10.0,33.66667,43.66667,21.0,8.0,5.66667,11.66667,19.0,106.33333,240.0,42.0,90.0,0.46733,11.33333,31.0,0.35767,13.33333,19.0,0.73133,10.0,37.66667,47.66667,26.0,6.0,5.66667,12.66667,19.66667,108.66667,0,0.03024,-0.03024,0.30949,0.25559,0.53104,0.50135,0.57777,0.56377,1431.16663,1591.77041,0.71381,0.28619,1.41573,3.75286,0.66667,240.0,37.66667,81.66667,0.466,10.66667,31.33333,0.357,11.66667,17.66667,0.65867,8.0,36.33333,44.33333,21.66667,7.33333,2.33333,17.33333,19.66667,97.66667,240.0,39.66667,86.0,0.46167,16.0,47.0,0.344,18.66667,25.66667,0.738,9.0,34.66667,43.66667,25.33333,12.33333,5.33333,9.66667,12.66667,114.0,0,0.22559,-0.22559,0.25013,0.23092,0.55443,0.53253,0.6222,0.57712,1735.56167,1371.06127,0.13145,0.86855,10.50204,1.16191,1.0,,,,
240.0,43.0,83.66667,0.518,8.66667,20.33333,0.43333,16.0,22.0,0.724,9.33333,33.0,42.33333,22.33333,6.0,4.0,14.33333,17.66667,110.66667,240.0,40.66667,91.0,0.44667,12.33333,33.66667,0.36433,11.0,15.33333,0.71667,12.0,31.0,43.0,22.0,7.33333,4.0,12.33333,19.66667,104.66667,0,-0.07992,0.07992,0.38326,0.29603,0.51425,0.57039,0.55431,0.62875,1490.62493,1543.14523,0.54588,0.45412,2.22165,3.13165,0.33333,240.0,34.66667,78.66667,0.44133,13.33333,26.33333,0.513,19.66667,25.0,0.78767,8.0,34.0,42.0,19.0,4.66667,3.33333,11.33333,19.0,102.33333,240.0,39.33333,86.33333,0.457,9.0,30.66667,0.29767,16.0,20.0,0.81,10.0,35.33333,45.33333,19.66667,7.33333,6.66667,9.0,18.33333,103.66667,0,0.02648,-0.02648,0.29509,0.22904,0.50933,0.52575,0.57276,0.60784,1589.23822,1584.20781,0.49686,0.50314,2.21069,2.20024,0.33333,,,,
240.0,36.66667,82.33333,0.44567,11.0,24.33333,0.45267,16.0,19.33333,0.84733,10.33333,30.66667,41.0,21.0,10.33333,3.66667,15.0,18.0,100.33333,240.0,37.66667,80.66667,0.46767,8.66667,29.33333,0.28867,14.0,20.33333,0.68333,10.66667,33.66667,44.33333,23.33333,7.0,5.33333,15.33333,19.66667,98.0,0,-0.03589,0.03589,0.34799,0.30787,0.52133,0.51236,0.57606,0.5796,1451.28842,1584.11376,0.65931,0.34069,1.60832,3.87319,0.33333,240.0,42.33333,89.33333,0.47433,10.66667,25.0,0.428,17.66667,24.0,0.77333,9.0,32.33333,41.33333,21.33333,6.0,6.66667,9.33333,18.33333,113.0,240.0,43.0,90.0,0.478,14.33333,32.66667,0.442,11.66667,17.33333,0.67967,9.0,33.66667,42.66667,27.66667,4.66667,9.66667,11.0,21.66667,112.0,0,-0.01343,0.01343,0.28304,0.27719,0.55742,0.53459,0.59726,0.59782,1690.36231,1493.81231,0.24298,0.75702,4.48164,1.32967,0.66667,,,,
240.0,39.33333,86.0,0.45733,12.0,33.33333,0.34633,19.66667,26.0,0.75533,8.0,35.66667,43.66667,22.33333,4.66667,4.0,12.33333,20.0,110.33333,240.0,43.66667,93.0,0.468,8.0,28.66667,0.272,15.66667,19.66667,0.78967,9.66667,35.33333,45.0,23.0,8.0,4.0,8.66667,22.0,111.0,0,0.00298,-0.00298,0.27322,0.23321,0.51013,0.5268,0.56885,0.60099,1441.77425,1490.9539,0.56819,0.43181,1.80884,2.46092,0.66667,240.0,37.33333,84.66667,0.44267,10.0,25.66667,0.41167,13.0,18.0,0.718,9.66667,32.66667,42.33333,21.66667,8.66667,3.0,14.0,20.66667,97.66667,240.0,35.66667,81.66667,0.44233,9.0,32.66667,0.27867,18.0,24.0,0.75567,10.33333,34.33333,44.66667,21.66667,7.33333,6.33333,15.66667,19.66667,98.33333,0,0.00715,-0.00715,0.31634,0.2804,0.49854,0.50272,0.57035,0.55368,1595.32198,1422.30369,0.28693,0.71307,4.1372,1.45847,0.33333,,,,
240.0,39.0,84.33333,0.465,12.33333,33.33333,0.38333,13.33333,16.33333,0.82267,7.66667,36.0,43.66667,22.66667,8.33333,1.66667,16.0,17.0,103.66667,240.0,44.33333,90.33333,0.491,13.66667,38.33333,0.35333,12.66667,15.0,0.855,8.0,34.66667,42.66667,27.66667,8.66667,4.33333,12.66667,16.0,115.0,1,0.14706,-0.14706,0.22244,0.21856,0.56669,0.53896,0.61408,0.59292,1612.25224,1328.99674,0.17814,0.82186,6.72372,1.22389,1.0,240.0,38.33333,84.0,0.45633,7.33333,23.33333,0.31133,16.0,25.0,0.68067,9.66667,32.66667,42.33333,25.66667,7.66667,4.33333,13.0,16.66667,100.0,240.0,41.0,86.66667,0.47367,11.33333,27.33333,0.39833,13.33333,17.66667,0.75567,11.66667,35.0,46.66667,29.33333,8.66667,6.0,14.0,22.0,106.66667,1,0.09136,-0.09136,0.35981,0.27841,0.53886,0.49975,0.58969,0.55868,1544.24232,1488.84726,0.43692,0.56308,2.392,1.8243,0.66667,,,,
248.33333,37.0,89.0,0.417,12.33333,33.66667,0.37033,13.0,16.0,0.8,9.0,32.0,41.0,25.66667,9.33333,3.33333,12.66667,21.0,99.33333,248.33333,37.33333,83.33333,0.44633,8.33333,22.66667,0.37667,20.0,25.33333,0.79533,9.66667,40.66667,50.33333,21.66667,8.0,4.0,16.0,19.0,103.0,1,0.04928,-0.04928,0.30065,0.22052,0.4966,0.48661,0.57841,0.53867,1535.63213,1508.63395,0.46763,0.53237,2.16246,1.89256,0.66667,240.0,40.33333,92.66667,0.43833,11.66667,35.66667,0.33467,13.66667,18.66667,0.76067,8.66667,37.66667,46.33333,27.66667,7.0,5.0,10.0,16.33333,106.0,240.0,39.66667,92.0,0.435,12.0,37.0,0.327,9.33333,14.0,0.77367,8.66667,43.66667,52.33333,29.0,4.66667,3.0,13.66667,18.66667,100.66667,1,-0.06537,0.06537,0.22047,0.1962,0.5012,0.50216,0.53297,0.55007,1332.79033,1504.28059,0.71148,0.28852,1.4425,4.16108,0.33333,,,,
240.0,38.66667,81.33333,0.47767,12.33333,31.0,0.40267,15.33333,20.33333,0.75167,7.66667,37.66667,45.33333,24.66667,8.33333,2.66667,17.66667,19.66667,105.0,240.0,41.33333,89.33333,0.462,10.0,29.33333,0.345,15.33333,19.0,0.813,9.0,33.66667,42.66667,24.33333,9.0,4.33333,13.0,17.0,108.0,1,0.03377,-0.03377,0.23957,0.22354,0.51803,0.55394,0.5769,0.61465,1536.13831,1327.91702,0.23079,0.76921,4.36398,1.30082,0.66667,240.0,37.33333,83.66667,0.44667,10.66667,30.66667,0.35533,15.33333,22.66667,0.672,8.66667,35.66667,44.33333,22.33333,7.33333,3.66667,15.0,22.66667,100.66667,240.0,40.33333,85.33333,0.475,11.33333,29.0,0.395,15.0,20.0,0.734,8.33333,38.0,46.33333,25.33333,7.0,4.66667,13.33333,20.66667,107.0,1,0.08683,-0.08683,0.23275,0.23095,0.5416,0.50987,0.5976,0.5682,1582.82072,1539.92534,0.45995,0.54005,2.6907,2.05847,1.0,,,,
248.33333,38.0,82.33333,0.46533,15.33333,38.66667,0.39267,16.66667,24.0,0.69267,4.66667,36.66667,41.33333,26.0,6.33333,7.66667,16.66667,20.0,108.0,248.33333,44.66667,93.0,0.481,7.0,19.33333,0.36367,17.33333,23.0,0.743,9.66667,39.33333,49.0,22.66667,9.33333,6.0,12.0,21.0,113.66667,1,0.07848,-0.07848,0.26215,0.12372,0.51871,0.56051,0.58047,0.62177,1550.75844,1396.65029,0.2991,0.7009,3.5996,1.44214,0.33333,240.0,40.0,83.0,0.48167,12.0,31.33333,0.383,16.66667,19.66667,0.88167,7.66667,33.0,40.66667,26.0,5.33333,5.0,13.66667,16.0,108.66667,240.0,41.66667,89.33333,0.46767,15.0,31.33333,0.47733,14.33333,18.0,0.77567,11.33333,33.66667,45.0,25.66667,6.33333,2.33333,12.66667,19.33333,112.66667,1,0.05706,-0.05706,0.35394,0.22846,0.55244,0.55357,0.60628,0.62099,1350.55531,1490.81147,0.70748,0.29252,1.41984,3.52862,0.66667,,,,
240.0,36.66667,83.33333,0.443,10.33333,27.33333,0.37433,19.33333,28.0,0.69,10.66667,41.66667,52.33333,22.33333,6.33333,3.33333,16.66667,14.66667,103.0,240.0,40.66667,92.66667,0.43867,15.0,38.0,0.39867,12.0,16.33333,0.73633,9.0,37.66667,46.66667,26.0,10.0,4.66667,10.33333,21.66667,108.33333,1,0.07286,-0.07286,0.22713,0.28412,0.51959,0.50441,0.5626,0.57767,1451.94771,1484.14201,0.55473,0.44527,1.86198,2.3585,0.66667,240.0,36.33333,86.66667,0.41833,12.0,35.0,0.34233,15.66667,20.66667,0.75533,11.0,37.0,48.0,22.66667,6.66667,4.33333,11.66667,19.0,100.33333,240.0,36.66667,90.66667,0.406,8.66667,33.0,0.27,15.0,19.0,0.81533,11.66667,37.0,48.66667,22.66667,6.33333,6.33333,11.33333,17.0,97.0,1,-0.05263,0.05263,0.31934,0.30114,0.45386,0.48786,0.51258,0.54958,1381.61652,1393.14515,0.50945,0.49055,1.99887,2.07578,0.33333,,,,
240.0,37.33333,80.66667,0.467,8.66667,29.0,0.31167,13.33333,16.66667,0.832,7.0,31.66667,38.66667,26.66667,6.66667,3.66667,16.0,17.33333,96.66667,240.0,42.33333,83.33333,0.508,13.33333,33.66667,0.38767,14.0,20.0,0.703,8.66667,34.66667,43.33333,27.33333,9.66667,2.33333,14.0,15.0,112.0,0,0.21166,-0.21166,0.27305,0.20425,0.58837,0.52224,0.6385,0.57837,1521.79137,1525.1991,0.5398,0.4602,2.3518,2.76135,1.0,240.0,39.0,87.33333,0.445,11.66667,32.33333,0.366,8.66667,10.33333,0.84267,6.66667,35.0,41.66667,22.66667,5.33333,2.0,12.33333,20.66667,98.33333,240.0,38.66667,84.0,0.46133,11.33333,26.66667,0.42433,17.0,21.33333,0.78567,7.0,38.66667,45.66667,20.33333,7.0,3.0,11.0,14.33333,105.66667,0,0.10675,-0.10675,0.20429,0.17315,0.52924,0.51253,0.59816,0.54829,1511.07774,1538.5922,0.5452,0.4548,1.93097,2.4315,1.0,,,,
240.0,34.66667,84.0,0.412,12.0,37.0,0.32633,12.0,15.66667,0.784,7.0,33.33333,40.33333,18.66667,6.0,1.66667,12.0,21.66667,93.33333,240.0,36.66667,82.66667,0.44433,9.33333,29.33333,0.324,19.33333,27.33333,0.71033,9.66667,39.0,48.66667,24.33333,5.66667,5.33333,13.0,14.33333,102.0,0,0.12983,-0.12983,0.29167,0.18571,0.50081,0.48399,0.57597,0.53358,1465.30877,1445.87704,0.48459,0.51541,2.10552,1.98155,1.0,240.0,40.33333,87.66667,0.46033,8.33333,28.33333,0.294,15.33333,19.66667,0.779,8.33333,36.33333,44.66667,29.66667,7.66667,5.33333,12.66667,18.66667,104.33333,240.0,41.33333,90.66667,0.457,11.66667,30.0,0.37467,13.33333,19.33333,0.69733,9.66667,35.66667,45.33333,25.66667,5.66667,3.33333,13.33333,19.66667,107.66667,0,0.05059,-0.05059,0.26991,0.23835,0.52097,0.50758,0.56832,0.56703,1485.96929,1558.79279,0.61028,0.38972,1.6619,2.66506,0.66667,,,,
240.0,35.66667,84.66667,0.42467,8.0,24.66667,0.322,23.66667,29.0,0.83133,8.33333,39.0,47.33333,18.66667,7.66667,5.0,12.33333,18.33333,103.0,240.0,40.0,88.66667,0.45133,12.0,31.0,0.391,13.33333,20.0,0.68633,7.66667,38.66667,46.33333,26.66667,7.66667,5.0,13.0,24.33333,105.33333,0,0.02732,-0.02732,0.19643,0.21098,0.51898,0.47329,0.56471,0.57058,1491.2084,1573.62732,0.61774,0.38226,1.67792,2.81613,0.33333,248.33333,43.33333,92.0,0.472,11.66667,26.33333,0.45233,15.66667,20.0,0.77067,8.66667,31.66667,40.33333,26.66667,9.33333,3.66667,11.0,27.0,114.0,248.33333,41.33333,88.0,0.47033,11.0,32.0,0.34933,24.66667,31.33333,0.78,13.33333,37.0,50.33333,28.0,6.33333,8.0,16.0,19.0,118.33333,0,0.05398,-0.05398,0.42026,0.23294,0.53296,0.53534,0.62341,0.59142,1537.85012,1488.35205,0.43237,0.56763,2.34296,1.7756,1.0,,,,
248.33333,40.66667,88.0,0.46367,7.66667,27.0,0.31433,17.33333,24.33333,0.69333,12.0,42.0,54.0,21.0,8.66667,4.33333,11.0,16.0,106.33333,248.33333,38.33333,92.33333,0.41733,12.33333,41.0,0.32067,12.66667,18.33333,0.71433,9.0,35.0,44.0,24.33333,6.0,3.0,12.66667,19.66667,101.66667,0,-0.06278,0.06278,0.21742,0.3389,0.48412,0.50772,0.52968,0.57238,1509.60663,1483.02405,0.47204,0.52796,2.93707,2.15341,0.33333,240.0,37.66667,83.33333,0.453,9.0,30.66667,0.28633,14.66667,22.33333,0.66,9.66667,31.66667,41.33333,19.0,7.33333,5.0,12.66667,20.33333,99.0,240.0,37.66667,84.0,0.44833,8.0,26.0,0.314,14.66667,21.0,0.70167,11.33333,31.0,42.33333,21.0,7.0,5.0,13.33333,19.0,98.0,0,-0.01725,0.01725,0.35833,0.31898,0.49603,0.5067,0.5528,0.56146,1338.20636,1459.13773,0.65143,0.34857,1.63535,3.43592,0.33333,,,,
240.0,39.66667,83.0,0.478,8.66667,28.0,0.31067,21.66667,25.33333,0.861,8.33333,32.0,40.33333,28.0,8.0,5.33333,13.0,19.0,109.66667,240.0,40.33333,91.0,0.44267,10.66667,31.66667,0.34667,18.33333,23.66667,0.77733,15.33333,35.33333,50.66667,24.0,8.0,4.0,14.33333,22.33333,109.66667,1,-0.00866,0.00866,0.4842,0.23856,0.50093,0.53012,0.56987,0.61904,1477.73842,1599.16874,0.6593,0.3407,1.58065,3.76964,0.33333,240.0,40.33333,89.33333,0.45467,11.66667,27.33333,0.433,16.66667,22.66667,0.73967,11.33333,37.33333,48.66667,25.0,7.0,5.33333,15.33333,21.0,109.0,240.0,36.66667,86.33333,0.427,8.33333,28.0,0.30667,18.0,25.66667,0.709,9.0,37.33333,46.33333,18.33333,9.0,4.33333,14.0,20.0,99.66667,1,-0.12132,0.12132,0.2369,0.31506,0.47454,0.51848,0.54344,0.57958,1266.18289,1453.16023,0.72287,0.27713,1.43836,4.36378,0.33333,,,,
240.0,38.33333,86.66667,0.443,8.66667,29.66667,0.28867,13.66667,19.66667,0.687,8.33333,32.66667,41.0,22.66667,10.33333,3.66667,16.0,22.0,99.0,240.0,39.66667,86.66667,0.45567,11.0,32.33333,0.337,19.33333,26.66667,0.727,12.33333,36.66667,49.0,24.66667,9.0,6.33333,14.33333,14.66667,109.66667,0,0.14529,-0.14529,0.39313,0.22918,0.52044,0.49345,0.59238,0.54506,1544.771,1272.6403,0.21099,0.78901,7.82319,1.29664,1.0,240.0,43.0,85.0,0.50533,9.66667,23.0,0.42167,10.33333,13.33333,0.78167,8.66667,31.66667,40.33333,26.33333,10.66667,4.33333,13.0,15.66667,106.0,240.0,38.0,84.0,0.45733,7.0,17.33333,0.398,10.0,11.33333,0.85567,11.0,30.0,41.0,23.66667,7.66667,7.66667,15.0,18.33333,93.0,0,-0.19126,0.19126,0.34151,0.29469,0.49998,0.56173,0.54393,0.60162,1605.76982,1536.84161,0.37468,0.62532,2.70681,1.60763,0.0,,,,
240.0,35.66667,78.0,0.45667,14.0,34.0,0.40367,23.66667,31.33333,0.756,7.66667,30.0,37.66667,19.33333,4.33333,5.0,9.66667,22.66667,109.0,240.0,41.66667,82.66667,0.50367,9.0,21.66667,0.41533,18.0,24.66667,0.72567,10.66667,33.66667,44.33333,21.0,7.0,5.33333,9.33333,21.0,110.33333,1,0.0378,-0.0378,0.37262,0.23406,0.558,0.54608,0.6255,0.64063,1583.99534,1725.16905,0.70835,0.29165,1.41265,3.44212,0.33333,248.33333,42.33333,93.33333,0.45633,10.0,28.33333,0.35333,17.66667,25.0,0.70567,13.33333,33.0,46.33333,28.33333,9.66667,5.66667,11.0,22.66667,112.33333,248.33333,38.33333,86.0,0.44567,8.66667,24.33333,0.35833,19.66667,24.0,0.82133,9.66667,37.33333,47.0,22.66667,5.0,3.0,15.0,21.66667,105.0,1,-0.10643,0.10643,0.29272,0.34792,0.49662,0.51124,0.57722,0.57199,1493.09736,1594.46494,0.63359,0.36641,1.58729,2.77661,0.33333,,,,
240.0,41.0,83.33333,0.492,9.33333,24.33333,0.39167,15.66667,19.0,0.825,9.33333,27.0,36.33333,23.0,9.33333,4.0,11.0,17.66667,107.0,240.0,41.66667,83.0,0.50367,10.66667,29.33333,0.364,10.66667,14.33333,0.73433,10.33333,28.66667,39.0,27.33333,6.33333,5.33333,15.66667,20.66667,104.66667,0,-0.03146,0.03146,0.3835,0.35363,0.56857,0.548,0.6093,0.61152,1458.53237,1531.10268,0.58702,0.41298,1.7966,2.88928,0.33333,240.0,37.0,86.33333,0.42267,8.0,23.33333,0.33767,19.66667,23.0,0.86667,10.0,32.33333,42.33333,17.66667,6.66667,4.66667,11.66667,16.0,101.66667,240.0,42.66667,92.0,0.464,13.0,34.33333,0.37633,7.0,10.33333,0.69967,11.33333,33.0,44.33333,26.66667,6.33333,9.33333,11.0,22.0,105.33333,0,0.06955,-0.06955,0.3497,0.30741,0.53442,0.46785,0.55863,0.55246,1685.69245,1552.81684,0.31986,0.68014,3.18743,1.47747,0.66667,,,,
240.0,45.66667,91.66667,0.50033,12.66667,30.33333,0.417,12.66667,16.0,0.802,8.0,35.33333,43.33333,31.0,9.33333,5.0,11.33333,19.0,116.66667,240.0,43.0,91.33333,0.472,11.33333,30.0,0.38167,12.66667,17.33333,0.71267,9.66667,35.33333,45.0,24.33333,5.66667,2.0,13.66667,17.66667,110.0,1,-0.08186,0.08186,0.27236,0.2244,0.5342,0.56891,0.57969,0.61353,1450.09696,1512.66123,0.56494,0.43506,1.92625,2.89411,0.33333,240.0,44.66667,86.33333,0.51833,10.33333,27.0,0.38,18.66667,24.0,0.77167,10.66667,26.66667,37.33333,27.66667,8.33333,6.66667,9.66667,22.33333,118.33333,240.0,40.66667,83.66667,0.48567,6.66667,19.33333,0.342,22.66667,30.33333,0.751,13.0,27.33333,40.33333,23.33333,6.66667,2.66667,12.33333,20.33333,110.66667,1,-0.09192,0.09192,0.49024,0.40502,0.52584,0.57836,0.61251,0.64684,1534.67434,1556.62026,0.51366,0.48634,1.95707,2.06895,0.33333,,,,
248.33333,43.66667,83.66667,0.52567,11.33333,28.0,0.405,18.33333,24.0,0.76367,7.33333,34.66667,42.0,26.66667,8.0,6.0,15.0,19.33333,117.0,248.33333,41.0,91.0,0.45033,7.0,18.66667,0.38167,15.0,17.0,0.89367,10.66667,30.0,40.66667,21.33333,9.33333,5.0,12.0,20.33333,104.0,1,-0.18174,0.18174,0.3159,0.25966,0.48871,0.5935,0.54743,0.66091,1581.4216,1600.59547,0.49837,0.50163,2.02662,2.01155,0.33333,248.33333,40.0,96.33333,0.41433,8.0,24.33333,0.33033,15.0,22.33333,0.645,15.33333,31.66667,47.0,22.33333,10.0,6.0,8.33333,21.33333,103.0,248.33333,36.0,80.0,0.44633,9.33333,26.66667,0.36467,19.0,25.0,0.762,9.0,39.0,48.0,22.0,4.0,3.66667,15.66667,19.33333,100.33333,1,-0.04304,0.04304,0.28549,0.39212,0.50393,0.45595,0.58383,0.50672,1496.49067,1480.20378,0.48191,0.51809,2.51078,2.13034,0.33333,,,,
240.0,38.66667,87.33333,0.44467,9.33333,25.33333,0.37767,10.0,14.0,0.71667,9.0,28.33333,37.33333,21.0,8.0,3.33333,17.0,19.66667,96.66667,240.0,41.33333,81.33333,0.50933,13.33333,35.0,0.38233,18.33333,23.33333,0.79733,8.66667,34.33333,43.0,28.0,10.0,4.66667,14.66667,17.66667,114.33333,0,0.23989,-0.23989,0.31158,0.26008,0.5912,0.49811,0.66145,0.53639,1570.36754,1337.24559,0.21917,0.78083,4.73194,1.28499,1.0,240.0,42.33333,79.0,0.53767,13.0,28.66667,0.45267,14.33333,19.0,0.73767,5.66667,33.33333,39.0,26.66667,8.66667,4.33333,16.33333,21.33333,112.0,240.0,39.66667,86.33333,0.45767,9.66667,26.0,0.36633,16.33333,19.66667,0.84367,7.0,28.33333,35.33333,24.33333,8.66667,2.66667,13.0,17.33333,105.33333,0,-0.09787,0.09787,0.21387,0.20222,0.51353,0.62,0.57954,0.67476,1564.10823,1429.76454,0.32016,0.67984,3.84591,1.57816,0.33333,,,,
240.0,35.0,89.0,0.39367,10.66667,24.0,0.45533,11.0,17.0,0.62733,8.66667,31.33333,40.0,20.0,8.33333,5.0,11.0,24.66667,91.66667,240.0,32.66667,75.33333,0.43367,6.33333,24.33333,0.274,22.66667,32.0,0.69733,8.0,41.0,49.0,19.0,6.33333,6.33333,14.33333,16.66667,94.33333,1,0.03821,-0.03821,0.25359,0.21458,0.47555,0.45423,0.57214,0.49529,1448.33832,1296.29266,0.31438,0.68562,3.99625,1.55772,0.66667,240.0,35.0,84.0,0.41867,10.0,33.66667,0.294,19.0,28.0,0.679,12.33333,31.33333,43.66667,17.0,8.0,5.0,10.0,21.66667,99.0,240.0,36.33333,83.0,0.43733,10.33333,28.66667,0.366,17.66667,24.33333,0.723,12.0,33.33333,45.33333,21.33333,6.33333,5.66667,12.0,21.66667,100.66667,1,0.02244,-0.02244,0.38387,0.37259,0.49985,0.47791,0.56971,0.55047,1345.88943,1541.22074,0.75463,0.24537,1.32926,4.19873,0.66667,,,,
240.0,38.0,90.33333,0.421,10.0,31.33333,0.32,19.33333,26.33333,0.725,13.0,32.33333,45.33333,21.33333,11.66667,4.0,14.66667,21.66667,105.33333,240.0,36.0,80.0,0.45067,12.66667,33.33333,0.38033,18.33333,25.33333,0.72267,9.0,35.33333,44.33333,24.33333,11.0,4.66667,18.0,20.66667,103.0,1,-0.03102,0.03102,0.27855,0.36702,0.52996,0.4765,0.60252,0.54806,1596.29732,1591.2715,0.49041,0.50959,2.22194,2.08696,0.33333,248.33333,36.33333,89.66667,0.40533,9.66667,31.33333,0.30367,17.66667,23.0,0.76267,11.0,37.66667,48.66667,23.66667,10.33333,3.66667,16.0,19.33333,100.0,248.33333,40.33333,89.33333,0.45167,7.33333,25.66667,0.30433,16.33333,19.33333,0.84167,9.33333,37.66667,47.0,20.33333,7.66667,7.0,16.33333,20.33333,104.33333,1,0.06442,-0.06442,0.24725,0.29732,0.49263,0.45928,0.55839,0.52778,1529.31735,1352.48159,0.26987,0.73013,3.77899,1.37381,0.66667,,,,
256.66667,46.0,93.66667,0.49367,11.33333,27.33333,0.431,18.33333,21.66667,0.85767,8.66667,31.33333,40.0,27.0,13.0,4.0,12.0,26.33333,121.66667,256.66667,43.0,86.33333,0.50067,9.66667,27.66667,0.36733,23.33333,28.66667,0.84133,11.33333,36.66667,48.0,28.66667,5.66667,6.0,17.66667,21.66667,119.0,1,-0.03525,0.03525,0.35095,0.23717,0.55736,0.55406,0.64519,0.61973,1543.28999,1481.05854,0.40873,0.59127,2.51235,1.71073,0.33333,240.0,38.66667,87.0,0.44533,9.33333,29.0,0.32733,16.66667,20.66667,0.79833,9.33333,36.66667,46.0,24.0,7.33333,5.0,10.66667,15.33333,103.33333,240.0,39.33333,88.66667,0.44267,11.66667,31.0,0.36067,11.0,15.0,0.75,8.33333,36.0,44.33333,27.0,5.33333,5.0,12.33333,19.33333,101.33333,1,-0.05712,0.05712,0.23218,0.26784,0.5076,0.49898,0.54845,0.56507,1399.19728,1464.49014,0.59115,0.40885,1.74793,2.60025,0.33333,,,,
240.0,42.0,94.66667,0.44467,11.0,28.33333,0.37667,10.0,12.66667,0.79433,10.66667,36.66667,47.33333,24.33333,7.66667,5.0,14.0,18.33333,105.0,240.0,41.66667,92.33333,0.452,12.33333,34.66667,0.35767,12.33333,16.33333,0.75067,8.66667,38.33333,47.0,21.33333,8.0,4.66667,14.33333,16.33333,108.0,1,0.04997,-0.04997,0.23249,0.27821,0.51849,0.50246,0.56379,0.53862,1500.62658,1506.45557,0.50537,0.49463,2.60724,2.76725,0.66667,240.0,42.66667,86.0,0.49633,9.33333,24.0,0.397,10.33333,12.66667,0.814,8.0,30.66667,38.66667,26.0,11.33333,3.0,13.33333,14.33333,105.0,240.0,41.33333,83.33333,0.49767,9.33333,21.66667,0.41933,9.66667,11.0,0.852,8.66667,33.66667,42.33333,26.0,8.0,7.66667,16.0,16.66667,101.66667,1,-0.05711,0.05711,0.28258,0.23784,0.55391,0.55004,0.59553,0.59076,1603.16059,1425.74455,0.27278,0.72722,4.55649,1.40173,0.33333,,,,
240.0,37.66667,88.33333,0.42633,10.0,29.33333,0.34233,17.0,25.0,0.68067,10.66667,35.33333,46.0,20.66667,10.0,4.33333,15.33333,21.66667,102.33333,240.0,36.0,83.66667,0.43067,12.33333,33.0,0.37467,18.0,23.0,0.80333,10.66667,37.33333,48.0,24.0,10.66667,4.66667,18.0,20.66667,102.33333,1,0.0013,-0.0013,0.30633,0.28921,0.5042,0.48318,0.57692,0.54544,1548.39543,1588.73503,0.55715,0.44285,1.80757,2.28693,0.66667,240.0,39.33333,80.33333,0.49167,10.33333,26.33333,0.391,11.33333,16.66667,0.677,7.66667,35.33333,43.0,21.33333,8.0,2.66667,17.33333,20.66667,100.33333,240.0,37.33333,79.33333,0.47,14.33333,40.33333,0.35567,17.66667,26.66667,0.66067,8.0,33.0,41.0,21.33333,10.66667,5.0,11.33333,14.0,106.66667,1,0.08359,-0.08359,0.22833,0.2388,0.56015,0.55688,0.62513,0.60044,1730.68561,1458.85658,0.20775,0.79225,7.76739,1.2844,1.0,,,,
240.0,32.66667,88.66667,0.36833,9.33333,31.66667,0.296,11.0,13.33333,0.86333,10.33333,34.66667,45.0,21.0,6.66667,4.66667,12.0,13.66667,85.66667,240.0,37.0,85.0,0.43567,8.0,27.33333,0.30933,9.66667,12.0,0.85867,7.66667,39.66667,47.33333,24.66667,5.0,6.33333,12.33333,15.0,91.66667,0,0.09001,-0.09001,0.22569,0.26386,0.48297,0.42098,0.52321,0.46705,1420.34103,1382.2898,0.4456,0.5544,2.39476,1.87467,0.66667,240.0,31.0,83.66667,0.368,7.66667,24.33333,0.30067,17.33333,20.66667,0.84067,10.0,32.33333,42.33333,17.33333,7.0,5.66667,13.0,17.66667,87.0,240.0,41.0,89.33333,0.45833,10.66667,32.33333,0.32833,8.0,11.0,0.73867,10.0,35.66667,45.66667,27.66667,8.33333,10.0,12.66667,20.0,100.66667,0,0.22828,-0.22828,0.30804,0.28614,0.5176,0.41245,0.54802,0.49239,1687.79192,1551.48187,0.33204,0.66796,3.05072,1.50228,1.0,,,,
248.33333,37.0,86.66667,0.426,12.0,35.33333,0.339,11.66667,15.33333,0.779,8.33333,34.0,42.33333,21.66667,5.0,3.0,12.66667,21.0,97.66667,248.33333,40.0,87.66667,0.455,10.33333,28.33333,0.36633,15.0,22.33333,0.65733,9.33333,39.33333,48.66667,24.0,5.66667,5.0,11.66667,15.33333,105.33333,0,0.11147,-0.11147,0.27859,0.21561,0.5139,0.49572,0.56842,0.54191,1465.39078,1444.42509,0.47888,0.52112,2.13467,1.96316,1.0,240.0,38.33333,87.33333,0.44,14.0,35.66667,0.38867,18.0,27.33333,0.64367,7.0,34.0,41.0,21.33333,5.0,4.33333,16.33333,19.0,108.66667,240.0,48.33333,96.66667,0.501,10.66667,30.33333,0.35933,16.33333,22.0,0.74267,10.66667,41.66667,52.33333,32.33333,10.0,6.66667,11.33333,21.33333,123.66667,0,0.19849,-0.19849,0.31145,0.1774,0.55612,0.52158,0.60988,0.58265,1641.23516,1437.8705,0.24909,0.75091,4.17601,1.33814,1.0,,,,
240.0,38.66667,83.66667,0.46267,8.33333,30.66667,0.27833,16.33333,22.66667,0.717,8.33333,35.33333,43.66667,19.66667,7.66667,4.0,14.33333,20.0,102.0,240.0,39.0,83.0,0.47033,14.33333,35.33333,0.419,14.0,22.33333,0.63,8.33333,34.0,42.33333,22.0,8.33333,4.0,12.33333,18.66667,106.33333,0,0.05869,-0.05869,0.24441,0.24881,0.55639,0.51246,0.60533,0.57528,1505.8852,1592.09075,0.61065,0.38935,1.93536,3.34857,1.0,248.33333,35.33333,83.33333,0.42067,9.66667,29.66667,0.32867,20.33333,26.33333,0.76267,7.66667,32.0,39.66667,18.33333,8.0,3.0,13.0,21.66667,100.66667,248.33333,40.33333,84.66667,0.475,8.66667,21.66667,0.39467,19.66667,26.0,0.75067,11.0,37.33333,48.33333,20.66667,10.0,7.0,12.33333,20.66667,109.0,0,0.12442,-0.12442,0.34628,0.20857,0.52659,0.47808,0.60164,0.56193,1576.30029,1630.65644,0.5929,0.4071,1.72946,2.64183,1.0,,,,
240.0,42.0,87.33333,0.48133,11.33333,34.33333,0.33133,16.0,19.66667,0.80967,9.33333,32.33333,41.66667,27.66667,4.0,3.66667,10.66667,24.0,111.33333,240.0,41.66667,81.0,0.51733,11.66667,23.66667,0.49,23.0,27.0,0.85267,4.66667,34.0,38.66667,21.66667,5.66667,4.33333,8.66667,19.33333,118.0,1,0.0882,-0.0882,0.14806,0.28085,0.59032,0.54571,0.68223,0.6075,1536.97246,1682.19987,0.70757,0.29243,1.41898,3.4947,1.0,248.33333,40.33333,90.0,0.44833,10.66667,33.66667,0.318,13.0,17.33333,0.753,9.66667,34.66667,44.33333,28.66667,9.0,4.66667,13.33333,18.66667,104.33333,248.33333,42.0,88.0,0.477,11.33333,29.0,0.37667,12.66667,20.0,0.62933,8.33333,36.66667,45.0,26.66667,6.33333,4.0,14.66667,17.33333,108.0,1,0.05486,-0.05486,0.24416,0.26587,0.54104,0.50743,0.58433,0.55592,1492.07797,1543.74832,0.57935,0.42065,1.79713,2.54955,0.66667,,,,
240.0,41.0,88.0,0.46833,6.66667,16.0,0.40767,19.33333,29.0,0.67633,11.33333,35.66667,47.0,18.66667,6.33333,4.66667,13.0,16.33333,108.0,240.0,40.0,91.66667,0.43667,11.33333,33.33333,0.335,12.0,16.0,0.74367,11.66667,34.0,45.66667,23.66667,8.33333,6.66667,12.66667,22.66667,103.33333,0,-0.05941,0.05941,0.33423,0.33561,0.49831,0.50658,0.54286,0.57502,1516.91442,1547.50906,0.51739,0.48261,2.34431,3.02397,0.33333,240.0,36.66667,78.0,0.47,11.66667,24.0,0.48733,16.33333,23.66667,0.69467,8.33333,29.66667,38.0,22.33333,8.66667,3.66667,15.0,20.66667,101.33333,240.0,39.0,81.66667,0.47967,11.66667,32.33333,0.36133,16.33333,24.66667,0.67233,11.0,32.33333,43.33333,26.0,8.0,5.33333,15.0,19.66667,106.0,0,0.06175,-0.06175,0.36461,0.25709,0.55098,0.5457,0.60996,0.60942,1607.97308,1472.15414,0.32999,0.67001,3.49922,1.53942,0.66667,,,,
240.0,44.66667,92.66667,0.48233,11.66667,33.33333,0.36067,10.66667,14.0,0.77633,7.66667,39.33333,47.0,34.0,12.0,4.66667,14.0,19.66667,111.66667,240.0,36.0,90.33333,0.40033,11.33333,35.0,0.325,17.0,24.0,0.69,11.0,36.0,47.0,23.66667,7.0,5.33333,16.33333,15.33333,100.33333,1,-0.15447,0.15447,0.2758,0.21416,0.46413,0.54558,0.52882,0.58388,1431.40692,1640.00464,0.7513,0.2487,1.34195,4.4621,0.0,240.0,39.0,95.0,0.411,11.66667,37.33333,0.312,11.66667,14.33333,0.813,10.0,39.33333,49.33333,25.33333,9.0,7.33333,10.33333,15.0,101.33333,240.0,36.66667,92.0,0.40167,9.66667,35.0,0.279,7.33333,11.0,0.77133,10.0,43.0,53.0,25.66667,4.66667,4.33333,15.0,15.0,90.33333,1,-0.15816,0.15816,0.24495,0.23392,0.45491,0.47243,0.48216,0.51647,1325.41349,1513.32875,0.72769,0.27231,1.41251,4.39495,0.33333,,,,
240.0,32.66667,78.33333,0.415,7.33333,22.0,0.337,19.66667,24.0,0.81167,9.66667,31.0,40.66667,16.33333,9.33333,3.66667,16.33333,17.0,92.33333,240.0,39.0,84.33333,0.46467,8.0,28.66667,0.27533,12.66667,16.66667,0.758,11.0,33.66667,44.66667,25.0,7.66667,5.66667,13.66667,22.0,98.66667,0,0.10324,-0.10324,0.35443,0.28935,0.51153,0.46156,0.56279,0.55106,1588.47508,1583.50349,0.50296,0.49704,2.08392,2.132,0.66667,240.0,37.33333,81.0,0.46133,9.0,27.0,0.33133,17.0,27.66667,0.62367,8.66667,35.66667,44.33333,25.0,6.0,4.0,14.33333,17.66667,100.66667,240.0,40.33333,86.66667,0.466,12.33333,29.33333,0.413,13.66667,17.66667,0.77033,10.0,36.33333,46.33333,27.0,8.0,5.0,13.33333,21.66667,106.66667,0,0.08193,-0.08193,0.29232,0.23906,0.53695,0.51663,0.58969,0.57853,1534.20152,1459.46418,0.41006,0.58994,2.72171,1.77113,0.66667,,,,
240.0,40.33333,82.66667,0.489,20.0,45.33333,0.44267,12.0,18.33333,0.673,4.0,37.0,41.0,28.66667,6.33333,9.33333,16.0,18.0,112.66667,240.0,42.33333,90.66667,0.46633,6.66667,23.33333,0.29533,18.0,23.0,0.77467,7.66667,37.33333,45.0,21.66667,10.0,4.33333,10.33333,18.33333,109.33333,0,-0.04021,0.04021,0.21134,0.11443,0.50327,0.60949,0.57086,0.65196,1488.51081,1398.67245,0.37622,0.62378,3.1746,1.70037,0.33333,240.0,40.0,84.0,0.476,12.33333,33.33333,0.375,12.66667,17.66667,0.71567,7.66667,34.33333,42.0,23.66667,7.66667,3.0,15.0,22.33333,105.0,240.0,42.33333,83.66667,0.50767,10.0,24.66667,0.405,14.33333,21.33333,0.638,8.0,34.66667,42.66667,29.0,8.0,5.0,11.66667,18.66667,109.0,0,0.05551,-0.05551,0.23506,0.21967,0.56779,0.54874,0.61795,0.59718,1582.01866,1455.26754,0.3516,0.6484,3.80832,1.7838,0.66667,,,,
240.0,34.33333,86.66667,0.39633,11.33333,32.33333,0.34633,15.33333,22.0,0.68433,11.33333,37.33333,48.66667,20.0,12.0,4.0,17.0,19.33333,95.33333,240.0,37.66667,85.66667,0.44567,9.33333,33.33333,0.28333,14.0,18.33333,0.75267,8.33333,40.0,48.33333,23.66667,9.0,6.0,15.66667,18.66667,98.66667,0,0.04087,-0.04087,0.21888,0.2864,0.50097,0.46233,0.55578,0.52177,1495.34974,1336.88195,0.29459,0.70541,3.68497,1.44362,0.66667,240.0,39.33333,88.33333,0.447,7.33333,21.0,0.32833,27.33333,35.0,0.785,14.66667,42.0,56.66667,20.0,5.66667,2.33333,11.0,17.66667,113.33333,240.0,38.0,87.66667,0.434,14.0,39.0,0.363,15.0,20.66667,0.714,7.66667,33.66667,41.33333,24.0,6.0,6.33333,11.0,27.0,105.0,0,-0.11202,0.11202,0.18199,0.42928,0.51458,0.48923,0.57061,0.59252,1399.62512,1498.28492,0.62849,0.37151,1.59219,2.6971,0.0,,,,
240.0,41.0,81.33333,0.50233,12.0,29.33333,0.397,20.66667,27.0,0.76767,9.33333,39.0,48.33333,26.0,4.33333,3.66667,15.33333,15.0,114.66667,240.0,42.66667,93.66667,0.45567,14.0,32.0,0.43133,9.66667,14.33333,0.67,11.33333,30.0,41.33333,27.66667,7.33333,3.66667,9.0,20.66667,109.0,1,-0.05929,0.05929,0.29068,0.31692,0.53063,0.57485,0.56307,0.65382,1426.56595,1479.62909,0.5731,0.4269,1.80895,2.46795,0.66667,248.33333,40.0,81.66667,0.492,11.0,30.0,0.365,14.66667,17.33333,0.81933,8.33333,28.33333,36.66667,28.33333,6.66667,3.66667,15.66667,18.0,105.66667,248.33333,45.66667,92.0,0.49633,11.33333,27.66667,0.40667,13.33333,16.66667,0.8,12.33333,34.33333,46.66667,27.66667,9.66667,4.0,12.66667,19.0,116.0,1,0.13194,-0.13194,0.44367,0.24389,0.55771,0.55885,0.60619,0.6195,1528.42716,1544.14703,0.54283,0.45717,1.85446,2.20994,1.0,,,,
240.0,36.33333,85.66667,0.425,9.0,22.66667,0.4,14.33333,19.0,0.75833,11.0,28.66667,39.66667,20.66667,9.0,5.33333,11.66667,19.0,96.0,240.0,39.66667,85.0,0.46733,9.33333,29.0,0.32433,12.33333,16.66667,0.74133,11.33333,34.33333,45.66667,27.33333,8.33333,7.33333,16.0,18.33333,101.0,1,0.0936,-0.0936,0.40318,0.35691,0.52202,0.47769,0.56986,0.53531,1590.36244,1535.20099,0.42917,0.57083,2.42558,1.78369,0.66667,248.33333,49.0,97.33333,0.503,11.33333,30.0,0.377,12.33333,13.66667,0.91667,9.66667,31.33333,41.0,27.66667,10.0,2.33333,10.0,23.33333,121.66667,248.33333,41.0,83.66667,0.48767,8.33333,26.33333,0.31033,24.33333,28.66667,0.856,8.66667,32.33333,41.0,20.66667,5.0,4.33333,14.33333,13.66667,114.66667,1,-0.09759,0.09759,0.27738,0.2977,0.53697,0.56175,0.63556,0.60668,1488.76671,1519.4043,0.5276,0.4724,2.01035,2.31424,0.33333,,,,
240.0,40.0,87.33333,0.45967,13.33333,30.0,0.42467,20.0,25.66667,0.779,11.33333,33.33333,44.66667,23.66667,9.0,2.66667,10.0,16.33333,113.33333,240.0,42.66667,87.0,0.492,13.66667,35.0,0.404,12.66667,17.0,0.75,7.66667,33.33333,41.0,30.0,6.66667,3.33333,12.66667,19.33333,111.66667,1,-0.03174,0.03174,0.24853,0.3389,0.57097,0.53426,0.61662,0.60992,1380.59986,1490.05774,0.65284,0.34716,1.53994,2.94501,0.33333,240.0,41.0,84.66667,0.48367,15.0,39.66667,0.36167,13.66667,17.0,0.82567,7.0,37.0,44.0,29.0,6.33333,6.0,16.33333,15.33333,110.66667,240.0,41.66667,89.66667,0.466,13.0,32.33333,0.39233,13.33333,17.33333,0.757,7.0,34.0,41.0,24.0,8.0,2.0,12.33333,17.0,109.66667,1,-0.00988,0.00988,0.19105,0.20745,0.53924,0.57023,0.58893,0.62418,1350.88724,1467.41855,0.6678,0.3322,1.5252,3.25194,0.66667,,,,
240.0,40.33333,88.33333,0.45533,10.33333,29.33333,0.33933,18.0,24.0,0.75367,10.33333,30.0,40.33333,20.33333,7.66667,1.33333,11.66667,19.0,109.0,240.0,42.0,85.0,0.494,9.33333,29.66667,0.30233,18.33333,21.66667,0.84133,8.66667,34.0,42.66667,26.33333,7.66667,6.0,13.0,19.0,111.66667,1,0.05485,-0.05485,0.28519,0.30294,0.54749,0.51348,0.62182,0.57942,1555.14665,1506.47359,0.44008,0.55992,2.3768,1.82456,0.66667,240.0,39.0,89.66667,0.434,9.33333,29.33333,0.32167,16.0,19.0,0.83467,10.0,37.66667,47.66667,26.0,6.66667,6.66667,11.0,14.66667,103.33333,240.0,38.66667,90.0,0.429,10.33333,28.33333,0.35433,11.33333,14.66667,0.80567,9.66667,36.0,45.66667,26.66667,5.0,7.0,10.33333,19.0,99.0,1,-0.08904,0.08904,0.26164,0.28935,0.48593,0.48603,0.52895,0.54986,1398.77422,1462.20437,0.58553,0.41447,1.76321,2.56402,0.33333,,,,
248.33333,43.66667,95.66667,0.45433,8.0,27.66667,0.28767,14.66667,17.33333,0.87867,10.33333,33.33333,43.66667,23.66667,6.66667,4.0,13.33333,22.66667,110.0,248.33333,44.33333,92.66667,0.47733,8.66667,26.0,0.333,20.0,26.0,0.76667,13.0,36.0,49.0,28.0,8.0,4.66667,13.33333,15.66667,117.33333,1,0.08806,-0.08806,0.38911,0.29451,0.52413,0.496,0.59509,0.55178,1555.86788,1411.25856,0.31485,0.68515,3.32575,1.4721,0.66667,240.0,40.33333,89.0,0.45067,11.0,30.66667,0.368,11.0,13.0,0.85067,8.33333,33.33333,41.66667,25.66667,6.66667,3.66667,13.66667,22.0,102.66667,240.0,38.33333,79.66667,0.48367,12.33333,27.66667,0.44567,20.66667,25.66667,0.80333,5.66667,36.66667,42.33333,21.66667,8.33333,3.33333,13.0,14.33333,109.66667,1,0.10018,-0.10018,0.17353,0.24167,0.56142,0.51351,0.64552,0.5575,1514.85671,1542.94738,0.54603,0.45397,1.9276,2.43476,1.0,,,,
240.0,39.33333,87.66667,0.44933,10.0,30.66667,0.32367,14.33333,18.33333,0.77867,9.0,34.0,43.0,23.33333,10.0,3.66667,15.33333,18.33333,103.0,240.0,40.0,84.66667,0.47033,12.66667,32.0,0.39967,16.0,21.66667,0.77333,9.66667,36.33333,46.0,27.33333,9.33333,7.33333,14.33333,14.66667,108.66667,1,0.07591,-0.07591,0.29142,0.2483,0.54561,0.50667,0.60727,0.56252,1576.61067,1269.99225,0.1807,0.8193,8.91467,1.25225,1.0,240.0,36.33333,87.33333,0.41667,10.0,30.0,0.35,18.66667,23.33333,0.81567,8.0,42.66667,50.66667,21.0,8.66667,4.0,11.66667,15.66667,101.33333,240.0,38.66667,89.66667,0.43167,13.33333,37.66667,0.35733,11.0,15.33333,0.717,6.33333,40.66667,47.0,23.66667,7.66667,5.33333,11.0,18.33333,101.66667,1,0.00133,-0.00133,0.15169,0.18982,0.50542,0.47376,0.54559,0.54836,1449.54574,1552.77009,0.64637,0.35363,1.56232,2.9118,0.33333,,,,
248.33333,48.0,89.33333,0.539,11.66667,29.66667,0.39333,15.66667,19.33333,0.82733,9.66667,34.0,43.66667,29.66667,4.66667,5.66667,11.0,22.0,123.33333,248.33333,45.0,95.66667,0.474,13.0,31.66667,0.39667,15.0,23.33333,0.67,14.0,27.66667,41.66667,27.66667,8.33333,6.0,9.0,19.66667,118.0,0,-0.06019,0.06019,0.42274,0.3455,0.53984,0.60451,0.58788,0.66002,1597.77944,1539.4239,0.40631,0.59369,2.58728,1.7198,0.33333,240.0,40.66667,79.33333,0.51633,9.66667,24.33333,0.384,18.66667,23.0,0.817,6.66667,32.33333,39.0,25.0,9.66667,4.66667,17.66667,20.33333,109.66667,240.0,42.66667,89.0,0.47933,9.33333,25.33333,0.36133,17.33333,20.33333,0.86167,10.66667,29.66667,40.33333,26.33333,9.66667,3.0,14.0,18.33333,112.0,0,0.03034,-0.03034,0.37054,0.22248,0.53174,0.57856,0.59875,0.65379,1566.98783,1426.54962,0.32193,0.67807,3.80567,1.58101,0.66667,,,,
240.0,40.0,86.66667,0.46133,9.33333,30.0,0.32033,13.33333,16.33333,0.809,9.33333,35.0,44.33333,20.66667,6.66667,3.0,14.66667,19.0,102.66667,240.0,41.0,83.0,0.49433,12.33333,34.0,0.35667,14.66667,21.66667,0.67967,6.0,33.0,39.0,21.33333,10.0,4.33333,9.66667,14.66667,109.0,0,0.0838,-0.0838,0.16816,0.2872,0.5683,0.51517,0.62138,0.56827,1586.46314,1589.81242,0.51544,0.48456,2.16281,2.33011,1.0,248.33333,41.66667,91.66667,0.45567,9.0,25.33333,0.36267,16.0,19.66667,0.805,9.66667,32.66667,42.33333,24.0,8.0,2.66667,10.0,26.66667,108.33333,248.33333,38.66667,89.33333,0.43267,10.66667,34.66667,0.30833,23.66667,29.33333,0.806,14.33333,36.66667,51.0,26.33333,5.0,7.66667,14.33333,19.66667,111.66667,0,0.04471,-0.04471,0.4399,0.26487,0.49249,0.5044,0.58162,0.56398,1534.4624,1523.16503,0.48393,0.51607,2.08504,1.95194,1.0,,,,
240.0,41.66667,85.33333,0.48733,10.0,30.0,0.33067,18.0,21.0,0.83333,8.0,32.0,40.0,27.66667,8.0,5.66667,13.33333,18.0,111.33333,240.0,41.33333,92.66667,0.446,11.33333,34.0,0.34667,17.0,22.66667,0.74667,14.33333,35.33333,49.66667,23.0,7.66667,2.0,13.66667,20.0,111.0,0,-0.01003,0.01003,0.45643,0.2293,0.50709,0.54554,0.56888,0.61868,1465.8809,1593.71356,0.664,0.336,1.57426,4.00149,0.33333,240.0,36.66667,78.0,0.47,8.66667,22.66667,0.35567,18.66667,26.33333,0.70667,8.33333,28.66667,37.0,21.66667,7.33333,4.0,15.0,23.0,100.66667,240.0,42.33333,82.0,0.518,12.0,30.33333,0.39367,17.0,27.0,0.62867,10.33333,30.66667,41.0,26.66667,8.0,6.0,12.66667,21.0,113.66667,0,0.17702,-0.17702,0.35462,0.27693,0.59126,0.52671,0.6478,0.6015,1618.11726,1455.79157,0.3037,0.6963,3.64136,1.45756,1.0,,,,
240.0,33.66667,81.33333,0.413,14.0,38.0,0.36467,19.66667,24.66667,0.81867,7.66667,35.33333,43.0,16.33333,5.0,4.0,12.0,20.33333,101.0,240.0,39.33333,84.0,0.47,9.0,27.0,0.34133,15.66667,21.0,0.75833,9.0,37.33333,46.33333,20.33333,9.33333,6.33333,11.0,18.66667,103.33333,0,0.04428,-0.04428,0.25913,0.20547,0.52346,0.49858,0.5843,0.58161,1554.65756,1723.14633,0.738,0.262,1.35978,3.93341,0.33333,240.0,39.0,81.0,0.48133,10.33333,30.66667,0.33467,18.66667,24.33333,0.77667,5.66667,34.0,39.66667,25.33333,8.33333,6.33333,10.0,17.33333,107.0,240.0,38.66667,86.0,0.45367,9.0,27.33333,0.322,12.33333,15.66667,0.766,9.0,32.33333,41.33333,26.33333,4.66667,4.66667,14.33333,23.0,98.66667,0,-0.1168,0.1168,0.2614,0.18339,0.50748,0.54523,0.55647,0.61946,1296.0784,1529.25418,0.78295,0.21705,1.28454,4.96196,0.0,,,,
240.0,37.0,81.66667,0.45467,11.0,29.66667,0.36767,20.33333,28.66667,0.71567,8.0,35.33333,43.33333,23.66667,5.66667,4.66667,12.33333,21.0,105.33333,240.0,40.66667,91.0,0.44667,10.66667,31.66667,0.33,15.33333,21.33333,0.727,11.66667,35.0,46.66667,23.33333,7.0,4.33333,10.33333,23.0,107.33333,1,0.02125,-0.02125,0.33825,0.23529,0.50441,0.52317,0.56057,0.60116,1478.85385,1491.89864,0.52067,0.47933,2.10999,2.32535,0.66667,240.0,45.33333,89.33333,0.51,10.33333,27.66667,0.37133,18.0,23.66667,0.751,8.66667,32.0,40.66667,31.33333,10.0,8.66667,8.66667,24.33333,119.0,240.0,41.66667,89.0,0.468,4.33333,16.66667,0.26133,21.66667,32.0,0.62933,14.66667,34.0,48.66667,25.0,6.66667,2.66667,13.33333,20.0,109.33333,1,-0.11937,0.11937,0.46845,0.26487,0.49328,0.56794,0.57189,0.63216,1523.3126,1555.07572,0.52419,0.47581,1.913,2.10932,0.33333,,,,
240.0,37.33333,88.66667,0.42167,8.0,23.66667,0.34,13.0,16.0,0.796,10.0,28.0,38.0,19.66667,9.0,3.66667,18.33333,19.33333,95.66667,240.0,42.0,85.66667,0.49,11.66667,32.0,0.35933,20.66667,23.33333,0.887,12.33333,35.33333,47.66667,29.0,11.0,5.33333,15.33333,17.33333,116.33333,0,0.28124,-0.28124,0.46183,0.28285,0.55833,0.46616,0.64087,0.51943,1560.90066,1334.9623,0.22796,0.77204,4.51011,1.29871,1.0,248.33333,44.0,89.0,0.494,9.0,31.0,0.29133,18.0,21.33333,0.84033,12.0,37.0,49.0,24.66667,7.0,5.66667,13.66667,22.66667,115.0,248.33333,39.0,95.0,0.411,12.33333,36.33333,0.32933,22.0,30.66667,0.71133,17.66667,31.33333,49.0,18.0,10.0,3.33333,11.33333,20.33333,112.33333,0,-0.03503,0.03503,0.48591,0.41132,0.47403,0.54443,0.55327,0.61362,1589.66973,1577.2533,0.48235,0.51765,2.09166,1.94522,0.0,,,,
240.0,41.66667,87.0,0.47967,10.33333,36.0,0.287,10.66667,13.33333,0.853,8.66667,38.0,46.66667,26.0,3.66667,3.66667,11.66667,22.0,104.33333,240.0,37.66667,81.0,0.466,9.66667,25.66667,0.38167,21.66667,26.0,0.83233,4.66667,34.0,38.66667,19.66667,7.0,3.66667,6.66667,17.0,106.66667,0,0.03042,-0.03042,0.12342,0.25786,0.52622,0.53851,0.61643,0.58129,1529.6861,1682.55136,0.71315,0.28685,1.40936,3.59287,0.66667,248.33333,37.0,86.66667,0.427,12.33333,34.33333,0.36,21.33333,27.0,0.77833,8.66667,37.66667,46.33333,24.33333,10.0,3.33333,13.0,18.0,107.66667,248.33333,41.33333,91.0,0.45467,6.66667,24.0,0.29367,11.66667,16.0,0.72633,9.66667,37.0,46.66667,20.66667,7.33333,6.0,15.66667,20.66667,101.0,0,-0.092,0.092,0.25651,0.23786,0.49083,0.49878,0.53377,0.58208,1520.8051,1446.06553,0.39255,0.60745,2.95659,1.79175,0.33333,,,,
256.66667,45.0,95.66667,0.471,11.0,29.0,0.381,20.33333,24.0,0.85167,10.33333,33.66667,44.0,27.0,9.66667,6.33333,10.33333,25.0,121.33333,256.66667,43.0,93.0,0.46233,9.33333,28.0,0.34367,22.0,27.33333,0.84133,15.0,37.33333,52.33333,30.0,3.33333,6.0,14.33333,21.0,117.33333,0,-0.0541,0.0541,0.44833,0.28574,0.51256,0.52829,0.59193,0.60111,1477.40101,1481.60798,0.50004,0.49996,2.04074,2.04653,0.33333,240.0,39.66667,87.33333,0.45433,14.66667,38.66667,0.38367,13.33333,23.0,0.54133,7.0,33.0,40.0,22.66667,5.66667,4.66667,14.66667,14.66667,107.33333,240.0,48.66667,94.33333,0.51633,10.33333,29.0,0.36133,13.0,17.66667,0.72233,9.0,41.33333,50.33333,31.66667,10.0,7.0,10.66667,21.33333,120.66667,0,0.17977,-0.17977,0.27273,0.17916,0.5709,0.53931,0.61376,0.58075,1648.84101,1449.45994,0.25087,0.74913,4.14319,1.34117,1.0,,,,
240.0,37.33333,91.0,0.412,9.33333,31.66667,0.296,11.33333,16.0,0.726,9.33333,36.0,45.33333,24.0,9.0,5.0,8.66667,13.0,95.33333,240.0,36.66667,83.0,0.44367,10.66667,34.33333,0.293,9.0,12.33333,0.81933,6.0,41.0,47.0,26.0,4.33333,5.66667,14.0,17.66667,93.0,0,-0.05526,0.05526,0.16667,0.23156,0.50938,0.46334,0.54524,0.50567,1470.34346,1378.50853,0.38935,0.61065,3.70297,1.78017,0.66667,240.0,40.0,82.66667,0.48733,10.0,26.33333,0.342,18.0,22.0,0.81967,11.33333,32.33333,43.66667,21.66667,5.66667,6.66667,15.33333,18.33333,108.0,240.0,42.0,86.0,0.491,6.33333,22.33333,0.27767,17.33333,23.0,0.74533,10.0,29.66667,39.66667,25.0,8.0,4.33333,11.0,20.0,107.66667,0,-0.00116,0.00116,0.31013,0.38824,0.52813,0.55102,0.5934,0.6238,1478.96785,1520.26062,0.55336,0.44664,1.92877,2.40204,0.66667,,,,
248.33333,40.0,90.66667,0.44133,9.0,24.0,0.37467,20.33333,29.33333,0.702,11.66667,29.0,40.66667,26.0,9.0,6.66667,10.0,22.0,109.33333,248.33333,43.33333,84.33333,0.513,9.33333,21.33333,0.424,21.0,26.33333,0.80067,8.66667,38.33333,47.0,28.66667,5.66667,4.0,14.33333,24.0,117.0,0,0.09742,-0.09742,0.3044,0.30357,0.56793,0.49125,0.64927,0.56346,1531.50377,1577.702,0.58225,0.41775,1.7239,2.41293,1.0,240.0,40.66667,97.66667,0.41633,9.66667,31.66667,0.30533,12.66667,16.66667,0.78433,14.0,31.0,45.0,21.0,11.0,4.0,16.33333,19.33333,103.66667,240.0,42.0,87.66667,0.47933,10.33333,30.66667,0.31833,15.66667,18.66667,0.85433,9.66667,39.0,48.66667,29.33333,10.0,6.66667,17.66667,19.33333,110.0,0,0.08332,-0.08332,0.32631,0.35701,0.5397,0.46574,0.60099,0.51154,1504.47166,1503.9276,0.51074,0.48926,2.24924,2.24297,0.33333,,,,
240.0,40.66667,82.33333,0.495,9.66667,25.33333,0.392,13.33333,16.33333,0.851,7.0,31.0,38.0,28.66667,6.33333,4.0,16.0,18.66667,104.33333,240.0,42.66667,81.0,0.527,15.66667,35.66667,0.45267,16.33333,22.66667,0.715,7.0,33.33333,40.33333,27.33333,10.0,2.33333,14.0,15.0,117.33333,0,0.17379,-0.17379,0.223,0.21993,0.62372,0.55505,0.6828,0.60968,1531.68269,1517.15943,0.50581,0.49419,2.4658,2.5926,1.0,240.0,39.0,86.33333,0.451,13.66667,34.0,0.40733,17.33333,22.0,0.775,10.33333,38.33333,48.66667,24.0,6.0,4.33333,12.0,18.33333,109.0,240.0,37.33333,91.33333,0.41,8.0,30.33333,0.282,13.0,18.0,0.72367,12.0,34.0,46.0,23.33333,5.66667,6.0,11.0,17.33333,95.66667,0,-0.1727,0.1727,0.3178,0.31503,0.4539,0.53061,0.50319,0.59709,1380.54277,1419.74251,0.54072,0.45928,1.90196,2.2469,0.33333,,,,
240.0,43.33333,82.0,0.53133,12.0,30.66667,0.39433,15.66667,21.66667,0.72667,8.0,37.66667,45.66667,30.33333,7.33333,6.33333,16.0,19.66667,114.33333,240.0,37.66667,91.33333,0.41267,6.33333,21.33333,0.311,13.33333,15.33333,0.88233,11.0,28.0,39.0,21.0,9.0,4.0,11.66667,19.33333,95.0,0,-0.26665,0.26665,0.29472,0.28872,0.44732,0.60456,0.50165,0.66151,1551.85228,1617.94872,0.55799,0.44201,1.85887,2.40979,0.0,240.0,37.0,84.66667,0.438,8.0,17.33333,0.44933,17.66667,24.33333,0.748,9.66667,34.66667,44.33333,18.33333,5.66667,4.66667,13.33333,17.66667,99.66667,240.0,40.0,90.0,0.44533,9.33333,33.66667,0.275,16.66667,18.66667,0.886,10.66667,34.66667,45.33333,24.66667,8.66667,5.66667,10.33333,20.0,106.0,0,0.08812,-0.08812,0.30647,0.27856,0.49764,0.48621,0.5648,0.55722,1594.45552,1487.88752,0.37005,0.62995,3.21066,1.64822,0.66667,,,,
240.0,36.0,88.66667,0.40733,8.0,25.0,0.31633,10.66667,16.33333,0.63533,11.0,32.0,43.0,20.0,7.33333,5.0,11.66667,21.66667,90.66667,240.0,34.0,78.66667,0.43167,6.33333,24.33333,0.274,16.66667,25.33333,0.666,9.33333,36.33333,45.66667,18.66667,6.0,6.0,14.33333,16.33333,91.0,0,0.00421,-0.00421,0.28971,0.31779,0.47212,0.45231,0.53993,0.49257,1364.7168,1293.08639,0.4067,0.5933,2.77322,1.75834,0.33333,240.0,35.0,83.33333,0.41667,9.66667,29.66667,0.32867,16.0,20.33333,0.80133,9.66667,32.0,41.66667,16.33333,6.0,3.66667,12.33333,19.66667,95.66667,240.0,40.33333,82.0,0.49133,8.66667,23.0,0.36833,17.0,24.0,0.70467,8.66667,35.33333,44.0,20.66667,11.0,5.66667,10.33333,16.33333,106.33333,0,0.15657,-0.15657,0.26582,0.27929,0.54402,0.4743,0.60879,0.54356,1580.30068,1630.92475,0.59501,0.40499,1.72157,2.65084,1.0,,,,
240.0,32.0,81.0,0.39367,7.66667,26.0,0.278,22.0,26.33333,0.83333,10.33333,31.0,41.33333,17.0,10.33333,3.33333,16.33333,17.0,93.66667,240.0,41.33333,84.66667,0.491,10.0,27.66667,0.351,12.33333,16.33333,0.75467,10.33333,36.33333,46.66667,27.33333,8.0,4.66667,15.0,24.0,105.0,0,0.17234,-0.17234,0.33292,0.28393,0.54981,0.4399,0.59741,0.53833,1560.98483,1578.54406,0.54354,0.45646,1.93873,2.32064,1.0,240.0,37.66667,79.33333,0.477,10.33333,28.66667,0.333,16.66667,21.66667,0.76633,6.33333,34.0,40.33333,24.33333,7.0,7.33333,17.66667,17.33333,102.33333,240.0,41.0,87.66667,0.47133,6.33333,22.0,0.282,18.0,23.0,0.78233,11.0,35.0,46.0,24.66667,10.33333,3.0,13.0,20.0,106.33333,0,0.06708,-0.06708,0.32448,0.18802,0.50724,0.5436,0.57604,0.61203,1483.64292,1450.23413,0.45863,0.54137,2.35622,2.00426,0.66667,,,,
248.33333,42.33333,94.33333,0.44833,9.66667,27.66667,0.348,17.33333,20.0,0.86967,11.0,34.33333,45.33333,26.33333,7.0,6.0,13.0,22.33333,111.66667,248.33333,44.33333,96.66667,0.457,11.66667,31.0,0.384,19.66667,24.0,0.84567,15.66667,37.0,52.66667,30.66667,6.66667,7.33333,12.33333,19.0,120.0,0,0.10455,-0.10455,0.45875,0.30403,0.51706,0.49921,0.58764,0.56408,1532.55036,1482.80231,0.43557,0.56443,2.51318,1.87356,0.66667,240.0,40.0,87.66667,0.45733,13.33333,35.0,0.39033,11.0,15.66667,0.708,8.0,33.33333,41.33333,25.0,10.66667,3.33333,15.0,17.66667,104.33333,240.0,44.33333,88.33333,0.50633,9.66667,27.0,0.351,10.66667,17.33333,0.62067,12.0,37.66667,49.66667,30.0,8.0,6.0,14.33333,15.66667,109.0,0,0.06533,-0.06533,0.35907,0.20813,0.56315,0.53358,0.5969,0.57374,1575.27821,1365.40353,0.23286,0.76714,4.43676,1.30782,0.66667,,,,
240.0,43.33333,88.33333,0.49067,15.33333,35.66667,0.42867,21.66667,27.0,0.81133,8.66667,31.66667,40.33333,25.0,8.0,1.66667,10.33333,18.0,123.66667,240.0,45.0,88.0,0.51233,10.0,30.0,0.32133,15.33333,19.0,0.758,8.33333,32.0,40.33333,27.0,5.66667,5.33333,13.0,19.66667,115.33333,0,-0.1069,0.1069,0.26138,0.26911,0.56745,0.57819,0.62626,0.65666,1512.15147,1514.4648,0.49216,0.50784,2.21986,2.13228,0.33333,248.33333,41.33333,89.33333,0.46267,13.66667,35.33333,0.37967,14.33333,16.66667,0.83133,11.0,33.33333,44.33333,29.33333,7.0,5.0,13.0,14.0,110.66667,248.33333,44.66667,94.0,0.477,10.33333,27.66667,0.37433,11.0,14.66667,0.72267,12.0,38.33333,50.33333,26.66667,8.66667,4.66667,12.0,19.0,110.66667,0,-0.0092,0.0092,0.37401,0.29269,0.53202,0.5379,0.57094,0.59545,1531.91193,1531.93954,0.50359,0.49641,2.03675,2.06971,0.66667,,,,
240.0,39.0,88.0,0.44167,8.33333,21.66667,0.389,13.66667,18.0,0.76367,8.33333,31.0,39.33333,22.0,10.0,4.33333,13.0,22.33333,100.0,240.0,39.0,84.33333,0.46333,10.0,30.66667,0.32667,17.33333,22.0,0.76833,9.0,36.66667,45.66667,28.33333,8.33333,6.33333,18.66667,17.66667,105.33333,1,0.10087,-0.10087,0.29526,0.22385,0.52258,0.48892,0.59131,0.54259,1569.10862,1539.0432,0.46576,0.53424,2.29298,1.95026,0.66667,240.0,44.0,91.0,0.48433,10.66667,27.33333,0.399,11.66667,13.66667,0.85533,9.66667,32.33333,42.0,30.66667,8.33333,3.66667,13.66667,22.66667,110.33333,240.0,39.0,82.66667,0.47767,10.66667,27.0,0.388,21.0,27.33333,0.77133,8.0,33.66667,41.66667,19.66667,9.0,4.0,14.0,15.33333,109.66667,1,-0.01263,0.01263,0.25828,0.29435,0.54444,0.54322,0.62723,0.58808,1514.88138,1531.15926,0.51554,0.48446,2.14978,2.35673,0.66667,,,,
240.0,38.0,86.33333,0.439,9.0,26.66667,0.32633,15.66667,18.33333,0.83333,9.0,30.66667,39.66667,23.33333,7.33333,5.0,14.0,15.66667,100.66667,240.0,45.66667,91.66667,0.49833,12.66667,33.0,0.39133,11.0,14.66667,0.75067,11.0,37.33333,48.33333,27.0,8.33333,3.0,13.33333,20.0,115.0,1,0.20463,-0.20463,0.37407,0.24518,0.56737,0.49078,0.60614,0.5562,1485.59035,1583.31276,0.63323,0.36677,1.71073,3.88805,0.66667,240.0,33.66667,82.0,0.40733,8.66667,25.66667,0.35433,15.0,19.0,0.79467,10.33333,32.0,42.33333,15.33333,3.66667,3.33333,11.33333,20.0,91.0,240.0,40.33333,82.33333,0.48967,6.33333,21.66667,0.30267,17.66667,23.66667,0.73633,7.66667,35.33333,43.0,19.33333,8.66667,5.66667,7.66667,15.0,104.66667,1,0.20596,-0.20596,0.23552,0.2989,0.52776,0.45989,0.59763,0.52663,1587.83097,1531.28407,0.46909,0.53091,3.23489,2.33093,1.0,,,,
248.33333,39.33333,92.33333,0.426,8.33333,23.66667,0.35233,19.66667,24.66667,0.801,12.33333,28.66667,41.0,23.66667,9.66667,5.33333,13.0,22.0,106.66667,248.33333,45.33333,85.33333,0.52967,7.66667,19.66667,0.37267,20.66667,26.66667,0.76933,9.0,38.33333,47.33333,27.66667,7.66667,3.33333,15.33333,21.66667,119.0,0,0.15941,-0.15941,0.32197,0.32024,0.57437,0.47122,0.65253,0.54586,1530.66442,1579.36157,0.59458,0.40542,1.6857,2.47932,1.0,240.0,46.0,88.0,0.52367,11.0,26.0,0.43733,13.33333,16.0,0.84933,6.66667,30.66667,37.33333,31.66667,13.0,4.33333,12.66667,15.0,116.33333,240.0,46.0,84.66667,0.54333,12.66667,27.0,0.473,10.0,11.66667,0.84167,5.66667,33.66667,39.33333,29.33333,7.66667,4.66667,16.33333,18.0,114.66667,0,-0.01934,0.01934,0.18258,0.19862,0.61782,0.58602,0.65849,0.63609,1596.26879,1422.95332,0.28314,0.71686,4.48567,1.42893,0.33333,,,,
240.0,31.33333,82.33333,0.37867,12.0,41.33333,0.283,15.66667,19.0,0.811,8.0,35.66667,43.66667,14.0,4.66667,4.66667,13.66667,20.66667,90.33333,240.0,38.66667,83.66667,0.46367,7.66667,26.33333,0.3,13.33333,18.66667,0.728,7.66667,40.0,47.66667,21.0,9.33333,5.0,12.0,17.33333,98.33333,0,0.13128,-0.13128,0.2141,0.20033,0.50913,0.4506,0.56108,0.52056,1459.03885,1716.50818,0.8165,0.1835,1.23612,7.20017,0.66667,248.33333,40.66667,83.66667,0.491,9.66667,26.0,0.359,16.0,21.33333,0.74533,8.66667,33.66667,42.33333,22.66667,7.66667,5.33333,15.0,20.33333,107.0,248.33333,40.66667,88.66667,0.459,8.0,23.0,0.34733,18.0,21.66667,0.845,11.0,30.33333,41.33333,23.33333,10.0,3.33333,12.33333,18.0,107.33333,0,0.00869,-0.00869,0.3719,0.28221,0.50404,0.54886,0.57434,0.61028,1569.93845,1500.72815,0.40993,0.59007,2.88629,1.78905,0.66667,,,,
240.0,39.0,91.33333,0.427,7.33333,25.0,0.29267,15.33333,19.66667,0.78767,12.0,34.33333,46.33333,20.33333,9.33333,5.0,7.33333,18.66667,100.66667,240.0,34.66667,84.66667,0.409,10.0,29.33333,0.344,16.66667,20.33333,0.797,10.66667,38.0,48.66667,19.66667,3.66667,4.66667,14.66667,18.33333,96.0,0,-0.06397,0.06397,0.32089,0.31765,0.46797,0.46714,0.53873,0.52611,1491.08866,1564.8608,0.59149,0.40851,1.70588,2.49958,0.33333,240.0,37.66667,82.66667,0.461,9.66667,26.66667,0.367,17.0,23.33333,0.709,10.0,31.66667,41.66667,20.66667,9.0,2.66667,15.33333,20.33333,102.0,240.0,37.66667,77.66667,0.484,14.33333,40.0,0.359,16.33333,24.66667,0.66267,7.33333,34.33333,41.66667,21.66667,10.0,4.33333,13.66667,18.0,106.0,0,0.05145,-0.05145,0.23223,0.29563,0.57591,0.52055,0.63649,0.58599,1724.20779,1567.20185,0.29149,0.70851,3.48103,1.41449,0.66667,,,,
248.33333,39.33333,89.33333,0.44067,12.66667,33.33333,0.36867,15.33333,17.66667,0.855,8.0,37.0,45.0,25.0,8.66667,6.0,13.33333,18.66667,106.66667,248.33333,40.66667,89.66667,0.454,11.66667,30.0,0.378,14.0,19.66667,0.708,9.66667,40.33333,50.0,26.33333,8.0,6.0,14.66667,18.66667,107.0,0,-0.00816,0.00816,0.26564,0.20019,0.51891,0.51096,0.56914,0.57222,1416.30608,1520.83671,0.65358,0.34642,1.5825,3.17488,0.66667,240.0,40.66667,90.33333,0.45133,11.33333,33.0,0.342,14.66667,20.66667,0.688,9.33333,33.0,42.33333,23.33333,6.0,4.33333,15.33333,15.33333,107.33333,240.0,49.33333,99.0,0.49833,12.33333,34.0,0.35733,12.66667,16.66667,0.74433,12.33333,38.66667,51.0,34.0,11.66667,6.0,11.33333,19.66667,123.66667,0,0.21427,-0.21427,0.37374,0.24166,0.56016,0.51441,0.60145,0.56607,1653.88135,1480.56698,0.27995,0.72005,3.62799,1.39188,1.0,,,,
240.0,45.0,90.0,0.49967,14.66667,33.0,0.44333,13.66667,19.66667,0.74567,8.33333,39.0,47.33333,32.33333,11.0,5.33333,15.0,21.0,118.33333,240.0,37.66667,89.33333,0.421,12.66667,34.33333,0.365,19.66667,27.66667,0.69833,8.66667,31.66667,40.33333,24.66667,7.33333,5.0,14.33333,18.66667,107.66667,1,-0.13723,0.13723,0.22418,0.26426,0.49203,0.58149,0.56499,0.62732,1433.66994,1647.18259,0.75539,0.24461,1.33639,4.66044,0.0,248.33333,38.0,87.0,0.43633,12.0,32.66667,0.36467,19.33333,24.66667,0.77033,9.33333,37.0,46.33333,23.0,8.0,5.0,12.33333,18.0,107.33333,248.33333,42.33333,94.66667,0.44833,8.0,27.0,0.29733,10.66667,15.66667,0.689,12.66667,35.66667,48.33333,23.0,8.0,6.33333,12.66667,19.33333,103.33333,1,-0.05768,0.05768,0.33984,0.26203,0.48962,0.50609,0.52654,0.58141,1514.05282,1542.86667,0.5354,0.4646,2.37517,2.6539,0.66667,,,,
240.0,46.0,93.66667,0.49367,12.66667,31.66667,0.39833,15.66667,20.66667,0.75767,8.66667,37.66667,46.33333,34.0,12.33333,7.66667,10.0,18.66667,120.33333,240.0,43.66667,94.0,0.46567,8.66667,27.66667,0.282,11.66667,18.66667,0.60867,12.33333,38.0,50.33333,26.66667,5.66667,3.33333,15.66667,19.0,107.66667,1,-0.16365,0.16365,0.32234,0.22777,0.51288,0.56095,0.55166,0.61478,1451.52072,1521.34266,0.56826,0.43174,1.91297,2.90738,0.0,240.0,36.33333,88.66667,0.41,7.0,19.0,0.36167,16.0,23.66667,0.70433,11.33333,35.66667,47.0,17.0,5.66667,5.66667,13.66667,18.0,95.66667,240.0,40.33333,89.33333,0.45233,9.66667,30.66667,0.31933,16.33333,19.0,0.84867,9.33333,37.0,46.33333,25.66667,9.0,7.0,11.0,20.66667,106.66667,1,0.15601,-0.15601,0.26445,0.30447,0.50688,0.44946,0.5718,0.51006,1592.28475,1510.32843,0.40906,0.59094,3.07435,1.8341,1.0,,,,
240.0,37.33333,89.0,0.422,8.33333,27.66667,0.30767,10.66667,14.33333,0.758,13.66667,34.33333,48.0,14.66667,7.33333,3.0,16.0,21.66667,93.66667,240.0,37.33333,80.0,0.46633,8.66667,28.0,0.305,16.66667,23.66667,0.70267,6.66667,35.33333,42.0,19.66667,9.66667,4.33333,11.33333,15.33333,100.0,0,0.092,-0.092,0.18859,0.38244,0.52187,0.46893,0.58787,0.51092,1621.83219,1585.92905,0.46242,0.53758,2.29852,1.92376,1.0,240.0,38.33333,93.33333,0.41067,9.0,29.0,0.312,15.0,19.66667,0.765,12.33333,29.66667,42.0,21.66667,10.33333,2.0,18.66667,19.33333,100.66667,240.0,45.0,85.66667,0.524,10.66667,29.0,0.35033,15.66667,20.33333,0.77267,9.66667,38.0,47.66667,30.0,12.66667,5.0,18.66667,19.66667,116.33333,0,0.20698,-0.20698,0.34511,0.32523,0.58656,0.45874,0.64474,0.515,1519.02381,1497.18178,0.49763,0.50237,2.28491,2.15793,0.66667,,,,
240.0,37.33333,89.0,0.42,11.0,33.0,0.331,25.0,32.0,0.77467,12.0,33.33333,45.33333,22.0,11.0,4.33333,12.66667,19.0,110.66667,240.0,38.0,82.0,0.464,10.0,30.33333,0.31633,13.66667,20.0,0.66867,7.0,35.66667,42.66667,24.0,8.66667,4.0,17.66667,22.66667,99.66667,0,-0.15218,0.15218,0.21121,0.33565,0.52613,0.48267,0.57863,0.57844,1575.47956,1596.75489,0.51646,0.48354,2.14215,2.2309,0.0,240.0,33.66667,79.66667,0.426,7.33333,21.33333,0.313,20.0,26.66667,0.776,9.0,30.0,39.0,18.33333,7.0,3.66667,15.66667,22.0,94.66667,240.0,45.0,87.33333,0.51533,12.33333,31.66667,0.38833,15.33333,22.66667,0.69267,12.0,34.33333,46.33333,27.0,9.0,6.33333,12.66667,21.33333,117.66667,0,0.32685,-0.32685,0.39821,0.27309,0.5859,0.47367,0.63768,0.5568,1633.17773,1533.35415,0.38524,0.61476,2.62589,1.63366,1.0,,,,
240.0,40.33333,82.66667,0.494,10.66667,29.0,0.36733,17.33333,23.66667,0.73133,9.0,38.66667,47.66667,27.33333,7.0,6.0,16.0,20.66667,108.66667,240.0,38.66667,90.66667,0.427,7.33333,24.33333,0.30267,14.0,17.33333,0.81167,8.66667,32.0,40.66667,19.33333,9.0,4.66667,11.33333,20.33333,98.66667,0,-0.13104,0.13104,0.22492,0.27257,0.46754,0.55923,0.52267,0.62436,1542.27316,1632.54857,0.61257,0.38743,1.64759,2.64843,0.33333,248.33333,44.66667,89.33333,0.49967,10.33333,30.0,0.34267,20.33333,23.0,0.883,9.0,37.33333,46.33333,25.33333,7.33333,4.0,13.66667,23.66667,120.0,248.33333,42.33333,95.33333,0.44867,16.33333,41.66667,0.38567,22.0,32.0,0.67733,16.0,35.0,51.0,23.33333,9.66667,2.66667,12.66667,21.66667,123.0,0,0.03036,-0.03036,0.42945,0.26164,0.53486,0.55719,0.60725,0.63542,1596.0213,1490.93758,0.3727,0.6273,3.34812,1.67849,0.33333,,,,
248.33333,43.33333,91.0,0.47767,10.66667,34.33333,0.31067,10.33333,13.0,0.84933,8.66667,38.33333,47.0,26.33333,5.0,5.33333,11.0,21.33333,107.66667,248.33333,39.66667,87.0,0.459,11.0,28.66667,0.38533,18.33333,23.66667,0.765,8.33333,35.33333,43.66667,22.0,7.66667,5.0,8.0,15.33333,108.66667,0,0.00968,-0.00968,0.21802,0.24804,0.52339,0.53615,0.59639,0.57483,1502.50888,1687.97818,0.74862,0.25138,1.33676,4.00284,0.66667,240.0,35.33333,81.0,0.43833,10.0,29.66667,0.32933,18.33333,25.66667,0.71367,9.66667,37.0,46.66667,22.66667,8.33333,2.66667,17.0,18.0,99.0,240.0,38.66667,86.0,0.45033,14.0,31.33333,0.44067,14.33333,18.33333,0.77767,10.0,36.66667,46.66667,26.66667,9.0,3.66667,14.66667,20.66667,105.66667,0,0.09256,-0.09256,0.27639,0.26141,0.53173,0.49939,0.58784,0.57222,1524.37574,1459.38498,0.4244,0.5756,2.67777,1.84942,0.66667,,,,
240.0,39.33333,87.0,0.45833,10.33333,26.66667,0.401,14.66667,21.33333,0.71533,11.0,31.33333,42.33333,25.33333,6.33333,3.0,14.66667,23.0,103.66667,240.0,39.33333,79.33333,0.49533,14.0,35.0,0.41167,20.66667,27.33333,0.756,7.0,34.0,41.0,24.0,9.66667,4.33333,13.66667,18.33333,113.33333,0,0.13014,-0.13014,0.22098,0.32778,0.58333,0.51966,0.66382,0.57427,1537.23748,1514.2777,0.48316,0.51684,2.50703,2.24606,1.0,240.0,31.0,83.66667,0.368,5.66667,22.0,0.25767,16.33333,21.66667,0.727,8.66667,34.33333,43.0,17.0,9.0,5.0,12.66667,18.0,84.0,240.0,38.33333,84.66667,0.45467,12.0,34.33333,0.34267,11.33333,16.0,0.71533,9.0,40.0,49.0,26.0,9.0,6.33333,15.33333,21.0,100.0,0,0.26081,-0.26081,0.26359,0.21588,0.52675,0.40122,0.56999,0.4748,1690.58886,1498.29262,0.28059,0.71941,4.30594,1.4176,1.0,,,,
240.0,30.0,80.66667,0.37067,8.0,26.33333,0.28767,22.33333,27.66667,0.80733,12.66667,31.33333,44.0,16.33333,8.0,1.66667,16.0,16.33333,90.33333,240.0,42.0,84.66667,0.49967,13.66667,32.0,0.42933,10.66667,14.33333,0.739,9.66667,35.66667,45.33333,27.66667,8.66667,7.0,13.0,25.33333,108.33333,0,0.26532,-0.26532,0.30515,0.36865,0.58145,0.41912,0.62105,0.51926,1565.86482,1568.11795,0.54033,0.45967,1.94639,2.29473,1.0,240.0,35.66667,79.0,0.454,10.66667,29.0,0.34267,17.0,23.0,0.74033,8.66667,34.33333,43.0,23.66667,4.66667,5.66667,17.33333,16.66667,99.0,240.0,41.66667,87.66667,0.48,10.0,26.33333,0.36033,16.33333,21.0,0.76667,10.33333,34.33333,44.66667,25.0,11.0,5.33333,11.0,21.33333,109.66667,0,0.16006,-0.16006,0.2967,0.27274,0.53888,0.52282,0.59968,0.59296,1488.5229,1439.80802,0.45542,0.54458,2.36388,1.97835,0.66667,,,,
248.33333,40.66667,88.66667,0.459,8.33333,23.66667,0.35367,16.0,19.0,0.84967,9.0,35.33333,44.33333,24.66667,6.66667,7.66667,16.66667,20.33333,105.66667,248.33333,44.0,98.0,0.44733,11.66667,27.66667,0.423,15.33333,17.66667,0.874,13.66667,35.0,48.66667,28.33333,8.66667,6.33333,11.66667,18.33333,115.0,0,0.11939,-0.11939,0.39119,0.26139,0.50634,0.50592,0.56301,0.56944,1545.40433,1483.11214,0.42068,0.57932,2.60589,1.83194,0.66667,248.33333,40.0,86.66667,0.463,11.33333,32.0,0.36167,14.0,18.0,0.776,6.66667,34.33333,41.0,24.0,8.33333,6.0,16.0,20.66667,105.33333,248.33333,42.33333,92.66667,0.45933,8.66667,24.33333,0.35467,16.33333,20.66667,0.77967,13.66667,35.66667,49.33333,25.0,7.66667,5.66667,13.33333,17.66667,109.66667,0,0.06024,-0.06024,0.39934,0.18215,0.50696,0.52812,0.56703,0.5826,1572.7625,1407.4456,0.28647,0.71353,3.78874,1.41826,0.66667,,,,
240.0,39.66667,83.0,0.47667,15.0,37.0,0.402,20.0,25.66667,0.778,8.0,31.66667,39.66667,23.33333,8.66667,2.33333,13.66667,19.33333,114.33333,240.0,43.33333,87.0,0.49667,11.0,31.66667,0.34467,13.33333,17.66667,0.719,8.66667,30.66667,39.33333,26.0,7.66667,5.66667,14.33333,21.66667,111.0,1,-0.0402,0.0402,0.27372,0.26127,0.55895,0.56601,0.60906,0.64103,1528.50713,1511.79384,0.4721,0.5279,2.31176,2.06118,0.66667,240.0,39.0,86.33333,0.451,12.33333,34.33333,0.35067,14.66667,17.33333,0.81933,11.66667,31.66667,43.33333,24.33333,7.33333,5.0,12.66667,15.0,105.0,240.0,41.33333,88.33333,0.46933,10.33333,28.66667,0.361,10.66667,14.33333,0.71933,11.0,34.66667,45.66667,23.66667,7.33333,3.33333,12.0,20.66667,103.66667,1,-0.02486,0.02486,0.35626,0.33578,0.52776,0.52068,0.57,0.58154,1539.02604,1527.48152,0.4837,0.5163,2.128,1.99926,0.66667,,,,
240.0,37.33333,86.33333,0.431,9.0,24.66667,0.362,14.33333,21.0,0.69267,9.0,33.33333,42.33333,20.66667,10.33333,4.33333,12.33333,21.33333,98.0,240.0,35.33333,80.66667,0.438,9.33333,31.33333,0.30067,16.33333,22.0,0.71833,7.66667,37.0,44.66667,25.0,7.33333,5.0,18.66667,19.0,96.33333,0,-0.0104,0.0104,0.22917,0.24036,0.4956,0.48347,0.56218,0.53784,1556.6848,1541.7644,0.47376,0.52624,2.26206,1.98347,0.33333,240.0,42.0,86.0,0.48733,10.66667,25.33333,0.422,13.0,17.33333,0.79333,9.33333,32.0,41.33333,27.66667,10.0,4.66667,13.66667,22.0,107.66667,240.0,36.33333,83.0,0.44133,9.0,28.33333,0.322,17.33333,25.33333,0.67633,10.33333,32.66667,43.0,20.66667,8.66667,3.33333,15.33333,17.33333,99.0,0,-0.1367,0.1367,0.3236,0.29143,0.4971,0.54989,0.56338,0.59939,1508.43145,1487.32554,0.44861,0.55139,2.32779,1.85468,0.33333,,,,
240.0,39.66667,86.0,0.461,9.33333,27.66667,0.32733,13.33333,16.33333,0.81033,6.0,33.66667,39.66667,22.33333,8.0,5.66667,12.0,16.33333,102.0,240.0,41.33333,89.66667,0.46067,10.0,34.33333,0.28967,12.66667,16.33333,0.773,10.0,36.33333,46.33333,22.66667,7.33333,3.66667,12.66667,19.0,105.33333,0,0.06103,-0.06103,0.30265,0.16074,0.51644,0.51517,0.56494,0.56936,1483.12937,1588.33323,0.62075,0.37925,1.74716,3.81528,0.33333,240.0,39.0,83.66667,0.46533,9.66667,26.0,0.38333,12.33333,15.33333,0.815,9.0,32.33333,41.33333,20.0,5.33333,4.66667,11.66667,19.0,100.0,240.0,39.33333,84.33333,0.46667,6.66667,27.0,0.25567,18.33333,23.33333,0.78067,8.33333,32.33333,40.66667,19.33333,8.66667,4.66667,8.33333,15.66667,103.66667,0,0.05587,-0.05587,0.25233,0.27524,0.50598,0.52324,0.57985,0.574,1572.79567,1492.71472,0.41416,0.58584,3.36735,1.85847,0.66667,,,,
248.33333,37.0,89.66667,0.41167,8.66667,23.0,0.37767,18.0,23.33333,0.77933,10.0,28.0,38.0,22.0,8.33333,3.33333,13.0,19.0,100.66667,248.33333,47.66667,85.0,0.56033,9.33333,21.66667,0.42,14.33333,19.66667,0.733,8.33333,40.33333,48.66667,31.33333,7.0,4.66667,15.66667,20.0,119.0,0,0.24534,-0.24534,0.30749,0.24939,0.61545,0.46043,0.66601,0.53096,1545.9766,1568.75447,0.57165,0.42835,1.76786,2.37518,1.0,240.0,40.66667,85.66667,0.473,10.33333,26.66667,0.39033,16.66667,20.66667,0.81333,5.33333,30.0,35.33333,28.0,10.66667,4.66667,11.66667,16.0,108.33333,240.0,47.0,86.66667,0.542,12.66667,27.66667,0.458,10.0,14.0,0.73567,8.33333,37.66667,46.0,31.33333,6.33333,4.33333,15.33333,17.66667,116.66667,0,0.11838,-0.11838,0.28305,0.14255,0.61503,0.53312,0.65014,0.59915,1592.95083,1448.05407,0.34021,0.65979,4.12979,1.59607,0.66667,,,,
240.0,35.0,83.66667,0.41833,14.66667,44.66667,0.32967,13.0,17.66667,0.74833,7.66667,35.0,42.66667,16.0,5.0,4.66667,14.0,20.33333,97.66667,240.0,40.33333,86.66667,0.46567,10.66667,29.66667,0.36767,14.0,19.0,0.748,7.66667,37.66667,45.33333,24.33333,9.66667,3.33333,11.66667,16.33333,105.33333,1,0.10988,-0.10988,0.219,0.20437,0.52662,0.50602,0.57906,0.55696,1459.62528,1709.3942,0.80683,0.19317,1.25492,7.0791,0.66667,248.33333,37.66667,85.33333,0.44167,11.0,30.33333,0.35,15.33333,21.33333,0.71867,9.0,31.33333,40.33333,19.0,6.33333,4.0,13.0,20.0,101.66667,248.33333,43.0,88.66667,0.485,10.33333,24.0,0.42167,19.0,24.33333,0.77767,11.33333,33.0,44.33333,26.66667,9.66667,4.0,10.66667,17.66667,115.33333,1,0.18321,-0.18321,0.39541,0.27291,0.54293,0.50611,0.61329,0.56515,1581.21732,1527.39248,0.46123,0.53877,2.75325,2.17128,1.0,,,,
240.0,39.0,90.33333,0.43233,7.33333,24.33333,0.302,18.0,23.33333,0.76733,13.66667,33.66667,47.33333,23.0,7.0,3.66667,8.66667,20.66667,103.33333,240.0,35.0,83.66667,0.41833,9.66667,32.33333,0.303,20.33333,25.66667,0.791,11.33333,34.33333,45.66667,17.33333,4.66667,5.66667,13.66667,19.0,100.0,0,-0.0447,0.0447,0.34233,0.39408,0.47607,0.47301,0.5604,0.54279,1577.81644,1567.81142,0.47594,0.52406,2.2449,1.98739,0.66667,240.0,36.66667,85.33333,0.431,8.33333,26.0,0.323,19.33333,25.0,0.75067,12.66667,32.66667,45.33333,19.66667,8.0,3.0,14.0,19.66667,101.0,240.0,36.33333,77.33333,0.47,12.33333,37.0,0.333,15.66667,23.33333,0.67233,6.66667,32.0,38.66667,18.0,8.33333,6.0,14.33333,19.66667,100.66667,0,-0.00329,0.00329,0.20529,0.39429,0.55023,0.47935,0.61095,0.55643,1718.4694,1588.46023,0.31717,0.68283,3.15316,1.46453,0.66667,,,,
240.0,37.33333,86.33333,0.43333,12.0,30.33333,0.38933,18.66667,23.33333,0.81867,8.66667,37.0,45.66667,22.66667,6.66667,7.0,13.0,20.33333,105.33333,240.0,41.0,91.33333,0.449,15.0,31.66667,0.47633,15.66667,22.33333,0.691,12.0,37.66667,49.66667,29.0,7.0,5.0,12.33333,20.66667,112.66667,1,0.07756,-0.07756,0.33856,0.23418,0.53061,0.5024,0.58381,0.57683,1466.66144,1517.39714,0.58562,0.41438,2.04724,2.98332,0.66667,240.0,37.33333,87.0,0.43067,10.0,30.33333,0.339,13.66667,20.0,0.67133,9.66667,32.66667,42.33333,23.66667,5.33333,5.66667,15.66667,17.0,98.33333,240.0,47.66667,97.0,0.49133,13.66667,30.33333,0.452,14.0,19.33333,0.71167,14.33333,38.66667,53.0,33.66667,11.0,5.0,10.66667,19.66667,123.0,1,0.31888,-0.31888,0.43971,0.25176,0.56151,0.48884,0.60688,0.54102,1661.1706,1475.1355,0.27158,0.72842,3.71731,1.37448,1.0,,,,
240.0,42.66667,85.66667,0.498,16.0,33.66667,0.47367,20.0,28.66667,0.698,8.0,38.33333,46.33333,29.66667,9.33333,5.33333,13.66667,21.66667,121.33333,240.0,37.66667,86.33333,0.43767,15.0,35.33333,0.42667,19.33333,28.0,0.68133,7.33333,31.33333,38.66667,27.66667,7.0,5.66667,14.0,24.33333,109.66667,1,-0.1448,0.1448,0.19072,0.25565,0.52681,0.59222,0.59805,0.66047,1442.42592,1656.49443,0.75611,0.24389,1.33491,4.6685,0.0,248.33333,39.33333,84.66667,0.465,13.66667,33.0,0.40967,25.0,32.0,0.77833,7.33333,36.33333,43.66667,24.33333,8.0,6.33333,10.66667,21.66667,117.33333,248.33333,39.66667,88.66667,0.44867,10.66667,27.0,0.37833,15.66667,23.0,0.65467,10.66667,34.0,44.66667,24.33333,7.0,6.66667,13.0,24.0,105.66667,1,-0.15388,0.15388,0.28836,0.21441,0.512,0.54708,0.57024,0.64183,1505.00827,1655.91021,0.6891,0.3109,1.46212,3.33076,0.33333,,,,
240.0,44.66667,89.33333,0.501,10.0,27.0,0.369,12.66667,17.33333,0.72433,6.66667,37.66667,44.33333,33.0,12.0,9.33333,9.66667,17.0,112.0,240.0,43.66667,95.33333,0.46033,9.66667,29.66667,0.29367,8.0,14.0,0.60233,13.33333,38.33333,51.66667,25.66667,6.33333,4.0,15.0,18.0,105.0,1,-0.09226,0.09226,0.34615,0.17046,0.51198,0.55692,0.53684,0.60142,1559.30702,1531.09309,0.44879,0.55121,2.24921,1.82587,0.0,240.0,38.0,87.66667,0.43433,8.33333,22.66667,0.37,11.66667,15.33333,0.74733,10.0,38.0,48.0,21.33333,6.66667,8.0,15.0,18.33333,96.0,240.0,39.0,90.33333,0.43433,11.0,33.66667,0.333,14.33333,17.66667,0.786,10.0,37.0,47.0,21.33333,9.33333,5.66667,11.66667,17.33333,103.33333,1,0.10289,-0.10289,0.25968,0.26844,0.49524,0.48156,0.5515,0.5279,1589.08473,1509.68268,0.40976,0.59024,3.07075,1.83637,0.66667,,,,
240.0,36.66667,87.33333,0.42333,9.0,30.66667,0.29833,14.0,18.0,0.797,13.33333,33.66667,47.0,15.66667,7.33333,3.33333,18.0,21.33333,96.33333,240.0,41.33333,84.66667,0.48733,8.0,24.66667,0.32367,17.0,22.0,0.775,6.66667,35.33333,42.0,23.33333,11.66667,4.0,10.33333,17.66667,107.66667,0,0.156,-0.156,0.19205,0.37202,0.53426,0.47518,0.60099,0.53188,1568.42175,1576.68194,0.53867,0.46133,1.85763,2.16946,1.0,240.0,37.0,88.33333,0.421,9.0,29.0,0.312,15.33333,19.66667,0.77833,11.33333,28.33333,39.66667,20.0,9.33333,1.66667,20.66667,18.33333,98.33333,240.0,47.66667,87.0,0.54767,10.66667,27.33333,0.37133,15.33333,19.0,0.807,9.33333,36.33333,45.66667,29.66667,13.66667,5.33333,15.66667,20.66667,121.33333,0,0.30369,-0.30369,0.34266,0.31368,0.60918,0.47201,0.66542,0.53307,1540.33194,1488.84846,0.47151,0.52849,2.36159,2.00506,1.0,,,,
240.0,36.0,83.33333,0.434,12.66667,32.0,0.401,23.66667,30.0,0.78033,9.33333,30.0,39.33333,19.66667,10.33333,4.0,12.33333,19.33333,108.33333,240.0,39.33333,81.0,0.48633,10.66667,31.0,0.329,14.0,21.33333,0.64467,9.0,35.0,44.0,22.66667,8.33333,4.66667,17.0,22.66667,103.33333,0,-0.07191,0.07191,0.30864,0.26667,0.55352,0.51106,0.60481,0.60454,1625.17265,1601.0692,0.45857,0.54143,2.34813,1.95078,0.33333,240.0,34.0,81.0,0.422,7.33333,21.33333,0.313,16.66667,21.0,0.79933,8.66667,28.33333,37.0,16.33333,8.33333,3.0,16.0,22.0,92.0,240.0,44.66667,84.33333,0.52933,12.0,32.0,0.37433,15.66667,22.66667,0.705,11.66667,35.0,46.66667,25.33333,9.66667,6.33333,14.33333,20.66667,117.0,0,0.35487,-0.35487,0.41287,0.25952,0.60072,0.46801,0.65531,0.53987,1643.59515,1569.68152,0.42458,0.57542,2.36303,1.74086,1.0,,,,
240.0,38.66667,86.33333,0.44933,10.66667,29.0,0.36733,16.33333,22.0,0.74133,10.0,36.66667,46.66667,23.66667,7.66667,6.0,15.33333,21.33333,104.33333,240.0,39.66667,89.0,0.447,9.33333,26.0,0.35267,16.33333,20.33333,0.792,9.33333,36.0,45.33333,18.33333,8.33333,6.0,13.0,21.0,105.0,1,0.00964,-0.00964,0.256,0.27366,0.50022,0.51152,0.56365,0.57385,1561.09982,1640.41738,0.61348,0.38652,1.64458,2.65294,0.66667,240.0,42.0,87.0,0.483,10.66667,29.33333,0.36267,19.33333,22.66667,0.84733,8.0,33.0,41.0,22.33333,9.33333,4.66667,13.33333,22.66667,114.0,240.0,41.0,87.66667,0.47033,14.33333,36.66667,0.395,23.66667,30.66667,0.782,13.0,36.66667,49.66667,20.33333,8.0,3.66667,15.66667,20.66667,120.0,1,0.06855,-0.06855,0.38993,0.21772,0.55334,0.54387,0.63908,0.61942,1603.65965,1526.37044,0.41613,0.58387,3.16119,1.84575,0.66667,,,,
248.33333,41.66667,87.0,0.479,11.0,32.33333,0.34567,12.33333,14.66667,0.88567,8.33333,34.66667,43.0,23.66667,5.33333,6.33333,13.33333,20.0,106.66667,248.33333,42.66667,89.66667,0.47867,10.0,26.33333,0.386,16.66667,21.66667,0.77,10.0,32.66667,42.66667,25.66667,8.33333,5.66667,7.66667,16.66667,112.0,0,0.06462,-0.06462,0.28974,0.25637,0.53467,0.54251,0.59817,0.59204,1507.0646,1689.4845,0.75822,0.24178,1.31903,4.14114,0.66667,240.0,36.0,82.66667,0.437,12.0,31.33333,0.38533,18.33333,23.0,0.802,9.33333,33.33333,42.66667,22.0,9.0,3.33333,17.33333,19.66667,102.33333,240.0,41.0,85.0,0.483,11.33333,26.0,0.43167,17.33333,21.0,0.82767,8.66667,36.33333,45.0,26.33333,8.66667,5.0,14.33333,20.0,110.66667,0,0.10654,-0.10654,0.26704,0.25384,0.55004,0.50968,0.61854,0.58454,1519.33795,1523.24163,0.53051,0.46949,2.35063,2.59853,0.66667,,,,
240.0,40.33333,91.66667,0.44133,9.0,25.33333,0.368,14.66667,19.66667,0.77967,12.0,30.0,42.0,26.66667,8.0,3.66667,13.33333,23.0,104.33333,240.0,38.66667,77.0,0.502,14.0,29.66667,0.47333,20.0,25.0,0.80033,5.33333,33.0,38.33333,24.0,7.33333,5.66667,16.33333,19.66667,111.33333,0,0.09632,-0.09632,0.17744,0.36061,0.59307,0.49038,0.67487,0.54572,1527.02189,1513.22476,0.48915,0.51085,2.41336,2.25679,1.0,240.0,36.33333,87.33333,0.416,7.33333,21.66667,0.33933,13.33333,18.33333,0.72567,8.0,32.33333,40.33333,23.33333,10.33333,5.0,11.66667,19.66667,93.33333,240.0,38.66667,79.66667,0.487,14.0,33.33333,0.41933,14.66667,20.0,0.732,6.66667,39.0,45.66667,27.0,7.66667,6.66667,17.66667,18.66667,106.0,0,0.19595,-0.19595,0.20678,0.20241,0.57583,0.45786,0.63276,0.51101,1694.46149,1475.79823,0.23959,0.76041,4.71246,1.32729,1.0,,,,
240.0,33.66667,84.66667,0.39767,10.33333,28.66667,0.35733,20.66667,26.66667,0.77633,15.33333,28.66667,44.0,20.33333,7.66667,1.66667,13.33333,18.0,98.33333,240.0,41.33333,78.33333,0.52833,13.66667,28.66667,0.47333,14.66667,19.66667,0.739,6.33333,35.0,41.33333,28.0,7.66667,9.66667,12.66667,25.0,111.0,0,0.1748,-0.1748,0.21555,0.45144,0.61475,0.45843,0.67182,0.54287,1503.24934,1561.54131,0.60886,0.39114,1.64493,2.56686,1.0,240.0,34.0,83.0,0.40967,7.66667,25.66667,0.29533,17.66667,24.33333,0.72133,12.66667,31.0,43.66667,21.0,5.66667,2.66667,14.33333,16.66667,93.33333,240.0,40.66667,81.0,0.50667,11.66667,27.33333,0.422,14.33333,19.0,0.75,7.0,36.0,43.0,26.0,9.33333,9.33333,11.33333,23.0,107.33333,0,0.20286,-0.20286,0.21329,0.38363,0.57932,0.45546,0.63536,0.52764,1494.86436,1494.34436,0.52772,0.47228,2.03624,2.26024,1.0,,,,
248.33333,41.0,83.33333,0.49667,7.33333,21.0,0.35767,13.33333,19.0,0.693,7.33333,33.66667,41.0,21.0,5.66667,5.66667,18.33333,22.33333,102.66667,248.33333,46.33333,96.33333,0.481,13.0,31.0,0.41967,15.33333,20.0,0.74433,12.33333,34.33333,46.66667,26.33333,11.0,6.0,10.66667,18.0,121.0,0,0.23673,-0.23673,0.36759,0.21281,0.54854,0.54099,0.60136,0.59012,1604.34403,1481.01299,0.34538,0.65462,2.94459,1.53384,1.0,248.33333,41.0,83.66667,0.49533,8.66667,26.0,0.356,12.66667,19.0,0.65133,7.33333,34.0,41.33333,22.66667,7.0,6.0,16.66667,20.66667,103.33333,248.33333,44.33333,95.33333,0.46633,10.0,27.0,0.364,15.66667,20.0,0.76667,13.33333,35.0,48.33333,22.0,8.0,5.66667,11.0,17.0,114.33333,0,0.14638,-0.14638,0.39195,0.20884,0.51978,0.54667,0.57541,0.59186,1573.99934,1455.28467,0.34754,0.65246,2.9186,1.5381,1.0,,,,
240.0,36.33333,80.0,0.454,13.66667,37.0,0.36267,19.33333,23.33333,0.81767,8.0,33.0,41.0,21.0,8.0,4.0,12.33333,18.66667,105.66667,240.0,40.0,84.33333,0.475,10.33333,29.66667,0.34633,10.0,15.0,0.63833,8.66667,31.66667,40.33333,22.66667,6.33333,5.0,13.0,20.33333,100.33333,0,-0.0664,0.0664,0.26171,0.25453,0.53571,0.53816,0.57463,0.61821,1492.55514,1505.34391,0.5118,0.4882,2.02758,2.16489,0.33333,240.0,38.33333,84.66667,0.452,13.33333,36.0,0.365,14.33333,18.0,0.782,10.0,35.33333,45.33333,20.33333,6.66667,5.66667,11.0,16.33333,104.33333,240.0,38.0,88.33333,0.43333,9.33333,30.0,0.31,9.66667,13.66667,0.68,10.33333,35.33333,45.66667,21.33333,6.0,4.0,10.66667,19.0,95.0,0,-0.12684,0.12684,0.28869,0.28241,0.48654,0.52923,0.5258,0.58846,1535.70478,1497.30516,0.42828,0.57172,2.33738,1.75011,0.33333,,,,
240.0,42.33333,83.33333,0.50667,8.66667,25.0,0.342,12.66667,18.33333,0.70933,6.66667,33.0,39.66667,22.66667,10.33333,2.66667,14.0,22.0,106.0,240.0,35.66667,77.0,0.464,10.0,30.66667,0.33167,17.66667,24.0,0.71633,6.66667,30.66667,37.33333,21.0,7.0,3.0,17.33333,19.66667,99.0,0,-0.107,0.107,0.19993,0.21679,0.52895,0.55848,0.6011,0.6052,1491.39357,1541.61636,0.55532,0.44468,1.80473,2.25623,0.33333,240.0,40.0,80.66667,0.496,9.66667,25.66667,0.37,12.0,16.66667,0.75767,7.0,32.66667,39.66667,23.66667,10.0,3.33333,14.33333,22.0,101.66667,240.0,34.66667,81.66667,0.42867,8.33333,28.66667,0.29267,15.0,23.33333,0.64167,10.66667,30.66667,41.33333,17.0,8.0,3.0,15.0,19.0,92.66667,0,-0.1385,0.1385,0.33065,0.22754,0.48121,0.5553,0.539,0.60244,1501.98152,1495.91753,0.47015,0.52985,2.25073,1.95252,0.33333,,,,
240.0,35.33333,86.0,0.413,7.33333,26.33333,0.27533,15.0,17.0,0.882,12.33333,34.0,46.33333,19.66667,7.0,4.0,13.66667,18.66667,93.0,240.0,40.66667,86.0,0.47167,11.66667,32.0,0.373,13.33333,17.33333,0.76867,9.66667,33.33333,43.0,21.33333,8.0,5.0,11.0,19.66667,106.33333,0,0.20141,-0.20141,0.29163,0.41074,0.54015,0.45591,0.592,0.52038,1581.24226,1590.47719,0.52762,0.47238,1.9313,2.15864,0.66667,240.0,41.33333,89.0,0.46367,9.0,27.33333,0.331,16.0,20.0,0.805,9.66667,28.66667,38.33333,20.33333,9.0,2.0,15.66667,21.33333,107.66667,240.0,47.66667,84.33333,0.56567,8.33333,23.66667,0.34333,20.33333,25.66667,0.78233,8.0,36.0,44.0,28.33333,10.66667,5.0,15.0,21.33333,124.0,0,0.20978,-0.20978,0.28805,0.27014,0.6153,0.51445,0.69028,0.57673,1559.98588,1565.68711,0.54382,0.45618,1.84706,2.20587,1.0,,,,
240.0,34.66667,85.66667,0.40467,7.0,24.66667,0.295,20.66667,24.33333,0.84467,8.0,26.33333,34.33333,19.0,9.33333,2.33333,12.66667,19.33333,97.0,240.0,45.66667,82.33333,0.55333,10.0,24.0,0.40067,15.66667,20.33333,0.772,9.0,38.0,47.0,31.33333,7.33333,5.33333,16.33333,20.66667,117.0,0,0.2708,-0.2708,0.34141,0.2153,0.61535,0.44573,0.67461,0.53339,1577.03028,1559.04911,0.51153,0.48847,1.97783,2.07617,1.0,240.0,38.66667,84.0,0.45833,8.0,25.66667,0.31967,21.0,25.33333,0.82167,5.33333,27.66667,33.0,24.66667,11.33333,4.0,9.66667,19.0,106.33333,240.0,44.66667,83.0,0.53767,13.33333,28.66667,0.46467,13.66667,17.66667,0.756,8.0,36.0,44.0,31.66667,4.66667,3.66667,15.66667,21.0,116.33333,0,0.142,-0.142,0.28927,0.15452,0.61817,0.50599,0.67043,0.59223,1589.76292,1542.06852,0.44861,0.55139,2.24691,1.82292,0.66667,,,,
240.0,36.0,85.0,0.42333,14.66667,43.33333,0.34033,15.66667,21.0,0.73067,8.33333,33.33333,41.66667,16.33333,5.66667,5.0,10.0,19.66667,102.33333,240.0,40.66667,84.66667,0.47967,10.0,25.0,0.39633,14.33333,21.66667,0.662,8.0,37.66667,45.66667,24.66667,6.33333,2.33333,11.33333,17.33333,105.66667,1,0.05453,-0.05453,0.23843,0.22192,0.538,0.50948,0.58935,0.56871,1491.32124,1704.46751,0.75842,0.24158,1.34869,6.4059,0.66667,240.0,35.66667,85.0,0.42167,9.66667,29.33333,0.32867,15.33333,20.66667,0.70267,10.0,32.66667,42.66667,15.66667,8.33333,4.33333,14.66667,21.66667,96.33333,240.0,40.0,84.33333,0.47567,11.66667,31.33333,0.37333,16.33333,25.66667,0.631,11.33333,34.33333,45.66667,20.33333,9.33333,5.66667,14.33333,20.0,108.0,1,0.16182,-0.16182,0.35843,0.30648,0.54498,0.47944,0.60108,0.54168,1657.94543,1595.40031,0.42945,0.57055,2.3326,1.7544,1.0,,,,
240.0,36.33333,86.66667,0.41867,7.0,22.33333,0.31133,19.0,25.0,0.75533,12.66667,36.33333,49.0,20.66667,8.0,5.66667,11.33333,19.66667,98.66667,240.0,35.0,86.0,0.409,11.33333,37.66667,0.30367,19.33333,25.33333,0.757,11.0,37.0,48.0,17.66667,6.33333,6.33333,13.33333,19.0,100.66667,0,0.04063,-0.04063,0.31154,0.34787,0.47369,0.45875,0.55175,0.53502,1639.07101,1572.06409,0.40593,0.59407,2.65551,1.76746,0.66667,240.0,34.0,83.66667,0.40733,7.66667,24.66667,0.30967,21.33333,27.33333,0.77433,11.66667,35.33333,47.0,19.33333,7.0,4.66667,13.33333,18.33333,97.0,240.0,36.66667,85.0,0.43633,13.33333,42.0,0.31867,16.0,22.33333,0.718,8.66667,35.33333,44.0,20.0,7.66667,7.33333,12.33333,20.0,102.66667,0,0.09155,-0.09155,0.24117,0.34072,0.51461,0.45227,0.57551,0.54007,1715.94159,1580.6108,0.31855,0.68145,3.13964,1.46749,0.66667,,,,
240.0,36.66667,82.33333,0.447,9.33333,26.0,0.36033,22.0,27.66667,0.81067,9.0,34.0,43.0,22.66667,6.33333,6.0,14.33333,23.66667,104.66667,240.0,43.33333,93.33333,0.46567,14.33333,33.66667,0.441,17.33333,24.0,0.71767,14.33333,35.66667,50.0,29.66667,7.66667,4.66667,12.0,24.0,118.33333,0,0.17274,-0.17274,0.4247,0.26105,0.54276,0.50422,0.60114,0.5933,1579.11758,1508.94,0.42338,0.57662,2.8287,2.05352,0.66667,240.0,37.33333,83.0,0.45133,9.33333,25.33333,0.36733,19.66667,25.66667,0.784,10.0,33.33333,43.33333,23.33333,6.0,6.0,17.0,23.0,103.66667,240.0,45.66667,98.66667,0.462,13.33333,33.33333,0.418,16.33333,22.0,0.73967,17.0,35.0,52.0,30.33333,10.33333,5.33333,12.0,22.0,121.0,0,0.21823,-0.21823,0.51071,0.28883,0.5294,0.50838,0.58402,0.58667,1663.64702,1498.67869,0.28405,0.71595,3.5236,1.39695,0.66667,,,,
240.0,42.66667,88.33333,0.484,10.33333,26.0,0.4,11.33333,16.33333,0.69467,8.66667,38.66667,47.33333,28.33333,8.33333,8.66667,11.66667,17.33333,107.0,240.0,41.0,95.66667,0.42933,8.66667,29.33333,0.267,8.33333,13.66667,0.657,15.0,37.66667,52.66667,22.0,7.0,5.33333,14.66667,17.66667,99.0,0,-0.10946,0.10946,0.38857,0.23541,0.47488,0.54255,0.50284,0.58256,1558.48437,1540.73873,0.46376,0.53624,2.16442,1.87055,0.0,240.0,33.0,83.66667,0.39467,6.66667,26.66667,0.26167,22.0,25.33333,0.867,8.33333,29.33333,37.66667,18.66667,8.0,2.0,11.33333,21.0,94.66667,240.0,40.66667,80.66667,0.505,10.0,26.66667,0.37467,18.0,22.33333,0.81067,8.0,37.66667,45.66667,29.66667,5.33333,5.33333,13.33333,20.33333,109.33333,0,0.20598,-0.20598,0.27657,0.22641,0.56755,0.43478,0.64047,0.53053,1594.2877,1551.56993,0.46238,0.53762,2.16824,1.86377,1.0,,,,
240.0,35.0,81.0,0.433,11.0,29.66667,0.364,23.33333,29.0,0.79533,7.33333,33.33333,40.66667,16.0,9.33333,4.33333,13.33333,19.66667,104.33333,240.0,41.0,86.0,0.47867,10.0,30.0,0.32067,15.0,22.66667,0.64733,10.33333,36.33333,46.66667,22.0,8.33333,5.33333,15.0,22.33333,107.0,0,0.03398,-0.03398,0.32466,0.20073,0.53708,0.50175,0.58937,0.59795,1606.06082,1599.46984,0.49779,0.50221,2.05802,2.05122,0.66667,240.0,33.33333,82.66667,0.40533,8.0,24.33333,0.31833,17.66667,21.66667,0.815,8.0,31.33333,39.33333,13.66667,8.66667,4.0,15.33333,20.66667,92.33333,240.0,43.66667,87.0,0.503,12.66667,34.33333,0.36867,15.66667,22.33333,0.71333,11.66667,38.66667,50.33333,23.33333,9.66667,6.0,15.0,21.0,115.66667,0,0.33311,-0.33311,0.38392,0.20549,0.5761,0.45488,0.63089,0.53054,1654.39997,1588.97822,0.43749,0.56251,2.28671,1.77823,1.0,,,,
240.0,36.33333,86.66667,0.41967,9.33333,26.66667,0.35033,19.0,25.66667,0.74633,12.66667,37.66667,50.33333,19.33333,8.0,5.66667,14.0,19.66667,101.0,240.0,39.33333,88.0,0.44767,11.33333,29.33333,0.39067,14.33333,19.0,0.74167,8.66667,37.33333,46.0,19.0,9.33333,6.0,13.33333,22.0,104.33333,0,0.0446,-0.0446,0.23204,0.33963,0.51235,0.47348,0.56693,0.54762,1602.29684,1643.12001,0.56287,0.43713,1.77984,2.29502,0.66667,240.0,40.0,87.33333,0.45733,11.0,29.33333,0.374,20.0,25.66667,0.788,11.0,35.33333,46.33333,20.66667,9.33333,4.0,13.66667,20.66667,111.0,240.0,41.33333,86.66667,0.47833,15.0,35.66667,0.42067,18.33333,24.33333,0.752,9.0,36.66667,45.66667,23.33333,9.0,4.0,14.66667,22.33333,116.0,0,0.05201,-0.05201,0.25554,0.30105,0.56547,0.51989,0.63126,0.59614,1610.22574,1539.08054,0.42186,0.57814,3.14092,1.87192,0.66667,,,,
240.0,40.0,84.0,0.47633,14.0,34.0,0.40467,24.33333,34.0,0.70933,11.33333,39.33333,50.66667,26.33333,9.66667,6.0,18.0,24.33333,118.33333,240.0,38.33333,88.33333,0.43533,12.0,29.66667,0.40133,19.0,28.66667,0.65167,8.66667,30.33333,39.0,24.66667,11.66667,5.33333,14.66667,28.66667,107.66667,0,-0.1331,0.1331,0.21797,0.37384,0.50658,0.55983,0.57548,0.64744,1445.4324,1663.13787,0.76201,0.23799,1.32332,4.74044,0.0,240.0,37.66667,79.33333,0.47933,8.33333,25.66667,0.33933,12.66667,18.33333,0.68533,6.0,29.66667,35.66667,20.33333,5.66667,3.33333,13.66667,20.66667,96.33333,240.0,40.66667,81.0,0.49633,10.66667,29.33333,0.36267,16.0,23.66667,0.66,8.33333,35.0,43.33333,24.66667,8.66667,5.66667,12.0,20.0,108.0,0,0.16066,-0.16066,0.28328,0.17532,0.56253,0.53206,0.62514,0.58269,1567.1341,1487.87823,0.40523,0.59477,2.47783,1.68443,1.0,,,,
248.33333,37.66667,84.33333,0.446,9.33333,25.33333,0.37267,18.66667,23.33333,0.808,8.66667,32.0,40.66667,21.0,7.33333,7.0,16.33333,23.0,103.33333,248.33333,44.0,92.0,0.482,9.33333,22.0,0.42333,17.33333,23.66667,0.74233,11.66667,33.33333,45.0,26.0,9.33333,7.66667,11.0,20.66667,114.66667,1,0.14908,-0.14908,0.35016,0.26119,0.53254,0.5015,0.59497,0.57803,1524.78962,1680.48916,0.73458,0.26542,1.36298,3.79984,1.0,240.0,34.66667,82.66667,0.42,10.66667,26.33333,0.404,20.66667,25.33333,0.82567,10.0,29.66667,39.66667,20.33333,10.33333,4.0,17.33333,21.0,100.66667,240.0,42.33333,84.33333,0.502,10.66667,23.33333,0.449,18.33333,23.66667,0.79233,8.66667,34.66667,43.33333,28.0,9.33333,6.33333,14.66667,22.66667,113.66667,1,0.17314,-0.17314,0.29102,0.2858,0.56537,0.48437,0.63533,0.57113,1527.88646,1638.04489,0.68084,0.31916,1.48309,3.26248,1.0,,,,
240.0,38.66667,89.0,0.43733,9.33333,25.66667,0.37667,19.0,24.33333,0.79167,9.33333,30.33333,39.66667,24.0,7.66667,2.33333,11.0,23.33333,105.66667,240.0,39.66667,80.33333,0.49267,14.0,32.33333,0.43667,21.66667,26.66667,0.811,6.66667,36.0,42.66667,23.33333,5.66667,7.33333,15.66667,24.0,115.0,0,0.12239,-0.12239,0.21997,0.26146,0.58043,0.48992,0.66623,0.56349,1587.85209,1510.88231,0.40932,0.59068,3.03566,2.04278,1.0,240.0,41.66667,87.0,0.479,8.33333,22.0,0.38,17.0,21.0,0.79,5.33333,31.66667,37.0,26.66667,10.0,3.33333,10.33333,20.66667,108.66667,240.0,41.66667,80.66667,0.51633,15.33333,35.0,0.443,20.0,25.66667,0.77533,6.66667,37.66667,44.33333,26.0,6.33333,6.66667,16.0,22.0,118.66667,0,0.12722,-0.12722,0.21303,0.14357,0.61243,0.527,0.68742,0.5931,1696.4504,1464.71575,0.21979,0.78021,4.95449,1.2882,1.0,,,,
240.0,32.66667,82.66667,0.39467,9.33333,29.66667,0.31867,18.66667,24.0,0.78533,13.0,29.33333,42.33333,19.0,4.0,2.33333,11.0,18.33333,93.33333,240.0,40.33333,75.66667,0.53267,11.33333,27.33333,0.40933,13.66667,20.0,0.67867,5.33333,35.0,40.33333,23.66667,7.0,9.66667,9.0,22.33333,105.66667,1,0.17869,-0.17869,0.17873,0.39453,0.60664,0.45112,0.65939,0.53002,1498.65119,1556.36114,0.60802,0.39198,1.64734,2.56179,1.0,240.0,36.33333,82.33333,0.443,10.33333,28.66667,0.36933,19.33333,27.66667,0.68933,10.0,32.33333,42.33333,24.0,6.33333,6.33333,14.0,28.0,102.33333,240.0,39.66667,90.66667,0.437,10.66667,30.66667,0.36233,22.33333,29.0,0.764,14.33333,36.33333,50.66667,27.66667,7.66667,3.66667,13.0,23.0,112.33333,1,0.13161,-0.13161,0.43899,0.28125,0.49484,0.50611,0.57889,0.58073,1667.32755,1503.13782,0.28155,0.71845,3.55518,1.39211,0.66667,,,,
248.33333,39.33333,82.33333,0.48233,8.0,23.66667,0.35533,13.33333,20.33333,0.63467,6.33333,32.66667,39.0,20.66667,7.0,5.0,15.33333,24.33333,100.0,248.33333,38.66667,84.33333,0.456,11.33333,29.33333,0.38833,19.66667,25.66667,0.75,8.33333,36.0,44.33333,22.0,8.33333,6.0,12.33333,19.33333,108.33333,0,0.11277,-0.11277,0.25143,0.18133,0.5239,0.53084,0.60295,0.57946,1570.31368,1484.69865,0.38681,0.61319,2.58971,1.63199,1.0,248.33333,39.33333,82.33333,0.48233,8.0,23.66667,0.35533,13.33333,20.33333,0.63467,6.33333,32.66667,39.0,20.66667,7.0,5.0,15.33333,24.33333,100.0,248.33333,38.66667,84.33333,0.456,11.33333,29.33333,0.38833,19.66667,25.66667,0.75,8.33333,36.0,44.33333,22.0,8.33333,6.0,12.33333,19.33333,108.33333,0,0.11277,-0.11277,0.25143,0.18133,0.5239,0.53084,0.60295,0.57946,1570.31368,1484.69865,0.38681,0.61319,2.58971,1.63199,1.0,,,,
240.0,34.0,78.0,0.43633,11.33333,34.66667,0.32733,14.33333,19.33333,0.71967,8.0,30.0,38.0,16.66667,6.33333,4.0,13.66667,19.33333,93.66667,240.0,41.0,84.33333,0.48633,11.66667,29.66667,0.39067,10.66667,15.66667,0.662,9.0,34.0,43.0,23.0,8.0,3.0,10.66667,19.66667,104.33333,1,0.15035,-0.15035,0.3009,0.23889,0.55487,0.5086,0.59584,0.56904,1544.87536,1492.81094,0.438,0.562,2.2831,1.77936,0.66667,240.0,40.0,87.33333,0.45867,7.66667,23.0,0.34267,20.0,22.66667,0.882,8.0,31.66667,39.66667,25.33333,8.0,3.33333,12.0,21.0,107.66667,240.0,41.33333,82.0,0.504,13.33333,30.0,0.448,21.33333,27.0,0.78933,6.66667,33.66667,40.33333,25.33333,6.66667,6.66667,13.66667,21.0,117.33333,1,0.12423,-0.12423,0.21303,0.25571,0.58627,0.50289,0.66745,0.58381,1690.17096,1516.55242,0.27764,0.72236,3.6297,1.38606,1.0,,,,
240.0,37.0,76.0,0.487,7.66667,23.33333,0.322,15.0,21.33333,0.70933,6.66667,31.33333,38.0,21.33333,9.0,3.33333,14.0,22.0,96.66667,240.0,32.66667,75.33333,0.435,9.66667,31.33333,0.31367,17.66667,23.0,0.74833,8.33333,29.33333,37.66667,17.33333,7.0,3.0,15.0,21.0,92.66667,0,-0.06799,0.06799,0.27131,0.22794,0.49936,0.53685,0.57772,0.59956,1497.19094,1540.49535,0.54831,0.45169,1.82611,2.21788,0.66667,240.0,37.0,76.0,0.487,7.66667,23.33333,0.322,15.0,21.33333,0.70933,6.66667,31.33333,38.0,21.33333,9.0,3.33333,14.0,22.0,96.66667,240.0,32.66667,75.33333,0.435,9.66667,31.33333,0.31367,17.66667,23.0,0.74833,8.33333,29.33333,37.66667,17.33333,7.0,3.0,15.0,21.0,92.66667,0,-0.06799,0.06799,0.27131,0.22794,0.49936,0.53685,0.57772,0.59956,1497.19094,1540.49535,0.54831,0.45169,1.82611,2.21788,0.66667,,,,
240.0,37.0,88.0,0.42333,8.66667,30.33333,0.28433,17.33333,20.33333,0.85967,12.66667,35.33333,48.0,22.33333,8.33333,4.33333,12.66667,18.33333,100.0,240.0,40.66667,88.0,0.46067,12.0,30.66667,0.4,13.0,17.0,0.76233,9.0,34.0,43.0,25.0,7.0,4.0,11.0,19.66667,106.33333,1,0.08805,-0.08805,0.25634,0.41506,0.52927,0.47306,0.57948,0.54385,1555.8616,1596.76071,0.57708,0.42292,1.73316,2.36528,0.66667,240.0,40.66667,89.0,0.45633,9.33333,29.66667,0.31667,17.66667,22.33333,0.79367,9.0,31.33333,40.33333,20.33333,9.66667,3.0,14.0,21.33333,108.33333,240.0,46.33333,87.0,0.53533,11.33333,27.66667,0.40633,19.0,23.33333,0.80433,7.66667,37.33333,45.0,30.33333,9.33333,4.33333,13.66667,21.33333,123.0,1,0.18809,-0.18809,0.24507,0.2459,0.59983,0.50902,0.67076,0.57747,1569.10114,1573.11477,0.54124,0.45876,1.85464,2.19103,1.0,,,,
240.0,39.66667,86.33333,0.46,14.0,40.0,0.348,19.0,23.66667,0.80833,6.66667,35.33333,42.0,21.33333,7.66667,5.33333,8.0,18.0,112.33333,240.0,39.66667,86.0,0.46033,11.33333,26.0,0.433,13.66667,20.0,0.68967,7.66667,36.33333,44.0,23.0,5.33333,2.66667,13.0,19.0,104.33333,1,-0.11432,0.11432,0.21979,0.18474,0.52579,0.54115,0.57542,0.61361,1604.79805,1712.19364,0.64685,0.35315,1.55413,2.88187,0.33333,240.0,37.33333,87.66667,0.42633,8.66667,32.0,0.264,16.66667,21.0,0.757,9.0,36.33333,45.33333,18.66667,7.33333,5.66667,11.66667,20.33333,100.0,240.0,37.66667,85.66667,0.43967,11.0,29.66667,0.37233,14.0,21.66667,0.653,8.66667,35.33333,44.0,18.0,6.33333,5.33333,13.33333,19.66667,100.33333,1,0.00526,-0.00526,0.24179,0.27565,0.50361,0.47552,0.5537,0.54315,1656.04253,1638.4537,0.47545,0.52455,2.15899,1.95772,0.66667,,,,
240.0,36.33333,84.0,0.43167,11.0,31.66667,0.34833,19.33333,26.33333,0.73867,11.33333,36.66667,48.0,19.66667,8.0,5.33333,14.66667,21.33333,103.0,240.0,38.66667,88.0,0.44,11.33333,28.33333,0.40867,17.33333,21.66667,0.79,8.66667,36.66667,45.33333,17.0,9.33333,4.0,12.66667,21.66667,106.0,0,0.03754,-0.03754,0.23702,0.31006,0.50486,0.49746,0.57234,0.57349,1605.28802,1648.05772,0.56561,0.43439,1.77225,2.31221,0.66667,240.0,35.33333,79.66667,0.444,7.33333,20.0,0.36667,17.66667,23.0,0.76167,8.33333,37.33333,45.66667,20.0,4.0,4.0,12.33333,17.66667,95.66667,240.0,39.66667,89.0,0.44867,14.66667,44.33333,0.329,15.33333,21.0,0.73167,9.33333,34.33333,43.66667,22.0,6.33333,7.33333,8.0,17.66667,109.33333,0,0.1958,-0.1958,0.24791,0.24995,0.53056,0.48985,0.58637,0.56471,1714.72776,1572.36118,0.32184,0.67816,3.10717,1.47458,1.0,,,,
240.0,42.0,88.66667,0.47567,9.33333,24.33333,0.38433,9.66667,13.33333,0.734,8.0,36.66667,44.66667,25.0,6.33333,6.33333,13.33333,19.33333,103.0,240.0,40.66667,93.33333,0.43767,11.66667,32.66667,0.36333,13.66667,18.0,0.76667,13.66667,37.66667,51.33333,23.33333,7.66667,6.66667,13.66667,17.0,106.66667,0,0.04409,-0.04409,0.37417,0.22026,0.49974,0.52859,0.54883,0.56413,1592.28459,1549.93132,0.44874,0.55126,2.22915,1.81438,0.33333,240.0,36.33333,89.0,0.40733,6.33333,27.66667,0.232,18.66667,21.0,0.87567,9.66667,32.0,41.66667,20.33333,7.33333,1.66667,11.33333,22.33333,97.66667,240.0,40.66667,84.0,0.48533,10.33333,28.33333,0.35867,21.0,25.66667,0.83333,9.0,38.66667,47.66667,30.0,6.0,6.66667,12.66667,19.66667,112.66667,0,0.20188,-0.20188,0.27692,0.25505,0.54722,0.44242,0.63017,0.52177,1601.414,1551.20831,0.45062,0.54938,2.21992,1.82065,1.0,,,,
240.0,37.33333,82.66667,0.45233,10.0,30.33333,0.31567,27.0,35.66667,0.757,11.33333,36.33333,47.66667,24.0,9.66667,4.0,16.0,23.33333,111.66667,240.0,38.33333,84.0,0.45667,13.33333,29.0,0.44633,19.0,26.33333,0.73667,7.66667,30.33333,38.0,24.66667,9.66667,5.66667,14.66667,27.66667,109.0,0,-0.02948,0.02948,0.20497,0.37384,0.53913,0.51311,0.61256,0.61757,1529.13626,1663.15132,0.6918,0.3082,1.4482,3.27352,0.33333,240.0,34.0,81.33333,0.421,7.66667,28.66667,0.266,19.0,24.33333,0.79567,7.33333,30.66667,38.0,21.33333,7.0,2.66667,12.66667,20.66667,94.66667,240.0,38.33333,79.33333,0.47933,12.0,30.66667,0.385,18.33333,24.0,0.772,7.0,35.66667,42.66667,25.66667,6.66667,5.0,13.66667,21.66667,107.0,0,0.17172,-0.17172,0.23553,0.21314,0.5548,0.46838,0.63094,0.54947,1568.61359,1546.7053,0.49855,0.50145,2.09291,2.1112,1.0,,,,
240.0,37.0,83.66667,0.44167,8.66667,23.66667,0.366,18.33333,22.66667,0.817,11.0,29.66667,40.66667,19.0,8.33333,5.66667,14.0,21.66667,101.0,240.0,39.33333,83.0,0.47233,8.33333,20.66667,0.40367,19.66667,24.0,0.843,9.0,31.33333,40.33333,21.33333,7.66667,7.0,12.66667,21.0,106.66667,0,0.06953,-0.06953,0.30177,0.35215,0.52249,0.49414,0.60322,0.57051,1530.3966,1676.32678,0.71597,0.28403,1.39829,3.54875,0.66667,240.0,37.0,76.33333,0.485,7.33333,24.33333,0.29867,16.33333,21.0,0.77333,7.33333,28.33333,35.66667,20.0,7.0,2.0,14.0,24.33333,97.66667,240.0,33.33333,74.0,0.45067,10.33333,29.66667,0.35033,24.0,29.66667,0.80667,10.33333,26.66667,37.0,16.33333,6.66667,3.0,13.66667,20.33333,101.0,0,0.04828,-0.04828,0.37316,0.27081,0.52073,0.53258,0.62726,0.60366,1492.81094,1544.87536,0.57427,0.42573,1.74289,2.35295,1.0,,,,
248.33333,35.66667,86.33333,0.41167,10.0,34.33333,0.29533,15.0,19.33333,0.76167,10.33333,33.33333,43.66667,19.66667,6.0,4.33333,10.0,20.0,96.33333,248.33333,38.0,81.66667,0.47333,9.0,26.33333,0.34767,14.66667,21.0,0.697,7.33333,37.33333,44.66667,22.0,7.0,7.33333,10.66667,18.0,99.66667,0,0.05272,-0.05272,0.20373,0.28672,0.52906,0.46962,0.58626,0.53098,1551.04857,1564.27032,0.5273,0.4727,1.96056,2.18447,0.66667,248.33333,38.33333,87.0,0.44167,9.66667,32.66667,0.303,15.33333,22.0,0.678,10.0,35.0,45.0,22.0,8.0,6.66667,13.0,26.33333,101.66667,248.33333,37.33333,91.33333,0.40967,7.66667,31.33333,0.248,19.33333,25.33333,0.75167,13.0,37.66667,50.66667,24.0,7.33333,4.0,14.33333,20.0,101.66667,0,0.00516,-0.00516,0.37024,0.27142,0.45141,0.49712,0.52695,0.55486,1661.55139,1530.73619,0.31722,0.68278,3.25229,1.4764,0.33333,,,,
248.33333,36.66667,86.33333,0.42633,12.66667,35.66667,0.35633,15.33333,21.0,0.70767,9.33333,31.66667,41.0,19.33333,4.33333,4.66667,10.0,19.33333,101.33333,248.33333,42.66667,90.33333,0.474,12.0,30.33333,0.395,13.66667,19.33333,0.664,11.66667,35.66667,47.33333,26.0,6.0,4.0,9.33333,19.66667,111.0,1,0.1355,-0.1355,0.37073,0.2627,0.54069,0.4999,0.58857,0.55939,1591.65755,1488.43093,0.37321,0.62679,2.8902,1.62695,0.33333,248.33333,40.33333,92.66667,0.437,9.66667,27.66667,0.349,19.66667,23.66667,0.82367,10.33333,32.66667,43.0,24.0,6.0,4.0,9.33333,21.66667,110.0,248.33333,40.66667,86.66667,0.46967,11.0,29.33333,0.37733,24.33333,30.66667,0.79133,10.0,34.33333,44.33333,25.33333,5.33333,6.33333,12.33333,22.33333,116.66667,1,0.08497,-0.08497,0.31181,0.31892,0.53349,0.4886,0.62486,0.56407,1685.39733,1507.38253,0.27153,0.72847,3.7254,1.37512,0.66667,,,,
240.0,38.33333,92.33333,0.414,9.0,30.66667,0.291,17.0,20.33333,0.841,13.0,37.0,50.0,23.0,9.33333,3.66667,13.0,19.66667,102.66667,240.0,39.0,88.33333,0.44033,11.0,28.33333,0.38067,15.66667,20.33333,0.76233,9.0,37.33333,46.33333,24.33333,6.66667,3.66667,14.0,19.66667,104.66667,1,0.02884,-0.02884,0.24444,0.4127,0.50289,0.46271,0.56469,0.52931,1561.0211,1598.36588,0.56479,0.43521,1.77407,2.30493,0.66667,240.0,39.66667,80.0,0.49567,10.66667,27.33333,0.38133,14.66667,22.66667,0.651,7.33333,34.66667,42.0,23.33333,6.66667,4.33333,15.66667,20.66667,104.66667,240.0,38.33333,86.66667,0.44433,15.0,36.0,0.421,18.33333,22.66667,0.81033,8.33333,35.66667,44.0,20.33333,10.33333,6.66667,10.0,20.0,110.0,1,0.07608,-0.07608,0.23796,0.20885,0.53262,0.56178,0.60358,0.61493,1728.64093,1648.15627,0.39329,0.60671,2.55155,1.65055,0.66667,,,,
240.0,39.66667,88.66667,0.44767,12.33333,39.0,0.31367,19.0,21.0,0.90867,7.33333,38.0,45.33333,20.33333,10.0,7.33333,9.0,19.0,110.66667,240.0,35.33333,83.66667,0.42233,8.66667,26.66667,0.328,13.66667,19.33333,0.714,7.66667,37.66667,45.33333,18.66667,5.0,3.33333,16.0,20.66667,93.0,0,-0.2495,0.2495,0.20312,0.19512,0.47392,0.51711,0.52868,0.59297,1621.27059,1725.62385,0.62008,0.37992,1.61535,2.64353,0.0,240.0,43.66667,96.33333,0.45367,10.33333,28.66667,0.36267,9.33333,12.0,0.782,7.0,37.0,44.0,27.66667,8.66667,4.0,13.0,18.33333,107.0,240.0,45.0,93.66667,0.48067,10.33333,31.33333,0.33033,18.66667,23.66667,0.79933,10.33333,42.33333,52.66667,34.66667,9.33333,6.66667,13.66667,17.33333,119.0,0,0.15497,-0.15497,0.28029,0.16492,0.53604,0.50698,0.60243,0.54115,1610.78587,1555.36578,0.43677,0.56323,2.2928,1.77707,1.0,,,,
240.0,35.33333,80.33333,0.44133,9.66667,29.66667,0.32333,18.66667,27.0,0.68567,10.33333,36.0,46.33333,20.33333,8.33333,4.0,16.0,21.0,99.0,240.0,37.33333,87.0,0.42967,12.33333,29.33333,0.42467,17.0,22.0,0.764,8.33333,36.0,44.33333,17.66667,10.0,4.0,11.66667,22.33333,104.0,1,0.06865,-0.06865,0.23214,0.28612,0.50158,0.50132,0.56772,0.57447,1642.30101,1652.19522,0.52092,0.47908,1.96641,2.14118,0.66667,240.0,36.33333,78.33333,0.46467,7.0,19.66667,0.35667,14.33333,21.0,0.685,6.66667,35.66667,42.33333,19.33333,6.66667,4.33333,14.0,18.0,94.0,240.0,39.0,88.66667,0.44233,17.0,42.66667,0.416,16.33333,21.33333,0.76367,9.33333,36.33333,45.66667,23.0,7.0,6.33333,9.0,18.33333,111.33333,1,0.24719,-0.24719,0.25985,0.18065,0.53881,0.50936,0.59959,0.56726,1719.73754,1597.25415,0.35395,0.64605,2.86753,1.55577,1.0,,,,
240.0,44.33333,95.0,0.469,11.0,28.66667,0.39033,9.66667,13.0,0.76,9.0,34.66667,43.66667,27.33333,7.66667,4.0,13.0,20.0,109.33333,240.0,42.66667,91.0,0.46933,12.0,33.0,0.369,18.0,23.0,0.78833,11.0,39.33333,50.33333,29.66667,7.66667,7.33333,15.0,18.0,115.33333,0,0.0744,-0.0744,0.31994,0.23656,0.5348,0.52718,0.59953,0.56155,1600.93058,1553.2532,0.44122,0.55878,2.26948,1.79107,0.66667,240.0,40.66667,95.66667,0.42233,9.33333,30.66667,0.30133,12.0,14.0,0.835,10.0,35.33333,45.33333,26.0,8.0,2.66667,12.66667,21.66667,102.66667,240.0,41.33333,88.33333,0.46767,9.66667,31.33333,0.30567,22.0,28.0,0.78833,9.33333,41.66667,51.0,31.33333,7.66667,7.66667,13.0,17.66667,114.33333,0,0.15558,-0.15558,0.26481,0.24351,0.52127,0.47033,0.60357,0.51872,1606.27801,1553.10897,0.44002,0.55998,2.27561,1.78724,1.0,,,,
240.0,37.0,86.33333,0.42867,8.33333,30.0,0.27067,21.0,28.0,0.74267,14.66667,35.66667,50.33333,24.66667,8.66667,3.66667,16.33333,21.66667,103.33333,240.0,39.66667,87.0,0.45633,13.0,30.0,0.42367,16.66667,22.66667,0.753,7.66667,32.33333,40.0,23.66667,9.66667,3.66667,12.66667,23.0,109.0,0,0.07502,-0.07502,0.20786,0.45532,0.53281,0.47583,0.59575,0.5588,1556.08882,1658.02097,0.6578,0.3422,1.52912,2.98966,0.66667,240.0,36.66667,83.0,0.44333,9.0,28.66667,0.30633,17.66667,22.33333,0.80033,10.33333,31.66667,42.0,24.33333,6.0,3.0,12.66667,20.0,100.0,240.0,41.0,83.66667,0.48967,13.66667,32.33333,0.41633,16.66667,21.33333,0.786,7.0,32.66667,39.66667,26.0,6.66667,3.66667,11.0,20.0,112.33333,0,0.16764,-0.16764,0.23048,0.30944,0.57144,0.49701,0.63553,0.57138,1576.52278,1599.10267,0.56179,0.43821,1.83513,2.37839,1.0,,,,
240.0,36.33333,81.33333,0.447,9.0,25.33333,0.35433,19.33333,24.66667,0.78533,12.33333,30.66667,43.0,17.0,7.33333,8.0,13.66667,24.66667,101.0,240.0,36.33333,81.0,0.44833,8.0,21.33333,0.37867,20.33333,25.66667,0.80967,8.66667,30.66667,39.33333,17.66667,6.66667,5.66667,12.33333,20.33333,101.0,0,-0.00264,0.00264,0.281,0.40215,0.49789,0.50378,0.58288,0.58457,1522.57453,1670.20534,0.70082,0.29918,1.42693,3.34281,0.66667,240.0,35.0,75.33333,0.46533,9.66667,28.0,0.339,20.0,25.33333,0.79,9.66667,27.66667,37.33333,17.33333,6.0,4.66667,14.0,26.0,99.66667,240.0,33.66667,76.0,0.442,9.66667,28.66667,0.33933,25.66667,30.66667,0.846,10.33333,28.66667,39.0,17.33333,6.33333,3.66667,12.0,20.33333,102.66667,0,0.04288,-0.04288,0.37761,0.3347,0.50599,0.52899,0.62025,0.61643,1495.99452,1584.09396,0.62197,0.37803,1.62253,2.72215,1.0,,,,
248.33333,34.0,82.33333,0.41133,10.33333,35.33333,0.295,14.66667,19.66667,0.73867,7.0,36.33333,43.33333,17.66667,5.33333,6.66667,12.33333,22.33333,93.0,248.33333,38.0,88.66667,0.43433,8.0,27.33333,0.29233,15.33333,21.66667,0.70333,12.0,38.33333,50.33333,22.0,6.66667,3.66667,10.33333,17.66667,99.33333,0,0.0977,-0.0977,0.32719,0.18392,0.47988,0.47475,0.53698,0.53715,1605.45001,1570.17544,0.46405,0.53595,2.22775,1.9267,0.66667,240.0,35.66667,78.0,0.45767,9.0,26.33333,0.328,18.66667,24.0,0.777,10.33333,26.33333,36.66667,16.0,4.66667,5.33333,13.66667,26.66667,99.0,240.0,40.0,79.0,0.50267,10.33333,26.66667,0.389,22.33333,28.33333,0.79167,9.0,30.0,39.0,21.66667,7.33333,4.33333,10.66667,20.33333,112.66667,0,0.18154,-0.18154,0.34111,0.34505,0.56821,0.51562,0.65978,0.59503,1506.22885,1616.26181,0.66966,0.33034,1.50217,3.09135,1.0,,,,
248.33333,41.66667,88.33333,0.475,12.33333,33.0,0.37967,13.66667,20.0,0.672,8.33333,29.0,37.33333,22.0,4.66667,3.33333,7.33333,18.0,109.33333,248.33333,44.0,86.33333,0.51167,12.0,29.33333,0.407,14.33333,18.66667,0.762,9.66667,33.66667,43.33333,26.33333,4.33333,3.0,10.33333,21.33333,114.33333,0,0.08149,-0.08149,0.32911,0.24418,0.58158,0.54493,0.63447,0.59189,1630.87615,1491.61451,0.30843,0.69157,3.4973,1.47454,0.33333,240.0,38.33333,85.66667,0.44833,8.66667,26.66667,0.32233,20.0,26.66667,0.74367,13.0,34.33333,47.33333,26.0,6.33333,4.0,13.0,23.66667,105.33333,240.0,38.66667,84.0,0.46,13.0,30.33333,0.41767,22.66667,28.0,0.83167,7.66667,31.0,38.66667,22.66667,7.66667,3.33333,9.66667,20.33333,113.0,0,0.10203,-0.10203,0.2199,0.42027,0.53776,0.49794,0.62698,0.57631,1581.03733,1654.89468,0.62225,0.37775,1.60906,2.65648,1.0,,,,
240.0,41.0,89.0,0.463,11.0,32.33333,0.339,19.33333,23.0,0.84033,6.0,36.0,42.0,24.66667,10.33333,4.33333,10.66667,18.0,112.33333,240.0,39.66667,89.66667,0.441,10.33333,31.33333,0.319,16.0,21.0,0.75467,9.0,40.0,49.0,23.66667,6.33333,3.33333,15.66667,21.33333,105.66667,0,-0.09167,0.09167,0.25,0.14498,0.49819,0.5259,0.56028,0.60126,1621.28712,1607.30785,0.47588,0.52412,2.25145,1.99056,0.33333,240.0,41.0,81.33333,0.504,12.66667,31.0,0.40667,17.66667,23.66667,0.74733,6.33333,35.66667,42.0,24.66667,6.0,4.66667,12.66667,19.66667,112.33333,240.0,39.0,87.66667,0.447,13.66667,37.66667,0.361,17.0,21.66667,0.78433,8.0,35.66667,43.66667,20.33333,8.66667,6.0,9.66667,20.66667,108.66667,0,-0.04502,0.04502,0.22057,0.18027,0.5261,0.58185,0.59065,0.64898,1731.64988,1637.37546,0.36027,0.63973,2.80004,1.56741,0.33333,,,,
240.0,37.0,85.0,0.43433,10.66667,36.0,0.29767,14.66667,16.66667,0.87,7.33333,36.33333,43.66667,20.0,7.33333,7.0,13.33333,19.66667,99.33333,240.0,38.33333,86.33333,0.44167,10.33333,30.0,0.342,14.66667,17.66667,0.82567,8.0,37.66667,45.66667,17.66667,7.33333,5.33333,13.33333,18.66667,101.66667,1,0.02345,-0.02345,0.22881,0.19512,0.50075,0.49752,0.56038,0.55894,1638.44661,1730.57872,0.63087,0.36913,1.591,2.7403,0.33333,240.0,40.33333,91.33333,0.43933,11.33333,31.66667,0.364,9.66667,12.66667,0.76567,8.0,35.66667,43.66667,26.0,7.33333,4.66667,15.33333,16.66667,101.66667,240.0,46.33333,94.0,0.49333,11.0,33.0,0.33,16.33333,19.0,0.864,9.66667,40.33333,50.0,30.33333,10.33333,5.66667,12.0,17.33333,120.0,1,0.2495,-0.2495,0.27476,0.1996,0.55218,0.50158,0.61217,0.53905,1617.47944,1611.11554,0.51083,0.48917,2.05661,2.20803,1.0,,,,
240.0,38.0,80.0,0.475,11.66667,30.66667,0.37633,16.0,24.33333,0.65333,7.0,36.66667,43.66667,21.66667,6.66667,4.66667,17.0,22.66667,103.66667,240.0,38.0,88.66667,0.42967,12.0,30.0,0.41,20.33333,25.0,0.81333,8.66667,36.66667,45.33333,17.66667,10.0,5.0,9.66667,21.0,108.33333,0,0.06847,-0.06847,0.23611,0.19109,0.49876,0.54738,0.57753,0.60665,1678.98621,1656.6605,0.47409,0.52591,2.18302,1.97136,0.66667,240.0,40.33333,79.33333,0.508,10.33333,24.33333,0.42033,14.33333,22.33333,0.647,5.33333,35.66667,41.0,23.0,5.66667,3.66667,14.33333,20.66667,105.33333,240.0,40.0,88.33333,0.454,15.0,37.66667,0.40333,18.33333,23.33333,0.78133,9.0,35.0,44.0,23.0,8.0,5.66667,8.33333,19.66667,113.33333,0,0.10787,-0.10787,0.2521,0.15309,0.54038,0.57259,0.60896,0.62421,1720.1367,1626.75775,0.38026,0.61974,2.66267,1.62035,0.66667,,,,
248.33333,33.66667,80.0,0.41867,9.0,30.66667,0.29333,16.66667,22.66667,0.72,7.0,34.66667,41.66667,17.0,5.66667,7.0,14.33333,24.33333,93.0,248.33333,37.66667,89.0,0.42767,11.0,30.0,0.35633,19.33333,24.66667,0.77467,12.33333,37.0,49.33333,23.33333,7.66667,3.66667,12.0,20.0,105.66667,0,0.18372,-0.18372,0.35172,0.18919,0.49277,0.47486,0.56799,0.54769,1613.18537,1579.07702,0.47464,0.52536,2.19895,1.99513,0.66667,240.0,33.33333,76.0,0.43833,7.66667,23.33333,0.31133,19.66667,25.33333,0.775,9.0,26.66667,35.66667,16.33333,4.0,6.66667,15.0,25.66667,94.0,240.0,41.66667,79.66667,0.521,12.66667,28.33333,0.44067,20.33333,25.0,0.811,6.66667,32.66667,39.33333,23.33333,8.33333,4.0,11.33333,21.0,116.33333,0,0.30677,-0.30677,0.25116,0.28416,0.60111,0.48893,0.68249,0.57645,1520.79944,1624.1035,0.67748,0.32252,1.48118,3.14298,1.0,,,,
248.33333,41.0,90.66667,0.45567,9.66667,29.0,0.32567,16.33333,21.33333,0.76767,9.0,30.66667,39.66667,22.66667,4.66667,3.66667,5.66667,16.33333,108.0,248.33333,42.0,85.33333,0.49467,10.66667,29.33333,0.36267,15.33333,18.33333,0.85367,8.66667,35.66667,44.33333,26.33333,3.33333,4.0,11.0,21.0,110.0,0,0.04946,-0.04946,0.27824,0.25079,0.55756,0.50828,0.61783,0.5692,1642.97166,1501.93129,0.30568,0.69432,3.5119,1.46596,0.33333,240.0,37.0,86.66667,0.42767,8.33333,26.66667,0.30967,17.0,21.66667,0.77933,12.33333,33.33333,45.66667,24.66667,5.33333,4.33333,12.0,21.33333,99.33333,240.0,39.33333,83.66667,0.47,11.0,28.66667,0.378,20.33333,26.0,0.798,8.0,34.66667,42.66667,22.66667,8.33333,3.33333,9.33333,19.0,110.0,0,0.15792,-0.15792,0.23539,0.37342,0.5361,0.47525,0.61555,0.54374,1583.33083,1608.93156,0.54821,0.45179,1.87334,2.28355,1.0,,,,
240.0,42.33333,86.66667,0.48933,11.0,32.0,0.34233,18.33333,21.66667,0.84367,5.66667,33.66667,39.33333,24.33333,8.66667,4.33333,11.66667,19.66667,114.0,240.0,38.66667,87.0,0.44467,11.0,35.0,0.29533,20.0,26.0,0.764,9.0,37.66667,46.66667,19.33333,6.66667,2.66667,15.0,22.66667,108.33333,0,-0.08385,0.08385,0.27542,0.1503,0.50798,0.55337,0.58454,0.62549,1678.06277,1612.97553,0.39757,0.60243,2.64391,1.70661,0.33333,240.0,39.66667,82.0,0.48433,10.66667,30.33333,0.35033,18.66667,22.66667,0.82,7.66667,30.33333,38.0,23.0,6.66667,4.33333,12.0,19.0,108.66667,240.0,41.33333,85.33333,0.484,15.66667,39.33333,0.398,16.66667,21.66667,0.772,7.66667,35.33333,43.0,20.66667,7.66667,4.0,11.66667,21.66667,115.0,0,0.08082,-0.08082,0.25875,0.2175,0.57598,0.54963,0.63765,0.62531,1739.50301,1621.75046,0.34175,0.65825,2.9345,1.52032,0.66667,,,,
240.0,33.0,82.0,0.40167,11.0,36.66667,0.301,16.33333,19.0,0.854,9.0,34.66667,43.66667,15.33333,7.0,7.66667,14.0,19.66667,93.33333,240.0,38.33333,88.0,0.43367,9.66667,29.33333,0.32667,15.33333,17.33333,0.891,11.66667,36.0,47.66667,16.66667,8.33333,5.0,13.33333,20.33333,101.66667,0,0.10689,-0.10689,0.34656,0.24961,0.48797,0.46926,0.55127,0.54151,1633.75729,1727.49618,0.64435,0.35565,1.55455,2.82855,0.33333,240.0,34.33333,82.0,0.417,11.0,32.0,0.35233,15.0,18.66667,0.79033,7.33333,34.66667,42.0,19.0,5.66667,6.0,14.33333,16.66667,94.66667,240.0,43.66667,93.33333,0.46667,9.66667,28.66667,0.33267,13.33333,14.66667,0.902,12.66667,37.33333,50.0,23.0,9.0,4.0,12.0,19.33333,110.33333,0,0.21378,-0.21378,0.37156,0.20105,0.5188,0.48441,0.57066,0.54923,1624.173,1666.8653,0.58021,0.41979,1.79431,2.53067,0.66667,,,,
240.0,31.66667,78.0,0.40567,8.66667,27.33333,0.31267,21.33333,28.0,0.76133,7.0,30.66667,37.66667,17.66667,5.66667,5.66667,13.0,26.33333,93.33333,240.0,38.66667,83.66667,0.46567,10.66667,27.66667,0.37233,22.0,28.33333,0.77533,11.0,37.33333,48.33333,20.66667,7.0,4.66667,13.33333,23.0,110.0,0,0.23888,-0.23888,0.35053,0.18706,0.53191,0.46127,0.61793,0.55436,1572.8075,1575.78528,0.53124,0.46876,1.95147,2.21513,1.0,240.0,33.33333,79.33333,0.42,6.33333,21.66667,0.287,20.66667,27.0,0.764,8.0,26.33333,34.33333,18.66667,5.33333,4.0,12.33333,25.0,93.66667,240.0,42.66667,80.33333,0.52933,12.33333,27.66667,0.43667,20.66667,26.33333,0.78567,7.66667,35.33333,43.0,22.33333,8.0,5.33333,14.0,22.33333,118.33333,0,0.33818,-0.33818,0.28934,0.22978,0.60697,0.45938,0.68711,0.54879,1529.13788,1595.77517,0.63266,0.36734,1.59258,2.78905,1.0,,,,
240.0,39.33333,83.33333,0.47267,8.33333,27.66667,0.3,14.66667,20.0,0.72567,7.33333,32.33333,39.66667,20.33333,3.66667,3.66667,9.0,15.66667,101.66667,240.0,42.33333,85.66667,0.49667,11.0,30.33333,0.36333,12.66667,14.66667,0.86833,7.33333,35.66667,43.0,25.66667,5.33333,2.66667,8.33333,19.66667,108.33333,0,0.11603,-0.11603,0.22109,0.20317,0.56127,0.52315,0.61199,0.57965,1614.63409,1510.27896,0.35574,0.64426,2.99017,1.57515,0.66667,240.0,36.0,82.66667,0.437,7.33333,26.0,0.286,17.0,22.66667,0.73733,9.66667,34.66667,44.33333,20.66667,3.66667,4.66667,13.33333,21.33333,96.33333,240.0,40.33333,87.0,0.46467,9.33333,27.0,0.34667,19.66667,24.66667,0.81733,10.0,34.33333,44.33333,23.0,8.66667,3.0,8.0,19.66667,109.66667,0,0.19742,-0.19742,0.28399,0.30147,0.51825,0.48177,0.59431,0.55027,1587.59344,1560.99933,0.47976,0.52024,2.16344,2.0018,1.0,,,,
240.0,37.66667,79.0,0.476,10.66667,29.66667,0.35967,20.0,23.33333,0.856,5.33333,32.66667,38.0,21.0,7.33333,3.0,13.33333,20.0,106.0,240.0,37.66667,83.66667,0.44733,14.0,40.66667,0.34467,21.0,26.66667,0.77867,8.33333,34.66667,43.0,17.66667,7.66667,2.33333,12.0,22.0,110.33333,1,0.05589,-0.05589,0.26416,0.15132,0.5309,0.54397,0.61452,0.63006,1732.71959,1620.76202,0.34465,0.65535,2.91293,1.52756,0.66667,240.0,37.66667,79.0,0.476,10.66667,29.66667,0.35967,20.0,23.33333,0.856,5.33333,32.66667,38.0,21.0,7.33333,3.0,13.33333,20.0,106.0,240.0,37.66667,83.66667,0.44733,14.0,40.66667,0.34467,21.0,26.66667,0.77867,8.33333,34.66667,43.0,17.66667,7.66667,2.33333,12.0,22.0,110.33333,1,0.05589,-0.05589,0.26416,0.15132,0.5309,0.54397,0.61452,0.63006,1732.71959,1620.76202,0.34465,0.65535,2.91293,1.52756,0.66667,,,,
240.0,33.0,80.0,0.414,7.66667,30.33333,0.24733,13.0,18.66667,0.69,6.66667,34.66667,41.33333,17.66667,3.0,5.0,13.0,17.33333,86.66667,240.0,38.0,87.0,0.43733,11.33333,33.33333,0.341,16.33333,18.66667,0.86967,8.0,38.33333,46.33333,23.0,8.0,4.0,7.33333,18.0,103.66667,1,0.25888,-0.25888,0.22843,0.17393,0.50256,0.46282,0.56988,0.51705,1588.5092,1516.41395,0.42142,0.57858,2.37843,1.73041,1.0,240.0,33.0,80.0,0.414,7.66667,30.33333,0.24733,13.0,18.66667,0.69,6.66667,34.66667,41.33333,17.66667,3.0,5.0,13.0,17.33333,86.66667,240.0,38.0,87.0,0.43733,11.33333,33.33333,0.341,16.33333,18.66667,0.86967,8.0,38.33333,46.33333,23.0,8.0,4.0,7.33333,18.0,103.66667,1,0.25888,-0.25888,0.22843,0.17393,0.50256,0.46282,0.56988,0.51705,1588.5092,1516.41395,0.42142,0.57858,2.37843,1.73041,1.0,,,,
240.0,36.66667,79.0,0.46367,11.66667,31.66667,0.365,15.0,19.66667,0.72933,8.0,31.66667,39.66667,21.33333,7.33333,4.0,15.66667,21.66667,100.0,240.0,36.66667,85.33333,0.42767,12.0,43.0,0.28067,20.33333,27.0,0.73767,11.66667,32.0,43.66667,17.33333,10.33333,2.33333,11.66667,20.0,105.66667,1,0.06664,-0.06664,0.37832,0.25855,0.49876,0.53772,0.57906,0.60071,1721.71034,1631.77127,0.37958,0.62042,2.65361,1.61639,0.66667,240.0,34.0,77.66667,0.43933,9.0,26.0,0.341,18.66667,26.0,0.701,6.66667,27.33333,34.0,20.66667,6.0,3.0,12.33333,23.0,95.66667,240.0,39.66667,81.33333,0.488,11.33333,26.66667,0.413,21.33333,27.0,0.79167,10.66667,34.66667,45.33333,18.0,7.66667,6.66667,13.66667,21.66667,112.0,1,0.23084,-0.23084,0.39469,0.19047,0.55908,0.49724,0.64359,0.57486,1531.112,1573.81115,0.59029,0.40971,1.69654,2.44866,1.0,,,,
240.0,43.33333,90.33333,0.48,15.33333,37.66667,0.40433,17.0,24.33333,0.735,9.0,34.0,43.0,26.0,8.33333,5.0,18.33333,27.33333,119.0,240.0,45.0,93.0,0.48767,11.66667,28.66667,0.41133,21.0,29.33333,0.705,10.66667,34.66667,45.33333,25.33333,8.66667,4.0,16.33333,25.66667,122.66667,0,0.046,-0.046,0.31104,0.26089,0.55125,0.56382,0.62104,0.62121,1493.69199,1485.16652,0.49445,0.50555,2.02297,1.97851,0.66667,240.0,40.66667,95.33333,0.427,12.0,32.33333,0.38067,15.33333,19.33333,0.78533,9.33333,36.0,45.33333,26.0,4.66667,7.0,11.66667,21.0,108.66667,240.0,41.33333,92.66667,0.44567,13.0,32.33333,0.40167,20.33333,23.33333,0.87767,12.66667,39.66667,52.33333,27.0,7.33333,6.33333,11.33333,20.33333,116.0,0,0.09134,-0.09134,0.35131,0.25072,0.51545,0.49046,0.59279,0.54696,1498.30877,1494.51132,0.50954,0.49046,1.96666,2.04321,1.0,,,,
240.0,39.0,93.66667,0.41833,10.66667,32.0,0.33633,20.33333,26.66667,0.765,15.33333,31.66667,47.0,22.0,6.33333,5.0,15.66667,26.66667,109.0,240.0,40.33333,85.33333,0.47567,9.0,26.33333,0.33767,24.0,33.0,0.72833,9.66667,33.66667,43.33333,22.0,7.0,9.0,13.33333,27.33333,113.66667,0,0.05834,-0.05834,0.30463,0.45588,0.52931,0.47541,0.61873,0.54964,1507.20112,1501.05156,0.49827,0.50173,2.00699,1.99316,0.66667,240.0,42.33333,90.66667,0.46433,12.66667,36.0,0.35467,18.33333,24.66667,0.747,9.0,41.0,50.0,29.33333,11.66667,6.0,17.0,25.66667,115.66667,240.0,35.33333,87.33333,0.40367,11.66667,36.33333,0.31767,21.33333,29.33333,0.73733,10.33333,38.0,48.33333,24.66667,7.0,6.66667,19.66667,22.33333,103.66667,0,-0.14696,0.14696,0.25345,0.24126,0.4702,0.53393,0.55106,0.59772,1476.29229,1489.2354,0.50123,0.49877,2.00727,2.01787,0.33333,,,,
240.0,35.33333,89.0,0.39667,11.33333,31.0,0.36433,19.66667,25.33333,0.75833,12.33333,34.66667,47.0,23.0,6.33333,3.0,13.33333,26.66667,101.66667,240.0,38.66667,91.0,0.425,10.66667,32.66667,0.32133,15.0,23.66667,0.64233,13.0,37.66667,50.66667,22.0,5.33333,3.33333,14.66667,23.66667,103.0,1,0.01511,-0.01511,0.37544,0.33021,0.48388,0.45991,0.53606,0.53916,1500.33791,1508.39324,0.51586,0.48414,1.94277,2.0708,0.33333,248.33333,43.33333,89.66667,0.483,9.0,31.33333,0.28133,16.0,21.66667,0.75433,6.66667,32.33333,39.0,26.0,7.66667,4.66667,12.33333,24.0,111.66667,248.33333,43.66667,92.66667,0.474,9.66667,28.33333,0.33567,18.33333,26.0,0.718,13.0,33.66667,46.66667,21.33333,4.33333,4.66667,14.0,21.66667,115.33333,1,0.04946,-0.04946,0.42566,0.19718,0.52682,0.53178,0.58909,0.58913,1501.02985,1485.54182,0.48077,0.51923,2.08733,1.93127,1.0,,,,
240.0,40.0,89.0,0.44833,7.66667,22.0,0.34967,22.33333,27.66667,0.82433,11.33333,29.33333,40.66667,20.33333,6.66667,1.0,13.0,24.66667,110.0,240.0,43.33333,85.66667,0.507,11.66667,28.66667,0.40567,20.66667,28.0,0.70967,10.0,33.66667,43.66667,23.33333,6.33333,6.33333,14.0,23.66667,119.0,0,0.11444,-0.11444,0.3646,0.33978,0.57486,0.49123,0.64838,0.57749,1504.67134,1479.1846,0.47686,0.52314,2.10327,1.91594,1.0,240.0,39.66667,89.33333,0.44433,11.66667,33.66667,0.351,19.0,25.0,0.76133,10.66667,28.33333,39.0,22.0,8.66667,7.0,12.66667,21.0,110.0,240.0,45.0,89.0,0.50733,12.66667,33.66667,0.39,19.66667,22.33333,0.89167,10.0,36.66667,46.66667,27.66667,8.0,6.0,13.66667,23.33333,122.33333,0,0.14718,-0.14718,0.3569,0.29257,0.57879,0.51088,0.6538,0.58143,1519.12929,1487.22049,0.47484,0.52516,2.10817,1.90585,0.66667,,,,
240.0,41.33333,91.66667,0.452,14.66667,38.0,0.38367,16.66667,25.33333,0.67967,10.0,33.66667,43.66667,26.33333,9.33333,5.0,14.66667,23.33333,114.0,240.0,43.66667,93.0,0.474,12.33333,33.33333,0.38933,18.66667,25.0,0.76167,12.66667,38.66667,51.33333,29.33333,7.0,5.0,17.66667,25.33333,118.33333,0,0.06627,-0.06627,0.36746,0.26552,0.54115,0.53175,0.60551,0.58689,1491.49276,1481.34744,0.4919,0.5081,2.03333,1.96846,0.66667,240.0,44.66667,86.33333,0.52533,13.66667,31.33333,0.42167,15.0,20.0,0.76033,7.0,30.33333,37.33333,27.66667,10.0,3.66667,13.66667,17.33333,118.0,240.0,40.0,91.33333,0.43733,6.66667,23.33333,0.27233,14.66667,17.33333,0.83,15.66667,31.33333,47.0,20.66667,6.33333,2.0,16.0,21.33333,101.33333,0,-0.22013,0.22013,0.55767,0.21828,0.47328,0.60057,0.53247,0.65399,1460.83675,1506.54294,0.53076,0.46924,1.89768,2.15254,0.0,,,,
240.0,38.0,90.33333,0.421,11.33333,34.33333,0.33433,16.33333,23.33333,0.70233,9.66667,35.0,44.66667,25.0,6.66667,6.66667,13.33333,20.0,103.66667,240.0,41.66667,87.66667,0.478,15.0,33.0,0.45367,17.66667,22.33333,0.81167,9.33333,40.0,49.33333,28.66667,7.0,4.33333,12.66667,23.33333,116.0,0,0.16183,-0.16183,0.2666,0.24362,0.56449,0.48347,0.63038,0.54291,1515.97774,1484.02081,0.47476,0.52524,2.11592,1.91037,1.0,240.0,42.0,88.0,0.47833,12.0,28.0,0.41367,14.0,17.66667,0.79167,8.66667,34.0,42.66667,24.33333,7.66667,4.0,12.66667,24.66667,110.0,240.0,39.66667,90.33333,0.43867,6.66667,20.0,0.31467,20.0,24.66667,0.82267,15.33333,33.66667,49.0,19.33333,4.33333,4.0,12.66667,18.33333,106.0,0,-0.0557,0.0557,0.45506,0.25824,0.47534,0.54677,0.55288,0.59988,1485.45508,1510.75056,0.52254,0.47746,1.91635,2.09793,0.66667,,,,
240.0,39.0,95.66667,0.40667,10.33333,30.0,0.34333,13.33333,16.33333,0.80333,11.0,30.33333,41.33333,18.66667,7.0,2.0,8.66667,21.0,101.66667,240.0,40.33333,84.33333,0.47933,14.0,33.0,0.42433,19.0,25.33333,0.754,11.66667,42.0,53.66667,24.33333,4.66667,6.66667,16.33333,18.66667,113.66667,1,0.16655,-0.16655,0.40268,0.2658,0.56183,0.46069,0.63415,0.51081,1512.81919,1504.9012,0.51048,0.48952,1.95956,2.04356,1.0,240.0,42.33333,81.33333,0.52067,12.33333,25.0,0.49467,22.33333,27.66667,0.79367,7.0,29.66667,36.66667,22.0,8.0,4.33333,18.0,28.66667,119.33333,240.0,42.33333,94.0,0.44933,13.66667,41.66667,0.32667,21.33333,26.66667,0.81567,13.33333,28.66667,42.0,26.0,7.33333,4.33333,14.66667,21.0,119.66667,1,-0.0002,0.0002,0.45996,0.24343,0.52151,0.59613,0.59717,0.68092,1484.14344,1503.53672,0.5282,0.4718,1.8973,2.12531,0.66667,,,,
248.33333,41.33333,92.66667,0.44467,7.0,24.33333,0.28767,20.0,26.66667,0.73233,13.66667,38.33333,52.0,22.0,7.0,7.66667,15.0,20.0,109.66667,248.33333,40.0,90.66667,0.44067,11.33333,30.33333,0.36733,17.33333,21.66667,0.79367,9.33333,34.66667,44.0,25.0,7.66667,6.0,12.66667,24.66667,108.66667,1,-0.01807,0.01807,0.24513,0.39553,0.5028,0.4826,0.56872,0.55722,1490.22952,1515.95505,0.53692,0.46308,1.87033,2.17248,0.33333,240.0,43.33333,81.0,0.541,11.33333,27.33333,0.40867,13.66667,19.33333,0.713,6.0,29.66667,35.66667,25.33333,9.0,4.0,17.0,20.0,111.66667,240.0,39.66667,88.33333,0.449,7.66667,22.66667,0.32233,22.66667,27.0,0.87133,15.0,31.66667,46.66667,20.66667,9.0,1.66667,14.33333,19.66667,109.66667,1,-0.04831,0.04831,0.54613,0.18719,0.4923,0.60924,0.57913,0.65865,1458.27378,1494.71713,0.54765,0.45235,1.83224,2.2227,0.33333,,,,
248.33333,39.0,94.0,0.415,12.33333,34.66667,0.347,23.66667,29.66667,0.80133,14.33333,37.0,51.33333,18.0,6.0,4.33333,14.0,27.0,114.0,248.33333,41.33333,90.66667,0.45733,9.33333,30.0,0.313,22.66667,29.33333,0.774,10.33333,37.0,47.33333,25.66667,5.66667,3.33333,13.66667,24.33333,114.66667,0,0.00935,-0.00935,0.26848,0.38928,0.50839,0.47982,0.5921,0.56697,1496.74153,1492.27306,0.49363,0.50637,2.03538,1.98297,0.66667,240.0,36.66667,91.66667,0.401,8.66667,31.66667,0.288,20.66667,26.0,0.78267,9.0,36.66667,45.66667,19.33333,6.33333,6.0,13.33333,23.66667,102.66667,240.0,40.0,94.33333,0.424,12.33333,34.0,0.37867,21.0,25.33333,0.84233,13.33333,41.0,54.33333,26.66667,6.0,8.0,14.66667,25.0,113.33333,0,0.14497,-0.14497,0.36184,0.22168,0.48914,0.44864,0.56728,0.52861,1500.02636,1500.61113,0.51857,0.48143,1.93094,2.08017,1.0,,,,
240.0,42.66667,89.33333,0.47833,15.33333,38.66667,0.39833,17.66667,25.66667,0.696,10.0,33.33333,43.33333,24.0,5.66667,6.66667,12.33333,21.66667,118.33333,240.0,44.0,91.33333,0.482,9.33333,30.33333,0.297,16.33333,21.33333,0.737,10.0,33.66667,43.66667,24.0,7.0,7.0,11.0,21.66667,113.66667,1,-0.05699,0.05699,0.3111,0.3043,0.53412,0.56447,0.59365,0.62394,1493.77092,1478.61473,0.47115,0.52885,2.1232,1.89144,0.33333,248.33333,46.0,93.33333,0.49267,12.66667,32.33333,0.357,16.66667,22.0,0.75033,11.33333,37.66667,49.0,26.33333,8.0,8.33333,11.33333,19.33333,121.33333,248.33333,42.33333,91.66667,0.46167,13.33333,33.33333,0.40133,14.0,20.33333,0.743,11.0,32.33333,43.33333,28.33333,5.0,5.33333,12.0,20.66667,112.0,1,-0.10187,0.10187,0.29414,0.3488,0.53456,0.55958,0.58184,0.61746,1462.97411,1535.16596,0.59144,0.40856,1.69121,2.449,0.0,,,,
240.0,41.0,84.33333,0.48633,11.0,28.66667,0.38533,21.0,24.0,0.88167,9.66667,35.66667,45.33333,19.0,5.33333,5.66667,12.33333,23.33333,114.0,240.0,41.33333,90.66667,0.45633,11.0,29.33333,0.367,15.33333,22.0,0.70133,11.33333,32.33333,43.66667,23.0,6.66667,6.66667,11.33333,20.66667,109.0,1,-0.06733,0.06733,0.32836,0.31174,0.51689,0.55162,0.57099,0.63601,1505.42706,1518.10758,0.50749,0.49251,1.97445,2.03487,0.33333,240.0,43.0,85.0,0.50367,10.66667,25.66667,0.42233,24.66667,29.33333,0.82667,9.33333,39.0,48.33333,24.66667,7.66667,4.0,15.0,22.33333,121.33333,240.0,37.33333,92.33333,0.40467,14.0,43.0,0.32467,16.0,21.0,0.73367,11.33333,26.66667,38.0,19.33333,10.33333,6.33333,13.0,24.0,104.66667,1,-0.20976,0.20976,0.29114,0.34502,0.48022,0.5673,0.53852,0.66408,1477.95791,1514.72285,0.51825,0.48175,1.93137,2.07799,0.0,,,,
240.0,35.0,84.66667,0.413,11.33333,30.33333,0.372,23.0,30.33333,0.75167,9.66667,39.0,48.66667,21.66667,6.33333,3.66667,13.0,26.33333,104.33333,240.0,35.33333,90.0,0.393,8.66667,33.33333,0.26067,15.66667,24.0,0.66333,11.0,39.0,50.0,19.33333,5.66667,3.33333,14.33333,25.33333,95.0,0,-0.13637,0.13637,0.29771,0.2511,0.44124,0.47996,0.49906,0.57136,1491.42049,1514.34168,0.51582,0.48418,1.94293,2.07063,0.0,240.0,34.66667,82.66667,0.42067,12.0,30.66667,0.38733,18.0,22.66667,0.80033,8.33333,31.0,39.33333,20.0,6.66667,4.0,15.0,19.66667,99.33333,240.0,45.0,88.33333,0.51033,10.66667,23.0,0.456,11.33333,18.33333,0.608,10.0,34.0,44.0,23.0,7.33333,5.66667,12.66667,20.66667,112.0,0,0.16969,-0.16969,0.37079,0.26017,0.57075,0.49273,0.60684,0.56837,1516.25113,1497.3629,0.49417,0.50583,2.02427,1.97755,0.66667,,,,
240.0,39.66667,80.0,0.496,8.0,21.0,0.374,30.0,36.0,0.83433,6.66667,36.33333,43.0,17.66667,6.33333,5.0,18.33333,24.33333,117.33333,240.0,42.0,95.0,0.443,10.0,27.33333,0.38167,25.0,32.33333,0.783,12.33333,31.33333,43.66667,20.66667,13.0,7.0,12.0,28.66667,119.0,0,0.02444,-0.02444,0.33577,0.20994,0.49505,0.54684,0.58302,0.66887,1497.28672,1516.01567,0.53344,0.46656,1.88902,2.16429,0.66667,240.0,37.66667,93.0,0.40567,11.0,33.66667,0.34167,17.0,22.33333,0.75767,11.0,37.0,48.0,23.33333,6.66667,6.0,12.0,19.33333,103.33333,240.0,40.33333,94.66667,0.426,13.66667,36.0,0.39,17.0,19.33333,0.89233,14.33333,41.0,55.33333,28.0,6.33333,6.66667,13.33333,22.0,111.33333,0,0.11228,-0.11228,0.38761,0.28229,0.49785,0.46539,0.56319,0.52876,1500.89381,1490.90797,0.49979,0.50021,2.00459,2.00309,1.0,,,,
248.33333,42.66667,96.33333,0.445,13.66667,40.33333,0.34133,20.66667,25.66667,0.80133,8.0,35.33333,43.33333,22.33333,7.0,5.0,14.33333,26.0,119.66667,248.33333,46.66667,98.33333,0.479,13.33333,36.33333,0.37167,21.33333,26.33333,0.8,13.66667,43.33333,57.0,28.0,6.66667,4.33333,17.33333,20.66667,128.0,0,0.09274,-0.09274,0.3845,0.17961,0.54784,0.51633,0.61936,0.59008,1508.79044,1490.52702,0.48736,0.51264,2.05324,1.95188,0.66667,240.0,36.66667,90.33333,0.40667,10.0,30.66667,0.32467,20.33333,26.66667,0.75267,11.66667,36.0,47.66667,22.0,5.66667,6.33333,11.33333,24.66667,103.66667,240.0,37.33333,86.0,0.434,8.0,26.33333,0.303,24.33333,28.66667,0.861,10.33333,37.66667,48.0,21.33333,4.66667,6.33333,13.0,24.0,107.0,0,0.04757,-0.04757,0.29945,0.30844,0.48106,0.46248,0.57988,0.54078,1506.5,1491.20527,0.48904,0.51096,2.04693,1.95886,0.66667,,,,
240.0,46.0,93.0,0.49367,10.0,30.33333,0.328,16.66667,23.33333,0.703,8.66667,35.0,43.66667,25.33333,9.33333,5.33333,13.33333,23.33333,118.66667,240.0,44.0,91.66667,0.48267,8.66667,28.0,0.28733,20.33333,24.66667,0.81233,11.66667,37.33333,49.0,22.66667,6.66667,6.33333,16.0,22.0,117.0,0,-0.01821,0.01821,0.33084,0.23449,0.52944,0.54794,0.60347,0.60377,1483.90438,1505.08145,0.51973,0.48027,1.9269,2.08594,0.66667,240.0,43.33333,92.33333,0.46933,11.66667,31.66667,0.35633,14.66667,18.66667,0.759,10.66667,39.33333,50.0,25.33333,5.0,5.33333,15.33333,23.66667,113.0,240.0,38.66667,94.66667,0.417,9.0,33.66667,0.28167,22.66667,25.66667,0.86067,11.33333,34.0,45.33333,23.66667,9.33333,8.33333,11.66667,17.66667,109.0,0,-0.05153,0.05153,0.28384,0.31527,0.46467,0.53251,0.55355,0.5857,1502.79956,1513.30235,0.51234,0.48766,1.95418,2.05327,0.66667,,,,
248.33333,39.66667,91.33333,0.43467,11.33333,34.66667,0.33133,15.66667,22.33333,0.70433,9.0,39.33333,48.33333,20.66667,7.33333,6.0,17.66667,21.66667,106.33333,248.33333,41.0,91.0,0.451,11.66667,28.33333,0.41733,19.66667,24.0,0.83733,9.0,39.33333,48.33333,26.0,11.0,4.33333,14.66667,22.33333,113.33333,0,0.09193,-0.09193,0.23582,0.22998,0.51465,0.49642,0.58874,0.55252,1503.70528,1481.99975,0.47512,0.52488,2.11448,1.91182,1.0,248.33333,46.66667,95.0,0.491,12.33333,31.0,0.39267,21.33333,29.33333,0.73467,11.0,37.33333,48.33333,25.33333,8.0,4.0,14.66667,23.0,127.0,248.33333,49.66667,99.66667,0.498,10.66667,33.33333,0.318,16.0,22.33333,0.70967,10.33333,35.66667,46.0,29.33333,8.66667,6.33333,12.66667,23.0,126.0,0,-0.01095,0.01095,0.27852,0.31029,0.55126,0.55569,0.6021,0.62473,1498.99428,1501.12464,0.50313,0.49687,1.99001,2.01517,0.33333,,,,
248.33333,44.0,92.0,0.479,7.66667,25.0,0.305,15.0,19.66667,0.756,13.66667,34.33333,48.0,22.66667,7.66667,7.0,15.66667,18.66667,110.66667,248.33333,39.66667,89.0,0.44467,10.33333,27.0,0.36467,16.66667,20.0,0.83167,10.66667,29.33333,40.0,24.0,10.33333,4.33333,13.0,21.33333,106.33333,0,-0.067,0.067,0.31815,0.48485,0.50166,0.52123,0.56759,0.57649,1475.82835,1526.37943,0.56369,0.43631,1.77807,2.30006,0.33333,240.0,36.33333,78.33333,0.46267,12.33333,32.66667,0.38,17.66667,25.0,0.74067,7.0,30.33333,37.33333,26.33333,7.66667,4.33333,19.33333,26.0,102.66667,240.0,41.33333,78.0,0.52867,11.66667,26.66667,0.43667,24.0,32.0,0.77233,5.33333,34.0,39.33333,30.0,12.33333,2.66667,14.33333,23.33333,118.33333,0,0.20669,-0.20669,0.17629,0.20622,0.6039,0.54152,0.6946,0.61112,1506.38817,1466.43761,0.46953,0.53047,2.13464,1.8886,1.0,,,,
240.0,48.33333,91.0,0.531,11.0,26.0,0.42467,16.33333,24.66667,0.64367,10.0,31.33333,41.33333,27.0,8.0,5.0,15.33333,23.0,124.0,240.0,51.0,99.33333,0.51533,12.0,33.33333,0.37133,17.66667,26.0,0.712,15.0,35.66667,50.66667,29.66667,9.33333,5.33333,15.33333,25.33333,131.66667,1,0.08378,-0.08378,0.47647,0.28445,0.57666,0.59205,0.62896,0.64257,1509.69547,1484.9962,0.47753,0.52247,2.09698,1.91626,0.66667,240.0,37.0,90.66667,0.408,13.33333,36.0,0.36967,16.33333,21.66667,0.72933,10.0,32.33333,42.33333,19.0,6.0,7.66667,10.66667,25.0,103.66667,240.0,41.33333,89.0,0.465,13.0,34.0,0.38567,18.33333,27.0,0.679,10.66667,41.33333,52.0,22.0,6.0,8.0,13.33333,21.0,114.0,1,0.14602,-0.14602,0.33782,0.2457,0.53794,0.48136,0.60119,0.54266,1511.39144,1507.17663,0.51201,0.48799,1.95347,2.04971,0.66667,,,,
240.0,44.0,87.33333,0.503,14.0,36.33333,0.37833,15.0,20.33333,0.73667,8.66667,46.0,54.66667,26.0,5.66667,5.0,17.33333,22.66667,117.0,240.0,39.33333,98.66667,0.40433,16.66667,45.33333,0.36333,12.66667,17.66667,0.73467,11.33333,32.66667,44.0,23.33333,7.66667,7.66667,10.0,19.0,108.0,0,-0.11952,0.11952,0.24032,0.26593,0.49159,0.58254,0.53487,0.63691,1506.33226,1535.87486,0.52896,0.47104,1.89397,2.12776,0.33333,240.0,38.0,91.0,0.42033,7.66667,26.66667,0.29667,21.0,27.66667,0.74667,12.0,32.0,44.0,20.33333,8.33333,6.0,14.33333,22.33333,104.66667,240.0,42.0,92.33333,0.457,10.33333,32.66667,0.31167,23.33333,28.33333,0.81367,13.66667,40.33333,54.0,20.33333,7.0,3.33333,14.66667,23.66667,117.66667,0,0.1842,-0.1842,0.44564,0.29948,0.51456,0.46244,0.60177,0.54012,1545.88968,1494.54178,0.44506,0.55494,2.25239,1.80469,0.66667,,,,
240.0,41.0,90.33333,0.45667,11.66667,25.33333,0.445,22.66667,27.66667,0.788,12.0,29.0,41.0,22.66667,9.66667,3.33333,14.33333,24.66667,116.33333,240.0,45.0,93.33333,0.48233,13.0,35.66667,0.37467,18.33333,25.0,0.73633,15.0,31.0,46.0,25.66667,6.66667,6.66667,14.66667,22.66667,121.33333,0,0.06247,-0.06247,0.51405,0.3771,0.55154,0.52116,0.61274,0.60578,1506.15458,1503.75883,0.49973,0.50027,2.00497,2.00277,1.0,240.0,41.66667,90.33333,0.461,11.0,37.0,0.298,21.0,24.33333,0.86533,10.33333,30.0,40.33333,23.33333,7.66667,1.33333,16.0,23.66667,115.33333,240.0,48.33333,89.66667,0.53833,15.0,34.0,0.44433,21.0,27.0,0.78367,9.66667,35.0,44.66667,37.0,9.33333,4.33333,15.33333,23.33333,132.66667,0,0.20325,-0.20325,0.3275,0.30026,0.62217,0.52181,0.69327,0.60179,1539.36837,1493.44907,0.46818,0.53182,2.14157,1.88407,1.0,,,,
240.0,46.33333,90.66667,0.511,11.0,28.0,0.40033,17.33333,23.0,0.75033,11.0,35.66667,46.66667,29.33333,8.0,3.33333,16.33333,25.33333,121.0,240.0,42.66667,91.33333,0.468,14.33333,38.33333,0.38233,20.0,25.66667,0.78767,9.66667,31.66667,41.33333,29.33333,10.66667,5.33333,13.66667,21.0,119.66667,0,-0.01598,0.01598,0.28108,0.35148,0.54653,0.57219,0.61743,0.63233,1524.80775,1513.77021,0.47612,0.52388,2.10795,1.91417,0.66667,248.33333,44.33333,101.0,0.44067,11.66667,32.33333,0.357,17.0,23.0,0.74567,11.66667,35.0,46.66667,25.0,7.0,5.66667,10.33333,23.33333,117.33333,248.33333,44.0,97.33333,0.458,13.0,36.0,0.36733,23.33333,26.33333,0.88133,13.0,43.66667,56.66667,22.33333,6.66667,5.66667,15.66667,20.66667,124.33333,0,0.08586,-0.08586,0.36439,0.27372,0.52636,0.49762,0.60923,0.55422,1508.44963,1496.35852,0.49308,0.50692,2.02842,1.97303,0.66667,,,,
240.0,40.66667,90.33333,0.451,16.33333,37.0,0.43967,12.0,17.33333,0.701,11.0,35.0,46.0,24.66667,6.66667,5.0,17.33333,18.66667,109.66667,240.0,43.0,93.0,0.46167,9.33333,21.66667,0.40833,16.33333,21.33333,0.781,13.66667,32.66667,46.33333,20.66667,9.33333,6.0,12.0,19.0,111.66667,0,0.00525,-0.00525,0.38725,0.34412,0.51169,0.54091,0.57011,0.58296,1501.99081,1494.64417,0.48997,0.51003,2.04743,1.96611,0.66667,240.0,41.66667,86.33333,0.48133,11.66667,31.33333,0.37433,17.66667,21.0,0.838,8.0,35.66667,43.66667,22.0,8.33333,3.66667,17.66667,24.0,112.66667,240.0,40.0,92.0,0.434,12.33333,35.66667,0.34667,16.66667,23.33333,0.718,10.66667,33.33333,44.0,20.33333,8.66667,2.66667,16.66667,22.0,109.0,0,-0.04954,0.04954,0.30068,0.23854,0.50116,0.54886,0.55948,0.62011,1502.97459,1512.71364,0.51559,0.48441,1.94594,2.07277,0.33333,,,,
240.0,37.33333,94.66667,0.39733,12.0,35.66667,0.357,13.0,16.33333,0.785,11.0,35.33333,46.33333,26.66667,7.33333,5.0,11.33333,17.33333,99.66667,240.0,41.0,89.0,0.462,12.0,34.33333,0.35767,12.33333,14.0,0.86367,9.33333,42.0,51.33333,26.0,6.66667,4.33333,14.33333,18.33333,106.33333,1,0.09252,-0.09252,0.26365,0.2768,0.52872,0.46102,0.57862,0.50971,1521.45051,1478.62654,0.45045,0.54955,2.23158,1.82554,0.66667,248.33333,40.0,84.66667,0.47267,9.66667,29.33333,0.32467,13.33333,21.66667,0.628,7.0,39.33333,46.33333,18.66667,5.66667,5.33333,18.33333,22.33333,103.0,248.33333,43.66667,92.66667,0.47167,6.66667,19.66667,0.32867,16.66667,19.66667,0.84333,8.33333,36.0,44.33333,25.33333,10.66667,3.66667,13.0,19.0,110.66667,1,0.10569,-0.10569,0.21843,0.19428,0.50714,0.52876,0.57073,0.57577,1485.3959,1495.11154,0.52135,0.47865,1.92069,2.0927,1.0,,,,
240.0,47.66667,91.33333,0.52233,11.66667,26.33333,0.44533,15.0,24.33333,0.6,10.0,33.66667,43.66667,28.33333,8.66667,7.0,15.0,22.0,122.0,240.0,45.0,98.33333,0.45667,11.0,36.0,0.31033,18.66667,26.33333,0.73533,15.33333,35.33333,50.66667,24.66667,10.66667,7.0,16.0,24.0,119.66667,1,-0.02631,0.02631,0.46025,0.28637,0.51333,0.58664,0.57543,0.6312,1503.48708,1487.95788,0.46922,0.53078,2.13614,1.88764,0.33333,240.0,43.0,92.0,0.47033,12.33333,32.66667,0.37567,18.0,22.66667,0.795,12.66667,37.66667,50.33333,24.0,5.33333,5.0,13.66667,22.33333,116.33333,240.0,39.33333,91.33333,0.43267,8.33333,28.66667,0.29133,15.0,21.66667,0.709,12.33333,32.66667,45.0,22.33333,6.66667,7.0,13.66667,20.66667,102.0,1,-0.19078,0.19078,0.33041,0.38906,0.47893,0.53762,0.53318,0.60284,1487.6862,1510.95529,0.51241,0.48759,1.95379,2.05365,0.33333,,,,
248.33333,40.33333,92.33333,0.43467,10.0,34.33333,0.28067,18.33333,27.0,0.67433,7.33333,41.0,48.33333,26.33333,5.0,6.0,14.33333,23.66667,109.0,248.33333,44.66667,101.66667,0.43833,12.0,37.66667,0.321,19.0,23.66667,0.78367,11.0,39.66667,50.66667,22.33333,6.0,6.33333,11.0,23.66667,120.33333,0,0.15661,-0.15661,0.26899,0.18844,0.49749,0.48793,0.56171,0.55128,1515.0495,1493.09304,0.48954,0.51046,2.04482,1.96077,1.0,240.0,39.66667,95.0,0.41767,12.0,29.33333,0.407,14.66667,19.33333,0.75,13.33333,29.66667,43.0,22.66667,7.0,5.33333,13.66667,16.0,106.0,240.0,46.66667,89.0,0.52533,12.33333,32.66667,0.37867,12.66667,15.33333,0.819,9.33333,37.33333,46.66667,28.33333,9.66667,7.0,13.66667,20.33333,118.33333,0,0.1568,-0.1568,0.31033,0.36316,0.59451,0.48071,0.64133,0.53415,1533.36589,1496.62753,0.46774,0.53226,2.14599,1.88407,1.0,,,,
240.0,46.33333,88.33333,0.52533,11.66667,33.66667,0.348,13.0,16.33333,0.82567,8.66667,35.0,43.66667,27.33333,9.66667,5.66667,13.0,25.0,117.33333,240.0,39.0,87.33333,0.447,7.33333,27.0,0.272,20.0,29.33333,0.66933,10.0,32.33333,42.33333,24.66667,6.33333,4.0,14.33333,18.33333,105.33333,1,-0.15464,0.15464,0.28788,0.2728,0.48867,0.59221,0.56185,0.6398,1481.91162,1552.68487,0.58504,0.41496,1.71828,2.43858,0.0,240.0,39.0,86.33333,0.45567,12.33333,35.33333,0.36133,18.66667,24.66667,0.763,7.66667,37.33333,45.0,20.33333,7.66667,5.66667,17.66667,23.66667,109.0,240.0,42.66667,91.0,0.467,9.0,24.66667,0.35967,15.66667,24.66667,0.63733,11.33333,37.66667,49.0,20.33333,7.66667,4.0,13.66667,20.0,110.0,1,0.01828,-0.01828,0.30775,0.19799,0.51577,0.52798,0.56938,0.59796,1487.43994,1495.13377,0.50771,0.49229,1.97013,2.03189,0.66667,,,,
248.33333,46.0,93.33333,0.49633,10.66667,25.33333,0.397,21.0,26.0,0.81533,10.33333,34.33333,44.66667,28.33333,7.0,4.33333,9.66667,19.33333,123.66667,248.33333,45.0,93.66667,0.47967,11.66667,31.66667,0.35933,16.0,21.0,0.77067,9.33333,35.0,44.33333,26.0,6.66667,4.0,14.0,23.0,117.66667,0,-0.08706,0.08706,0.28069,0.28848,0.54222,0.55203,0.5983,0.62626,1480.9016,1492.4133,0.51033,0.48967,1.96207,2.0452,0.33333,240.0,39.33333,92.0,0.426,12.0,30.66667,0.39667,16.33333,22.33333,0.712,9.0,35.33333,44.33333,20.66667,6.66667,6.33333,11.0,23.66667,107.0,240.0,40.33333,90.0,0.449,13.66667,35.66667,0.38867,20.0,29.33333,0.67967,11.0,42.0,53.0,21.66667,8.0,7.33333,14.33333,19.0,114.33333,0,0.10952,-0.10952,0.31208,0.21451,0.52501,0.4913,0.59389,0.5506,1514.91706,1499.23762,0.48764,0.51236,2.05766,1.95735,0.66667,,,,
240.0,39.66667,90.66667,0.44267,10.33333,35.66667,0.303,21.33333,28.33333,0.737,11.66667,35.66667,47.33333,25.0,8.33333,7.33333,13.33333,23.66667,111.0,240.0,40.66667,90.66667,0.44833,13.33333,36.66667,0.35433,17.0,23.0,0.71933,9.66667,38.0,47.66667,22.66667,6.33333,5.66667,14.33333,22.0,111.66667,1,0.00302,-0.00302,0.27423,0.32276,0.52156,0.50086,0.58298,0.578,1499.95219,1530.18293,0.54646,0.45354,1.86178,2.2697,0.33333,248.33333,46.33333,91.66667,0.505,11.33333,26.66667,0.415,19.33333,25.66667,0.758,10.0,33.66667,43.66667,26.0,7.33333,4.33333,17.0,24.0,123.33333,248.33333,48.0,94.33333,0.50867,11.33333,28.33333,0.43067,18.33333,24.33333,0.756,10.0,34.33333,44.33333,27.66667,10.0,5.0,16.0,25.0,125.66667,1,0.02952,-0.02952,0.29424,0.29401,0.56841,0.56699,0.63055,0.63215,1505.10436,1497.89832,0.4932,0.5068,2.03526,1.98,0.66667,,,,
240.0,43.0,94.0,0.46167,10.33333,37.66667,0.28333,16.0,21.0,0.778,11.33333,35.0,46.33333,28.66667,9.66667,7.0,11.66667,22.0,112.33333,240.0,41.33333,89.33333,0.46267,11.0,31.66667,0.32667,16.0,22.0,0.71267,8.66667,39.33333,48.0,24.33333,4.66667,4.0,16.0,19.0,109.66667,1,-0.03938,0.03938,0.25084,0.29151,0.52334,0.51787,0.58203,0.57422,1501.43966,1542.706,0.55581,0.44419,1.82918,2.31315,0.33333,240.0,39.33333,82.0,0.47967,10.66667,24.33333,0.449,19.33333,26.0,0.77167,8.0,33.66667,41.66667,22.66667,9.66667,3.66667,12.33333,24.66667,108.66667,240.0,35.0,82.66667,0.42367,13.66667,38.0,0.35067,18.66667,25.66667,0.72367,10.0,32.33333,42.33333,21.0,6.66667,5.0,15.0,22.0,102.33333,1,-0.09348,0.09348,0.29894,0.25702,0.50569,0.54555,0.57776,0.62038,1507.3358,1507.99887,0.4901,0.5099,2.04083,1.96154,0.0,,,,
240.0,41.33333,91.33333,0.45533,9.66667,30.33333,0.31667,13.66667,18.33333,0.747,10.33333,32.33333,42.66667,22.66667,8.0,3.0,11.66667,22.66667,106.0,240.0,41.33333,86.33333,0.47967,13.66667,32.66667,0.41733,17.0,25.33333,0.67067,11.33333,37.33333,48.66667,24.33333,6.0,5.0,15.0,20.33333,113.33333,0,0.1059,-0.1059,0.35823,0.28772,0.55797,0.50764,0.61677,0.55742,1503.38798,1499.45398,0.50928,0.49072,1.96401,2.03835,0.66667,240.0,42.0,90.33333,0.46833,12.33333,32.0,0.38567,25.0,32.0,0.783,14.33333,34.0,48.33333,26.66667,8.0,5.0,15.33333,25.0,121.33333,240.0,39.66667,85.33333,0.46567,9.66667,31.66667,0.30067,23.0,29.66667,0.77833,7.33333,28.33333,35.66667,22.0,8.0,9.33333,14.33333,26.33333,112.0,0,-0.11156,0.11156,0.21417,0.48611,0.52169,0.53686,0.61013,0.62705,1483.92863,1506.95203,0.5198,0.4802,1.92554,2.08458,0.0,,,,
240.0,39.33333,89.33333,0.44333,8.0,29.66667,0.26333,13.33333,18.66667,0.708,11.66667,33.66667,45.33333,21.66667,7.66667,4.0,14.0,25.0,100.0,240.0,38.33333,82.0,0.468,10.0,28.0,0.35267,21.33333,30.33333,0.691,10.0,36.0,46.0,22.33333,8.33333,5.66667,14.66667,20.33333,108.0,1,0.12291,-0.12291,0.29921,0.34211,0.52883,0.48803,0.60926,0.53737,1482.44077,1493.66686,0.53194,0.46806,1.88394,2.14283,0.66667,240.0,43.33333,88.66667,0.48567,14.0,36.0,0.388,19.66667,24.66667,0.79833,10.33333,36.0,46.33333,30.0,11.33333,5.0,17.0,23.33333,120.33333,240.0,38.33333,86.33333,0.44233,11.0,34.33333,0.32133,20.0,26.66667,0.76167,9.66667,33.0,42.66667,26.33333,8.66667,7.0,20.0,20.66667,107.66667,1,-0.15833,0.15833,0.27116,0.32251,0.50606,0.56491,0.58222,0.6353,1458.84408,1495.274,0.53145,0.46855,1.90246,2.16134,0.33333,,,,
256.66667,39.0,91.33333,0.42767,9.66667,31.33333,0.307,16.0,21.0,0.77033,8.66667,40.0,48.66667,19.33333,10.66667,7.33333,16.66667,19.66667,103.66667,256.66667,36.66667,94.66667,0.385,10.0,32.0,0.312,19.0,23.0,0.80967,14.33333,40.66667,55.0,24.0,7.0,8.0,18.0,19.33333,102.33333,0,-0.02542,0.02542,0.36654,0.21453,0.43933,0.48116,0.51208,0.5409,1491.14331,1463.50387,0.45558,0.54442,2.19504,1.83682,0.33333,240.0,38.66667,88.66667,0.437,9.0,31.33333,0.28767,17.33333,22.33333,0.76167,9.0,39.0,48.0,21.66667,6.66667,2.66667,13.33333,21.0,103.66667,240.0,38.33333,89.0,0.431,14.0,42.0,0.317,14.33333,18.0,0.80167,8.33333,38.0,46.33333,25.33333,6.33333,5.0,12.66667,19.33333,105.0,0,0.01451,-0.01451,0.21362,0.23841,0.50873,0.48786,0.56461,0.55471,1519.235,1512.28232,0.49,0.51,2.05845,1.9783,0.66667,,,,
248.33333,41.66667,93.66667,0.44367,13.0,39.0,0.33333,21.0,29.33333,0.71567,11.0,37.33333,48.33333,28.66667,4.66667,6.0,16.66667,25.0,117.33333,248.33333,46.33333,100.0,0.46433,12.0,34.33333,0.35767,23.66667,28.33333,0.83133,10.0,36.66667,46.66667,25.0,8.0,6.66667,11.33333,25.66667,128.33333,0,0.13413,-0.13413,0.27143,0.30859,0.52448,0.51292,0.60588,0.58503,1524.5502,1496.19574,0.47947,0.52053,2.08767,1.92281,1.0,248.33333,41.33333,88.33333,0.469,12.33333,35.33333,0.34733,24.33333,31.66667,0.77733,12.33333,35.33333,47.66667,22.0,7.66667,7.66667,12.33333,22.33333,119.33333,248.33333,42.33333,91.0,0.46767,15.66667,38.0,0.411,14.66667,21.66667,0.66667,10.66667,32.66667,43.33333,25.33333,5.0,3.33333,13.66667,27.0,115.0,0,-0.05411,0.05411,0.29396,0.37756,0.55507,0.53967,0.60322,0.62765,1484.68701,1498.62036,0.51342,0.48658,1.96094,2.07095,0.33333,,,,
240.0,38.0,82.66667,0.46067,13.66667,30.66667,0.45767,14.33333,19.66667,0.73567,7.66667,32.33333,40.0,21.33333,8.33333,5.66667,17.33333,22.0,104.0,240.0,40.0,90.0,0.44033,13.66667,39.66667,0.35233,18.0,20.0,0.90533,11.66667,34.66667,46.33333,25.0,9.0,6.66667,15.66667,15.66667,111.66667,1,0.07856,-0.07856,0.38485,0.22378,0.51626,0.54306,0.58852,0.59819,1496.99592,1474.12356,0.47627,0.52373,2.10239,1.91148,0.66667,240.0,43.33333,84.66667,0.511,11.0,30.33333,0.358,12.66667,17.0,0.751,9.0,28.33333,37.33333,24.0,8.66667,7.66667,13.0,18.33333,110.33333,240.0,39.33333,87.0,0.45067,11.33333,29.33333,0.396,15.33333,18.0,0.838,12.0,30.66667,42.66667,18.66667,5.66667,3.33333,16.33333,19.33333,105.33333,1,-0.05962,0.05962,0.46185,0.29627,0.51664,0.57557,0.57937,0.62368,1488.34372,1516.37182,0.53949,0.46051,1.85477,2.17344,0.33333,,,,
240.0,46.33333,81.33333,0.57333,9.33333,21.66667,0.40533,12.0,17.0,0.738,6.33333,28.66667,35.0,28.66667,10.66667,6.0,13.33333,18.66667,114.0,240.0,36.33333,84.0,0.43233,8.33333,23.0,0.35867,20.33333,22.33333,0.912,13.33333,26.66667,40.0,18.33333,6.0,3.66667,15.0,18.33333,101.33333,1,-0.16987,0.16987,0.5063,0.23994,0.48297,0.62906,0.57068,0.6722,1473.15899,1523.60353,0.54942,0.45058,1.82578,2.23046,0.0,248.33333,45.0,93.33333,0.48067,13.66667,35.33333,0.36267,18.66667,24.33333,0.74633,11.0,36.0,47.0,27.0,7.0,7.0,9.66667,21.66667,122.33333,248.33333,40.66667,87.66667,0.46467,12.33333,32.66667,0.37667,20.66667,29.0,0.71333,10.33333,33.66667,44.0,24.33333,5.66667,4.66667,12.0,22.0,114.33333,1,-0.08413,0.08413,0.29017,0.32912,0.53473,0.5537,0.60988,0.61959,1468.93585,1527.62685,0.57228,0.42772,1.7533,2.35128,0.33333,,,,
240.0,40.33333,87.66667,0.459,8.66667,24.33333,0.35533,17.33333,19.66667,0.88733,7.66667,25.33333,33.0,22.0,8.66667,1.66667,12.0,23.0,106.66667,240.0,45.66667,85.33333,0.53433,10.33333,27.66667,0.37533,20.66667,25.66667,0.81733,11.33333,34.66667,46.0,26.0,5.33333,6.33333,16.0,19.66667,122.33333,0,0.20282,-0.20282,0.46232,0.23277,0.59525,0.50878,0.67156,0.57811,1513.40191,1462.08731,0.44451,0.55549,2.26385,1.80757,1.0,240.0,43.33333,85.66667,0.50567,10.66667,25.0,0.42367,21.0,28.33333,0.74,10.0,38.33333,48.33333,22.66667,6.33333,5.0,12.66667,21.66667,118.33333,240.0,39.66667,89.0,0.44667,9.0,30.0,0.297,14.33333,20.33333,0.702,10.0,32.66667,42.66667,25.66667,7.33333,6.33333,13.33333,22.33333,102.66667,0,-0.20542,0.20542,0.26652,0.31417,0.49749,0.56766,0.55046,0.6433,1463.51099,1513.06588,0.54904,0.45096,1.82312,2.22088,0.0,,,,
240.0,36.66667,85.66667,0.42967,11.0,34.66667,0.306,19.33333,23.66667,0.818,8.0,33.33333,41.33333,21.33333,8.0,5.66667,18.33333,21.66667,103.66667,240.0,45.33333,90.66667,0.49767,14.33333,31.33333,0.46467,14.66667,22.33333,0.64467,11.33333,38.0,49.33333,29.33333,10.33333,5.33333,15.66667,21.0,119.66667,0,0.20309,-0.20309,0.33916,0.20335,0.57751,0.49702,0.62799,0.57497,1511.68383,1474.59938,0.46608,0.53392,2.15246,1.87789,1.0,240.0,43.0,81.33333,0.52867,10.0,25.66667,0.402,17.33333,23.0,0.754,8.33333,30.66667,39.0,23.0,9.0,4.66667,16.33333,26.66667,113.33333,240.0,39.33333,88.33333,0.44733,11.66667,34.66667,0.33967,18.0,23.33333,0.779,12.0,29.33333,41.33333,23.66667,6.66667,2.0,15.33333,21.0,108.33333,0,-0.06572,0.06572,0.397,0.2843,0.51317,0.59018,0.58072,0.65587,1479.71222,1501.94802,0.52536,0.47464,1.90771,2.11287,0.33333,,,,
240.0,45.0,88.33333,0.511,11.0,29.0,0.382,22.33333,29.66667,0.75833,11.33333,33.33333,44.66667,27.33333,8.0,6.0,15.0,25.0,123.33333,240.0,42.66667,90.66667,0.47333,10.0,29.0,0.35533,19.0,26.0,0.72867,10.0,31.33333,41.33333,21.66667,6.66667,5.33333,14.66667,26.33333,114.33333,0,-0.11183,0.11183,0.29672,0.35107,0.52887,0.57286,0.59581,0.65191,1496.39344,1525.29748,0.52308,0.47692,1.92513,2.11256,0.33333,240.0,41.33333,82.33333,0.501,10.33333,28.0,0.37267,14.0,21.33333,0.64733,7.33333,33.66667,41.0,26.33333,6.33333,5.66667,18.66667,23.66667,107.0,240.0,42.66667,92.66667,0.458,9.33333,32.33333,0.28967,19.33333,26.66667,0.78367,12.33333,33.33333,45.66667,26.66667,12.0,4.0,11.0,20.33333,114.0,0,0.08755,-0.08755,0.3752,0.21998,0.50777,0.56343,0.57743,0.61441,1522.34867,1500.94669,0.47583,0.52417,2.10337,1.9091,1.0,,,,
248.33333,36.33333,88.0,0.41233,8.0,31.33333,0.25267,27.0,35.66667,0.768,10.66667,39.0,49.66667,16.33333,7.33333,4.0,16.66667,30.0,107.66667,248.33333,36.0,84.66667,0.424,10.0,32.66667,0.30533,30.33333,37.66667,0.79233,9.66667,39.0,48.66667,24.0,8.0,3.33333,15.66667,28.0,112.33333,1,0.06385,-0.06385,0.24174,0.27817,0.4834,0.45737,0.61005,0.56085,1503.73623,1485.9789,0.48151,0.51849,2.08311,1.93357,1.0,240.0,41.0,83.33333,0.49267,10.33333,23.66667,0.433,16.66667,23.66667,0.693,8.66667,39.0,47.66667,21.33333,7.0,3.66667,15.33333,20.0,109.0,240.0,38.33333,89.33333,0.42933,8.66667,31.33333,0.27167,13.33333,18.66667,0.72433,9.66667,33.0,42.66667,23.33333,9.33333,5.66667,13.66667,20.66667,98.66667,1,-0.14019,0.14019,0.24998,0.26513,0.47807,0.55435,0.52854,0.6149,1455.43825,1487.5133,0.53057,0.46943,1.89448,2.14385,0.33333,,,,
240.0,40.0,89.66667,0.44833,13.0,34.33333,0.37867,21.66667,28.0,0.779,15.0,28.33333,43.33333,25.66667,7.0,5.33333,16.0,24.0,114.66667,240.0,42.66667,83.33333,0.51167,11.0,28.66667,0.37967,23.66667,30.33333,0.785,7.66667,31.0,38.66667,26.33333,8.33333,9.0,14.66667,26.0,120.0,1,0.06422,-0.06422,0.27706,0.47917,0.57746,0.52152,0.66709,0.60113,1488.57097,1502.10312,0.52633,0.47367,1.91094,2.12809,0.66667,248.33333,43.0,91.0,0.47133,12.0,33.66667,0.357,16.66667,22.66667,0.75367,7.66667,36.33333,44.0,25.0,6.0,5.66667,11.0,25.0,114.66667,248.33333,41.66667,91.66667,0.45633,10.0,32.66667,0.31533,17.33333,25.33333,0.69667,10.33333,36.66667,47.0,19.66667,4.0,4.0,13.0,23.0,110.66667,1,-0.06223,0.06223,0.33188,0.21014,0.51135,0.53731,0.57063,0.59574,1497.16638,1493.9363,0.48432,0.51568,2.0734,1.9458,0.66667,,,,
240.0,39.66667,85.0,0.46633,14.33333,38.66667,0.37467,15.33333,22.33333,0.69033,9.0,31.33333,40.33333,23.66667,7.66667,7.0,13.0,22.0,109.0,240.0,37.33333,81.66667,0.45333,8.66667,27.33333,0.30067,21.33333,24.33333,0.85433,8.33333,33.0,41.33333,19.66667,8.66667,5.0,14.0,20.66667,104.66667,1,-0.0626,0.0626,0.27603,0.2815,0.50632,0.55058,0.59991,0.60558,1482.61958,1469.79497,0.47458,0.52542,2.10886,1.90453,0.33333,240.0,39.0,84.0,0.46533,15.0,36.33333,0.41,12.33333,16.33333,0.749,9.33333,35.66667,45.0,22.33333,5.0,5.66667,17.33333,20.33333,105.33333,240.0,41.33333,89.33333,0.46133,11.0,25.0,0.44233,15.33333,22.33333,0.682,8.33333,31.66667,40.0,21.0,10.0,4.0,10.33333,18.0,109.0,1,0.03464,-0.03464,0.24063,0.29723,0.52277,0.55361,0.57717,0.60202,1518.79257,1510.75738,0.4954,0.5046,2.01939,1.9825,0.66667,,,,
240.0,42.66667,82.33333,0.519,6.66667,22.0,0.30633,16.0,22.66667,0.714,8.33333,32.33333,40.66667,21.66667,9.33333,8.0,14.66667,19.33333,108.0,240.0,37.33333,82.66667,0.45067,13.0,27.66667,0.47267,15.0,20.0,0.78567,9.66667,29.0,38.66667,26.0,4.66667,6.33333,18.0,22.0,102.66667,0,-0.07314,0.07314,0.29879,0.29092,0.52959,0.55956,0.58989,0.61882,1485.86858,1522.47116,0.54602,0.45398,1.83634,2.21175,0.0,240.0,38.33333,79.0,0.485,10.0,24.0,0.42233,25.66667,29.66667,0.859,7.0,40.33333,47.33333,18.33333,6.33333,4.33333,16.66667,20.33333,112.33333,240.0,34.66667,93.66667,0.371,12.0,41.33333,0.29133,14.33333,20.66667,0.672,15.33333,26.66667,42.0,18.33333,10.0,7.0,13.0,25.0,95.66667,0,-0.23143,0.23143,0.37599,0.26456,0.43493,0.54842,0.48681,0.65555,1467.90884,1521.31568,0.54423,0.45577,1.84147,2.2011,0.0,,,,
240.0,43.33333,84.33333,0.523,10.0,23.66667,0.408,12.0,16.66667,0.75167,7.0,29.33333,36.33333,26.66667,9.33333,4.66667,13.33333,20.33333,108.66667,240.0,37.0,86.0,0.43033,6.66667,25.66667,0.26933,20.66667,22.33333,0.926,13.0,31.0,44.0,20.33333,7.0,5.66667,14.33333,17.66667,101.33333,1,-0.09198,0.09198,0.49033,0.2143,0.4691,0.58122,0.55741,0.62538,1479.73666,1518.27686,0.54285,0.45715,1.84957,2.20125,0.33333,240.0,39.33333,84.33333,0.46433,12.0,32.0,0.378,18.33333,22.33333,0.818,9.33333,30.0,39.33333,23.0,8.0,5.0,13.0,20.66667,109.0,240.0,40.0,89.66667,0.44533,11.33333,32.66667,0.35033,14.0,19.0,0.75633,12.66667,33.66667,46.33333,20.33333,6.33333,1.66667,16.0,21.33333,105.33333,1,-0.0413,0.0413,0.46693,0.27283,0.50879,0.53524,0.56076,0.61041,1496.2011,1511.27643,0.52399,0.47601,1.91397,2.10814,0.33333,,,,
240.0,38.66667,79.66667,0.48633,9.33333,22.0,0.421,32.0,38.0,0.84533,6.33333,35.0,41.33333,18.0,6.66667,6.0,19.0,25.0,118.66667,240.0,43.33333,95.0,0.45733,12.33333,28.33333,0.45867,22.0,28.33333,0.783,11.66667,30.33333,42.0,23.0,11.33333,6.66667,14.0,30.66667,121.0,1,0.03137,-0.03137,0.32854,0.20741,0.52194,0.5449,0.59816,0.67535,1485.79371,1517.99277,0.5532,0.4468,1.81102,2.24495,0.66667,240.0,44.0,87.66667,0.50233,12.0,29.0,0.406,18.33333,24.0,0.77067,10.66667,39.33333,50.0,26.0,6.66667,5.33333,13.33333,19.66667,118.33333,240.0,38.33333,90.33333,0.42633,9.66667,34.66667,0.28333,14.0,18.66667,0.747,11.33333,32.66667,44.0,25.0,7.66667,7.33333,15.0,19.66667,100.33333,1,-0.24223,0.24223,0.29288,0.335,0.48024,0.57015,0.53342,0.63632,1475.23088,1509.09813,0.52453,0.47547,1.90861,2.10591,0.0,,,,
240.0,35.66667,96.66667,0.36833,11.66667,35.0,0.34067,12.0,17.0,0.70033,12.33333,28.0,40.33333,22.66667,9.0,4.33333,10.33333,18.0,95.0,240.0,42.33333,87.66667,0.48267,10.33333,31.33333,0.32533,18.0,22.0,0.79933,13.33333,43.66667,57.0,24.0,6.33333,6.0,16.0,18.0,113.0,0,0.25877,-0.25877,0.48665,0.30447,0.54124,0.42828,0.61078,0.47267,1555.58861,1486.42766,0.42778,0.57222,2.35085,1.75349,1.0,240.0,38.33333,93.66667,0.411,9.0,31.66667,0.27533,17.0,22.0,0.76433,11.66667,32.33333,44.0,21.33333,6.0,4.33333,12.66667,22.66667,102.66667,240.0,44.33333,91.0,0.48267,10.66667,26.66667,0.39167,20.33333,25.0,0.78833,12.0,39.33333,51.33333,26.0,6.0,6.33333,13.66667,21.66667,119.66667,0,0.21883,-0.21883,0.37856,0.29416,0.54045,0.45989,0.6189,0.5235,1519.48799,1480.82165,0.47172,0.52828,2.12424,1.89611,1.0,,,,
240.0,47.33333,96.66667,0.48933,11.66667,31.33333,0.37167,12.66667,18.66667,0.67233,11.66667,32.66667,44.33333,25.66667,8.66667,6.0,14.33333,22.66667,119.0,240.0,43.33333,91.0,0.479,9.0,25.33333,0.33133,20.0,25.0,0.791,13.66667,34.33333,48.0,24.33333,7.33333,7.0,15.33333,18.0,115.66667,1,-0.0375,0.0375,0.42309,0.35062,0.52778,0.55039,0.60051,0.59059,1480.67549,1509.98626,0.52808,0.47192,1.89512,2.12106,0.66667,248.33333,42.66667,101.33333,0.42133,12.0,32.0,0.37133,20.0,25.66667,0.772,13.66667,32.33333,46.0,25.0,6.0,4.66667,9.33333,22.66667,117.33333,248.33333,44.0,93.0,0.48,14.66667,35.33333,0.42167,23.0,27.0,0.85067,11.0,43.0,54.0,24.0,5.0,3.66667,15.0,22.0,125.66667,1,0.10065,-0.10065,0.33048,0.32986,0.56109,0.47982,0.64318,0.54883,1521.19695,1498.49752,0.48116,0.51884,2.07979,1.92853,0.66667,,,,
240.0,35.0,84.33333,0.41967,10.66667,30.33333,0.36367,17.33333,24.33333,0.73167,9.66667,34.0,43.66667,19.66667,8.66667,3.66667,12.0,25.33333,98.0,240.0,33.33333,80.66667,0.41467,9.33333,28.66667,0.324,17.66667,27.0,0.65967,11.66667,37.0,48.66667,19.33333,5.33333,5.33333,14.33333,20.66667,93.66667,0,-0.06413,0.06413,0.34259,0.26496,0.4729,0.48404,0.54194,0.55148,1500.47244,1505.53579,0.49643,0.50357,2.01644,1.98786,0.33333,240.0,46.33333,88.0,0.52667,8.66667,26.33333,0.31433,18.0,23.33333,0.76033,7.66667,35.33333,43.0,29.0,10.33333,7.0,11.66667,19.0,119.33333,240.0,39.66667,88.33333,0.451,8.0,27.0,0.29367,13.0,19.0,0.68267,9.33333,33.33333,42.66667,22.66667,5.66667,3.66667,16.33333,22.33333,100.33333,0,-0.25168,0.25168,0.27187,0.23024,0.49636,0.57619,0.54416,0.64153,1448.44863,1515.19925,0.56481,0.43519,1.78852,2.34392,0.0,,,,
240.0,35.0,78.33333,0.45033,9.33333,30.66667,0.28767,23.66667,31.0,0.769,10.33333,35.0,45.33333,21.66667,6.66667,4.66667,22.0,21.0,103.0,240.0,44.66667,97.0,0.46033,9.33333,28.66667,0.32867,16.33333,21.0,0.76167,10.66667,30.0,40.66667,25.0,11.0,5.0,11.0,25.0,115.0,0,0.14848,-0.14848,0.30531,0.34761,0.50862,0.50706,0.56593,0.60846,1518.48073,1492.12364,0.48751,0.51249,2.06348,1.96278,0.66667,240.0,33.33333,78.0,0.428,10.33333,33.33333,0.30767,15.66667,19.33333,0.80933,7.66667,30.0,37.66667,23.66667,7.66667,3.66667,18.33333,23.0,92.66667,240.0,36.66667,74.33333,0.49067,10.0,25.0,0.397,21.0,26.0,0.81967,5.66667,32.0,37.66667,25.66667,11.66667,3.66667,14.66667,21.0,104.33333,0,0.16327,-0.16327,0.19107,0.25314,0.55799,0.49509,0.64971,0.5649,1512.79797,1489.023,0.48556,0.51444,2.07613,1.95956,1.0,,,,
240.0,43.33333,89.66667,0.48333,14.66667,39.0,0.368,12.33333,16.33333,0.77833,9.0,40.66667,49.66667,26.0,4.66667,4.0,14.0,19.66667,113.66667,240.0,41.66667,98.33333,0.43133,17.0,47.0,0.35467,9.66667,13.0,0.731,12.0,35.33333,47.33333,24.0,7.33333,5.66667,10.33333,18.33333,110.0,1,-0.04987,0.04987,0.29732,0.25135,0.52101,0.5643,0.55412,0.60934,1527.05116,1558.57013,0.53944,0.46056,1.85453,2.17249,0.66667,240.0,40.0,92.0,0.43733,11.33333,35.66667,0.32167,15.66667,20.66667,0.75133,8.0,29.0,37.0,26.66667,8.0,4.66667,10.0,20.33333,107.0,240.0,43.66667,86.0,0.50767,14.0,30.0,0.47467,20.0,25.0,0.81,10.66667,40.33333,51.0,33.0,5.66667,5.66667,15.33333,21.66667,121.33333,1,0.18511,-0.18511,0.36493,0.20716,0.58897,0.49871,0.66321,0.55656,1579.37699,1501.18232,0.41813,0.58187,2.39552,1.72004,1.0,,,,
240.0,40.66667,93.66667,0.439,14.0,34.0,0.436,18.0,23.33333,0.72967,10.0,28.66667,38.66667,24.33333,9.33333,4.0,12.33333,21.0,113.33333,240.0,46.0,91.66667,0.502,13.66667,38.66667,0.35533,17.0,22.66667,0.75267,12.66667,36.33333,49.0,28.66667,6.66667,8.33333,16.0,20.66667,122.66667,0,0.12118,-0.12118,0.44517,0.29011,0.57596,0.51418,0.63315,0.57863,1532.52689,1497.73786,0.46502,0.53498,2.18032,1.88787,1.0,248.33333,43.66667,96.66667,0.45567,10.33333,29.0,0.354,21.66667,29.33333,0.72333,11.66667,37.66667,49.33333,22.0,7.33333,7.0,14.0,24.33333,119.33333,248.33333,43.66667,99.66667,0.44233,11.66667,36.33333,0.32233,23.0,28.0,0.81233,13.66667,41.66667,55.33333,22.66667,6.66667,4.33333,15.66667,24.33333,122.0,0,0.02882,-0.02882,0.35389,0.28651,0.5034,0.50807,0.58293,0.58186,1531.46945,1504.71049,0.46823,0.53177,2.13704,1.88146,0.33333,,,,
240.0,40.66667,82.0,0.49467,10.0,28.66667,0.35267,23.66667,29.0,0.82033,7.66667,36.66667,44.33333,26.0,7.33333,6.0,16.33333,24.66667,115.0,240.0,37.66667,91.0,0.41367,9.66667,34.0,0.287,16.33333,22.66667,0.69667,11.0,28.33333,39.33333,20.66667,7.33333,4.33333,14.66667,24.66667,101.33333,0,-0.17928,0.17928,0.3011,0.27499,0.46699,0.55568,0.52677,0.64885,1492.24202,1518.904,0.51293,0.48707,1.96108,2.0663,0.0,240.0,44.66667,96.0,0.465,13.0,35.0,0.36167,9.66667,14.0,0.694,12.0,39.66667,51.66667,24.66667,6.0,7.33333,16.66667,23.66667,112.0,240.0,38.0,98.33333,0.39133,10.33333,35.0,0.30933,20.33333,24.0,0.83533,15.0,34.0,49.0,23.0,10.0,10.0,12.0,15.33333,106.66667,0,-0.06607,0.06607,0.39889,0.35828,0.44359,0.53317,0.52058,0.56582,1499.59586,1520.68199,0.52428,0.47572,1.9077,2.10247,0.66667,,,,
240.0,42.33333,89.33333,0.476,10.33333,29.33333,0.359,22.0,28.0,0.772,11.0,32.33333,43.33333,25.0,7.66667,3.33333,16.33333,25.0,117.0,240.0,44.33333,89.66667,0.49533,15.0,34.0,0.44267,22.66667,28.0,0.81733,9.66667,34.66667,44.33333,31.0,9.33333,4.33333,14.66667,23.66667,126.33333,0,0.10923,-0.10923,0.3033,0.31337,0.57931,0.53434,0.66003,0.61421,1543.72173,1509.74255,0.4642,0.5358,2.15932,1.86966,1.0,248.33333,43.33333,88.0,0.493,13.33333,33.0,0.40633,10.0,14.33333,0.73067,6.66667,37.0,43.66667,22.66667,7.66667,4.33333,16.33333,22.66667,110.0,248.33333,40.33333,89.66667,0.44933,6.0,18.33333,0.318,19.66667,22.0,0.89867,10.66667,34.66667,45.33333,21.0,9.0,3.33333,14.33333,17.33333,106.33333,0,-0.05143,0.05143,0.29779,0.1909,0.48259,0.56874,0.56201,0.60419,1478.18262,1503.72951,0.5229,0.4771,1.9149,2.09938,0.66667,,,,
256.66667,38.66667,87.66667,0.44067,12.0,33.0,0.35833,17.0,22.66667,0.75767,9.0,35.66667,44.66667,20.33333,9.33333,7.33333,17.33333,19.66667,106.33333,256.66667,40.33333,94.33333,0.426,11.0,32.66667,0.33567,20.0,22.66667,0.887,14.33333,39.0,53.33333,23.33333,8.66667,8.0,16.33333,19.33333,111.66667,0,0.04863,-0.04863,0.41355,0.22988,0.48594,0.51006,0.56273,0.57379,1497.54897,1466.98051,0.46188,0.53812,2.16564,1.85868,0.33333,240.0,43.33333,91.0,0.47767,11.33333,30.66667,0.346,20.66667,26.33333,0.76433,10.33333,37.66667,48.0,25.33333,6.0,6.33333,15.66667,24.66667,118.66667,240.0,41.33333,95.33333,0.43333,8.0,27.0,0.302,24.0,31.66667,0.75933,12.66667,32.0,44.66667,22.33333,9.0,8.0,11.66667,25.33333,114.66667,0,-0.0451,0.0451,0.33594,0.32434,0.47523,0.53842,0.5604,0.61351,1527.1593,1510.29935,0.46356,0.53644,2.15803,1.86466,0.66667,,,,
240.0,41.33333,92.33333,0.45167,10.0,34.0,0.299,19.66667,26.0,0.757,12.0,34.33333,46.33333,24.0,10.0,6.0,11.66667,23.33333,112.33333,240.0,39.0,86.66667,0.451,10.33333,32.33333,0.33033,20.33333,25.33333,0.81233,9.0,34.0,43.0,24.66667,5.33333,3.33333,16.33333,23.66667,108.66667,1,-0.0311,0.0311,0.25937,0.34547,0.51057,0.50682,0.59035,0.57744,1494.96308,1493.00528,0.49828,0.50172,2.01573,2.00166,0.33333,240.0,44.33333,80.33333,0.556,10.0,24.66667,0.39967,15.66667,21.33333,0.732,8.0,27.66667,35.66667,25.0,9.0,6.0,16.33333,20.66667,114.33333,240.0,39.66667,86.33333,0.45833,8.33333,22.66667,0.35933,23.66667,28.0,0.87433,14.0,26.66667,40.66667,20.66667,11.0,2.33333,13.66667,20.66667,111.33333,1,-0.05745,0.05745,0.54242,0.32724,0.50593,0.61722,0.59818,0.67496,1456.35002,1506.48144,0.56896,0.43104,1.76114,2.32768,0.33333,,,,
240.0,40.0,87.66667,0.45733,8.66667,28.33333,0.30167,23.0,31.33333,0.72767,10.66667,34.0,44.66667,23.0,6.0,4.33333,14.33333,23.66667,111.66667,240.0,45.33333,90.66667,0.501,14.0,30.0,0.454,19.33333,25.0,0.775,9.33333,35.66667,45.0,31.33333,7.33333,4.0,13.33333,25.0,124.0,0,0.15415,-0.15415,0.28571,0.2976,0.5792,0.50602,0.64623,0.58948,1536.26837,1502.66028,0.47215,0.52785,2.12795,1.90196,1.0,240.0,35.33333,82.0,0.433,8.66667,26.33333,0.33,27.66667,34.33333,0.819,8.66667,33.66667,42.33333,19.33333,7.66667,3.66667,19.0,28.33333,107.0,240.0,42.66667,91.0,0.47033,7.66667,23.0,0.357,20.33333,30.66667,0.655,11.33333,35.66667,47.0,20.0,12.33333,5.0,15.33333,28.66667,113.33333,0,0.0731,-0.0731,0.33437,0.24184,0.51214,0.48544,0.58062,0.59957,1478.95913,1493.71736,0.53798,0.46202,1.87219,2.18438,0.66667,,,,
240.0,39.0,95.0,0.41367,10.66667,36.66667,0.298,11.66667,15.0,0.768,10.0,34.33333,44.33333,26.0,7.33333,4.0,9.33333,19.66667,100.33333,240.0,38.66667,87.0,0.44633,10.33333,35.0,0.30033,16.66667,19.0,0.857,8.33333,42.0,50.33333,23.33333,5.0,5.0,14.66667,18.33333,104.33333,1,0.05869,-0.05869,0.244,0.2465,0.50567,0.47001,0.57373,0.51297,1519.84224,1468.23999,0.43414,0.56586,2.31129,1.7709,0.33333,256.66667,40.66667,87.33333,0.46667,8.33333,29.33333,0.28533,16.66667,23.0,0.71767,10.66667,29.66667,40.33333,20.33333,8.33333,8.66667,14.66667,20.33333,106.33333,256.66667,40.0,92.33333,0.43533,9.33333,25.0,0.37467,21.0,23.66667,0.887,15.33333,34.66667,50.0,19.66667,6.0,5.0,15.66667,22.33333,110.33333,1,0.05493,-0.05493,0.53993,0.31674,0.48806,0.51443,0.57002,0.57598,1492.08668,1487.58095,0.50552,0.49448,1.98834,2.03225,0.33333,,,,
240.0,37.66667,83.33333,0.45233,8.66667,31.33333,0.278,19.0,21.33333,0.88033,9.0,32.33333,41.33333,24.33333,7.66667,1.66667,20.66667,26.0,103.0,240.0,44.0,84.0,0.52467,10.0,29.0,0.33867,21.0,27.66667,0.77533,6.33333,34.33333,40.66667,29.0,13.33333,2.66667,13.66667,23.0,119.0,0,0.21014,-0.21014,0.19228,0.26555,0.58396,0.50447,0.66168,0.58493,1500.83943,1464.54431,0.47855,0.52145,2.09118,1.91891,1.0,240.0,42.33333,94.0,0.45267,12.66667,34.33333,0.35933,17.66667,23.0,0.74767,9.66667,38.0,47.66667,25.33333,7.33333,7.33333,14.0,21.33333,115.0,240.0,42.0,95.66667,0.439,9.66667,29.0,0.341,18.0,24.0,0.74467,12.33333,34.66667,47.0,25.66667,6.66667,8.66667,14.0,23.33333,111.66667,0,-0.03278,0.03278,0.3247,0.29404,0.48955,0.51932,0.55294,0.5818,1514.6394,1492.9917,0.45657,0.54343,2.19052,1.8403,0.66667,,,,
240.0,37.66667,82.0,0.46067,10.0,26.33333,0.383,20.66667,23.0,0.90233,8.0,39.66667,47.66667,16.66667,4.66667,5.0,14.66667,22.33333,106.0,240.0,37.33333,94.0,0.39733,10.33333,33.66667,0.31133,14.33333,23.0,0.623,14.33333,32.33333,46.66667,19.33333,7.33333,7.33333,10.33333,22.0,99.33333,0,-0.10864,0.10864,0.36529,0.25427,0.45197,0.52164,0.50099,0.6097,1497.6918,1523.74513,0.52106,0.47894,1.93076,2.10433,0.33333,240.0,43.66667,94.66667,0.461,14.33333,37.33333,0.379,10.66667,12.0,0.888,11.33333,33.0,44.33333,26.33333,10.0,4.33333,14.66667,21.33333,112.33333,240.0,40.66667,89.33333,0.45567,11.66667,32.0,0.353,16.33333,22.33333,0.73467,11.66667,32.66667,44.33333,28.33333,8.0,5.66667,18.0,18.33333,109.33333,0,-0.03744,0.03744,0.36015,0.34771,0.52002,0.53715,0.58043,0.57722,1506.92478,1482.64618,0.45928,0.54072,2.22341,1.88056,0.66667,,,,
240.0,36.66667,89.66667,0.41133,10.66667,30.33333,0.32367,16.0,20.0,0.817,10.66667,28.0,38.66667,20.0,9.33333,5.66667,12.33333,20.33333,100.0,240.0,41.66667,88.33333,0.47167,12.0,31.0,0.381,19.66667,22.66667,0.85667,14.0,38.0,52.0,25.66667,6.0,3.0,14.66667,20.33333,115.0,0,0.21493,-0.21493,0.50904,0.28209,0.53889,0.46997,0.61622,0.53379,1530.60756,1465.31261,0.42461,0.57539,2.35684,1.73867,1.0,240.0,39.0,89.66667,0.43633,11.66667,38.33333,0.303,16.33333,19.66667,0.82167,10.33333,37.66667,48.0,19.0,8.33333,5.66667,18.66667,24.0,106.0,240.0,40.33333,88.66667,0.454,9.33333,26.0,0.353,16.0,24.66667,0.65567,11.66667,35.33333,47.0,23.66667,8.33333,4.66667,15.66667,19.66667,106.0,0,0.00278,-0.00278,0.31502,0.31924,0.5058,0.50172,0.56263,0.5653,1486.0599,1514.70235,0.53813,0.46187,1.86724,2.18071,0.66667,,,,
248.33333,42.33333,91.33333,0.46633,10.66667,26.0,0.388,21.66667,26.0,0.863,9.33333,38.33333,47.66667,25.0,8.0,4.66667,11.66667,20.0,117.0,248.33333,42.0,96.66667,0.43,10.0,31.66667,0.30733,15.0,20.66667,0.73067,11.33333,37.66667,49.0,25.0,7.66667,6.66667,14.33333,24.0,109.0,0,-0.10491,0.10491,0.30015,0.24386,0.48084,0.52334,0.5329,0.60272,1479.45373,1492.35354,0.50849,0.49151,1.96965,2.03807,0.33333,240.0,40.33333,94.0,0.43,10.0,33.0,0.30067,17.66667,23.66667,0.71033,15.0,39.66667,54.66667,20.0,9.0,2.66667,17.0,21.0,108.33333,240.0,39.0,91.66667,0.426,8.66667,26.66667,0.321,17.33333,22.33333,0.77167,10.33333,33.0,43.33333,21.0,8.0,5.33333,15.33333,25.0,104.0,0,-0.07103,0.07103,0.26128,0.46162,0.47298,0.48312,0.53791,0.54768,1494.47914,1510.13493,0.51898,0.48102,1.9481,2.10754,0.33333,,,,
248.33333,41.33333,89.66667,0.462,11.66667,31.0,0.38067,15.0,20.0,0.745,9.33333,35.0,44.33333,20.33333,6.66667,4.66667,19.66667,20.66667,109.33333,248.33333,43.0,88.66667,0.486,10.0,21.33333,0.48167,18.33333,21.66667,0.85067,8.33333,35.0,43.33333,24.33333,13.0,4.33333,16.33333,22.66667,114.33333,0,0.06484,-0.06484,0.24719,0.26932,0.54212,0.5271,0.61243,0.58215,1508.62537,1479.96574,0.46184,0.53816,2.17378,1.86384,1.0,240.0,39.33333,81.66667,0.482,11.66667,29.0,0.405,18.33333,24.66667,0.785,7.66667,34.0,41.66667,20.66667,9.33333,2.66667,11.66667,26.33333,108.66667,240.0,34.33333,81.66667,0.42133,10.0,33.0,0.299,19.66667,29.66667,0.66733,10.66667,32.33333,43.0,22.66667,6.33333,5.0,13.66667,22.0,98.33333,0,-0.14284,0.14284,0.31481,0.24511,0.48308,0.55377,0.55752,0.62518,1507.78688,1526.6137,0.5098,0.4902,1.97035,2.05091,0.0,,,,
240.0,41.0,96.66667,0.427,13.0,39.0,0.33767,12.66667,15.33333,0.83767,10.66667,34.66667,45.33333,27.0,8.66667,6.33333,10.0,21.66667,107.66667,240.0,36.66667,86.0,0.428,9.0,31.0,0.285,21.66667,26.0,0.842,9.66667,41.66667,51.33333,20.66667,4.33333,9.0,17.0,20.33333,104.0,0,-0.04879,0.04879,0.27401,0.26431,0.48055,0.49446,0.5692,0.54102,1504.78901,1463.27568,0.43327,0.56673,2.31527,1.76786,0.33333,240.0,42.33333,89.0,0.47733,10.0,29.33333,0.333,20.66667,26.0,0.788,12.0,35.0,47.0,24.66667,7.66667,5.0,16.0,25.66667,115.33333,240.0,39.0,86.0,0.454,9.33333,31.66667,0.288,23.33333,29.66667,0.78667,10.0,28.0,38.0,22.66667,9.66667,8.0,14.0,22.0,110.66667,0,-0.04561,0.04561,0.28235,0.42014,0.50753,0.5344,0.5983,0.61083,1470.6925,1503.66957,0.54215,0.45785,1.84671,2.18782,0.33333,,,,
240.0,42.33333,91.33333,0.46633,15.0,39.66667,0.371,13.33333,19.0,0.701,8.33333,35.0,43.33333,25.66667,8.33333,6.0,15.66667,22.66667,113.0,240.0,44.0,96.0,0.45967,12.33333,33.0,0.396,19.66667,25.0,0.78467,14.66667,39.0,53.66667,26.33333,8.33333,4.0,16.66667,22.33333,120.0,0,0.09677,-0.09677,0.41831,0.21482,0.52407,0.54833,0.59205,0.59402,1482.62179,1474.68815,0.50324,0.49676,1.99086,2.01713,0.66667,240.0,39.0,88.0,0.44333,9.66667,30.33333,0.33133,18.33333,22.66667,0.83,9.0,27.33333,36.33333,22.33333,10.33333,5.33333,12.66667,22.33333,106.0,240.0,44.66667,88.33333,0.50767,11.33333,33.0,0.355,18.66667,21.33333,0.88667,10.33333,36.33333,46.66667,27.33333,5.66667,5.0,15.33333,23.0,119.33333,0,0.17178,-0.17178,0.38979,0.25051,0.57252,0.49902,0.64443,0.57063,1525.63281,1478.72815,0.45167,0.54833,2.2299,1.83227,0.66667,,,,
248.33333,36.33333,88.66667,0.40933,9.0,33.66667,0.26267,25.33333,33.33333,0.784,11.33333,38.33333,49.66667,17.66667,9.66667,3.33333,17.33333,25.66667,107.0,248.33333,37.0,85.66667,0.43067,10.0,31.33333,0.31967,24.33333,30.0,0.79133,9.0,37.66667,46.66667,25.0,8.66667,4.66667,17.66667,27.66667,108.33333,1,0.01645,-0.01645,0.22742,0.30913,0.48922,0.45948,0.59215,0.55641,1478.87995,1484.62348,0.51214,0.48786,1.95608,2.05384,0.66667,240.0,42.66667,86.66667,0.48833,13.66667,35.0,0.389,26.33333,35.0,0.76133,11.33333,33.66667,45.0,26.66667,9.33333,5.33333,15.66667,26.33333,125.33333,240.0,41.66667,89.0,0.46933,10.66667,33.66667,0.31767,21.0,28.66667,0.73933,11.0,30.66667,41.66667,28.33333,7.33333,7.33333,18.33333,26.33333,115.0,1,-0.11678,0.11678,0.32297,0.37266,0.52909,0.56723,0.60442,0.66217,1442.24023,1500.38281,0.57029,0.42971,1.75442,2.32925,0.33333,,,,
240.0,36.66667,86.66667,0.423,14.66667,37.33333,0.38967,15.66667,22.33333,0.69133,9.33333,38.66667,48.0,22.33333,5.66667,5.66667,12.66667,24.33333,103.66667,240.0,35.33333,89.66667,0.39467,8.33333,32.33333,0.261,16.33333,23.33333,0.70667,10.0,39.66667,49.66667,19.33333,6.33333,3.66667,13.33333,22.33333,95.33333,0,-0.1222,0.1222,0.27205,0.23643,0.44117,0.50744,0.50374,0.56612,1493.96192,1520.29012,0.52072,0.47928,1.92302,2.08996,0.33333,240.0,40.33333,83.0,0.48467,10.0,28.66667,0.357,13.0,21.33333,0.60567,8.66667,32.33333,41.0,26.33333,9.0,6.0,16.66667,21.0,103.66667,240.0,44.66667,91.66667,0.487,10.33333,31.0,0.334,15.33333,19.0,0.804,10.66667,35.33333,46.0,30.33333,11.0,2.66667,14.0,21.66667,115.0,0,0.15352,-0.15352,0.33664,0.24449,0.54322,0.54492,0.59935,0.5906,1529.99146,1503.60224,0.47551,0.52449,2.10476,1.90794,1.0,,,,
240.0,46.33333,91.0,0.51033,11.33333,34.66667,0.32867,15.66667,17.0,0.92367,11.0,37.33333,48.33333,23.33333,9.33333,3.66667,15.33333,24.0,119.66667,240.0,39.66667,86.33333,0.45933,7.33333,26.0,0.28533,21.0,29.33333,0.72467,8.0,28.33333,36.33333,27.0,8.66667,4.33333,14.33333,21.0,107.66667,0,-0.15194,0.15194,0.21667,0.39208,0.50174,0.57295,0.58015,0.63351,1500.5585,1558.09378,0.56674,0.43326,1.76618,2.31205,0.0,240.0,37.0,85.66667,0.43167,8.0,27.33333,0.29367,18.0,22.0,0.86167,8.66667,38.66667,47.33333,17.66667,7.33333,3.0,17.66667,21.33333,100.0,240.0,40.0,88.66667,0.451,16.0,40.0,0.389,16.0,19.66667,0.828,8.0,38.33333,46.33333,27.33333,8.33333,5.66667,13.0,18.33333,112.0,0,0.1759,-0.1759,0.20711,0.22919,0.54004,0.47858,0.60204,0.55084,1526.82912,1498.57655,0.47151,0.52849,2.15428,1.91915,1.0,,,,
240.0,38.33333,89.66667,0.427,14.66667,37.33333,0.392,13.0,17.33333,0.74667,11.66667,31.66667,43.33333,23.66667,6.66667,5.33333,14.0,19.33333,104.33333,240.0,41.0,93.0,0.44,7.0,21.66667,0.311,17.0,20.0,0.86533,15.66667,35.0,50.66667,20.66667,7.0,5.33333,13.0,20.0,106.0,1,0.01308,-0.01308,0.5337,0.34321,0.47727,0.50773,0.54266,0.55757,1495.42374,1493.21627,0.49806,0.50194,2.01669,2.00023,0.66667,240.0,41.0,80.0,0.51133,7.66667,24.66667,0.29667,19.33333,25.33333,0.75533,7.0,31.66667,38.66667,24.0,10.33333,6.33333,13.33333,19.66667,109.0,240.0,36.0,81.66667,0.44833,9.33333,27.33333,0.332,15.33333,20.66667,0.72667,8.0,32.33333,40.33333,22.0,6.66667,3.33333,18.0,23.66667,96.66667,1,-0.17108,0.17108,0.25749,0.21923,0.51025,0.55943,0.57548,0.63603,1437.24486,1520.81789,0.60219,0.39781,1.67146,2.54755,0.33333,,,,
248.33333,42.0,90.0,0.46733,13.0,33.0,0.39333,20.0,27.0,0.749,10.66667,31.0,41.66667,25.33333,8.33333,6.33333,16.33333,24.0,117.0,248.33333,44.33333,91.33333,0.492,12.33333,31.66667,0.39467,20.0,26.66667,0.75133,12.33333,33.0,45.33333,29.0,8.66667,5.0,16.33333,25.66667,121.0,1,0.04803,-0.04803,0.37708,0.33388,0.56065,0.54039,0.63113,0.61168,1482.27681,1503.15468,0.53688,0.46312,1.87122,2.17317,0.66667,248.33333,37.0,80.33333,0.46333,10.0,31.0,0.303,27.66667,37.33333,0.73767,11.33333,36.0,47.33333,18.0,6.0,5.66667,17.33333,24.0,111.66667,248.33333,45.0,97.0,0.46533,12.0,33.33333,0.35933,15.66667,22.66667,0.685,14.0,29.66667,43.66667,25.0,7.0,3.33333,11.66667,29.66667,117.66667,1,0.08083,-0.08083,0.38148,0.383,0.52885,0.52351,0.57942,0.63393,1483.58975,1478.71177,0.50493,0.49507,1.98867,2.02831,0.66667,,,,
240.0,38.33333,92.33333,0.41567,9.33333,32.66667,0.288,20.33333,23.66667,0.85433,10.33333,31.33333,41.66667,21.0,4.33333,6.0,9.0,19.66667,106.33333,240.0,40.66667,85.0,0.48033,11.66667,32.0,0.36233,21.66667,26.33333,0.83,9.33333,39.66667,49.0,25.0,6.0,7.0,12.66667,22.66667,114.66667,0,0.10483,-0.10483,0.28853,0.25932,0.54864,0.46668,0.63467,0.5468,1501.54871,1504.73171,0.51894,0.48106,1.92833,2.08039,1.0,240.0,35.33333,87.66667,0.404,7.33333,30.0,0.258,23.33333,31.66667,0.73267,8.33333,36.0,44.33333,18.33333,8.0,4.33333,16.0,26.0,101.33333,240.0,37.66667,87.0,0.431,12.0,34.33333,0.363,27.33333,32.33333,0.85233,9.66667,41.0,50.66667,27.66667,8.33333,6.33333,16.66667,27.66667,114.66667,0,0.182,-0.182,0.26921,0.20581,0.49962,0.4456,0.61444,0.53673,1503.92802,1489.58992,0.5041,0.4959,1.98714,2.02033,1.0,,,,
240.0,39.0,83.33333,0.46867,9.33333,24.33333,0.38433,11.66667,14.0,0.82233,6.0,26.66667,32.66667,20.0,9.66667,1.66667,13.33333,20.66667,99.0,240.0,44.0,85.33333,0.515,10.66667,30.66667,0.35,14.0,19.0,0.792,11.66667,34.33333,46.0,24.0,6.0,5.66667,16.66667,18.0,112.66667,0,0.18204,-0.18204,0.46036,0.18187,0.57801,0.52482,0.62927,0.57351,1496.87389,1446.1315,0.44205,0.55795,2.27428,1.79828,1.0,248.33333,40.0,89.0,0.44933,9.0,31.33333,0.28267,14.66667,20.0,0.72333,12.0,35.66667,47.66667,22.0,9.33333,7.66667,15.0,17.0,103.66667,248.33333,36.33333,84.0,0.43,11.66667,29.33333,0.38367,15.66667,18.0,0.858,8.33333,32.66667,41.0,25.0,7.33333,5.66667,15.33333,20.33333,100.0,0,-0.05539,0.05539,0.23468,0.36648,0.49748,0.50055,0.56882,0.55639,1461.7928,1502.32113,0.55438,0.44562,1.81533,2.26367,0.0,,,,
240.0,41.66667,88.66667,0.47133,10.0,32.0,0.31467,20.0,27.0,0.74133,9.33333,34.33333,43.66667,21.33333,12.66667,7.66667,11.66667,21.33333,113.33333,240.0,38.33333,89.33333,0.43067,9.66667,34.0,0.286,15.0,17.66667,0.84433,9.66667,34.33333,44.0,23.33333,5.33333,3.66667,18.0,24.33333,101.33333,0,-0.15607,0.15607,0.27739,0.27372,0.48435,0.52802,0.54395,0.60067,1470.59087,1503.14299,0.53043,0.46957,1.90791,2.16103,0.0,240.0,41.66667,83.66667,0.49933,9.33333,29.66667,0.31833,17.66667,22.66667,0.78167,7.66667,30.66667,38.33333,26.0,9.66667,5.33333,13.33333,25.0,110.33333,240.0,39.0,84.66667,0.46267,11.66667,30.33333,0.38033,20.0,25.33333,0.78267,11.0,33.33333,44.33333,23.66667,5.33333,3.33333,16.0,23.0,109.66667,0,-0.00783,0.00783,0.35996,0.24263,0.53194,0.5551,0.60991,0.62354,1478.9523,1490.25633,0.5202,0.4798,1.92911,2.09291,0.33333,,,,
248.33333,39.33333,88.66667,0.44233,8.33333,28.0,0.30133,14.66667,19.33333,0.75233,14.66667,32.33333,47.0,21.66667,8.0,6.33333,14.66667,18.66667,101.66667,248.33333,34.33333,81.66667,0.421,9.66667,24.33333,0.37667,17.33333,20.66667,0.83633,10.33333,27.66667,38.0,21.33333,8.33333,5.66667,14.33333,22.33333,95.66667,0,-0.08473,0.08473,0.32515,0.5386,0.47878,0.49003,0.55628,0.54765,1476.00001,1534.07062,0.57094,0.42906,1.75296,2.33391,0.33333,240.0,40.33333,93.33333,0.431,10.0,33.66667,0.29733,16.33333,20.33333,0.80767,9.66667,32.66667,42.33333,16.33333,9.66667,6.66667,12.66667,24.66667,107.0,240.0,44.0,93.0,0.47333,10.66667,29.66667,0.367,19.66667,26.0,0.751,12.66667,41.66667,54.33333,29.0,5.66667,7.33333,16.0,20.33333,118.33333,0,0.14975,-0.14975,0.40613,0.23377,0.531,0.48458,0.5999,0.54638,1507.45137,1438.54502,0.41629,0.58371,2.41147,1.71681,1.0,,,,
248.33333,39.0,96.66667,0.405,11.66667,36.66667,0.31433,25.33333,31.0,0.82667,10.33333,34.0,44.33333,22.33333,6.0,6.0,6.33333,26.0,115.0,248.33333,39.0,87.33333,0.44833,10.66667,31.33333,0.342,28.0,35.33333,0.79633,12.0,41.33333,53.33333,24.0,3.66667,9.33333,13.66667,26.66667,116.66667,1,0.02154,-0.02154,0.35061,0.24695,0.50919,0.46487,0.61486,0.557,1489.14698,1517.82927,0.54113,0.45887,1.84996,2.18263,1.0,248.33333,41.33333,91.0,0.45433,11.33333,29.66667,0.37733,16.66667,23.66667,0.73067,8.0,36.66667,44.66667,22.33333,8.33333,5.66667,13.0,25.66667,110.66667,248.33333,39.0,90.66667,0.43567,9.66667,33.33333,0.29867,17.0,25.66667,0.67633,13.33333,38.33333,51.66667,21.33333,5.33333,3.66667,16.66667,25.0,104.66667,1,-0.08633,0.08633,0.40262,0.20863,0.48939,0.5169,0.54851,0.57533,1490.87223,1494.77213,0.49457,0.50543,2.03493,1.98964,0.33333,,,,
240.0,49.33333,90.66667,0.544,17.0,37.0,0.45033,16.66667,20.66667,0.813,8.66667,36.33333,45.0,29.33333,10.0,6.66667,11.0,20.33333,132.33333,240.0,42.33333,90.33333,0.46833,14.66667,38.66667,0.37433,13.33333,20.33333,0.67833,9.33333,31.0,40.33333,23.33333,5.66667,2.33333,14.33333,19.0,112.66667,0,-0.23171,0.23171,0.25629,0.2773,0.55038,0.63714,0.59397,0.69426,1479.44733,1551.77756,0.57634,0.42366,1.73725,2.36608,0.0,248.33333,41.66667,95.66667,0.437,8.66667,31.33333,0.257,21.0,27.0,0.77233,12.33333,32.66667,45.0,23.0,9.0,6.33333,14.0,21.66667,113.0,248.33333,48.33333,96.66667,0.49933,14.66667,31.33333,0.472,16.66667,20.66667,0.77967,12.33333,39.0,51.33333,30.33333,6.0,6.33333,14.33333,23.66667,128.0,0,0.18282,-0.18282,0.38507,0.31105,0.57496,0.48045,0.63283,0.55715,1531.64612,1506.55935,0.48287,0.51713,2.11349,1.97505,1.0,,,,
240.0,36.66667,81.66667,0.45467,10.0,28.66667,0.358,17.33333,25.33333,0.70367,10.33333,29.0,39.33333,20.0,9.66667,4.0,13.0,25.0,100.66667,240.0,34.66667,74.66667,0.46867,11.33333,28.66667,0.38667,19.0,28.0,0.68067,10.0,34.33333,44.33333,21.66667,5.66667,4.33333,17.33333,22.33333,99.66667,0,-0.01086,0.01086,0.32937,0.30037,0.54709,0.51641,0.62496,0.58289,1479.31576,1514.96081,0.54302,0.45698,1.86221,2.22806,0.66667,240.0,41.33333,95.33333,0.43533,12.33333,40.66667,0.306,19.0,23.0,0.807,9.0,29.33333,38.33333,23.66667,7.66667,2.33333,10.66667,22.0,114.0,240.0,47.66667,89.66667,0.531,14.66667,33.0,0.44567,20.33333,25.66667,0.79767,11.33333,40.33333,51.66667,35.66667,6.33333,6.0,16.0,20.66667,130.33333,0,0.19412,-0.19412,0.38582,0.23347,0.6127,0.50007,0.68278,0.5695,1559.63152,1492.53603,0.43539,0.56461,2.30917,1.77675,1.0,,,,
240.0,36.66667,80.66667,0.45433,14.33333,42.66667,0.338,16.66667,22.66667,0.75867,8.66667,33.0,41.66667,22.0,8.66667,7.0,14.33333,22.33333,104.33333,240.0,34.33333,77.0,0.44267,9.66667,28.33333,0.32933,19.33333,25.66667,0.74333,6.66667,31.33333,38.0,18.0,8.66667,3.66667,14.66667,20.33333,97.66667,0,-0.09535,0.09535,0.20672,0.27953,0.5041,0.54346,0.58955,0.60874,1486.32769,1460.9752,0.45682,0.54318,2.20071,1.84769,0.0,240.0,38.0,81.33333,0.46767,8.0,25.33333,0.31867,28.0,33.33333,0.85433,9.0,33.33333,42.33333,22.0,8.0,5.0,22.0,28.0,112.0,240.0,45.33333,90.66667,0.50033,8.66667,22.66667,0.397,23.0,32.66667,0.705,9.0,32.66667,41.66667,22.33333,15.66667,4.0,14.0,27.33333,122.33333,0,0.1268,-0.1268,0.27022,0.27512,0.54773,0.51677,0.62519,0.63246,1491.70463,1487.47926,0.517,0.483,1.95116,2.09433,1.0,,,,
248.33333,47.0,93.0,0.50467,15.66667,36.33333,0.41767,18.66667,24.33333,0.76733,10.33333,37.0,47.33333,29.66667,9.0,7.33333,12.0,23.33333,128.33333,248.33333,43.66667,90.66667,0.48167,12.0,32.33333,0.34667,20.33333,27.66667,0.72233,7.66667,35.66667,43.33333,25.33333,7.33333,3.66667,13.0,20.66667,119.66667,0,-0.0927,0.0927,0.20232,0.2936,0.54852,0.58839,0.61884,0.65144,1495.23917,1565.76637,0.58625,0.41375,1.707,2.42044,0.33333,240.0,39.0,79.0,0.49367,10.33333,24.0,0.43367,25.0,29.0,0.85333,5.66667,37.66667,43.33333,19.33333,7.33333,4.66667,15.0,20.66667,113.33333,240.0,35.0,89.33333,0.399,15.0,43.66667,0.34167,19.33333,26.66667,0.72133,14.66667,28.33333,43.0,19.0,8.0,7.0,13.0,24.66667,104.33333,0,-0.12239,0.12239,0.37716,0.20012,0.48697,0.5591,0.55865,0.66257,1459.23444,1523.28407,0.57468,0.42532,1.74437,2.36152,0.33333,,,,
240.0,35.66667,82.66667,0.436,9.66667,31.33333,0.29133,24.66667,33.66667,0.72967,11.33333,36.33333,47.66667,23.33333,5.66667,3.66667,22.0,24.0,105.66667,240.0,46.0,99.0,0.46567,11.0,32.66667,0.34333,21.66667,25.33333,0.83733,11.0,33.0,44.0,26.66667,10.33333,6.33333,11.66667,27.0,124.66667,1,0.24077,-0.24077,0.30656,0.36059,0.52157,0.49167,0.59795,0.59222,1522.26764,1492.35105,0.49276,0.50724,2.03862,1.98079,1.0,240.0,36.66667,80.66667,0.45533,14.66667,39.66667,0.37233,12.66667,14.33333,0.84967,8.0,36.66667,44.66667,21.66667,6.0,5.66667,16.0,22.33333,100.66667,240.0,35.33333,83.66667,0.42333,8.33333,26.33333,0.31533,17.33333,25.0,0.69233,7.33333,32.33333,39.66667,19.66667,8.66667,3.33333,12.0,17.0,96.33333,1,-0.06442,0.06442,0.20173,0.24932,0.47345,0.5457,0.54198,0.60193,1521.54042,1503.1522,0.46637,0.53363,2.15941,1.88327,0.33333,,,,
240.0,38.0,82.0,0.464,9.66667,23.0,0.41367,28.66667,36.33333,0.791,8.0,35.33333,43.33333,19.66667,5.66667,5.66667,18.33333,25.66667,114.33333,240.0,44.0,92.33333,0.476,8.66667,20.33333,0.415,18.33333,26.33333,0.68267,9.0,32.33333,41.33333,22.66667,10.0,5.66667,13.0,29.66667,115.0,0,-0.00261,0.00261,0.25846,0.24747,0.52273,0.52226,0.58431,0.63606,1479.90226,1519.61965,0.56487,0.43513,1.77322,2.30427,0.66667,240.0,38.0,90.33333,0.42333,10.33333,31.0,0.33167,13.0,18.0,0.759,11.33333,32.0,43.33333,21.33333,6.66667,5.33333,14.0,19.66667,99.33333,240.0,43.33333,93.66667,0.464,10.0,35.33333,0.272,16.33333,20.66667,0.74233,14.66667,41.0,55.66667,19.33333,8.0,3.0,14.0,19.33333,113.0,0,0.19973,-0.19973,0.47897,0.27667,0.51845,0.48032,0.5793,0.52903,1552.6946,1516.26471,0.46746,0.53254,2.16159,1.89392,0.66667,,,,
240.0,44.33333,92.66667,0.47733,11.33333,35.33333,0.316,16.66667,21.66667,0.79533,11.0,33.33333,44.33333,26.33333,7.0,3.66667,12.33333,19.66667,116.66667,240.0,43.66667,90.0,0.48533,17.0,42.0,0.396,11.0,14.33333,0.748,9.0,34.66667,43.66667,28.0,5.66667,5.66667,14.0,20.66667,115.33333,0,-0.00845,0.00845,0.2751,0.32288,0.57907,0.53881,0.61902,0.59754,1554.36413,1571.8767,0.51741,0.48259,1.94338,2.08435,0.66667,240.0,40.33333,90.33333,0.44867,8.33333,27.66667,0.284,19.33333,24.33333,0.78467,9.33333,30.0,39.33333,22.0,7.33333,5.66667,12.33333,20.66667,108.33333,240.0,47.0,93.33333,0.50167,11.66667,28.33333,0.40133,18.0,20.33333,0.84133,13.0,36.66667,49.66667,29.0,6.66667,6.66667,13.0,22.66667,123.66667,0,0.18795,-0.18795,0.43291,0.25147,0.56318,0.49498,0.63189,0.56859,1526.71303,1474.72898,0.44443,0.55557,2.25478,1.8023,1.0,,,,
240.0,45.0,92.0,0.49033,11.0,29.0,0.37967,12.33333,19.33333,0.63933,11.0,35.66667,46.66667,21.0,7.33333,8.0,18.33333,23.66667,113.33333,240.0,43.33333,97.66667,0.44533,7.66667,26.66667,0.28067,20.33333,25.33333,0.79533,16.0,34.0,50.0,22.0,9.33333,7.33333,13.66667,17.33333,114.66667,1,0.0164,-0.0164,0.45942,0.33409,0.48397,0.55031,0.55644,0.59043,1504.5793,1511.21445,0.50953,0.49047,1.97455,2.05121,0.66667,240.0,40.0,89.66667,0.447,10.66667,34.33333,0.30633,21.33333,25.66667,0.834,11.0,38.0,49.0,19.66667,8.0,4.0,19.33333,23.33333,112.0,240.0,43.0,92.66667,0.46433,11.33333,30.66667,0.367,16.66667,23.33333,0.708,10.66667,33.66667,44.33333,25.66667,8.33333,5.0,15.0,24.33333,114.0,1,0.02316,-0.02316,0.28423,0.3512,0.52512,0.50704,0.58244,0.58883,1491.50071,1501.4486,0.51785,0.48215,1.9525,2.10292,0.66667,,,,
240.0,35.66667,93.0,0.38633,8.33333,32.0,0.25333,16.66667,21.66667,0.75867,9.66667,28.66667,38.33333,21.0,8.66667,5.33333,9.0,20.0,96.33333,240.0,41.33333,87.33333,0.47333,11.33333,31.0,0.36133,21.66667,25.33333,0.85233,14.0,42.66667,56.66667,25.33333,5.0,4.66667,14.66667,21.0,115.66667,0,0.27397,-0.27397,0.50014,0.23175,0.53775,0.43002,0.62251,0.49515,1555.4924,1471.55098,0.40959,0.59041,2.44288,1.6942,1.0,240.0,46.0,92.0,0.5,9.66667,29.0,0.33167,14.33333,17.66667,0.822,11.0,33.33333,44.33333,26.0,7.33333,4.66667,18.0,23.33333,116.0,240.0,42.66667,87.0,0.49033,8.66667,23.33333,0.39433,20.0,25.33333,0.78967,7.66667,32.0,39.66667,25.0,10.33333,4.33333,16.33333,21.33333,114.0,0,-0.02624,0.02624,0.23268,0.34395,0.53996,0.55307,0.61574,0.60545,1508.96377,1517.95016,0.50997,0.49003,1.97421,2.05444,0.66667,,,,
240.0,40.66667,86.0,0.47233,9.66667,28.66667,0.34233,17.66667,25.33333,0.71033,12.66667,31.0,43.66667,24.0,9.66667,6.0,14.66667,23.33333,108.66667,240.0,43.0,86.66667,0.49767,10.0,27.0,0.374,15.66667,22.66667,0.68633,9.0,35.0,44.0,25.0,8.0,3.66667,15.0,24.33333,111.66667,1,0.04718,-0.04718,0.28651,0.36543,0.55546,0.52783,0.61024,0.59307,1504.89161,1521.37315,0.52749,0.47251,1.90518,2.12826,0.66667,248.33333,36.0,80.33333,0.44667,10.0,32.66667,0.30267,14.0,18.33333,0.75467,8.66667,33.33333,42.0,23.33333,9.33333,5.33333,19.66667,21.33333,96.0,248.33333,37.0,82.33333,0.45067,10.66667,26.33333,0.404,18.0,23.66667,0.761,9.66667,30.0,39.66667,21.0,10.66667,4.33333,14.33333,20.0,102.66667,1,0.09461,-0.09461,0.28274,0.29573,0.51678,0.51025,0.59273,0.56979,1514.48247,1500.18443,0.48905,0.51095,2.06019,1.97187,1.0,,,,
240.0,44.33333,80.66667,0.554,6.0,19.66667,0.318,16.33333,21.66667,0.74933,7.66667,28.0,35.66667,24.33333,10.33333,7.33333,13.66667,15.66667,111.0,240.0,38.66667,84.66667,0.45567,10.66667,27.0,0.393,16.33333,18.33333,0.891,12.0,27.0,39.0,24.0,5.66667,5.0,15.33333,19.66667,104.33333,1,-0.08794,0.08794,0.47455,0.27993,0.51903,0.59084,0.5884,0.65288,1468.08949,1524.13255,0.57101,0.42899,1.75483,2.33891,0.0,240.0,38.66667,93.0,0.415,12.33333,30.33333,0.41067,17.66667,22.33333,0.80733,9.66667,36.0,45.66667,20.33333,7.66667,7.0,11.0,22.33333,107.33333,240.0,39.33333,93.66667,0.41933,12.66667,36.66667,0.34367,18.0,26.0,0.694,14.33333,41.66667,56.0,20.66667,8.33333,9.33333,14.33333,19.66667,109.33333,1,0.03352,-0.03352,0.40011,0.23055,0.487,0.48142,0.54923,0.54755,1512.00256,1499.3065,0.48052,0.51948,2.08614,1.92884,0.66667,,,,
240.0,47.33333,93.0,0.508,11.33333,27.66667,0.40867,19.33333,27.66667,0.689,9.0,38.66667,47.66667,29.33333,10.0,5.66667,13.66667,24.0,125.33333,240.0,38.66667,90.0,0.43067,10.66667,37.66667,0.28233,21.0,30.0,0.703,11.33333,36.33333,47.66667,24.66667,8.66667,7.66667,18.66667,23.66667,109.0,0,-0.19293,0.19293,0.29498,0.25001,0.48949,0.56822,0.56434,0.63042,1472.44016,1497.81755,0.51258,0.48742,1.96763,2.06887,0.0,240.0,36.66667,98.66667,0.373,10.0,40.66667,0.25233,19.33333,25.0,0.78933,11.33333,36.0,47.33333,25.0,7.33333,6.0,12.33333,22.66667,102.66667,240.0,42.33333,91.33333,0.46633,14.0,39.33333,0.35233,21.33333,24.0,0.87833,7.66667,47.33333,55.0,25.33333,6.0,7.0,16.33333,22.33333,120.0,0,0.22867,-0.22867,0.21217,0.23743,0.54279,0.4238,0.62351,0.49378,1549.98402,1496.30647,0.44835,0.55165,2.24091,1.81794,1.0,,,,
240.0,37.66667,85.66667,0.441,9.33333,31.0,0.302,20.66667,30.0,0.69167,12.33333,32.66667,45.0,21.0,7.66667,5.33333,10.66667,22.66667,105.33333,240.0,38.0,83.66667,0.45333,7.0,19.66667,0.35867,19.66667,25.0,0.79833,10.0,36.33333,46.33333,21.0,5.33333,5.0,14.0,24.0,102.66667,0,-0.05159,0.05159,0.31256,0.34423,0.49538,0.49494,0.57473,0.57207,1518.95747,1501.71885,0.47495,0.52505,2.1578,1.95031,0.33333,240.0,48.33333,97.66667,0.49633,14.66667,36.33333,0.40333,12.0,18.66667,0.66467,14.66667,38.0,52.66667,27.0,7.0,7.0,16.33333,23.0,123.33333,240.0,42.66667,98.66667,0.44367,12.0,32.33333,0.39867,18.33333,24.0,0.752,14.66667,32.33333,47.0,21.33333,10.33333,8.66667,12.0,19.0,115.66667,0,-0.1048,0.1048,0.40142,0.45179,0.50574,0.57209,0.56783,0.60813,1493.81334,1527.24268,0.53457,0.46543,1.87118,2.14938,0.66667,,,,
240.0,36.33333,83.33333,0.437,9.0,32.0,0.28233,20.0,22.0,0.90067,8.33333,30.33333,38.66667,21.66667,8.33333,3.66667,18.33333,28.0,101.66667,240.0,43.0,83.33333,0.517,9.0,25.0,0.35933,22.66667,28.66667,0.80767,9.33333,36.0,45.33333,26.66667,11.66667,3.66667,15.0,21.0,117.66667,0,0.21329,-0.21329,0.3191,0.23205,0.5711,0.49091,0.65763,0.57662,1497.00727,1439.46628,0.44565,0.55435,2.25944,1.8113,1.0,240.0,35.66667,80.0,0.44633,9.0,30.33333,0.30733,21.66667,27.66667,0.76667,9.66667,31.0,40.66667,20.33333,7.66667,5.0,20.0,26.0,102.0,240.0,43.0,89.33333,0.47967,9.33333,27.0,0.38067,20.66667,29.0,0.71233,10.33333,34.33333,44.66667,21.0,13.66667,4.33333,13.66667,24.66667,116.0,0,0.19473,-0.19473,0.34248,0.27965,0.53205,0.50235,0.60414,0.59141,1508.56317,1486.30852,0.50034,0.49966,2.03229,2.03835,1.0,,,,
240.0,39.0,83.66667,0.46767,10.66667,26.33333,0.403,19.33333,21.33333,0.909,9.0,40.33333,49.33333,20.0,5.0,5.66667,16.33333,21.0,108.0,240.0,37.33333,93.0,0.40233,10.33333,31.33333,0.33933,16.33333,23.0,0.7,12.66667,31.33333,44.0,20.66667,8.66667,6.66667,10.66667,21.0,101.33333,0,-0.11049,0.11049,0.31028,0.2867,0.45774,0.5308,0.5171,0.61209,1496.72513,1541.61469,0.54843,0.45157,1.83798,2.23747,0.33333,240.0,42.33333,97.33333,0.43567,13.33333,36.0,0.37133,14.66667,23.33333,0.631,16.33333,29.0,45.33333,26.0,8.66667,4.33333,15.0,24.0,112.66667,240.0,43.0,85.33333,0.50567,12.0,26.66667,0.451,20.33333,26.33333,0.766,9.0,37.66667,46.66667,24.66667,10.66667,6.66667,17.66667,22.33333,118.33333,0,0.07285,-0.07285,0.31562,0.43596,0.57585,0.50337,0.65124,0.54917,1472.80144,1512.23933,0.56398,0.43602,1.77525,2.29839,1.0,,,,
240.0,38.33333,88.0,0.44033,9.0,27.0,0.317,16.66667,18.66667,0.88833,9.0,37.33333,46.33333,22.66667,6.66667,5.0,13.66667,15.33333,102.33333,240.0,38.0,89.66667,0.42533,9.0,26.66667,0.34033,11.33333,16.0,0.69433,9.33333,37.33333,46.66667,23.0,10.0,5.66667,13.33333,21.0,96.33333,0,-0.07784,0.07784,0.25166,0.23733,0.47568,0.4905,0.51849,0.55879,1479.10741,1493.31644,0.51037,0.48963,1.96219,2.04568,0.66667,248.33333,38.66667,88.33333,0.44067,10.0,32.0,0.31067,19.33333,26.33333,0.72733,13.0,33.0,46.0,20.66667,9.33333,4.66667,13.0,20.33333,106.66667,248.33333,34.0,79.33333,0.43433,11.33333,30.66667,0.37067,18.33333,21.66667,0.846,6.0,36.66667,42.66667,22.0,7.0,4.0,19.66667,23.33333,97.66667,0,-0.13471,0.13471,0.19048,0.35121,0.50874,0.49618,0.5908,0.56875,1427.19173,1518.1668,0.6141,0.3859,1.63097,2.60115,0.33333,,,,
248.33333,40.33333,90.66667,0.44667,14.0,38.0,0.36033,13.33333,17.33333,0.758,11.33333,35.66667,47.0,22.0,7.0,7.66667,14.0,19.66667,108.0,248.33333,39.33333,89.66667,0.43867,11.66667,33.66667,0.34667,18.33333,24.0,0.772,9.0,35.66667,44.66667,24.33333,8.33333,4.0,13.66667,17.66667,108.66667,0,0.00948,-0.00948,0.26189,0.31213,0.50345,0.52382,0.57205,0.57224,1496.39647,1523.80849,0.53901,0.46099,1.88513,2.22698,0.66667,240.0,38.66667,78.0,0.49133,11.33333,27.66667,0.409,23.33333,29.33333,0.81567,9.33333,34.33333,43.66667,19.33333,7.0,3.33333,16.33333,28.0,112.0,240.0,39.0,84.0,0.46433,11.66667,34.66667,0.33267,19.66667,30.66667,0.637,10.0,28.0,38.0,27.0,8.33333,6.33333,12.33333,25.33333,109.33333,0,-0.03311,0.03311,0.29429,0.33493,0.53433,0.56358,0.60259,0.6621,1511.80756,1520.94867,0.50614,0.49386,1.98632,2.03745,0.33333,,,,
240.0,38.33333,84.0,0.458,9.33333,23.33333,0.40033,11.33333,15.0,0.75567,8.66667,31.66667,40.33333,19.0,7.66667,3.33333,14.33333,18.0,97.33333,240.0,43.33333,86.66667,0.49833,9.33333,27.33333,0.34867,13.0,16.33333,0.819,9.0,33.66667,42.66667,23.66667,7.0,5.66667,13.66667,17.33333,109.0,0,0.1553,-0.1553,0.31581,0.26672,0.55205,0.51378,0.60249,0.55952,1481.26244,1440.26654,0.45303,0.54697,2.22184,1.83566,1.0,240.0,43.66667,89.33333,0.49067,11.66667,29.66667,0.38467,13.66667,17.66667,0.76167,10.0,31.0,41.0,27.0,7.66667,5.33333,14.33333,25.33333,112.66667,240.0,40.0,82.66667,0.484,9.33333,29.66667,0.30833,22.66667,30.0,0.758,9.33333,30.0,39.33333,24.0,8.66667,7.33333,13.66667,18.66667,112.0,0,0.00518,-0.00518,0.29315,0.3319,0.54081,0.55688,0.62826,0.60625,1454.08515,1487.40528,0.54621,0.45379,1.83211,2.20607,0.66667,,,,
240.0,40.0,87.0,0.46367,9.66667,34.0,0.28167,13.0,18.66667,0.69733,7.66667,33.33333,41.0,22.33333,9.66667,6.66667,19.0,21.66667,102.66667,240.0,43.66667,93.66667,0.46767,13.33333,34.33333,0.41233,20.0,26.33333,0.75567,12.33333,39.33333,51.66667,27.66667,9.66667,4.66667,17.66667,19.33333,120.66667,0,0.23298,-0.23298,0.36435,0.19325,0.53895,0.5202,0.60708,0.56818,1504.52969,1456.52216,0.46674,0.53326,2.19282,1.90432,1.0,240.0,44.33333,91.66667,0.48367,14.33333,34.66667,0.41133,11.66667,14.0,0.85167,11.33333,31.66667,43.0,26.0,8.0,4.66667,16.66667,21.66667,114.66667,240.0,42.0,86.66667,0.485,10.33333,25.0,0.42633,17.33333,22.33333,0.77633,8.66667,32.66667,41.33333,26.66667,8.0,4.66667,17.33333,19.66667,111.66667,0,-0.03772,0.03772,0.28238,0.34771,0.54383,0.56235,0.60993,0.60553,1506.71309,1498.29663,0.48149,0.51851,2.09692,1.94689,0.66667,,,,
240.0,43.33333,90.0,0.481,10.66667,24.0,0.442,20.0,25.66667,0.78033,8.66667,34.33333,43.0,21.33333,3.66667,4.66667,9.33333,23.33333,117.33333,240.0,40.0,91.66667,0.437,9.0,23.66667,0.36133,21.0,27.0,0.75767,12.33333,34.33333,46.66667,21.0,5.0,5.66667,9.0,22.0,110.0,1,-0.09572,0.09572,0.37634,0.25775,0.48633,0.54037,0.56325,0.6129,1501.7483,1527.54416,0.52823,0.47177,1.91141,2.14239,0.33333,240.0,40.33333,86.33333,0.466,15.66667,39.0,0.39767,21.66667,30.66667,0.701,11.33333,33.0,44.33333,24.0,8.0,6.33333,14.33333,27.0,118.0,240.0,39.66667,86.33333,0.46033,10.33333,32.66667,0.315,23.33333,30.66667,0.764,10.66667,34.33333,45.0,25.33333,7.33333,6.0,16.33333,24.0,113.0,1,-0.06401,0.06401,0.31861,0.34741,0.51952,0.55559,0.60847,0.63476,1438.19887,1494.72225,0.57451,0.42549,1.7409,2.35101,0.33333,,,,
240.0,40.33333,87.0,0.46367,14.0,37.0,0.37167,11.0,15.33333,0.72667,8.33333,38.0,46.33333,23.33333,6.33333,8.33333,13.0,22.33333,105.66667,240.0,36.66667,88.33333,0.41533,10.33333,34.33333,0.305,18.33333,24.33333,0.758,9.66667,36.66667,46.33333,21.33333,6.33333,3.0,12.33333,18.0,102.0,1,-0.05807,0.05807,0.27118,0.22805,0.47348,0.54404,0.54393,0.58457,1518.76335,1524.07295,0.49676,0.50324,2.01492,1.98886,0.66667,240.0,39.33333,83.0,0.47533,9.33333,30.66667,0.306,15.66667,23.0,0.67567,9.33333,31.0,40.33333,23.33333,11.0,6.0,12.0,22.0,103.66667,240.0,33.66667,78.66667,0.434,10.33333,27.66667,0.36867,16.33333,21.33333,0.75067,8.66667,36.33333,45.0,20.33333,4.66667,3.33333,19.66667,21.66667,94.0,1,-0.14703,0.14703,0.2775,0.25614,0.50325,0.53152,0.57587,0.59082,1432.22849,1525.36313,0.61701,0.38299,1.6239,2.62385,0.33333,,,,
240.0,32.66667,83.66667,0.38833,6.33333,29.66667,0.21133,18.66667,28.66667,0.65567,10.33333,30.0,40.33333,16.66667,9.33333,4.33333,16.33333,23.66667,90.33333,240.0,39.66667,79.0,0.50267,9.0,25.0,0.358,18.0,26.33333,0.69167,8.33333,36.33333,44.66667,22.66667,8.66667,6.66667,17.33333,24.66667,106.33333,1,0.24945,-0.24945,0.28235,0.29558,0.55982,0.42648,0.62742,0.49913,1505.46457,1506.98295,0.51789,0.48211,1.93358,2.07771,0.66667,248.33333,38.66667,88.66667,0.436,8.0,27.0,0.29667,18.33333,22.66667,0.85367,8.66667,36.33333,45.0,18.66667,9.33333,3.33333,16.33333,19.66667,103.66667,248.33333,43.33333,90.33333,0.48033,16.0,38.33333,0.40767,14.33333,17.0,0.84533,8.33333,38.0,46.33333,27.33333,8.66667,6.33333,14.33333,19.33333,117.0,1,0.19053,-0.19053,0.23249,0.23179,0.56825,0.48135,0.62176,0.55157,1529.7291,1519.94195,0.5016,0.4984,2.02911,2.03689,1.0,,,,
240.0,39.33333,91.33333,0.43,13.0,38.0,0.338,13.33333,18.66667,0.708,13.33333,32.66667,46.0,23.33333,7.0,6.66667,12.66667,21.33333,105.0,240.0,39.0,90.33333,0.428,9.0,24.0,0.37533,17.66667,21.33333,0.836,13.33333,36.0,49.33333,20.0,6.66667,5.66667,14.66667,20.33333,104.66667,1,-0.01916,0.01916,0.46247,0.37948,0.47806,0.50017,0.54777,0.54952,1483.68348,1495.29769,0.51957,0.48043,1.94499,2.10637,0.66667,240.0,40.0,83.33333,0.479,8.66667,28.66667,0.314,13.33333,18.66667,0.73333,8.0,33.33333,41.33333,24.0,9.66667,7.0,15.33333,22.33333,102.0,240.0,41.33333,88.66667,0.46733,11.0,32.33333,0.339,17.66667,23.33333,0.753,10.66667,34.66667,45.33333,28.33333,9.0,3.0,14.33333,19.0,111.33333,1,0.13155,-0.13155,0.32149,0.22917,0.52891,0.53113,0.59339,0.58305,1536.45446,1516.58292,0.48147,0.51853,2.07743,1.92892,1.0,,,,
240.0,40.0,87.0,0.46,10.0,24.0,0.413,22.66667,28.66667,0.78533,8.33333,36.0,44.33333,20.0,4.33333,6.66667,12.66667,24.33333,112.66667,240.0,41.33333,93.33333,0.443,9.0,23.33333,0.367,19.33333,25.0,0.75267,10.66667,34.66667,45.33333,22.33333,6.0,6.33333,10.0,24.66667,111.0,1,-0.02758,0.02758,0.30196,0.2448,0.4912,0.51738,0.56058,0.60376,1505.63923,1522.43733,0.52192,0.47808,1.9328,2.11211,0.66667,240.0,39.33333,77.66667,0.504,9.0,29.33333,0.287,24.33333,33.66667,0.71933,8.66667,36.0,44.66667,20.33333,5.33333,5.66667,17.66667,23.0,112.0,240.0,44.33333,97.0,0.45867,10.66667,30.0,0.34933,14.0,20.66667,0.67667,13.33333,27.33333,40.66667,22.0,8.66667,3.0,11.33333,28.33333,113.33333,1,0.02167,-0.02167,0.36522,0.32354,0.51565,0.56009,0.56134,0.65808,1484.14908,1482.19489,0.50198,0.49802,2.00018,2.01616,0.33333,,,,
248.33333,41.33333,84.66667,0.48833,12.33333,32.0,0.386,17.0,23.33333,0.69567,9.33333,34.33333,43.66667,27.66667,5.66667,3.0,15.33333,21.66667,112.0,248.33333,40.66667,86.66667,0.47267,12.0,29.66667,0.405,19.0,23.33333,0.805,9.33333,31.33333,40.66667,19.33333,7.0,4.33333,12.0,23.0,112.33333,1,0.00821,-0.00821,0.2621,0.29722,0.54341,0.56103,0.61915,0.62308,1490.93402,1494.77477,0.50128,0.49872,2.00227,2.01324,0.66667,240.0,39.0,87.33333,0.447,8.0,31.0,0.267,16.33333,20.66667,0.81167,8.0,29.33333,37.33333,21.33333,11.66667,6.66667,15.0,19.66667,102.33333,240.0,45.0,92.0,0.48967,11.33333,34.0,0.34,14.0,17.66667,0.796,10.33333,37.66667,48.0,27.33333,6.33333,4.66667,17.66667,19.66667,115.33333,1,0.1725,-0.1725,0.36756,0.20965,0.5513,0.49341,0.60227,0.55764,1531.53159,1457.17712,0.41135,0.58865,2.44783,1.70481,0.66667,,,,
248.33333,41.0,96.66667,0.42867,12.0,34.33333,0.35,22.0,27.33333,0.824,9.66667,38.0,47.66667,22.66667,6.33333,7.0,8.33333,28.0,116.0,248.33333,39.33333,96.33333,0.40967,11.33333,36.33333,0.318,23.66667,30.0,0.79267,16.33333,39.0,55.33333,24.0,4.0,9.0,12.33333,24.66667,113.66667,0,-0.03168,0.03168,0.4268,0.24184,0.4684,0.49036,0.55316,0.56808,1490.32666,1533.08052,0.55504,0.44496,1.80364,2.25099,0.66667,240.0,40.0,83.66667,0.47867,10.66667,29.33333,0.35767,15.66667,21.33333,0.732,9.0,33.33333,42.33333,19.0,9.0,8.0,15.33333,23.33333,106.33333,240.0,37.33333,87.33333,0.427,9.0,24.66667,0.36267,20.66667,25.0,0.85333,12.66667,32.0,44.66667,19.33333,9.0,3.0,15.0,22.66667,104.33333,0,-0.05419,0.05419,0.38387,0.32909,0.47778,0.54252,0.5579,0.60264,1452.52232,1501.4028,0.57027,0.42973,1.75745,2.33561,0.33333,,,,
248.33333,38.33333,83.33333,0.45667,10.33333,29.0,0.35833,20.66667,25.33333,0.781,10.0,36.0,46.0,17.66667,5.66667,4.0,23.0,24.0,107.66667,248.33333,42.66667,88.0,0.48567,10.66667,24.66667,0.463,18.66667,23.66667,0.798,7.0,31.33333,38.33333,27.0,13.66667,6.0,16.0,26.0,114.66667,1,0.09198,-0.09198,0.20161,0.32975,0.5462,0.51837,0.61564,0.60666,1500.44944,1478.99645,0.47599,0.52401,2.10437,1.91101,1.0,240.0,38.0,86.33333,0.44067,9.33333,29.66667,0.32,15.0,20.0,0.742,11.33333,35.33333,46.66667,19.0,8.66667,6.66667,13.66667,17.33333,100.33333,240.0,36.33333,80.66667,0.44733,8.66667,24.0,0.35633,16.0,19.0,0.83967,6.66667,32.66667,39.33333,22.66667,7.33333,5.33333,14.66667,19.0,97.33333,1,-0.04604,0.04604,0.19307,0.34628,0.49995,0.49476,0.57346,0.55357,1459.55317,1474.38807,0.51768,0.48232,1.94772,2.09571,0.33333,,,,
240.0,37.33333,86.66667,0.42733,9.33333,31.0,0.30267,19.0,28.0,0.678,14.33333,31.33333,45.66667,22.0,9.33333,6.0,13.66667,22.66667,103.0,240.0,41.33333,82.66667,0.49767,8.33333,25.66667,0.32267,15.33333,22.0,0.694,7.66667,36.0,43.66667,23.33333,8.33333,5.66667,16.0,27.33333,106.33333,0,0.04525,-0.04525,0.2463,0.40686,0.54746,0.48037,0.6051,0.55167,1515.76127,1518.95472,0.50806,0.49194,1.97456,2.04004,0.66667,240.0,40.33333,89.33333,0.455,9.0,32.66667,0.27333,15.0,21.33333,0.69733,13.66667,28.0,41.66667,23.33333,10.0,4.0,12.66667,22.33333,104.66667,240.0,40.66667,80.0,0.50933,13.33333,30.66667,0.43433,17.33333,22.66667,0.745,8.33333,34.33333,42.66667,26.0,6.33333,4.0,17.0,24.33333,112.0,0,0.1019,-0.1019,0.29506,0.41151,0.59272,0.50531,0.65942,0.56003,1481.83862,1486.91401,0.5223,0.4777,1.92246,2.10387,0.66667,,,,
240.0,39.66667,87.33333,0.452,11.0,32.33333,0.34,13.66667,17.66667,0.75367,12.33333,30.33333,42.66667,23.66667,7.33333,5.33333,13.66667,21.0,104.0,240.0,35.33333,80.0,0.44067,7.66667,21.33333,0.353,23.33333,26.0,0.89967,10.33333,28.66667,39.0,22.0,8.0,6.33333,13.66667,20.66667,101.66667,0,-0.04016,0.04016,0.34069,0.45948,0.48857,0.51445,0.59094,0.56868,1497.85975,1538.50991,0.55379,0.44621,1.808,2.24558,0.66667,240.0,41.66667,90.66667,0.46133,13.66667,35.0,0.39067,12.66667,19.66667,0.64733,5.33333,32.66667,38.0,23.33333,7.33333,3.66667,13.0,20.33333,109.66667,240.0,44.66667,89.66667,0.49833,16.33333,44.66667,0.35633,21.0,25.66667,0.79033,10.0,41.66667,51.66667,26.66667,6.33333,7.66667,14.66667,18.66667,126.66667,0,0.202,-0.202,0.30718,0.12637,0.58796,0.53716,0.66323,0.57991,1586.54405,1480.50306,0.37271,0.62729,2.73506,1.60373,0.66667,,,,
240.0,38.66667,90.0,0.42767,12.0,38.0,0.29667,19.33333,26.66667,0.73833,10.0,36.0,46.0,22.33333,10.33333,3.33333,15.33333,26.0,108.66667,240.0,34.66667,78.33333,0.44067,8.33333,28.0,0.29767,27.0,33.33333,0.797,6.0,40.0,46.0,22.0,9.0,4.33333,17.66667,23.66667,104.66667,1,-0.04957,0.04957,0.16932,0.25876,0.49417,0.49242,0.61319,0.56542,1462.64566,1485.44009,0.5303,0.4697,1.89326,2.13935,0.33333,240.0,45.33333,95.33333,0.47367,10.0,29.66667,0.331,16.0,21.66667,0.722,15.66667,33.66667,49.33333,24.33333,7.0,5.0,16.66667,23.33333,116.66667,240.0,42.66667,89.33333,0.48167,12.66667,35.66667,0.36533,24.33333,30.0,0.82367,11.33333,32.66667,44.0,25.0,10.0,5.0,13.33333,22.0,122.33333,1,0.06687,-0.06687,0.33737,0.47908,0.55333,0.52668,0.64203,0.58253,1557.96988,1499.07625,0.42397,0.57603,2.37193,1.74179,0.66667,,,,
240.0,38.33333,82.66667,0.46567,7.33333,21.66667,0.33533,13.66667,20.33333,0.67033,10.66667,35.0,45.66667,19.0,8.33333,4.66667,17.66667,19.33333,97.66667,240.0,40.66667,87.0,0.46733,10.33333,30.66667,0.346,15.0,20.66667,0.742,9.0,31.66667,40.66667,24.0,11.66667,4.33333,14.66667,20.0,106.66667,0,0.12273,-0.12273,0.26311,0.33415,0.52623,0.50935,0.58171,0.56258,1458.5353,1440.71207,0.48907,0.51093,2.04681,1.95914,1.0,248.33333,42.0,89.66667,0.46933,12.33333,31.0,0.39733,17.66667,24.66667,0.738,7.66667,42.33333,50.0,24.33333,6.66667,8.0,14.0,26.0,114.0,248.33333,38.0,99.33333,0.382,10.0,38.66667,0.25867,16.33333,22.33333,0.744,16.33333,36.33333,52.66667,21.33333,5.66667,3.33333,13.33333,24.0,102.33333,0,-0.16251,0.16251,0.39754,0.21093,0.4317,0.53856,0.48993,0.60105,1484.64183,1524.69962,0.5372,0.4628,1.86525,2.16682,0.0,,,,
240.0,33.33333,80.33333,0.41567,13.0,43.66667,0.297,11.66667,15.33333,0.76267,9.0,32.0,41.0,20.0,10.33333,4.66667,16.66667,24.0,91.33333,240.0,32.33333,75.66667,0.426,7.66667,29.33333,0.26333,21.0,27.0,0.77933,8.0,34.66667,42.66667,16.66667,10.33333,3.66667,16.0,16.33333,93.33333,0,0.03571,-0.03571,0.26722,0.25566,0.47665,0.49706,0.57192,0.54682,1502.278,1457.86771,0.44548,0.55452,2.25781,1.81073,0.33333,248.33333,41.66667,86.33333,0.482,9.33333,29.0,0.31833,14.0,21.66667,0.665,8.33333,38.33333,46.66667,22.0,6.33333,5.0,15.33333,21.33333,106.66667,248.33333,41.66667,91.66667,0.45433,9.66667,26.0,0.38033,17.66667,20.0,0.87267,7.66667,34.66667,42.33333,27.0,9.33333,3.66667,12.33333,20.33333,110.66667,0,0.05821,-0.05821,0.20831,0.24233,0.50714,0.53513,0.57639,0.58474,1491.27584,1475.98685,0.48174,0.51826,2.08954,1.93955,0.66667,,,,
240.0,44.0,91.0,0.482,13.33333,34.66667,0.38433,18.33333,26.0,0.68767,9.0,35.0,44.0,28.33333,9.66667,3.0,16.66667,26.33333,119.66667,240.0,43.66667,89.0,0.491,13.66667,37.33333,0.36367,22.66667,30.33333,0.73667,9.66667,36.66667,46.33333,26.66667,7.66667,6.0,15.66667,23.66667,123.66667,0,0.05477,-0.05477,0.27609,0.25576,0.56644,0.55518,0.64432,0.61687,1511.67149,1497.20191,0.48175,0.51825,2.10196,1.95187,0.66667,240.0,35.33333,78.0,0.45267,7.66667,22.33333,0.33367,19.33333,23.66667,0.819,8.0,35.33333,43.33333,19.66667,5.33333,5.0,15.33333,21.66667,97.66667,240.0,34.0,85.66667,0.40367,15.33333,45.66667,0.333,19.0,27.0,0.69733,14.0,28.66667,42.66667,18.66667,7.0,6.0,10.33333,22.66667,102.33333,0,0.06105,-0.06105,0.38624,0.28416,0.49696,0.50147,0.56902,0.58613,1465.0135,1539.14892,0.6194,0.3806,1.62092,2.65754,0.66667,,,,
248.33333,43.66667,89.33333,0.49067,12.0,33.33333,0.35433,20.0,28.33333,0.70933,9.33333,36.66667,46.0,24.66667,7.33333,6.66667,17.0,24.33333,119.33333,248.33333,43.33333,98.0,0.44633,10.66667,31.66667,0.33533,17.66667,25.0,0.71133,15.0,32.66667,47.66667,25.66667,9.66667,4.0,16.66667,26.66667,115.0,0,-0.05565,0.05565,0.39605,0.29302,0.50135,0.5583,0.56051,0.62698,1469.19781,1501.72278,0.53936,0.46064,1.86126,2.18302,0.33333,240.0,36.0,81.0,0.445,14.66667,41.66667,0.34833,13.0,15.66667,0.80767,6.66667,35.66667,42.33333,23.33333,7.33333,7.33333,15.33333,20.66667,99.66667,240.0,35.33333,85.0,0.41767,9.0,30.33333,0.296,17.0,24.0,0.711,7.66667,34.0,41.66667,19.66667,9.0,3.66667,12.33333,17.33333,96.66667,0,-0.04506,0.04506,0.21499,0.19268,0.47069,0.53494,0.53808,0.59127,1521.34546,1493.42988,0.45648,0.54352,2.20483,1.84848,0.33333,,,,
240.0,45.0,96.33333,0.46933,10.66667,30.66667,0.35367,11.0,19.0,0.573,14.33333,38.0,52.33333,22.33333,9.33333,7.33333,17.33333,22.0,111.66667,240.0,39.33333,98.0,0.4,8.66667,29.66667,0.298,19.33333,24.0,0.798,16.33333,34.0,50.33333,19.0,9.33333,7.33333,15.66667,18.33333,106.66667,0,-0.07872,0.07872,0.44831,0.42418,0.44412,0.52445,0.51471,0.55789,1509.1335,1511.42614,0.49624,0.50376,2.02238,1.99159,0.33333,240.0,40.0,86.0,0.46667,12.0,31.0,0.39567,13.66667,18.0,0.75033,9.66667,32.33333,42.0,25.66667,7.66667,2.33333,17.0,18.0,105.66667,240.0,41.33333,84.33333,0.49067,11.33333,28.66667,0.39367,14.0,16.66667,0.828,7.0,32.33333,39.33333,25.66667,8.33333,6.0,15.0,19.33333,108.0,0,0.02681,-0.02681,0.22276,0.29613,0.5579,0.53654,0.61411,0.58855,1457.01652,1474.67301,0.52556,0.47444,1.90652,2.11259,0.66667,,,,
240.0,37.33333,78.0,0.47967,9.66667,25.33333,0.379,19.33333,28.0,0.70133,7.33333,25.66667,33.0,24.33333,10.0,4.66667,11.33333,23.0,103.66667,240.0,36.66667,74.0,0.49667,13.66667,30.66667,0.45633,19.33333,24.66667,0.78767,7.66667,33.0,40.66667,25.0,4.66667,4.0,17.0,25.66667,106.33333,1,0.03441,-0.03441,0.29304,0.23229,0.58995,0.54171,0.67244,0.61671,1515.60358,1520.16702,0.51065,0.48935,2.01004,2.11166,0.66667,240.0,38.0,99.66667,0.38267,11.0,41.33333,0.274,16.0,22.33333,0.72267,11.33333,34.0,45.33333,23.33333,8.0,5.66667,12.0,22.33333,103.0,240.0,44.0,89.66667,0.491,17.0,43.66667,0.38267,22.0,25.0,0.87033,8.0,48.66667,56.66667,27.33333,5.66667,6.0,16.66667,20.0,127.0,1,0.30005,-0.30005,0.23333,0.23191,0.58446,0.43812,0.6659,0.49318,1565.28697,1496.8362,0.43268,0.56732,2.32058,1.76712,1.0,,,,
240.0,45.33333,92.33333,0.49033,12.0,31.0,0.38433,18.0,26.66667,0.65567,8.66667,38.33333,47.0,28.0,9.33333,4.33333,14.66667,25.0,120.66667,240.0,41.33333,91.0,0.45433,13.66667,43.33333,0.30233,23.0,29.66667,0.77067,10.33333,38.66667,49.0,28.0,7.33333,7.0,16.66667,23.33333,119.33333,0,-0.01823,0.01823,0.27046,0.23105,0.52826,0.55458,0.60972,0.61238,1494.26699,1499.1636,0.50331,0.49669,2.01674,2.03988,0.33333,248.33333,36.0,83.0,0.43267,8.33333,31.66667,0.263,16.0,21.66667,0.727,11.33333,34.66667,46.0,21.66667,8.66667,5.0,18.0,22.33333,96.33333,248.33333,36.0,84.0,0.428,7.66667,25.0,0.305,16.66667,21.0,0.78533,10.33333,30.66667,41.0,18.0,7.66667,6.33333,14.66667,22.66667,96.33333,0,-0.00444,0.00444,0.29431,0.3711,0.47301,0.48295,0.54655,0.54842,1512.77187,1517.98865,0.50729,0.49271,1.97852,2.03783,0.66667,,,,
240.0,37.0,81.0,0.45633,12.0,32.33333,0.37367,15.0,19.66667,0.76133,5.33333,29.33333,34.66667,25.0,8.33333,5.33333,16.0,21.33333,101.0,240.0,39.66667,80.66667,0.49133,13.66667,31.0,0.44133,21.33333,25.66667,0.83833,8.66667,34.33333,43.0,26.33333,9.33333,5.0,15.66667,20.0,114.33333,1,0.17935,-0.17935,0.3009,0.15827,0.5762,0.5316,0.66242,0.59317,1485.65242,1451.25854,0.47422,0.52578,2.11268,1.90473,1.0,240.0,40.66667,90.0,0.45633,10.66667,26.0,0.406,15.0,22.66667,0.705,9.0,35.66667,44.66667,22.33333,8.66667,6.0,14.0,22.66667,107.0,240.0,36.66667,88.33333,0.41667,12.33333,32.66667,0.38833,17.66667,26.33333,0.67367,12.0,38.0,50.0,22.66667,8.0,8.66667,18.0,21.66667,103.33333,1,-0.04028,0.04028,0.33415,0.23285,0.48735,0.51475,0.55043,0.5658,1506.78716,1501.9147,0.48516,0.51484,2.06837,1.94819,0.33333,,,,
248.33333,46.33333,99.33333,0.466,13.66667,41.0,0.32867,14.66667,19.33333,0.783,13.33333,33.33333,46.66667,30.0,8.0,5.33333,13.33333,21.66667,121.0,248.33333,45.33333,92.33333,0.49167,13.66667,35.0,0.388,14.66667,19.0,0.73767,9.66667,38.0,47.66667,26.66667,6.0,5.0,15.66667,19.33333,119.0,1,-0.0176,0.0176,0.29312,0.35808,0.56549,0.53498,0.61674,0.58274,1554.73608,1578.76656,0.52661,0.47339,1.91491,2.13384,0.66667,240.0,37.66667,85.33333,0.44067,9.0,31.66667,0.28267,18.0,26.0,0.72233,9.66667,31.0,40.66667,21.66667,9.33333,8.33333,10.66667,22.0,102.33333,240.0,40.66667,86.66667,0.47,9.0,26.66667,0.327,19.0,27.0,0.69367,12.66667,37.0,49.66667,25.66667,5.33333,3.0,14.0,22.66667,109.33333,1,0.1017,-0.1017,0.40707,0.25881,0.52149,0.49306,0.59028,0.5609,1544.14566,1513.01437,0.46535,0.53465,2.15139,1.87193,0.66667,,,,
240.0,43.66667,86.66667,0.50033,8.33333,25.66667,0.322,16.66667,24.33333,0.67167,10.33333,38.66667,49.0,26.33333,4.33333,5.66667,16.33333,22.33333,112.33333,240.0,43.0,95.33333,0.45167,10.33333,31.66667,0.33567,17.33333,22.33333,0.78667,10.0,32.33333,42.33333,25.66667,10.66667,4.0,10.33333,21.33333,113.66667,0,0.02505,-0.02505,0.26006,0.32728,0.50571,0.54804,0.56707,0.60895,1521.72652,1503.89122,0.46826,0.53174,2.15839,1.8948,0.66667,240.0,45.33333,100.66667,0.45067,14.33333,37.66667,0.38567,14.33333,22.33333,0.64967,18.66667,27.33333,46.0,25.66667,9.0,5.0,15.0,25.0,119.33333,240.0,44.66667,88.0,0.51167,12.0,25.66667,0.466,22.66667,28.33333,0.791,12.0,36.0,48.0,23.66667,9.66667,8.66667,17.33333,19.66667,124.0,0,0.05608,-0.05608,0.42882,0.52616,0.57955,0.52185,0.66165,0.56543,1482.61703,1509.1245,0.54174,0.45826,1.84683,2.1837,1.0,,,,
240.0,39.0,85.0,0.46067,7.66667,26.33333,0.29067,24.33333,32.33333,0.746,10.33333,35.33333,45.66667,24.0,6.0,5.33333,16.0,23.66667,110.0,240.0,44.66667,92.0,0.48633,12.0,28.33333,0.41067,19.66667,25.33333,0.77833,8.33333,35.0,43.33333,27.0,9.0,3.66667,11.66667,24.66667,121.0,1,0.14022,-0.14022,0.24062,0.29453,0.55242,0.50542,0.62155,0.59696,1516.88426,1496.62986,0.48823,0.51177,2.05202,1.95736,1.0,240.0,40.0,93.0,0.42967,10.66667,30.66667,0.341,19.66667,25.33333,0.781,14.33333,31.66667,46.0,21.66667,8.33333,5.66667,17.0,22.33333,110.33333,240.0,44.33333,87.33333,0.509,12.0,29.66667,0.40467,23.66667,29.33333,0.819,11.0,35.33333,46.33333,25.33333,10.33333,5.0,14.0,22.66667,124.33333,1,0.17101,-0.17101,0.34668,0.41125,0.57829,0.48745,0.66466,0.55969,1551.37332,1484.8504,0.43278,0.56722,2.32135,1.76777,1.0,,,,
240.0,39.0,87.0,0.44767,8.0,26.0,0.303,23.0,30.66667,0.76767,12.0,31.66667,43.66667,17.0,9.33333,7.0,16.0,24.33333,109.0,240.0,43.33333,88.66667,0.49033,13.66667,35.33333,0.39133,20.66667,27.0,0.78067,13.33333,32.66667,46.0,27.33333,8.0,6.66667,16.0,23.66667,121.0,0,0.14675,-0.14675,0.42466,0.36732,0.56775,0.49517,0.64274,0.5833,1517.23576,1472.76997,0.45986,0.54014,2.23589,1.89867,0.66667,240.0,39.66667,90.0,0.442,9.66667,33.0,0.29367,20.66667,24.66667,0.842,7.66667,34.33333,42.0,22.0,8.66667,7.0,12.66667,23.0,109.66667,240.0,41.33333,91.66667,0.452,10.33333,29.66667,0.35733,19.33333,25.0,0.76433,12.66667,37.0,49.66667,27.33333,5.33333,7.33333,16.33333,22.66667,112.33333,0,0.04741,-0.04741,0.39065,0.20972,0.50869,0.49579,0.57963,0.57511,1506.07511,1462.97899,0.43756,0.56244,2.2967,1.78285,0.66667,,,,
240.0,39.66667,84.66667,0.46967,7.66667,28.66667,0.26433,21.33333,29.66667,0.72767,12.0,34.33333,46.33333,20.0,8.66667,5.33333,15.33333,27.33333,108.33333,240.0,37.66667,85.33333,0.44333,9.33333,31.0,0.29967,22.33333,30.66667,0.71767,13.66667,30.33333,44.0,23.0,7.66667,7.0,16.0,25.33333,107.0,0,-0.01186,0.01186,0.39625,0.39341,0.49785,0.51617,0.58258,0.59697,1456.83319,1492.98786,0.55294,0.44706,1.81231,2.24351,0.33333,240.0,38.66667,93.0,0.416,13.66667,33.33333,0.41667,17.0,23.33333,0.71667,14.33333,30.66667,45.0,24.0,7.66667,5.33333,17.33333,19.33333,108.0,240.0,45.66667,90.66667,0.504,11.0,28.66667,0.386,16.66667,20.0,0.819,10.66667,35.0,45.66667,26.0,10.66667,6.33333,14.33333,22.0,119.0,0,0.13783,-0.13783,0.3486,0.416,0.56442,0.48919,0.62538,0.55042,1537.81496,1494.7279,0.45775,0.54225,2.18852,1.84642,1.0,,,,
240.0,40.66667,89.0,0.45967,10.33333,31.0,0.331,16.66667,23.33333,0.70367,13.33333,31.66667,45.0,20.33333,11.66667,5.33333,13.66667,20.66667,108.33333,240.0,40.0,84.0,0.48033,10.66667,30.0,0.35767,12.0,16.0,0.757,7.33333,32.33333,39.66667,25.0,6.0,4.33333,17.66667,23.33333,102.66667,1,-0.0686,0.0686,0.22201,0.41195,0.54488,0.51782,0.59081,0.57845,1459.25502,1511.30225,0.56646,0.43354,1.76853,2.31376,0.33333,248.33333,38.33333,90.66667,0.42333,10.0,32.0,0.31067,18.66667,24.66667,0.75,14.33333,36.0,50.33333,19.66667,7.33333,5.0,14.66667,17.33333,105.33333,248.33333,38.66667,86.0,0.449,11.66667,30.33333,0.386,13.33333,15.66667,0.85567,6.0,37.0,43.0,22.66667,7.66667,4.33333,17.0,22.0,102.33333,1,-0.05322,0.05322,0.16667,0.38877,0.51668,0.47755,0.5724,0.54768,1421.04519,1502.17151,0.61794,0.38206,1.62128,2.62917,0.33333,,,,
240.0,44.33333,92.66667,0.479,14.66667,34.66667,0.42667,10.33333,13.33333,0.786,9.66667,33.33333,43.0,29.33333,7.33333,6.33333,10.33333,23.66667,113.66667,240.0,36.33333,85.0,0.43,10.0,32.0,0.30533,22.66667,29.33333,0.78,10.0,36.0,46.0,20.66667,5.0,9.0,13.33333,19.66667,105.33333,0,-0.11886,0.11886,0.29708,0.27084,0.48976,0.55819,0.57894,0.59493,1469.39294,1463.43882,0.47596,0.52404,2.1184,1.92204,0.33333,240.0,39.66667,82.33333,0.48933,13.0,37.66667,0.355,15.33333,22.0,0.68267,8.66667,30.0,38.66667,23.33333,8.0,6.0,15.0,19.66667,107.66667,240.0,44.0,86.33333,0.50833,14.0,31.33333,0.44433,15.0,20.33333,0.73667,9.33333,32.66667,42.0,29.33333,10.33333,4.33333,13.66667,20.0,117.0,0,0.11485,-0.11485,0.31329,0.25192,0.58905,0.57007,0.64208,0.62723,1539.48358,1490.38719,0.42982,0.57018,2.41853,1.8035,0.33333,,,,
240.0,37.33333,84.33333,0.44333,8.33333,29.66667,0.281,20.33333,22.0,0.91833,10.0,29.33333,39.33333,20.66667,8.33333,5.0,18.0,26.66667,103.33333,240.0,42.66667,87.66667,0.487,10.33333,25.33333,0.40433,22.33333,28.0,0.82133,12.33333,34.0,46.33333,24.33333,11.66667,5.33333,15.33333,19.0,118.0,0,0.19297,-0.19297,0.43391,0.29687,0.54581,0.49273,0.62906,0.57955,1502.62036,1420.38659,0.40844,0.59156,2.48874,1.70463,1.0,248.33333,39.0,93.66667,0.41833,8.33333,30.66667,0.24967,26.33333,39.33333,0.667,10.33333,33.66667,44.0,18.66667,9.33333,4.0,11.33333,30.0,112.66667,248.33333,38.0,81.33333,0.46367,10.66667,29.66667,0.37067,31.66667,41.33333,0.748,8.66667,39.66667,48.33333,26.33333,7.0,7.66667,16.66667,30.33333,118.33333,0,0.07614,-0.07614,0.26578,0.26453,0.52921,0.45999,0.65555,0.54999,1499.72784,1506.52634,0.52006,0.47994,1.9308,2.09442,1.0,,,,
240.0,38.66667,87.0,0.44533,10.0,27.33333,0.36667,18.33333,22.0,0.82767,9.66667,39.0,48.66667,19.0,6.0,5.0,16.33333,18.0,105.66667,240.0,40.33333,93.66667,0.432,12.33333,34.33333,0.377,14.66667,20.0,0.72567,13.33333,33.33333,46.66667,23.66667,9.66667,6.33333,12.0,19.66667,107.66667,1,0.01275,-0.01275,0.33445,0.2874,0.49799,0.50235,0.5506,0.5758,1484.8378,1550.4441,0.60284,0.39716,1.66276,2.53294,0.66667,240.0,38.66667,85.33333,0.45333,9.33333,28.0,0.321,19.66667,26.66667,0.731,10.0,31.0,41.0,23.0,8.33333,5.0,15.33333,25.33333,106.33333,240.0,40.33333,86.0,0.46967,9.66667,30.33333,0.29533,23.0,31.0,0.73767,10.33333,33.66667,44.0,24.0,10.0,4.66667,13.66667,21.66667,113.33333,1,0.09403,-0.09403,0.3286,0.29599,0.52668,0.50672,0.61248,0.58248,1458.02072,1466.13883,0.52311,0.47689,1.91227,2.09772,0.66667,,,,
240.0,34.66667,88.0,0.39633,10.0,28.66667,0.34433,15.0,18.0,0.84467,11.33333,33.66667,45.0,20.0,6.66667,4.33333,15.0,14.33333,94.33333,240.0,42.0,87.66667,0.48233,12.0,29.0,0.41833,9.0,12.66667,0.72667,8.66667,39.0,47.66667,25.0,9.66667,6.0,13.66667,20.0,105.0,0,0.15151,-0.15151,0.25031,0.29722,0.55121,0.45235,0.58428,0.5146,1472.13522,1488.08682,0.54338,0.45662,1.86537,2.24101,1.0,256.66667,43.66667,94.66667,0.46233,11.0,32.66667,0.32433,18.66667,25.33333,0.73067,11.33333,34.0,45.33333,26.0,9.0,8.0,15.0,24.66667,117.0,256.66667,44.0,92.66667,0.47567,11.0,28.33333,0.37133,24.0,27.66667,0.86867,9.66667,39.0,48.66667,26.33333,7.33333,5.0,14.66667,23.0,123.0,0,0.0741,-0.0741,0.29168,0.2878,0.53451,0.51857,0.62349,0.5843,1528.59122,1545.03271,0.52937,0.47063,1.93685,2.17932,1.0,,,,
240.0,41.66667,92.33333,0.452,12.33333,34.66667,0.35567,12.66667,19.33333,0.66667,10.0,31.66667,41.66667,23.33333,8.33333,3.0,16.66667,23.66667,108.33333,240.0,45.0,87.0,0.51933,17.66667,42.66667,0.41967,21.66667,27.0,0.789,8.33333,37.33333,45.66667,27.0,8.66667,7.33333,15.66667,21.0,129.33333,1,0.24857,-0.24857,0.26042,0.27855,0.62065,0.5194,0.69644,0.5636,1530.30538,1485.71624,0.46589,0.53411,2.15875,1.88013,1.0,240.0,39.0,82.33333,0.47,12.66667,33.33333,0.374,23.0,25.33333,0.91267,8.0,32.0,40.0,22.0,7.66667,3.33333,15.33333,25.0,113.66667,240.0,41.33333,84.0,0.49433,11.33333,34.0,0.33033,23.0,32.33333,0.717,9.33333,30.66667,40.0,29.66667,8.66667,6.0,13.0,24.0,117.0,1,0.04506,-0.04506,0.29913,0.27653,0.56247,0.54573,0.64578,0.64627,1510.79368,1519.74166,0.51673,0.48327,1.94424,2.0802,0.66667,,,,
240.0,35.66667,86.0,0.41633,10.0,32.33333,0.29967,18.33333,22.66667,0.807,8.0,30.0,38.0,23.0,8.0,5.33333,14.66667,20.66667,99.66667,240.0,43.66667,86.33333,0.502,14.66667,30.33333,0.48567,18.66667,23.66667,0.76267,10.0,38.33333,48.33333,29.33333,9.0,6.0,15.33333,22.33333,120.66667,0,0.26987,-0.26987,0.33649,0.20228,0.58759,0.47769,0.66031,0.55233,1512.7851,1461.26395,0.45922,0.54078,2.18058,1.85112,1.0,240.0,39.66667,85.33333,0.467,11.33333,28.66667,0.41067,17.0,21.66667,0.775,10.33333,37.0,47.33333,21.0,8.66667,2.0,16.66667,18.33333,107.66667,240.0,39.66667,88.0,0.45067,8.0,26.0,0.29733,10.33333,14.33333,0.74133,8.0,32.0,40.0,23.33333,9.33333,5.66667,15.0,19.66667,97.66667,0,-0.13667,0.13667,0.21876,0.32051,0.49655,0.53318,0.53619,0.59798,1451.43176,1484.15155,0.53152,0.46848,1.89122,2.14826,0.33333,,,,
240.0,37.33333,88.66667,0.42433,12.33333,35.66667,0.33867,21.33333,31.0,0.691,14.33333,27.33333,41.66667,23.0,8.0,4.33333,11.66667,25.0,108.33333,240.0,42.66667,83.33333,0.513,7.33333,19.0,0.38367,22.66667,28.66667,0.79467,10.0,37.33333,47.33333,24.33333,6.66667,6.0,15.0,23.0,115.33333,1,0.09161,-0.09161,0.36607,0.38318,0.55746,0.4918,0.64506,0.56979,1531.08325,1496.42157,0.46582,0.53418,2.18617,1.90154,0.66667,240.0,39.0,86.33333,0.45233,8.0,26.0,0.29167,13.66667,19.33333,0.718,10.66667,31.66667,42.33333,23.0,7.33333,5.66667,17.66667,26.66667,99.66667,240.0,40.0,84.66667,0.47267,10.66667,33.0,0.31667,24.0,32.66667,0.72933,11.33333,32.66667,44.0,25.0,12.33333,7.0,13.66667,20.0,114.66667,1,0.20406,-0.20406,0.34984,0.32843,0.5358,0.49806,0.62557,0.55166,1458.65996,1466.35545,0.53738,0.46262,1.86427,2.167,1.0,,,,
240.0,42.0,87.33333,0.48367,11.33333,34.0,0.32667,12.0,16.0,0.757,7.66667,32.33333,40.0,24.0,10.0,7.0,20.33333,23.33333,107.33333,240.0,43.0,91.33333,0.471,13.33333,31.33333,0.43567,19.33333,28.33333,0.64933,12.66667,33.66667,46.33333,26.0,11.33333,4.66667,18.66667,19.66667,118.66667,0,0.13862,-0.13862,0.38687,0.23134,0.544,0.54857,0.60748,0.59323,1505.67876,1442.66973,0.43164,0.56836,2.377,1.79152,1.0,240.0,42.0,87.0,0.48033,8.33333,28.66667,0.294,19.33333,25.66667,0.75467,9.66667,29.33333,39.0,28.0,8.66667,5.66667,12.0,21.33333,111.66667,240.0,43.0,83.66667,0.51433,10.0,22.66667,0.44567,18.66667,22.0,0.84667,7.33333,32.66667,40.0,29.0,6.0,5.66667,13.66667,23.66667,114.66667,0,0.05153,-0.05153,0.25234,0.31287,0.57435,0.52815,0.64867,0.60085,1585.09828,1529.84796,0.42947,0.57053,2.33763,1.75684,0.66667,,,,
248.33333,43.0,91.0,0.47333,10.33333,32.66667,0.31367,14.0,16.66667,0.83367,8.33333,38.33333,46.66667,24.66667,11.0,6.33333,17.33333,22.0,110.33333,248.33333,37.0,86.33333,0.42733,8.33333,27.66667,0.303,16.66667,21.33333,0.77867,9.0,34.0,43.0,23.33333,9.0,4.33333,18.0,17.66667,99.0,1,-0.16751,0.16751,0.24357,0.2505,0.47546,0.53073,0.54209,0.58299,1480.13906,1559.2404,0.60498,0.39502,1.66544,2.57453,0.33333,240.0,40.0,89.0,0.44867,13.66667,36.66667,0.36533,27.33333,37.66667,0.707,12.0,36.0,48.0,23.0,9.0,7.0,13.66667,27.66667,121.0,240.0,39.33333,90.66667,0.43467,10.0,34.66667,0.285,23.0,29.33333,0.80133,13.33333,36.33333,49.66667,24.0,5.66667,5.66667,15.66667,29.66667,111.66667,1,-0.11526,0.11526,0.36751,0.34084,0.48897,0.52473,0.57675,0.62281,1428.27021,1504.28163,0.5987,0.4013,1.67785,2.52048,0.0,,,,
240.0,42.33333,91.0,0.46433,8.66667,28.0,0.30867,21.33333,27.33333,0.77333,12.66667,28.0,40.66667,15.0,8.33333,5.33333,15.0,24.66667,114.66667,240.0,49.0,92.66667,0.531,13.0,33.0,0.395,18.33333,23.33333,0.79933,10.33333,35.0,45.33333,31.33333,7.0,6.0,15.33333,24.0,129.33333,1,0.17786,-0.17786,0.36841,0.38364,0.60174,0.51154,0.66459,0.59049,1513.83977,1447.61728,0.42395,0.57605,2.36906,1.7404,1.0,248.33333,36.66667,86.33333,0.425,8.66667,30.0,0.28967,16.66667,21.66667,0.81933,8.33333,37.0,45.33333,19.66667,10.33333,3.66667,16.33333,20.66667,98.66667,248.33333,41.33333,90.0,0.46,9.66667,31.0,0.313,14.33333,19.33333,0.74667,11.33333,38.0,49.33333,22.66667,10.66667,5.0,15.0,19.0,106.66667,1,0.11098,-0.11098,0.30572,0.22199,0.51358,0.47599,0.56644,0.54055,1529.88006,1501.26578,0.46672,0.53328,2.16875,1.89439,0.66667,,,,
240.0,37.0,88.0,0.42,10.66667,35.66667,0.301,19.33333,27.66667,0.708,12.0,30.0,42.0,21.66667,7.33333,7.0,9.33333,22.0,104.0,240.0,37.66667,86.66667,0.43167,7.66667,22.33333,0.33767,19.33333,24.0,0.82467,13.33333,38.66667,52.0,19.0,4.0,3.66667,15.0,23.0,102.33333,0,-0.03612,0.03612,0.49756,0.31,0.47593,0.48069,0.55381,0.55228,1487.92758,1497.37912,0.51649,0.48351,1.96033,2.09627,0.33333,240.0,42.66667,95.0,0.44967,10.33333,35.66667,0.293,15.66667,20.66667,0.75133,8.33333,30.0,38.33333,29.66667,9.0,6.33333,9.0,19.33333,111.33333,240.0,42.0,85.33333,0.49267,12.0,28.66667,0.427,18.66667,22.33333,0.83433,9.33333,39.0,48.33333,30.33333,4.0,6.33333,15.66667,21.0,114.66667,0,0.05637,-0.05637,0.3124,0.23395,0.56305,0.50402,0.63627,0.55949,1582.21419,1525.92447,0.42791,0.57209,2.34749,1.75252,0.66667,,,,
240.0,40.0,90.0,0.44567,10.66667,28.66667,0.33933,19.0,23.33333,0.83167,11.33333,32.0,43.33333,20.66667,8.33333,4.66667,14.33333,21.0,109.66667,240.0,43.33333,91.33333,0.47533,13.66667,32.33333,0.42267,18.0,21.66667,0.82933,12.33333,34.0,46.33333,29.0,6.0,4.66667,13.33333,23.33333,118.33333,1,0.10925,-0.10925,0.39048,0.32879,0.54997,0.50419,0.6163,0.57734,1512.28995,1460.93116,0.43907,0.56093,2.28073,1.78428,1.0,240.0,41.66667,81.66667,0.50767,7.66667,24.0,0.318,23.66667,31.0,0.76767,8.0,35.66667,43.66667,20.66667,5.33333,2.66667,17.33333,24.33333,114.66667,240.0,43.66667,98.0,0.44567,10.0,28.0,0.357,18.66667,25.33333,0.73167,15.33333,28.33333,43.66667,23.0,8.33333,3.33333,11.66667,26.33333,116.0,1,0.02384,-0.02384,0.43763,0.29085,0.49767,0.55303,0.56213,0.64888,1487.29691,1505.80069,0.53193,0.46807,1.8831,2.14087,0.33333,,,,
248.33333,38.0,92.66667,0.41067,15.0,40.66667,0.36867,17.33333,21.0,0.82767,11.0,31.0,42.0,23.66667,9.33333,4.66667,12.0,18.0,108.33333,248.33333,41.0,85.33333,0.484,12.66667,35.0,0.36167,16.0,19.66667,0.814,9.0,38.33333,47.33333,25.33333,6.0,4.0,17.33333,19.33333,110.66667,0,0.03217,-0.03217,0.31142,0.28583,0.55925,0.49212,0.62112,0.55723,1502.97828,1520.9676,0.52876,0.47124,1.94001,2.19654,0.66667,248.33333,38.33333,86.33333,0.44433,9.0,30.33333,0.29967,20.33333,23.66667,0.85967,6.33333,32.33333,38.66667,22.33333,10.66667,5.66667,18.0,20.66667,106.0,248.33333,46.33333,94.0,0.49467,11.0,30.66667,0.35833,15.66667,19.33333,0.80167,9.66667,37.66667,47.33333,26.33333,7.33333,4.66667,17.66667,20.66667,119.33333,0,0.17818,-0.17818,0.33098,0.16798,0.55363,0.49666,0.609,0.57755,1533.08615,1460.20222,0.41345,0.58655,2.43791,1.71204,0.66667,,,,
256.66667,38.0,91.66667,0.414,8.0,28.0,0.287,14.66667,18.66667,0.83267,8.33333,38.66667,47.0,16.33333,8.66667,6.33333,17.33333,18.0,98.66667,256.66667,41.66667,96.66667,0.43367,11.0,30.0,0.359,16.66667,20.0,0.82,13.33333,42.66667,56.0,26.33333,8.0,7.0,15.0,19.0,111.0,0,0.18371,-0.18371,0.34987,0.19672,0.49171,0.45732,0.55176,0.513,1505.07908,1453.18936,0.44063,0.55937,2.27431,1.78995,0.66667,240.0,41.0,93.66667,0.44233,12.33333,39.0,0.326,17.0,24.66667,0.67867,9.0,34.0,43.0,24.33333,7.66667,5.0,12.33333,21.66667,111.33333,240.0,44.0,89.33333,0.493,16.66667,45.33333,0.35733,22.33333,26.33333,0.83767,9.0,43.33333,52.33333,26.66667,5.33333,6.33333,15.0,21.0,127.0,0,0.18332,-0.18332,0.26667,0.19811,0.58471,0.50949,0.6662,0.56738,1575.57063,1512.05827,0.42829,0.57171,2.34812,1.75494,0.66667,,,,
240.0,42.0,94.66667,0.44467,11.0,31.66667,0.352,15.33333,21.0,0.703,13.0,37.0,50.0,20.33333,7.66667,4.66667,12.33333,19.66667,110.33333,240.0,39.0,90.66667,0.42933,10.0,29.66667,0.33,16.33333,20.66667,0.78767,12.0,34.33333,46.33333,19.66667,5.0,6.0,14.66667,21.33333,104.33333,1,-0.10007,0.10007,0.3254,0.37167,0.48474,0.50269,0.54694,0.55708,1482.59736,1513.70345,0.53183,0.46817,1.88531,2.14389,0.33333,240.0,36.33333,88.0,0.41533,8.33333,31.33333,0.27967,17.0,22.0,0.77933,11.0,30.66667,41.66667,18.0,11.0,6.66667,11.0,17.33333,98.0,240.0,37.33333,85.66667,0.43667,9.0,24.33333,0.37,13.0,14.66667,0.87533,13.0,35.66667,48.66667,19.33333,6.33333,3.66667,17.0,22.66667,96.66667,1,-0.02424,0.02424,0.43922,0.35891,0.489,0.46299,0.5449,0.5306,1449.85231,1524.31777,0.60886,0.39114,1.64624,2.57208,0.33333,,,,
240.0,36.33333,79.33333,0.455,10.33333,28.66667,0.36133,23.0,29.33333,0.764,9.66667,36.33333,46.0,18.66667,6.33333,5.33333,22.0,24.33333,106.0,240.0,40.33333,87.33333,0.46267,10.33333,29.0,0.39367,18.66667,24.0,0.78367,8.0,31.66667,39.66667,23.33333,11.66667,6.33333,16.0,28.33333,109.66667,0,0.04629,-0.04629,0.22445,0.31874,0.52194,0.51976,0.59274,0.61773,1493.14031,1481.88277,0.49062,0.50938,2.05079,1.97547,0.66667,248.33333,37.66667,82.33333,0.457,9.66667,32.0,0.301,17.0,23.33333,0.714,10.0,36.33333,46.33333,23.0,8.66667,4.66667,19.66667,23.0,102.0,248.33333,40.33333,89.0,0.45367,8.66667,26.33333,0.32467,14.66667,20.66667,0.71367,10.66667,31.66667,42.33333,19.66667,9.0,5.66667,13.33333,23.0,104.0,0,0.02027,-0.02027,0.28998,0.31311,0.50131,0.51578,0.55685,0.58342,1513.81126,1499.08443,0.48182,0.51818,2.07706,1.93114,0.66667,,,,
248.33333,43.0,88.66667,0.48033,13.33333,31.33333,0.38067,17.66667,23.66667,0.74833,10.33333,36.0,46.33333,26.33333,6.0,6.66667,13.33333,26.0,117.0,248.33333,41.33333,90.66667,0.45467,10.66667,34.0,0.30133,24.0,31.33333,0.76933,10.66667,34.0,44.66667,22.66667,8.33333,4.0,9.66667,21.0,117.33333,0,0.03704,-0.03704,0.30054,0.31675,0.51404,0.55212,0.60077,0.61661,1491.37508,1572.69245,0.62172,0.37828,1.61389,2.67025,0.66667,240.0,33.33333,88.33333,0.37533,8.66667,34.66667,0.25,12.66667,19.0,0.66433,13.0,26.33333,39.33333,20.0,9.33333,3.66667,15.66667,21.33333,88.0,240.0,42.33333,78.66667,0.53933,13.66667,30.33333,0.451,17.66667,22.66667,0.759,7.0,39.33333,46.33333,26.66667,8.33333,5.66667,17.33333,21.33333,116.0,0,0.41853,-0.41853,0.26617,0.35717,0.62625,0.42411,0.69368,0.47388,1492.58683,1488.26653,0.53136,0.46864,1.89035,2.14523,1.0,,,,
240.0,39.33333,90.33333,0.43333,11.66667,37.33333,0.30933,9.66667,13.66667,0.69033,12.0,30.33333,42.33333,26.33333,6.66667,4.33333,15.33333,21.66667,100.0,240.0,37.33333,81.66667,0.45567,9.66667,27.33333,0.36233,21.66667,27.0,0.781,10.33333,34.0,44.33333,23.0,7.0,6.0,14.33333,18.66667,106.0,1,0.0796,-0.0796,0.34069,0.36139,0.51433,0.49718,0.60367,0.53428,1546.51117,1537.78796,0.49812,0.50188,2.04011,2.01949,1.0,240.0,37.33333,88.0,0.42433,9.66667,28.33333,0.342,14.33333,21.0,0.677,10.33333,35.33333,45.66667,22.33333,8.0,5.33333,16.0,18.33333,98.66667,240.0,38.0,87.33333,0.433,12.66667,29.66667,0.427,13.33333,17.0,0.77733,10.0,36.33333,46.33333,25.66667,11.0,4.33333,15.66667,19.33333,102.0,1,0.0397,-0.0397,0.28394,0.28591,0.50554,0.47977,0.55848,0.53377,1474.98606,1530.28034,0.59374,0.40626,1.69224,2.48702,0.66667,,,,
240.0,42.33333,92.66667,0.45633,13.66667,39.0,0.342,12.66667,17.33333,0.71567,10.0,34.33333,44.33333,25.0,10.33333,4.0,15.33333,23.33333,111.0,240.0,40.33333,86.0,0.46833,6.66667,25.0,0.261,15.66667,22.0,0.70533,9.0,38.33333,47.33333,22.66667,8.33333,4.33333,18.66667,19.66667,103.0,0,-0.10501,0.10501,0.26729,0.26627,0.50745,0.52933,0.56777,0.57433,1479.62293,1486.53371,0.50093,0.49907,2.04506,2.0444,0.0,240.0,38.0,85.33333,0.44467,8.66667,27.33333,0.305,15.66667,20.0,0.779,10.0,29.33333,39.33333,21.66667,7.33333,4.66667,14.33333,22.33333,100.33333,240.0,39.0,80.66667,0.48533,18.66667,47.0,0.39733,21.33333,27.33333,0.78667,9.33333,30.66667,40.0,21.66667,7.66667,6.33333,14.0,21.0,118.0,0,0.23708,-0.23708,0.31165,0.32751,0.60241,0.49477,0.68383,0.56074,1480.06631,1518.68413,0.59519,0.40481,1.70382,2.5416,1.0,,,,
240.0,33.33333,81.0,0.42,11.0,40.0,0.27767,15.0,21.66667,0.694,11.0,29.0,40.0,16.66667,8.66667,4.66667,12.66667,23.33333,92.66667,240.0,35.66667,77.0,0.46333,10.0,27.33333,0.39433,16.33333,22.33333,0.733,9.33333,33.66667,43.0,20.66667,8.0,3.66667,15.0,18.66667,97.66667,0,0.08773,-0.08773,0.32867,0.31748,0.52863,0.48977,0.59695,0.54905,1517.68459,1453.39468,0.41492,0.58508,2.42052,1.71263,0.66667,248.33333,40.66667,87.33333,0.466,10.33333,26.66667,0.387,20.0,27.66667,0.74667,8.66667,35.33333,44.0,21.33333,8.0,6.33333,12.66667,24.66667,111.66667,248.33333,40.66667,99.33333,0.412,12.0,39.0,0.30967,17.0,22.0,0.793,18.66667,35.0,53.66667,24.66667,6.0,3.66667,13.0,25.0,110.33333,0,-0.01578,0.01578,0.5274,0.24499,0.4729,0.52482,0.53323,0.59909,1485.50505,1494.95309,0.51366,0.48634,1.96998,2.08092,0.33333,,,,
240.0,31.66667,82.66667,0.386,11.66667,43.33333,0.267,14.0,18.33333,0.776,10.66667,31.66667,42.33333,16.66667,9.33333,4.66667,13.33333,24.66667,89.0,240.0,34.0,76.66667,0.44333,9.0,28.33333,0.343,19.0,27.0,0.70533,9.33333,36.33333,45.66667,17.33333,7.0,4.0,14.66667,17.0,96.0,1,0.11396,-0.11396,0.30755,0.28623,0.50228,0.45817,0.58145,0.51766,1514.28935,1452.55626,0.427,0.573,2.34321,1.74575,0.66667,240.0,42.66667,86.33333,0.49533,12.66667,32.66667,0.38467,15.33333,22.33333,0.705,8.0,33.0,41.0,23.33333,8.66667,8.33333,10.66667,20.66667,113.33333,240.0,40.66667,88.66667,0.459,12.0,30.0,0.378,19.66667,27.33333,0.71633,13.33333,33.33333,46.66667,24.0,5.33333,4.66667,11.66667,19.33333,113.0,1,-0.00265,0.00265,0.41077,0.23295,0.52603,0.56912,0.59679,0.62308,1544.2194,1538.26455,0.49165,0.50835,2.0521,1.98507,0.33333,,,,
240.0,37.66667,92.0,0.40967,11.33333,37.0,0.31333,14.0,18.33333,0.77333,11.66667,31.33333,43.0,23.33333,9.0,3.66667,16.66667,21.0,100.66667,240.0,43.66667,92.33333,0.47233,13.0,32.0,0.41033,18.0,23.33333,0.779,13.66667,37.0,50.66667,30.0,10.66667,7.0,16.66667,22.33333,118.33333,0,0.22592,-0.22592,0.43304,0.31388,0.54249,0.4712,0.60621,0.52478,1548.38052,1427.07185,0.34431,0.65569,2.94768,1.53084,1.0,240.0,35.0,82.66667,0.42633,13.0,38.33333,0.34033,13.33333,16.0,0.81867,7.66667,36.66667,44.33333,22.66667,8.66667,6.33333,16.0,19.33333,96.33333,240.0,35.33333,83.33333,0.426,10.0,28.66667,0.35433,15.0,20.66667,0.74667,6.33333,36.0,42.33333,19.33333,9.0,5.0,14.33333,16.66667,95.66667,0,-0.00928,0.00928,0.17389,0.20336,0.48679,0.50555,0.54801,0.5635,1519.27343,1483.53602,0.44845,0.55155,2.23808,1.81738,0.33333,,,,
240.0,43.0,91.66667,0.47167,10.0,29.66667,0.34333,14.66667,22.33333,0.63067,11.33333,38.66667,50.0,21.66667,8.33333,6.66667,16.0,20.66667,110.66667,240.0,42.0,96.33333,0.43633,7.66667,30.66667,0.25167,17.0,21.66667,0.78433,13.33333,33.66667,47.0,19.66667,7.33333,6.0,15.33333,21.33333,108.66667,1,-0.04382,0.04382,0.34437,0.33028,0.47638,0.52595,0.53808,0.57568,1502.83976,1510.15028,0.51153,0.48847,1.97139,2.06657,0.33333,240.0,40.66667,81.66667,0.49867,10.0,26.0,0.377,25.33333,35.33333,0.706,10.66667,32.33333,43.0,19.33333,7.66667,3.33333,14.0,25.0,116.66667,240.0,37.33333,81.66667,0.458,13.0,30.33333,0.434,21.0,28.66667,0.72667,10.33333,28.33333,38.66667,23.66667,5.33333,5.66667,19.0,29.33333,108.66667,1,-0.10229,0.10229,0.32008,0.39535,0.53793,0.55966,0.61892,0.65201,1497.89771,1488.64919,0.47241,0.52759,2.13591,1.90807,0.0,,,,
240.0,38.66667,80.66667,0.47933,10.0,28.66667,0.342,18.33333,24.66667,0.74533,5.66667,25.66667,31.33333,24.66667,9.66667,5.0,11.66667,20.0,105.66667,240.0,38.33333,75.33333,0.50933,12.0,30.33333,0.41233,22.0,25.33333,0.87267,7.33333,35.0,42.33333,25.33333,5.33333,5.0,17.66667,24.66667,110.66667,1,0.06764,-0.06764,0.28193,0.16693,0.59105,0.54072,0.68704,0.61343,1538.46991,1515.88702,0.47954,0.52046,2.17297,2.01196,0.66667,240.0,39.0,94.33333,0.414,11.66667,35.66667,0.319,13.33333,20.0,0.66433,13.33333,32.0,45.33333,23.0,7.66667,3.0,16.33333,21.33333,103.0,240.0,41.66667,87.33333,0.47867,12.0,27.66667,0.434,17.66667,22.0,0.786,9.66667,37.66667,47.33333,27.66667,11.0,5.33333,16.66667,18.33333,113.0,1,0.13557,-0.13557,0.31337,0.34772,0.5472,0.47482,0.61523,0.52124,1469.43387,1519.66549,0.5967,0.4033,1.68243,2.50156,1.0,,,,
248.33333,41.66667,92.0,0.45533,11.33333,32.0,0.35067,15.66667,23.0,0.68633,9.33333,40.0,49.33333,22.66667,8.66667,6.33333,16.66667,23.0,110.33333,248.33333,40.0,95.66667,0.42,11.0,30.0,0.373,16.0,22.33333,0.73933,13.66667,37.33333,51.0,22.0,9.33333,3.66667,17.66667,24.33333,107.0,1,-0.03509,0.03509,0.3359,0.24436,0.47944,0.51668,0.53595,0.56951,1493.29736,1499.17183,0.5045,0.4955,1.98568,2.02194,0.33333,240.0,44.33333,88.66667,0.499,11.33333,34.0,0.33233,13.66667,17.33333,0.85933,7.0,39.33333,46.33333,25.66667,11.33333,7.33333,18.33333,22.0,113.66667,240.0,37.0,85.33333,0.43667,9.0,28.33333,0.326,18.66667,22.33333,0.83267,6.33333,33.0,39.33333,21.66667,10.66667,2.66667,18.66667,21.33333,101.66667,1,-0.17709,0.17709,0.15866,0.21897,0.48978,0.56348,0.56624,0.61536,1436.3062,1486.60444,0.56383,0.43617,1.80399,2.36753,0.33333,,,,
248.33333,37.0,76.33333,0.48367,7.33333,27.66667,0.257,19.66667,26.33333,0.733,7.33333,38.33333,45.66667,22.33333,7.66667,5.0,22.0,19.66667,101.0,248.33333,44.0,100.66667,0.43567,9.33333,29.66667,0.31533,12.0,16.66667,0.72033,12.66667,28.66667,41.33333,20.66667,9.66667,4.0,9.66667,22.33333,109.33333,1,0.107,-0.107,0.33031,0.26983,0.48184,0.53046,0.52251,0.61678,1508.9935,1490.56717,0.48857,0.51143,2.05869,1.96659,0.66667,240.0,38.0,85.33333,0.452,9.33333,24.66667,0.37333,19.33333,27.0,0.75067,11.33333,34.0,45.33333,17.66667,8.66667,5.0,15.0,23.33333,104.66667,240.0,37.0,87.0,0.42667,12.0,30.66667,0.39867,16.33333,23.66667,0.69467,12.33333,33.0,45.33333,24.33333,6.33333,7.33333,18.33333,25.0,102.33333,1,-0.02504,0.02504,0.36287,0.37814,0.49657,0.50589,0.55673,0.57742,1502.96044,1487.00034,0.47343,0.52657,2.13163,1.91196,0.33333,,,,
248.33333,49.0,96.66667,0.51133,14.0,38.33333,0.36833,15.0,21.0,0.69633,11.0,35.33333,46.33333,30.33333,10.66667,7.33333,13.66667,22.0,127.0,248.33333,43.0,91.66667,0.46967,14.0,33.33333,0.41433,17.66667,23.0,0.76267,9.33333,34.33333,43.66667,28.0,6.33333,5.66667,15.0,19.0,117.66667,0,-0.11164,0.11164,0.26349,0.31555,0.54579,0.58528,0.60815,0.63182,1548.06581,1585.14367,0.53469,0.46531,1.88754,2.17266,0.33333,248.33333,41.66667,88.66667,0.471,10.33333,33.33333,0.30933,20.66667,24.33333,0.84367,9.0,34.66667,43.66667,26.66667,7.66667,6.33333,15.0,21.66667,114.33333,248.33333,43.33333,89.33333,0.49,14.33333,33.66667,0.43667,20.0,23.66667,0.839,7.66667,35.33333,43.0,23.66667,7.33333,3.0,14.0,20.0,121.0,0,0.08253,-0.08253,0.22306,0.26019,0.57239,0.52942,0.64629,0.60846,1531.3705,1514.89303,0.491,0.509,2.04011,1.96758,0.66667,,,,
240.0,39.0,88.66667,0.43967,7.33333,26.33333,0.275,21.0,28.33333,0.75667,14.0,34.66667,48.66667,17.33333,8.33333,6.0,16.0,28.0,106.33333,240.0,38.33333,84.66667,0.456,10.33333,33.0,0.30667,27.33333,36.0,0.75933,14.0,32.0,46.0,23.66667,8.33333,8.0,15.0,22.66667,114.33333,0,0.10393,-0.10393,0.40306,0.43533,0.51736,0.48294,0.6208,0.56288,1490.97734,1486.17493,0.51287,0.48713,2.00678,2.10549,0.66667,240.0,37.0,82.33333,0.449,9.0,32.33333,0.28033,16.0,19.66667,0.79167,11.0,29.33333,40.33333,22.66667,7.33333,4.33333,18.0,24.33333,99.0,240.0,41.33333,88.66667,0.465,10.66667,30.33333,0.36467,19.33333,25.0,0.78933,11.33333,33.66667,45.0,22.33333,12.33333,4.33333,13.0,18.0,112.66667,0,0.19666,-0.19666,0.39688,0.32826,0.52523,0.50383,0.59702,0.56937,1520.23135,1446.66488,0.42155,0.57845,2.41464,1.74427,1.0,,,,
240.0,39.0,89.0,0.438,11.0,30.66667,0.35567,21.66667,26.0,0.82333,10.33333,38.66667,49.0,22.0,6.0,4.66667,15.66667,20.0,110.66667,240.0,44.33333,93.66667,0.47367,13.33333,30.66667,0.43467,13.66667,19.33333,0.696,9.66667,35.0,44.66667,27.0,8.66667,6.33333,12.0,21.33333,115.66667,1,0.06756,-0.06756,0.2527,0.29518,0.54487,0.49983,0.59097,0.58369,1484.14654,1556.91785,0.6192,0.3808,1.61762,2.63684,0.66667,256.66667,44.0,92.0,0.48133,10.33333,30.66667,0.324,14.33333,19.33333,0.763,10.33333,36.66667,47.0,23.33333,9.66667,9.33333,15.0,20.66667,112.66667,256.66667,35.33333,91.0,0.38967,8.0,26.33333,0.30933,23.0,27.66667,0.835,14.33333,36.0,50.33333,17.0,5.66667,9.0,17.66667,22.33333,101.66667,1,-0.15517,0.15517,0.38914,0.29894,0.43561,0.53625,0.52708,0.58675,1481.25298,1484.05385,0.48556,0.51444,2.07004,1.95361,0.0,,,,
240.0,37.0,88.66667,0.41867,7.66667,28.33333,0.272,18.66667,25.33333,0.71567,15.66667,34.0,49.66667,14.66667,10.33333,6.0,15.33333,20.66667,100.33333,240.0,37.66667,82.66667,0.46,11.66667,29.66667,0.39567,12.0,17.0,0.72,6.66667,33.33333,40.0,24.33333,8.66667,5.0,16.33333,25.66667,99.0,0,-0.02388,0.02388,0.19258,0.48757,0.5317,0.46157,0.57758,0.53414,1446.3239,1524.08883,0.60978,0.39022,1.64782,2.59551,0.33333,240.0,39.33333,93.33333,0.422,9.66667,31.33333,0.30633,15.0,21.33333,0.677,13.66667,37.66667,51.33333,22.66667,7.33333,2.66667,15.33333,18.33333,103.33333,240.0,39.33333,91.0,0.43367,9.66667,27.0,0.35767,15.33333,20.33333,0.72533,10.66667,37.33333,48.0,21.0,8.66667,4.66667,14.33333,23.0,103.66667,0,-0.00779,0.00779,0.27991,0.36724,0.48673,0.47371,0.54316,0.52797,1494.3076,1487.88775,0.4903,0.5097,2.04411,1.96573,0.66667,,,,
240.0,39.66667,88.66667,0.44567,13.33333,34.66667,0.385,11.0,13.66667,0.80833,7.33333,33.66667,41.0,27.66667,7.33333,5.66667,12.0,22.66667,103.66667,240.0,38.33333,86.66667,0.44367,9.0,29.66667,0.298,20.33333,26.66667,0.78067,10.66667,38.0,48.66667,23.33333,7.33333,9.0,13.33333,19.33333,106.0,1,0.03228,-0.03228,0.31413,0.19392,0.49693,0.51961,0.57582,0.5639,1485.92988,1468.51454,0.47561,0.52439,2.12027,1.92099,0.66667,240.0,38.33333,91.0,0.42033,10.33333,31.0,0.31633,15.0,17.66667,0.84133,9.33333,34.66667,44.0,23.66667,10.33333,5.66667,16.66667,21.66667,102.0,240.0,39.66667,88.0,0.451,12.0,31.0,0.38033,16.33333,22.66667,0.707,11.0,36.66667,47.66667,21.0,11.33333,6.66667,19.33333,20.33333,107.66667,1,0.07909,-0.07909,0.31754,0.26218,0.51792,0.47596,0.57685,0.53527,1517.61512,1495.32438,0.47532,0.52468,2.16588,1.95807,1.0,,,,
240.0,30.0,81.33333,0.36867,7.0,32.66667,0.21533,17.0,24.33333,0.68867,10.33333,30.33333,40.66667,19.0,10.0,5.33333,16.0,22.33333,84.0,240.0,39.66667,79.66667,0.49867,8.33333,26.66667,0.30567,15.33333,22.0,0.694,7.66667,39.33333,47.0,25.0,9.0,5.0,17.33333,24.33333,103.0,0,0.29891,-0.29891,0.2563,0.27139,0.55119,0.41175,0.61041,0.48363,1519.14049,1511.08456,0.50757,0.49243,1.97622,2.03764,0.66667,248.33333,38.0,93.0,0.41033,10.0,31.0,0.31933,28.66667,38.0,0.76033,9.66667,35.33333,45.0,20.0,8.0,5.0,13.0,31.0,114.66667,248.33333,39.0,85.33333,0.45267,11.33333,31.0,0.37167,32.0,40.0,0.78967,8.66667,40.33333,49.0,27.66667,7.0,8.33333,15.66667,31.33333,121.33333,0,0.08676,-0.08676,0.24888,0.23781,0.51886,0.46184,0.64668,0.56644,1498.77715,1511.5089,0.52876,0.47124,1.89871,2.13232,1.0,,,,
240.0,39.33333,84.66667,0.46467,10.0,31.66667,0.31367,16.0,21.0,0.778,8.33333,26.66667,35.0,22.0,8.0,5.33333,15.0,27.33333,104.66667,240.0,42.0,87.33333,0.481,10.0,24.66667,0.398,24.66667,30.33333,0.83867,13.66667,36.0,49.66667,25.0,9.0,4.66667,16.66667,20.0,118.66667,0,0.18394,-0.18394,0.51235,0.2405,0.53806,0.52342,0.63142,0.58604,1511.51804,1407.11666,0.37419,0.62581,2.67887,1.5993,1.0,240.0,41.33333,86.33333,0.47867,10.66667,29.66667,0.36133,14.33333,20.0,0.74833,10.0,42.0,52.0,21.33333,10.0,7.66667,18.0,21.0,107.66667,240.0,34.66667,85.66667,0.406,7.66667,26.0,0.309,16.33333,21.33333,0.76333,6.66667,32.33333,39.0,19.0,10.33333,3.66667,16.66667,21.33333,93.33333,0,-0.20428,0.20428,0.15808,0.31334,0.45061,0.54072,0.51719,0.59442,1445.71692,1496.19562,0.56085,0.43915,1.81699,2.35656,0.33333,,,,
240.0,38.0,90.66667,0.42033,8.66667,27.66667,0.31233,17.33333,21.66667,0.80167,12.33333,31.33333,43.66667,20.0,6.33333,4.66667,12.66667,16.0,102.0,240.0,43.33333,85.0,0.51033,11.33333,26.0,0.43,14.0,18.33333,0.75267,7.0,37.33333,44.33333,25.66667,7.66667,3.33333,13.33333,22.66667,112.0,0,0.13589,-0.13589,0.22418,0.33221,0.5768,0.46806,0.62954,0.53561,1478.70804,1482.75472,0.52312,0.47688,1.96192,2.17156,1.0,240.0,43.0,93.0,0.46033,12.0,36.33333,0.329,14.66667,19.0,0.75767,10.66667,30.66667,41.33333,20.33333,8.33333,6.33333,13.33333,27.0,112.66667,240.0,44.0,90.66667,0.48533,10.33333,28.0,0.378,26.0,31.66667,0.81967,12.33333,39.0,51.33333,28.0,6.0,6.66667,14.66667,20.33333,124.33333,0,0.1476,-0.1476,0.41312,0.27334,0.54264,0.52473,0.63795,0.57848,1518.64776,1464.96009,0.44276,0.55724,2.30199,1.82051,1.0,,,,
248.33333,39.33333,88.0,0.44533,8.33333,27.33333,0.294,16.66667,20.66667,0.81833,11.66667,34.0,45.66667,23.0,5.0,6.33333,15.0,25.33333,103.66667,248.33333,39.33333,88.0,0.44667,10.33333,33.66667,0.29467,24.33333,31.33333,0.779,9.33333,36.0,45.33333,20.33333,8.33333,4.66667,10.0,20.66667,113.33333,0,0.13842,-0.13842,0.27917,0.33868,0.50584,0.49132,0.5968,0.55834,1505.03403,1575.66784,0.61787,0.38213,1.62461,2.64631,1.0,240.0,37.33333,86.0,0.43533,9.0,31.33333,0.29367,16.66667,25.66667,0.65967,10.66667,36.0,46.66667,20.66667,6.66667,5.66667,10.66667,22.33333,100.33333,240.0,38.66667,86.0,0.449,10.0,26.0,0.397,17.66667,22.0,0.80233,8.66667,35.33333,44.0,23.66667,4.66667,4.66667,11.66667,20.66667,105.0,0,0.07285,-0.07285,0.24609,0.29983,0.50798,0.48709,0.57958,0.54865,1497.03637,1465.08196,0.46081,0.53919,2.18486,1.86485,0.66667,,,,
248.33333,44.0,90.66667,0.488,10.66667,32.66667,0.32533,19.33333,22.0,0.89,10.33333,36.0,46.33333,19.33333,10.33333,3.66667,15.66667,23.66667,118.0,248.33333,42.33333,87.66667,0.48233,8.33333,26.66667,0.31733,20.0,27.66667,0.738,9.0,30.0,39.0,27.0,9.66667,5.0,15.0,22.66667,113.0,1,-0.06463,0.06463,0.25486,0.35577,0.52992,0.54735,0.60243,0.62101,1510.3655,1558.01868,0.56264,0.43736,1.78006,2.29234,0.33333,240.0,37.0,84.33333,0.43967,10.33333,32.0,0.33133,14.66667,22.33333,0.65733,10.66667,38.33333,49.0,18.0,9.66667,6.0,16.33333,20.33333,99.0,240.0,34.0,80.66667,0.421,7.0,24.66667,0.29733,20.0,23.33333,0.84633,5.66667,34.33333,40.0,17.0,10.33333,4.0,15.66667,21.0,95.0,1,-0.06089,0.06089,0.14545,0.31559,0.46437,0.50139,0.55517,0.55613,1457.31354,1462.71189,0.50434,0.49566,1.98957,2.02505,0.33333,,,,
240.0,40.0,80.33333,0.498,9.66667,27.33333,0.354,17.66667,24.0,0.76533,7.0,30.0,37.0,23.33333,8.33333,6.0,15.0,22.33333,107.33333,240.0,39.0,78.0,0.49967,17.33333,34.33333,0.522,19.33333,27.0,0.72533,7.66667,29.66667,37.33333,25.0,6.33333,4.66667,16.66667,21.33333,114.66667,1,0.09019,-0.09019,0.25387,0.23563,0.61137,0.55808,0.68381,0.62683,1500.03901,1517.78726,0.54516,0.45484,1.84582,2.22112,0.66667,240.0,38.33333,83.33333,0.456,12.0,30.66667,0.38933,23.33333,27.0,0.84867,8.33333,33.33333,41.66667,24.0,6.33333,3.66667,14.33333,25.66667,112.0,240.0,41.33333,84.66667,0.491,12.66667,36.66667,0.347,21.33333,29.0,0.734,9.33333,32.66667,42.0,27.0,7.66667,7.0,12.33333,24.66667,116.66667,1,0.0605,-0.0605,0.28801,0.27162,0.56635,0.52724,0.64443,0.62712,1505.57948,1492.32036,0.48768,0.51232,2.05437,1.9554,0.66667,,,,
240.0,40.66667,89.66667,0.45433,10.33333,33.0,0.30867,12.0,15.33333,0.78567,9.0,32.0,41.0,24.0,11.0,5.0,17.66667,19.66667,103.66667,240.0,41.0,91.66667,0.44733,13.0,32.0,0.41033,15.0,21.0,0.711,12.66667,33.66667,46.33333,27.66667,9.66667,6.33333,18.66667,19.66667,110.0,0,0.08539,-0.08539,0.39097,0.26943,0.5181,0.5115,0.57131,0.55761,1546.98214,1433.4815,0.35021,0.64979,2.90336,1.54548,1.0,240.0,41.0,81.0,0.50967,14.0,34.66667,0.405,18.0,27.0,0.658,7.66667,30.66667,38.33333,23.66667,8.0,7.33333,11.33333,20.33333,114.0,240.0,39.66667,84.0,0.47367,11.33333,27.0,0.39733,17.0,23.33333,0.72833,10.66667,30.66667,41.33333,24.66667,7.33333,4.0,12.66667,21.33333,107.66667,0,-0.0836,0.0836,0.349,0.24337,0.54089,0.59691,0.60497,0.66093,1540.07069,1519.20448,0.45888,0.54112,2.23446,1.8846,0.0,,,,
240.0,40.0,90.0,0.44533,13.33333,39.0,0.33633,13.66667,16.66667,0.81033,8.0,29.0,37.0,27.0,10.33333,4.66667,10.66667,19.33333,107.0,240.0,41.66667,84.0,0.498,14.0,37.0,0.379,16.0,20.66667,0.77567,10.33333,37.66667,48.0,23.0,4.33333,3.0,16.66667,17.0,113.33333,1,0.0831,-0.0831,0.35804,0.21079,0.58172,0.51944,0.64198,0.57182,1537.96432,1521.38303,0.48266,0.51734,2.08494,1.94267,1.0,240.0,44.66667,93.33333,0.479,13.66667,36.33333,0.36933,22.0,29.66667,0.71933,13.0,37.33333,50.33333,29.0,8.33333,5.0,14.0,24.66667,125.0,240.0,41.0,91.0,0.45133,9.66667,34.0,0.28133,20.33333,25.66667,0.80767,11.33333,34.66667,46.0,23.33333,7.33333,5.0,13.0,26.66667,112.0,1,-0.15973,0.15973,0.30555,0.40528,0.50344,0.55188,0.58112,0.62649,1417.22407,1531.42012,0.64122,0.35878,1.57221,2.85441,0.0,,,,
248.33333,40.66667,90.66667,0.45033,13.33333,37.0,0.35433,18.0,21.66667,0.83867,9.66667,31.66667,41.33333,24.66667,8.66667,6.0,12.0,19.66667,112.66667,248.33333,41.66667,86.66667,0.485,12.33333,34.33333,0.35933,20.0,25.66667,0.78533,9.0,35.66667,44.66667,26.33333,6.33333,4.66667,14.66667,19.33333,115.66667,0,0.03708,-0.03708,0.30165,0.26708,0.55688,0.52382,0.63147,0.59161,1494.0472,1522.33561,0.54374,0.45626,1.86697,2.24678,0.66667,240.0,36.66667,91.33333,0.40267,10.33333,31.66667,0.32067,12.66667,16.33333,0.79567,10.66667,29.66667,40.33333,21.0,4.33333,5.0,9.66667,19.66667,96.33333,240.0,42.0,91.33333,0.46033,11.33333,32.33333,0.34333,19.66667,22.66667,0.80967,14.0,42.66667,56.66667,18.66667,6.0,4.0,11.33333,19.0,115.0,0,0.26481,-0.26481,0.48614,0.24826,0.52245,0.45894,0.59827,0.50875,1561.79146,1521.29299,0.4682,0.5318,2.15807,1.89642,1.0,,,,
240.0,39.66667,87.0,0.45433,9.33333,22.0,0.424,13.33333,19.66667,0.63333,10.66667,29.66667,40.33333,17.33333,6.33333,1.66667,9.66667,22.0,102.0,240.0,40.66667,83.33333,0.49033,10.33333,32.66667,0.30933,16.66667,20.0,0.83867,8.33333,35.33333,43.66667,26.0,5.0,5.66667,11.0,21.66667,108.33333,0,0.10169,-0.10169,0.29503,0.32749,0.55289,0.50784,0.62001,0.55756,1518.02148,1435.65994,0.39601,0.60399,2.55463,1.66331,0.66667,248.33333,40.33333,88.0,0.45867,11.33333,32.33333,0.355,18.33333,24.33333,0.76067,9.0,37.0,46.0,22.66667,8.66667,6.33333,14.66667,23.33333,110.33333,248.33333,40.0,92.33333,0.435,8.0,30.66667,0.267,18.0,25.33333,0.70067,13.66667,35.33333,49.0,23.66667,10.0,6.33333,13.33333,20.33333,106.0,0,-0.0687,0.0687,0.36405,0.25344,0.47801,0.52404,0.54229,0.59186,1526.94624,1502.40278,0.457,0.543,2.23029,1.86755,0.33333,,,,
248.33333,39.66667,87.33333,0.45533,13.33333,33.33333,0.40467,24.66667,30.66667,0.77667,9.66667,35.66667,45.33333,26.33333,5.33333,3.0,14.0,23.0,117.33333,248.33333,39.66667,85.33333,0.46833,11.66667,30.0,0.39033,23.66667,27.33333,0.86933,7.33333,34.66667,42.0,21.66667,7.33333,4.33333,14.0,26.66667,114.66667,1,-0.03024,0.03024,0.20528,0.28333,0.53823,0.53229,0.63255,0.62411,1494.67623,1498.52751,0.49813,0.50187,2.01663,2.00211,0.33333,240.0,46.0,90.66667,0.508,9.33333,25.66667,0.37133,18.33333,23.0,0.80967,8.0,33.0,41.0,23.66667,8.33333,3.66667,10.66667,24.0,119.66667,240.0,38.0,89.33333,0.42633,11.66667,33.66667,0.35367,21.66667,28.0,0.773,13.33333,33.0,46.33333,22.66667,5.33333,3.66667,14.66667,24.33333,109.33333,1,-0.13141,0.13141,0.40594,0.2415,0.49343,0.55952,0.57618,0.62544,1483.74552,1504.31972,0.51191,0.48809,1.96013,2.05689,0.0,,,,
248.33333,39.66667,96.66667,0.41467,11.66667,36.33333,0.32933,20.33333,25.66667,0.80933,10.66667,33.33333,44.0,23.66667,9.33333,5.66667,8.33333,23.33333,111.33333,248.33333,42.66667,94.33333,0.45767,12.33333,35.0,0.37967,18.66667,24.0,0.79267,16.33333,40.33333,56.66667,25.66667,4.33333,7.33333,15.0,23.66667,116.33333,0,0.07389,-0.07389,0.49381,0.25737,0.52384,0.47457,0.58875,0.54645,1478.40838,1537.10916,0.59512,0.40488,1.68714,2.49427,0.66667,240.0,36.33333,83.66667,0.434,8.33333,31.33333,0.26667,13.66667,17.33333,0.775,10.33333,27.0,37.33333,19.66667,7.33333,5.33333,17.33333,21.33333,94.66667,240.0,43.33333,89.33333,0.48267,12.66667,32.33333,0.403,15.33333,18.66667,0.83033,12.66667,34.33333,47.0,24.33333,11.0,5.66667,14.33333,17.33333,114.66667,0,0.2769,-0.2769,0.46914,0.30191,0.55303,0.48426,0.61181,0.54044,1530.2242,1432.71439,0.39593,0.60407,2.54412,1.66026,1.0,,,,
240.0,39.66667,80.66667,0.49233,8.33333,25.0,0.33267,19.0,25.66667,0.75467,6.66667,32.0,38.66667,21.66667,9.33333,6.66667,14.0,20.33333,106.66667,240.0,38.0,81.0,0.46933,15.66667,35.0,0.45467,15.66667,22.66667,0.73367,9.33333,30.33333,39.66667,26.0,4.66667,6.0,17.33333,23.0,107.33333,0,0.00761,-0.00761,0.29091,0.21827,0.56802,0.54414,0.62667,0.61828,1473.83791,1519.28009,0.57005,0.42995,1.76246,2.3436,0.33333,248.33333,41.66667,89.0,0.469,8.66667,32.33333,0.265,20.0,24.66667,0.78933,8.0,35.66667,43.66667,25.33333,10.33333,7.0,17.66667,21.33333,112.0,248.33333,43.33333,93.33333,0.46533,12.66667,34.33333,0.36933,17.0,22.33333,0.73633,8.33333,37.0,45.33333,22.66667,8.0,3.33333,17.0,20.33333,116.33333,0,0.05828,-0.05828,0.23788,0.21574,0.53398,0.51744,0.59306,0.59251,1530.61126,1488.34495,0.4455,0.5545,2.27855,1.8192,0.66667,,,,
240.0,37.33333,91.33333,0.40833,9.66667,29.0,0.32933,10.33333,13.0,0.819,6.0,37.0,43.0,18.66667,8.33333,4.33333,15.0,15.66667,94.66667,240.0,43.66667,92.33333,0.473,14.66667,35.66667,0.409,11.66667,16.0,0.73667,10.0,43.66667,53.66667,29.0,8.33333,7.66667,14.66667,14.66667,113.66667,0,0.26857,-0.26857,0.27527,0.1376,0.55249,0.46085,0.59312,0.50166,1540.48076,1444.96005,0.39022,0.60978,2.6372,1.65671,1.0,240.0,38.0,86.33333,0.43967,11.33333,30.66667,0.36833,12.33333,17.0,0.751,10.0,33.66667,43.66667,23.66667,9.66667,4.66667,14.33333,18.66667,99.66667,240.0,37.33333,83.66667,0.44367,11.0,29.66667,0.37467,14.33333,17.66667,0.79533,9.0,35.0,44.0,24.0,9.0,3.33333,16.33333,17.0,100.0,0,-0.00227,0.00227,0.26811,0.28706,0.50924,0.50549,0.57,0.5537,1479.15753,1534.29646,0.58967,0.41033,1.70412,2.46328,0.33333,,,,
240.0,36.33333,82.33333,0.44233,6.66667,21.0,0.31733,19.0,27.66667,0.68333,11.66667,32.0,43.66667,17.66667,8.33333,5.0,14.66667,21.0,98.33333,240.0,41.33333,87.66667,0.47167,11.0,32.0,0.352,16.66667,22.0,0.76867,10.0,34.0,44.0,25.33333,9.66667,4.0,13.0,23.66667,110.33333,1,0.16245,-0.16245,0.33841,0.34436,0.53364,0.48224,0.59557,0.55748,1470.92159,1438.95731,0.47515,0.52485,2.11248,1.91115,1.0,240.0,42.33333,91.0,0.467,9.33333,28.33333,0.31433,19.66667,31.33333,0.62267,11.66667,29.66667,41.33333,21.33333,9.0,5.33333,13.66667,26.66667,113.66667,240.0,42.0,87.66667,0.481,9.0,24.66667,0.36533,24.66667,33.33333,0.74933,11.33333,35.66667,47.0,25.33333,7.33333,4.33333,17.33333,26.66667,117.66667,1,0.05087,-0.05087,0.38945,0.33438,0.53263,0.51793,0.62106,0.58139,1500.89693,1482.43026,0.47766,0.52234,2.14978,1.95072,1.0,,,,
248.33333,36.66667,86.33333,0.43333,10.66667,38.0,0.283,19.0,25.33333,0.76233,12.66667,29.0,41.66667,18.66667,7.66667,6.0,12.0,23.33333,103.0,248.33333,37.0,79.33333,0.467,9.33333,24.0,0.39967,20.33333,27.66667,0.73867,9.66667,32.33333,42.0,20.66667,8.33333,4.0,14.66667,19.33333,103.66667,0,0.01132,-0.01132,0.34101,0.37682,0.52673,0.49786,0.60737,0.57097,1506.42449,1470.30171,0.44295,0.55705,2.29311,1.8134,0.66667,240.0,36.0,85.66667,0.42567,8.0,31.0,0.27133,17.66667,24.33333,0.73167,8.66667,35.33333,44.0,18.33333,9.0,7.33333,12.0,18.0,97.66667,240.0,39.0,92.0,0.42733,11.66667,29.66667,0.40467,11.66667,13.33333,0.87067,13.66667,38.66667,52.33333,19.33333,3.66667,3.0,13.66667,22.66667,101.33333,0,0.04897,-0.04897,0.40841,0.22205,0.4911,0.47277,0.53712,0.54189,1444.06809,1520.01804,0.62248,0.37752,1.60843,2.65781,0.33333,,,,
240.0,32.0,80.0,0.402,9.33333,29.66667,0.31633,24.33333,30.0,0.804,8.66667,38.33333,47.0,16.33333,7.33333,5.0,17.33333,22.66667,97.66667,240.0,38.33333,85.66667,0.448,11.0,33.33333,0.331,16.66667,20.66667,0.81933,7.0,34.66667,41.66667,25.33333,10.33333,8.0,14.33333,26.33333,104.33333,1,0.09381,-0.09381,0.18186,0.26954,0.5129,0.46048,0.57892,0.56724,1499.00046,1487.84826,0.49756,0.50244,2.01854,1.99965,0.66667,240.0,39.33333,87.66667,0.44767,10.33333,29.0,0.33567,18.33333,23.66667,0.775,13.33333,26.66667,40.0,20.33333,6.66667,3.0,15.33333,23.66667,107.33333,240.0,40.33333,80.0,0.50867,16.33333,42.33333,0.38667,24.66667,28.66667,0.85267,8.33333,31.0,39.33333,21.66667,8.33333,7.0,14.0,22.0,121.66667,1,0.19178,-0.19178,0.29851,0.43325,0.61048,0.50566,0.71008,0.57758,1494.95809,1511.3335,0.555,0.445,1.83961,2.34198,1.0,,,,
240.0,38.66667,93.0,0.41667,11.66667,38.0,0.297,21.66667,28.66667,0.74667,15.0,32.33333,47.33333,21.33333,8.0,3.0,11.66667,24.66667,110.66667,240.0,38.33333,89.0,0.43667,6.66667,24.33333,0.27367,22.0,28.33333,0.761,13.0,37.33333,50.33333,20.66667,6.0,5.33333,16.66667,21.33333,105.33333,0,-0.07841,0.07841,0.39808,0.39855,0.47501,0.47821,0.56069,0.55775,1464.07623,1491.03061,0.5285,0.4715,1.89455,2.12438,0.33333,240.0,35.0,90.66667,0.38267,8.0,34.0,0.23633,13.0,18.0,0.728,15.33333,29.0,44.33333,19.0,8.66667,3.66667,16.33333,22.33333,91.0,240.0,42.66667,80.0,0.53567,12.0,30.33333,0.402,16.33333,25.0,0.65367,6.33333,38.66667,45.0,24.33333,9.0,5.33333,15.0,20.0,113.66667,0,0.34793,-0.34793,0.21891,0.42077,0.61165,0.42617,0.66784,0.4774,1498.49925,1529.54417,0.56797,0.43203,1.76278,2.31955,1.0,,,,
240.0,42.66667,92.66667,0.46067,13.66667,38.33333,0.35933,6.33333,9.33333,0.705,10.66667,31.33333,42.0,29.66667,7.66667,4.66667,14.33333,21.66667,105.33333,240.0,39.0,84.66667,0.46033,10.0,31.0,0.329,22.0,27.33333,0.783,10.33333,35.33333,45.66667,24.66667,7.33333,4.66667,14.33333,16.33333,110.0,1,0.05925,-0.05925,0.33148,0.30038,0.51909,0.53436,0.6059,0.5561,1534.89503,1533.57168,0.50859,0.49141,2.00714,2.0746,0.66667,240.0,40.33333,87.66667,0.46033,6.66667,27.66667,0.244,15.33333,18.66667,0.82733,10.0,29.66667,39.66667,22.33333,7.0,6.0,16.33333,19.66667,102.66667,240.0,45.0,93.33333,0.48167,13.33333,31.0,0.433,15.0,18.66667,0.81667,12.0,33.0,45.0,26.33333,9.66667,5.0,14.33333,18.0,118.33333,1,0.20189,-0.20189,0.4134,0.30411,0.55303,0.499,0.60735,0.56064,1541.88051,1463.47682,0.41093,0.58907,2.47033,1.71017,1.0,,,,
240.0,43.33333,91.0,0.47633,15.33333,38.0,0.4,16.0,23.0,0.668,10.66667,29.33333,40.0,24.66667,8.66667,4.0,14.33333,27.0,118.0,240.0,40.33333,81.0,0.50033,8.0,27.0,0.28133,24.33333,31.0,0.75167,8.66667,37.33333,46.0,19.33333,7.66667,4.0,17.0,21.66667,113.0,0,-0.06347,0.06347,0.28899,0.30011,0.55223,0.56016,0.65072,0.61437,1496.08846,1488.75236,0.48355,0.51645,2.11125,1.97087,0.33333,240.0,44.66667,90.33333,0.494,10.0,28.0,0.373,20.0,26.33333,0.76067,8.0,33.33333,41.33333,25.33333,8.33333,3.33333,10.66667,23.0,119.33333,240.0,44.66667,86.66667,0.51567,12.33333,39.66667,0.315,20.0,27.66667,0.72533,7.0,37.0,44.0,29.66667,6.33333,6.0,13.0,20.66667,121.66667,0,0.0261,-0.0261,0.20937,0.21627,0.58681,0.5494,0.65606,0.62034,1613.84666,1437.89607,0.26998,0.73002,3.78321,1.37434,0.66667,,,,
240.0,45.66667,91.66667,0.49867,10.66667,31.0,0.34467,13.33333,18.66667,0.77167,5.66667,30.0,35.66667,24.66667,8.66667,4.33333,12.33333,26.33333,115.33333,240.0,43.0,84.0,0.513,9.0,30.33333,0.31333,24.0,32.0,0.76,8.0,37.0,45.0,27.33333,7.33333,3.33333,16.66667,21.0,119.0,0,0.04435,-0.04435,0.27974,0.15437,0.56661,0.55709,0.65523,0.60269,1513.74552,1410.73741,0.3656,0.6344,2.97999,1.61646,0.66667,248.33333,39.66667,87.33333,0.45567,9.66667,28.33333,0.35067,19.66667,24.33333,0.83333,11.33333,30.66667,42.0,20.66667,6.66667,6.0,11.66667,24.66667,108.66667,248.33333,39.66667,93.66667,0.427,10.66667,36.33333,0.29133,20.66667,26.0,0.82033,16.33333,33.66667,50.0,21.66667,7.0,4.33333,11.0,21.0,110.66667,0,0.02588,-0.02588,0.52951,0.32997,0.4837,0.51122,0.56053,0.58856,1488.79896,1493.90527,0.50743,0.49257,1.99284,2.05358,0.66667,,,,
240.0,33.66667,82.33333,0.408,7.0,31.66667,0.214,16.66667,27.66667,0.61,8.33333,31.0,39.33333,18.0,10.66667,3.66667,16.0,23.0,91.0,240.0,40.33333,83.0,0.49167,9.33333,28.0,0.353,15.66667,25.33333,0.614,11.33333,36.33333,47.66667,21.66667,10.0,5.0,16.66667,22.66667,105.66667,0,0.22848,-0.22848,0.35358,0.23676,0.5495,0.45118,0.60318,0.51313,1510.16142,1503.09552,0.50103,0.49897,2.00836,2.0163,0.66667,240.0,34.0,86.33333,0.396,10.66667,32.33333,0.326,14.66667,19.66667,0.74067,7.66667,37.33333,45.0,21.66667,10.66667,6.33333,16.66667,19.33333,93.33333,240.0,36.0,87.33333,0.41333,11.33333,29.33333,0.39233,13.33333,17.66667,0.76233,7.33333,39.66667,47.0,22.0,10.0,6.0,16.66667,20.33333,96.66667,0,0.05216,-0.05216,0.19786,0.19004,0.47943,0.45763,0.53247,0.51771,1518.05014,1468.39265,0.43175,0.56825,2.34903,1.7726,0.66667,,,,
240.0,43.0,92.33333,0.46533,9.66667,26.33333,0.37633,24.0,30.33333,0.79,10.33333,33.33333,43.66667,22.0,5.0,6.33333,10.0,23.0,119.66667,240.0,41.66667,95.33333,0.43767,11.66667,30.66667,0.38833,23.0,27.0,0.863,15.0,35.33333,50.33333,24.0,4.66667,6.33333,10.33333,26.66667,118.0,0,-0.01467,0.01467,0.45381,0.29644,0.49909,0.51755,0.5837,0.60327,1489.90938,1529.18736,0.55596,0.44404,1.83778,2.33182,0.33333,240.0,37.33333,84.33333,0.44333,8.0,28.0,0.27667,27.0,34.66667,0.77433,10.33333,36.66667,47.0,22.33333,8.0,4.0,16.33333,24.33333,109.66667,240.0,41.33333,91.66667,0.45033,9.66667,30.0,0.29933,18.33333,27.0,0.654,11.0,33.66667,44.66667,25.33333,8.66667,5.33333,14.0,26.0,110.66667,0,0.01776,-0.01776,0.30863,0.30579,0.50236,0.49006,0.56697,0.59543,1458.88774,1495.41573,0.55411,0.44589,1.81968,2.27608,0.33333,,,,
240.0,38.66667,82.0,0.47133,11.33333,29.66667,0.37933,18.0,23.33333,0.77567,6.0,33.0,39.0,23.66667,7.66667,6.66667,11.0,21.66667,106.66667,240.0,35.66667,81.0,0.44033,9.33333,28.66667,0.32967,20.33333,24.33333,0.83167,9.66667,35.66667,45.33333,21.0,5.66667,5.33333,14.66667,20.66667,101.0,0,-0.08422,0.08422,0.2936,0.16397,0.49791,0.54041,0.58399,0.61192,1514.46011,1520.67264,0.50275,0.49725,2.0446,2.05766,0.0,256.66667,44.0,100.33333,0.43933,12.33333,35.33333,0.34833,17.33333,23.66667,0.73067,13.66667,34.0,47.66667,25.66667,8.33333,7.33333,13.0,25.0,117.66667,256.66667,43.0,91.66667,0.46967,9.0,25.66667,0.33667,26.66667,32.0,0.83233,8.33333,42.66667,51.0,24.0,6.33333,4.66667,14.66667,22.33333,121.66667,0,0.04906,-0.04906,0.24723,0.32086,0.51767,0.5006,0.61663,0.55807,1526.29927,1549.42537,0.53289,0.46711,1.91722,2.1899,1.0,,,,
240.0,37.33333,80.0,0.467,8.66667,28.33333,0.30367,16.33333,26.66667,0.62867,6.66667,33.66667,40.33333,21.33333,9.0,6.0,15.0,22.0,99.66667,240.0,41.66667,88.33333,0.47267,9.33333,27.0,0.37,14.0,23.0,0.60733,12.66667,32.66667,45.33333,25.33333,10.33333,4.0,13.33333,22.0,106.66667,0,0.08485,-0.08485,0.37135,0.20646,0.52585,0.52289,0.57263,0.58218,1519.99647,1499.82592,0.48044,0.51956,2.0865,1.92865,0.66667,240.0,41.0,93.0,0.44133,15.66667,36.66667,0.425,13.33333,15.0,0.88267,10.66667,33.0,43.66667,23.66667,9.66667,6.33333,15.33333,20.33333,111.0,240.0,42.33333,92.0,0.46033,14.66667,34.66667,0.426,16.33333,21.33333,0.76533,13.33333,34.33333,47.66667,28.33333,9.66667,6.33333,17.0,18.33333,115.66667,0,0.05733,-0.05733,0.40645,0.31139,0.5399,0.52552,0.598,0.57656,1510.75396,1487.7188,0.47125,0.52875,2.18624,1.94476,1.0,,,,
240.0,38.33333,82.66667,0.46367,11.66667,30.33333,0.38367,17.33333,23.33333,0.744,6.0,29.66667,35.66667,27.0,9.0,7.0,11.33333,19.66667,105.66667,240.0,37.66667,80.66667,0.46667,11.33333,29.33333,0.40433,19.0,22.0,0.86167,9.0,37.33333,46.33333,23.66667,5.66667,5.0,16.33333,22.33333,105.66667,1,-0.00885,0.00885,0.30357,0.15865,0.53688,0.53414,0.61682,0.60159,1551.95717,1514.98414,0.45312,0.54688,2.25071,1.85764,0.33333,240.0,37.0,89.0,0.415,8.66667,33.0,0.26233,16.66667,22.66667,0.74067,12.0,34.0,46.0,20.0,7.66667,4.33333,9.0,21.0,99.33333,240.0,37.33333,84.66667,0.44133,10.66667,26.33333,0.42,18.0,23.0,0.77567,9.66667,36.0,45.66667,22.0,3.0,5.0,12.0,19.66667,103.33333,1,0.0657,-0.0657,0.28445,0.33278,0.5045,0.4636,0.57727,0.52846,1492.38398,1486.73812,0.49929,0.50071,2.06658,2.08014,0.66667,,,,
240.0,44.0,91.33333,0.48133,11.33333,29.33333,0.38567,20.0,25.33333,0.787,12.66667,32.33333,45.0,17.33333,6.66667,6.33333,14.66667,27.0,119.33333,240.0,44.66667,93.33333,0.48267,11.0,33.0,0.33433,22.66667,30.0,0.76133,11.0,35.33333,46.33333,30.66667,6.66667,6.66667,12.66667,22.33333,123.0,1,0.0393,-0.0393,0.33292,0.38112,0.54249,0.54344,0.62072,0.61628,1507.92381,1446.73593,0.41569,0.58431,2.4219,1.71777,0.66667,240.0,33.0,83.33333,0.398,10.33333,32.33333,0.31933,19.66667,25.0,0.79133,9.66667,35.0,44.66667,19.66667,8.0,4.0,15.0,22.66667,96.0,240.0,37.66667,81.0,0.464,9.0,26.33333,0.33567,15.0,20.33333,0.755,7.33333,35.0,42.33333,24.0,8.66667,8.33333,14.66667,24.0,99.33333,1,0.04555,-0.04555,0.21128,0.28256,0.51931,0.46012,0.58024,0.54219,1518.39609,1501.48263,0.48232,0.51768,2.07481,1.93296,0.66667,,,,
240.0,39.33333,88.33333,0.44733,10.66667,33.0,0.31967,15.33333,23.0,0.67567,9.66667,39.0,48.66667,21.33333,8.66667,7.33333,15.66667,21.33333,104.66667,240.0,37.33333,92.0,0.40733,9.66667,27.66667,0.35167,16.33333,19.66667,0.84167,10.33333,37.66667,48.0,20.66667,9.33333,4.66667,17.0,22.0,100.66667,0,-0.04847,0.04847,0.26166,0.25078,0.46199,0.50754,0.52613,0.56168,1474.58481,1490.34479,0.5157,0.4843,1.94843,2.07693,0.33333,240.0,46.0,96.66667,0.47633,9.66667,35.33333,0.28967,11.33333,15.0,0.72567,11.66667,34.0,45.66667,27.33333,6.0,5.33333,14.0,20.0,113.0,240.0,43.33333,94.0,0.462,11.33333,34.66667,0.30833,15.0,19.33333,0.76467,12.66667,34.66667,47.33333,25.66667,7.66667,4.66667,15.0,20.66667,113.0,0,0.00031,-0.00031,0.37778,0.34474,0.52199,0.52647,0.57545,0.56557,1564.77781,1485.31117,0.38109,0.61891,2.6396,1.61909,0.33333,,,,
248.33333,44.0,93.0,0.47667,16.33333,42.0,0.39867,13.66667,19.0,0.707,10.0,37.0,47.0,27.66667,9.33333,6.66667,14.33333,21.66667,118.0,248.33333,41.66667,89.66667,0.465,15.0,33.66667,0.44467,19.0,25.66667,0.73833,8.33333,37.33333,45.66667,24.66667,7.66667,5.33333,12.66667,19.0,117.33333,0,-0.00779,0.00779,0.22654,0.25658,0.54884,0.56548,0.616,0.61145,1536.67419,1595.31193,0.58057,0.41943,1.72444,2.38935,0.66667,240.0,43.0,98.0,0.43967,13.33333,35.0,0.37067,14.66667,19.0,0.79133,14.66667,35.33333,50.0,27.33333,7.66667,6.0,12.0,20.66667,114.0,240.0,38.0,87.33333,0.43633,10.0,30.0,0.33033,19.66667,26.33333,0.749,11.66667,35.66667,47.33333,19.0,7.0,10.0,14.0,20.66667,105.66667,0,-0.11827,0.11827,0.3324,0.42321,0.49383,0.5081,0.5691,0.55922,1450.81616,1519.81441,0.5813,0.4187,1.75981,2.47508,0.33333,,,,
240.0,45.0,92.33333,0.48633,9.33333,28.0,0.33367,14.66667,20.33333,0.68633,11.66667,36.66667,48.33333,27.33333,5.66667,5.0,17.0,22.33333,114.0,240.0,40.33333,93.33333,0.43233,12.33333,34.66667,0.36567,20.0,25.66667,0.78867,11.0,32.66667,43.66667,25.66667,12.66667,4.66667,12.33333,21.66667,113.0,0,-0.00852,0.00852,0.29842,0.36273,0.49853,0.53701,0.57089,0.58969,1509.90788,1512.34975,0.49365,0.50635,2.07518,2.02316,0.66667,248.33333,42.66667,95.0,0.45433,11.0,31.66667,0.32533,21.33333,33.66667,0.62,9.66667,30.0,39.66667,21.66667,9.66667,4.33333,10.0,30.66667,117.66667,248.33333,42.33333,86.33333,0.491,9.66667,27.33333,0.35833,27.33333,38.33333,0.70633,12.0,39.0,51.0,27.33333,6.0,7.0,17.33333,29.0,121.66667,0,0.05051,-0.05051,0.40542,0.25064,0.54681,0.51091,0.6418,0.57657,1498.24785,1483.81801,0.48339,0.51661,2.13134,1.98003,1.0,,,,
240.0,45.33333,97.0,0.46667,10.0,28.33333,0.35267,14.66667,21.33333,0.66133,14.66667,36.66667,51.33333,26.33333,5.66667,6.0,15.33333,20.66667,115.33333,240.0,40.0,95.0,0.42067,12.33333,35.33333,0.35733,20.33333,24.0,0.847,11.66667,34.0,45.66667,26.0,10.0,6.0,13.66667,22.66667,112.66667,0,-0.02878,0.02878,0.31803,0.43333,0.48599,0.51802,0.56162,0.56631,1507.17741,1526.79883,0.51506,0.48494,1.99476,2.11535,0.66667,256.66667,44.0,96.0,0.45867,13.66667,35.66667,0.37633,14.66667,19.33333,0.78267,11.66667,36.0,47.66667,23.66667,9.0,7.33333,13.66667,20.66667,116.33333,256.66667,38.0,92.33333,0.415,8.33333,27.66667,0.29867,21.66667,27.0,0.801,14.66667,38.0,52.66667,18.33333,6.33333,8.66667,17.0,21.0,106.0,0,-0.144,0.144,0.40731,0.31657,0.46161,0.52945,0.54366,0.58033,1465.10247,1494.57899,0.52534,0.47466,1.95659,2.20169,0.0,,,,
240.0,40.33333,96.66667,0.41867,9.33333,33.0,0.28333,16.33333,22.0,0.71433,17.66667,35.0,52.66667,18.66667,8.66667,4.0,15.66667,20.33333,106.33333,240.0,41.66667,87.0,0.48333,14.0,32.0,0.43933,12.0,18.33333,0.65367,7.33333,35.33333,42.66667,28.33333,10.0,5.0,15.0,23.0,109.33333,1,0.04071,-0.04071,0.20114,0.52404,0.56445,0.4662,0.60596,0.52655,1457.99081,1534.80243,0.61106,0.38894,1.64423,2.60348,0.66667,240.0,42.66667,89.0,0.47733,9.33333,30.33333,0.308,17.66667,23.66667,0.745,11.66667,31.33333,43.0,26.0,9.0,3.66667,13.33333,21.0,112.33333,240.0,42.33333,87.0,0.48867,9.66667,23.66667,0.413,18.0,21.33333,0.845,9.0,31.66667,40.66667,28.66667,7.33333,6.33333,13.66667,22.0,112.33333,1,0.01244,-0.01244,0.28519,0.37302,0.54371,0.52975,0.61382,0.59472,1584.43957,1502.59064,0.38541,0.61459,2.69807,1.64955,0.66667,,,,
240.0,39.0,87.0,0.44667,11.33333,31.0,0.36833,12.0,14.66667,0.815,7.0,31.66667,38.66667,27.66667,6.66667,4.33333,12.66667,23.0,101.33333,240.0,40.33333,83.66667,0.48233,10.66667,29.0,0.36667,19.66667,27.0,0.75133,8.0,36.66667,44.66667,26.33333,9.0,7.33333,13.0,18.0,111.0,0,0.13738,-0.13738,0.25725,0.1937,0.54725,0.51129,0.62099,0.56038,1506.88569,1468.16804,0.46056,0.53944,2.19729,1.87243,0.66667,240.0,43.66667,98.66667,0.441,11.0,29.0,0.37967,13.66667,22.0,0.60067,14.33333,34.66667,49.0,26.33333,8.33333,3.66667,10.33333,20.33333,112.0,240.0,41.66667,85.33333,0.48833,11.33333,31.66667,0.35533,17.66667,23.0,0.75967,8.33333,38.0,46.33333,27.0,7.66667,8.66667,15.33333,21.33333,112.33333,0,0.00187,-0.00187,0.24598,0.38271,0.55445,0.49638,0.62132,0.53981,1554.36168,1521.03547,0.45196,0.54804,2.2406,1.83848,0.66667,,,,
248.33333,39.66667,82.33333,0.48133,11.0,33.0,0.32933,19.66667,25.66667,0.746,7.66667,36.66667,44.33333,25.0,7.33333,4.66667,16.0,20.66667,110.0,248.33333,39.66667,91.33333,0.43733,10.66667,30.66667,0.348,16.66667,21.66667,0.75233,10.33333,31.66667,42.0,18.0,7.66667,5.0,11.66667,23.0,106.66667,0,-0.04371,0.04371,0.27851,0.24356,0.49713,0.54798,0.56139,0.62404,1508.40694,1493.31039,0.47044,0.52956,2.12763,1.8897,0.33333,240.0,40.0,84.0,0.47867,10.66667,29.0,0.37967,13.0,17.0,0.75033,9.0,33.33333,42.33333,21.66667,9.66667,2.0,18.33333,16.66667,103.66667,240.0,41.0,86.66667,0.47333,11.0,30.66667,0.35867,12.0,14.33333,0.829,8.66667,31.66667,40.33333,25.33333,9.66667,6.33333,16.66667,17.66667,105.0,0,0.01417,-0.01417,0.26704,0.28086,0.53673,0.54216,0.58431,0.59239,1452.84031,1455.96145,0.50468,0.49532,1.9861,2.02415,0.66667,,,,
240.0,43.66667,88.66667,0.49233,10.0,31.0,0.319,13.0,17.66667,0.79467,7.0,27.66667,34.66667,26.0,7.66667,4.66667,14.66667,25.0,110.33333,240.0,43.33333,85.66667,0.50767,10.0,24.66667,0.398,23.66667,28.66667,0.85433,9.66667,35.0,44.66667,25.0,9.33333,3.0,16.33333,20.33333,120.33333,1,0.12752,-0.12752,0.35926,0.20992,0.56589,0.54866,0.65625,0.59646,1485.24872,1407.17258,0.40342,0.59658,2.52597,1.69287,1.0,240.0,38.33333,93.66667,0.40933,11.33333,38.33333,0.30233,12.66667,16.66667,0.72667,9.0,30.66667,39.66667,21.66667,7.33333,4.33333,15.33333,18.33333,100.66667,240.0,48.0,96.33333,0.496,14.66667,41.33333,0.35267,12.66667,18.66667,0.68733,12.33333,42.66667,55.0,27.66667,8.0,4.33333,15.0,17.66667,123.33333,1,0.28127,-0.28127,0.40347,0.2168,0.57214,0.46955,0.6119,0.51721,1602.64166,1502.82781,0.3845,0.6155,2.6659,1.63807,1.0,,,,
240.0,40.33333,89.66667,0.449,11.66667,31.33333,0.36667,18.66667,24.0,0.75433,11.33333,36.33333,47.66667,22.33333,6.0,2.66667,14.66667,19.33333,111.0,240.0,43.66667,90.33333,0.48467,12.66667,29.66667,0.42767,11.66667,18.0,0.65867,9.33333,33.33333,42.66667,26.0,7.66667,6.0,12.66667,20.33333,111.66667,0,0.01534,-0.01534,0.26579,0.34191,0.55506,0.51375,0.59455,0.584,1459.82201,1552.33478,0.64221,0.35779,1.55763,2.79778,0.33333,240.0,41.0,90.33333,0.456,13.0,36.66667,0.35867,11.0,15.33333,0.703,7.0,30.66667,37.66667,25.33333,7.33333,3.66667,13.66667,18.33333,106.0,240.0,42.66667,87.33333,0.48867,12.66667,38.0,0.32733,15.33333,22.0,0.68433,11.0,39.0,50.0,23.66667,7.0,6.33333,15.66667,17.33333,113.33333,0,0.09667,-0.09667,0.35903,0.18243,0.56031,0.52835,0.61523,0.56813,1594.27519,1492.96511,0.37026,0.62974,2.74917,1.59651,0.66667,,,,
240.0,34.66667,79.0,0.441,8.66667,28.66667,0.301,13.66667,20.0,0.69433,5.66667,35.33333,41.0,23.66667,9.66667,5.66667,17.0,20.66667,91.66667,240.0,40.0,87.66667,0.456,8.0,27.0,0.312,11.0,18.33333,0.60267,11.0,36.33333,47.33333,20.33333,11.66667,4.0,15.33333,19.66667,99.0,1,0.09755,-0.09755,0.30543,0.15449,0.50116,0.49727,0.53952,0.55257,1528.04612,1495.45156,0.46224,0.53776,2.16561,1.86104,0.66667,240.0,41.33333,98.0,0.42267,11.33333,36.66667,0.31067,10.33333,16.33333,0.63767,13.0,38.66667,51.66667,23.33333,8.0,3.33333,14.0,18.0,104.33333,240.0,40.0,93.33333,0.42967,11.0,29.0,0.373,11.33333,16.33333,0.67667,11.33333,40.0,51.33333,22.33333,8.66667,4.0,15.33333,19.33333,102.33333,1,-0.03689,0.03689,0.28847,0.3284,0.488,0.48041,0.52865,0.515,1485.69152,1517.12256,0.53769,0.46231,1.87183,2.18454,0.66667,,,,
240.0,40.33333,93.0,0.43433,9.33333,25.33333,0.37133,21.0,26.33333,0.79733,15.33333,28.66667,44.0,19.0,7.0,3.33333,12.66667,18.66667,111.0,240.0,48.66667,90.33333,0.53633,11.0,26.66667,0.40567,15.66667,19.0,0.844,9.33333,34.0,43.33333,28.0,7.0,4.0,12.66667,23.66667,124.0,1,0.16286,-0.16286,0.33504,0.46755,0.59797,0.48416,0.65605,0.56208,1493.13844,1477.3607,0.50101,0.49899,2.06164,2.09192,1.0,240.0,34.0,84.66667,0.406,11.0,30.0,0.36833,12.33333,17.66667,0.69733,7.0,35.66667,42.66667,22.33333,10.33333,7.0,17.33333,19.33333,91.33333,240.0,40.0,87.0,0.45767,12.66667,27.33333,0.46633,13.0,17.66667,0.74267,8.33333,39.66667,48.0,27.33333,11.33333,5.0,16.66667,19.0,105.66667,1,0.20334,-0.20334,0.23879,0.16984,0.53118,0.47157,0.58065,0.52101,1522.93959,1468.37846,0.44224,0.55776,2.30101,1.80965,1.0,,,,
248.33333,43.66667,91.66667,0.47767,11.0,33.33333,0.32733,19.0,21.66667,0.888,10.66667,39.33333,50.0,22.66667,12.0,6.0,18.66667,22.33333,117.33333,248.33333,39.66667,87.66667,0.45133,8.33333,25.33333,0.33,16.0,21.0,0.75633,7.33333,29.66667,37.0,24.33333,10.66667,4.66667,18.33333,22.66667,103.66667,1,-0.1966,0.1966,0.19447,0.3712,0.49891,0.53823,0.56039,0.61036,1483.62786,1559.10642,0.59736,0.40264,1.68643,2.52622,0.33333,240.0,41.33333,87.66667,0.47167,10.66667,27.66667,0.383,20.0,25.0,0.77867,11.66667,29.66667,41.33333,22.0,4.66667,3.66667,14.0,22.33333,113.33333,240.0,46.0,85.66667,0.53633,12.0,30.66667,0.393,20.0,23.66667,0.84533,7.66667,30.0,37.66667,28.66667,5.66667,6.0,12.66667,23.33333,124.0,1,0.12719,-0.12719,0.25821,0.39544,0.60686,0.53241,0.68236,0.60794,1474.39819,1482.56868,0.52647,0.47353,1.91438,2.13049,1.0,,,,
240.0,42.66667,90.66667,0.46933,9.33333,26.0,0.36833,14.0,16.66667,0.87967,9.33333,34.33333,43.66667,26.33333,5.33333,4.33333,12.66667,18.0,108.66667,240.0,47.0,91.66667,0.514,15.66667,38.0,0.41267,13.66667,18.33333,0.748,8.0,36.0,44.0,28.66667,8.33333,4.66667,10.66667,17.33333,123.33333,0,0.19214,-0.19214,0.23685,0.2614,0.59913,0.52046,0.64506,0.57362,1513.97424,1480.44633,0.47004,0.52996,2.26081,1.96881,0.66667,240.0,45.0,87.0,0.518,12.33333,28.66667,0.445,16.0,19.33333,0.82333,5.66667,32.66667,38.33333,30.33333,9.66667,3.66667,11.66667,22.33333,118.33333,240.0,38.33333,82.0,0.47,11.0,34.66667,0.316,19.33333,26.0,0.73867,10.0,33.0,43.0,25.0,7.0,5.0,14.33333,19.66667,107.0,0,-0.15862,0.15862,0.31118,0.1711,0.53733,0.58886,0.61164,0.64914,1496.94485,1507.42014,0.501,0.499,1.9995,2.00735,0.33333,,,,
240.0,39.66667,84.0,0.473,10.0,28.0,0.36167,18.66667,25.66667,0.72367,9.0,29.33333,38.33333,21.66667,8.0,4.66667,14.33333,22.33333,108.0,240.0,40.66667,85.33333,0.477,13.33333,32.66667,0.408,20.66667,24.0,0.858,11.33333,31.66667,43.0,25.33333,5.66667,5.66667,17.0,23.66667,115.33333,0,0.09661,-0.09661,0.38423,0.32841,0.55522,0.53263,0.63738,0.60283,1479.79213,1444.85235,0.4633,0.5367,2.17192,1.87113,0.66667,240.0,47.33333,95.33333,0.49567,8.66667,27.33333,0.31533,11.33333,16.0,0.68267,12.33333,34.33333,46.66667,24.0,7.33333,5.0,14.66667,23.33333,114.66667,240.0,42.0,89.33333,0.47433,10.33333,33.33333,0.29633,19.66667,26.33333,0.734,12.33333,33.66667,46.0,23.0,8.66667,4.0,15.0,19.66667,114.0,0,-0.01025,0.01025,0.36237,0.37548,0.5334,0.54133,0.60404,0.5795,1562.22542,1495.77302,0.40004,0.59996,2.49989,1.66682,0.33333,,,,
240.0,39.66667,91.33333,0.43667,8.33333,33.33333,0.26067,14.33333,17.0,0.845,9.66667,33.33333,43.0,23.33333,8.66667,5.66667,11.33333,19.33333,102.0,240.0,41.33333,94.0,0.445,12.0,33.66667,0.38267,13.66667,18.33333,0.763,15.66667,36.66667,52.33333,22.66667,5.33333,3.0,14.33333,18.66667,108.33333,0,0.09284,-0.09284,0.47476,0.26068,0.50965,0.48314,0.55843,0.53981,1500.67463,1537.86839,0.56431,0.43569,1.80196,2.35924,0.66667,240.0,43.33333,91.33333,0.475,11.33333,34.0,0.33567,23.66667,30.33333,0.77867,12.0,38.0,50.0,29.33333,8.66667,5.33333,16.0,24.0,121.66667,240.0,40.66667,91.66667,0.44333,9.33333,36.33333,0.255,17.0,22.0,0.78767,10.0,31.66667,41.66667,25.0,8.33333,6.66667,14.33333,28.33333,107.66667,0,-0.18037,0.18037,0.26361,0.39619,0.49315,0.53709,0.55732,0.62094,1404.95939,1544.96389,0.673,0.327,1.48719,3.0702,0.0,,,,
240.0,34.0,91.33333,0.37267,7.66667,26.0,0.30133,25.0,28.66667,0.881,12.66667,36.33333,49.0,15.66667,6.66667,5.0,11.0,24.33333,100.66667,240.0,41.0,84.33333,0.48567,10.0,26.33333,0.37967,18.0,26.66667,0.65933,7.0,39.33333,46.33333,27.0,5.66667,10.33333,12.0,22.66667,110.0,0,0.12713,-0.12713,0.19957,0.32633,0.54459,0.41436,0.60974,0.51531,1512.69193,1441.03973,0.41305,0.58695,2.42691,1.70567,0.66667,240.0,36.33333,81.33333,0.44433,11.0,30.0,0.369,19.66667,26.33333,0.75133,8.33333,35.33333,43.66667,22.0,6.33333,5.33333,14.66667,22.66667,103.33333,240.0,40.66667,93.33333,0.43667,10.66667,32.33333,0.33433,15.66667,22.66667,0.694,14.66667,34.66667,49.33333,25.33333,8.33333,5.66667,10.66667,21.66667,107.66667,0,0.04651,-0.04651,0.41845,0.24006,0.49346,0.51098,0.5482,0.59178,1533.29648,1458.43626,0.39269,0.60731,2.57741,1.65536,0.33333,,,,
240.0,39.33333,83.66667,0.469,8.33333,26.0,0.31567,16.33333,22.0,0.737,7.66667,34.33333,42.0,26.0,9.66667,6.0,18.33333,21.66667,103.33333,240.0,41.66667,85.66667,0.48467,9.33333,23.66667,0.39167,15.0,22.0,0.66667,7.66667,34.66667,42.33333,21.66667,11.33333,5.0,16.33333,20.66667,107.66667,1,0.07772,-0.07772,0.22495,0.23528,0.53831,0.51984,0.59257,0.5813,1506.98975,1493.1993,0.48314,0.51686,2.07511,1.93907,0.66667,240.0,45.33333,92.66667,0.489,10.66667,25.66667,0.41733,20.66667,24.66667,0.84433,10.33333,29.0,39.33333,25.33333,9.33333,3.66667,8.0,22.33333,122.0,240.0,41.0,85.0,0.48033,12.33333,32.66667,0.39167,21.0,26.66667,0.787,11.33333,34.0,45.33333,23.33333,2.66667,4.33333,15.0,23.0,115.33333,1,-0.0839,0.0839,0.3908,0.30614,0.55325,0.54659,0.63385,0.62146,1483.78946,1503.61678,0.51799,0.48201,1.93686,2.08238,0.0,,,,
240.0,35.33333,86.33333,0.408,10.0,29.66667,0.33367,13.33333,17.66667,0.80067,5.66667,35.33333,41.0,20.0,7.66667,3.33333,15.66667,16.66667,94.0,240.0,43.66667,95.33333,0.46,13.33333,37.0,0.35533,14.33333,18.0,0.79133,13.33333,41.66667,55.0,25.66667,9.0,6.0,14.0,16.33333,115.0,0,0.29613,-0.29613,0.38713,0.1372,0.5313,0.46554,0.58186,0.52009,1539.12412,1432.46026,0.37734,0.62266,2.70562,1.61643,1.0,240.0,42.66667,91.66667,0.46633,9.33333,29.33333,0.34733,20.33333,26.0,0.78133,8.33333,31.33333,39.66667,20.33333,8.0,4.33333,12.66667,22.0,115.0,240.0,49.33333,93.66667,0.527,13.33333,43.0,0.31167,18.66667,25.33333,0.75,8.66667,39.0,47.66667,31.33333,7.0,4.0,13.66667,20.66667,130.66667,0,0.1855,-0.1855,0.27974,0.21373,0.59814,0.51698,0.65984,0.59096,1613.08162,1478.68876,0.33361,0.66639,3.18599,1.52357,0.66667,,,,
240.0,39.66667,83.0,0.475,7.66667,21.33333,0.357,19.0,27.0,0.711,11.33333,28.66667,40.0,18.0,9.0,3.33333,13.33333,23.66667,106.0,240.0,41.66667,85.33333,0.49067,12.66667,37.0,0.34367,18.66667,23.66667,0.80267,9.66667,32.0,41.66667,27.66667,9.0,3.0,12.66667,24.0,114.66667,0,0.1204,-0.1204,0.34216,0.36569,0.56532,0.52007,0.63633,0.59441,1484.41989,1439.52641,0.45291,0.54709,2.22749,1.83975,0.66667,240.0,40.33333,92.33333,0.437,7.66667,29.0,0.26533,15.66667,20.33333,0.78267,11.66667,33.66667,45.33333,22.66667,7.33333,7.33333,15.0,19.33333,104.0,240.0,43.0,97.0,0.44567,12.0,35.0,0.34967,13.66667,19.66667,0.71733,14.33333,34.66667,49.0,26.0,8.66667,4.66667,13.33333,21.0,111.66667,0,0.0939,-0.0939,0.42765,0.33585,0.50799,0.47849,0.55449,0.53753,1551.63988,1513.53083,0.45377,0.54623,2.21567,1.83695,0.66667,,,,
240.0,41.33333,92.33333,0.448,12.0,30.0,0.38,16.0,19.0,0.859,11.66667,31.66667,43.33333,22.33333,10.33333,3.33333,13.0,20.0,110.66667,240.0,40.0,88.33333,0.45167,13.66667,37.0,0.37567,18.66667,23.0,0.80833,11.0,36.33333,47.33333,27.66667,5.0,4.66667,15.33333,21.66667,112.33333,1,0.01803,-0.01803,0.34949,0.32098,0.52935,0.51325,0.60154,0.57399,1495.39763,1468.08058,0.45994,0.54006,2.17693,1.85333,0.66667,240.0,36.66667,82.33333,0.45333,10.66667,35.0,0.31333,18.0,25.0,0.72733,9.0,30.66667,39.66667,21.0,6.33333,5.66667,13.33333,16.66667,102.0,240.0,42.66667,92.33333,0.46667,11.0,26.66667,0.414,15.33333,18.66667,0.84167,16.33333,35.33333,51.66667,18.66667,6.33333,2.33333,11.66667,22.0,111.66667,1,0.13533,-0.13533,0.59016,0.25418,0.52658,0.52045,0.58341,0.58997,1446.00309,1514.68484,0.61879,0.38121,1.619,2.63575,0.66667,,,,
240.0,37.66667,84.0,0.45,12.33333,33.0,0.372,18.66667,24.66667,0.768,8.0,35.0,43.0,20.66667,9.66667,6.0,14.0,19.33333,106.33333,240.0,37.33333,85.0,0.44033,11.0,36.0,0.31033,15.66667,19.66667,0.806,9.33333,33.33333,42.66667,24.33333,9.66667,6.33333,16.0,24.33333,101.33333,0,-0.05387,0.05387,0.29497,0.26632,0.50566,0.52352,0.56857,0.59572,1488.77255,1501.06357,0.51043,0.48957,1.96541,2.04968,0.33333,240.0,35.66667,88.0,0.404,8.33333,25.66667,0.32133,16.0,19.33333,0.83633,8.66667,34.66667,43.33333,25.33333,11.33333,4.0,16.33333,21.66667,95.66667,240.0,38.33333,81.33333,0.47067,8.0,24.33333,0.327,14.66667,24.0,0.607,7.0,39.33333,46.33333,19.0,9.33333,8.66667,19.66667,20.0,99.33333,0,0.05928,-0.05928,0.20316,0.22211,0.52024,0.45092,0.57313,0.51726,1521.60259,1491.96236,0.46415,0.53585,2.17106,1.87763,0.66667,,,,
240.0,41.0,91.0,0.45167,12.0,38.0,0.313,12.66667,16.33333,0.77733,8.66667,33.33333,42.0,27.0,10.33333,6.0,13.33333,22.33333,106.66667,240.0,39.0,85.33333,0.456,11.66667,37.33333,0.30867,14.66667,20.33333,0.739,9.33333,37.0,46.33333,20.66667,6.0,4.0,18.0,18.66667,104.33333,0,-0.03188,0.03188,0.28839,0.23241,0.52381,0.51717,0.57987,0.56407,1497.83596,1524.95834,0.53034,0.46966,1.94564,2.23438,0.66667,240.0,36.33333,89.66667,0.401,9.66667,36.66667,0.259,14.33333,19.0,0.76233,12.0,28.66667,40.66667,21.0,8.33333,3.66667,15.66667,26.33333,96.66667,240.0,41.0,80.33333,0.512,11.0,29.66667,0.37667,23.33333,33.0,0.698,7.66667,39.66667,47.33333,21.0,9.33333,4.66667,14.0,19.0,116.33333,0,0.303,-0.303,0.27209,0.31001,0.5811,0.45388,0.66662,0.50989,1502.73476,1520.8735,0.54471,0.45529,1.84579,2.21348,1.0,,,,
240.0,40.33333,92.66667,0.43633,12.0,35.33333,0.342,9.33333,13.0,0.736,12.33333,33.33333,45.66667,28.33333,8.0,5.66667,14.66667,20.66667,102.0,240.0,37.33333,90.0,0.419,9.66667,35.66667,0.27267,16.66667,23.66667,0.69633,13.33333,35.0,48.33333,22.33333,8.33333,3.66667,14.0,18.33333,101.0,1,-0.01403,0.01403,0.39286,0.35064,0.47332,0.50103,0.53655,0.53475,1544.07869,1538.09732,0.49074,0.50926,2.077,2.00119,0.33333,240.0,38.66667,88.0,0.44267,11.0,32.33333,0.33333,15.0,19.66667,0.803,8.33333,34.0,42.33333,20.66667,7.66667,6.0,10.0,16.33333,103.33333,240.0,39.33333,89.33333,0.44033,13.66667,37.66667,0.36233,12.66667,17.33333,0.76267,14.66667,38.66667,53.33333,21.33333,4.66667,2.66667,14.66667,18.33333,105.0,1,0.02361,-0.02361,0.43289,0.20838,0.51872,0.50577,0.56522,0.56381,1541.53472,1503.91821,0.44919,0.55081,2.24136,1.82448,0.66667,,,,
240.0,39.66667,90.33333,0.441,11.66667,35.0,0.337,16.33333,23.0,0.68533,11.33333,31.0,42.33333,21.0,7.33333,2.33333,17.66667,25.33333,107.33333,240.0,41.0,82.0,0.50267,10.33333,31.33333,0.31167,22.66667,27.66667,0.77933,7.0,36.66667,43.66667,22.0,10.0,4.66667,16.66667,21.66667,115.0,0,0.10584,-0.10584,0.23495,0.31959,0.56849,0.50632,0.66014,0.56471,1560.40684,1489.25698,0.40978,0.59022,2.49005,1.7119,0.66667,240.0,34.0,87.66667,0.38933,8.33333,28.33333,0.29533,18.33333,21.33333,0.86,7.33333,32.0,39.33333,18.33333,9.33333,5.33333,14.0,21.66667,94.66667,240.0,42.0,86.33333,0.48833,10.66667,28.33333,0.38667,19.66667,26.33333,0.73767,9.33333,41.33333,50.66667,28.0,7.66667,4.66667,14.66667,18.66667,114.33333,0,0.26901,-0.26901,0.28681,0.17673,0.54991,0.43781,0.62316,0.51479,1518.81697,1462.72915,0.4472,0.5528,2.25797,1.82187,1.0,,,,
240.0,39.33333,89.0,0.44267,10.33333,25.33333,0.399,23.33333,28.0,0.83233,13.33333,35.66667,49.0,18.0,4.66667,6.0,12.66667,23.66667,112.33333,240.0,41.33333,89.0,0.46833,11.33333,31.66667,0.35867,18.66667,25.66667,0.71467,9.33333,32.66667,42.0,30.66667,6.66667,11.33333,10.0,21.66667,112.66667,0,-0.00364,0.00364,0.26595,0.42143,0.53264,0.50066,0.59908,0.59128,1510.66912,1445.85458,0.41072,0.58928,2.45425,1.7043,0.33333,248.33333,39.33333,86.33333,0.45767,8.66667,27.33333,0.32633,19.33333,25.33333,0.775,12.66667,28.0,40.66667,20.0,6.66667,5.33333,13.33333,23.33333,106.66667,248.33333,41.33333,90.0,0.45933,12.0,35.33333,0.33033,21.0,28.0,0.77067,13.33333,33.33333,46.66667,24.66667,8.33333,3.0,11.66667,21.33333,115.66667,0,0.1175,-0.1175,0.48159,0.38005,0.52547,0.50801,0.6015,0.58273,1492.92408,1446.5968,0.446,0.554,2.27317,1.82169,1.0,,,,
240.0,36.33333,85.33333,0.425,6.0,25.66667,0.229,17.0,20.0,0.85633,11.33333,34.33333,45.66667,20.66667,4.66667,5.0,13.0,22.66667,95.66667,240.0,38.66667,88.33333,0.43767,12.0,35.0,0.35033,18.33333,25.66667,0.72033,11.0,34.0,45.0,20.66667,5.66667,4.66667,8.33333,19.0,107.66667,0,0.17708,-0.17708,0.32388,0.3435,0.50584,0.45937,0.57307,0.53238,1491.55604,1566.46206,0.63236,0.36764,1.58553,2.74152,1.0,240.0,41.0,95.33333,0.43167,11.33333,38.33333,0.30533,16.0,21.33333,0.75,12.66667,30.33333,43.0,24.33333,7.33333,5.66667,12.0,20.66667,109.33333,240.0,46.0,91.66667,0.502,10.66667,31.33333,0.31667,15.33333,20.33333,0.74333,12.0,36.66667,48.66667,26.66667,6.0,5.33333,14.66667,21.0,118.0,0,0.10571,-0.10571,0.39588,0.3466,0.56007,0.49098,0.61357,0.54724,1575.05276,1467.53615,0.36404,0.63596,2.75903,1.57483,0.66667,,,,
240.0,36.33333,85.33333,0.42467,8.0,30.33333,0.24767,18.33333,24.66667,0.75167,7.33333,34.33333,41.66667,25.0,7.0,4.66667,13.0,20.66667,99.0,240.0,42.0,94.0,0.44933,10.66667,34.33333,0.31033,16.66667,21.0,0.79,14.0,39.0,53.0,25.0,6.0,6.0,12.66667,21.0,111.33333,0,0.17643,-0.17643,0.41127,0.18746,0.50709,0.4719,0.56741,0.54429,1538.94954,1414.90117,0.34835,0.65165,3.03067,1.55344,1.0,240.0,44.0,90.66667,0.48767,14.66667,34.33333,0.42833,18.66667,24.33333,0.76633,12.66667,25.0,37.66667,23.33333,9.33333,3.66667,14.66667,21.33333,121.33333,240.0,42.0,80.0,0.528,15.33333,41.66667,0.36967,22.66667,27.66667,0.80067,8.66667,29.66667,38.33333,24.33333,9.0,7.33333,17.66667,23.66667,122.0,0,0.005,-0.005,0.33787,0.43003,0.62389,0.57026,0.71327,0.63658,1493.76332,1494.38165,0.50138,0.49862,1.99537,2.00642,0.66667,,,,
240.0,44.66667,92.33333,0.484,10.66667,27.66667,0.396,24.0,29.66667,0.81767,10.33333,34.33333,44.66667,22.33333,6.33333,4.33333,13.33333,25.0,124.0,240.0,41.66667,94.0,0.44367,12.66667,35.0,0.371,25.0,30.66667,0.827,14.0,33.33333,47.33333,27.0,7.0,6.33333,10.66667,26.66667,121.0,1,-0.03486,0.03486,0.41566,0.30731,0.51112,0.54189,0.60138,0.62746,1452.58586,1529.60424,0.60711,0.39289,1.6554,2.57513,0.33333,240.0,39.0,91.33333,0.42767,12.66667,35.66667,0.354,10.0,12.66667,0.80833,10.0,31.66667,41.66667,21.33333,5.0,5.33333,10.0,18.0,100.66667,240.0,42.33333,91.33333,0.464,13.66667,35.0,0.38967,13.0,15.33333,0.78467,13.33333,39.66667,53.0,21.0,5.0,4.33333,13.0,17.0,111.33333,1,0.14305,-0.14305,0.42077,0.2515,0.53989,0.49657,0.58839,0.53502,1567.7462,1537.37768,0.4736,0.5264,2.12785,1.91264,1.0,,,,
240.0,45.0,90.0,0.50067,9.0,28.33333,0.32,14.0,17.66667,0.829,7.33333,32.0,39.33333,23.66667,7.66667,5.0,13.66667,22.33333,113.0,240.0,43.66667,87.0,0.50433,12.33333,36.66667,0.35233,19.0,26.33333,0.72733,8.0,33.0,41.0,29.33333,7.66667,3.0,14.33333,18.33333,118.66667,0,0.07077,-0.07077,0.24849,0.23175,0.57481,0.5506,0.64218,0.60268,1512.37113,1407.68501,0.36854,0.63146,2.95963,1.62414,0.66667,256.66667,42.33333,96.0,0.44233,10.0,29.0,0.34333,16.66667,22.0,0.758,10.66667,35.33333,46.0,25.0,6.66667,7.0,12.66667,26.0,111.33333,256.66667,41.0,90.0,0.45667,7.0,22.0,0.31533,27.33333,32.0,0.857,7.66667,41.33333,49.0,24.0,6.33333,4.33333,12.66667,23.66667,116.33333,0,0.06345,-0.06345,0.22218,0.25722,0.49524,0.49448,0.60012,0.5531,1526.71616,1530.98802,0.50601,0.49399,2.0092,2.06069,1.0,,,,
240.0,41.66667,87.66667,0.47767,10.0,27.33333,0.36667,19.66667,24.66667,0.80367,9.66667,37.66667,47.33333,20.33333,4.66667,6.66667,12.66667,19.66667,113.0,240.0,41.33333,94.0,0.44067,12.33333,32.66667,0.37733,15.66667,19.0,0.832,12.66667,32.33333,45.0,22.0,3.66667,5.0,9.33333,22.0,110.66667,0,-0.04073,0.04073,0.33586,0.29379,0.50662,0.53462,0.56445,0.6091,1463.96357,1517.04493,0.56972,0.43028,1.76512,2.34702,0.33333,240.0,34.33333,80.66667,0.434,10.0,37.0,0.27167,17.66667,24.0,0.74067,8.33333,29.0,37.33333,22.33333,7.0,4.33333,15.33333,20.33333,96.33333,240.0,45.0,87.66667,0.51233,11.0,28.0,0.39333,15.33333,19.33333,0.79733,10.0,36.0,46.0,31.33333,11.0,4.33333,14.0,21.33333,116.33333,0,0.26498,-0.26498,0.34191,0.22863,0.57562,0.49776,0.63161,0.56937,1540.57935,1451.00398,0.3871,0.6129,2.59833,1.63557,0.66667,,,,
240.0,45.0,88.66667,0.50667,11.33333,32.66667,0.348,11.66667,14.66667,0.804,9.33333,41.33333,50.66667,29.0,9.0,5.33333,18.66667,21.33333,113.0,240.0,35.33333,87.66667,0.402,8.66667,31.0,0.28033,14.66667,19.33333,0.76033,9.0,30.0,39.0,23.0,9.33333,4.66667,15.0,17.0,94.0,1,-0.26212,0.26212,0.22299,0.33806,0.45104,0.57081,0.51029,0.61339,1437.29899,1565.59449,0.65957,0.34043,1.52064,2.96974,0.0,240.0,33.66667,86.33333,0.39267,10.0,29.0,0.347,21.0,25.66667,0.817,10.0,37.0,47.0,19.0,7.0,3.66667,12.33333,21.33333,98.33333,240.0,39.33333,83.33333,0.472,11.33333,28.33333,0.40233,12.66667,19.0,0.687,6.66667,35.33333,42.0,26.66667,8.0,11.66667,11.66667,22.33333,102.66667,1,0.06347,-0.06347,0.18482,0.28844,0.54024,0.45094,0.58688,0.5367,1524.14578,1477.55682,0.44367,0.55633,2.27539,1.8071,0.66667,,,,
240.0,37.0,91.66667,0.404,13.0,35.33333,0.36667,16.0,24.33333,0.667,13.33333,35.0,48.33333,20.66667,8.66667,7.0,12.33333,19.66667,103.0,240.0,39.33333,88.33333,0.446,10.66667,30.0,0.361,17.33333,20.0,0.87233,8.66667,39.66667,48.33333,23.33333,7.33333,6.33333,15.0,19.33333,106.66667,1,0.04677,-0.04677,0.25802,0.34152,0.50792,0.47462,0.57648,0.53012,1509.49388,1481.18382,0.46601,0.53399,2.22857,1.92259,0.66667,240.0,40.66667,85.33333,0.478,10.0,25.66667,0.39233,18.66667,26.33333,0.71233,11.33333,35.66667,47.0,25.0,9.33333,4.66667,12.33333,17.0,110.0,240.0,37.66667,87.66667,0.42933,9.66667,33.66667,0.28733,13.0,17.66667,0.73033,11.33333,31.33333,42.66667,23.0,7.33333,3.33333,13.66667,19.66667,98.0,1,-0.16807,0.16807,0.31991,0.35774,0.48406,0.5363,0.53432,0.60378,1386.22762,1488.35884,0.62672,0.37328,1.59883,2.69561,0.0,,,,
240.0,38.0,89.33333,0.42867,11.33333,35.66667,0.30833,22.0,29.66667,0.73167,14.66667,28.66667,43.33333,22.33333,8.33333,2.33333,12.66667,25.0,109.33333,240.0,41.66667,83.33333,0.50133,6.66667,19.0,0.34667,23.33333,28.66667,0.81433,9.0,36.0,45.0,23.66667,7.33333,5.66667,15.33333,21.33333,113.33333,1,0.05193,-0.05193,0.31705,0.40443,0.54214,0.49012,0.63447,0.57269,1502.1225,1491.01433,0.49279,0.50721,2.07017,2.00335,0.66667,240.0,40.33333,87.0,0.46467,11.33333,28.33333,0.396,25.66667,32.66667,0.79633,13.33333,33.33333,46.66667,18.0,6.66667,3.33333,11.0,22.66667,117.66667,240.0,37.0,84.0,0.442,12.66667,32.0,0.39633,20.33333,26.0,0.77467,11.33333,30.66667,42.0,21.33333,4.33333,5.33333,15.33333,27.33333,107.0,1,-0.1394,0.1394,0.34028,0.45602,0.51777,0.53012,0.59842,0.62634,1490.50138,1488.55222,0.47226,0.52774,2.13649,1.90741,0.0,,,,
248.33333,43.66667,89.33333,0.49033,17.0,40.66667,0.42567,16.33333,21.66667,0.733,8.33333,38.33333,46.66667,26.66667,9.33333,5.33333,14.0,21.33333,120.66667,248.33333,43.33333,88.66667,0.487,17.0,33.66667,0.50333,16.33333,23.66667,0.689,7.0,34.33333,41.33333,26.0,7.33333,4.0,12.33333,20.33333,120.0,1,-0.00824,0.00824,0.18523,0.23818,0.5822,0.58591,0.63798,0.64216,1505.08666,1605.48018,0.63359,0.36641,1.60165,2.88065,0.66667,248.33333,43.33333,93.33333,0.463,11.0,31.0,0.358,14.33333,19.33333,0.75367,14.33333,33.66667,48.0,28.33333,7.33333,4.0,18.33333,19.66667,112.0,248.33333,43.33333,92.33333,0.47067,11.33333,36.0,0.313,17.66667,19.33333,0.927,10.33333,33.33333,43.66667,26.0,9.33333,4.66667,14.0,19.0,115.66667,1,0.04659,-0.04659,0.29821,0.4378,0.53285,0.52237,0.60029,0.57267,1594.76113,1548.06463,0.43908,0.56092,2.28594,1.78655,0.66667,,,,
240.0,42.66667,88.66667,0.48167,10.66667,33.33333,0.321,14.0,17.33333,0.81833,8.0,34.0,42.0,27.0,9.33333,5.33333,15.0,24.0,110.0,240.0,40.0,85.66667,0.466,12.33333,39.0,0.309,16.33333,24.0,0.67867,8.66667,33.66667,42.33333,22.33333,8.66667,4.33333,16.33333,19.33333,108.66667,1,-0.02173,0.02173,0.25842,0.24074,0.53709,0.54134,0.59647,0.59457,1475.19138,1528.26816,0.56827,0.43173,1.7841,2.3808,0.66667,240.0,46.33333,95.66667,0.48433,12.66667,32.33333,0.403,16.33333,22.33333,0.70767,13.33333,30.33333,43.66667,22.33333,7.33333,4.0,13.66667,24.66667,121.66667,240.0,49.66667,96.0,0.51533,10.0,28.33333,0.35967,22.0,26.66667,0.82933,11.66667,35.66667,47.33333,30.0,7.0,6.0,12.0,22.0,131.33333,1,0.10978,-0.10978,0.39508,0.3999,0.56768,0.55054,0.64531,0.60471,1528.0829,1488.24012,0.45719,0.54281,2.21882,1.86308,1.0,,,,
240.0,43.66667,94.0,0.46367,8.0,27.33333,0.28867,17.66667,23.0,0.76967,12.33333,30.0,42.33333,17.0,10.0,6.66667,15.0,24.66667,113.0,240.0,47.0,91.0,0.518,13.33333,34.0,0.393,21.0,28.0,0.76733,12.0,37.0,49.0,27.66667,8.0,5.33333,15.33333,22.0,128.33333,0,0.18773,-0.18773,0.40411,0.33812,0.59222,0.50615,0.66422,0.56968,1544.58821,1459.36501,0.40185,0.59815,2.48882,1.6719,1.0,240.0,42.0,86.0,0.489,11.66667,28.66667,0.40767,14.66667,19.66667,0.73033,8.0,31.0,39.0,26.0,5.0,4.0,15.33333,19.66667,110.33333,240.0,44.66667,86.33333,0.51667,12.0,30.33333,0.39733,18.0,21.33333,0.844,8.66667,31.0,39.66667,25.66667,6.66667,6.0,12.66667,20.66667,119.33333,0,0.11133,-0.11133,0.27982,0.25757,0.58633,0.55691,0.65524,0.61089,1465.12235,1482.3542,0.53613,0.46387,1.8722,2.16602,1.0,,,,
240.0,44.66667,99.66667,0.44833,10.66667,33.33333,0.31867,15.33333,21.0,0.68833,15.0,40.33333,55.33333,22.66667,9.0,5.0,13.66667,21.66667,115.33333,240.0,39.33333,89.0,0.442,11.66667,32.0,0.35867,13.66667,20.66667,0.66033,8.33333,35.66667,44.0,26.0,9.33333,6.66667,15.33333,21.33333,104.0,1,-0.15333,0.15333,0.20602,0.44056,0.50663,0.50097,0.55618,0.55562,1476.94466,1549.28544,0.58157,0.41843,1.75364,2.47377,0.33333,240.0,37.33333,87.33333,0.42833,6.0,24.66667,0.23567,18.66667,22.33333,0.829,9.33333,35.33333,44.66667,21.33333,5.33333,5.66667,14.0,24.33333,99.33333,240.0,40.66667,90.0,0.45333,10.66667,31.0,0.339,19.0,27.0,0.70367,11.33333,37.66667,49.0,22.0,6.0,4.66667,12.33333,21.33333,111.0,1,0.16488,-0.16488,0.32401,0.24633,0.51168,0.46228,0.58056,0.53793,1508.82333,1469.79976,0.46234,0.53766,2.22372,1.9058,1.0,,,,
240.0,38.0,87.33333,0.43367,11.0,31.0,0.35733,14.66667,18.0,0.82667,6.33333,32.33333,38.66667,27.66667,8.66667,3.0,12.33333,20.66667,101.66667,240.0,40.66667,85.33333,0.47633,10.66667,29.66667,0.359,18.66667,23.66667,0.81333,9.0,37.33333,46.33333,25.33333,9.0,7.33333,14.33333,18.66667,110.66667,0,0.12886,-0.12886,0.28656,0.17082,0.53954,0.49622,0.61201,0.55542,1544.13458,1468.19729,0.40688,0.59312,2.4668,1.68872,0.66667,240.0,38.33333,90.66667,0.42333,9.0,30.0,0.29367,15.33333,21.33333,0.742,9.66667,34.0,43.66667,17.66667,7.33333,6.66667,7.66667,17.0,101.0,240.0,40.33333,93.33333,0.43267,10.66667,33.33333,0.32833,14.0,16.0,0.843,15.0,40.33333,55.33333,19.33333,3.33333,5.0,13.0,19.33333,105.33333,0,0.05881,-0.05881,0.44269,0.2388,0.49101,0.47266,0.54439,0.52975,1555.78643,1523.86571,0.46373,0.53627,2.16485,1.87037,0.66667,,,,
240.0,42.0,82.0,0.511,10.33333,26.66667,0.404,16.66667,20.0,0.84467,6.33333,30.66667,37.0,27.66667,9.33333,5.66667,14.33333,19.33333,111.0,240.0,38.33333,78.33333,0.48967,15.33333,35.66667,0.435,18.0,23.66667,0.763,8.0,29.33333,37.33333,24.33333,7.66667,4.0,14.66667,18.0,110.0,1,-0.02665,0.02665,0.2582,0.21429,0.58859,0.57418,0.65908,0.64195,1494.32021,1518.53732,0.5437,0.4563,1.85132,2.2149,0.66667,248.33333,37.33333,88.33333,0.42367,9.33333,28.0,0.32467,23.33333,29.0,0.80333,14.66667,35.66667,50.33333,18.0,7.33333,5.66667,17.33333,16.66667,107.33333,248.33333,41.66667,86.33333,0.484,12.66667,31.66667,0.404,12.33333,16.0,0.79467,4.33333,32.66667,37.0,25.66667,11.0,5.33333,15.0,24.66667,108.33333,1,0.01524,-0.01524,0.12483,0.45328,0.55773,0.47544,0.60478,0.56665,1417.42703,1514.94799,0.64681,0.35319,1.54684,2.83635,0.33333,,,,
240.0,39.33333,91.33333,0.431,12.0,35.33333,0.348,21.66667,26.66667,0.79467,11.0,34.0,45.0,21.33333,6.66667,4.33333,14.33333,21.33333,112.33333,240.0,47.33333,95.66667,0.494,13.66667,35.33333,0.39567,13.66667,20.0,0.691,10.66667,37.33333,48.0,28.0,6.66667,5.33333,13.33333,22.66667,122.0,0,0.11321,-0.11321,0.32915,0.30653,0.56573,0.49644,0.61014,0.57892,1502.69066,1549.84445,0.57245,0.42755,1.80603,2.44985,0.33333,240.0,42.33333,90.66667,0.466,10.66667,30.33333,0.346,13.33333,19.66667,0.66333,13.33333,34.66667,48.0,24.66667,8.66667,3.0,12.66667,21.0,108.66667,240.0,40.33333,85.66667,0.47233,8.66667,24.0,0.37433,17.66667,22.0,0.80967,8.66667,33.33333,42.0,26.33333,8.0,7.66667,13.33333,20.66667,107.0,0,-0.02122,0.02122,0.25865,0.4,0.52226,0.5241,0.59173,0.57343,1574.00792,1494.47115,0.38904,0.61096,2.68174,1.66254,0.66667,,,,
240.0,41.33333,90.66667,0.45633,8.66667,28.33333,0.30333,25.0,33.0,0.76533,11.0,37.0,48.0,19.66667,8.0,5.66667,12.0,21.0,116.33333,240.0,42.33333,97.0,0.43633,11.0,38.33333,0.28667,19.0,22.66667,0.83867,14.33333,36.66667,51.0,24.66667,6.33333,6.33333,11.0,27.33333,114.66667,1,-0.02244,0.02244,0.38739,0.30087,0.49306,0.50417,0.56167,0.5942,1465.88763,1528.97756,0.59014,0.40986,1.7166,2.49894,0.33333,240.0,44.0,95.66667,0.46233,10.66667,34.0,0.31633,16.33333,21.66667,0.753,11.66667,36.66667,48.33333,25.66667,8.0,4.0,15.33333,20.0,115.0,240.0,42.66667,91.0,0.47067,12.0,28.33333,0.42333,13.66667,20.0,0.65733,9.33333,37.33333,46.66667,25.33333,9.66667,4.66667,14.66667,21.0,111.0,1,-0.04222,0.04222,0.25011,0.32467,0.5357,0.51781,0.58326,0.57448,1475.89886,1513.39008,0.53947,0.46053,1.86496,2.192,0.66667,,,,
240.0,42.66667,93.0,0.46233,10.33333,24.66667,0.42867,20.33333,26.33333,0.76933,14.0,31.0,45.0,23.0,5.66667,3.33333,11.66667,21.0,116.0,240.0,48.33333,95.33333,0.50467,7.0,24.33333,0.286,15.0,19.33333,0.73767,11.33333,34.33333,45.66667,29.33333,7.0,3.33333,11.33333,23.33333,118.66667,0,0.02167,-0.02167,0.37859,0.42447,0.54163,0.5183,0.59566,0.5904,1523.74869,1481.09993,0.43729,0.56271,2.28734,1.77733,0.66667,240.0,39.66667,92.33333,0.43067,10.0,36.0,0.28633,15.33333,19.66667,0.75367,9.66667,31.33333,41.0,21.33333,7.33333,4.66667,15.0,21.66667,104.66667,240.0,46.33333,94.33333,0.48867,12.0,41.66667,0.28867,15.66667,23.0,0.694,11.0,40.0,51.0,28.33333,7.33333,4.0,14.33333,18.66667,120.33333,0,0.19222,-0.19222,0.35752,0.24205,0.5515,0.48445,0.60299,0.5421,1607.96131,1494.45035,0.36208,0.63792,2.97584,1.59579,0.66667,,,,
256.66667,41.33333,89.66667,0.464,14.33333,41.0,0.346,19.66667,25.33333,0.78733,14.33333,26.66667,41.0,20.66667,6.33333,5.33333,16.33333,25.33333,116.66667,256.66667,44.66667,89.0,0.502,8.33333,26.0,0.31867,25.0,33.66667,0.74467,14.33333,31.0,45.33333,20.66667,9.66667,4.66667,13.0,23.66667,122.66667,1,0.07414,-0.07414,0.56269,0.46076,0.54856,0.54592,0.63633,0.61693,1463.79593,1497.2794,0.55175,0.44825,1.81779,2.24066,1.0,240.0,34.66667,85.66667,0.407,7.33333,30.66667,0.244,18.33333,23.66667,0.78567,9.66667,35.33333,45.0,17.33333,6.66667,5.33333,9.33333,22.0,95.0,240.0,36.33333,82.66667,0.43967,9.0,22.0,0.41167,19.33333,24.66667,0.77133,9.66667,36.0,45.66667,20.66667,3.33333,5.0,11.0,19.33333,101.0,1,0.09072,-0.09072,0.27288,0.26207,0.49434,0.45008,0.57495,0.52555,1486.87057,1511.72296,0.54669,0.45331,1.87279,2.27341,0.66667,,,,
248.33333,42.33333,89.66667,0.46867,17.0,47.0,0.35467,17.66667,22.0,0.80667,12.66667,31.0,43.66667,26.0,8.66667,5.66667,14.66667,26.66667,119.33333,248.33333,41.66667,85.66667,0.48467,10.66667,26.33333,0.412,20.33333,26.66667,0.77133,10.33333,30.0,40.33333,25.0,7.33333,6.0,13.33333,21.0,114.33333,0,-0.05037,0.05037,0.34383,0.42277,0.54711,0.562,0.62258,0.62745,1475.12803,1497.08564,0.52479,0.47521,1.9092,2.10955,0.66667,240.0,46.66667,87.66667,0.53333,9.0,21.66667,0.41933,12.66667,15.66667,0.82333,6.33333,33.33333,39.66667,28.33333,8.33333,4.33333,14.33333,22.0,115.0,240.0,41.0,84.33333,0.48633,13.33333,34.33333,0.39067,17.0,22.66667,0.75533,9.0,33.0,42.0,28.0,9.66667,5.33333,14.66667,19.33333,112.33333,0,-0.05606,0.05606,0.2619,0.18911,0.56511,0.58486,0.62849,0.63205,1495.45403,1484.34408,0.47956,0.52044,2.09077,1.92597,0.33333,,,,
240.0,40.66667,88.33333,0.46467,9.33333,31.66667,0.32233,19.66667,25.33333,0.78933,12.0,30.33333,42.33333,22.0,8.0,5.0,15.0,19.66667,110.33333,240.0,43.0,89.0,0.48333,14.0,34.33333,0.40633,17.33333,21.33333,0.81767,12.33333,30.66667,43.0,27.66667,6.0,5.66667,16.33333,24.0,117.33333,0,0.08772,-0.08772,0.40522,0.41286,0.56153,0.51813,0.62623,0.59166,1511.6529,1445.20228,0.41575,0.58425,2.46033,1.73142,0.66667,240.0,46.33333,95.33333,0.486,15.33333,34.0,0.45733,13.66667,17.66667,0.77167,14.0,29.0,43.0,26.33333,8.66667,3.33333,13.66667,22.66667,121.66667,240.0,45.0,88.66667,0.501,10.66667,27.66667,0.38667,23.33333,25.66667,0.9,11.0,31.66667,42.66667,28.0,8.0,6.0,14.33333,20.33333,124.0,0,0.01986,-0.01986,0.38764,0.45742,0.56239,0.56616,0.65644,0.61294,1524.84747,1519.12589,0.49153,0.50847,2.04798,1.9781,0.66667,,,,
240.0,40.66667,97.66667,0.417,9.0,28.66667,0.31267,19.33333,26.66667,0.70933,16.66667,35.0,51.66667,25.0,6.66667,6.33333,15.66667,21.33333,109.66667,240.0,40.66667,93.0,0.437,12.0,31.33333,0.38233,20.66667,25.66667,0.806,11.33333,35.33333,46.66667,26.0,10.0,7.66667,13.0,24.66667,114.0,0,0.0581,-0.0581,0.32398,0.47386,0.50179,0.46293,0.5776,0.52932,1470.8524,1530.27727,0.58821,0.41179,1.70472,2.44179,1.0,240.0,41.0,88.33333,0.464,10.33333,30.0,0.349,25.0,30.33333,0.82633,9.66667,38.0,47.66667,21.66667,6.0,3.33333,14.33333,25.66667,117.33333,240.0,40.0,92.0,0.43433,9.66667,29.66667,0.302,23.0,31.33333,0.697,10.66667,34.0,44.66667,24.33333,6.66667,7.0,10.33333,24.33333,112.66667,0,-0.06285,0.06285,0.28651,0.28275,0.48605,0.52277,0.5691,0.61809,1456.07162,1523.7508,0.5877,0.4123,1.71227,2.45307,0.33333,,,,
240.0,34.33333,89.33333,0.38433,9.66667,34.33333,0.28833,16.66667,23.0,0.726,10.0,32.0,42.0,21.66667,10.33333,4.33333,17.0,21.33333,95.0,240.0,42.33333,90.66667,0.465,12.33333,29.33333,0.421,18.0,22.33333,0.80867,11.33333,41.0,52.33333,29.0,10.33333,6.0,16.66667,23.33333,115.0,1,0.2628,-0.2628,0.35896,0.24511,0.53292,0.43863,0.59934,0.50385,1550.74882,1421.9855,0.33654,0.66346,3.00286,1.51092,1.0,240.0,39.66667,88.66667,0.448,11.33333,31.33333,0.36067,23.0,28.66667,0.807,12.33333,36.0,48.33333,19.0,6.0,3.0,9.66667,21.33333,113.66667,240.0,36.0,88.0,0.41433,11.0,31.66667,0.348,18.0,24.0,0.735,12.66667,34.0,46.66667,19.0,4.33333,5.66667,13.66667,25.0,101.0,1,-0.17282,0.17282,0.34444,0.36125,0.47898,0.5125,0.54967,0.59967,1482.0126,1504.32439,0.50373,0.49627,1.98649,2.01638,0.0,,,,
248.33333,41.33333,91.33333,0.45033,7.33333,27.33333,0.26333,17.33333,20.66667,0.839,11.66667,33.66667,45.33333,23.33333,6.0,4.66667,13.0,20.33333,107.33333,248.33333,43.66667,93.33333,0.469,12.33333,32.33333,0.385,15.66667,20.33333,0.75767,10.66667,33.33333,44.0,23.66667,5.33333,4.33333,11.66667,20.66667,115.33333,1,0.11076,-0.11076,0.31194,0.35979,0.53519,0.48967,0.59086,0.55753,1530.40856,1559.99838,0.55432,0.44568,1.83587,2.29963,1.0,240.0,43.66667,91.0,0.48033,14.0,38.0,0.368,19.0,24.0,0.79,10.33333,36.33333,46.66667,31.33333,8.33333,4.0,14.33333,21.66667,120.33333,240.0,42.33333,89.33333,0.472,10.66667,36.66667,0.28633,14.0,19.33333,0.73167,7.66667,30.66667,38.33333,26.66667,8.0,7.66667,14.66667,23.33333,109.33333,1,-0.14518,0.14518,0.21322,0.3575,0.53051,0.55696,0.58309,0.62495,1398.58201,1548.21207,0.6871,0.3129,1.45648,3.20665,0.33333,,,,
240.0,40.33333,82.33333,0.49033,9.66667,30.0,0.31933,21.66667,25.33333,0.855,9.33333,38.33333,47.66667,27.33333,5.0,7.0,17.0,22.0,112.0,240.0,40.66667,94.0,0.43267,10.0,32.66667,0.307,16.33333,25.33333,0.639,13.66667,31.0,44.66667,25.0,9.0,5.0,10.33333,21.66667,107.66667,0,-0.05334,0.05334,0.35854,0.3,0.48582,0.54886,0.54102,0.63774,1497.24993,1534.51774,0.54282,0.45718,1.85853,2.21116,0.33333,240.0,36.66667,85.66667,0.42667,11.33333,29.0,0.387,19.33333,24.0,0.808,10.66667,33.33333,44.0,21.33333,4.0,5.66667,15.33333,22.66667,104.0,240.0,45.33333,93.66667,0.486,13.33333,34.0,0.39767,17.66667,22.66667,0.794,11.33333,36.33333,47.66667,30.66667,7.33333,6.33333,9.0,22.33333,121.66667,0,0.22804,-0.22804,0.34386,0.29109,0.55719,0.49175,0.61925,0.5719,1546.69603,1429.8637,0.35202,0.64798,2.85268,1.54525,0.66667,,,,
248.33333,38.66667,85.0,0.455,9.66667,26.66667,0.36067,16.66667,21.33333,0.785,6.66667,36.66667,43.33333,25.33333,7.0,7.66667,12.33333,24.66667,103.66667,248.33333,35.33333,85.33333,0.41367,9.0,24.66667,0.36,21.0,24.33333,0.85633,9.33333,37.33333,46.66667,22.33333,6.0,4.33333,13.0,21.0,100.66667,1,-0.04965,0.04965,0.25864,0.17587,0.4667,0.5121,0.55414,0.57876,1494.57103,1526.42233,0.53909,0.46091,1.86026,2.17776,0.33333,240.0,42.33333,88.33333,0.47933,10.0,27.33333,0.365,18.66667,23.66667,0.789,10.0,32.66667,42.66667,23.33333,11.33333,5.33333,11.66667,22.33333,113.33333,240.0,37.66667,84.33333,0.445,11.66667,33.33333,0.35933,19.0,24.66667,0.77,11.0,34.66667,45.66667,18.66667,5.33333,4.33333,18.0,22.33333,106.0,1,-0.10275,0.10275,0.33506,0.29083,0.51471,0.5357,0.5907,0.60472,1480.0237,1491.63037,0.50211,0.49789,1.99375,2.01062,0.0,,,,
240.0,39.0,93.66667,0.41667,10.66667,39.0,0.263,16.66667,20.33333,0.82233,11.0,30.66667,41.66667,25.33333,9.33333,4.33333,10.66667,15.66667,105.33333,240.0,45.33333,90.66667,0.50067,13.33333,32.0,0.42833,11.33333,15.66667,0.74233,11.33333,37.66667,49.0,27.0,5.33333,4.66667,16.0,20.33333,115.33333,0,0.14129,-0.14129,0.38518,0.29589,0.5743,0.4741,0.61408,0.53695,1470.93898,1536.47394,0.60756,0.39244,1.69326,2.69289,1.0,240.0,35.33333,82.0,0.43133,12.0,36.66667,0.32133,16.66667,17.66667,0.94733,8.66667,31.33333,40.0,25.66667,6.33333,5.66667,17.33333,23.0,99.33333,240.0,41.0,87.66667,0.465,12.66667,30.33333,0.42,18.66667,25.0,0.73133,11.66667,31.33333,43.0,24.66667,9.66667,5.0,12.66667,17.33333,113.33333,0,0.19617,-0.19617,0.37885,0.27252,0.53605,0.50471,0.60729,0.57851,1509.02954,1508.73854,0.5178,0.4822,1.93879,2.08393,0.66667,,,,
240.0,33.66667,86.33333,0.393,9.66667,34.0,0.29233,22.0,28.66667,0.763,10.0,33.33333,43.33333,20.66667,11.66667,6.0,20.33333,23.33333,99.0,240.0,42.66667,89.33333,0.47533,12.66667,33.0,0.387,18.0,25.33333,0.71367,10.66667,40.0,50.66667,27.0,14.33333,5.0,19.0,25.0,116.0,0,0.22274,-0.22274,0.3254,0.25404,0.54624,0.44968,0.60882,0.53807,1511.27509,1410.39683,0.37066,0.62934,2.70246,1.58995,0.66667,240.0,41.0,87.66667,0.46833,12.0,37.0,0.32067,15.33333,18.66667,0.82433,9.33333,32.66667,42.0,27.33333,7.0,6.0,13.33333,21.0,109.33333,240.0,42.0,83.33333,0.505,15.33333,33.0,0.47833,18.66667,24.66667,0.76367,6.33333,35.0,41.33333,23.0,7.0,3.66667,12.0,17.66667,118.0,0,0.1078,-0.1078,0.19874,0.27066,0.59727,0.53658,0.66657,0.59633,1536.47394,1552.79795,0.53767,0.46233,1.87329,2.18708,1.0,,,,
240.0,37.66667,88.0,0.42667,11.33333,34.33333,0.33133,17.66667,24.33333,0.72033,6.33333,34.0,40.33333,24.0,8.0,3.33333,12.0,19.0,104.33333,240.0,44.0,94.33333,0.469,12.33333,37.33333,0.32267,16.33333,21.33333,0.75567,13.33333,40.66667,54.0,26.33333,7.0,7.0,13.66667,20.0,116.66667,0,0.16311,-0.16311,0.39454,0.15793,0.53571,0.49112,0.59262,0.5586,1567.28786,1424.08464,0.32142,0.67858,3.25995,1.49042,1.0,248.33333,39.66667,90.33333,0.442,9.0,29.33333,0.31033,20.33333,24.66667,0.821,13.33333,32.0,45.33333,20.0,5.66667,6.0,14.66667,26.33333,108.66667,248.33333,40.33333,87.0,0.464,10.0,30.66667,0.31367,25.66667,36.66667,0.692,11.33333,34.66667,46.0,22.66667,8.33333,4.0,12.66667,21.0,116.33333,0,0.09845,-0.09845,0.37132,0.38664,0.52049,0.49181,0.61259,0.56976,1495.85055,1449.37845,0.4424,0.5576,2.2922,1.81044,1.0,,,,
240.0,43.0,82.0,0.53,12.66667,32.0,0.39633,14.33333,19.66667,0.73433,8.0,35.0,43.0,27.0,6.0,3.66667,16.0,19.33333,113.0,240.0,39.66667,87.33333,0.45433,9.33333,31.66667,0.29667,15.66667,19.33333,0.808,10.33333,29.0,39.33333,25.0,8.0,5.33333,12.0,18.33333,104.33333,1,-0.10951,0.10951,0.30807,0.29485,0.50749,0.61119,0.56965,0.66257,1471.04446,1574.72917,0.63285,0.36715,1.58972,2.77942,0.0,240.0,39.0,79.33333,0.49267,10.66667,30.0,0.351,17.66667,25.0,0.71,7.66667,32.66667,40.33333,19.66667,5.0,7.0,13.0,19.0,106.33333,240.0,39.66667,92.66667,0.43,10.0,29.0,0.341,16.33333,19.33333,0.87367,14.66667,30.33333,45.0,19.0,6.0,2.33333,10.66667,21.33333,105.66667,1,-0.01368,0.01368,0.50027,0.25324,0.48353,0.56116,0.54626,0.62892,1440.42943,1503.90467,0.59113,0.40887,1.6941,2.45343,0.33333,,,,
240.0,36.66667,86.33333,0.42567,12.33333,35.0,0.35633,20.66667,26.33333,0.79467,8.66667,33.33333,42.0,21.33333,9.0,5.0,13.0,20.33333,106.33333,240.0,39.66667,84.0,0.472,11.33333,35.0,0.32967,16.0,23.0,0.72167,9.66667,33.66667,43.33333,26.66667,8.66667,6.33333,16.0,25.33333,106.66667,0,0.01885,-0.01885,0.31256,0.28221,0.53983,0.49746,0.59873,0.57829,1510.78859,1508.92306,0.49738,0.50262,2.01276,1.99163,0.66667,240.0,46.0,91.66667,0.50567,13.33333,32.66667,0.40667,13.66667,18.66667,0.74333,11.0,28.66667,39.66667,27.33333,10.0,2.33333,13.66667,22.66667,119.0,240.0,43.0,88.0,0.48633,12.0,34.0,0.35433,21.33333,26.33333,0.79967,12.0,34.33333,46.33333,25.66667,9.33333,5.0,16.33333,21.33333,119.33333,0,0.00622,-0.00622,0.42926,0.32898,0.55495,0.57711,0.63668,0.62423,1521.92583,1509.82189,0.48063,0.51937,2.0975,1.93738,0.33333,,,,
240.0,44.66667,89.66667,0.49833,9.33333,26.66667,0.34533,19.66667,26.66667,0.753,8.66667,34.66667,43.33333,20.0,7.33333,4.66667,10.0,20.66667,118.33333,240.0,42.66667,95.33333,0.44733,9.33333,33.66667,0.27867,20.66667,25.0,0.82233,14.33333,35.66667,50.0,23.66667,5.66667,5.0,10.0,23.0,115.33333,0,-0.03662,0.03662,0.42102,0.24134,0.49662,0.55029,0.57136,0.61989,1479.96666,1532.81001,0.5733,0.4267,1.75888,2.37439,0.33333,240.0,41.66667,91.33333,0.457,11.0,34.33333,0.321,14.33333,17.0,0.85933,12.33333,31.33333,43.66667,22.0,7.33333,3.66667,14.33333,26.33333,108.66667,240.0,40.0,83.66667,0.47833,12.33333,34.0,0.36367,22.33333,32.0,0.682,9.66667,35.0,44.66667,22.0,9.33333,3.66667,13.0,18.0,114.66667,0,0.07785,-0.07785,0.31007,0.34941,0.55189,0.51695,0.63316,0.5719,1502.78965,1529.19399,0.54458,0.45542,1.84625,2.21282,1.0,,,,
240.0,40.33333,90.33333,0.44767,12.66667,31.66667,0.4,13.66667,18.66667,0.75733,12.33333,32.66667,45.0,27.66667,9.66667,5.33333,12.66667,21.0,107.0,240.0,39.0,89.0,0.44367,8.0,31.0,0.26167,17.66667,23.33333,0.75333,13.0,33.0,46.0,21.66667,8.0,4.66667,13.66667,20.66667,103.66667,1,-0.04688,0.04688,0.39127,0.37202,0.48921,0.51798,0.55813,0.5677,1519.75423,1548.24205,0.53721,0.46279,1.87358,2.17827,0.0,248.33333,43.0,99.33333,0.432,11.66667,37.33333,0.32667,19.0,23.66667,0.82833,16.0,29.33333,45.33333,25.33333,6.66667,5.66667,11.0,20.0,116.66667,248.33333,46.66667,91.0,0.513,14.33333,37.33333,0.38167,19.33333,22.66667,0.853,10.33333,34.33333,44.66667,27.33333,4.66667,6.33333,12.66667,22.33333,127.0,1,0.12601,-0.12601,0.35134,0.47242,0.59164,0.4911,0.66168,0.55765,1586.30043,1493.37823,0.38459,0.61541,2.64671,1.638,1.0,,,,
240.0,38.66667,88.0,0.44233,11.33333,31.0,0.379,17.33333,25.66667,0.655,12.33333,32.33333,44.66667,20.66667,6.33333,2.33333,17.0,25.33333,106.0,240.0,39.0,80.66667,0.48733,14.0,37.0,0.38,27.0,33.66667,0.80233,8.33333,35.0,43.33333,23.33333,10.0,5.33333,14.33333,21.66667,119.0,0,0.17686,-0.17686,0.25809,0.3607,0.57434,0.50739,0.68111,0.56832,1551.37664,1487.62007,0.42645,0.57355,2.39658,1.76206,1.0,240.0,42.33333,89.33333,0.48033,12.33333,35.66667,0.341,18.0,22.66667,0.78767,11.66667,37.0,48.66667,28.66667,5.66667,7.33333,13.33333,22.0,115.0,240.0,39.66667,90.66667,0.436,10.66667,33.0,0.32333,21.0,26.33333,0.75333,10.33333,32.0,42.33333,21.33333,8.33333,6.0,9.33333,18.66667,111.0,0,-0.04944,0.04944,0.27991,0.35499,0.49497,0.55188,0.57561,0.61783,1532.82049,1530.21787,0.48869,0.51131,2.07581,1.98386,0.33333,,,,
248.33333,42.33333,94.33333,0.44633,8.33333,29.66667,0.27733,16.66667,19.33333,0.867,13.0,33.33333,46.33333,23.66667,6.0,5.0,12.33333,22.0,109.66667,248.33333,42.66667,89.33333,0.47767,11.66667,32.0,0.36867,18.66667,25.0,0.75667,8.66667,35.0,43.66667,22.33333,4.66667,5.33333,11.33333,19.66667,115.66667,0,0.08316,-0.08316,0.2585,0.38424,0.54294,0.48985,0.60988,0.55371,1526.60933,1563.89788,0.56136,0.43864,1.81515,2.34009,1.0,240.0,38.33333,86.33333,0.446,6.66667,24.33333,0.26533,17.66667,22.33333,0.78133,10.0,34.0,44.0,21.0,5.33333,6.0,15.0,24.33333,101.0,240.0,40.66667,88.33333,0.461,12.0,33.0,0.35467,20.0,28.66667,0.70033,11.0,36.0,47.0,24.66667,6.33333,4.0,12.66667,20.66667,113.33333,0,0.17127,-0.17127,0.32979,0.28457,0.52781,0.48457,0.59956,0.55412,1502.6317,1418.43865,0.3999,0.6001,2.50714,1.66844,1.0,,,,
248.33333,39.0,81.0,0.489,12.66667,37.33333,0.338,18.66667,25.0,0.75867,10.33333,25.33333,35.66667,21.0,6.0,5.66667,14.66667,21.66667,109.33333,248.33333,40.66667,84.66667,0.48133,8.33333,24.66667,0.339,21.0,28.33333,0.74467,13.66667,29.33333,43.0,20.0,11.0,3.0,14.0,20.66667,110.66667,0,0.0134,-0.0134,0.55244,0.33719,0.53149,0.57053,0.60954,0.64162,1489.33254,1486.8655,0.49199,0.50801,2.10199,2.02395,0.66667,240.0,42.66667,88.33333,0.48267,11.0,29.33333,0.37633,20.66667,24.66667,0.83333,7.66667,38.66667,46.33333,23.0,6.66667,3.33333,16.0,24.66667,117.0,240.0,44.66667,93.0,0.48167,12.0,33.33333,0.36133,18.0,27.66667,0.60633,8.33333,35.66667,44.0,28.33333,9.0,8.66667,10.66667,22.0,119.33333,0,0.02594,-0.02594,0.21516,0.21728,0.54595,0.54499,0.60305,0.62403,1455.34705,1535.83998,0.62109,0.37891,1.61026,2.63993,0.66667,,,,
240.0,40.33333,87.66667,0.46133,9.33333,25.66667,0.36033,15.66667,20.33333,0.79033,10.66667,30.0,40.66667,22.33333,7.33333,4.33333,16.0,22.0,105.66667,240.0,45.33333,85.33333,0.533,13.0,25.66667,0.54367,18.66667,24.33333,0.78167,8.66667,33.66667,42.33333,27.66667,9.0,6.0,13.33333,18.66667,122.33333,0,0.21288,-0.21288,0.27331,0.31632,0.60923,0.51469,0.67722,0.57581,1513.06451,1519.09448,0.53453,0.46547,1.8842,2.17139,1.0,240.0,41.66667,86.0,0.485,13.66667,33.33333,0.407,22.0,28.33333,0.78033,10.66667,27.66667,38.33333,20.66667,9.66667,4.66667,14.33333,21.66667,119.0,240.0,40.66667,81.0,0.50533,14.0,39.66667,0.35767,23.0,29.66667,0.75633,8.66667,31.66667,40.33333,23.0,8.66667,6.33333,15.0,24.0,118.33333,0,-0.0058,0.0058,0.31977,0.36313,0.59185,0.56484,0.68088,0.6458,1496.11494,1468.56594,0.458,0.542,2.22421,1.86607,0.66667,,,,
240.0,38.66667,87.66667,0.44067,7.33333,30.0,0.23,17.33333,22.33333,0.779,7.66667,34.33333,42.0,22.66667,8.33333,5.33333,13.0,21.66667,102.0,240.0,42.0,87.66667,0.48,13.66667,36.66667,0.37167,17.0,23.33333,0.73333,9.0,40.0,49.0,25.33333,6.33333,6.66667,13.0,20.33333,114.66667,0,0.17482,-0.17482,0.26421,0.19174,0.55825,0.48252,0.61879,0.54971,1544.34014,1407.29488,0.33509,0.66491,3.11583,1.51718,1.0,240.0,36.33333,81.33333,0.44933,9.66667,25.0,0.39733,15.66667,22.33333,0.7,5.66667,35.33333,41.0,24.66667,8.0,6.66667,17.0,20.33333,98.0,240.0,43.33333,93.0,0.46467,9.0,26.33333,0.335,10.33333,15.66667,0.639,10.66667,36.66667,47.33333,30.33333,11.0,3.66667,14.33333,21.66667,106.0,0,0.11263,-0.11263,0.3028,0.1573,0.51415,0.50979,0.54997,0.57126,1520.7403,1465.75039,0.43048,0.56952,2.35621,1.76898,0.66667,,,,
240.0,39.33333,89.33333,0.44133,13.33333,35.66667,0.372,19.0,27.0,0.73,11.0,33.66667,44.66667,24.33333,8.66667,7.0,11.0,19.66667,111.0,240.0,39.33333,87.66667,0.45,10.66667,32.33333,0.32533,17.0,20.33333,0.83333,8.66667,38.0,46.66667,25.0,6.33333,5.66667,15.33333,21.66667,106.33333,1,-0.07067,0.07067,0.26214,0.29337,0.5124,0.51594,0.57868,0.58387,1453.11583,1474.16865,0.52217,0.47783,2.04788,2.22923,0.33333,248.33333,40.66667,94.33333,0.43233,8.66667,27.33333,0.317,15.66667,20.33333,0.76667,9.33333,32.66667,42.0,22.66667,10.0,6.33333,12.33333,25.66667,105.66667,248.33333,40.0,88.33333,0.454,9.0,22.33333,0.40667,25.33333,31.33333,0.813,11.66667,39.66667,51.33333,23.33333,4.66667,5.0,14.66667,21.66667,114.33333,1,0.1152,-0.1152,0.38726,0.23335,0.50493,0.47822,0.60134,0.53543,1530.42426,1466.38551,0.41986,0.58014,2.45466,1.74937,1.0,,,,
240.0,38.66667,86.66667,0.44867,8.33333,29.0,0.30333,16.66667,22.33333,0.746,9.66667,37.0,46.66667,19.33333,4.66667,7.33333,12.0,19.33333,102.33333,240.0,40.33333,95.33333,0.423,11.66667,30.33333,0.38267,14.0,16.33333,0.86767,14.33333,37.0,51.33333,22.0,4.33333,3.66667,8.66667,20.0,106.33333,0,0.06226,-0.06226,0.39679,0.2655,0.48467,0.49668,0.53791,0.56066,1493.33337,1518.27656,0.53459,0.46541,1.89734,2.19385,0.33333,240.0,44.33333,88.33333,0.50133,14.0,36.0,0.38033,16.66667,19.0,0.88567,8.66667,32.66667,41.33333,26.0,6.33333,6.0,10.33333,22.66667,119.33333,240.0,41.33333,83.66667,0.494,9.33333,21.66667,0.46933,21.0,24.0,0.87533,8.0,31.33333,39.33333,24.66667,4.33333,4.33333,11.0,17.66667,113.0,0,-0.07879,0.07879,0.24003,0.27927,0.54994,0.57871,0.6359,0.64349,1466.85877,1513.96329,0.56185,0.43815,1.78693,2.29662,0.33333,,,,
240.0,42.66667,86.0,0.49767,10.33333,25.66667,0.41867,17.33333,21.0,0.84133,10.33333,33.33333,43.66667,28.0,8.66667,5.66667,14.0,16.33333,113.0,240.0,40.0,84.33333,0.47633,12.0,30.0,0.404,14.33333,19.0,0.74567,9.33333,30.33333,39.66667,25.0,8.33333,4.33333,12.33333,16.33333,106.33333,0,-0.10223,0.10223,0.27458,0.33045,0.54805,0.55794,0.6032,0.62539,1477.15336,1522.3253,0.56347,0.43653,1.80254,2.36611,0.33333,240.0,38.66667,90.33333,0.427,9.66667,29.0,0.31767,15.66667,18.0,0.869,9.0,35.33333,44.33333,25.66667,9.33333,6.0,15.33333,21.33333,102.66667,240.0,39.0,83.66667,0.46567,10.66667,27.0,0.386,18.0,25.0,0.71367,7.0,38.66667,45.66667,19.0,10.33333,7.0,18.0,18.33333,106.66667,0,0.05643,-0.05643,0.19717,0.23574,0.52847,0.47955,0.59551,0.54209,1522.01391,1507.68507,0.48635,0.51365,2.09807,1.98909,0.66667,,,,
240.0,47.0,89.33333,0.52933,9.66667,24.0,0.40133,20.33333,26.66667,0.76333,7.66667,32.66667,40.33333,25.66667,6.66667,3.66667,10.33333,21.33333,124.0,240.0,45.66667,94.33333,0.48467,9.33333,27.0,0.34067,19.66667,24.66667,0.79133,14.33333,34.66667,49.0,26.0,6.66667,4.0,11.33333,23.33333,120.33333,0,-0.03961,0.03961,0.43935,0.2334,0.53437,0.58342,0.60375,0.6541,1499.71581,1543.33017,0.55651,0.44349,1.80475,2.2713,0.33333,240.0,35.33333,82.66667,0.44133,12.0,29.0,0.40733,21.66667,27.0,0.805,8.33333,35.0,43.33333,19.66667,5.66667,4.66667,10.33333,19.33333,104.33333,240.0,39.33333,83.33333,0.472,11.0,29.66667,0.37067,13.66667,18.0,0.76433,7.33333,33.0,40.33333,27.66667,7.33333,11.66667,11.66667,22.33333,103.33333,0,-0.00479,0.00479,0.22972,0.24722,0.53827,0.51815,0.59212,0.60399,1527.82217,1511.37957,0.48082,0.51918,2.14033,1.97576,0.33333,,,,
248.33333,39.66667,90.33333,0.438,16.33333,42.33333,0.38733,19.33333,24.0,0.81133,9.66667,38.33333,48.0,25.0,8.0,5.33333,13.66667,20.0,115.0,248.33333,42.66667,90.33333,0.47167,16.0,35.66667,0.459,13.66667,19.33333,0.74133,7.33333,36.0,43.33333,25.0,6.66667,6.0,12.66667,22.0,115.0,0,-0.00327,0.00327,0.19449,0.26894,0.55983,0.52837,0.60726,0.59963,1524.42209,1615.19766,0.62281,0.37719,1.63874,2.82972,0.66667,240.0,37.33333,90.66667,0.412,10.0,31.0,0.323,11.33333,14.66667,0.836,10.0,30.33333,40.33333,24.0,10.0,4.33333,14.33333,22.0,96.0,240.0,38.66667,81.33333,0.47833,8.0,24.0,0.34667,18.66667,22.66667,0.82333,9.33333,39.66667,49.0,25.66667,8.0,7.0,18.66667,18.33333,104.0,0,0.11488,-0.11488,0.30712,0.25718,0.52784,0.46721,0.60573,0.51147,1536.79512,1434.28214,0.36726,0.63274,2.75294,1.58675,1.0,,,,
240.0,41.0,90.66667,0.45267,8.0,25.33333,0.316,18.0,22.33333,0.80833,10.66667,32.33333,43.0,21.0,9.66667,4.33333,10.66667,20.33333,108.0,240.0,37.33333,86.66667,0.43,12.0,36.0,0.33633,19.33333,23.0,0.856,10.0,35.0,45.0,25.0,4.33333,4.33333,15.33333,23.0,106.0,0,-0.03333,0.03333,0.30833,0.30224,0.49962,0.49698,0.57733,0.56533,1474.29552,1478.31544,0.5019,0.4981,2.00903,2.02659,0.33333,240.0,39.0,86.33333,0.45467,11.0,29.0,0.373,14.66667,18.33333,0.81667,9.0,30.66667,39.66667,25.33333,8.33333,4.33333,13.66667,20.66667,103.66667,240.0,41.0,85.0,0.482,11.33333,29.33333,0.36433,18.33333,26.66667,0.69333,12.66667,36.33333,49.0,22.33333,8.33333,4.33333,14.0,19.66667,111.66667,0,0.11798,-0.11798,0.41475,0.2501,0.54902,0.51909,0.61446,0.5769,1525.09611,1462.4434,0.42261,0.57739,2.5165,1.79124,0.66667,,,,
240.0,39.33333,95.66667,0.41133,10.0,37.66667,0.27167,14.33333,18.0,0.784,11.33333,30.0,41.33333,25.33333,10.0,4.33333,14.33333,19.33333,103.0,240.0,45.0,95.33333,0.47267,13.33333,37.66667,0.35267,21.0,26.66667,0.79533,15.66667,41.66667,57.33333,28.0,8.66667,6.0,15.66667,20.0,124.33333,1,0.27249,-0.27249,0.52906,0.27627,0.54271,0.46355,0.61508,0.51694,1542.33218,1440.57633,0.38971,0.61029,2.58824,1.64381,1.0,248.33333,43.66667,96.66667,0.453,13.66667,35.0,0.37867,19.33333,25.66667,0.74633,14.66667,35.0,49.66667,26.33333,8.0,4.33333,13.66667,22.0,120.33333,248.33333,44.66667,90.0,0.496,15.0,32.0,0.46667,17.0,23.33333,0.727,9.33333,33.66667,43.0,24.66667,7.33333,5.66667,13.0,21.33333,121.33333,1,0.01211,-0.01211,0.27801,0.43715,0.57875,0.52456,0.63757,0.58987,1440.60224,1567.98262,0.67337,0.32663,1.49295,3.14125,0.66667,,,,
240.0,46.33333,99.66667,0.468,10.66667,33.66667,0.31467,12.0,17.0,0.69033,12.33333,43.0,55.33333,24.66667,9.33333,5.33333,13.33333,23.0,115.33333,240.0,37.33333,93.0,0.40167,9.66667,33.0,0.28333,14.0,20.0,0.701,10.0,37.33333,47.33333,23.0,8.0,5.66667,15.66667,18.0,98.33333,1,-0.24293,0.24293,0.23615,0.33022,0.4524,0.52058,0.50467,0.56151,1506.84788,1562.25517,0.55187,0.44813,1.83054,2.26191,0.33333,256.66667,42.33333,90.33333,0.46767,8.33333,24.33333,0.32933,17.33333,21.0,0.827,11.0,38.33333,49.33333,19.66667,7.66667,5.33333,15.0,21.66667,110.33333,256.66667,37.0,93.0,0.39667,12.33333,38.0,0.327,18.0,24.66667,0.70333,14.0,35.66667,49.66667,18.0,8.0,3.66667,14.33333,22.66667,104.33333,1,-0.0825,0.0825,0.36272,0.31151,0.46305,0.51316,0.52935,0.57919,1470.28848,1479.61261,0.50339,0.49661,2.01283,2.04079,0.0,,,,
240.0,41.33333,88.0,0.47167,13.0,30.33333,0.42967,14.33333,16.66667,0.87467,6.0,32.66667,38.66667,29.0,7.33333,5.0,12.66667,21.0,110.0,240.0,38.33333,82.66667,0.46367,14.0,33.33333,0.41433,21.0,28.66667,0.74867,9.33333,35.66667,45.0,22.33333,8.33333,6.0,14.33333,17.66667,111.66667,1,0.0201,-0.0201,0.29279,0.16605,0.54806,0.54597,0.6273,0.60253,1537.7493,1467.32703,0.40262,0.59738,2.49083,1.67601,0.66667,240.0,37.0,86.0,0.43033,8.33333,24.33333,0.33967,22.66667,28.33333,0.79833,14.66667,35.33333,50.0,19.33333,8.0,5.66667,16.0,15.0,105.0,240.0,41.66667,86.0,0.48567,12.33333,30.0,0.41033,11.0,15.66667,0.73633,7.0,31.0,38.0,24.0,10.33333,5.33333,12.66667,22.66667,106.66667,1,0.02259,-0.02259,0.19591,0.47587,0.55773,0.47847,0.59848,0.56892,1411.60249,1514.95632,0.65663,0.34337,1.52373,2.91767,0.33333,,,,
240.0,39.0,93.66667,0.41633,11.33333,33.33333,0.35067,15.66667,22.33333,0.69067,12.0,28.66667,40.66667,20.0,8.33333,4.0,13.66667,18.33333,105.0,240.0,49.0,92.0,0.533,15.0,35.33333,0.43733,14.33333,18.33333,0.78233,9.66667,38.33333,48.0,28.33333,9.0,5.66667,14.66667,20.0,127.33333,0,0.27738,-0.27738,0.33346,0.32641,0.61542,0.47629,0.66495,0.53249,1538.20227,1540.53701,0.52852,0.47148,1.94751,2.21653,0.66667,240.0,41.0,88.33333,0.46267,11.66667,35.0,0.30633,17.0,20.66667,0.82233,9.0,36.0,45.0,24.33333,6.33333,5.66667,8.33333,21.33333,110.66667,240.0,38.33333,86.66667,0.442,9.0,24.66667,0.364,18.33333,22.33333,0.80767,10.0,34.0,44.0,23.0,3.66667,4.66667,10.33333,18.66667,104.0,0,-0.07009,0.07009,0.27778,0.26591,0.49371,0.52639,0.56838,0.593,1473.76591,1528.25264,0.57234,0.42766,1.75923,2.36758,0.33333,,,,
240.0,43.33333,90.33333,0.48067,11.33333,31.0,0.37267,13.66667,18.33333,0.74567,10.0,33.0,43.0,24.33333,8.0,3.0,15.33333,25.0,111.66667,240.0,42.33333,84.66667,0.502,14.33333,37.0,0.39133,19.0,26.33333,0.72267,9.0,33.33333,42.33333,24.0,9.0,7.33333,15.0,21.33333,118.0,0,0.07683,-0.07683,0.26783,0.29902,0.58732,0.5441,0.6551,0.59449,1501.35648,1479.66938,0.48298,0.51702,2.07267,1.93599,0.66667,240.0,43.0,96.0,0.44633,11.33333,30.33333,0.37367,10.33333,17.33333,0.60367,13.33333,34.0,47.33333,25.33333,9.33333,3.0,12.33333,19.0,107.66667,240.0,41.0,86.33333,0.476,12.0,29.33333,0.40533,16.0,20.33333,0.78967,8.66667,35.66667,44.33333,27.0,8.66667,8.66667,15.0,20.0,110.0,0,0.02936,-0.02936,0.26375,0.37477,0.54504,0.50543,0.60644,0.53878,1564.5228,1505.32776,0.42059,0.57941,2.52269,1.76681,0.66667,,,,
240.0,39.66667,86.66667,0.459,10.0,22.33333,0.45267,19.33333,24.33333,0.79933,10.33333,35.66667,46.0,27.0,11.66667,4.66667,15.0,17.33333,108.66667,240.0,39.0,86.33333,0.45133,8.33333,28.33333,0.29433,12.33333,19.33333,0.646,11.0,33.33333,44.33333,23.33333,8.66667,7.0,14.33333,19.0,98.66667,0,-0.13723,0.13723,0.30834,0.30481,0.4994,0.51682,0.54406,0.59236,1468.19957,1523.20363,0.56641,0.43359,1.79143,2.37861,0.33333,240.0,48.0,96.66667,0.502,11.33333,33.0,0.35167,19.0,25.66667,0.732,11.33333,35.33333,46.66667,25.66667,8.66667,4.33333,13.33333,23.0,126.33333,240.0,43.66667,94.33333,0.46367,10.66667,28.33333,0.368,18.66667,24.66667,0.745,12.33333,35.33333,47.66667,25.0,7.0,4.33333,14.33333,22.66667,116.66667,0,-0.11139,0.11139,0.35926,0.32905,0.51959,0.56047,0.58597,0.62272,1464.13733,1529.34539,0.57315,0.42685,1.75502,2.36483,0.33333,,,,
240.0,45.33333,89.66667,0.506,10.66667,22.0,0.484,20.66667,27.33333,0.75267,12.0,31.0,43.0,25.66667,6.0,2.33333,13.33333,20.0,122.0,240.0,51.33333,95.66667,0.53767,9.33333,30.0,0.295,13.0,17.33333,0.724,10.33333,32.33333,42.66667,31.66667,8.66667,3.33333,11.66667,22.33333,125.0,1,0.02234,-0.02234,0.34525,0.38824,0.58808,0.56526,0.63066,0.63734,1553.18616,1484.07411,0.40368,0.59632,2.52641,1.68983,0.66667,240.0,44.33333,91.33333,0.48467,11.33333,34.33333,0.32933,13.66667,18.0,0.84533,8.0,38.0,46.0,26.33333,11.0,8.66667,16.66667,21.66667,113.66667,240.0,37.0,87.0,0.42967,8.66667,26.66667,0.32867,18.33333,21.66667,0.84633,7.33333,34.0,41.33333,24.0,9.66667,3.66667,18.66667,20.33333,101.0,1,-0.18701,0.18701,0.19166,0.23924,0.48024,0.54718,0.55478,0.59727,1425.88108,1482.96371,0.57059,0.42941,1.78204,2.4017,0.33333,,,,
240.0,41.33333,90.66667,0.45667,13.0,36.66667,0.354,18.0,23.33333,0.792,11.33333,37.66667,49.0,29.33333,9.33333,6.0,13.33333,19.66667,113.66667,240.0,36.66667,86.0,0.42767,11.66667,31.66667,0.36367,16.33333,22.33333,0.71867,9.66667,36.0,45.66667,22.33333,7.0,6.33333,16.0,19.0,101.33333,0,-0.16476,0.16476,0.2511,0.31952,0.49592,0.52878,0.55907,0.59423,1468.54201,1486.19381,0.4973,0.5027,2.09511,2.10067,0.33333,240.0,42.33333,87.33333,0.486,8.0,25.33333,0.34667,13.0,15.0,0.87167,8.33333,29.66667,38.0,23.66667,8.33333,4.66667,18.33333,20.66667,105.66667,240.0,43.33333,84.66667,0.511,12.0,32.0,0.37133,16.33333,21.33333,0.76567,9.0,33.33333,42.33333,29.66667,12.66667,4.33333,15.33333,20.33333,115.0,0,0.1067,-0.1067,0.29984,0.24402,0.58196,0.53217,0.64229,0.58452,1507.58536,1486.99444,0.48337,0.51663,2.07408,1.93992,0.66667,,,,
240.0,40.33333,92.66667,0.438,10.0,35.66667,0.29767,18.33333,24.33333,0.749,14.0,29.33333,43.33333,22.66667,9.33333,4.66667,14.33333,21.0,109.0,240.0,43.66667,92.0,0.474,13.33333,36.0,0.36867,19.33333,24.33333,0.799,14.66667,36.0,50.66667,27.0,6.66667,5.33333,18.0,24.66667,120.0,0,0.13768,-0.13768,0.50823,0.43345,0.5465,0.49171,0.61594,0.55873,1534.80171,1445.60479,0.39207,0.60793,2.57417,1.65059,0.66667,240.0,41.0,94.33333,0.43467,9.33333,27.0,0.358,19.33333,23.66667,0.821,15.0,30.66667,45.66667,18.0,8.66667,4.66667,12.0,22.33333,110.66667,240.0,43.66667,86.66667,0.50733,11.33333,29.0,0.39633,18.0,22.66667,0.78067,7.66667,35.0,42.66667,29.33333,6.33333,4.66667,14.0,21.66667,116.66667,0,0.08768,-0.08768,0.24435,0.44533,0.57418,0.48372,0.64111,0.55556,1502.3831,1468.92126,0.4606,0.5394,2.20902,1.88175,0.66667,,,,
240.0,40.66667,93.0,0.43733,11.33333,33.0,0.34167,11.33333,15.66667,0.71833,9.33333,30.0,39.33333,26.0,9.66667,4.66667,13.66667,22.0,104.0,240.0,42.0,94.33333,0.44467,11.66667,36.0,0.325,22.66667,29.66667,0.76467,17.66667,41.33333,59.0,24.0,8.33333,5.66667,16.0,17.0,118.33333,1,0.18442,-0.18442,0.59573,0.22422,0.50663,0.49819,0.58616,0.53947,1492.24574,1438.20822,0.44666,0.55334,2.26184,1.82081,0.66667,240.0,43.66667,88.33333,0.49767,14.66667,36.33333,0.42233,19.66667,23.66667,0.83167,7.66667,33.66667,41.33333,31.33333,9.66667,6.33333,15.33333,22.66667,121.66667,240.0,43.0,88.33333,0.48433,9.0,33.33333,0.25767,15.33333,21.33333,0.72233,7.66667,31.0,38.66667,26.33333,8.0,6.66667,17.66667,23.33333,110.33333,1,-0.14728,0.14728,0.23096,0.24776,0.53427,0.58036,0.59161,0.65321,1389.63519,1546.37977,0.69607,0.30393,1.4389,3.31725,0.33333,,,,
240.0,39.33333,94.0,0.418,11.0,37.66667,0.29633,13.66667,18.66667,0.726,15.33333,31.33333,46.66667,22.33333,11.0,4.33333,20.33333,22.33333,103.33333,240.0,39.66667,82.0,0.48267,11.33333,31.66667,0.33067,24.66667,31.66667,0.81133,5.33333,36.66667,42.0,24.0,13.33333,5.66667,16.0,20.33333,115.33333,0,0.15924,-0.15924,0.17481,0.42308,0.5512,0.47665,0.64882,0.52668,1544.16555,1384.24286,0.29368,0.70632,3.42097,1.41688,1.0,240.0,35.0,85.0,0.41133,9.0,27.66667,0.323,19.33333,24.66667,0.779,9.66667,31.0,40.66667,22.33333,6.66667,2.33333,14.0,21.0,98.33333,240.0,47.33333,91.33333,0.51833,14.0,36.0,0.39933,14.33333,18.33333,0.78233,11.0,37.0,48.0,28.33333,6.66667,5.0,10.66667,24.0,123.0,0,0.32087,-0.32087,0.36027,0.25943,0.59461,0.46362,0.64461,0.54443,1566.55949,1461.32384,0.37881,0.62119,2.70188,1.62624,1.0,,,,
240.0,38.0,86.33333,0.43667,9.0,22.33333,0.403,14.66667,20.0,0.66467,10.0,30.33333,40.33333,18.0,5.33333,1.0,11.0,21.66667,99.66667,240.0,43.33333,84.33333,0.51433,11.66667,30.33333,0.378,15.0,19.0,0.794,8.0,34.66667,42.66667,27.33333,4.66667,5.66667,11.0,21.66667,113.33333,1,0.19582,-0.19582,0.26984,0.31411,0.58332,0.4883,0.64123,0.54792,1538.66644,1430.5474,0.3642,0.6358,2.76436,1.57663,0.66667,256.66667,44.33333,91.33333,0.485,11.0,29.0,0.37833,20.0,25.33333,0.783,10.66667,34.33333,45.0,24.0,9.0,6.0,15.0,23.33333,119.66667,256.66667,40.66667,89.33333,0.45467,12.33333,33.0,0.377,20.0,26.0,0.76567,11.66667,35.66667,47.33333,18.66667,7.0,4.33333,17.33333,24.33333,113.66667,1,-0.08032,0.08032,0.33945,0.30141,0.52324,0.5448,0.59713,0.61604,1476.55195,1506.36315,0.53273,0.46727,1.88248,2.14861,0.0,,,,
240.0,41.33333,94.66667,0.437,12.0,36.33333,0.31933,15.66667,19.0,0.826,11.33333,31.33333,42.66667,27.0,7.66667,3.33333,11.0,17.0,110.33333,240.0,46.33333,92.0,0.504,13.0,32.0,0.41433,12.33333,18.33333,0.68133,10.0,35.66667,45.66667,30.66667,5.66667,7.33333,14.66667,18.66667,118.0,1,0.09928,-0.09928,0.32197,0.31726,0.57459,0.50074,0.6151,0.5585,1494.62824,1533.80311,0.56776,0.43224,1.80876,2.45086,1.0,248.33333,44.33333,91.33333,0.48533,14.0,32.0,0.445,16.0,22.66667,0.708,10.0,34.66667,44.66667,28.33333,7.66667,5.66667,12.66667,24.66667,118.66667,248.33333,42.33333,89.66667,0.47067,13.33333,31.33333,0.41633,17.66667,26.33333,0.67233,11.33333,34.0,45.33333,24.0,5.66667,3.0,14.66667,18.33333,115.66667,1,-0.04181,0.04181,0.3508,0.29834,0.54376,0.56172,0.60418,0.61488,1427.22858,1507.04264,0.60449,0.39551,1.69589,2.73021,0.33333,,,,
240.0,40.33333,86.33333,0.46567,7.66667,27.0,0.276,17.33333,23.66667,0.73,9.33333,36.66667,46.0,23.0,11.0,4.66667,18.66667,24.0,105.66667,240.0,35.33333,83.33333,0.42533,9.0,25.33333,0.354,18.0,25.66667,0.689,8.66667,35.0,43.66667,13.66667,11.0,5.66667,20.0,21.66667,97.66667,1,-0.09384,0.09384,0.2305,0.28341,0.47877,0.50974,0.54868,0.57354,1487.5293,1493.38718,0.49038,0.50962,2.04546,1.96739,0.33333,240.0,36.66667,89.0,0.41433,12.66667,41.0,0.31033,17.33333,20.0,0.87167,12.0,34.33333,46.33333,23.66667,7.66667,6.66667,15.66667,22.0,103.33333,240.0,40.33333,81.33333,0.49667,11.66667,26.0,0.423,22.66667,29.66667,0.77367,5.33333,36.0,41.33333,23.66667,10.33333,4.33333,12.33333,19.33333,115.0,1,0.15356,-0.15356,0.16179,0.33333,0.56877,0.4856,0.65627,0.55565,1543.08226,1507.81144,0.47163,0.52837,2.31293,1.99847,1.0,,,,
248.33333,45.66667,90.0,0.50967,10.0,26.66667,0.38,18.0,21.0,0.857,10.33333,32.66667,43.0,27.66667,7.33333,6.0,16.0,22.66667,119.33333,248.33333,44.66667,92.66667,0.48333,10.66667,33.0,0.31,17.66667,22.66667,0.77233,10.0,29.66667,39.66667,23.33333,7.66667,4.0,14.33333,21.66667,117.66667,1,-0.01672,0.01672,0.301,0.34662,0.54074,0.56586,0.60398,0.63399,1494.62769,1561.9715,0.58673,0.41327,1.76534,2.62285,0.66667,240.0,38.66667,80.0,0.48433,10.0,30.33333,0.32067,18.0,24.0,0.752,7.33333,30.0,37.33333,17.0,6.0,5.66667,11.33333,18.66667,105.33333,240.0,38.0,88.0,0.43133,7.33333,25.0,0.28933,19.0,22.66667,0.856,13.33333,31.0,44.33333,17.66667,7.0,1.66667,13.33333,21.66667,102.33333,1,-0.04839,0.04839,0.48848,0.23858,0.4731,0.54808,0.54941,0.61969,1433.94765,1527.98651,0.62612,0.37388,1.61655,2.79067,0.33333,,,,
240.0,39.66667,87.33333,0.455,13.66667,39.66667,0.35333,19.33333,26.33333,0.73133,10.0,32.66667,42.66667,24.33333,8.66667,5.0,16.0,19.66667,112.33333,240.0,44.33333,88.33333,0.50067,13.0,34.66667,0.39167,16.33333,25.0,0.65267,9.66667,34.0,43.66667,29.0,10.0,4.66667,14.66667,23.33333,118.0,0,0.07258,-0.07258,0.31529,0.31331,0.57397,0.53339,0.62795,0.6047,1516.42131,1510.13038,0.49788,0.50212,2.01054,1.99346,0.66667,248.33333,44.0,85.0,0.51767,11.0,27.33333,0.39867,21.0,27.66667,0.77767,8.33333,33.0,41.33333,28.66667,10.33333,4.0,14.33333,19.66667,120.0,248.33333,40.33333,86.66667,0.46433,11.66667,34.0,0.35033,15.0,19.0,0.78667,9.0,32.66667,41.66667,28.33333,10.0,5.33333,18.66667,25.66667,107.33333,0,-0.16499,0.16499,0.2747,0.26374,0.53264,0.58245,0.5905,0.6586,1353.79713,1486.84622,0.662,0.338,1.51861,3.02595,0.0,,,,
240.0,39.0,90.66667,0.43267,10.0,31.33333,0.33633,17.0,22.0,0.78867,10.33333,27.66667,38.0,20.0,7.66667,4.33333,15.66667,19.0,105.0,240.0,51.66667,92.0,0.565,14.33333,30.66667,0.53233,15.33333,18.33333,0.82767,8.0,37.33333,45.33333,30.66667,8.0,5.33333,13.66667,20.0,133.0,0,0.34422,-0.34422,0.28262,0.28402,0.64353,0.488,0.6972,0.553,1545.59144,1528.2317,0.51011,0.48989,1.99441,2.08332,1.0,240.0,41.66667,91.66667,0.45533,11.0,31.33333,0.355,14.66667,18.66667,0.80333,11.0,31.66667,42.66667,21.66667,8.33333,3.33333,13.66667,24.66667,109.0,240.0,40.66667,86.66667,0.47067,11.66667,30.33333,0.38167,22.33333,29.33333,0.74833,12.66667,38.0,50.66667,22.66667,9.33333,3.66667,15.0,19.0,115.33333,0,0.08197,-0.08197,0.39128,0.30088,0.53887,0.51521,0.62212,0.56966,1505.19741,1520.43166,0.52883,0.47117,1.89485,2.12748,1.0,,,,
240.0,39.66667,90.33333,0.44,11.66667,29.33333,0.39767,17.0,24.66667,0.688,14.33333,33.66667,48.0,28.66667,8.66667,4.66667,15.0,18.33333,108.0,240.0,40.66667,91.66667,0.44933,8.66667,34.0,0.25733,14.33333,18.66667,0.80467,12.66667,33.66667,46.33333,23.0,9.0,5.33333,13.66667,22.66667,104.33333,1,-0.05126,0.05126,0.37388,0.42533,0.49687,0.50487,0.55094,0.56502,1558.83372,1558.38678,0.49584,0.50416,2.03035,1.99759,0.0,240.0,40.66667,88.0,0.462,9.0,29.33333,0.31033,18.66667,22.66667,0.80633,10.33333,31.66667,42.0,19.0,6.33333,4.33333,14.66667,21.66667,109.0,240.0,44.0,87.0,0.50467,10.66667,31.33333,0.339,18.66667,22.66667,0.82033,9.66667,32.0,41.66667,29.0,5.0,6.0,14.0,20.0,117.33333,1,0.09457,-0.09457,0.30354,0.3439,0.56599,0.51303,0.6363,0.58473,1479.57302,1504.32364,0.54969,0.45031,1.84494,2.26257,0.66667,,,,
240.0,38.66667,88.33333,0.44033,10.33333,31.0,0.34933,12.66667,20.33333,0.625,10.66667,38.0,48.66667,21.66667,5.0,5.33333,16.33333,25.33333,100.33333,240.0,37.33333,85.0,0.43933,12.66667,35.33333,0.35567,25.66667,34.0,0.758,8.66667,36.66667,45.33333,24.33333,9.66667,4.66667,11.66667,19.0,113.0,1,0.17363,-0.17363,0.23362,0.292,0.51397,0.49938,0.61161,0.54322,1560.55858,1483.78288,0.40786,0.59214,2.4851,1.69834,1.0,240.0,36.66667,87.33333,0.42067,12.33333,36.66667,0.338,14.33333,19.0,0.76467,8.66667,28.66667,37.33333,23.66667,7.0,3.66667,15.0,23.0,100.0,240.0,44.0,89.0,0.49267,11.0,24.33333,0.45667,19.66667,26.0,0.74367,11.33333,38.66667,50.0,31.0,9.0,8.33333,13.33333,18.33333,118.66667,1,0.24243,-0.24243,0.39853,0.23135,0.55497,0.49205,0.62506,0.5492,1521.86408,1500.26069,0.5053,0.4947,1.98189,2.02457,1.0,,,,
240.0,41.0,94.66667,0.43133,10.66667,37.0,0.283,12.66667,17.0,0.74233,12.33333,34.0,46.33333,23.33333,8.0,5.0,12.66667,21.66667,105.33333,240.0,42.33333,90.66667,0.465,9.33333,28.66667,0.32633,18.66667,22.0,0.853,11.33333,36.66667,48.0,24.0,8.0,6.0,12.0,18.0,112.66667,0,0.09146,-0.09146,0.3419,0.38064,0.51611,0.48677,0.58675,0.53258,1513.00801,1525.58991,0.52492,0.47508,1.93544,2.15434,0.66667,240.0,41.0,86.66667,0.47367,11.66667,30.33333,0.38333,18.66667,23.0,0.81367,10.0,30.66667,40.66667,20.66667,7.33333,5.66667,13.66667,18.66667,112.33333,240.0,41.33333,85.33333,0.48467,12.66667,38.33333,0.32967,18.0,26.66667,0.673,11.0,31.33333,42.33333,24.33333,9.0,5.66667,12.33333,22.66667,113.33333,0,0.01783,-0.01783,0.37304,0.34628,0.55893,0.54136,0.62155,0.6131,1492.42633,1479.02698,0.48202,0.51798,2.13599,1.9723,0.66667,,,,
240.0,47.66667,93.0,0.51333,11.66667,27.0,0.433,15.33333,22.66667,0.65033,10.66667,30.66667,41.33333,28.66667,8.33333,4.0,10.0,20.66667,122.33333,240.0,40.66667,85.33333,0.478,10.66667,34.33333,0.31933,18.66667,23.0,0.803,10.66667,33.33333,44.0,25.0,6.0,3.33333,17.0,22.66667,110.66667,0,-0.14466,0.14466,0.34229,0.32222,0.54036,0.57621,0.61285,0.62635,1440.44483,1475.32749,0.5269,0.4731,1.98293,2.20262,0.33333,240.0,38.33333,83.66667,0.462,10.66667,25.66667,0.42367,11.0,15.0,0.79867,8.0,34.0,42.0,26.66667,5.66667,5.33333,17.0,20.0,98.33333,240.0,43.33333,89.33333,0.48433,7.0,23.66667,0.29267,12.0,16.66667,0.67867,9.33333,35.33333,44.66667,29.33333,10.66667,3.66667,13.0,17.33333,105.66667,0,0.10227,-0.10227,0.27271,0.2211,0.52373,0.5264,0.57036,0.56939,1522.1137,1458.05596,0.41846,0.58154,2.45704,1.74088,0.66667,,,,
248.33333,38.66667,79.33333,0.49667,12.0,31.33333,0.376,21.66667,27.33333,0.794,5.33333,32.66667,38.0,21.66667,6.33333,5.66667,13.33333,18.66667,111.0,248.33333,40.0,90.33333,0.44367,8.66667,28.66667,0.29533,16.33333,19.66667,0.80967,12.66667,33.66667,46.33333,21.0,7.66667,2.33333,14.66667,24.66667,105.0,1,-0.08075,0.08075,0.39004,0.16162,0.49146,0.57515,0.55651,0.66064,1468.69432,1594.76113,0.66537,0.33463,1.51599,3.08126,0.33333,248.33333,40.33333,91.0,0.44333,10.0,30.66667,0.32467,18.33333,25.0,0.73933,9.0,37.0,46.0,25.33333,10.66667,6.33333,14.33333,25.66667,109.0,248.33333,37.66667,89.66667,0.42067,8.66667,24.33333,0.371,24.33333,30.0,0.815,13.0,38.0,51.0,21.0,5.66667,6.66667,16.0,22.0,108.33333,1,-0.00738,0.00738,0.38804,0.24103,0.46909,0.49801,0.56324,0.56384,1527.60284,1471.60637,0.41468,0.58532,2.48394,1.73391,0.66667,,,,
240.0,40.0,88.33333,0.45467,8.33333,32.0,0.26967,16.33333,22.33333,0.73033,8.33333,36.0,44.33333,22.0,5.0,6.0,11.66667,21.0,104.66667,240.0,44.0,96.66667,0.45733,11.66667,30.0,0.387,18.66667,21.0,0.90467,13.33333,38.0,51.33333,24.33333,4.66667,4.33333,8.0,19.0,118.33333,1,0.18514,-0.18514,0.37659,0.22134,0.51798,0.50168,0.5862,0.56277,1485.70954,1519.37558,0.56917,0.43083,1.78963,2.38268,0.66667,240.0,33.66667,78.0,0.44033,11.33333,26.0,0.419,25.0,31.66667,0.786,9.66667,35.0,44.66667,19.33333,6.0,4.66667,13.33333,20.0,103.66667,240.0,39.33333,85.33333,0.461,9.33333,29.0,0.32067,14.66667,21.33333,0.687,9.33333,32.33333,41.66667,24.0,7.66667,10.0,11.66667,24.33333,102.66667,1,-0.00365,0.00365,0.28527,0.28538,0.51566,0.5162,0.57035,0.62107,1529.28561,1524.24888,0.49795,0.50205,2.07165,2.04456,0.33333,,,,
265.0,43.66667,91.33333,0.47767,9.66667,27.33333,0.351,17.0,20.33333,0.833,7.0,37.0,44.0,25.66667,6.0,6.66667,14.0,25.66667,114.0,265.0,39.0,90.0,0.43333,10.33333,29.66667,0.34333,25.0,29.0,0.863,9.66667,37.66667,47.33333,24.33333,5.66667,4.66667,11.66667,23.66667,113.33333,0,-0.00523,0.00523,0.26548,0.18207,0.48984,0.53025,0.58762,0.59457,1492.97168,1528.81945,0.54839,0.45161,1.83043,2.22556,0.33333,240.0,39.33333,92.33333,0.42567,8.33333,26.33333,0.331,16.33333,19.0,0.849,11.0,30.66667,41.66667,17.33333,9.33333,3.33333,12.0,22.0,103.33333,240.0,43.33333,86.66667,0.504,12.0,32.0,0.38667,18.66667,25.0,0.73833,9.66667,36.66667,46.33333,29.66667,7.66667,4.66667,12.66667,18.66667,117.33333,0,0.19296,-0.19296,0.30317,0.32518,0.57418,0.4707,0.64143,0.53537,1509.31351,1434.32729,0.41296,0.58704,2.4226,1.70382,0.66667,,,,
240.0,40.33333,91.0,0.44467,14.33333,37.33333,0.385,22.0,29.66667,0.765,12.33333,35.33333,47.66667,26.66667,8.33333,5.33333,10.0,20.66667,117.0,240.0,38.66667,86.0,0.44967,10.66667,32.66667,0.32233,19.0,24.0,0.78533,9.33333,36.66667,46.0,22.66667,5.33333,6.33333,15.0,22.66667,107.0,0,-0.13821,0.13821,0.26643,0.33967,0.51258,0.5235,0.58654,0.6014,1484.06754,1479.2983,0.47146,0.52854,2.26504,2.03047,0.33333,240.0,38.0,91.66667,0.41367,10.0,33.0,0.303,18.0,21.66667,0.851,9.0,36.0,45.0,20.66667,9.66667,4.66667,13.66667,23.66667,104.0,240.0,43.33333,88.66667,0.48833,11.33333,32.0,0.35533,20.33333,29.33333,0.69733,8.66667,39.66667,48.33333,23.33333,7.66667,3.33333,16.0,20.66667,118.33333,0,0.189,-0.189,0.24482,0.23265,0.55243,0.46854,0.62197,0.5389,1529.52147,1446.17837,0.40272,0.59728,2.57684,1.70508,1.0,,,,
240.0,41.66667,96.33333,0.43433,9.66667,29.66667,0.324,21.33333,27.66667,0.77567,15.66667,35.0,50.66667,24.33333,7.66667,5.33333,15.0,21.33333,114.33333,240.0,45.33333,93.0,0.489,10.66667,30.33333,0.35133,18.33333,25.33333,0.716,9.33333,36.66667,46.0,26.33333,9.33333,8.66667,12.66667,22.66667,119.66667,0,0.06599,-0.06599,0.26843,0.4396,0.54624,0.48476,0.60784,0.55999,1468.13027,1532.01439,0.59911,0.40089,1.67524,2.51281,1.0,240.0,39.33333,87.66667,0.44967,10.33333,29.66667,0.35067,21.66667,26.33333,0.82333,12.33333,37.33333,49.66667,18.33333,8.66667,5.33333,14.66667,21.33333,110.66667,240.0,37.0,91.33333,0.40733,11.0,34.0,0.32233,15.66667,23.0,0.68467,13.66667,34.0,47.66667,20.0,9.33333,4.66667,15.33333,23.33333,100.66667,0,-0.14082,0.14082,0.36296,0.36125,0.46883,0.50909,0.52539,0.59421,1475.3404,1470.27394,0.4723,0.5277,2.15132,1.9157,0.0,,,,
248.33333,40.0,90.66667,0.44033,14.66667,41.33333,0.35667,17.0,22.0,0.76367,9.33333,37.0,46.33333,24.0,7.66667,5.66667,13.0,18.66667,111.66667,248.33333,44.33333,93.66667,0.473,15.66667,36.0,0.443,11.66667,16.0,0.758,10.33333,36.33333,46.66667,28.33333,6.0,5.66667,14.33333,19.0,116.0,1,0.05685,-0.05685,0.28789,0.25847,0.55619,0.52104,0.59539,0.5826,1531.63491,1611.94815,0.62522,0.37478,1.63221,2.84533,0.66667,240.0,45.0,92.66667,0.483,12.66667,31.33333,0.40767,9.33333,12.33333,0.72933,9.0,28.0,37.0,26.0,5.33333,5.0,9.66667,16.0,112.0,240.0,44.33333,87.0,0.51067,11.66667,30.33333,0.38767,12.66667,16.66667,0.749,10.33333,34.66667,45.0,21.66667,5.33333,3.0,11.66667,18.33333,113.0,1,0.02072,-0.02072,0.37098,0.26804,0.57747,0.5519,0.62418,0.58601,1399.85139,1442.53649,0.56081,0.43919,1.78739,2.28527,0.66667,,,,
240.0,41.33333,89.66667,0.461,8.0,22.33333,0.36867,15.66667,19.33333,0.81233,9.0,30.0,39.0,22.66667,11.66667,6.33333,9.0,20.33333,106.33333,240.0,36.0,82.66667,0.43567,11.33333,36.33333,0.31233,20.0,23.33333,0.86933,10.66667,35.66667,46.33333,24.33333,5.33333,5.33333,17.66667,20.0,103.33333,0,-0.04386,0.04386,0.35578,0.25257,0.5044,0.50561,0.5886,0.56608,1483.31679,1501.32636,0.51882,0.48118,1.93645,2.0902,0.33333,240.0,40.0,93.33333,0.42867,11.33333,27.33333,0.41167,16.33333,24.0,0.677,10.33333,29.66667,40.0,26.0,8.66667,2.66667,10.66667,19.66667,107.66667,240.0,43.33333,85.66667,0.50633,13.33333,33.66667,0.39867,19.33333,22.66667,0.84167,9.33333,38.33333,47.66667,26.0,8.0,7.66667,14.33333,21.66667,119.33333,0,0.15163,-0.15163,0.31077,0.26684,0.5843,0.48963,0.65905,0.54601,1560.18412,1489.93824,0.41733,0.58267,2.4353,1.73292,1.0,,,,
240.0,45.33333,89.33333,0.50767,10.0,24.0,0.42833,15.33333,20.33333,0.78233,8.33333,35.33333,43.66667,28.0,6.0,3.0,11.66667,18.66667,116.0,240.0,45.66667,91.66667,0.50067,10.66667,32.33333,0.308,12.0,16.33333,0.711,7.33333,35.66667,43.0,28.0,7.33333,3.33333,12.0,18.66667,114.0,0,-0.0328,0.0328,0.2085,0.23535,0.56041,0.56362,0.60157,0.6181,1514.39263,1486.08756,0.45561,0.54439,2.32746,1.9181,0.33333,240.0,36.33333,84.0,0.43133,12.0,32.0,0.37733,15.0,20.66667,0.75433,8.33333,32.66667,41.0,25.66667,10.0,5.66667,12.66667,20.33333,99.66667,240.0,36.0,87.33333,0.413,9.33333,31.66667,0.30033,18.33333,21.66667,0.843,13.0,36.33333,49.33333,22.0,7.66667,3.66667,16.66667,19.33333,99.66667,0,-0.00658,0.00658,0.39291,0.23185,0.46808,0.50245,0.54351,0.56273,1481.55207,1491.01345,0.51305,0.48695,1.9905,2.09458,0.33333,,,,
240.0,43.33333,91.66667,0.47333,8.66667,25.66667,0.33467,20.33333,28.0,0.733,9.0,34.33333,43.33333,21.0,8.33333,5.0,7.66667,18.66667,115.66667,240.0,43.33333,96.0,0.45133,7.66667,28.33333,0.28367,17.33333,20.66667,0.83067,16.33333,40.33333,56.66667,21.33333,4.0,4.0,13.0,23.33333,111.66667,1,-0.04716,0.04716,0.47933,0.22737,0.49135,0.52057,0.55491,0.59196,1498.00411,1538.07009,0.5514,0.4486,1.82442,2.25008,0.33333,240.0,44.66667,95.33333,0.46867,14.66667,34.0,0.44,14.0,18.66667,0.75433,14.66667,26.66667,41.33333,25.0,11.0,2.0,14.66667,22.33333,118.0,240.0,46.33333,91.33333,0.50133,11.0,31.33333,0.35533,20.33333,23.66667,0.858,13.33333,35.33333,48.66667,26.33333,9.33333,5.0,17.33333,21.0,124.0,1,0.06821,-0.06821,0.50458,0.44993,0.56301,0.54511,0.64188,0.59302,1523.16714,1488.47256,0.45454,0.54546,2.21245,1.84108,0.66667,,,,
240.0,36.66667,87.66667,0.41633,10.0,35.33333,0.27767,18.33333,24.0,0.761,13.33333,32.33333,45.66667,19.66667,7.33333,2.66667,14.0,23.0,101.66667,240.0,38.33333,85.66667,0.45533,8.66667,28.33333,0.31133,19.0,26.33333,0.699,9.33333,35.66667,45.0,19.33333,7.66667,4.0,13.33333,21.66667,104.33333,1,0.03692,-0.03692,0.27407,0.37345,0.50744,0.47277,0.57971,0.54547,1471.2208,1482.58386,0.52054,0.47946,1.92617,2.09266,0.66667,248.33333,43.33333,95.66667,0.45433,12.66667,34.0,0.36167,18.33333,24.0,0.761,12.66667,35.33333,48.0,28.0,7.66667,5.66667,13.33333,23.66667,117.66667,248.33333,43.0,92.33333,0.46433,14.66667,33.66667,0.435,18.33333,25.33333,0.71933,12.33333,35.0,47.33333,24.0,6.0,5.66667,13.33333,21.0,119.0,1,0.0154,-0.0154,0.37418,0.36539,0.54323,0.52157,0.60672,0.58441,1436.78902,1529.82595,0.6257,0.3743,1.63521,2.85836,0.66667,,,,
240.0,45.66667,96.66667,0.47367,11.0,32.66667,0.331,13.33333,20.33333,0.65333,13.66667,44.0,57.66667,26.66667,9.33333,6.33333,13.33333,23.33333,115.66667,240.0,34.66667,87.66667,0.398,9.33333,32.33333,0.282,18.0,24.33333,0.741,8.66667,34.0,42.66667,20.33333,8.0,5.66667,15.33333,20.0,96.66667,0,-0.26817,0.26817,0.197,0.39583,0.45168,0.52984,0.52184,0.57406,1503.62243,1575.2249,0.5735,0.4265,1.7764,2.42348,0.0,240.0,43.33333,92.66667,0.46633,10.0,32.66667,0.307,12.33333,16.66667,0.834,7.66667,35.66667,43.33333,25.66667,8.66667,6.0,12.33333,19.0,109.0,240.0,41.0,88.33333,0.469,10.66667,28.66667,0.37133,16.33333,18.33333,0.881,6.66667,37.66667,44.33333,24.66667,7.33333,4.33333,15.0,18.0,109.0,0,-0.00625,0.00625,0.18367,0.20188,0.52994,0.5204,0.59509,0.56544,1423.91958,1457.20198,0.54772,0.45228,1.84004,2.23411,0.33333,,,,
240.0,33.66667,86.66667,0.39167,10.33333,34.66667,0.30433,21.66667,27.0,0.804,10.33333,36.66667,47.0,20.66667,13.0,7.0,20.33333,24.33333,99.33333,240.0,37.66667,85.66667,0.44,9.66667,29.33333,0.314,21.0,29.33333,0.71267,8.66667,38.0,46.66667,22.33333,15.33333,4.66667,18.66667,24.0,106.0,0,0.09972,-0.09972,0.2383,0.27968,0.49589,0.45184,0.57516,0.53993,1512.14081,1400.8649,0.35227,0.64773,2.87407,1.54907,0.66667,240.0,39.0,92.66667,0.42033,8.33333,28.0,0.306,11.0,15.66667,0.66967,11.0,36.66667,47.66667,23.33333,6.0,5.0,13.0,20.0,97.33333,240.0,39.66667,94.0,0.42567,8.66667,33.0,0.262,14.33333,20.66667,0.70633,12.66667,37.33333,50.0,23.66667,6.66667,6.0,12.33333,20.0,102.33333,0,0.07901,-0.07901,0.34123,0.30317,0.47151,0.46545,0.52263,0.50511,1560.72261,1507.20001,0.43121,0.56879,2.37808,1.77919,0.66667,,,,
240.0,40.33333,84.33333,0.47967,12.0,29.0,0.41,14.33333,18.0,0.80567,5.66667,32.66667,38.33333,26.33333,7.0,5.0,12.33333,19.0,107.0,240.0,37.33333,84.33333,0.44267,13.0,34.0,0.36933,17.66667,23.0,0.77167,10.66667,33.66667,44.33333,22.33333,7.0,2.66667,12.33333,17.0,105.33333,1,-0.03507,0.03507,0.32983,0.17099,0.51965,0.55052,0.58801,0.60714,1492.06877,1468.44256,0.46352,0.53648,2.25036,1.94046,0.66667,240.0,37.33333,83.66667,0.44667,9.66667,30.66667,0.31133,21.0,25.33333,0.813,10.33333,37.0,47.33333,22.66667,8.33333,7.0,17.66667,21.33333,105.33333,240.0,38.66667,90.33333,0.42867,12.33333,34.0,0.36467,17.33333,26.0,0.66667,12.66667,33.66667,46.33333,21.33333,12.66667,5.0,14.33333,21.66667,107.0,1,0.02432,-0.02432,0.34233,0.30787,0.49692,0.50447,0.55754,0.59124,1471.37603,1472.06688,0.50136,0.49864,2.05053,2.05242,0.66667,,,,
248.33333,41.33333,90.0,0.46,12.33333,31.0,0.40367,23.33333,28.66667,0.78433,10.66667,34.66667,45.33333,27.66667,6.66667,5.0,14.0,22.33333,118.33333,248.33333,44.0,89.0,0.49733,10.66667,28.0,0.384,19.66667,23.0,0.84667,8.0,35.0,43.0,21.66667,6.33333,3.66667,14.33333,25.0,118.33333,0,0.00256,-0.00256,0.23689,0.31048,0.55825,0.52869,0.63252,0.61386,1491.71141,1498.32995,0.5095,0.4905,1.97172,2.04827,0.33333,248.33333,43.0,95.66667,0.44833,12.33333,31.33333,0.39233,18.0,25.33333,0.721,16.33333,30.66667,47.0,26.66667,7.0,4.0,13.66667,19.33333,116.33333,248.33333,44.66667,89.0,0.50133,12.33333,38.0,0.32567,18.0,20.33333,0.90567,8.33333,33.33333,41.66667,26.0,6.66667,6.0,13.33333,21.66667,119.66667,0,0.03743,-0.03743,0.27552,0.49336,0.57063,0.51318,0.63881,0.57385,1590.40825,1532.11405,0.42274,0.57726,2.40096,1.7443,0.66667,,,,
240.0,38.0,90.33333,0.42133,10.66667,26.33333,0.399,22.66667,27.0,0.83733,12.0,39.66667,51.66667,19.33333,4.0,7.0,12.33333,25.33333,109.33333,240.0,38.0,87.66667,0.43633,9.33333,29.0,0.32067,22.0,32.0,0.66967,9.33333,37.0,46.33333,25.66667,6.66667,11.66667,9.33333,21.66667,107.33333,0,-0.02779,0.02779,0.23568,0.32474,0.48929,0.48043,0.56893,0.56896,1516.63085,1446.29206,0.39911,0.60089,2.51251,1.66635,0.33333,240.0,45.0,92.66667,0.48733,11.66667,28.33333,0.42033,16.66667,24.33333,0.68333,13.0,29.33333,42.33333,21.66667,8.0,4.33333,12.0,26.66667,118.33333,240.0,41.66667,85.66667,0.49,9.33333,28.0,0.32733,24.66667,31.33333,0.79733,9.33333,34.33333,43.66667,26.0,6.66667,3.33333,15.0,24.33333,117.33333,0,-0.01254,0.01254,0.32213,0.39969,0.54571,0.55039,0.6384,0.60484,1499.51466,1462.73988,0.44428,0.55572,2.31106,1.83627,0.66667,,,,
240.0,42.0,87.0,0.48333,8.33333,25.66667,0.32467,15.0,20.33333,0.73633,7.66667,31.0,38.66667,21.0,10.33333,5.33333,14.66667,23.66667,107.33333,240.0,41.66667,88.66667,0.47,12.33333,35.33333,0.38033,20.0,29.0,0.68567,12.66667,34.0,46.66667,27.0,7.0,4.66667,15.66667,17.66667,115.66667,0,0.11074,-0.11074,0.42627,0.23601,0.53923,0.53137,0.60866,0.58723,1548.83798,1402.46895,0.31717,0.68283,3.28265,1.47595,0.66667,240.0,36.0,88.33333,0.40633,10.33333,31.0,0.34867,20.0,25.0,0.82633,9.33333,35.66667,45.0,24.66667,10.33333,4.33333,15.33333,23.0,102.33333,240.0,40.33333,83.66667,0.48133,8.66667,26.66667,0.32567,18.0,28.66667,0.622,8.33333,38.0,46.33333,23.33333,8.33333,8.0,17.66667,23.0,107.33333,0,0.06914,-0.06914,0.23522,0.2455,0.5338,0.46482,0.59654,0.54501,1520.6884,1500.34087,0.48171,0.51829,2.09444,1.94262,0.66667,,,,
240.0,45.0,96.0,0.47067,11.0,29.33333,0.38233,14.66667,20.0,0.737,11.33333,33.33333,44.66667,26.0,7.0,3.66667,11.0,24.33333,115.66667,240.0,41.66667,85.66667,0.48867,14.0,40.0,0.34267,22.33333,28.0,0.80167,10.0,37.0,47.0,25.33333,7.0,7.66667,15.33333,21.66667,119.66667,1,0.04532,-0.04532,0.29457,0.30542,0.57136,0.52816,0.65494,0.57825,1516.17857,1475.84841,0.45369,0.54631,2.23444,1.84603,0.66667,240.0,38.33333,85.66667,0.44833,8.66667,25.66667,0.337,20.66667,26.33333,0.775,13.0,37.33333,50.33333,21.66667,8.0,6.0,14.0,16.33333,106.0,240.0,37.33333,86.0,0.434,9.66667,29.0,0.33233,12.0,17.66667,0.68267,8.33333,30.33333,38.66667,22.33333,9.0,4.0,11.33333,20.0,96.33333,1,-0.14174,0.14174,0.22368,0.43058,0.49027,0.49865,0.53573,0.57963,1401.61072,1513.62771,0.64575,0.35425,1.55213,2.84253,0.0,,,,
240.0,39.33333,86.66667,0.45433,7.33333,22.33333,0.342,19.0,24.0,0.787,9.0,31.33333,40.33333,23.66667,8.33333,7.0,12.0,19.66667,105.0,240.0,38.0,87.33333,0.436,13.0,35.66667,0.356,19.0,21.66667,0.889,12.33333,35.0,47.33333,24.0,6.66667,5.66667,17.0,21.33333,108.0,0,0.03549,-0.03549,0.39374,0.25721,0.50946,0.49655,0.58598,0.57151,1517.97588,1513.92392,0.4976,0.5024,2.0423,2.0201,0.66667,240.0,47.33333,88.0,0.53767,10.66667,27.33333,0.393,20.0,26.33333,0.762,9.0,34.0,43.0,29.0,9.66667,5.0,17.33333,24.33333,125.33333,240.0,42.33333,90.66667,0.467,9.66667,25.33333,0.377,20.33333,27.0,0.75167,12.33333,31.0,43.33333,23.66667,8.0,4.0,16.0,22.0,114.66667,0,-0.12376,0.12376,0.37222,0.29526,0.52038,0.59818,0.5937,0.66712,1458.52952,1521.58768,0.57017,0.42983,1.76341,2.34658,0.33333,,,,
240.0,43.0,90.0,0.47867,17.33333,40.0,0.439,18.0,22.33333,0.82733,10.0,39.66667,49.66667,31.0,6.0,3.66667,14.33333,20.0,121.33333,240.0,40.0,92.33333,0.43267,11.0,38.33333,0.288,17.33333,23.66667,0.73067,11.33333,34.33333,45.66667,22.66667,7.66667,2.66667,13.66667,22.66667,108.33333,0,-0.16599,0.16599,0.2951,0.29759,0.49207,0.57598,0.55444,0.63993,1505.94521,1577.03403,0.58093,0.41907,1.79723,2.56284,0.0,240.0,35.66667,85.0,0.41733,9.0,30.33333,0.30133,13.0,17.33333,0.79133,7.66667,27.33333,35.0,18.0,7.33333,4.0,17.33333,22.33333,93.33333,240.0,45.33333,83.0,0.54633,14.66667,32.33333,0.452,17.33333,22.66667,0.76833,8.0,39.0,47.0,31.0,11.33333,4.33333,15.33333,21.0,122.66667,0,0.39388,-0.39388,0.28793,0.21121,0.63611,0.47138,0.69869,0.52483,1521.53221,1471.52307,0.46855,0.53145,2.13569,1.88263,1.0,,,,
240.0,39.33333,90.66667,0.43367,10.33333,35.33333,0.288,21.66667,28.33333,0.75733,14.0,33.33333,47.33333,19.66667,7.33333,3.0,12.0,25.33333,110.66667,240.0,37.0,88.33333,0.424,7.0,25.66667,0.26433,24.0,31.66667,0.74133,12.66667,35.33333,48.0,19.0,6.66667,4.33333,13.33333,22.33333,105.0,0,-0.08243,0.08243,0.37021,0.3954,0.46507,0.49026,0.55825,0.57078,1477.43553,1491.1822,0.50917,0.49083,1.96501,2.03855,0.33333,248.33333,45.0,92.0,0.48967,13.33333,35.33333,0.379,17.66667,22.0,0.807,10.66667,34.33333,45.0,21.66667,8.0,4.0,17.33333,26.66667,121.0,248.33333,47.0,90.66667,0.51967,11.33333,32.33333,0.35233,22.66667,31.33333,0.69767,8.33333,34.0,42.33333,28.66667,10.0,8.0,11.33333,21.66667,128.0,0,0.08261,-0.08261,0.2454,0.33594,0.58194,0.56152,0.65678,0.62446,1456.48743,1516.41124,0.59772,0.40228,1.67719,2.49854,1.0,,,,
248.33333,41.33333,90.66667,0.46133,10.0,27.33333,0.40033,19.66667,29.0,0.685,13.0,36.0,49.0,30.0,6.66667,5.33333,13.0,20.33333,112.33333,248.33333,39.33333,89.33333,0.43933,14.66667,41.66667,0.349,18.0,19.33333,0.965,8.66667,34.33333,43.0,26.0,7.66667,6.0,11.66667,21.33333,111.33333,0,-0.01142,0.01142,0.24372,0.37675,0.52041,0.51761,0.59435,0.58376,1531.18766,1563.50175,0.5469,0.4531,1.85881,2.25476,0.33333,240.0,45.0,89.66667,0.505,14.33333,35.66667,0.41933,23.0,27.33333,0.843,9.33333,34.0,43.33333,32.66667,9.0,5.33333,15.0,21.0,127.33333,240.0,45.0,92.0,0.489,11.0,34.33333,0.306,16.33333,22.0,0.73967,8.66667,31.0,39.66667,28.33333,9.33333,5.66667,16.66667,23.66667,117.33333,0,-0.11899,0.11899,0.25673,0.29538,0.54819,0.58516,0.60583,0.66847,1382.01486,1517.85684,0.67149,0.32851,1.50225,3.14159,0.33333,,,,
240.0,38.66667,88.33333,0.43633,7.33333,27.33333,0.268,15.33333,18.33333,0.83167,7.66667,34.0,41.66667,22.0,8.66667,4.0,13.33333,21.0,100.0,240.0,40.66667,89.0,0.46,10.33333,27.66667,0.403,18.0,25.0,0.732,12.33333,38.33333,50.66667,22.33333,7.33333,2.66667,14.33333,18.33333,109.66667,1,0.15938,-0.15938,0.36111,0.19466,0.51903,0.47799,0.58411,0.53864,1462.65526,1355.22291,0.3534,0.6466,2.89038,1.55747,0.66667,240.0,37.0,88.0,0.421,12.0,33.0,0.35733,16.66667,23.66667,0.72067,12.0,31.33333,43.33333,25.33333,8.33333,3.66667,17.66667,20.33333,102.66667,240.0,46.33333,92.33333,0.502,14.66667,38.66667,0.379,16.0,19.66667,0.81133,11.33333,36.66667,48.0,27.66667,10.33333,6.66667,14.33333,22.0,123.33333,1,0.26294,-0.26294,0.36688,0.33057,0.58101,0.48914,0.63757,0.55096,1578.22947,1443.90238,0.3421,0.6579,3.15621,1.55305,1.0,,,,
240.0,41.0,92.33333,0.44567,14.0,37.33333,0.37233,19.33333,23.33333,0.82433,9.66667,31.66667,41.33333,25.33333,8.66667,3.0,10.66667,15.66667,115.33333,240.0,47.33333,92.0,0.51467,13.66667,29.66667,0.47,9.0,12.66667,0.74467,9.0,35.0,44.0,32.0,5.33333,7.33333,15.66667,21.0,117.33333,0,0.02558,-0.02558,0.29128,0.27311,0.58892,0.52153,0.61889,0.59335,1445.80712,1529.12966,0.62475,0.37525,1.62226,2.75587,0.66667,240.0,39.33333,87.33333,0.453,14.33333,35.0,0.40933,20.0,27.33333,0.743,16.0,35.66667,51.66667,25.33333,7.0,5.66667,20.33333,22.66667,113.0,240.0,39.66667,90.33333,0.43867,14.66667,37.33333,0.38867,19.0,23.33333,0.83567,10.33333,29.66667,40.0,25.33333,13.66667,9.0,14.0,18.0,113.0,0,-0.00567,0.00567,0.30866,0.54267,0.51969,0.53617,0.59148,0.60905,1579.03636,1454.10657,0.3364,0.6636,3.49821,1.60361,0.33333,,,,
240.0,39.33333,91.0,0.43367,8.0,29.0,0.273,21.33333,26.33333,0.81033,12.66667,35.33333,48.0,24.66667,6.33333,5.33333,15.33333,21.66667,108.0,240.0,44.0,91.33333,0.48267,11.0,31.66667,0.34733,15.66667,24.66667,0.62933,10.0,35.66667,45.66667,24.66667,10.33333,7.66667,10.66667,22.0,114.66667,1,0.08524,-0.08524,0.28439,0.36552,0.54265,0.47767,0.59316,0.56045,1458.28997,1528.1397,0.60756,0.39244,1.64845,2.55686,1.0,240.0,37.66667,88.0,0.43267,15.0,43.33333,0.34933,16.33333,20.33333,0.79867,10.66667,37.0,47.66667,25.66667,7.66667,6.0,15.66667,20.0,106.66667,240.0,41.0,86.33333,0.474,8.66667,25.66667,0.323,19.0,26.66667,0.69067,5.66667,36.33333,42.0,20.0,10.66667,4.33333,11.0,20.0,109.66667,1,0.0466,-0.0466,0.15439,0.28674,0.52447,0.51918,0.59583,0.58204,1543.2451,1500.92845,0.44313,0.55687,2.44437,1.89728,0.66667,,,,
240.0,34.33333,84.66667,0.405,6.66667,20.0,0.32533,17.0,21.33333,0.73133,10.0,34.66667,44.66667,17.66667,4.66667,2.0,11.33333,19.0,92.33333,240.0,43.0,92.33333,0.468,11.0,32.66667,0.34,11.33333,15.66667,0.72533,12.33333,36.66667,49.0,24.0,4.66667,5.66667,10.0,21.66667,108.33333,0,0.22317,-0.22317,0.36043,0.28268,0.52702,0.44448,0.56767,0.51755,1527.65231,1422.68335,0.37249,0.62751,2.71732,1.60129,0.66667,240.0,38.33333,91.0,0.422,13.0,40.33333,0.31567,13.66667,18.33333,0.76667,9.0,37.33333,46.33333,26.33333,7.33333,3.33333,16.0,23.0,103.33333,240.0,39.0,87.0,0.44933,11.0,38.33333,0.28767,19.66667,25.66667,0.75967,9.0,40.33333,49.33333,24.0,9.66667,5.0,15.0,21.66667,108.66667,0,0.07178,-0.07178,0.2434,0.22152,0.51378,0.4944,0.58896,0.54534,1618.64063,1498.2284,0.33918,0.66082,3.10846,1.53301,0.66667,,,,
240.0,44.66667,90.0,0.499,11.0,25.66667,0.43033,18.66667,26.66667,0.70567,10.0,35.66667,45.66667,27.33333,8.0,3.66667,10.66667,24.66667,119.0,240.0,39.0,87.66667,0.445,11.33333,38.66667,0.29367,21.33333,27.0,0.794,12.33333,35.33333,47.66667,25.33333,7.0,5.66667,15.0,24.0,110.66667,1,-0.10586,0.10586,0.34896,0.28161,0.50949,0.56026,0.59097,0.62321,1471.78926,1474.13615,0.48873,0.51127,2.12083,2.02788,0.33333,240.0,41.33333,83.66667,0.494,11.0,28.66667,0.36867,18.66667,22.66667,0.81733,7.66667,34.66667,42.33333,20.66667,6.33333,6.0,8.66667,18.0,112.33333,240.0,36.33333,87.66667,0.41433,8.66667,28.33333,0.298,17.0,20.66667,0.835,10.66667,31.0,41.66667,18.33333,5.66667,1.66667,12.33333,20.0,98.33333,1,-0.18587,0.18587,0.30673,0.25008,0.46384,0.55939,0.53313,0.63329,1421.74641,1554.34369,0.66528,0.33472,1.52137,3.10855,0.0,,,,
240.0,34.66667,85.0,0.407,9.66667,39.33333,0.23733,20.33333,29.33333,0.68967,11.33333,36.66667,48.0,20.0,7.66667,4.0,19.0,20.33333,99.33333,240.0,43.33333,90.0,0.48133,12.0,28.66667,0.41867,16.33333,23.33333,0.713,8.66667,35.66667,44.33333,26.33333,11.66667,4.66667,13.66667,23.66667,115.0,0,0.2055,-0.2055,0.23266,0.33504,0.54799,0.46282,0.60438,0.54238,1472.09981,1505.5551,0.57288,0.42712,1.81164,2.5772,1.0,240.0,36.33333,84.0,0.43633,7.66667,27.0,0.30033,14.0,20.0,0.72333,12.66667,30.0,42.66667,16.33333,7.0,4.0,12.66667,17.33333,94.33333,240.0,39.0,81.66667,0.47867,10.0,30.66667,0.326,15.0,18.0,0.843,11.0,33.0,44.0,24.0,8.66667,5.33333,13.66667,18.33333,103.0,0,0.12732,-0.12732,0.38534,0.37234,0.53986,0.48277,0.60263,0.53908,1566.3378,1569.82258,0.51946,0.48054,1.94831,2.10755,1.0,,,,
240.0,38.33333,86.66667,0.43933,13.66667,43.0,0.30367,15.66667,18.66667,0.84133,11.33333,30.66667,42.0,23.0,7.66667,5.66667,16.0,25.0,106.0,240.0,40.0,85.66667,0.466,9.66667,27.33333,0.369,19.0,25.0,0.76833,11.33333,32.0,43.33333,24.0,10.33333,5.0,13.0,19.33333,108.66667,0,0.06011,-0.06011,0.38176,0.34921,0.52276,0.51694,0.59545,0.58067,1498.26285,1493.45836,0.50027,0.49973,2.00028,2.00246,0.66667,240.0,40.33333,88.33333,0.457,8.66667,25.33333,0.34133,16.0,19.33333,0.84067,9.33333,35.33333,44.66667,20.66667,8.0,4.66667,15.0,24.0,105.33333,240.0,40.66667,90.0,0.45233,11.66667,31.33333,0.36833,19.66667,27.33333,0.717,15.0,37.33333,52.33333,24.0,9.66667,4.0,15.0,18.66667,112.66667,0,0.09775,-0.09775,0.42386,0.2615,0.51775,0.50614,0.58751,0.56957,1510.00858,1528.24328,0.53323,0.46677,1.87737,2.14527,1.0,,,,
248.33333,41.66667,86.0,0.486,12.0,25.66667,0.47967,19.0,29.0,0.65933,10.66667,33.66667,44.33333,31.33333,8.33333,2.33333,13.66667,18.0,114.33333,248.33333,43.33333,89.0,0.48767,12.33333,37.33333,0.31633,12.0,13.66667,0.92067,8.33333,33.33333,41.66667,25.66667,7.33333,5.0,13.33333,22.33333,111.0,0,-0.04193,0.04193,0.26277,0.32169,0.55555,0.55577,0.60305,0.61978,1532.53687,1563.93415,0.54184,0.45816,1.87493,2.22859,0.0,240.0,40.0,86.66667,0.46633,13.33333,38.66667,0.348,17.33333,21.33333,0.80633,10.33333,38.0,48.33333,27.33333,7.33333,6.0,16.66667,21.0,110.66667,240.0,41.33333,89.66667,0.46067,7.66667,28.0,0.26633,19.0,26.0,0.70733,7.66667,33.33333,41.0,21.33333,10.66667,4.66667,11.0,19.0,109.33333,0,-0.00891,0.00891,0.19996,0.30127,0.50252,0.54438,0.57352,0.61085,1540.77456,1473.19539,0.39971,0.60029,2.59635,1.68931,0.33333,,,,
256.66667,40.66667,87.66667,0.461,10.33333,25.66667,0.40467,19.33333,24.33333,0.799,8.0,32.66667,40.66667,25.33333,8.33333,6.66667,14.0,24.0,111.0,256.66667,38.66667,84.0,0.46167,10.33333,31.66667,0.323,22.66667,28.0,0.811,8.0,37.66667,45.66667,24.33333,5.66667,3.66667,16.66667,24.33333,110.33333,0,-0.00199,0.00199,0.24326,0.22022,0.52217,0.51996,0.61236,0.59466,1514.34549,1529.11668,0.52164,0.47836,1.92687,2.10414,0.33333,240.0,32.66667,86.0,0.38133,7.33333,36.33333,0.20233,15.66667,21.33333,0.73233,9.0,30.66667,39.66667,21.0,6.33333,5.0,14.66667,20.0,88.33333,240.0,48.0,94.66667,0.50733,10.33333,28.0,0.36667,16.0,19.0,0.85833,13.0,42.66667,55.66667,31.66667,9.66667,5.0,12.33333,20.33333,122.33333,0,0.46492,-0.46492,0.42421,0.20591,0.5618,0.42399,0.61853,0.48833,1550.65651,1466.47398,0.41639,0.58361,2.4317,1.7236,1.0,,,,
248.33333,42.33333,88.0,0.48067,14.0,34.33333,0.40933,14.0,23.33333,0.59933,9.33333,37.0,46.33333,24.0,4.0,5.66667,14.0,25.0,112.66667,248.33333,39.66667,92.0,0.43067,11.0,32.66667,0.333,25.33333,33.66667,0.75633,11.0,35.33333,46.33333,23.33333,8.0,4.66667,9.0,21.0,115.66667,0,0.04342,-0.04342,0.30128,0.26693,0.49123,0.55937,0.5827,0.60328,1525.484,1482.3061,0.44086,0.55914,2.26887,1.78875,0.66667,248.33333,45.66667,91.66667,0.49833,12.0,30.33333,0.4,14.33333,22.33333,0.63167,7.66667,36.66667,44.33333,28.33333,10.33333,6.66667,10.66667,18.0,117.66667,248.33333,44.66667,95.33333,0.46867,12.33333,34.0,0.35267,9.66667,12.33333,0.76667,10.33333,36.33333,46.66667,28.0,4.66667,5.33333,15.33333,18.66667,111.33333,0,-0.07574,0.07574,0.29229,0.22146,0.53193,0.56356,0.5671,0.60791,1519.31677,1446.23461,0.38988,0.61012,2.66873,1.67273,0.33333,,,,
248.33333,44.0,89.66667,0.49133,18.33333,47.0,0.389,18.66667,25.0,0.75233,13.0,29.66667,42.66667,24.0,7.33333,5.0,13.33333,24.0,125.0,248.33333,44.33333,88.33333,0.50133,9.33333,26.33333,0.35133,21.0,27.0,0.78633,12.66667,30.0,42.66667,22.66667,7.33333,4.33333,13.0,23.66667,119.0,0,-0.07145,0.07145,0.47319,0.43427,0.55433,0.59354,0.63019,0.658,1452.17961,1495.87939,0.5525,0.4475,1.81495,2.24383,0.66667,240.0,35.33333,84.33333,0.419,11.66667,34.66667,0.32833,18.66667,21.66667,0.90333,8.33333,33.66667,42.0,25.0,5.66667,5.0,15.0,20.33333,101.0,240.0,43.0,94.66667,0.45467,11.33333,34.33333,0.322,18.66667,23.33333,0.78333,14.33333,34.33333,48.66667,24.66667,8.33333,4.33333,12.33333,19.66667,116.0,0,0.20642,-0.20642,0.42424,0.2447,0.5146,0.48805,0.58377,0.56671,1501.64975,1481.81307,0.48869,0.51131,2.07845,1.98398,0.66667,,,,
240.0,36.0,86.0,0.42067,8.0,29.0,0.27567,19.66667,25.66667,0.76633,10.33333,31.33333,41.66667,23.33333,10.66667,4.0,14.66667,20.66667,99.66667,240.0,41.33333,82.0,0.502,8.0,19.66667,0.39867,18.66667,23.66667,0.82833,8.66667,37.0,45.66667,23.0,8.66667,6.33333,16.66667,22.66667,109.33333,0,0.13374,-0.13374,0.2756,0.28495,0.55258,0.46723,0.62677,0.54503,1503.53587,1518.04744,0.53569,0.46431,1.93149,2.23064,1.0,240.0,40.0,85.0,0.47267,9.33333,29.66667,0.321,17.33333,24.0,0.735,9.0,29.66667,38.66667,19.33333,7.0,5.0,13.0,20.0,106.66667,240.0,42.0,84.66667,0.496,13.33333,34.66667,0.38033,22.0,29.66667,0.737,11.0,33.0,44.0,23.0,8.33333,4.66667,11.33333,22.0,119.33333,0,0.16049,-0.16049,0.39619,0.28469,0.57488,0.52763,0.65418,0.59206,1497.854,1483.41039,0.50265,0.49735,2.06574,2.07139,1.0,,,,
240.0,42.66667,91.0,0.468,13.0,36.0,0.36333,15.66667,20.0,0.76067,9.33333,30.66667,40.0,30.33333,6.33333,5.0,11.0,20.0,114.0,240.0,41.66667,90.33333,0.46167,13.0,34.33333,0.38433,17.0,23.0,0.73067,13.0,36.0,49.0,24.66667,7.33333,4.66667,13.33333,20.33333,113.33333,0,-0.00106,0.00106,0.44318,0.26043,0.53367,0.53985,0.59477,0.59572,1402.54407,1440.9953,0.55716,0.44284,1.80122,2.26998,0.33333,240.0,39.0,89.0,0.44067,10.0,28.0,0.37067,11.33333,14.66667,0.836,11.0,33.33333,44.33333,26.0,6.66667,4.66667,15.33333,21.0,99.33333,240.0,40.33333,89.0,0.45367,5.66667,25.33333,0.22167,14.66667,18.33333,0.751,10.66667,36.66667,47.33333,26.33333,8.66667,5.33333,15.0,17.33333,101.0,0,0.02803,-0.02803,0.32289,0.29891,0.48602,0.49687,0.54605,0.54057,1525.10136,1451.86744,0.39762,0.60238,2.55948,1.67122,0.66667,,,,
240.0,36.0,86.0,0.419,7.66667,23.66667,0.32167,16.66667,20.0,0.832,9.33333,36.0,45.33333,18.33333,6.33333,6.33333,15.33333,21.66667,96.33333,240.0,38.0,85.0,0.447,9.33333,27.66667,0.33667,19.33333,28.66667,0.67333,12.0,35.66667,47.66667,22.0,9.66667,6.33333,10.66667,20.66667,104.66667,1,0.1215,-0.1215,0.33917,0.28095,0.5016,0.46353,0.57242,0.53289,1507.3285,1518.30331,0.5263,0.4737,1.90363,2.11632,1.0,240.0,43.0,92.33333,0.46467,11.66667,31.33333,0.37467,16.66667,23.0,0.73,10.33333,34.33333,44.66667,27.0,11.33333,6.0,11.33333,23.33333,114.33333,240.0,37.0,87.0,0.426,8.33333,25.0,0.34833,21.66667,27.33333,0.79933,14.33333,35.33333,49.66667,20.66667,4.33333,6.66667,17.33333,19.66667,104.0,1,-0.13373,0.13373,0.44421,0.2952,0.47391,0.52744,0.55943,0.58583,1520.52749,1499.22918,0.45285,0.54715,2.36052,1.93357,0.33333,,,,
265.0,41.66667,90.66667,0.45667,10.66667,28.33333,0.37533,17.0,21.0,0.80833,6.66667,35.66667,42.33333,25.0,7.0,6.66667,15.66667,25.33333,111.0,265.0,39.33333,87.33333,0.453,10.66667,29.66667,0.35867,24.0,29.0,0.82967,7.33333,40.33333,47.66667,24.66667,6.0,3.66667,14.33333,23.66667,113.33333,1,0.0383,-0.0383,0.20413,0.16606,0.51351,0.51574,0.60686,0.58049,1508.29778,1527.65324,0.52824,0.47176,1.8996,2.12969,0.66667,240.0,43.0,89.66667,0.48367,11.66667,35.0,0.34567,15.33333,22.33333,0.66567,10.0,30.66667,40.66667,27.0,7.66667,2.33333,15.33333,20.0,113.0,240.0,48.66667,93.0,0.52367,13.66667,33.0,0.42467,16.66667,23.33333,0.706,10.66667,37.66667,48.33333,30.66667,10.66667,5.33333,12.66667,19.66667,127.66667,1,0.18262,-0.18262,0.37113,0.26787,0.59737,0.54802,0.65101,0.60065,1533.5393,1495.77529,0.47172,0.52828,2.13472,1.90318,0.66667,,,,
240.0,40.33333,85.66667,0.47067,9.66667,26.0,0.36867,17.66667,20.0,0.89433,11.0,31.33333,42.33333,21.66667,4.66667,5.0,16.33333,22.33333,108.0,240.0,43.33333,85.33333,0.50933,10.33333,24.66667,0.47,20.66667,28.0,0.754,10.66667,31.33333,42.0,25.33333,8.33333,4.33333,10.66667,18.33333,117.66667,0,0.12225,-0.12225,0.32827,0.35265,0.57002,0.52711,0.6453,0.59976,1489.60836,1517.79615,0.55582,0.44418,1.80729,2.26708,1.0,240.0,36.66667,80.0,0.46333,14.0,32.0,0.431,19.0,25.0,0.75467,11.33333,33.66667,45.0,22.66667,8.33333,5.0,17.0,20.33333,106.33333,240.0,38.0,84.66667,0.44867,7.66667,29.0,0.265,15.66667,21.0,0.75333,10.33333,29.66667,40.0,20.66667,10.33333,6.0,14.33333,23.0,99.33333,0,-0.09138,0.09138,0.3166,0.38661,0.49388,0.55227,0.55598,0.63164,1525.63373,1555.3233,0.53251,0.46749,1.88784,2.15436,0.33333,,,,
240.0,44.0,85.0,0.51733,12.33333,32.66667,0.368,17.33333,24.0,0.71567,9.0,37.0,46.0,26.33333,8.66667,5.33333,17.0,21.33333,117.66667,240.0,39.0,88.66667,0.43833,9.66667,27.0,0.35967,17.0,24.0,0.69033,9.33333,31.33333,40.66667,16.66667,10.0,5.0,15.0,20.66667,104.66667,0,-0.16625,0.16625,0.24815,0.29237,0.49281,0.59059,0.55691,0.6511,1493.20264,1497.20655,0.48095,0.51905,2.09444,1.93741,0.0,240.0,37.0,83.33333,0.44467,8.66667,30.0,0.28633,24.0,29.0,0.825,11.33333,37.0,48.33333,21.33333,7.66667,6.33333,17.0,22.33333,106.66667,240.0,38.66667,93.33333,0.41667,10.33333,34.33333,0.298,16.0,24.66667,0.64733,14.0,33.0,47.0,20.66667,11.66667,4.33333,14.66667,24.33333,103.66667,0,-0.04416,0.04416,0.37566,0.34273,0.47291,0.4969,0.52784,0.59562,1472.12749,1470.82007,0.49142,0.50858,2.08694,2.00877,0.33333,,,,
240.0,38.0,90.66667,0.41933,12.66667,41.0,0.31133,16.33333,21.0,0.76767,10.66667,36.33333,47.0,23.33333,7.0,6.33333,10.66667,16.0,105.0,240.0,39.0,90.66667,0.43,13.33333,36.66667,0.36733,13.33333,16.0,0.83733,12.66667,37.0,49.66667,26.33333,6.66667,5.66667,14.0,19.33333,104.66667,1,-0.00376,0.00376,0.35022,0.28936,0.50338,0.48913,0.55567,0.55078,1520.14752,1609.87772,0.63277,0.36723,1.61888,2.9693,0.33333,240.0,41.66667,87.66667,0.47867,10.0,31.66667,0.318,19.0,22.33333,0.85367,10.66667,33.0,43.66667,24.0,9.0,8.0,16.0,24.0,112.33333,240.0,39.66667,89.0,0.44767,8.66667,29.0,0.29767,22.66667,32.0,0.689,14.66667,33.33333,48.0,25.0,9.33333,5.0,14.66667,22.33333,110.66667,1,-0.01977,0.01977,0.45185,0.31915,0.49658,0.53642,0.57948,0.61106,1486.46579,1551.49059,0.59015,0.40985,1.70485,2.47297,0.33333,,,,
240.0,43.66667,91.33333,0.478,14.0,35.66667,0.38967,12.66667,14.66667,0.87767,10.0,32.33333,42.33333,25.66667,11.0,4.66667,15.33333,25.0,114.0,240.0,37.0,81.66667,0.45233,11.33333,36.0,0.312,20.0,26.33333,0.74667,9.0,32.0,41.0,23.33333,9.66667,5.0,19.33333,20.66667,105.33333,1,-0.11364,0.11364,0.28475,0.3172,0.52111,0.55354,0.60255,0.6021,1470.05324,1533.92107,0.56948,0.43052,1.77924,2.38568,0.33333,240.0,36.0,85.66667,0.41933,10.66667,31.66667,0.333,13.33333,16.66667,0.84767,9.0,33.0,42.0,24.66667,6.66667,5.33333,14.66667,19.33333,96.0,240.0,42.33333,93.66667,0.452,11.33333,35.66667,0.30867,17.33333,21.33333,0.79433,14.0,35.0,49.0,26.33333,9.0,4.66667,12.66667,18.66667,113.33333,1,0.23514,-0.23514,0.41935,0.26067,0.51257,0.48138,0.57843,0.53733,1492.11013,1474.01902,0.49402,0.50598,2.06213,2.01303,0.66667,,,,
240.0,43.0,92.66667,0.46567,10.0,30.33333,0.32633,16.0,23.33333,0.698,12.33333,42.0,54.33333,25.33333,10.0,6.66667,17.33333,23.0,112.0,240.0,37.0,87.33333,0.428,11.0,31.0,0.36167,18.0,24.0,0.75067,8.0,33.66667,41.66667,20.66667,10.66667,4.33333,16.33333,22.66667,103.0,0,-0.13544,0.13544,0.18778,0.36166,0.49223,0.51923,0.56072,0.57453,1453.35103,1582.96313,0.66399,0.33601,1.52279,3.11089,0.33333,240.0,42.33333,85.66667,0.49633,10.0,28.33333,0.375,19.33333,26.33333,0.728,9.33333,32.66667,42.0,28.33333,7.0,4.0,13.66667,21.0,114.0,240.0,46.0,89.33333,0.513,12.33333,30.66667,0.403,16.0,22.0,0.72167,8.33333,32.66667,41.0,31.0,9.0,5.33333,12.0,21.33333,120.33333,0,0.07585,-0.07585,0.25735,0.28693,0.58135,0.55404,0.63735,0.62473,1540.93287,1525.65687,0.49172,0.50828,2.03637,1.97,0.33333,,,,
240.0,40.0,85.0,0.472,12.66667,34.0,0.36433,12.66667,17.33333,0.73067,8.33333,34.66667,43.0,25.33333,7.0,5.0,13.66667,15.33333,105.33333,240.0,43.33333,91.66667,0.473,9.0,24.33333,0.36567,12.0,16.33333,0.74667,10.33333,34.33333,44.66667,21.66667,7.66667,6.0,10.66667,16.0,107.66667,0,0.03654,-0.03654,0.29828,0.24044,0.52177,0.54752,0.56567,0.5953,1493.50782,1503.88669,0.51942,0.48058,1.96412,2.12515,0.66667,240.0,39.0,93.33333,0.41733,10.0,29.66667,0.34333,11.0,17.66667,0.584,12.0,34.33333,46.33333,24.0,8.33333,4.33333,15.66667,17.0,99.0,240.0,41.33333,92.33333,0.453,11.0,35.66667,0.29733,13.66667,17.66667,0.795,11.33333,38.66667,50.0,25.66667,8.66667,7.66667,14.33333,22.0,107.33333,0,0.11843,-0.11843,0.3198,0.31807,0.51318,0.47073,0.56415,0.5075,1564.24536,1455.56596,0.36218,0.63782,2.92416,1.60024,0.66667,,,,
240.0,39.66667,83.0,0.479,12.0,28.33333,0.421,14.0,17.66667,0.80167,7.33333,34.0,41.33333,24.33333,5.0,5.66667,12.33333,16.33333,105.33333,240.0,36.33333,86.66667,0.41933,12.66667,34.0,0.36,11.33333,17.0,0.60067,12.66667,32.0,44.66667,21.66667,6.66667,4.0,12.66667,17.0,96.66667,0,-0.13474,0.13474,0.37745,0.23371,0.49233,0.55086,0.53379,0.60697,1459.39337,1472.92089,0.50636,0.49364,2.02131,2.07752,0.33333,240.0,39.66667,88.33333,0.449,10.33333,31.66667,0.32867,15.66667,19.33333,0.815,9.66667,33.0,42.66667,21.0,7.0,4.66667,13.33333,23.33333,105.33333,240.0,40.33333,88.66667,0.456,10.33333,27.66667,0.37167,19.66667,25.66667,0.78167,15.33333,37.33333,52.66667,22.0,8.66667,4.0,14.66667,18.0,110.66667,0,0.07152,-0.07152,0.47203,0.27261,0.51493,0.50807,0.58807,0.56957,1508.78845,1514.02803,0.51092,0.48908,1.9631,2.05139,1.0,,,,
248.33333,41.0,90.66667,0.45267,11.33333,33.0,0.34733,23.66667,28.33333,0.824,11.0,37.0,48.0,25.66667,8.33333,5.66667,16.33333,23.0,117.0,248.33333,45.0,95.66667,0.474,9.33333,28.33333,0.333,19.66667,23.0,0.84667,12.0,36.33333,48.33333,22.33333,8.0,3.33333,14.66667,22.33333,119.0,1,0.02964,-0.02964,0.33225,0.30816,0.52325,0.515,0.5941,0.60267,1536.3058,1505.62494,0.46208,0.53792,2.18831,1.87412,0.33333,240.0,39.66667,85.33333,0.465,5.33333,24.0,0.218,15.33333,18.33333,0.831,7.0,38.33333,45.33333,23.66667,7.0,6.66667,15.33333,22.0,100.0,240.0,38.33333,94.66667,0.405,10.33333,33.66667,0.30433,13.33333,18.33333,0.72967,12.0,34.66667,46.66667,20.66667,7.66667,3.33333,13.0,18.66667,100.33333,1,-0.00076,0.00076,0.32616,0.20314,0.45934,0.49628,0.50826,0.55941,1509.79785,1516.02454,0.51207,0.48793,2.02346,2.11249,0.66667,,,,
240.0,39.33333,88.0,0.44933,9.66667,28.0,0.34067,12.33333,16.66667,0.75133,8.0,30.66667,38.66667,22.0,11.66667,6.66667,16.0,22.66667,100.66667,240.0,43.0,90.33333,0.47567,12.66667,29.66667,0.44033,19.0,26.66667,0.70967,14.0,37.0,51.0,25.66667,8.0,3.66667,17.33333,17.0,117.66667,0,0.22641,-0.22641,0.46875,0.2323,0.54575,0.50395,0.61172,0.55106,1521.99168,1392.10897,0.3433,0.6567,2.93415,1.52603,1.0,240.0,40.0,86.0,0.467,11.0,28.33333,0.378,18.66667,25.0,0.78,9.0,33.0,42.0,23.66667,7.66667,5.33333,9.66667,18.0,109.66667,240.0,41.33333,89.0,0.46567,11.0,33.0,0.32367,15.33333,21.0,0.75,13.66667,36.0,49.66667,20.33333,5.66667,4.0,12.33333,21.33333,109.0,0,-0.01042,0.01042,0.41445,0.25213,0.52866,0.53172,0.58454,0.60237,1526.27739,1519.01606,0.48976,0.51024,2.07101,1.98391,0.33333,,,,
240.0,44.33333,85.33333,0.521,16.66667,34.66667,0.49467,15.33333,17.66667,0.86533,7.0,35.66667,42.66667,31.33333,7.66667,6.33333,15.0,20.33333,120.66667,240.0,39.66667,90.33333,0.43933,7.66667,32.33333,0.23833,16.66667,23.33333,0.714,12.0,31.33333,43.33333,19.33333,9.0,3.0,15.33333,20.33333,103.66667,1,-0.21565,0.21565,0.33415,0.23165,0.482,0.6187,0.54335,0.6771,1467.49232,1574.87076,0.61991,0.38009,1.70969,2.93182,0.0,240.0,47.66667,88.33333,0.53933,10.33333,24.66667,0.41833,18.66667,24.33333,0.76867,8.66667,31.0,39.66667,29.0,7.33333,4.66667,15.0,23.66667,124.33333,240.0,45.66667,91.0,0.50367,13.0,30.33333,0.41333,20.0,27.33333,0.73367,13.0,31.0,44.0,28.33333,5.66667,3.66667,13.66667,20.66667,124.33333,1,-0.00206,0.00206,0.41852,0.28376,0.57649,0.59787,0.64298,0.66278,1469.00089,1526.09361,0.58349,0.41651,1.71642,2.40776,0.66667,,,,
240.0,40.66667,84.0,0.48567,12.66667,33.66667,0.368,12.66667,18.0,0.70733,8.0,38.33333,46.33333,23.33333,7.66667,5.66667,15.33333,18.66667,106.66667,240.0,37.66667,90.66667,0.41333,11.0,29.66667,0.369,15.0,21.66667,0.679,11.66667,33.66667,45.33333,16.66667,9.33333,5.33333,13.66667,17.66667,101.33333,0,-0.07408,0.07408,0.3,0.23554,0.47398,0.5616,0.53018,0.60835,1496.17224,1496.15481,0.48916,0.51084,2.06466,1.97385,0.33333,240.0,46.66667,94.66667,0.49433,15.0,39.66667,0.37567,16.33333,19.0,0.87,10.66667,31.66667,42.33333,27.0,7.66667,4.0,10.0,22.33333,124.66667,240.0,45.0,86.66667,0.52,11.33333,24.66667,0.503,21.66667,25.0,0.869,7.66667,33.33333,41.0,26.66667,4.33333,5.0,11.66667,17.0,123.0,0,-0.02468,0.02468,0.23834,0.32434,0.58574,0.57342,0.66773,0.63221,1459.81248,1512.75534,0.57854,0.42146,1.73985,2.39913,0.66667,,,,
240.0,43.0,79.66667,0.54333,12.0,29.33333,0.39767,19.33333,25.33333,0.76433,8.0,34.66667,42.66667,24.33333,5.33333,3.66667,14.0,19.33333,117.33333,240.0,39.66667,88.66667,0.448,8.33333,29.0,0.28333,18.0,21.33333,0.83833,10.33333,27.33333,37.66667,21.66667,8.33333,4.0,11.0,22.33333,105.66667,0,-0.15174,0.15174,0.31083,0.30283,0.49495,0.62161,0.56699,0.69457,1449.24614,1585.23309,0.6702,0.3298,1.50597,3.13282,0.0,256.66667,43.66667,96.0,0.45367,9.66667,27.66667,0.33633,17.66667,22.66667,0.797,14.0,39.33333,53.33333,23.33333,7.0,5.33333,13.0,21.0,114.66667,256.66667,39.33333,93.0,0.42367,13.66667,40.0,0.34367,19.0,25.33333,0.721,12.66667,36.0,48.66667,21.33333,6.33333,3.33333,12.33333,24.0,111.33333,0,-0.04087,0.04087,0.32357,0.39499,0.49793,0.503,0.56637,0.56629,1466.49947,1509.4434,0.55675,0.44325,1.85402,2.36282,0.0,,,,
240.0,43.33333,93.0,0.46467,11.0,31.33333,0.35867,17.0,27.66667,0.61533,15.33333,34.0,49.33333,21.33333,9.0,5.33333,16.0,22.66667,114.66667,240.0,42.0,91.0,0.463,9.33333,28.66667,0.30933,20.0,26.0,0.8,13.0,36.0,49.0,28.66667,9.66667,4.66667,16.66667,23.0,113.33333,1,-0.007,0.007,0.425,0.43467,0.51536,0.52373,0.58818,0.57772,1527.24123,1587.15873,0.58218,0.41782,1.7281,2.42496,0.66667,240.0,33.66667,86.66667,0.38767,10.0,33.33333,0.303,15.33333,19.66667,0.803,8.66667,31.66667,40.33333,15.66667,8.33333,5.33333,16.0,23.0,92.66667,240.0,40.66667,86.0,0.47667,13.33333,35.33333,0.377,17.66667,23.33333,0.75767,9.66667,40.66667,50.33333,28.33333,9.66667,4.66667,15.0,19.66667,112.33333,1,0.28178,-0.28178,0.30898,0.22751,0.55534,0.44633,0.62059,0.50894,1525.71406,1516.03799,0.51319,0.48681,1.96816,2.08068,1.0,,,,
240.0,46.0,91.66667,0.50133,19.33333,42.0,0.46167,13.66667,15.33333,0.87767,11.33333,34.0,45.33333,30.33333,11.0,3.66667,11.33333,21.33333,125.0,240.0,34.0,80.0,0.42533,9.0,28.0,0.31533,20.66667,25.0,0.79567,8.66667,30.0,38.66667,18.66667,5.66667,3.0,17.66667,18.33333,97.66667,1,-0.37189,0.37189,0.26309,0.37774,0.48178,0.60643,0.57054,0.65796,1467.29181,1557.51322,0.59853,0.40147,1.71159,2.66554,0.0,248.33333,39.66667,89.33333,0.44067,12.33333,37.33333,0.324,19.33333,24.33333,0.796,12.0,32.33333,44.33333,21.33333,8.66667,3.33333,17.33333,23.0,111.0,248.33333,47.33333,86.0,0.54933,9.66667,28.0,0.344,16.0,24.33333,0.64633,5.33333,35.0,40.33333,26.0,9.0,6.33333,13.33333,22.0,120.33333,1,0.1259,-0.1259,0.1678,0.36708,0.60515,0.50855,0.6566,0.58246,1450.71002,1495.13051,0.57989,0.42011,1.72939,2.39451,1.0,,,,
240.0,37.66667,89.66667,0.42233,11.33333,37.0,0.31433,19.33333,24.66667,0.76933,13.33333,34.0,47.33333,22.66667,13.0,6.0,21.33333,20.33333,106.0,240.0,41.33333,86.0,0.48033,11.66667,33.0,0.327,20.66667,27.33333,0.78567,7.66667,36.66667,44.33333,24.0,15.66667,5.0,18.0,23.33333,115.0,0,0.12033,-0.12033,0.22904,0.36058,0.54714,0.48614,0.62507,0.56127,1529.26157,1390.84783,0.31994,0.68006,3.20717,1.47979,0.66667,240.0,36.33333,86.33333,0.42167,10.0,33.0,0.299,11.33333,13.66667,0.824,9.33333,32.66667,42.0,19.33333,6.66667,3.66667,15.0,22.0,94.0,240.0,38.0,84.33333,0.451,11.0,31.66667,0.351,19.33333,25.33333,0.77967,12.66667,36.0,48.66667,24.66667,9.0,3.66667,13.33333,14.66667,106.33333,0,0.1911,-0.1911,0.40034,0.27014,0.51613,0.47975,0.59181,0.52653,1509.69532,1483.16553,0.4782,0.5218,2.09683,1.9208,1.0,,,,
240.0,41.33333,88.0,0.46867,11.66667,32.33333,0.36,12.33333,18.66667,0.653,6.0,25.0,31.0,26.0,6.33333,3.0,9.66667,19.33333,106.66667,240.0,44.0,83.0,0.53033,12.0,27.33333,0.44633,16.66667,21.0,0.77067,9.33333,38.66667,48.0,29.66667,5.66667,5.0,13.0,20.66667,116.66667,0,0.13096,-0.13096,0.3797,0.15562,0.6023,0.53536,0.6661,0.57879,1472.87417,1434.62614,0.45997,0.54003,2.25984,1.90583,1.0,240.0,43.33333,91.33333,0.48,11.33333,32.66667,0.36933,21.0,25.0,0.83933,9.66667,35.66667,45.33333,32.0,10.0,5.33333,16.66667,21.33333,119.0,240.0,41.66667,91.66667,0.455,10.66667,35.33333,0.28833,17.33333,23.66667,0.72667,8.66667,34.33333,43.0,28.0,10.66667,6.33333,17.66667,23.66667,111.33333,0,-0.08514,0.08514,0.24406,0.27851,0.51276,0.54318,0.57453,0.62036,1376.14091,1522.83276,0.68796,0.31204,1.47077,3.35918,0.33333,,,,
240.0,40.66667,91.0,0.448,10.66667,36.33333,0.303,14.0,19.33333,0.70667,9.33333,35.0,44.33333,27.0,7.66667,7.33333,10.33333,18.0,106.0,240.0,39.0,88.66667,0.43933,13.0,33.66667,0.387,15.33333,18.66667,0.81833,12.33333,37.33333,49.66667,26.66667,5.66667,2.66667,15.66667,19.0,106.33333,1,0.00626,-0.00626,0.35253,0.24875,0.51273,0.50617,0.57281,0.55646,1481.44549,1607.22131,0.68223,0.31777,1.47818,3.28532,0.33333,240.0,38.66667,89.66667,0.43133,11.66667,30.33333,0.37867,17.33333,24.33333,0.72667,14.33333,32.0,46.33333,26.0,9.66667,4.0,18.0,19.0,106.33333,240.0,42.66667,90.0,0.47333,15.33333,39.0,0.39333,14.33333,17.66667,0.81367,12.0,33.0,45.0,25.66667,12.0,9.66667,16.66667,19.66667,115.0,1,0.10825,-0.10825,0.38189,0.46092,0.55835,0.49675,0.61117,0.55971,1582.27615,1428.67083,0.30839,0.69161,3.60855,1.48814,0.66667,,,,
240.0,40.0,91.0,0.441,10.66667,33.0,0.32233,18.0,22.66667,0.79433,9.33333,30.33333,39.66667,23.33333,9.0,3.33333,10.33333,16.33333,108.66667,240.0,45.0,89.33333,0.504,12.66667,29.66667,0.44433,13.0,17.33333,0.769,9.66667,36.33333,46.0,30.66667,6.33333,5.66667,15.33333,20.66667,115.66667,0,0.09113,-0.09113,0.32848,0.25227,0.57511,0.49946,0.62131,0.56768,1508.80553,1519.10783,0.53615,0.46385,1.91483,2.23647,0.66667,240.0,43.0,87.0,0.49567,9.0,27.66667,0.308,14.0,19.0,0.75767,8.0,31.33333,39.33333,23.0,8.66667,5.66667,12.33333,24.0,109.0,240.0,39.0,82.66667,0.471,13.33333,30.66667,0.43267,19.33333,28.66667,0.67533,9.66667,33.66667,43.33333,26.66667,5.66667,3.66667,16.0,18.66667,110.66667,0,0.02236,-0.02236,0.34329,0.23598,0.5531,0.54752,0.62417,0.59944,1479.81281,1492.41853,0.51824,0.48176,2.05003,2.19129,0.66667,,,,
240.0,37.66667,89.33333,0.42233,7.33333,28.0,0.24933,11.66667,14.33333,0.85933,8.66667,33.0,41.66667,22.0,8.0,5.0,15.33333,21.66667,94.33333,240.0,39.33333,84.0,0.469,11.66667,32.33333,0.34833,17.66667,23.33333,0.761,8.33333,39.66667,48.0,23.0,7.66667,6.0,15.0,17.0,108.0,0,0.19325,-0.19325,0.25264,0.2193,0.53718,0.46281,0.60614,0.50998,1513.82778,1398.92398,0.36277,0.63723,2.77048,1.57169,1.0,248.33333,42.66667,87.33333,0.49,9.66667,26.33333,0.39667,14.66667,21.0,0.735,7.0,39.33333,46.33333,27.66667,6.66667,5.0,11.66667,18.33333,109.66667,248.33333,38.33333,89.33333,0.42767,12.0,37.33333,0.30567,11.0,13.33333,0.85267,8.66667,36.66667,45.33333,24.66667,4.0,5.0,12.33333,17.33333,99.66667,0,-0.13947,0.13947,0.22181,0.18834,0.49359,0.54579,0.53854,0.59642,1474.42984,1554.81108,0.59905,0.40095,1.67199,2.50248,0.0,,,,
240.0,43.0,89.33333,0.481,15.33333,37.0,0.41,14.0,14.66667,0.941,10.0,31.33333,41.33333,25.33333,10.33333,3.33333,14.66667,23.66667,115.33333,240.0,37.66667,82.0,0.45867,12.33333,33.66667,0.362,22.0,27.33333,0.78767,10.33333,30.33333,40.66667,22.33333,8.66667,3.33333,18.0,18.0,109.66667,1,-0.06915,0.06915,0.32937,0.32832,0.53343,0.56609,0.62347,0.62284,1506.8227,1542.0873,0.53701,0.46299,1.86643,2.16625,0.33333,240.0,41.66667,91.33333,0.45533,10.0,30.66667,0.328,14.33333,21.33333,0.723,10.33333,38.0,48.33333,24.66667,9.66667,6.33333,15.33333,19.66667,107.66667,240.0,40.0,88.66667,0.45433,11.0,28.66667,0.38467,14.66667,18.0,0.82133,7.0,37.33333,44.33333,23.66667,9.66667,5.66667,16.0,20.33333,105.66667,1,-0.02981,0.02981,0.18427,0.28199,0.51719,0.51034,0.5738,0.56051,1412.45962,1514.98641,0.63608,0.36392,1.59569,2.91363,0.33333,,,,
240.0,34.66667,87.0,0.399,7.0,22.33333,0.306,19.0,23.33333,0.80567,10.33333,35.33333,45.66667,19.0,5.0,2.33333,10.33333,17.66667,95.33333,240.0,43.33333,95.66667,0.455,14.0,35.66667,0.405,10.33333,14.33333,0.73133,13.66667,38.0,51.66667,23.0,4.33333,3.33333,10.33333,23.66667,111.0,1,0.21068,-0.21068,0.39162,0.2851,0.52836,0.4389,0.56392,0.51992,1546.60974,1411.35068,0.33479,0.66521,3.20472,1.52733,0.66667,240.0,37.33333,89.33333,0.418,10.33333,35.0,0.30067,14.0,20.33333,0.68567,9.33333,31.0,40.33333,21.66667,8.66667,3.33333,13.0,19.66667,99.0,240.0,41.33333,84.66667,0.49067,11.33333,28.0,0.41767,16.66667,21.66667,0.76867,10.66667,39.0,49.66667,29.33333,7.66667,5.0,17.33333,18.66667,110.66667,1,0.16075,-0.16075,0.33887,0.24896,0.55749,0.47573,0.62128,0.52773,1560.78526,1481.69356,0.41612,0.58388,2.66181,1.83761,1.0,,,,
240.0,42.33333,93.0,0.45467,11.0,32.66667,0.336,17.33333,21.0,0.812,9.33333,33.66667,43.0,29.0,8.66667,5.33333,13.33333,22.66667,113.0,240.0,40.33333,93.33333,0.432,12.0,36.66667,0.32833,23.0,30.66667,0.75,14.66667,37.33333,52.0,25.33333,9.33333,5.33333,15.0,19.33333,115.66667,0,0.04162,-0.04162,0.44985,0.2534,0.49622,0.51398,0.57754,0.57751,1441.85177,1439.00206,0.50172,0.49828,2.03961,2.05158,0.33333,240.0,46.66667,87.66667,0.52933,12.66667,29.66667,0.41533,15.33333,18.66667,0.762,8.33333,32.66667,41.0,25.0,5.66667,5.0,9.0,18.0,121.33333,240.0,38.66667,86.0,0.45167,8.66667,26.66667,0.31867,17.33333,22.33333,0.771,10.0,30.0,40.0,17.0,5.66667,0.66667,12.33333,19.66667,103.33333,0,-0.2283,0.2283,0.30329,0.2831,0.50246,0.60143,0.57062,0.66077,1406.42018,1549.9197,0.67182,0.32818,1.5017,3.14504,0.0,,,,
240.0,36.66667,85.0,0.43033,11.33333,38.66667,0.287,19.66667,28.0,0.70033,10.33333,33.33333,43.66667,22.0,7.33333,3.0,16.33333,17.66667,104.33333,240.0,46.0,91.33333,0.504,13.0,28.33333,0.45667,14.0,18.66667,0.75367,9.66667,34.66667,44.33333,29.66667,11.33333,4.66667,13.0,23.33333,119.0,0,0.18824,-0.18824,0.29973,0.31324,0.57516,0.49577,0.62366,0.57112,1489.50408,1501.37102,0.53768,0.46232,1.98557,2.45842,1.0,240.0,45.66667,91.33333,0.501,12.33333,29.33333,0.43867,21.33333,27.33333,0.77967,10.0,34.33333,44.33333,29.0,7.33333,5.33333,9.66667,26.0,125.0,240.0,37.66667,86.0,0.43967,8.0,27.0,0.297,24.66667,29.66667,0.83133,11.0,32.33333,43.33333,22.66667,4.0,4.66667,13.66667,21.66667,108.0,0,-0.22068,0.22068,0.32075,0.30276,0.48631,0.56795,0.58455,0.64355,1503.86306,1542.35804,0.52698,0.47302,1.95213,2.17994,0.0,,,,
240.0,42.66667,93.33333,0.458,12.0,36.33333,0.33367,16.0,25.66667,0.62467,13.33333,36.66667,50.0,25.33333,10.0,6.0,17.66667,24.0,113.33333,240.0,41.66667,88.33333,0.47267,10.33333,26.33333,0.373,21.0,27.66667,0.75433,10.66667,36.0,46.66667,25.0,12.0,4.33333,17.0,25.66667,114.66667,0,0.01658,-0.01658,0.31145,0.37608,0.53318,0.5227,0.60966,0.57389,1466.34167,1583.90984,0.6589,0.3411,1.53843,3.08322,0.66667,240.0,34.33333,80.0,0.432,7.33333,31.33333,0.242,14.33333,18.0,0.799,6.0,30.66667,36.66667,21.66667,6.33333,4.66667,13.0,19.0,90.33333,240.0,43.33333,89.0,0.488,9.0,27.0,0.334,15.66667,18.33333,0.866,13.0,37.33333,50.33333,27.66667,9.33333,5.0,11.66667,18.0,111.33333,0,0.30342,-0.30342,0.42421,0.16376,0.53912,0.47868,0.60063,0.54231,1556.03065,1498.29216,0.44586,0.55414,2.24556,1.80603,1.0,,,,
248.33333,39.33333,87.33333,0.448,13.66667,38.66667,0.34467,15.0,23.66667,0.63667,10.0,34.66667,44.66667,23.33333,5.0,5.66667,13.66667,24.33333,107.33333,248.33333,37.66667,87.66667,0.42967,10.0,28.33333,0.36467,24.33333,31.33333,0.77533,9.33333,35.33333,44.66667,20.66667,7.33333,4.66667,10.0,22.33333,109.66667,0,0.04438,-0.04438,0.27957,0.28777,0.48843,0.52516,0.58193,0.5765,1523.92748,1482.83776,0.44397,0.55603,2.25369,1.79914,0.66667,240.0,34.33333,85.33333,0.40067,8.33333,32.66667,0.25467,16.33333,20.33333,0.79133,10.33333,33.66667,44.0,20.33333,7.33333,2.33333,15.33333,17.66667,93.33333,240.0,40.0,92.33333,0.43367,8.33333,28.66667,0.27833,13.66667,18.66667,0.745,13.66667,37.66667,51.33333,24.33333,9.33333,6.33333,13.0,18.33333,102.0,0,0.12492,-0.12492,0.40998,0.28149,0.47926,0.45003,0.53014,0.52071,1578.16575,1405.93974,0.28142,0.71858,3.57391,1.39284,0.66667,,,,
240.0,44.0,84.0,0.52433,12.33333,28.0,0.434,19.33333,22.33333,0.86533,7.66667,35.33333,43.0,28.33333,7.33333,6.0,14.0,21.0,119.66667,240.0,42.0,92.33333,0.45533,9.33333,31.0,0.293,15.66667,22.33333,0.69867,11.66667,29.33333,41.0,20.66667,8.33333,2.66667,13.0,20.33333,109.0,1,-0.12686,0.12686,0.32865,0.26118,0.50556,0.59802,0.56088,0.6735,1433.81867,1566.32496,0.6678,0.3322,1.51443,3.12779,0.33333,240.0,41.33333,92.0,0.45,10.0,32.0,0.33667,18.66667,25.33333,0.731,10.0,35.0,45.0,24.66667,7.66667,2.33333,13.66667,23.33333,111.33333,240.0,43.33333,85.0,0.509,13.66667,38.66667,0.353,21.66667,27.66667,0.78067,6.0,39.0,45.0,28.0,8.66667,5.0,13.33333,22.0,122.0,1,0.14177,-0.14177,0.17493,0.25595,0.58966,0.50466,0.66939,0.57109,1618.05466,1465.48389,0.3056,0.6944,3.34739,1.44559,1.0,,,,
240.0,40.66667,87.0,0.466,11.33333,33.0,0.34567,17.0,25.33333,0.655,6.33333,26.0,32.33333,26.0,10.0,2.33333,12.0,26.0,109.66667,240.0,40.66667,79.66667,0.51033,11.0,27.66667,0.41,25.0,30.66667,0.811,9.66667,38.33333,48.0,28.66667,5.33333,5.0,18.33333,23.66667,117.33333,0,0.09813,-0.09813,0.37446,0.16688,0.57962,0.53163,0.67867,0.5924,1458.96302,1437.86539,0.47977,0.52023,2.20513,2.03161,1.0,240.0,37.66667,83.0,0.455,10.0,30.66667,0.333,18.66667,26.33333,0.71833,10.33333,32.0,42.33333,22.0,6.33333,4.33333,16.33333,21.0,104.0,240.0,38.66667,85.33333,0.45333,12.0,33.33333,0.35833,23.66667,30.0,0.78333,12.0,29.33333,41.33333,20.66667,10.0,4.66667,12.33333,23.0,113.0,0,0.11645,-0.11645,0.41054,0.35,0.52376,0.51516,0.61474,0.58647,1495.91844,1525.98127,0.55499,0.44501,1.80359,2.25044,1.0,,,,
240.0,37.66667,86.0,0.43933,10.33333,24.33333,0.425,19.33333,24.66667,0.784,11.0,36.0,47.0,26.66667,11.0,5.0,18.0,20.33333,105.0,240.0,41.33333,89.66667,0.46167,10.0,27.66667,0.35767,13.66667,21.66667,0.633,12.33333,34.66667,47.0,23.33333,8.66667,6.66667,15.33333,18.66667,106.33333,1,0.02026,-0.02026,0.34274,0.31969,0.51702,0.49964,0.56313,0.57579,1458.37066,1521.99221,0.59248,0.40752,1.70553,2.50966,0.66667,248.33333,41.33333,85.33333,0.48567,9.33333,25.66667,0.39233,19.33333,26.66667,0.73367,9.0,33.66667,42.66667,23.0,6.33333,3.0,13.33333,21.33333,111.33333,248.33333,42.33333,87.66667,0.48333,13.66667,37.0,0.36033,15.0,17.66667,0.87833,8.0,33.33333,41.33333,29.66667,4.66667,4.66667,12.66667,20.0,113.33333,1,0.02005,-0.02005,0.24371,0.29423,0.56005,0.54053,0.6186,0.60981,1480.33357,1523.76785,0.56521,0.43479,1.80091,2.3571,0.33333,,,,
240.0,44.0,92.33333,0.48033,12.33333,36.0,0.33967,13.66667,20.0,0.70533,12.0,31.66667,43.66667,24.66667,9.33333,4.0,12.66667,22.33333,114.0,240.0,40.66667,86.66667,0.468,11.33333,31.66667,0.35333,23.0,27.66667,0.82333,11.0,31.33333,42.33333,22.66667,8.33333,5.33333,12.66667,20.33333,115.66667,1,-0.00124,0.00124,0.37819,0.40337,0.53325,0.54692,0.6205,0.5921,1491.1777,1532.53327,0.56099,0.43901,1.80037,2.31262,0.66667,248.33333,42.0,95.0,0.44367,11.0,34.33333,0.32133,18.33333,26.0,0.70667,13.0,37.0,50.0,24.66667,7.0,10.0,11.0,23.33333,113.33333,248.33333,38.66667,91.0,0.42233,14.0,37.0,0.36967,23.66667,28.33333,0.82633,9.33333,37.66667,47.0,26.33333,7.33333,6.33333,10.66667,20.0,115.0,1,0.02302,-0.02302,0.25617,0.3545,0.49755,0.50242,0.59118,0.56424,1525.78128,1483.61753,0.44522,0.55478,2.35047,1.85988,0.66667,,,,
240.0,41.0,90.0,0.45467,8.33333,26.33333,0.31567,10.33333,11.0,0.93267,8.66667,32.66667,41.33333,25.66667,5.0,5.0,14.66667,17.33333,100.66667,240.0,47.66667,91.0,0.52633,17.33333,35.66667,0.48967,12.0,15.33333,0.77833,7.66667,36.66667,44.33333,31.33333,10.0,5.33333,12.0,16.66667,124.66667,0,0.30518,-0.30518,0.23685,0.23875,0.6222,0.50073,0.66356,0.54394,1479.4717,1469.18436,0.51195,0.48805,1.97906,2.0829,0.66667,240.0,34.33333,88.33333,0.38833,11.0,31.66667,0.36167,18.66667,24.0,0.78933,8.66667,34.66667,43.33333,22.33333,11.66667,5.33333,16.0,23.0,98.33333,240.0,43.33333,88.0,0.492,9.0,27.0,0.333,17.0,26.0,0.65333,10.33333,40.66667,51.0,24.66667,8.33333,6.0,18.0,22.33333,112.66667,0,0.1946,-0.1946,0.30004,0.21627,0.54318,0.45049,0.60062,0.52535,1522.93234,1470.16167,0.44694,0.55306,2.35651,1.85497,1.0,,,,
240.0,37.0,87.66667,0.41967,12.0,35.33333,0.34033,17.33333,25.33333,0.69,10.0,35.66667,45.66667,24.0,9.33333,5.0,13.66667,21.66667,103.33333,240.0,38.0,85.0,0.451,12.33333,31.0,0.393,17.33333,24.0,0.70667,10.66667,38.33333,49.0,23.0,6.66667,6.33333,15.0,18.33333,105.66667,1,0.0462,-0.0462,0.29522,0.2817,0.52501,0.48843,0.59061,0.55133,1528.74662,1487.37534,0.43752,0.56248,2.29192,1.78093,0.66667,240.0,33.33333,86.0,0.383,10.0,28.33333,0.34033,16.66667,21.0,0.78767,11.33333,38.0,49.33333,19.33333,10.33333,6.33333,16.66667,20.66667,93.33333,240.0,35.0,83.66667,0.41833,7.0,27.33333,0.261,15.0,22.0,0.69,9.66667,35.66667,45.33333,18.0,10.33333,7.66667,14.0,22.66667,92.0,1,-0.00925,0.00925,0.2558,0.36281,0.46012,0.43999,0.51965,0.51393,1523.10958,1531.58782,0.50847,0.49153,1.9685,2.03645,0.66667,,,,
240.0,42.66667,89.0,0.47867,7.66667,21.0,0.37567,21.33333,26.66667,0.80067,10.33333,30.0,40.33333,27.66667,7.0,5.66667,13.0,21.66667,114.33333,240.0,42.66667,87.33333,0.49,16.0,38.0,0.415,22.0,27.66667,0.80867,12.33333,34.33333,46.66667,27.33333,6.33333,6.66667,15.0,22.33333,123.33333,0,0.10874,-0.10874,0.40808,0.30912,0.58116,0.52135,0.66082,0.60198,1535.55098,1520.67169,0.49295,0.50705,2.05713,1.9961,1.0,248.33333,39.33333,83.0,0.47133,9.0,30.33333,0.29667,21.33333,28.0,0.78133,10.0,35.0,45.0,24.33333,8.33333,4.33333,17.66667,18.66667,109.0,248.33333,40.0,88.33333,0.45267,11.0,28.66667,0.38067,14.33333,18.0,0.79433,8.66667,32.0,40.66667,26.0,12.0,5.66667,16.0,25.66667,105.33333,0,-0.04162,0.04162,0.24595,0.33041,0.51623,0.52522,0.57144,0.60923,1347.61706,1499.10904,0.70412,0.29588,1.42495,3.4368,0.33333,,,,
240.0,40.66667,86.0,0.47233,9.33333,30.33333,0.30433,20.66667,24.66667,0.835,9.0,37.33333,46.33333,26.0,6.66667,5.33333,16.33333,22.66667,111.33333,240.0,43.33333,91.33333,0.47533,10.33333,32.66667,0.31867,16.0,25.0,0.63233,9.66667,34.33333,44.0,25.66667,10.33333,6.33333,11.66667,19.66667,113.0,1,0.02146,-0.02146,0.25954,0.26944,0.53166,0.52596,0.58414,0.60855,1487.24733,1526.89838,0.5574,0.4426,1.81832,2.30373,0.66667,240.0,42.0,86.66667,0.48467,7.33333,27.66667,0.264,18.33333,20.66667,0.88633,8.66667,36.66667,45.33333,24.0,9.0,8.33333,15.66667,24.66667,109.66667,240.0,37.0,93.66667,0.395,8.33333,31.66667,0.26033,19.33333,25.33333,0.75,13.33333,32.33333,45.66667,20.0,9.33333,2.66667,14.0,21.0,101.66667,1,-0.12009,0.12009,0.39723,0.26831,0.43892,0.52669,0.51201,0.60085,1502.39806,1554.44652,0.5631,0.4369,1.77764,2.29246,0.33333,,,,
240.0,35.0,88.66667,0.395,8.66667,29.33333,0.28833,10.66667,13.0,0.82033,8.66667,31.66667,40.33333,21.0,10.0,5.0,16.0,21.66667,89.33333,240.0,42.66667,86.66667,0.492,11.0,25.0,0.453,16.66667,23.0,0.737,10.66667,42.0,52.66667,26.0,8.66667,4.0,17.0,16.33333,113.0,1,0.33957,-0.33957,0.33889,0.2073,0.55579,0.44368,0.6162,0.4885,1510.53866,1357.87091,0.31677,0.68323,3.16288,1.46422,1.0,240.0,43.0,89.0,0.48333,12.0,29.33333,0.41967,15.66667,21.33333,0.734,8.66667,33.0,41.66667,25.33333,7.66667,5.66667,11.33333,22.0,113.66667,240.0,40.0,88.66667,0.45133,11.0,28.66667,0.387,15.0,21.66667,0.73567,12.0,33.33333,45.33333,23.33333,5.66667,3.0,15.0,19.0,106.0,1,-0.10005,0.10005,0.37609,0.26371,0.51295,0.55059,0.56754,0.60676,1421.14471,1478.02442,0.57227,0.42773,1.76328,2.3792,0.0,,,,
248.33333,33.33333,81.0,0.408,8.33333,25.0,0.33467,23.66667,30.66667,0.76533,11.33333,32.33333,43.66667,21.33333,7.0,3.0,17.66667,20.0,98.66667,248.33333,44.0,87.33333,0.50433,8.66667,25.0,0.355,16.66667,22.66667,0.739,9.66667,35.66667,45.33333,24.66667,11.0,7.0,13.66667,25.33333,113.33333,0,0.21128,-0.21128,0.29797,0.31871,0.5543,0.45972,0.61478,0.56005,1457.94084,1514.4472,0.59845,0.40155,1.70707,2.65396,0.66667,240.0,40.33333,89.66667,0.451,9.33333,29.33333,0.32433,11.66667,19.66667,0.559,10.66667,32.66667,43.33333,25.33333,10.0,2.66667,17.66667,19.66667,101.66667,240.0,43.33333,86.33333,0.502,10.66667,29.66667,0.34733,18.0,23.0,0.817,9.0,37.33333,46.33333,26.66667,9.66667,6.66667,16.66667,22.66667,115.33333,0,0.18846,-0.18846,0.27505,0.29349,0.56319,0.50285,0.63028,0.54086,1574.14501,1443.8156,0.33762,0.66238,3.05042,1.52085,1.0,,,,
240.0,36.33333,85.66667,0.426,10.0,27.66667,0.36067,10.66667,14.33333,0.75733,8.66667,34.33333,43.0,21.0,6.66667,3.66667,12.66667,15.66667,93.33333,240.0,35.66667,85.66667,0.41667,9.66667,32.66667,0.293,11.0,14.66667,0.65133,11.33333,35.0,46.33333,23.0,6.33333,5.0,13.0,15.0,92.0,0,-0.01069,0.01069,0.33571,0.25856,0.47258,0.48405,0.51793,0.52612,1455.26587,1467.68286,0.51744,0.48256,1.96169,2.11181,0.33333,240.0,41.33333,85.0,0.484,15.33333,35.0,0.42133,14.33333,18.33333,0.77767,10.0,37.0,47.0,28.33333,9.66667,3.33333,12.0,14.33333,112.33333,240.0,35.0,82.66667,0.42333,6.66667,23.66667,0.284,9.66667,12.33333,0.781,8.0,30.66667,38.66667,17.66667,6.66667,3.33333,16.66667,18.66667,86.33333,0,-0.37115,0.37115,0.2169,0.32821,0.46409,0.57163,0.50704,0.62859,1374.80027,1513.41428,0.67185,0.32815,1.49448,3.10429,0.0,,,,
240.0,42.66667,89.66667,0.476,10.66667,32.0,0.33633,19.33333,22.66667,0.852,12.0,31.66667,43.66667,26.66667,9.0,7.66667,15.33333,24.33333,115.33333,240.0,43.33333,92.33333,0.47133,8.33333,27.33333,0.30867,21.33333,26.33333,0.80833,14.66667,33.66667,48.33333,22.0,8.0,3.33333,14.33333,20.66667,116.33333,1,0.0163,-0.0163,0.46645,0.35816,0.51669,0.53513,0.59555,0.60815,1523.93121,1512.81189,0.48708,0.51292,2.08815,1.97514,0.33333,240.0,39.66667,91.33333,0.43467,12.33333,35.33333,0.356,15.33333,19.33333,0.801,10.33333,32.66667,43.0,24.33333,6.33333,5.33333,9.66667,15.66667,107.0,240.0,41.66667,89.0,0.46767,12.66667,33.66667,0.37967,14.33333,17.33333,0.805,12.33333,37.66667,50.0,23.0,6.33333,3.66667,11.33333,20.66667,110.33333,1,0.04385,-0.04385,0.38876,0.27512,0.53895,0.50243,0.5945,0.55972,1400.48377,1485.11842,0.62006,0.37994,1.65517,2.89283,0.66667,,,,
240.0,37.0,91.0,0.407,8.66667,28.66667,0.29567,11.0,14.33333,0.77533,8.33333,30.0,38.33333,21.33333,13.33333,5.33333,15.66667,22.33333,93.66667,240.0,42.33333,87.66667,0.48233,10.33333,25.0,0.42133,19.33333,27.33333,0.70633,14.0,42.0,56.0,23.66667,8.33333,5.66667,19.0,17.0,114.33333,0,0.28889,-0.28889,0.47778,0.19853,0.54138,0.45433,0.61,0.49753,1530.64494,1376.77452,0.3151,0.6849,3.17799,1.4605,1.0,240.0,42.66667,90.33333,0.47267,10.66667,31.33333,0.34333,15.66667,18.66667,0.849,9.33333,29.33333,38.66667,24.0,7.33333,3.33333,13.0,20.0,111.66667,240.0,47.66667,87.66667,0.545,9.66667,20.0,0.503,19.66667,22.33333,0.89133,8.0,34.66667,42.66667,27.33333,5.33333,6.0,11.0,16.0,124.66667,0,0.16021,-0.16021,0.26995,0.27225,0.60059,0.53209,0.67421,0.59214,1463.45622,1519.70708,0.60543,0.39457,1.65226,2.53639,1.0,,,,
240.0,38.66667,84.0,0.45667,8.33333,22.33333,0.37433,22.66667,29.0,0.78,8.66667,34.66667,43.33333,22.66667,7.33333,3.33333,13.33333,21.33333,108.33333,240.0,42.66667,90.66667,0.47,9.33333,28.33333,0.32667,17.33333,24.0,0.71767,12.66667,36.66667,49.33333,23.33333,8.33333,5.33333,12.66667,24.0,112.0,1,0.05876,-0.05876,0.36343,0.24656,0.52131,0.50664,0.58272,0.59902,1525.25732,1540.70052,0.52974,0.47026,1.8887,2.12792,0.66667,240.0,42.0,84.0,0.5,11.33333,29.33333,0.38633,16.66667,22.66667,0.75567,7.66667,34.33333,42.0,27.33333,10.0,4.33333,12.33333,18.0,112.0,240.0,36.0,83.33333,0.43267,11.0,35.0,0.31367,13.0,17.0,0.758,8.66667,33.0,41.66667,25.33333,7.0,2.66667,17.66667,21.0,96.0,1,-0.22241,0.22241,0.25386,0.23865,0.49883,0.56705,0.55162,0.62835,1367.37387,1471.70594,0.62045,0.37955,1.61334,2.64213,0.0,,,,
240.0,40.66667,90.33333,0.45033,10.0,30.0,0.34233,16.66667,26.66667,0.62767,14.0,30.33333,44.33333,20.66667,10.33333,5.33333,17.66667,22.0,108.0,240.0,43.33333,87.33333,0.498,9.0,25.66667,0.342,18.0,22.66667,0.80967,11.33333,36.33333,47.66667,27.66667,12.33333,5.0,19.0,25.66667,113.66667,1,0.07625,-0.07625,0.4006,0.3901,0.55146,0.50604,0.61858,0.56192,1500.99957,1582.16848,0.61638,0.38362,1.65734,2.80854,1.0,240.0,45.66667,90.33333,0.50667,11.33333,28.66667,0.40033,20.66667,27.0,0.76867,11.0,36.0,47.0,31.33333,6.66667,3.0,18.0,24.33333,123.33333,240.0,45.33333,91.0,0.50033,15.66667,37.0,0.42967,19.33333,27.0,0.71833,10.0,32.0,42.0,30.66667,6.33333,4.0,14.33333,21.66667,125.66667,1,0.02455,-0.02455,0.29259,0.34329,0.5869,0.56928,0.64998,0.64076,1481.44114,1535.83722,0.58519,0.41481,1.71182,2.41888,0.66667,,,,
240.0,39.0,86.66667,0.45067,8.66667,22.33333,0.391,19.33333,22.66667,0.847,7.66667,32.66667,40.33333,20.33333,5.66667,5.66667,13.0,22.66667,106.0,240.0,39.33333,83.33333,0.47167,9.0,26.66667,0.33767,22.33333,30.0,0.72667,9.66667,33.66667,43.33333,22.66667,7.66667,5.33333,9.66667,22.0,110.0,0,0.06592,-0.06592,0.3028,0.24516,0.52558,0.5004,0.61024,0.57723,1498.22665,1521.51198,0.54054,0.45946,1.85289,2.18095,0.66667,240.0,36.33333,87.0,0.41633,10.33333,29.66667,0.349,15.0,21.33333,0.721,6.66667,36.33333,43.0,17.66667,10.33333,5.33333,14.0,21.33333,98.0,240.0,39.66667,87.33333,0.45867,14.33333,36.0,0.40167,14.66667,20.33333,0.71433,9.0,40.33333,49.33333,31.33333,8.33333,4.66667,15.33333,18.0,108.33333,0,0.15231,-0.15231,0.24857,0.17261,0.54207,0.47655,0.59565,0.53366,1530.10533,1553.67206,0.54685,0.45315,1.849,2.23739,0.66667,,,,
240.0,45.0,89.66667,0.50467,13.33333,35.33333,0.375,13.33333,21.0,0.65767,12.0,34.66667,46.66667,28.0,10.66667,5.66667,15.0,21.0,116.66667,240.0,38.33333,87.0,0.441,9.33333,31.0,0.294,18.66667,22.66667,0.81833,11.0,28.0,39.0,21.0,8.0,5.0,15.33333,20.66667,104.66667,0,-0.16942,0.16942,0.35871,0.43284,0.49493,0.57816,0.56859,0.62023,1509.37828,1539.71753,0.5228,0.4772,1.92187,2.10865,0.33333,256.66667,41.0,94.0,0.432,12.33333,39.66667,0.302,22.0,25.66667,0.85933,14.33333,32.33333,46.66667,20.33333,7.33333,3.0,16.33333,22.33333,116.33333,256.66667,45.66667,86.33333,0.52867,10.33333,29.33333,0.35033,19.0,26.33333,0.71367,6.33333,32.66667,39.0,24.33333,7.33333,4.66667,13.66667,25.66667,120.66667,0,0.0666,-0.0666,0.19558,0.45016,0.58821,0.49719,0.65313,0.57952,1443.5972,1513.51021,0.60462,0.39538,1.67268,2.61303,0.66667,,,,
240.0,41.33333,85.66667,0.48467,9.33333,22.0,0.42433,15.66667,19.33333,0.79867,8.66667,33.0,41.66667,25.33333,7.66667,5.66667,12.66667,23.0,107.66667,240.0,35.66667,84.33333,0.42533,10.66667,32.33333,0.333,20.0,27.33333,0.73633,13.0,31.33333,44.33333,21.66667,8.33333,5.66667,15.0,21.0,102.0,1,-0.07418,0.07418,0.40849,0.275,0.49197,0.53971,0.57049,0.60041,1539.17721,1573.68657,0.53969,0.46031,1.89491,2.23725,0.33333,240.0,39.33333,91.66667,0.42967,11.33333,38.0,0.297,23.0,29.66667,0.78267,10.66667,34.0,44.66667,29.66667,11.33333,3.0,15.0,24.0,113.0,240.0,39.33333,88.0,0.448,13.0,37.33333,0.34933,22.0,28.66667,0.75033,10.0,37.66667,47.66667,28.0,8.66667,6.66667,19.33333,26.33333,113.66667,1,0.01715,-0.01715,0.30792,0.28492,0.52198,0.49231,0.60492,0.57634,1370.64388,1483.15971,0.65584,0.34416,1.54056,3.0381,0.66667,,,,
240.0,38.33333,87.66667,0.43533,11.0,32.33333,0.35833,16.66667,23.66667,0.70467,13.0,30.0,43.0,23.0,7.0,3.0,14.33333,24.33333,104.33333,240.0,39.33333,80.0,0.492,9.0,26.33333,0.341,20.66667,29.66667,0.68233,6.33333,34.66667,41.0,20.66667,8.66667,2.66667,12.66667,19.66667,108.33333,1,0.06024,-0.06024,0.21498,0.37503,0.54846,0.49739,0.62629,0.56017,1452.88146,1473.59389,0.53803,0.46197,1.86468,2.17343,0.66667,240.0,37.0,85.0,0.436,9.33333,25.66667,0.36933,15.0,21.0,0.71633,7.0,34.0,41.0,21.33333,7.33333,5.33333,14.66667,22.66667,98.33333,240.0,39.33333,86.66667,0.456,11.66667,32.33333,0.36167,23.66667,32.66667,0.72733,12.0,38.0,50.0,25.66667,8.33333,4.66667,13.66667,18.66667,114.0,1,0.21,-0.21,0.34606,0.1936,0.52298,0.49155,0.60976,0.55001,1525.37559,1478.71281,0.45485,0.54515,2.2178,1.84597,1.0,,,,
240.0,40.33333,89.66667,0.44867,12.0,35.33333,0.339,18.33333,24.0,0.74667,8.66667,30.0,38.66667,27.66667,8.33333,3.33333,11.66667,19.33333,111.0,240.0,43.0,85.66667,0.50433,12.33333,29.66667,0.43333,15.66667,21.0,0.73833,9.0,38.33333,47.33333,27.66667,8.33333,5.33333,15.66667,24.0,114.0,0,0.04889,-0.04889,0.31541,0.23287,0.57616,0.51597,0.63404,0.58247,1440.32905,1439.37264,0.50431,0.49569,2.09361,2.10259,0.66667,248.33333,38.66667,92.0,0.41967,9.33333,29.33333,0.30767,19.33333,25.0,0.785,12.33333,39.66667,52.0,22.66667,7.33333,5.66667,12.33333,19.66667,106.0,248.33333,39.66667,94.33333,0.421,12.0,37.0,0.327,13.66667,19.66667,0.674,14.33333,37.33333,51.66667,20.0,6.66667,2.66667,13.66667,24.0,105.0,0,-0.01377,0.01377,0.36811,0.34877,0.48559,0.46987,0.53444,0.54348,1463.70774,1533.20461,0.59484,0.40516,1.75718,2.64738,0.33333,,,,
256.66667,42.33333,93.66667,0.45267,11.66667,32.33333,0.36233,21.66667,27.66667,0.78333,9.0,35.0,44.0,23.0,9.33333,4.0,11.33333,18.0,118.0,256.66667,46.0,94.33333,0.48767,15.0,37.33333,0.41233,13.0,16.66667,0.793,9.66667,38.66667,48.33333,29.66667,7.0,4.33333,16.0,24.33333,120.0,0,0.02555,-0.02555,0.28633,0.22905,0.56677,0.51438,0.61226,0.59195,1492.69707,1516.86028,0.5408,0.4592,1.89871,2.25823,0.66667,265.0,45.33333,95.0,0.47667,10.0,31.0,0.328,18.33333,25.33333,0.70967,11.33333,35.0,46.33333,24.66667,11.0,6.33333,15.33333,19.66667,119.0,265.0,48.0,100.66667,0.47133,11.66667,32.33333,0.36,15.33333,18.33333,0.80733,13.33333,34.66667,48.0,30.66667,9.0,5.33333,17.0,19.0,123.0,0,0.03778,-0.03778,0.39403,0.32292,0.52892,0.52968,0.58189,0.5913,1433.6143,1428.52228,0.50633,0.49367,2.0584,2.1491,0.66667,,,,
240.0,36.66667,84.33333,0.43867,9.66667,27.0,0.387,12.33333,16.33333,0.814,6.66667,32.66667,39.33333,19.66667,9.66667,4.0,16.33333,22.66667,95.33333,240.0,37.0,80.66667,0.45867,11.0,32.0,0.332,19.66667,25.66667,0.772,7.0,38.0,45.0,22.66667,8.66667,6.33333,16.0,16.66667,104.66667,1,0.12995,-0.12995,0.21507,0.16928,0.52565,0.49669,0.60514,0.54649,1494.54174,1387.03813,0.36485,0.63515,2.75673,1.57725,1.0,240.0,33.33333,83.66667,0.398,9.0,29.33333,0.30633,14.33333,19.0,0.76733,10.0,30.0,40.0,21.0,6.33333,3.33333,16.0,18.33333,90.0,240.0,45.33333,85.0,0.53333,9.33333,19.0,0.477,15.33333,18.33333,0.85033,8.66667,37.66667,46.33333,26.33333,8.0,5.33333,12.33333,16.66667,115.33333,1,0.35748,-0.35748,0.29023,0.26462,0.58901,0.45204,0.64825,0.51216,1479.18317,1447.99421,0.49065,0.50935,2.17214,2.05315,1.0,,,,
240.0,46.33333,90.66667,0.50967,11.0,28.33333,0.39567,12.33333,18.0,0.67567,10.33333,29.66667,40.0,27.33333,9.33333,5.33333,11.66667,20.33333,116.0,240.0,40.33333,86.66667,0.46767,10.0,33.0,0.31033,16.66667,20.66667,0.80367,11.66667,31.66667,43.33333,24.33333,6.66667,4.0,17.33333,20.33333,107.33333,1,-0.1016,0.1016,0.38594,0.32716,0.52553,0.57039,0.59039,0.61261,1434.81325,1474.41449,0.53925,0.46075,1.90648,2.23723,0.33333,240.0,46.0,93.33333,0.493,14.0,33.66667,0.40067,11.66667,16.0,0.763,11.33333,39.0,50.33333,29.33333,9.66667,4.0,13.0,17.33333,117.66667,240.0,38.66667,84.33333,0.458,10.66667,27.33333,0.38467,11.33333,16.0,0.719,6.0,33.66667,39.66667,21.33333,8.0,4.33333,15.33333,18.33333,99.33333,1,-0.25879,0.25879,0.15282,0.34808,0.52059,0.56806,0.56383,0.60772,1399.30732,1547.4136,0.69077,0.30923,1.46303,3.37839,0.33333,,,,
240.0,37.33333,91.66667,0.40833,6.66667,25.33333,0.26467,13.0,16.0,0.79533,11.33333,39.33333,50.66667,19.33333,5.66667,3.66667,9.0,16.0,94.33333,240.0,39.33333,96.0,0.41,9.66667,32.66667,0.283,10.33333,16.0,0.66667,14.33333,39.0,53.33333,20.0,5.33333,5.0,10.0,18.66667,98.66667,0,0.06204,-0.06204,0.36313,0.30465,0.45981,0.44406,0.49595,0.49635,1553.71446,1400.23612,0.30464,0.69536,3.54885,1.46565,0.33333,248.33333,45.33333,92.0,0.49267,13.0,34.0,0.38233,16.66667,25.33333,0.65967,9.66667,39.33333,49.0,28.0,9.0,8.0,13.0,20.66667,120.33333,248.33333,40.66667,93.0,0.43567,12.0,35.0,0.32633,17.33333,21.66667,0.80567,8.0,35.66667,43.66667,27.0,5.66667,5.33333,13.66667,19.66667,110.66667,0,-0.12194,0.12194,0.20379,0.27896,0.49843,0.5634,0.56528,0.61643,1522.6197,1478.6107,0.42468,0.57532,2.42191,1.76361,0.33333,,,,
240.0,34.66667,91.33333,0.38,9.0,30.33333,0.29433,21.33333,24.66667,0.86633,12.66667,33.33333,46.0,17.0,6.66667,5.0,14.0,25.0,99.66667,240.0,44.66667,86.33333,0.516,10.66667,29.0,0.37133,20.0,27.0,0.74967,7.33333,40.66667,48.0,28.66667,6.66667,6.0,12.66667,23.0,120.0,0,0.26977,-0.26977,0.22266,0.31265,0.57707,0.42901,0.64992,0.51492,1525.03863,1432.50554,0.39418,0.60582,2.57638,1.66,1.0,240.0,46.33333,89.66667,0.514,15.0,33.66667,0.44833,12.0,15.66667,0.71133,9.0,29.0,38.0,28.66667,5.0,4.33333,8.33333,15.66667,119.66667,240.0,43.0,86.33333,0.499,12.0,29.66667,0.40433,12.33333,17.33333,0.711,10.33333,31.33333,41.66667,21.0,5.33333,2.33333,11.0,18.66667,110.33333,0,-0.10903,0.10903,0.36144,0.29457,0.56832,0.59877,0.61327,0.64218,1402.1757,1497.65797,0.6206,0.3794,1.62489,2.70758,0.33333,,,,
240.0,38.0,85.33333,0.443,10.0,32.66667,0.30467,23.33333,32.0,0.73067,12.0,31.66667,43.66667,21.33333,7.66667,1.66667,14.0,22.0,109.33333,240.0,44.66667,88.33333,0.508,9.33333,25.33333,0.36133,18.0,22.33333,0.80567,11.66667,30.66667,42.33333,26.33333,9.0,4.33333,13.33333,26.66667,116.66667,0,0.09839,-0.09839,0.37715,0.40772,0.56038,0.50118,0.62739,0.58953,1470.08315,1500.75995,0.55104,0.44896,1.93118,2.51112,1.0,240.0,39.33333,84.33333,0.466,7.66667,26.0,0.29367,18.33333,22.66667,0.80867,7.0,36.66667,43.66667,26.33333,7.66667,4.33333,14.33333,19.33333,104.66667,240.0,38.33333,86.66667,0.44333,12.33333,33.33333,0.35333,17.33333,20.33333,0.82867,8.33333,35.33333,43.66667,25.33333,7.0,7.0,15.0,21.0,106.33333,0,0.02142,-0.02142,0.23656,0.19947,0.51319,0.51099,0.5823,0.58511,1581.3726,1550.03858,0.45686,0.54314,2.21963,1.86258,0.66667,,,,
248.33333,40.0,93.33333,0.43533,9.33333,30.0,0.35267,20.33333,28.0,0.74667,11.66667,37.0,48.66667,28.66667,7.33333,6.0,11.33333,21.0,109.66667,248.33333,39.33333,91.33333,0.42933,16.0,42.0,0.37867,17.66667,20.66667,0.861,9.33333,37.0,46.33333,27.66667,7.0,8.0,12.0,22.0,112.33333,0,0.04012,-0.04012,0.25617,0.31699,0.51633,0.48637,0.58588,0.55711,1459.00437,1561.32297,0.64459,0.35541,1.57221,2.96781,0.66667,240.0,46.66667,91.33333,0.51167,11.33333,25.66667,0.44667,20.33333,25.33333,0.793,10.66667,29.66667,40.33333,28.0,7.0,3.33333,9.66667,28.0,125.0,240.0,42.33333,84.0,0.50467,7.66667,24.0,0.31667,24.66667,29.66667,0.83133,10.33333,30.0,40.33333,26.0,4.0,3.66667,12.33333,21.33333,117.0,0,-0.10366,0.10366,0.34641,0.35704,0.55041,0.57338,0.64604,0.64622,1493.72815,1544.54454,0.5613,0.4387,1.79114,2.3008,0.33333,,,,
240.0,45.66667,88.33333,0.51867,13.66667,29.33333,0.46167,14.33333,17.33333,0.81633,8.66667,34.0,42.66667,27.0,8.0,4.33333,11.33333,20.0,119.33333,240.0,41.66667,87.33333,0.47633,8.66667,26.0,0.33067,14.66667,17.66667,0.813,9.66667,31.0,40.66667,27.33333,5.66667,6.66667,14.0,16.33333,106.66667,0,-0.17497,0.17497,0.2941,0.27633,0.52485,0.59779,0.58194,0.6518,1534.07771,1619.42529,0.60049,0.39951,1.67616,2.53706,0.33333,240.0,36.0,83.66667,0.434,7.0,27.0,0.28133,15.0,21.33333,0.73133,11.0,27.66667,38.66667,18.33333,7.0,5.33333,13.0,18.33333,94.0,240.0,42.66667,85.66667,0.499,9.66667,29.0,0.335,15.33333,17.66667,0.883,13.0,36.33333,49.33333,26.33333,8.66667,5.33333,14.66667,19.33333,110.33333,0,0.23311,-0.23311,0.46966,0.3055,0.55605,0.47678,0.61818,0.53746,1563.44672,1534.51599,0.48256,0.51744,2.08591,1.94465,1.0,,,,
248.33333,37.33333,89.0,0.41767,12.33333,39.33333,0.30067,14.0,20.66667,0.72,12.0,31.0,43.0,24.0,6.0,4.33333,16.33333,23.0,101.0,248.33333,43.66667,88.33333,0.49533,8.66667,25.33333,0.34533,19.33333,25.66667,0.74733,9.66667,35.33333,45.0,24.66667,8.66667,4.66667,12.0,22.33333,115.33333,0,0.2087,-0.2087,0.31162,0.34332,0.54617,0.48595,0.6166,0.53634,1547.51838,1481.8734,0.42013,0.57987,2.40737,1.73366,0.66667,248.33333,39.66667,91.66667,0.43533,13.66667,29.66667,0.47033,15.0,20.0,0.747,11.33333,30.33333,41.66667,22.33333,8.0,7.33333,13.33333,22.0,108.0,248.33333,39.0,86.33333,0.44833,11.0,30.0,0.364,20.0,25.33333,0.80033,11.33333,36.0,47.33333,21.33333,6.0,5.0,16.33333,19.0,109.0,0,0.01783,-0.01783,0.37698,0.32066,0.51282,0.51053,0.5928,0.56544,1430.34693,1485.03908,0.58059,0.41941,1.80892,2.64372,0.33333,,,,
248.33333,41.33333,88.33333,0.46733,10.66667,30.0,0.35533,18.0,22.0,0.806,7.33333,34.66667,42.0,24.66667,7.33333,6.0,10.66667,20.0,111.33333,248.33333,38.33333,90.66667,0.42233,7.66667,27.33333,0.27367,15.66667,19.0,0.80467,13.0,36.33333,49.33333,20.33333,5.33333,2.33333,15.33333,22.33333,100.0,1,-0.15252,0.15252,0.37544,0.21023,0.46408,0.52669,0.52747,0.59793,1462.17671,1601.97832,0.67643,0.32357,1.48521,3.15039,0.33333,240.0,40.0,90.0,0.445,10.66667,27.66667,0.38,20.66667,27.0,0.764,9.33333,31.66667,41.0,28.0,7.33333,4.0,11.66667,20.33333,111.33333,240.0,40.33333,88.33333,0.45767,14.0,37.33333,0.369,21.66667,24.33333,0.89333,12.0,37.66667,49.66667,24.66667,6.33333,6.0,14.66667,23.0,116.33333,1,0.06403,-0.06403,0.37811,0.24444,0.53657,0.50397,0.62174,0.58117,1569.23798,1488.66675,0.39128,0.60872,2.56145,1.64438,1.0,,,,
240.0,45.66667,87.66667,0.52867,8.66667,22.66667,0.403,15.66667,17.33333,0.90633,7.33333,34.66667,42.0,24.0,6.66667,3.66667,12.33333,19.33333,115.66667,240.0,42.33333,87.0,0.48867,15.33333,34.33333,0.45067,16.66667,23.33333,0.71167,7.33333,31.66667,39.0,26.0,7.66667,3.66667,13.33333,18.66667,116.66667,0,-0.00533,0.00533,0.20873,0.22552,0.57748,0.57981,0.63551,0.64035,1496.85062,1474.38666,0.47161,0.52839,2.17726,1.93718,0.66667,240.0,40.0,82.0,0.488,10.0,32.33333,0.31067,18.66667,27.0,0.69367,7.33333,30.66667,38.0,24.66667,8.66667,3.66667,15.33333,20.33333,108.66667,240.0,40.33333,85.33333,0.473,17.66667,42.0,0.41267,23.0,28.0,0.815,10.66667,30.33333,41.0,23.33333,9.66667,3.66667,15.0,23.0,121.33333,0,0.1534,-0.1534,0.38027,0.24596,0.5767,0.54882,0.66423,0.61811,1504.24927,1496.64499,0.50949,0.49051,1.99614,2.07172,1.0,,,,
240.0,39.66667,87.0,0.45633,9.66667,24.33333,0.39933,17.0,21.0,0.80867,9.0,37.33333,46.33333,27.0,11.0,5.66667,17.0,21.66667,106.0,240.0,39.66667,88.66667,0.44767,9.33333,28.66667,0.32733,13.0,20.0,0.667,11.33333,36.33333,47.66667,23.33333,7.0,7.0,17.33333,19.0,101.66667,1,-0.06232,0.06232,0.3089,0.24446,0.50016,0.51237,0.54579,0.57982,1478.48632,1525.88922,0.55873,0.44127,1.79502,2.27639,0.66667,240.0,37.33333,79.0,0.47333,11.33333,25.66667,0.44067,22.0,29.0,0.72233,6.66667,32.66667,39.33333,20.66667,7.33333,4.33333,15.0,23.66667,108.0,240.0,41.66667,84.33333,0.49267,11.66667,29.0,0.39933,19.33333,27.0,0.72467,9.66667,33.33333,43.0,26.66667,8.33333,3.33333,15.33333,23.0,114.33333,1,0.08924,-0.08924,0.29051,0.21498,0.56144,0.54571,0.63365,0.6338,1527.87223,1490.52348,0.45651,0.54349,2.20789,1.85071,0.66667,,,,
248.33333,41.33333,94.33333,0.43733,11.66667,32.0,0.36767,16.33333,21.66667,0.79133,10.66667,34.66667,45.33333,23.0,7.33333,6.66667,12.66667,19.0,110.66667,248.33333,46.66667,95.0,0.49233,14.33333,40.0,0.351,14.0,17.0,0.82,9.33333,40.0,49.33333,29.66667,7.33333,5.0,12.33333,21.66667,121.66667,0,0.14177,-0.14177,0.26944,0.26801,0.56645,0.49901,0.6166,0.55703,1498.00125,1413.64413,0.39606,0.60394,2.643,1.6981,0.66667,240.0,37.66667,89.66667,0.42,10.0,35.0,0.29,13.0,18.0,0.725,9.0,31.0,40.0,22.66667,9.33333,5.66667,12.33333,20.33333,98.33333,240.0,41.33333,86.33333,0.48233,10.0,26.66667,0.389,17.0,21.33333,0.79567,12.0,40.0,52.0,28.66667,7.0,6.33333,18.0,18.33333,109.66667,0,0.15726,-0.15726,0.38188,0.22962,0.54066,0.47584,0.60629,0.52518,1550.17554,1504.68881,0.46163,0.53837,2.28144,1.94742,1.0,,,,
240.0,36.33333,78.66667,0.46267,9.33333,24.66667,0.38233,18.33333,22.66667,0.82467,6.33333,30.66667,37.0,23.66667,8.0,6.0,13.0,22.66667,100.33333,240.0,37.66667,78.33333,0.48133,8.0,26.33333,0.30867,20.33333,25.66667,0.79433,8.0,34.0,42.0,23.0,7.0,4.33333,15.66667,20.66667,103.66667,0,0.04886,-0.04886,0.26637,0.19752,0.53317,0.52207,0.61852,0.60062,1543.5236,1524.40287,0.47897,0.52103,2.09449,1.92439,0.66667,240.0,40.66667,88.0,0.462,10.0,27.66667,0.356,19.0,23.66667,0.80333,8.33333,33.0,41.33333,27.66667,9.33333,3.66667,12.66667,18.66667,110.33333,240.0,39.66667,86.33333,0.461,12.66667,34.66667,0.348,16.33333,19.0,0.83667,9.66667,35.33333,45.0,24.66667,6.33333,7.66667,16.33333,21.0,108.33333,0,-0.03377,0.03377,0.30432,0.23651,0.53306,0.5184,0.59778,0.59203,1573.65369,1538.16581,0.44207,0.55793,2.31466,1.82209,0.66667,,,,
240.0,35.0,82.66667,0.42367,11.33333,40.66667,0.27433,14.0,16.33333,0.85667,10.33333,27.33333,37.66667,19.0,6.33333,4.66667,18.33333,24.0,95.33333,240.0,40.66667,84.66667,0.47967,10.33333,28.0,0.38333,17.66667,23.66667,0.756,13.0,31.33333,44.33333,23.0,12.0,4.66667,13.66667,18.0,109.33333,1,0.19819,-0.19819,0.47791,0.3249,0.54097,0.49309,0.60799,0.55438,1513.03118,1489.86518,0.48781,0.51219,2.05092,1.95322,1.0,240.0,37.0,88.66667,0.41667,12.33333,33.66667,0.35267,11.66667,15.33333,0.76167,12.33333,38.0,50.33333,24.0,8.33333,7.66667,16.0,20.33333,98.0,240.0,34.33333,83.0,0.414,7.33333,27.66667,0.26967,16.33333,22.33333,0.735,9.33333,31.0,40.33333,19.0,10.33333,7.33333,11.33333,19.66667,92.33333,1,-0.0768,0.0768,0.24654,0.46076,0.45792,0.48619,0.5251,0.53238,1518.14927,1512.44106,0.48058,0.51942,2.08841,1.93097,0.33333,,,,
240.0,35.66667,84.33333,0.421,12.66667,35.33333,0.35767,12.33333,18.33333,0.69133,10.0,33.33333,43.33333,25.0,7.33333,5.66667,15.33333,20.33333,96.33333,240.0,38.66667,83.0,0.468,12.66667,31.0,0.40467,15.33333,22.0,0.69133,9.66667,34.33333,44.0,24.66667,8.0,5.33333,12.0,15.66667,105.33333,1,0.13293,-0.13293,0.28704,0.34651,0.54493,0.49678,0.60282,0.54471,1528.90305,1482.68814,0.44723,0.55277,2.23877,1.8106,0.66667,240.0,40.0,87.0,0.46067,11.66667,36.0,0.34233,17.33333,25.33333,0.68233,10.0,32.0,42.0,26.33333,9.0,5.66667,15.66667,23.0,109.0,240.0,44.66667,91.0,0.49,9.33333,25.33333,0.34967,19.0,24.66667,0.761,10.66667,37.33333,48.0,30.0,10.33333,4.66667,15.33333,22.33333,117.66667,1,0.10375,-0.10375,0.34208,0.27052,0.54177,0.52701,0.61033,0.58921,1544.35341,1539.81457,0.50706,0.49294,1.98369,2.04273,0.66667,,,,
240.0,36.0,82.33333,0.43933,12.0,40.0,0.29733,16.0,18.33333,0.86933,10.0,28.33333,38.33333,18.66667,5.0,3.33333,15.66667,22.33333,100.0,240.0,42.0,82.33333,0.511,8.33333,28.33333,0.289,15.0,20.0,0.75333,10.66667,31.33333,42.0,22.33333,11.0,4.33333,13.66667,20.0,107.33333,0,0.10051,-0.10051,0.38408,0.31341,0.56116,0.51367,0.61858,0.58332,1513.55179,1490.44089,0.47711,0.52289,2.09621,1.91266,0.66667,240.0,37.33333,85.66667,0.43567,10.33333,29.66667,0.349,17.0,21.33333,0.78167,10.66667,35.66667,46.33333,22.66667,5.66667,6.0,13.33333,17.66667,102.0,240.0,38.0,91.66667,0.41467,12.0,33.0,0.365,11.33333,17.66667,0.57767,14.33333,33.33333,47.66667,20.33333,8.33333,7.66667,12.66667,19.66667,99.33333,0,-0.04137,0.04137,0.40714,0.32198,0.47993,0.49556,0.51919,0.56462,1468.8835,1500.30031,0.53783,0.46217,1.86506,2.17276,0.66667,,,,
240.0,41.66667,87.33333,0.47967,12.33333,35.33333,0.351,18.0,23.66667,0.74633,10.0,38.33333,48.33333,28.33333,6.66667,7.33333,13.0,22.0,113.66667,240.0,36.33333,88.66667,0.41,12.33333,35.0,0.35167,19.33333,24.0,0.81833,10.66667,33.0,43.66667,23.66667,7.66667,2.33333,12.0,20.0,104.33333,0,-0.12231,0.12231,0.28346,0.30955,0.47977,0.551,0.55568,0.61715,1484.10354,1611.59403,0.66118,0.33882,1.5411,3.16576,0.0,240.0,35.33333,85.66667,0.41133,14.33333,38.33333,0.38867,16.33333,21.66667,0.75,9.66667,35.0,44.66667,21.0,6.33333,4.33333,10.66667,18.0,101.33333,240.0,36.66667,91.66667,0.40033,11.33333,35.0,0.331,13.0,21.0,0.56533,16.66667,36.0,52.66667,20.33333,7.0,7.66667,12.33333,17.66667,97.66667,0,-0.05499,0.05499,0.48535,0.27591,0.46201,0.49556,0.50696,0.56038,1472.46992,1497.10881,0.52822,0.47178,1.89572,2.12305,0.66667,,,,
240.0,42.33333,90.66667,0.46733,7.66667,27.33333,0.29633,20.0,25.66667,0.77367,10.66667,30.0,40.66667,28.0,6.33333,4.66667,12.66667,20.33333,112.33333,240.0,43.33333,89.66667,0.48533,15.66667,36.33333,0.421,19.0,24.33333,0.79767,11.33333,34.66667,46.0,29.66667,5.0,6.0,13.66667,23.0,121.33333,0,0.1108,-0.1108,0.37475,0.31531,0.57297,0.50958,0.63954,0.58409,1477.90481,1515.24937,0.564,0.436,1.8638,2.51669,1.0,240.0,35.66667,89.33333,0.39833,9.0,32.33333,0.27567,13.33333,17.33333,0.75967,11.0,30.0,41.0,22.0,6.33333,4.66667,11.33333,17.66667,93.66667,240.0,43.0,81.0,0.52633,8.66667,22.0,0.393,19.0,22.33333,0.85967,6.33333,38.0,44.33333,23.66667,6.0,7.0,10.66667,17.33333,113.66667,0,0.26828,-0.26828,0.21085,0.2871,0.57993,0.44869,0.65881,0.50339,1498.92017,1459.05046,0.47639,0.52361,2.22038,1.9766,0.66667,,,,
240.0,42.0,88.0,0.478,13.66667,33.33333,0.41233,16.33333,23.66667,0.69967,13.33333,27.0,40.33333,28.66667,8.66667,4.0,19.66667,23.66667,114.0,240.0,43.33333,86.0,0.50267,15.66667,37.66667,0.41333,26.66667,32.0,0.851,9.0,31.66667,40.66667,28.0,13.33333,5.66667,16.0,19.33333,129.0,1,0.17633,-0.17633,0.33571,0.41548,0.59287,0.55614,0.6932,0.61296,1528.24378,1367.10892,0.30186,0.69814,3.41715,1.43989,1.0,240.0,44.33333,89.0,0.498,10.66667,27.66667,0.39533,20.33333,26.33333,0.768,7.33333,36.33333,43.66667,24.33333,8.0,4.66667,10.33333,20.66667,119.66667,240.0,41.0,91.66667,0.449,10.0,29.0,0.355,15.0,22.0,0.727,11.0,32.66667,43.66667,21.66667,6.0,1.33333,13.33333,21.33333,107.0,1,-0.15964,0.15964,0.29832,0.22885,0.50353,0.55784,0.55606,0.63086,1406.67497,1454.9765,0.54358,0.45642,1.89495,2.27688,0.0,,,,
240.0,36.0,83.66667,0.43433,9.0,26.0,0.37267,12.0,15.33333,0.83567,7.0,32.0,39.0,20.0,10.0,4.66667,14.33333,22.0,93.0,240.0,33.66667,77.0,0.438,8.0,25.33333,0.313,20.0,24.33333,0.82067,7.33333,35.66667,43.0,21.0,7.0,5.66667,16.33333,15.66667,95.33333,0,0.03656,-0.03656,0.22917,0.1908,0.48934,0.48885,0.57945,0.53912,1489.97414,1378.90391,0.3503,0.6497,2.87368,1.54242,0.66667,240.0,41.33333,85.0,0.489,10.66667,30.0,0.36733,15.33333,24.0,0.63833,10.33333,33.33333,43.66667,24.66667,11.0,3.66667,22.33333,20.66667,108.66667,240.0,43.66667,87.66667,0.49867,11.66667,28.0,0.40967,19.66667,26.0,0.78633,9.33333,33.66667,43.0,27.0,12.33333,5.33333,16.0,23.33333,118.66667,0,0.12583,-0.12583,0.27993,0.30245,0.56487,0.55269,0.63606,0.60592,1578.83136,1462.64393,0.34965,0.65035,2.95655,1.55009,1.0,,,,
240.0,32.66667,87.0,0.376,10.0,29.66667,0.34267,11.66667,16.33333,0.739,10.33333,33.66667,44.0,20.0,5.66667,3.66667,11.33333,17.66667,87.0,240.0,35.33333,82.66667,0.42833,9.0,29.0,0.30767,14.0,18.66667,0.657,11.33333,38.33333,49.66667,23.33333,6.33333,7.0,11.33333,17.0,93.66667,0,0.11927,-0.11927,0.34062,0.27823,0.48155,0.43328,0.54107,0.48024,1450.53315,1455.46477,0.52104,0.47896,1.95196,2.13525,0.66667,240.0,35.33333,83.33333,0.42333,7.33333,28.0,0.27267,12.66667,18.0,0.68967,8.33333,33.0,41.33333,20.0,6.66667,7.0,11.66667,20.0,90.66667,240.0,40.33333,89.0,0.45367,11.0,27.33333,0.411,11.0,15.66667,0.69367,12.0,35.66667,47.66667,20.66667,5.0,6.0,12.0,19.66667,102.66667,0,0.18045,-0.18045,0.36879,0.24117,0.51674,0.4673,0.5594,0.51923,1520.16785,1445.74221,0.4133,0.5867,2.48012,1.72184,1.0,,,,
240.0,45.0,89.66667,0.50133,10.33333,31.33333,0.334,15.33333,18.33333,0.82933,11.66667,34.0,45.66667,28.0,7.66667,8.66667,15.66667,23.0,115.66667,240.0,40.33333,92.33333,0.43733,9.0,29.0,0.30867,20.0,25.33333,0.774,13.33333,31.66667,45.0,25.0,10.0,2.0,13.0,19.0,109.66667,0,-0.07132,0.07132,0.40706,0.375,0.48638,0.55894,0.56084,0.61636,1492.18602,1524.63601,0.5379,0.4621,1.94308,2.29914,0.33333,240.0,33.33333,84.0,0.39633,8.0,29.33333,0.272,15.66667,19.66667,0.80733,9.66667,31.0,40.66667,18.66667,7.66667,4.66667,13.66667,20.0,90.33333,240.0,40.33333,79.66667,0.50333,10.0,21.33333,0.469,19.0,23.0,0.82667,7.66667,37.0,44.66667,23.66667,6.66667,4.66667,13.66667,17.66667,109.66667,0,0.27181,-0.27181,0.2482,0.25972,0.56571,0.44433,0.6451,0.51112,1487.94375,1399.61683,0.40253,0.59747,2.61821,1.72695,0.66667,,,,
248.33333,43.0,92.0,0.466,11.33333,30.66667,0.37267,16.33333,20.0,0.80667,8.66667,35.33333,44.0,28.66667,9.66667,5.33333,11.0,19.33333,113.66667,248.33333,40.0,88.66667,0.45233,8.0,28.66667,0.275,11.33333,15.0,0.742,11.0,37.0,48.0,25.0,5.0,6.0,18.0,20.66667,99.33333,0,-0.1935,0.1935,0.31745,0.24486,0.49655,0.52726,0.54078,0.58917,1514.19753,1612.46442,0.61311,0.38689,1.64785,2.65186,0.33333,240.0,38.33333,89.66667,0.42833,8.66667,24.33333,0.36333,16.0,20.66667,0.77833,11.33333,29.33333,40.66667,24.33333,11.33333,4.0,13.0,21.66667,101.33333,240.0,41.66667,84.33333,0.49367,8.33333,27.33333,0.303,19.33333,26.0,0.74167,13.0,38.0,51.0,22.0,9.0,7.0,16.66667,20.66667,111.0,0,0.14058,-0.14058,0.44286,0.30616,0.54337,0.47678,0.61641,0.53807,1525.10236,1482.08524,0.45401,0.54599,2.36776,1.90048,0.66667,,,,
240.0,35.33333,77.0,0.45967,8.33333,26.33333,0.31533,15.66667,18.0,0.87133,6.33333,30.66667,37.0,22.66667,8.33333,6.0,14.66667,21.0,94.66667,240.0,37.0,79.0,0.46933,10.66667,28.33333,0.377,20.0,23.33333,0.85733,9.66667,32.0,41.66667,20.33333,10.0,5.0,14.66667,19.66667,104.66667,0,0.14429,-0.14429,0.34223,0.20576,0.53694,0.51386,0.62267,0.58567,1557.11094,1505.19711,0.44378,0.55622,2.25855,1.80049,1.0,240.0,48.33333,97.0,0.49867,12.33333,31.33333,0.39667,21.66667,30.0,0.71933,15.0,40.0,55.0,29.66667,5.66667,3.33333,15.33333,23.66667,130.66667,240.0,44.66667,91.66667,0.48967,15.66667,38.66667,0.40767,21.33333,30.0,0.71833,8.66667,32.33333,41.0,31.66667,5.33333,4.66667,12.0,22.33333,126.33333,0,-0.05454,0.05454,0.23241,0.46261,0.57599,0.56207,0.64568,0.6313,1486.7103,1561.55491,0.60332,0.39668,1.66436,2.54411,0.33333,,,,
240.0,40.33333,91.0,0.44267,7.33333,25.33333,0.291,14.33333,14.66667,0.96967,10.0,32.33333,42.33333,22.0,5.33333,5.0,14.66667,20.0,102.33333,240.0,47.66667,90.33333,0.52967,17.33333,37.66667,0.468,16.66667,22.66667,0.738,8.0,36.0,44.0,30.66667,10.0,4.66667,12.33333,18.66667,129.33333,1,0.34255,-0.34255,0.24675,0.2792,0.62632,0.48298,0.6823,0.54201,1518.04755,1457.02048,0.44258,0.55742,2.28086,1.80395,1.0,240.0,35.33333,84.33333,0.42233,8.66667,24.33333,0.381,18.0,22.0,0.804,7.66667,35.0,42.66667,20.33333,10.33333,5.33333,12.33333,19.66667,97.33333,240.0,34.66667,81.0,0.43033,10.0,30.0,0.34433,15.0,18.66667,0.80067,7.33333,38.66667,46.0,20.33333,6.0,7.66667,17.33333,20.33333,94.33333,1,-0.03805,0.03805,0.20819,0.18963,0.49325,0.47491,0.55841,0.54955,1458.46323,1477.09666,0.52093,0.47907,1.99086,2.16023,0.66667,,,,
248.33333,39.66667,80.66667,0.48567,7.66667,21.33333,0.36033,25.66667,32.66667,0.785,9.33333,33.33333,42.66667,24.0,7.0,3.0,16.0,21.0,112.66667,248.33333,44.33333,90.33333,0.48933,9.66667,29.0,0.33067,15.33333,22.0,0.70233,10.33333,31.0,41.33333,27.0,11.0,6.33333,12.33333,26.66667,113.66667,0,0.02568,-0.02568,0.31019,0.30094,0.54253,0.53368,0.59564,0.63759,1470.62392,1532.20213,0.59018,0.40982,1.73657,2.61658,0.33333,240.0,38.66667,89.0,0.43233,9.33333,31.0,0.30067,14.33333,18.0,0.80133,9.0,31.33333,40.33333,22.0,7.66667,3.33333,13.0,20.33333,101.0,240.0,44.66667,87.66667,0.509,10.33333,22.0,0.465,18.33333,21.33333,0.869,9.0,37.66667,46.66667,27.0,6.0,5.33333,12.0,16.0,118.0,0,0.23266,-0.23266,0.28918,0.23898,0.56846,0.48482,0.63785,0.54092,1467.44318,1459.6961,0.51694,0.48306,2.094,2.20453,1.0,,,,
248.33333,43.0,93.66667,0.46033,12.33333,34.66667,0.35967,14.33333,18.66667,0.75233,11.0,37.33333,48.33333,28.66667,4.66667,6.0,13.0,18.0,112.66667,248.33333,45.0,94.33333,0.482,11.66667,31.33333,0.37733,14.66667,18.0,0.81267,7.66667,36.66667,44.33333,25.66667,7.0,4.33333,9.0,18.33333,116.33333,1,0.05259,-0.05259,0.19373,0.31714,0.5435,0.52658,0.5961,0.57749,1494.8614,1529.69184,0.55721,0.44279,1.84765,2.36783,0.66667,240.0,38.33333,91.0,0.42167,9.33333,26.33333,0.358,16.0,22.0,0.74467,9.66667,37.33333,47.0,19.0,9.33333,5.66667,13.66667,20.66667,102.0,240.0,41.66667,89.66667,0.468,13.33333,35.0,0.38433,13.66667,21.0,0.65033,9.66667,38.66667,48.33333,28.33333,8.66667,6.66667,15.33333,18.0,110.33333,1,0.11341,-0.11341,0.26201,0.24946,0.54238,0.47297,0.58762,0.53243,1538.34384,1560.2319,0.54422,0.45578,1.86117,2.22821,0.66667,,,,
240.0,40.66667,90.0,0.45033,9.33333,27.33333,0.342,17.66667,21.0,0.84233,11.0,35.66667,46.66667,23.0,7.66667,5.33333,13.66667,20.33333,108.33333,240.0,39.66667,89.0,0.44833,12.33333,31.66667,0.42033,16.33333,20.66667,0.80767,11.0,33.33333,44.33333,23.0,8.33333,5.66667,14.0,17.66667,108.0,0,0.01387,-0.01387,0.30238,0.35939,0.51903,0.50208,0.58108,0.56975,1481.06908,1361.27776,0.32896,0.67104,3.24869,1.51228,0.33333,248.33333,40.33333,92.0,0.43533,10.0,35.66667,0.279,18.66667,22.66667,0.80367,11.0,34.0,45.0,21.0,8.0,3.33333,17.33333,16.33333,109.33333,248.33333,47.0,92.0,0.511,11.0,30.0,0.36367,13.33333,19.0,0.697,8.33333,35.0,43.33333,24.66667,9.66667,4.0,15.0,20.33333,118.33333,0,0.12502,-0.12502,0.23844,0.31734,0.5706,0.48951,0.61602,0.56049,1442.02223,1523.84936,0.63891,0.36109,1.57937,2.84045,0.66667,,,,
240.0,40.66667,91.66667,0.443,12.66667,35.66667,0.35333,14.0,22.0,0.64633,15.33333,28.0,43.33333,24.66667,10.66667,3.33333,22.0,20.33333,108.0,240.0,42.33333,86.0,0.49133,16.33333,38.0,0.42633,21.33333,26.0,0.859,8.0,35.0,43.0,26.66667,13.33333,7.0,18.33333,20.33333,122.33333,0,0.17792,-0.17792,0.28571,0.44319,0.58529,0.51278,0.66762,0.56002,1558.11622,1376.79788,0.27152,0.72848,3.73499,1.37546,1.0,248.33333,42.33333,92.66667,0.457,11.66667,34.0,0.345,16.0,23.66667,0.656,9.0,33.33333,42.33333,27.66667,6.66667,5.33333,12.33333,22.0,112.33333,248.33333,41.33333,89.33333,0.46433,12.33333,34.0,0.362,19.33333,24.66667,0.766,11.66667,38.33333,50.0,25.66667,6.66667,3.0,14.33333,23.0,114.33333,0,0.02376,-0.02376,0.36626,0.2444,0.53388,0.5202,0.60614,0.57521,1465.79376,1538.26591,0.60207,0.39793,1.72033,2.67074,0.66667,,,,
240.0,34.33333,85.33333,0.40467,10.33333,30.0,0.34533,18.0,22.33333,0.81033,13.0,32.0,45.0,20.0,6.66667,2.66667,13.66667,19.66667,97.0,240.0,44.0,84.66667,0.518,8.0,28.0,0.28,17.0,22.0,0.76933,8.66667,32.33333,41.0,24.0,8.0,6.33333,9.0,20.0,113.0,0,0.21696,-0.21696,0.27985,0.40829,0.56469,0.46556,0.63007,0.54,1545.63589,1361.60836,0.27347,0.72653,3.78926,1.38215,1.0,240.0,39.33333,87.66667,0.453,11.66667,34.33333,0.352,22.0,30.0,0.74367,10.0,31.33333,41.33333,29.66667,12.66667,2.66667,15.33333,21.66667,112.33333,240.0,40.66667,87.0,0.468,14.66667,36.66667,0.40133,19.0,24.33333,0.76233,11.0,36.0,47.0,29.66667,7.0,7.33333,20.0,25.33333,115.0,0,0.04071,-0.04071,0.36228,0.28175,0.55206,0.5207,0.62453,0.60057,1367.92017,1530.36495,0.72026,0.27974,1.4,3.74876,0.66667,,,,
240.0,45.0,93.0,0.48567,10.33333,32.0,0.32833,13.33333,16.0,0.80533,12.0,31.0,43.0,29.0,6.33333,8.66667,12.0,20.33333,113.66667,240.0,42.33333,88.0,0.48167,9.33333,27.0,0.347,19.0,23.66667,0.79967,9.0,33.33333,42.33333,26.0,7.66667,4.0,11.33333,19.33333,113.0,0,-0.00138,0.00138,0.30391,0.37071,0.5347,0.54135,0.60712,0.59045,1462.14662,1523.41066,0.58907,0.41093,1.71412,2.49179,0.33333,240.0,40.0,88.0,0.45733,11.66667,33.0,0.35233,19.66667,25.33333,0.77833,13.66667,35.66667,49.33333,24.33333,6.66667,5.66667,15.33333,22.0,111.33333,240.0,38.66667,87.33333,0.444,12.66667,37.33333,0.33733,19.66667,25.0,0.80233,9.66667,30.33333,40.0,26.0,11.33333,7.33333,11.66667,18.33333,109.66667,0,-0.02167,0.02167,0.28485,0.46914,0.51681,0.52472,0.59194,0.59875,1577.7839,1501.82991,0.40265,0.59735,2.8461,1.75629,0.33333,,,,
240.0,37.0,81.0,0.45767,11.0,27.66667,0.414,24.0,31.0,0.75333,10.0,31.33333,41.33333,22.0,7.66667,2.66667,15.0,21.66667,109.0,240.0,43.33333,84.33333,0.51267,9.33333,26.66667,0.34833,14.0,21.33333,0.67233,7.0,31.33333,38.33333,24.0,9.0,2.66667,14.0,23.0,110.0,1,0.02386,-0.02386,0.22353,0.3173,0.56769,0.52633,0.61702,0.62281,1462.50672,1465.76026,0.50989,0.49011,2.00276,2.0787,0.33333,240.0,44.33333,91.66667,0.48333,16.0,36.0,0.43367,13.0,18.0,0.73333,12.33333,36.66667,49.0,29.0,12.66667,4.66667,15.0,17.0,117.66667,240.0,36.0,79.66667,0.45133,8.66667,25.66667,0.33867,12.66667,16.66667,0.77967,6.66667,32.0,38.66667,19.0,9.33333,3.66667,20.66667,20.0,93.33333,1,-0.34737,0.34737,0.183,0.38769,0.50577,0.57067,0.55897,0.61536,1384.48077,1547.50221,0.70093,0.29907,1.43571,3.44522,0.33333,,,,
256.66667,44.0,94.66667,0.46567,12.0,31.33333,0.38433,20.33333,26.66667,0.76333,10.33333,33.33333,43.66667,24.0,8.66667,4.0,12.66667,22.0,120.33333,256.66667,47.33333,94.33333,0.502,15.0,41.0,0.36267,18.0,22.33333,0.799,10.0,38.66667,48.66667,32.0,8.0,5.66667,14.33333,22.0,127.66667,0,0.0917,-0.0917,0.30903,0.26945,0.58111,0.52862,0.64408,0.59895,1493.26673,1513.7902,0.54069,0.45931,1.89899,2.2573,1.0,240.0,40.66667,89.33333,0.45533,11.33333,30.33333,0.36933,15.66667,22.66667,0.67967,11.0,27.0,38.0,25.66667,8.66667,2.33333,8.66667,19.0,108.33333,240.0,44.33333,90.0,0.49267,11.33333,30.66667,0.37067,14.33333,19.33333,0.75133,14.66667,36.0,50.66667,32.66667,6.33333,4.33333,14.33333,22.33333,114.33333,0,0.0761,-0.0761,0.54375,0.30339,0.5554,0.51915,0.60662,0.57469,1560.15478,1464.06304,0.37517,0.62483,2.8829,1.63792,1.0,,,,
240.0,36.33333,92.33333,0.39333,9.66667,30.33333,0.319,16.66667,18.66667,0.89467,11.33333,32.33333,43.66667,18.66667,7.33333,5.66667,13.66667,20.66667,99.0,240.0,46.33333,90.0,0.51533,11.66667,32.33333,0.372,15.0,19.0,0.78267,9.0,40.0,49.0,28.33333,7.33333,5.0,12.33333,20.33333,119.33333,1,0.27032,-0.27032,0.27724,0.28388,0.57998,0.44555,0.63368,0.5133,1491.98299,1420.94948,0.42558,0.57442,2.43662,1.77549,1.0,240.0,41.0,91.0,0.45433,10.66667,33.66667,0.31833,18.33333,23.66667,0.76933,13.0,38.33333,51.33333,25.66667,5.33333,9.0,13.33333,26.33333,111.0,240.0,35.66667,87.33333,0.40833,10.66667,33.0,0.32333,28.0,34.33333,0.80967,10.0,33.66667,43.66667,22.0,8.0,6.66667,9.0,18.66667,110.0,1,-0.0115,0.0115,0.26452,0.38307,0.46917,0.51401,0.57982,0.58118,1527.98419,1524.21482,0.49082,0.50918,2.06414,1.99039,0.66667,,,,
240.0,38.33333,90.66667,0.425,8.66667,28.0,0.32067,9.0,13.33333,0.673,8.0,36.0,44.0,22.33333,6.66667,4.33333,8.33333,16.33333,94.33333,240.0,42.0,93.66667,0.449,9.66667,27.66667,0.333,9.33333,13.66667,0.70133,13.0,40.66667,53.66667,22.33333,5.0,6.0,11.66667,16.66667,103.0,0,0.12252,-0.12252,0.36471,0.19832,0.50007,0.47294,0.53333,0.50605,1571.69463,1388.85642,0.26944,0.73056,3.79784,1.37351,0.66667,240.0,38.0,85.0,0.448,11.66667,31.33333,0.383,13.0,16.66667,0.77467,9.66667,38.0,47.66667,22.33333,6.33333,6.33333,17.33333,19.0,100.66667,240.0,40.0,95.66667,0.418,10.0,34.33333,0.28333,13.66667,16.66667,0.82767,13.0,34.0,47.0,23.0,11.0,7.66667,10.33333,17.66667,103.66667,0,0.04035,-0.04035,0.34264,0.28384,0.47031,0.5161,0.52136,0.56786,1605.76863,1569.94855,0.45476,0.54524,2.22545,1.85081,0.66667,,,,
240.0,41.66667,90.0,0.463,13.0,34.66667,0.37367,22.0,30.33333,0.72267,11.0,30.33333,41.33333,26.0,8.33333,1.33333,10.66667,20.33333,118.33333,240.0,47.33333,90.33333,0.527,11.0,30.66667,0.35433,18.0,21.66667,0.84067,12.66667,34.33333,47.0,31.0,6.33333,5.0,13.33333,25.33333,123.66667,0,0.06349,-0.06349,0.41744,0.33507,0.58678,0.53556,0.65245,0.61251,1549.00926,1498.62204,0.43146,0.56854,2.36043,1.78057,1.0,240.0,41.0,80.33333,0.509,14.33333,29.66667,0.47667,15.0,19.0,0.78,7.66667,30.66667,38.33333,25.66667,7.66667,6.66667,15.0,21.0,111.33333,240.0,39.33333,85.33333,0.46,11.33333,28.33333,0.40567,15.66667,19.66667,0.787,12.33333,28.66667,41.0,20.66667,9.0,4.66667,14.33333,18.0,105.66667,0,-0.07999,0.07999,0.4094,0.26417,0.52652,0.59816,0.58903,0.65807,1520.49595,1552.86745,0.53804,0.46196,1.89615,2.23889,0.66667,,,,
240.0,44.66667,92.0,0.48267,12.66667,32.66667,0.387,9.33333,12.33333,0.72367,10.66667,29.33333,40.0,27.66667,10.33333,5.66667,12.66667,18.0,111.33333,240.0,39.0,83.0,0.471,8.66667,28.0,0.31267,15.33333,18.0,0.867,9.66667,32.66667,42.33333,20.66667,7.0,3.66667,19.33333,17.0,102.0,1,-0.12249,0.12249,0.32754,0.32817,0.52362,0.55181,0.58748,0.58642,1437.29089,1480.19483,0.54413,0.45587,1.89367,2.2707,0.33333,240.0,38.0,89.33333,0.425,11.33333,36.0,0.31267,8.33333,10.66667,0.78667,11.0,29.66667,40.66667,19.66667,6.66667,2.33333,16.0,22.33333,95.66667,240.0,37.0,80.0,0.46267,11.33333,33.0,0.34633,22.0,28.0,0.799,9.0,35.0,44.0,23.66667,9.66667,4.0,13.66667,13.66667,107.33333,1,0.18091,-0.18091,0.31282,0.33204,0.53358,0.4889,0.62346,0.52126,1510.14604,1437.05028,0.41303,0.58697,2.50564,1.72761,1.0,,,,
240.0,38.66667,98.33333,0.39333,8.66667,34.0,0.25633,19.33333,24.0,0.806,14.66667,32.0,46.66667,24.33333,9.0,7.0,11.0,20.0,105.33333,240.0,42.0,90.33333,0.46333,12.66667,32.33333,0.40933,20.33333,23.66667,0.84133,11.66667,40.0,51.66667,27.0,8.0,8.33333,14.0,22.0,117.0,0,0.1473,-0.1473,0.38545,0.37855,0.5335,0.43745,0.61242,0.50832,1468.63754,1558.02752,0.64637,0.35363,1.56758,2.98014,1.0,240.0,36.66667,89.0,0.412,7.66667,29.0,0.26333,16.33333,19.66667,0.80333,9.66667,30.33333,40.0,21.33333,8.66667,6.0,9.66667,18.0,97.33333,240.0,42.33333,82.33333,0.51,11.66667,25.66667,0.43333,17.0,20.33333,0.83633,7.33333,38.0,45.33333,27.33333,5.0,5.66667,12.33333,18.0,113.33333,0,0.20716,-0.20716,0.24112,0.25292,0.57972,0.45438,0.65003,0.52282,1513.68564,1463.97856,0.46093,0.53907,2.27793,1.90969,0.66667,,,,
240.0,35.0,88.33333,0.396,8.33333,33.66667,0.24767,15.33333,19.0,0.822,15.0,30.33333,45.33333,22.33333,7.0,4.33333,15.66667,21.66667,93.66667,240.0,42.0,82.33333,0.50667,8.0,22.33333,0.35167,18.66667,24.0,0.777,9.0,34.66667,43.66667,24.33333,8.33333,4.66667,14.0,20.0,110.66667,0,0.24051,-0.24051,0.29801,0.43056,0.55657,0.44316,0.63041,0.50542,1522.6573,1478.09061,0.45408,0.54592,2.26689,1.86774,1.0,240.0,39.0,89.33333,0.43967,15.66667,36.0,0.43333,15.0,22.0,0.68033,7.33333,34.0,41.33333,25.66667,6.66667,5.33333,13.0,19.66667,108.66667,240.0,44.0,91.33333,0.48267,15.0,38.66667,0.38333,18.33333,22.33333,0.82833,8.33333,39.66667,48.0,25.33333,7.0,6.33333,13.0,18.0,121.33333,0,0.16172,-0.16172,0.24697,0.18131,0.56402,0.52825,0.63105,0.58136,1619.96537,1456.6158,0.29822,0.70178,3.64606,1.44519,1.0,,,,
248.33333,45.66667,94.0,0.487,16.66667,41.66667,0.39567,19.0,20.33333,0.911,11.33333,36.66667,48.0,28.0,8.33333,3.0,11.33333,19.33333,127.0,248.33333,38.0,84.66667,0.44633,9.0,28.33333,0.31167,18.66667,25.0,0.72667,8.33333,30.66667,39.0,20.0,5.33333,2.66667,15.33333,20.66667,103.66667,0,-0.31985,0.31985,0.23002,0.36862,0.49909,0.5771,0.5706,0.6475,1441.96151,1570.28466,0.66382,0.33618,1.52569,3.1012,0.0,240.0,43.0,84.66667,0.509,9.33333,29.0,0.32033,19.0,21.33333,0.89067,8.66667,37.66667,46.33333,25.33333,8.66667,9.33333,17.0,23.66667,114.33333,240.0,37.0,93.66667,0.395,7.33333,29.66667,0.24933,19.33333,26.66667,0.714,14.33333,31.33333,45.66667,22.0,9.33333,3.66667,13.66667,21.33333,100.66667,0,-0.19512,0.19512,0.4129,0.27639,0.43382,0.56451,0.50563,0.64115,1492.6845,1551.34976,0.5659,0.4341,1.76922,2.30805,0.0,,,,
240.0,43.33333,93.66667,0.461,9.66667,25.33333,0.378,16.0,26.0,0.61733,15.0,38.33333,53.33333,20.0,9.33333,5.0,15.66667,20.66667,112.33333,240.0,41.0,89.66667,0.459,11.66667,34.0,0.34333,15.66667,22.0,0.737,10.66667,34.33333,45.0,30.66667,9.0,5.0,15.33333,20.33333,109.33333,0,-0.0281,0.0281,0.31363,0.43618,0.5241,0.51207,0.58056,0.56332,1526.27602,1591.20227,0.58923,0.41077,1.70667,2.46378,0.33333,240.0,39.66667,84.66667,0.46767,10.0,29.66667,0.34533,16.0,21.66667,0.72033,6.66667,35.33333,42.0,25.0,6.66667,5.0,14.33333,19.0,105.33333,240.0,38.66667,88.66667,0.438,19.0,48.66667,0.383,19.0,24.33333,0.77167,12.0,34.0,46.0,22.66667,8.33333,4.0,13.66667,21.0,115.33333,0,0.12467,-0.12467,0.3386,0.20536,0.54574,0.52685,0.61676,0.58901,1510.9579,1497.31474,0.49629,0.50371,2.03921,2.00528,1.0,,,,
240.0,43.0,90.0,0.47967,9.0,23.33333,0.38767,16.66667,20.0,0.82867,9.33333,38.0,47.33333,30.33333,8.66667,5.0,13.66667,21.66667,111.66667,240.0,37.66667,89.33333,0.42133,10.0,32.66667,0.31333,15.33333,21.33333,0.72567,13.33333,34.0,47.33333,20.66667,6.0,5.0,16.66667,18.33333,100.66667,0,-0.1548,0.1548,0.35847,0.27357,0.47721,0.53036,0.53463,0.5936,1481.05116,1542.2901,0.56861,0.43139,1.76033,2.32195,0.33333,240.0,38.66667,88.0,0.43933,12.33333,34.0,0.364,14.33333,19.33333,0.75367,11.66667,36.0,47.66667,26.66667,7.33333,4.66667,17.33333,16.66667,104.0,240.0,40.66667,93.66667,0.435,11.33333,38.0,0.295,12.33333,13.66667,0.907,11.66667,34.66667,46.33333,25.66667,9.66667,6.33333,13.0,18.33333,105.0,0,0.01175,-0.01175,0.3196,0.33715,0.49589,0.50943,0.54385,0.56368,1598.14128,1566.21295,0.4603,0.5397,2.19774,1.86893,0.33333,,,,
240.0,41.33333,92.0,0.44867,13.0,35.33333,0.36333,15.33333,19.66667,0.78567,9.0,33.33333,42.33333,22.66667,9.0,5.0,13.33333,22.66667,111.0,240.0,40.66667,89.33333,0.45467,9.0,30.0,0.30433,21.0,24.66667,0.88033,11.33333,39.0,50.33333,25.0,8.66667,5.0,17.33333,19.66667,111.33333,0,-0.01191,0.01191,0.33565,0.24266,0.50521,0.52025,0.58569,0.57614,1466.43779,1488.69244,0.53078,0.46922,1.91174,2.18017,0.33333,240.0,43.66667,91.66667,0.479,9.66667,26.33333,0.38233,24.0,29.66667,0.80967,11.66667,26.66667,38.33333,23.66667,7.66667,3.0,10.33333,26.0,121.0,240.0,47.33333,86.0,0.54933,8.66667,22.33333,0.39,24.66667,29.0,0.86433,10.66667,33.66667,44.33333,27.0,5.66667,3.66667,12.33333,23.66667,128.0,0,0.08405,-0.08405,0.40576,0.35365,0.5997,0.53182,0.69286,0.61888,1493.65795,1525.93448,0.56346,0.43654,1.78552,2.3157,0.66667,,,,
240.0,45.33333,87.66667,0.51833,11.66667,34.0,0.34367,14.0,23.0,0.61133,8.33333,33.66667,42.0,27.0,10.33333,5.66667,16.33333,18.0,116.33333,240.0,45.0,94.33333,0.47567,11.66667,31.33333,0.367,16.33333,20.0,0.79233,13.0,31.0,44.0,25.33333,8.33333,4.33333,16.0,18.66667,118.0,0,0.01512,-0.01512,0.42262,0.27235,0.53835,0.58422,0.59901,0.62763,1487.25695,1535.18886,0.5799,0.4201,1.74469,2.43671,0.66667,248.33333,43.66667,88.0,0.49667,12.0,31.0,0.392,17.33333,23.33333,0.717,6.0,27.33333,33.33333,31.0,7.0,5.0,12.66667,21.66667,116.66667,248.33333,45.33333,90.0,0.50667,12.66667,35.33333,0.35633,21.66667,25.66667,0.81333,11.66667,36.33333,48.0,30.0,8.33333,2.66667,14.0,22.0,125.0,0,0.09269,-0.09269,0.42208,0.17445,0.5773,0.5653,0.65649,0.62766,1471.45763,1463.14766,0.49961,0.50039,2.15088,2.1942,1.0,,,,
240.0,41.33333,86.0,0.48233,13.0,32.66667,0.38667,14.66667,19.0,0.758,7.0,35.33333,42.33333,27.66667,7.33333,5.33333,15.33333,20.0,110.33333,240.0,43.33333,91.0,0.478,11.33333,33.66667,0.33733,16.66667,24.33333,0.67533,13.33333,35.33333,48.66667,25.66667,9.0,4.33333,12.33333,20.33333,114.66667,0,0.05675,-0.05675,0.37495,0.20277,0.54087,0.5575,0.59805,0.6139,1559.43789,1541.68212,0.48123,0.51877,2.12759,1.97138,0.66667,240.0,40.66667,94.33333,0.431,10.33333,31.33333,0.32567,13.0,14.66667,0.86233,10.66667,35.66667,46.33333,23.66667,9.66667,5.66667,14.0,21.66667,104.66667,240.0,43.0,90.0,0.47767,13.0,32.66667,0.40133,17.33333,25.33333,0.67867,9.66667,38.33333,48.0,23.66667,8.0,4.66667,14.33333,14.33333,116.33333,0,0.15375,-0.15375,0.27485,0.29096,0.54998,0.48581,0.60844,0.53594,1535.59269,1439.80779,0.37769,0.62231,2.69175,1.61609,1.0,,,,
240.0,37.33333,78.66667,0.47533,8.0,23.66667,0.34467,17.0,21.0,0.823,6.0,33.0,39.0,25.33333,7.66667,5.0,13.66667,22.33333,99.66667,240.0,38.0,82.0,0.46433,9.33333,29.33333,0.31633,20.66667,24.66667,0.835,9.0,32.33333,41.33333,23.33333,8.66667,5.33333,13.66667,20.33333,106.0,0,0.09071,-0.09071,0.2864,0.19165,0.52162,0.52629,0.60714,0.5991,1563.46389,1516.66248,0.44798,0.55202,2.24001,1.81576,0.66667,240.0,39.33333,86.66667,0.45867,10.0,24.66667,0.40133,15.66667,19.0,0.82033,9.0,30.33333,39.33333,21.66667,9.0,4.33333,14.66667,21.66667,104.33333,240.0,42.66667,87.33333,0.48767,10.66667,29.0,0.37233,20.33333,26.0,0.78933,13.0,36.0,49.0,25.33333,10.0,6.33333,14.66667,18.0,116.33333,0,0.16794,-0.16794,0.42903,0.24766,0.5484,0.51893,0.62444,0.58106,1524.12599,1501.41634,0.4861,0.5139,2.27829,2.10491,1.0,,,,
240.0,39.33333,86.0,0.45867,8.33333,26.0,0.33467,13.33333,18.33333,0.70633,9.0,33.0,42.0,21.0,6.66667,5.33333,9.0,19.0,100.33333,240.0,44.0,92.0,0.47867,7.66667,26.0,0.29067,13.33333,18.66667,0.698,13.33333,35.66667,49.0,22.0,6.66667,6.33333,9.66667,16.33333,109.0,0,0.11072,-0.11072,0.40887,0.25863,0.5205,0.5074,0.56756,0.55856,1571.69021,1381.93625,0.26228,0.73772,3.95114,1.36183,0.66667,240.0,34.33333,80.66667,0.42867,11.33333,32.66667,0.33633,16.0,19.66667,0.805,8.0,35.33333,43.33333,22.66667,6.33333,6.33333,14.0,20.33333,96.0,240.0,36.33333,80.0,0.45667,7.0,25.33333,0.27533,15.66667,22.0,0.711,8.33333,31.66667,40.0,20.0,8.66667,7.0,11.0,20.66667,95.33333,0,-0.00325,0.00325,0.23426,0.29516,0.49999,0.50043,0.56367,0.56964,1517.068,1499.3552,0.47448,0.52552,2.11497,1.90846,0.33333,,,,
240.0,34.33333,83.33333,0.41133,12.33333,35.66667,0.345,14.33333,21.66667,0.667,12.66667,33.0,45.66667,22.66667,6.33333,4.66667,15.66667,21.0,95.33333,240.0,36.66667,81.66667,0.45167,12.33333,32.33333,0.379,15.66667,21.0,0.74633,9.33333,32.0,41.33333,25.33333,9.0,4.66667,11.33333,19.66667,101.33333,1,0.09023,-0.09023,0.28069,0.48086,0.52801,0.48585,0.59044,0.54101,1527.91065,1479.37905,0.44012,0.55988,2.27911,1.78944,0.33333,240.0,37.33333,79.0,0.481,9.66667,22.0,0.47633,18.66667,23.0,0.79633,5.33333,34.66667,40.0,21.33333,9.33333,4.0,13.0,19.0,103.0,240.0,34.0,81.0,0.423,11.33333,29.33333,0.39267,15.0,20.0,0.74033,8.0,33.33333,41.33333,20.0,6.66667,6.33333,16.33333,20.33333,94.33333,1,-0.10601,0.10601,0.22619,0.15374,0.49325,0.5435,0.55686,0.62044,1452.05725,1472.65879,0.52396,0.47604,1.98153,2.17665,0.66667,,,,
240.0,38.66667,84.0,0.46067,11.33333,36.0,0.323,16.0,21.66667,0.72667,7.33333,39.33333,46.66667,26.33333,5.66667,8.33333,15.0,22.66667,104.66667,240.0,36.0,89.33333,0.40333,11.33333,33.66667,0.33567,18.33333,24.66667,0.74867,10.0,36.0,46.0,23.0,8.33333,2.66667,11.0,18.0,101.66667,1,-0.0316,0.0316,0.25965,0.2269,0.46683,0.52875,0.53669,0.59067,1514.05805,1613.18676,0.63515,0.36485,1.59074,2.81416,0.33333,240.0,44.33333,90.0,0.49267,10.33333,30.0,0.34367,21.33333,26.0,0.818,8.33333,38.33333,46.66667,25.0,7.66667,3.33333,11.66667,18.33333,120.33333,240.0,41.66667,92.0,0.455,10.0,29.33333,0.351,14.66667,20.0,0.763,9.33333,32.66667,42.0,21.0,6.0,1.66667,13.33333,22.66667,108.0,1,-0.15447,0.15447,0.2416,0.26111,0.50941,0.54995,0.56235,0.62856,1392.04752,1421.27976,0.51568,0.48432,1.99949,2.15571,0.0,,,,
240.0,40.66667,90.66667,0.44733,7.33333,26.0,0.29833,20.33333,25.66667,0.78467,10.66667,29.0,39.66667,25.0,8.33333,4.33333,11.33333,20.66667,109.0,240.0,45.66667,87.66667,0.522,15.66667,33.0,0.46567,17.0,23.33333,0.73667,10.33333,36.0,46.33333,33.33333,5.33333,5.33333,13.66667,21.66667,124.0,1,0.18959,-0.18959,0.35556,0.30652,0.61178,0.48749,0.6687,0.56554,1461.63288,1509.37828,0.59017,0.40983,1.73717,2.6057,1.0,240.0,39.66667,81.33333,0.48867,9.66667,25.33333,0.38667,15.33333,22.66667,0.68833,10.0,33.33333,43.33333,22.66667,9.33333,5.0,23.0,27.0,104.33333,240.0,42.66667,88.0,0.48533,8.33333,21.33333,0.39033,24.0,32.0,0.748,12.66667,31.33333,44.0,25.0,13.0,3.66667,15.66667,22.33333,117.66667,1,0.17513,-0.17513,0.39898,0.31821,0.53257,0.54899,0.6192,0.60572,1584.49472,1455.28608,0.33775,0.66225,3.1495,1.52899,1.0,,,,
240.0,41.33333,92.0,0.44867,11.33333,33.33333,0.33433,14.33333,17.0,0.835,11.0,33.0,44.0,24.0,10.33333,6.33333,12.66667,20.66667,108.33333,240.0,38.0,88.0,0.433,8.33333,31.0,0.27,18.66667,22.0,0.87933,12.66667,35.66667,48.33333,21.33333,7.66667,5.33333,18.66667,17.33333,103.0,0,-0.07477,0.07477,0.38236,0.30822,0.4806,0.51099,0.55542,0.56532,1472.70624,1485.80787,0.50998,0.49002,2.01403,2.11065,0.33333,240.0,37.33333,85.66667,0.437,13.33333,38.66667,0.344,16.33333,18.33333,0.88067,9.0,29.0,38.0,27.0,8.33333,3.33333,14.66667,22.33333,104.33333,240.0,40.33333,84.33333,0.47633,10.66667,24.66667,0.44033,19.66667,26.66667,0.72567,10.66667,33.0,43.66667,25.0,7.66667,6.66667,15.0,16.33333,111.0,0,0.09422,-0.09422,0.37486,0.26657,0.53965,0.51558,0.61467,0.58455,1515.8261,1524.59208,0.53205,0.46795,1.88368,2.14316,0.66667,,,,
240.0,41.66667,84.0,0.49733,10.33333,29.33333,0.35067,18.0,22.0,0.81333,7.66667,37.66667,45.33333,28.33333,7.33333,4.66667,16.0,21.0,111.66667,240.0,42.0,93.0,0.45233,10.33333,34.66667,0.29867,15.66667,23.66667,0.65867,14.0,32.33333,46.33333,25.33333,8.33333,5.33333,11.33333,20.66667,110.0,0,-0.0178,0.0178,0.37614,0.24294,0.50792,0.55914,0.56123,0.63006,1533.76105,1540.57166,0.50587,0.49413,1.99727,2.04927,0.33333,240.0,37.0,93.33333,0.39733,12.66667,38.0,0.32767,9.66667,13.66667,0.736,8.66667,38.0,46.66667,25.0,6.0,3.0,15.33333,20.33333,96.33333,240.0,38.66667,90.0,0.43067,12.0,38.66667,0.31233,16.66667,21.33333,0.78233,10.33333,42.33333,52.66667,21.66667,9.0,3.66667,15.66667,22.0,106.0,0,0.13629,-0.13629,0.27459,0.20449,0.49792,0.46635,0.56235,0.5023,1621.4992,1490.95888,0.33339,0.66661,3.21263,1.52309,0.66667,,,,
240.0,32.66667,89.0,0.36633,8.66667,32.0,0.27133,11.33333,16.0,0.73467,11.0,34.66667,45.66667,20.0,6.0,4.0,11.33333,20.33333,85.33333,240.0,36.66667,80.66667,0.45367,8.66667,25.33333,0.346,23.33333,28.0,0.82667,8.0,41.33333,49.33333,26.66667,6.66667,3.66667,9.0,16.0,105.33333,1,0.30071,-0.30071,0.23109,0.26829,0.50665,0.41466,0.60402,0.45994,1472.6443,1439.91702,0.48593,0.51407,2.12867,2.01862,1.0,240.0,36.0,84.33333,0.42667,9.0,30.0,0.302,17.33333,22.66667,0.76967,10.66667,37.33333,48.0,23.0,3.66667,2.66667,10.66667,17.0,98.33333,240.0,37.33333,87.0,0.43033,5.66667,19.66667,0.29033,12.0,17.33333,0.68533,10.0,34.66667,44.66667,22.0,6.0,5.33333,8.33333,21.33333,92.33333,1,-0.07204,0.07204,0.26718,0.30468,0.46266,0.47979,0.51116,0.55142,1372.38146,1477.1604,0.64523,0.35477,1.55175,2.82944,0.33333,,,,
240.0,39.66667,86.0,0.46167,9.33333,30.33333,0.30633,14.66667,21.33333,0.701,10.0,34.33333,44.33333,24.66667,9.0,4.66667,15.66667,20.33333,103.33333,240.0,42.0,88.33333,0.47667,8.66667,22.0,0.38567,18.66667,25.0,0.781,12.0,34.33333,46.33333,23.66667,9.0,5.66667,13.66667,19.0,111.33333,0,0.10686,-0.10686,0.34926,0.29421,0.52538,0.51592,0.59391,0.56973,1508.08694,1509.32984,0.51305,0.48695,2.00108,2.10651,1.0,248.33333,41.0,82.0,0.50033,10.0,21.0,0.49367,17.0,25.0,0.70167,5.33333,37.66667,43.0,26.0,7.66667,4.66667,12.33333,19.66667,109.0,248.33333,38.33333,88.66667,0.431,13.0,38.33333,0.32767,12.0,14.66667,0.85067,8.0,35.33333,43.33333,24.33333,5.0,5.66667,13.0,19.0,101.66667,0,-0.09831,0.09831,0.21646,0.14551,0.50336,0.56222,0.55224,0.62294,1464.9602,1491.11995,0.52492,0.47508,1.98019,2.18665,0.33333,,,,
240.0,42.0,93.66667,0.44867,11.66667,31.66667,0.352,10.66667,16.66667,0.63467,9.0,35.33333,44.33333,27.66667,8.33333,4.66667,13.33333,21.66667,106.33333,240.0,43.33333,89.0,0.48733,11.0,34.66667,0.31733,18.33333,24.66667,0.73467,10.33333,38.66667,49.0,25.66667,8.66667,4.0,13.0,18.66667,116.0,0,0.12675,-0.12675,0.29803,0.23055,0.54959,0.51183,0.61522,0.54817,1574.20511,1535.86106,0.45809,0.54191,2.20555,1.85846,1.0,240.0,44.0,92.66667,0.47367,14.66667,34.66667,0.427,17.66667,24.33333,0.76,13.66667,43.0,56.66667,27.66667,6.66667,4.66667,17.66667,24.0,120.33333,240.0,39.0,92.33333,0.421,14.33333,39.66667,0.363,21.0,29.0,0.73033,9.66667,32.66667,42.33333,28.66667,7.66667,4.33333,11.66667,20.33333,113.33333,0,-0.07924,0.07924,0.23241,0.41356,0.49878,0.55423,0.57322,0.61304,1479.53922,1556.42799,0.59835,0.40165,1.68108,2.52004,0.33333,,,,
240.0,36.66667,90.66667,0.40567,11.0,31.33333,0.35167,17.0,23.0,0.72533,9.0,31.66667,40.66667,21.33333,5.66667,3.0,11.0,19.33333,101.33333,240.0,43.0,89.33333,0.482,12.66667,32.0,0.399,19.0,23.0,0.82433,10.33333,40.66667,51.0,26.33333,6.33333,6.33333,12.33333,18.0,117.66667,0,0.21321,-0.21321,0.32616,0.23166,0.55294,0.46614,0.62387,0.53072,1573.88097,1383.18297,0.26846,0.73154,3.89514,1.37408,1.0,240.0,40.0,88.0,0.455,10.33333,27.66667,0.374,15.33333,22.0,0.70767,9.33333,37.33333,46.66667,23.33333,8.33333,5.0,14.0,20.66667,105.66667,240.0,40.33333,87.33333,0.46333,11.66667,32.66667,0.362,14.33333,22.66667,0.62467,10.33333,35.33333,45.66667,24.66667,10.0,5.0,15.33333,19.0,106.66667,0,0.01296,-0.01296,0.27956,0.26385,0.53032,0.51396,0.57948,0.57016,1542.83251,1550.80115,0.50963,0.49037,1.98287,2.0658,0.33333,,,,
240.0,39.33333,83.0,0.476,8.33333,24.33333,0.357,15.0,18.0,0.82967,9.33333,32.0,41.33333,20.66667,9.66667,6.0,13.66667,23.33333,102.0,240.0,37.66667,82.0,0.45767,7.33333,21.66667,0.33933,19.33333,24.33333,0.769,10.33333,30.0,40.33333,17.66667,7.33333,3.0,15.0,19.66667,102.0,1,-0.00848,0.00848,0.34011,0.31107,0.50281,0.52701,0.58249,0.58936,1480.58467,1375.01495,0.35306,0.64694,3.11918,1.59429,0.33333,273.33333,48.66667,103.33333,0.47133,11.0,36.33333,0.303,20.33333,25.33333,0.78967,13.66667,34.0,47.66667,24.66667,10.0,5.0,16.33333,20.0,128.66667,273.33333,52.0,102.66667,0.50633,12.66667,33.33333,0.38133,17.33333,22.0,0.771,13.33333,35.0,48.33333,31.66667,9.0,4.66667,18.0,22.0,134.0,1,0.0638,-0.0638,0.39973,0.39141,0.56842,0.52495,0.62346,0.58996,1440.23684,1494.61228,0.59172,0.40828,1.78217,2.65725,0.66667,,,,
240.0,41.66667,87.33333,0.47867,14.0,32.33333,0.43933,14.0,19.66667,0.715,14.66667,33.0,47.66667,26.0,8.33333,3.33333,14.0,20.0,111.33333,240.0,32.66667,77.0,0.42467,12.0,31.66667,0.379,15.66667,20.66667,0.77667,8.33333,25.0,33.33333,21.33333,8.0,4.33333,13.66667,19.0,93.0,0,-0.25732,0.25732,0.2577,0.59541,0.50276,0.55906,0.57209,0.60919,1433.83544,1498.70255,0.56428,0.43572,1.8651,2.49604,0.0,240.0,40.66667,83.66667,0.48633,10.33333,30.0,0.341,24.0,32.66667,0.738,9.66667,30.33333,40.0,29.33333,12.0,2.0,14.33333,24.0,115.66667,240.0,41.66667,88.66667,0.471,13.0,35.0,0.37233,20.33333,27.33333,0.733,13.66667,34.0,47.66667,27.66667,6.33333,5.0,18.33333,26.0,116.66667,0,0.01615,-0.01615,0.44787,0.28704,0.54507,0.54819,0.62024,0.63682,1363.45009,1461.43077,0.63051,0.36949,1.65022,3.0637,0.66667,,,,
240.0,42.33333,93.33333,0.45367,9.33333,28.0,0.33267,21.33333,26.0,0.82467,13.66667,33.0,46.66667,26.33333,8.33333,6.66667,9.33333,18.33333,115.33333,240.0,40.33333,90.66667,0.44633,9.33333,24.0,0.38467,17.0,21.66667,0.772,13.33333,33.66667,47.0,23.0,5.66667,4.33333,14.66667,23.33333,107.0,0,-0.11678,0.11678,0.41289,0.40433,0.49845,0.50377,0.56303,0.58263,1472.93741,1516.19069,0.55045,0.44955,1.85157,2.30469,0.33333,248.33333,39.0,86.66667,0.45267,13.0,37.33333,0.34167,21.33333,27.66667,0.77,9.66667,39.66667,49.33333,25.0,6.0,5.0,16.0,22.66667,112.33333,248.33333,41.0,95.0,0.434,12.33333,38.0,0.32267,21.33333,27.0,0.8,11.0,35.0,46.0,24.33333,9.66667,3.66667,9.33333,19.66667,115.66667,0,0.04296,-0.04296,0.29133,0.29056,0.49887,0.52811,0.57646,0.60842,1580.88809,1556.93152,0.47463,0.52537,2.13053,1.92347,0.66667,,,,
240.0,38.33333,78.66667,0.48733,11.0,25.0,0.44,24.0,31.0,0.75333,8.66667,33.66667,42.33333,23.33333,6.0,2.66667,13.66667,20.66667,111.66667,240.0,43.0,88.33333,0.48633,8.66667,24.33333,0.351,12.33333,18.66667,0.68333,9.33333,29.33333,38.66667,24.66667,8.66667,3.33333,12.33333,23.33333,107.0,0,-0.0624,0.0624,0.28097,0.29323,0.53533,0.55759,0.57841,0.65452,1437.46404,1471.42413,0.54415,0.45585,1.90995,2.30761,0.0,240.0,40.66667,86.33333,0.46833,10.66667,30.33333,0.36067,12.33333,19.33333,0.62867,8.66667,34.0,42.66667,26.33333,9.33333,5.66667,12.0,20.0,104.33333,240.0,39.66667,86.33333,0.45833,9.66667,26.0,0.38033,13.66667,18.33333,0.738,11.0,33.0,44.0,21.66667,4.66667,5.33333,15.33333,18.66667,102.66667,0,-0.00523,0.00523,0.33765,0.27503,0.51572,0.52963,0.57001,0.57262,1518.3006,1470.05529,0.43017,0.56983,2.40699,1.78461,0.66667,,,,
256.66667,44.33333,92.66667,0.48033,13.0,30.33333,0.42733,21.0,26.66667,0.789,11.33333,35.66667,47.0,23.33333,8.0,3.66667,15.33333,22.33333,122.66667,256.66667,48.66667,99.66667,0.489,15.33333,41.0,0.37133,16.33333,20.66667,0.78233,12.0,36.33333,48.33333,32.0,8.66667,6.33333,12.0,21.0,129.0,1,0.07598,-0.07598,0.33998,0.32405,0.56572,0.55043,0.61999,0.62478,1485.36018,1512.21566,0.54365,0.45635,1.88354,2.26666,1.0,240.0,43.0,80.66667,0.53367,11.66667,25.33333,0.45833,30.66667,39.33333,0.78433,10.33333,33.33333,43.66667,29.66667,9.33333,6.0,17.33333,27.0,128.33333,240.0,40.33333,85.66667,0.47333,9.66667,26.33333,0.38133,25.33333,31.0,0.81367,9.0,24.33333,33.33333,22.0,10.0,5.0,15.0,29.66667,115.66667,1,-0.15212,0.15212,0.26985,0.48268,0.52989,0.60575,0.62704,0.71934,1358.52847,1544.85555,0.73572,0.26428,1.36112,3.82399,0.0,,,,
240.0,36.33333,80.66667,0.452,8.0,23.0,0.37567,14.33333,19.0,0.75233,7.33333,30.66667,38.0,18.0,10.66667,6.33333,16.0,24.66667,95.0,240.0,36.33333,81.33333,0.44533,8.66667,25.0,0.349,22.33333,27.33333,0.81567,11.0,33.33333,44.33333,21.66667,8.33333,4.33333,16.66667,18.33333,103.66667,1,0.11682,-0.11682,0.36905,0.22365,0.4987,0.50284,0.5921,0.56214,1511.38486,1369.22341,0.3181,0.6819,3.29891,1.48013,0.66667,240.0,44.0,93.0,0.474,11.33333,31.66667,0.369,16.66667,20.66667,0.82167,11.66667,36.33333,48.0,26.33333,7.0,7.33333,10.33333,17.66667,116.0,240.0,39.66667,88.66667,0.447,11.66667,33.33333,0.35167,15.66667,19.66667,0.78733,10.33333,34.33333,44.66667,23.66667,7.33333,2.0,13.0,20.66667,106.66667,1,-0.11799,0.11799,0.28431,0.3512,0.51286,0.53497,0.57327,0.5953,1394.98295,1516.74782,0.65354,0.34646,1.56828,3.13225,0.33333,,,,
248.33333,42.66667,95.66667,0.447,12.0,33.66667,0.35633,21.0,29.66667,0.705,11.66667,35.0,46.66667,24.66667,6.0,1.66667,11.0,21.33333,118.33333,248.33333,47.0,95.0,0.49867,10.66667,33.66667,0.31267,17.33333,21.33333,0.81667,11.0,38.0,49.0,29.66667,5.66667,6.0,11.33333,24.66667,122.0,0,0.04402,-0.04402,0.3262,0.3359,0.55405,0.51003,0.61613,0.58029,1528.00568,1498.62204,0.45855,0.54145,2.21984,1.86766,1.0,240.0,39.66667,87.0,0.457,10.33333,32.33333,0.33633,18.0,26.0,0.692,13.66667,32.33333,46.0,25.0,8.66667,5.66667,15.66667,24.33333,107.66667,240.0,39.33333,89.0,0.441,8.0,27.66667,0.27467,19.0,23.66667,0.79933,12.66667,32.66667,45.33333,26.66667,10.33333,4.33333,15.0,24.66667,105.66667,0,-0.03089,0.03089,0.39782,0.45269,0.48705,0.51602,0.5604,0.58142,1541.63565,1533.70791,0.48485,0.51515,2.09768,1.97096,0.33333,,,,
240.0,43.66667,96.0,0.45533,11.0,31.66667,0.32633,13.66667,19.66667,0.66267,11.0,39.66667,50.66667,27.0,6.66667,7.33333,13.0,25.0,112.0,240.0,42.66667,92.33333,0.46433,11.66667,32.0,0.36533,22.0,29.33333,0.749,9.66667,39.0,48.66667,26.66667,9.0,3.66667,11.66667,18.66667,119.0,0,0.0881,-0.0881,0.24357,0.28176,0.52774,0.51375,0.60482,0.56007,1538.0247,1532.35808,0.49816,0.50184,2.05752,2.03794,1.0,240.0,40.33333,93.33333,0.43033,9.33333,30.66667,0.303,11.0,13.33333,0.80633,11.33333,33.0,44.33333,19.66667,7.0,3.66667,15.0,24.66667,101.0,240.0,36.66667,84.33333,0.437,10.33333,34.66667,0.29867,25.66667,33.0,0.786,9.66667,37.33333,47.0,24.0,8.66667,4.66667,13.33333,15.0,109.33333,0,0.13833,-0.13833,0.28148,0.32003,0.49934,0.48044,0.60051,0.52109,1510.46877,1441.20429,0.41508,0.58492,2.49679,1.7352,0.66667,,,,
240.0,37.33333,94.66667,0.39433,12.0,35.66667,0.33,17.33333,23.0,0.754,11.66667,32.33333,44.0,26.0,10.33333,4.0,12.0,16.33333,104.0,240.0,45.0,91.66667,0.491,11.66667,31.33333,0.39,14.66667,18.33333,0.80067,9.66667,42.66667,52.33333,30.0,7.33333,6.66667,14.33333,21.0,116.33333,1,0.15703,-0.15703,0.32645,0.27335,0.55447,0.4585,0.60789,0.52181,1473.77479,1554.81699,0.63424,0.36576,1.60778,2.92021,1.0,240.0,40.33333,89.66667,0.44667,6.33333,29.33333,0.234,15.0,21.66667,0.69867,12.0,35.66667,47.66667,20.66667,9.66667,4.0,16.66667,17.0,102.0,240.0,39.0,90.66667,0.43033,9.33333,28.0,0.33367,15.33333,18.0,0.857,10.0,31.66667,41.66667,24.0,11.0,6.33333,15.0,22.33333,102.66667,1,0.01851,-0.01851,0.28619,0.39414,0.4818,0.48196,0.54264,0.53965,1356.23056,1539.51686,0.74779,0.25221,1.33894,4.01256,0.66667,,,,
240.0,45.0,87.0,0.52467,9.66667,23.33333,0.436,14.66667,17.33333,0.81533,6.66667,39.0,45.66667,23.66667,5.33333,5.0,10.0,18.66667,114.33333,240.0,37.66667,90.66667,0.416,15.0,41.33333,0.366,16.0,23.66667,0.66633,12.0,32.33333,44.33333,20.66667,5.0,3.0,10.66667,18.0,106.33333,0,-0.108,0.108,0.30873,0.20519,0.49858,0.58191,0.55413,0.63717,1499.04142,1501.84814,0.49845,0.50155,2.06648,2.04259,0.66667,240.0,37.33333,88.0,0.42467,9.66667,30.33333,0.32433,16.33333,24.33333,0.66533,12.66667,29.66667,42.33333,17.66667,7.33333,3.0,10.66667,16.66667,100.66667,240.0,42.66667,86.0,0.49533,11.0,31.0,0.357,13.66667,16.33333,0.84133,11.33333,35.0,46.33333,27.66667,7.33333,4.33333,14.33333,22.0,110.0,0,0.13057,-0.13057,0.40253,0.36052,0.55895,0.47994,0.61287,0.53922,1571.3041,1564.4542,0.50467,0.49533,2.03146,2.06314,1.0,,,,
240.0,36.0,91.66667,0.39267,9.66667,33.33333,0.29067,16.0,18.66667,0.864,15.66667,30.33333,46.0,23.0,6.66667,3.33333,15.66667,23.0,97.66667,240.0,46.66667,83.66667,0.55833,7.33333,23.33333,0.30833,17.66667,23.33333,0.757,7.0,36.66667,43.66667,27.33333,8.33333,5.0,13.0,18.66667,118.33333,1,0.27907,-0.27907,0.22904,0.42836,0.60264,0.44537,0.6672,0.50941,1559.65054,1473.62839,0.4005,0.5995,2.66183,1.72737,1.0,240.0,36.0,82.0,0.44467,12.66667,34.0,0.36833,16.66667,19.33333,0.85633,10.66667,31.0,41.66667,23.66667,8.0,2.33333,15.0,22.33333,101.33333,240.0,37.33333,74.33333,0.50233,5.66667,23.66667,0.23767,18.0,23.33333,0.76133,5.66667,29.33333,35.0,22.0,8.66667,5.66667,14.0,20.0,98.33333,1,-0.03609,0.03609,0.18803,0.3566,0.54038,0.52391,0.61858,0.59583,1507.11252,1480.42326,0.46045,0.53955,2.34672,1.95243,0.33333,,,,
240.0,40.66667,93.33333,0.43567,14.66667,39.0,0.37033,16.66667,20.33333,0.85033,10.33333,40.0,50.33333,27.33333,7.33333,5.0,15.66667,21.33333,112.66667,240.0,39.33333,93.66667,0.41933,12.66667,41.66667,0.30033,18.0,23.33333,0.77133,10.66667,38.66667,49.33333,27.0,7.66667,4.0,15.66667,21.66667,109.33333,1,-0.0442,0.0442,0.27471,0.2735,0.4867,0.51509,0.55236,0.57525,1544.63353,1580.39947,0.54248,0.45752,1.89036,2.24907,0.33333,248.33333,41.0,88.66667,0.46433,12.33333,30.66667,0.40067,15.66667,21.33333,0.73233,8.33333,34.0,42.33333,26.33333,6.66667,6.0,12.66667,20.66667,110.0,248.33333,39.66667,88.66667,0.44667,10.66667,32.0,0.34167,13.33333,18.33333,0.72067,10.66667,35.33333,46.0,20.66667,7.33333,5.33333,14.66667,21.66667,103.33333,1,-0.09101,0.09101,0.33728,0.24522,0.50794,0.53452,0.5599,0.59212,1516.54832,1512.0632,0.4822,0.5178,2.07486,1.93208,0.66667,,,,
248.33333,45.33333,97.0,0.46833,14.0,38.0,0.358,17.66667,21.0,0.824,13.0,36.33333,49.33333,24.33333,9.0,3.33333,11.33333,19.33333,122.33333,248.33333,38.66667,84.0,0.45867,9.33333,29.0,0.31567,18.33333,26.0,0.69367,8.66667,33.33333,42.0,22.0,6.66667,4.33333,16.0,21.66667,105.0,0,-0.24178,0.24178,0.24328,0.3961,0.51373,0.54116,0.58132,0.60303,1434.81026,1579.41672,0.69305,0.30695,1.44605,3.29317,0.33333,240.0,43.33333,90.0,0.484,9.66667,28.0,0.35,13.0,18.33333,0.69533,9.0,33.0,42.0,25.0,7.66667,7.33333,11.66667,18.0,109.33333,240.0,42.66667,92.33333,0.46533,19.66667,51.0,0.381,14.0,19.66667,0.70767,14.66667,36.33333,51.0,23.33333,7.0,3.0,14.33333,21.33333,119.0,0,0.11783,-0.11783,0.4321,0.2453,0.57371,0.53801,0.62056,0.58402,1516.43026,1522.07616,0.5234,0.4766,1.9562,2.15517,1.0,,,,
240.0,41.33333,89.33333,0.46333,8.66667,22.0,0.39867,15.66667,19.33333,0.79867,10.33333,39.33333,49.66667,26.0,7.0,5.66667,12.0,20.0,107.0,240.0,36.66667,90.0,0.40733,8.0,33.0,0.24167,15.33333,20.33333,0.75733,12.33333,34.0,46.33333,19.0,7.66667,7.0,13.0,19.33333,96.66667,1,-0.14436,0.14436,0.3205,0.30482,0.45197,0.51232,0.51151,0.5719,1534.53144,1560.11259,0.51774,0.48226,1.95636,2.10014,0.33333,240.0,46.0,88.33333,0.52133,12.66667,32.66667,0.39567,13.66667,21.33333,0.62933,6.66667,29.0,35.66667,29.66667,6.0,4.0,12.33333,21.66667,118.33333,240.0,45.66667,87.66667,0.52167,13.66667,35.0,0.389,23.0,27.66667,0.81067,7.66667,33.66667,41.33333,31.66667,7.33333,3.33333,11.0,18.66667,128.0,1,0.1095,-0.1095,0.30303,0.20307,0.59915,0.59325,0.68271,0.63704,1477.1215,1438.74058,0.45937,0.54063,2.25435,1.89805,1.0,,,,
240.0,43.33333,85.66667,0.50467,11.33333,33.0,0.34567,17.33333,25.0,0.68,5.66667,25.66667,31.33333,28.0,8.33333,2.0,11.66667,23.66667,115.33333,240.0,42.66667,82.66667,0.515,16.33333,39.33333,0.401,24.66667,30.33333,0.80733,10.0,35.0,45.0,29.0,5.66667,3.33333,15.66667,22.33333,126.33333,0,0.12975,-0.12975,0.38989,0.16077,0.61316,0.57095,0.70687,0.63276,1448.64509,1437.70266,0.5029,0.4971,2.05017,2.09356,1.0,240.0,37.66667,90.33333,0.41733,9.0,35.33333,0.25433,11.66667,16.66667,0.706,11.33333,34.66667,46.0,20.66667,6.66667,4.0,12.0,17.66667,96.0,240.0,40.0,90.33333,0.44367,9.33333,28.66667,0.31167,15.33333,21.33333,0.71733,13.0,37.33333,50.33333,26.66667,7.66667,5.66667,12.66667,14.33333,104.66667,0,0.11883,-0.11883,0.37519,0.30771,0.49552,0.46683,0.55192,0.51063,1570.5708,1465.82718,0.38311,0.61689,3.02945,1.76918,0.66667,,,,
240.0,44.0,84.66667,0.525,10.0,23.33333,0.44833,11.66667,17.33333,0.66533,7.0,35.0,42.0,25.33333,7.33333,5.33333,10.0,17.0,109.66667,240.0,36.66667,89.66667,0.41,13.66667,38.0,0.36133,13.0,18.33333,0.70867,15.33333,32.33333,47.66667,23.33333,4.66667,3.33333,13.33333,18.66667,100.0,1,-0.12654,0.12654,0.46123,0.21445,0.48552,0.58525,0.534,0.62624,1504.91784,1531.45168,0.52933,0.47067,1.89974,2.13926,0.66667,240.0,44.33333,97.66667,0.45367,9.66667,29.66667,0.32667,18.33333,24.33333,0.74167,13.66667,28.0,41.66667,23.66667,8.66667,5.0,11.0,22.33333,116.66667,240.0,49.33333,90.33333,0.54733,9.33333,22.66667,0.40967,20.0,23.66667,0.85767,12.66667,36.0,48.66667,25.66667,6.33333,5.33333,13.0,22.66667,128.0,1,0.13431,-0.13431,0.45753,0.39579,0.59845,0.50335,0.67118,0.56694,1500.93932,1507.8874,0.53015,0.46985,1.91925,2.18029,1.0,,,,
240.0,45.0,91.0,0.49467,12.66667,36.66667,0.34767,13.33333,21.66667,0.61433,8.66667,39.0,47.66667,26.33333,9.33333,5.33333,17.0,17.33333,116.0,240.0,45.66667,96.33333,0.47233,11.33333,31.33333,0.35733,11.66667,15.66667,0.739,9.33333,33.66667,43.0,26.33333,7.33333,5.0,15.33333,16.66667,114.33333,1,-0.02446,0.02446,0.24762,0.26309,0.53105,0.56385,0.57222,0.60522,1481.63988,1533.52858,0.57739,0.42261,1.75243,2.42313,0.66667,240.0,40.33333,83.66667,0.48367,13.0,29.0,0.474,18.33333,25.0,0.738,6.0,37.0,43.0,25.0,5.33333,2.66667,14.66667,20.66667,112.0,240.0,41.33333,92.0,0.44867,13.66667,38.0,0.362,23.33333,26.33333,0.896,12.0,35.33333,47.33333,26.33333,8.66667,6.33333,10.0,23.0,119.66667,1,0.10455,-0.10455,0.32927,0.1663,0.52283,0.56087,0.61164,0.62884,1585.08137,1502.27013,0.39457,0.60543,2.53884,1.65298,1.0,,,,
240.0,35.33333,79.0,0.44733,10.66667,28.0,0.371,13.33333,15.66667,0.85767,7.0,33.33333,40.33333,23.33333,8.33333,7.33333,16.0,23.0,94.66667,240.0,35.0,82.66667,0.42567,12.66667,32.66667,0.392,21.0,25.33333,0.83767,10.0,32.33333,42.33333,21.33333,9.66667,4.66667,13.33333,19.0,103.66667,1,0.13035,-0.13035,0.32239,0.22569,0.50204,0.51442,0.58953,0.57415,1528.02791,1499.88442,0.47491,0.52509,2.12842,1.92176,1.0,240.0,43.0,97.33333,0.442,8.66667,29.33333,0.293,12.66667,16.33333,0.75633,13.0,37.66667,50.66667,24.66667,8.33333,5.0,13.0,22.33333,107.33333,240.0,42.0,90.0,0.46667,12.0,34.33333,0.349,17.66667,26.0,0.67233,8.66667,36.66667,45.33333,24.33333,7.33333,4.66667,12.0,15.0,113.66667,1,0.08208,-0.08208,0.23212,0.35577,0.53367,0.48676,0.59383,0.53252,1535.17001,1490.68621,0.44283,0.55717,2.28828,1.81089,1.0,,,,
248.33333,41.33333,93.0,0.44533,10.66667,34.0,0.31633,22.33333,26.33333,0.84833,10.66667,33.0,43.66667,22.33333,8.66667,3.0,12.66667,22.0,115.66667,248.33333,42.0,85.66667,0.49,13.33333,36.0,0.36567,24.33333,33.0,0.73633,11.33333,36.66667,48.0,22.33333,7.0,5.0,15.33333,23.33333,121.66667,1,0.07722,-0.07722,0.35028,0.29796,0.56761,0.50359,0.65458,0.5873,1481.85572,1580.86657,0.64956,0.35044,1.54562,2.89264,0.66667,240.0,34.66667,82.66667,0.42433,12.33333,35.0,0.34867,15.66667,19.33333,0.80067,13.0,33.33333,46.33333,24.0,5.66667,3.66667,14.66667,21.0,97.33333,240.0,37.0,76.66667,0.485,6.0,24.66667,0.24,16.33333,22.0,0.73867,6.33333,28.0,34.33333,21.0,8.0,6.66667,11.0,18.66667,96.33333,1,-0.01045,0.01045,0.18867,0.46771,0.52376,0.50074,0.59287,0.56739,1512.55192,1446.06535,0.40644,0.59356,2.54882,1.70771,0.33333,,,,
240.0,39.0,86.0,0.45433,13.66667,35.0,0.39567,14.0,20.0,0.70067,15.0,33.66667,48.66667,26.33333,6.66667,5.0,15.0,22.33333,105.66667,240.0,33.0,79.66667,0.41433,10.33333,31.0,0.33133,18.33333,24.66667,0.748,11.0,26.33333,37.33333,20.66667,8.33333,5.0,12.0,19.66667,94.66667,1,-0.15637,0.15637,0.33069,0.57319,0.47938,0.53434,0.55783,0.58578,1492.93255,1486.62686,0.47492,0.52508,2.14956,1.94289,0.0,240.0,44.66667,87.66667,0.51233,11.33333,30.0,0.4,17.33333,21.66667,0.806,11.0,37.0,48.0,28.0,7.0,6.0,10.0,18.0,118.0,240.0,38.0,86.33333,0.44,10.66667,29.66667,0.355,13.0,17.33333,0.73167,8.66667,29.33333,38.0,21.0,6.66667,1.33333,12.66667,21.33333,99.66667,1,-0.24334,0.24334,0.23148,0.3715,0.50172,0.57735,0.55239,0.64168,1381.80703,1509.84392,0.64457,0.35543,1.6028,3.09484,0.0,,,,
240.0,38.33333,87.0,0.446,11.66667,35.33333,0.34367,14.66667,18.0,0.79833,9.0,34.0,43.0,16.66667,4.66667,3.33333,14.0,20.33333,103.0,240.0,43.33333,88.0,0.492,10.33333,27.0,0.38233,19.33333,24.0,0.82033,8.66667,36.33333,45.0,27.66667,9.0,5.0,9.0,16.66667,116.33333,1,0.17731,-0.17731,0.25716,0.2588,0.55013,0.51542,0.62172,0.5732,1546.48843,1614.03086,0.62081,0.37919,1.6152,2.6551,1.0,240.0,32.66667,84.0,0.38833,13.66667,41.66667,0.34733,18.0,24.0,0.748,8.33333,35.66667,44.0,20.66667,5.66667,5.33333,11.33333,18.33333,97.0,240.0,36.0,91.0,0.39567,10.33333,35.33333,0.29567,12.66667,20.66667,0.56133,15.66667,39.33333,55.0,21.0,7.33333,6.0,12.0,18.33333,95.0,1,-0.0273,0.0273,0.45599,0.2268,0.4524,0.46976,0.49696,0.54303,1477.65726,1535.66939,0.57775,0.42225,1.76141,2.46424,0.66667,,,,
240.0,37.33333,84.33333,0.44367,10.33333,38.33333,0.26567,20.33333,28.0,0.72967,7.66667,43.66667,51.33333,22.66667,6.0,7.66667,14.33333,22.66667,105.33333,240.0,34.66667,92.33333,0.376,9.33333,31.66667,0.29433,20.0,26.66667,0.752,11.66667,38.33333,50.0,20.33333,8.66667,3.0,10.33333,19.66667,98.66667,1,-0.08404,0.08404,0.26659,0.2269,0.42661,0.50609,0.50265,0.58364,1476.60837,1615.79046,0.67719,0.32281,1.51229,3.44742,0.33333,240.0,40.0,85.33333,0.46833,8.33333,28.33333,0.28933,20.66667,27.33333,0.76533,8.66667,32.0,40.66667,26.0,9.0,3.33333,11.66667,24.66667,109.0,240.0,36.66667,77.33333,0.47333,19.33333,44.33333,0.43567,29.0,38.0,0.766,9.0,36.0,45.0,21.33333,5.66667,3.66667,13.66667,23.33333,121.66667,1,0.15869,-0.15869,0.28442,0.25812,0.59919,0.51799,0.71117,0.59737,1532.77663,1541.87701,0.53577,0.46423,1.88701,2.18433,1.0,,,,
240.0,37.66667,87.33333,0.43267,9.0,27.66667,0.335,19.33333,25.66667,0.74767,8.66667,31.33333,40.0,23.33333,10.0,4.66667,12.66667,20.33333,103.66667,240.0,43.33333,89.0,0.48767,12.33333,28.66667,0.419,15.33333,20.0,0.765,10.33333,38.33333,48.66667,27.66667,5.66667,6.66667,14.66667,23.66667,114.33333,1,0.14202,-0.14202,0.33268,0.22415,0.55709,0.48492,0.61294,0.56018,1496.31705,1506.27154,0.52894,0.47106,2.03721,2.3886,0.66667,240.0,34.0,82.66667,0.41333,10.66667,31.66667,0.33133,16.0,21.33333,0.75567,10.0,34.66667,44.66667,23.66667,7.66667,3.66667,12.33333,17.0,94.66667,240.0,35.66667,80.66667,0.44233,6.33333,21.33333,0.29867,13.0,16.33333,0.81033,8.33333,34.66667,43.0,20.0,7.33333,4.66667,14.0,20.0,90.66667,1,-0.05168,0.05168,0.2401,0.28448,0.48195,0.47702,0.54023,0.54448,1370.89466,1467.3492,0.63329,0.36671,1.58065,2.73552,0.33333,,,,
240.0,43.66667,92.0,0.47467,7.66667,23.66667,0.31367,17.0,24.0,0.725,10.0,28.33333,38.33333,28.0,8.33333,1.33333,10.33333,18.33333,112.0,240.0,45.0,83.0,0.54167,14.66667,31.33333,0.467,19.0,21.33333,0.89533,8.33333,33.0,41.33333,28.66667,6.66667,4.66667,14.66667,22.0,123.66667,1,0.14317,-0.14317,0.29701,0.29785,0.63012,0.51672,0.70492,0.57641,1511.73786,1579.83202,0.60727,0.39273,1.73861,3.14607,0.66667,240.0,43.66667,90.66667,0.48133,8.33333,29.33333,0.28867,21.33333,28.33333,0.75933,8.33333,41.33333,49.66667,26.0,7.0,4.66667,10.33333,19.0,117.0,240.0,38.66667,93.33333,0.41767,8.33333,30.33333,0.27633,18.33333,24.66667,0.74733,11.66667,35.66667,47.33333,17.33333,5.66667,2.0,12.33333,22.66667,104.0,1,-0.16946,0.16946,0.27863,0.24813,0.46242,0.52709,0.52953,0.60346,1378.18485,1450.83126,0.56666,0.43334,1.90039,2.8657,0.0,,,,
248.33333,40.66667,91.0,0.44933,13.66667,35.0,0.39367,20.33333,29.66667,0.68467,10.0,34.66667,44.66667,23.0,5.66667,3.66667,12.66667,18.66667,115.33333,248.33333,46.0,99.33333,0.46267,10.0,34.66667,0.27067,16.33333,20.0,0.81967,14.0,38.0,52.0,28.33333,6.33333,5.66667,11.0,25.66667,118.33333,0,0.03689,-0.03689,0.43786,0.27842,0.51297,0.52628,0.57057,0.59606,1542.58398,1498.62204,0.43762,0.56238,2.30931,1.78854,1.0,240.0,39.0,81.0,0.48267,11.66667,24.66667,0.46767,15.0,21.66667,0.69967,8.33333,33.33333,41.66667,21.0,8.66667,5.33333,21.33333,25.33333,104.66667,240.0,42.66667,89.66667,0.476,8.66667,22.66667,0.38333,20.33333,26.33333,0.76633,11.66667,33.0,44.66667,22.33333,10.33333,6.33333,14.33333,22.66667,114.33333,0,0.12976,-0.12976,0.36956,0.25549,0.52418,0.55525,0.59874,0.61148,1588.53826,1452.29386,0.32556,0.67444,3.2309,1.49647,0.66667,,,,
240.0,36.66667,84.66667,0.43933,9.66667,31.33333,0.317,14.33333,20.33333,0.70867,10.0,35.33333,45.33333,24.33333,5.0,6.33333,10.66667,17.66667,97.33333,240.0,37.0,82.0,0.451,7.66667,20.33333,0.36733,18.0,22.33333,0.755,6.66667,36.0,42.66667,23.33333,7.0,2.33333,8.66667,18.0,99.66667,0,0.02561,-0.02561,0.19042,0.26341,0.49715,0.49693,0.57116,0.55281,1424.07697,1438.33866,0.52817,0.47183,1.96462,2.19852,0.66667,256.66667,43.66667,94.66667,0.46033,16.66667,40.33333,0.414,15.0,23.66667,0.63633,10.33333,36.33333,46.66667,26.0,6.0,4.0,17.0,28.33333,119.0,256.66667,45.66667,99.0,0.462,10.0,30.66667,0.329,23.66667,32.33333,0.74933,12.66667,38.66667,51.33333,29.0,10.66667,6.66667,10.66667,25.66667,125.0,0,0.07527,-0.07527,0.34652,0.29552,0.51259,0.54858,0.58989,0.59511,1519.45087,1445.03252,0.40739,0.59261,2.56939,1.71707,0.33333,,,,
240.0,45.33333,96.33333,0.47033,10.33333,29.0,0.35533,15.0,23.33333,0.64433,14.66667,41.66667,56.33333,23.0,10.33333,7.33333,16.33333,22.33333,116.0,240.0,41.66667,94.33333,0.44167,12.66667,37.33333,0.34133,14.66667,22.66667,0.64167,12.33333,34.66667,47.0,27.0,9.33333,4.33333,15.0,20.66667,110.66667,1,-0.06192,0.06192,0.31363,0.42241,0.50859,0.52363,0.557,0.57089,1509.60769,1597.93388,0.61452,0.38548,1.62999,2.6053,0.33333,248.33333,38.33333,86.33333,0.444,6.33333,29.66667,0.22833,20.66667,28.33333,0.73067,11.66667,33.66667,45.33333,22.33333,8.33333,4.0,17.33333,19.66667,103.66667,248.33333,41.66667,92.0,0.45267,9.33333,26.66667,0.35033,15.66667,19.33333,0.811,11.0,32.66667,43.66667,27.0,11.66667,6.66667,14.33333,26.0,108.33333,1,0.07268,-0.07268,0.32895,0.36944,0.50332,0.48093,0.56242,0.56088,1349.64491,1510.66203,0.72879,0.27121,1.37224,3.68903,0.66667,,,,
240.0,38.0,87.33333,0.436,8.33333,21.66667,0.388,19.0,24.33333,0.77933,7.0,32.66667,39.66667,20.33333,7.66667,5.33333,12.33333,23.66667,103.33333,240.0,40.66667,82.66667,0.49167,10.33333,26.66667,0.38367,20.33333,28.66667,0.67833,8.66667,37.0,45.66667,22.0,7.0,7.0,13.0,21.33333,112.0,1,0.12973,-0.12973,0.27054,0.19238,0.55407,0.48359,0.62825,0.55696,1519.44599,1513.27799,0.50778,0.49222,1.98003,2.04315,0.66667,240.0,44.0,85.66667,0.516,15.0,31.66667,0.512,20.33333,28.0,0.72567,7.33333,38.33333,45.66667,26.0,5.0,2.33333,13.33333,19.66667,123.33333,240.0,41.66667,94.66667,0.44,12.66667,39.66667,0.31633,20.66667,24.33333,0.85367,12.33333,33.33333,45.66667,28.0,7.0,5.0,11.0,23.66667,116.66667,1,-0.08634,0.08634,0.33226,0.21445,0.50653,0.60401,0.58248,0.67475,1579.24889,1516.30792,0.39437,0.60563,2.53998,1.65239,0.66667,,,,
240.0,34.33333,85.0,0.40567,8.33333,31.0,0.26767,22.66667,29.66667,0.768,11.0,35.33333,46.33333,23.33333,11.0,4.0,17.66667,24.0,99.66667,240.0,36.33333,81.0,0.45,10.33333,27.33333,0.38767,23.66667,30.0,0.80233,8.33333,35.0,43.33333,19.66667,10.66667,6.33333,18.66667,25.66667,106.66667,1,0.09743,-0.09743,0.23383,0.32384,0.51447,0.45489,0.60986,0.54577,1514.92849,1520.37518,0.51446,0.48554,1.99845,2.11832,1.0,240.0,38.66667,82.33333,0.47133,11.33333,24.66667,0.45067,17.66667,20.66667,0.85667,9.0,28.66667,37.66667,22.33333,9.33333,7.0,14.0,21.66667,106.33333,240.0,40.66667,84.0,0.48267,11.33333,28.66667,0.40233,20.66667,23.66667,0.87933,12.66667,32.0,44.66667,22.66667,9.66667,5.66667,16.0,19.33333,113.33333,1,0.09366,-0.09366,0.44459,0.28067,0.54997,0.54182,0.63432,0.61528,1525.42621,1548.40206,0.54245,0.45755,1.87866,2.25671,1.0,,,,
240.0,44.33333,88.66667,0.50133,12.33333,36.33333,0.34167,14.66667,22.66667,0.639,7.33333,39.33333,46.66667,24.0,7.0,4.33333,16.0,17.33333,115.66667,240.0,45.33333,96.66667,0.46733,12.0,33.66667,0.36033,12.0,16.66667,0.71533,8.66667,34.0,42.66667,28.33333,8.0,3.33333,13.66667,17.33333,114.66667,0,-0.0159,0.0159,0.23045,0.21481,0.52939,0.57075,0.57098,0.61868,1499.91951,1532.68346,0.54755,0.45245,1.89385,2.31952,0.66667,240.0,44.0,92.0,0.477,11.66667,30.0,0.379,16.33333,21.66667,0.78367,12.66667,43.33333,56.0,25.66667,7.0,7.66667,15.66667,26.0,116.0,240.0,38.0,93.66667,0.40467,14.0,35.33333,0.4,22.33333,31.66667,0.706,11.33333,33.66667,45.0,26.33333,8.66667,4.66667,10.33333,18.0,112.33333,0,-0.04026,0.04026,0.26751,0.37597,0.47982,0.54208,0.55754,0.59924,1472.36815,1542.62939,0.58918,0.41082,1.70678,2.46334,0.66667,,,,
240.0,35.66667,88.0,0.40533,10.33333,31.66667,0.32467,16.33333,24.0,0.66667,7.66667,37.33333,45.0,22.33333,7.0,5.0,13.0,17.66667,98.0,240.0,44.0,94.0,0.46833,9.0,27.33333,0.33467,15.33333,22.0,0.69067,10.0,44.66667,54.66667,24.33333,7.33333,3.66667,9.0,19.66667,112.33333,0,0.19597,-0.19597,0.27371,0.17578,0.51642,0.4641,0.56903,0.52556,1506.17758,1425.35107,0.41492,0.58508,2.41728,1.7118,1.0,240.0,36.66667,87.0,0.42167,12.33333,30.0,0.41033,16.66667,22.0,0.76833,9.33333,32.0,41.33333,22.66667,8.0,3.66667,13.33333,20.0,102.33333,240.0,43.33333,87.33333,0.49533,13.33333,33.33333,0.402,14.33333,21.33333,0.683,12.0,39.0,51.0,23.0,8.66667,5.66667,16.66667,21.66667,114.33333,0,0.15458,-0.15458,0.38722,0.24468,0.57154,0.4929,0.62105,0.55809,1544.9949,1470.70598,0.40541,0.59459,2.6394,1.72157,0.66667,,,,
240.0,42.0,87.33333,0.48167,13.33333,32.0,0.41633,19.0,27.0,0.71167,13.0,30.66667,43.66667,31.33333,7.66667,3.66667,18.0,19.66667,116.33333,240.0,45.33333,89.0,0.50967,14.33333,35.33333,0.39433,21.66667,25.66667,0.839,9.0,31.33333,40.33333,27.33333,11.66667,5.0,15.33333,21.33333,126.66667,1,0.11539,-0.11539,0.32228,0.41011,0.58922,0.55813,0.66799,0.62469,1481.12446,1363.88219,0.35625,0.64375,3.05279,1.59118,0.66667,240.0,41.66667,87.0,0.48233,10.0,29.33333,0.34433,15.66667,20.33333,0.75867,8.33333,34.33333,42.66667,26.33333,8.0,7.33333,14.0,21.0,109.0,240.0,40.33333,88.66667,0.45667,11.0,31.33333,0.34767,16.66667,24.66667,0.68533,12.33333,34.33333,46.66667,26.0,7.0,4.66667,14.66667,21.0,108.33333,1,-0.00813,0.00813,0.35363,0.24177,0.51914,0.5405,0.57888,0.6003,1484.76672,1580.13812,0.63452,0.36548,1.58218,2.76588,0.33333,,,,
240.0,41.33333,89.66667,0.46067,9.0,33.0,0.26967,18.66667,25.0,0.758,8.66667,39.0,47.66667,24.66667,9.33333,6.33333,12.0,20.33333,110.33333,240.0,35.66667,88.0,0.40833,14.66667,36.66667,0.39867,19.66667,24.33333,0.80133,11.66667,37.0,48.66667,21.33333,6.0,4.33333,16.0,20.0,105.66667,1,-0.06529,0.06529,0.29138,0.24188,0.49399,0.51103,0.57117,0.57959,1456.40307,1633.19347,0.72976,0.27024,1.38113,3.90228,0.33333,240.0,39.0,85.0,0.46033,7.66667,28.0,0.28167,20.66667,29.66667,0.692,10.66667,30.66667,41.33333,28.33333,11.0,4.0,13.66667,19.0,106.33333,240.0,43.66667,92.66667,0.47267,12.33333,32.33333,0.38633,13.0,18.66667,0.71567,14.0,37.0,51.0,28.33333,7.33333,4.0,16.33333,23.66667,112.66667,1,0.10584,-0.10584,0.45402,0.29259,0.53946,0.50586,0.58391,0.58223,1365.0938,1477.41634,0.66283,0.33717,1.58005,3.38753,0.66667,,,,
240.0,37.33333,82.33333,0.452,15.66667,38.33333,0.41233,21.66667,28.33333,0.78367,9.33333,39.0,48.33333,23.66667,7.66667,4.33333,17.33333,21.66667,112.0,240.0,40.66667,96.33333,0.42033,5.33333,26.33333,0.204,20.0,27.0,0.746,14.33333,32.66667,47.0,22.33333,8.0,3.33333,11.66667,26.0,106.66667,0,-0.08486,0.08486,0.41032,0.2917,0.44793,0.54731,0.51872,0.63305,1553.18457,1497.1799,0.41507,0.58493,2.43975,1.71918,0.66667,248.33333,38.66667,88.0,0.44033,10.0,31.66667,0.30967,19.0,25.33333,0.746,8.66667,33.66667,42.33333,24.33333,7.33333,3.66667,14.0,18.0,106.33333,248.33333,44.33333,90.0,0.503,13.0,36.66667,0.358,16.66667,20.0,0.839,9.0,36.0,45.0,28.33333,8.66667,5.66667,13.0,21.33333,118.33333,0,0.15579,-0.15579,0.26161,0.24365,0.57604,0.49657,0.63787,0.56813,1584.95235,1520.57638,0.42925,0.57075,2.33185,1.75301,1.0,,,,
240.0,35.0,77.0,0.457,8.66667,26.66667,0.32267,24.66667,29.33333,0.83667,7.66667,35.66667,43.33333,19.33333,5.66667,4.33333,14.33333,19.0,103.33333,240.0,43.66667,94.0,0.46633,9.66667,26.66667,0.35933,8.66667,12.0,0.71667,10.33333,31.33333,41.66667,23.66667,7.33333,5.33333,11.0,24.66667,105.66667,0,0.04021,-0.04021,0.29262,0.24528,0.51764,0.51444,0.54804,0.62078,1470.70885,1473.75682,0.50932,0.49068,2.04644,2.1621,0.33333,240.0,38.33333,95.0,0.40433,14.0,34.33333,0.40133,10.33333,15.33333,0.674,8.33333,35.0,43.33333,24.33333,6.33333,5.0,11.33333,19.0,101.0,240.0,42.33333,91.33333,0.46533,13.0,33.66667,0.385,16.66667,20.66667,0.80933,10.66667,43.66667,54.33333,22.66667,6.33333,6.0,14.33333,18.66667,114.33333,0,0.18358,-0.18358,0.30461,0.19026,0.53624,0.47863,0.59791,0.51471,1618.83129,1432.49651,0.27443,0.72557,3.9966,1.40129,1.0,,,,
240.0,43.33333,87.66667,0.494,10.33333,28.33333,0.35933,21.33333,28.0,0.76867,12.0,32.66667,44.66667,22.0,8.33333,3.0,16.0,22.66667,118.33333,240.0,46.0,92.66667,0.49833,12.33333,33.66667,0.37,17.66667,21.0,0.84,9.66667,31.66667,41.33333,29.33333,8.66667,5.33333,11.0,20.66667,122.0,0,0.04387,-0.04387,0.28993,0.38036,0.56458,0.55304,0.62916,0.6308,1442.97471,1511.3297,0.59716,0.40284,1.74406,2.66466,0.66667,240.0,39.66667,87.66667,0.45333,9.0,26.66667,0.33767,24.0,31.0,0.77467,12.66667,40.0,52.66667,25.33333,7.66667,6.0,15.66667,23.66667,112.33333,240.0,39.33333,88.66667,0.44367,7.33333,22.33333,0.338,24.0,31.66667,0.75933,10.0,34.66667,44.66667,20.0,8.66667,2.33333,12.33333,25.0,110.0,0,-0.02267,0.02267,0.2516,0.37938,0.48534,0.50443,0.57614,0.59489,1511.76476,1504.92743,0.48648,0.51352,2.10211,1.97982,0.33333,,,,
240.0,37.66667,86.66667,0.43767,9.33333,25.33333,0.37333,14.0,19.0,0.71667,11.33333,31.33333,42.66667,21.0,7.33333,4.0,11.33333,20.66667,98.66667,240.0,43.66667,85.0,0.51267,8.0,26.0,0.30567,15.0,19.66667,0.74167,9.66667,33.33333,43.0,22.33333,6.66667,6.33333,10.66667,17.66667,110.33333,0,0.15828,-0.15828,0.31862,0.35767,0.55895,0.49163,0.61708,0.54576,1548.52613,1372.49396,0.27984,0.72016,3.72595,1.39582,1.0,240.0,32.33333,81.66667,0.397,13.33333,42.33333,0.325,19.33333,25.0,0.77333,8.0,36.0,44.0,19.66667,6.66667,4.66667,13.0,19.33333,97.33333,240.0,37.66667,88.33333,0.429,10.33333,33.33333,0.31933,14.0,23.0,0.59467,12.33333,38.66667,51.0,24.0,8.33333,4.33333,11.0,17.66667,99.66667,0,0.03767,-0.03767,0.34993,0.22346,0.48802,0.47889,0.53649,0.55961,1489.60589,1577.05757,0.62584,0.37416,1.61292,2.73656,0.66667,,,,
240.0,45.33333,94.0,0.48267,8.33333,25.0,0.33667,12.33333,18.66667,0.665,12.33333,38.33333,50.66667,21.33333,11.66667,6.66667,16.0,18.66667,111.33333,240.0,41.66667,93.33333,0.44633,11.33333,35.66667,0.31733,12.33333,17.0,0.732,11.33333,32.66667,44.0,25.0,11.0,5.0,16.33333,20.66667,107.0,0,-0.05726,0.05726,0.30559,0.3764,0.50662,0.52695,0.55093,0.56804,1474.49532,1600.08909,0.66076,0.33924,1.53872,3.21095,0.33333,240.0,43.66667,93.66667,0.466,10.66667,30.33333,0.35567,17.33333,21.66667,0.79533,11.33333,32.0,43.33333,22.0,5.66667,3.66667,13.33333,27.66667,115.33333,240.0,38.0,84.0,0.455,11.0,34.66667,0.31767,29.33333,37.33333,0.78667,9.33333,35.66667,45.0,22.33333,7.33333,7.66667,13.33333,19.66667,116.33333,0,0.01354,-0.01354,0.2791,0.32717,0.52192,0.52338,0.63567,0.58582,1505.37782,1468.0118,0.44798,0.55202,2.36245,1.86669,0.66667,,,,
240.0,39.33333,87.66667,0.455,15.0,35.33333,0.418,18.33333,24.66667,0.74033,11.33333,30.0,41.33333,27.0,10.0,3.66667,14.0,17.66667,112.0,240.0,48.0,91.0,0.527,10.33333,27.0,0.39733,14.0,17.66667,0.78567,10.66667,37.0,47.66667,28.66667,9.33333,4.66667,12.66667,20.33333,120.33333,1,0.10327,-0.10327,0.3787,0.31938,0.58385,0.543,0.6339,0.60989,1470.26194,1553.35284,0.63266,0.36734,1.61061,2.89579,0.66667,248.33333,42.66667,90.66667,0.47067,8.33333,27.66667,0.304,21.66667,27.0,0.79467,10.33333,43.0,53.33333,24.33333,8.0,8.0,15.66667,22.33333,115.33333,248.33333,43.66667,105.33333,0.41633,11.66667,31.0,0.37667,16.66667,22.0,0.76233,14.0,36.33333,50.33333,25.0,10.66667,4.33333,12.0,21.33333,115.66667,1,0.00249,-0.00249,0.33255,0.28448,0.47183,0.51717,0.5272,0.5974,1469.31542,1528.26733,0.58392,0.41608,1.71423,2.40799,0.66667,,,,
240.0,35.0,89.66667,0.391,12.66667,31.33333,0.40367,18.0,23.0,0.77067,7.33333,30.33333,37.66667,20.0,6.66667,3.0,11.0,19.33333,100.66667,240.0,46.66667,91.33333,0.51133,14.0,32.66667,0.42933,16.66667,20.0,0.82533,11.66667,44.33333,56.0,27.0,6.0,7.0,13.66667,21.0,124.0,0,0.29965,-0.29965,0.39307,0.16347,0.58816,0.46194,0.6485,0.53286,1564.2201,1367.2805,0.26424,0.73576,3.94975,1.36599,1.0,240.0,38.33333,87.66667,0.43733,10.0,33.0,0.30033,14.33333,21.33333,0.65333,10.33333,30.33333,40.66667,20.66667,9.0,2.66667,9.66667,17.33333,101.0,240.0,41.66667,86.66667,0.47967,10.66667,29.33333,0.364,13.66667,17.0,0.805,12.66667,35.0,47.66667,27.66667,6.33333,3.66667,14.33333,20.66667,107.66667,0,0.09377,-0.09377,0.441,0.2957,0.54074,0.49474,0.59394,0.54641,1566.11452,1551.08835,0.48519,0.51481,2.10706,1.98227,1.0,,,,
240.0,36.66667,89.0,0.41267,12.0,34.66667,0.34067,16.66667,22.0,0.75533,12.66667,32.66667,45.33333,22.33333,6.66667,2.33333,10.66667,21.33333,102.0,240.0,41.0,80.66667,0.50933,7.0,23.0,0.29467,19.0,23.66667,0.80933,7.33333,36.66667,44.0,23.33333,5.33333,5.0,12.33333,20.33333,108.0,0,0.07575,-0.07575,0.2219,0.34503,0.55239,0.48105,0.62889,0.54442,1523.955,1471.9204,0.43418,0.56582,2.45866,1.82491,0.66667,240.0,41.0,99.66667,0.413,10.33333,34.0,0.30167,21.0,28.0,0.74133,13.0,42.0,55.0,22.0,9.33333,4.66667,10.0,22.33333,113.33333,240.0,42.33333,95.0,0.445,11.0,36.0,0.299,15.33333,24.0,0.648,10.66667,42.33333,53.0,25.66667,6.33333,7.0,15.66667,23.33333,111.0,0,-0.03303,0.03303,0.26087,0.30291,0.50203,0.4654,0.55277,0.53768,1535.22102,1481.72583,0.42495,0.57505,2.64444,1.86207,0.33333,,,,
240.0,40.66667,90.33333,0.45267,12.33333,32.0,0.39267,22.33333,27.33333,0.83833,10.0,40.0,50.0,25.66667,8.0,4.33333,14.0,20.66667,116.0,240.0,40.33333,93.33333,0.432,13.33333,39.0,0.33733,18.66667,23.0,0.812,9.33333,37.33333,46.66667,27.0,6.33333,4.33333,14.0,20.33333,112.66667,1,-0.03981,0.03981,0.23867,0.26984,0.50292,0.52136,0.57182,0.60442,1503.06679,1577.07911,0.59936,0.40064,1.66887,2.49751,0.33333,240.0,44.0,89.0,0.49867,10.66667,30.0,0.35467,14.33333,19.33333,0.73267,10.66667,32.66667,43.33333,26.33333,10.66667,3.66667,16.0,17.33333,113.0,240.0,43.0,90.33333,0.47567,9.66667,28.66667,0.33667,13.33333,16.66667,0.79367,10.0,30.66667,40.66667,27.0,11.0,6.33333,15.0,20.33333,109.0,1,-0.04873,0.04873,0.31696,0.3608,0.52926,0.56248,0.57973,0.61449,1362.47322,1555.20917,0.75009,0.24991,1.33473,4.04671,0.33333,,,,
248.33333,37.66667,81.33333,0.46433,10.0,25.66667,0.392,19.33333,26.33333,0.726,9.66667,33.0,42.66667,22.0,6.33333,3.0,20.33333,20.33333,104.66667,248.33333,45.66667,89.0,0.515,9.33333,23.0,0.408,17.33333,22.66667,0.76667,9.0,33.33333,42.33333,27.33333,12.33333,7.33333,12.33333,23.0,118.0,0,0.18535,-0.18535,0.27507,0.28674,0.5677,0.52686,0.62997,0.60171,1473.67048,1498.44355,0.54862,0.45138,1.95876,2.4854,0.66667,240.0,40.66667,87.33333,0.46567,10.0,30.66667,0.32,16.0,21.66667,0.75433,7.66667,37.33333,45.0,26.33333,9.0,3.33333,13.33333,18.0,107.33333,240.0,40.33333,88.33333,0.45667,11.0,33.33333,0.32233,16.0,18.66667,0.83967,8.66667,36.66667,45.33333,28.33333,7.33333,7.66667,14.0,20.0,107.66667,0,0.00336,-0.00336,0.238,0.20777,0.51793,0.52186,0.58126,0.58167,1580.90791,1542.09162,0.44387,0.55613,2.30202,1.82675,0.66667,,,,
240.0,34.33333,80.33333,0.42867,15.33333,46.0,0.33433,18.66667,22.66667,0.831,8.0,29.66667,37.66667,21.0,5.33333,2.66667,10.66667,21.33333,102.66667,240.0,39.0,83.66667,0.47133,8.66667,30.66667,0.28267,15.0,22.33333,0.70233,13.33333,33.33333,46.66667,21.0,7.66667,4.33333,12.66667,18.0,101.66667,1,-0.01482,0.01482,0.44817,0.24512,0.52281,0.5242,0.57896,0.60422,1499.062,1500.0763,0.49788,0.50212,2.01748,2.00111,0.66667,240.0,39.0,85.33333,0.45833,12.66667,36.66667,0.35233,18.66667,27.66667,0.67433,14.0,31.0,45.0,21.33333,7.66667,5.33333,17.33333,23.33333,109.33333,240.0,41.33333,93.0,0.443,7.0,25.66667,0.25233,19.66667,24.66667,0.79333,16.0,31.66667,47.66667,25.66667,11.0,4.0,12.66667,25.66667,109.33333,1,-0.00406,0.00406,0.53175,0.47496,0.48209,0.5335,0.55451,0.60034,1536.79302,1522.18686,0.47528,0.52472,2.14147,1.93717,0.66667,,,,
240.0,37.33333,82.66667,0.451,13.0,28.33333,0.457,11.66667,14.33333,0.81267,9.33333,31.66667,41.0,23.33333,9.33333,8.33333,13.66667,22.0,99.33333,240.0,35.0,79.33333,0.445,12.0,32.33333,0.374,18.0,23.66667,0.76867,10.0,32.0,42.0,22.66667,8.33333,5.66667,15.33333,18.0,100.0,0,0.01225,-0.01225,0.32993,0.29288,0.52008,0.52924,0.59459,0.5789,1508.56445,1500.06199,0.48728,0.51272,2.06317,1.9607,0.66667,240.0,41.0,89.0,0.46167,10.33333,28.33333,0.368,15.33333,21.0,0.703,9.66667,34.33333,44.0,25.0,8.0,7.66667,11.66667,20.33333,107.66667,240.0,40.66667,92.66667,0.44,17.0,47.66667,0.35667,17.66667,24.33333,0.71067,17.33333,38.33333,55.66667,19.0,5.66667,3.66667,13.66667,21.66667,116.0,0,0.10573,-0.10573,0.50538,0.25618,0.53221,0.52066,0.59353,0.57765,1520.67076,1570.05322,0.58214,0.41786,1.72407,2.40882,1.0,,,,
248.33333,38.33333,91.33333,0.42233,12.0,39.33333,0.31067,19.0,24.66667,0.77667,9.0,37.33333,46.33333,24.66667,9.33333,4.33333,14.33333,21.0,107.66667,248.33333,42.33333,92.33333,0.46367,12.33333,32.66667,0.4,18.66667,24.0,0.78367,10.66667,42.0,52.66667,22.66667,7.0,2.33333,15.33333,20.66667,115.66667,1,0.09812,-0.09812,0.28388,0.22287,0.5306,0.48866,0.5982,0.55965,1544.6172,1545.7002,0.50646,0.49354,2.00399,2.06237,0.66667,240.0,44.66667,96.0,0.46667,8.33333,28.0,0.29467,19.33333,23.66667,0.79,11.0,32.0,43.0,24.66667,9.33333,6.33333,12.33333,20.66667,117.0,240.0,45.66667,90.0,0.505,10.33333,22.66667,0.45967,21.66667,26.0,0.852,11.33333,37.33333,48.66667,24.33333,7.66667,4.33333,14.66667,22.66667,123.33333,1,0.07323,-0.07323,0.388,0.29269,0.56228,0.50951,0.64397,0.5805,1508.61566,1523.24931,0.53442,0.46558,1.9036,2.19903,0.66667,,,,
240.0,37.0,79.66667,0.46733,13.66667,26.33333,0.542,18.33333,25.0,0.72767,8.0,34.66667,42.66667,20.66667,4.0,2.0,19.33333,21.66667,106.0,240.0,44.0,88.66667,0.499,11.0,28.0,0.40467,22.33333,28.0,0.787,10.66667,33.66667,44.33333,24.33333,10.66667,7.0,9.66667,22.33333,121.33333,1,0.20877,-0.20877,0.30604,0.22939,0.5607,0.55333,0.64145,0.62455,1552.93959,1494.53631,0.43555,0.56445,2.35905,1.80719,1.0,240.0,42.66667,95.33333,0.44833,11.0,29.0,0.386,9.0,14.33333,0.63733,12.33333,36.33333,48.66667,26.66667,8.66667,6.66667,12.66667,21.0,105.33333,240.0,40.33333,85.66667,0.472,10.66667,31.33333,0.34033,15.0,22.33333,0.66733,8.66667,36.33333,45.0,26.33333,7.33333,6.33333,13.33333,14.33333,106.33333,1,0.01182,-0.01182,0.23831,0.33964,0.53473,0.50678,0.58879,0.53653,1532.57254,1508.61183,0.46548,0.53452,2.15935,1.87857,0.66667,,,,
240.0,38.33333,88.0,0.434,7.66667,34.0,0.231,19.66667,26.66667,0.74533,7.33333,42.0,49.33333,22.66667,8.66667,7.33333,12.0,21.0,104.0,240.0,33.66667,90.33333,0.373,12.0,36.33333,0.32133,20.0,25.33333,0.78333,13.33333,40.0,53.33333,19.33333,5.66667,4.33333,14.66667,20.33333,99.33333,0,-0.05883,0.05883,0.31807,0.19526,0.44087,0.47775,0.51975,0.55231,1464.73112,1624.56235,0.70965,0.29035,1.4204,3.6496,0.33333,240.0,41.33333,90.33333,0.45767,10.33333,29.66667,0.346,17.0,22.66667,0.727,13.33333,32.33333,45.66667,23.66667,8.66667,4.33333,18.0,22.66667,110.0,240.0,46.0,90.66667,0.50767,12.33333,31.0,0.40367,18.0,22.66667,0.792,10.0,33.0,43.0,30.0,11.33333,3.33333,13.33333,19.66667,122.33333,0,0.15929,-0.15929,0.3133,0.41743,0.57605,0.51496,0.63996,0.57764,1433.15893,1468.15696,0.57838,0.42162,1.80192,2.51365,1.0,,,,
248.33333,40.33333,91.0,0.442,10.66667,32.33333,0.32967,20.0,28.0,0.711,8.66667,33.0,41.66667,23.33333,6.66667,3.66667,11.0,18.0,111.33333,248.33333,45.0,92.33333,0.48833,15.66667,37.33333,0.42333,16.0,19.33333,0.821,9.66667,39.33333,49.0,32.33333,7.33333,4.33333,12.66667,21.0,121.66667,0,0.13139,-0.13139,0.29613,0.23063,0.57223,0.50037,0.63099,0.57189,1542.36325,1397.79038,0.31508,0.68492,3.19041,1.46156,0.66667,240.0,39.66667,92.33333,0.43033,16.0,39.33333,0.39933,8.66667,12.33333,0.73033,7.0,36.33333,43.33333,28.0,6.0,5.0,13.66667,19.0,104.0,240.0,40.33333,91.0,0.445,11.66667,36.0,0.33,16.33333,21.33333,0.77133,12.0,41.33333,53.33333,22.0,8.33333,3.33333,15.33333,21.0,108.66667,0,0.06132,-0.06132,0.32863,0.16908,0.50911,0.51797,0.56982,0.54882,1616.91776,1505.0824,0.35176,0.64824,3.07903,1.56974,0.66667,,,,
240.0,40.0,86.33333,0.46233,10.33333,26.66667,0.383,20.0,25.66667,0.78267,9.0,34.66667,43.66667,23.33333,8.0,3.66667,12.66667,19.0,110.33333,240.0,42.66667,90.66667,0.47267,11.33333,27.0,0.399,13.33333,18.66667,0.70667,10.66667,36.0,46.66667,25.0,5.66667,6.0,13.0,23.33333,110.0,1,-0.00876,0.00876,0.31046,0.25369,0.53594,0.52194,0.58305,0.59956,1504.77671,1508.24043,0.50855,0.49145,2.07992,2.17227,0.33333,240.0,33.0,81.33333,0.40667,11.66667,36.66667,0.331,18.0,22.33333,0.80567,8.33333,36.0,44.33333,20.0,6.66667,4.33333,15.0,16.66667,95.66667,240.0,41.66667,87.66667,0.47567,10.66667,30.66667,0.35,11.33333,17.0,0.64867,9.0,36.66667,45.66667,26.33333,9.0,4.66667,10.33333,18.66667,105.33333,1,0.13741,-0.13741,0.24892,0.24414,0.53699,0.47874,0.57703,0.55589,1498.5533,1522.31248,0.54655,0.45345,2.08507,2.48447,0.66667,,,,
240.0,42.0,89.0,0.474,10.0,27.0,0.363,19.0,24.66667,0.77,12.66667,34.33333,47.0,30.33333,7.33333,5.0,15.33333,21.66667,113.0,240.0,41.33333,85.0,0.485,11.33333,32.0,0.347,21.33333,28.0,0.749,6.33333,32.0,38.33333,25.0,8.66667,5.0,13.66667,22.66667,115.33333,1,0.01499,-0.01499,0.21026,0.39213,0.55111,0.53045,0.62971,0.60048,1445.504,1363.00033,0.39135,0.60865,2.61224,1.66063,0.33333,248.33333,41.33333,94.0,0.43967,15.33333,39.66667,0.383,14.66667,22.0,0.68633,9.0,31.66667,40.66667,24.33333,5.0,2.33333,12.66667,22.33333,112.66667,248.33333,47.0,96.0,0.492,10.33333,28.0,0.381,21.0,26.33333,0.78167,10.66667,41.66667,52.33333,31.0,8.0,7.33333,11.0,22.0,125.33333,1,0.15995,-0.15995,0.33989,0.22106,0.54647,0.52171,0.61776,0.56986,1524.09183,1496.3976,0.48565,0.51435,2.07015,1.95365,0.66667,,,,
240.0,39.66667,82.33333,0.48467,10.33333,25.66667,0.40533,29.33333,39.33333,0.74333,14.0,34.33333,48.33333,25.0,9.33333,4.33333,20.33333,26.0,119.0,240.0,44.0,91.0,0.485,9.66667,28.66667,0.335,23.33333,30.33333,0.767,12.0,27.0,39.0,22.0,12.66667,1.66667,15.33333,28.0,121.0,1,0.02808,-0.02808,0.35207,0.50889,0.53816,0.54778,0.62065,0.65691,1441.33446,1540.20479,0.64895,0.35105,1.56728,3.00692,0.33333,240.0,44.0,91.33333,0.481,9.33333,29.0,0.33167,17.33333,23.0,0.80867,10.66667,40.0,50.66667,27.0,7.0,3.33333,12.66667,17.33333,114.66667,240.0,38.33333,89.66667,0.43067,10.0,31.66667,0.31033,16.0,20.33333,0.79767,9.0,34.0,43.0,19.66667,6.66667,3.66667,14.0,21.66667,102.66667,1,-0.16023,0.16023,0.21937,0.33535,0.48683,0.53191,0.54859,0.59479,1364.44647,1518.68278,0.68501,0.31499,1.54433,3.80575,0.0,,,,
240.0,36.0,85.66667,0.41833,9.33333,34.66667,0.26933,16.33333,19.33333,0.827,7.33333,29.0,36.33333,20.66667,10.0,2.33333,16.0,19.0,97.66667,240.0,41.33333,89.33333,0.46333,10.66667,32.0,0.32933,15.33333,18.66667,0.83333,12.66667,37.66667,50.33333,25.66667,9.0,5.33333,18.66667,21.0,108.66667,1,0.15796,-0.15796,0.43699,0.19601,0.52422,0.47309,0.58412,0.54371,1530.08726,1423.0684,0.36803,0.63197,2.76503,1.59107,1.0,240.0,36.66667,80.66667,0.45333,12.0,29.0,0.417,18.66667,25.66667,0.72733,8.0,35.33333,43.33333,22.0,8.66667,5.0,21.33333,27.66667,104.0,240.0,44.0,94.0,0.46933,7.66667,23.33333,0.33033,22.66667,30.0,0.759,12.33333,34.33333,46.66667,21.0,10.33333,5.0,14.0,26.0,118.33333,1,0.18889,-0.18889,0.37395,0.23859,0.51053,0.52865,0.59,0.60302,1600.06981,1452.50136,0.31752,0.68248,3.29155,1.47656,0.66667,,,,
240.0,41.33333,85.33333,0.48967,10.0,29.33333,0.34733,12.33333,18.66667,0.66167,7.33333,34.0,41.33333,27.0,6.0,7.0,11.66667,17.0,105.0,240.0,41.66667,87.33333,0.47633,9.0,23.33333,0.38467,17.33333,21.33333,0.75767,7.0,37.0,44.0,25.33333,7.33333,1.0,10.0,17.66667,109.66667,0,0.04243,-0.04243,0.2133,0.19559,0.52802,0.54904,0.59354,0.59297,1473.218,1437.65012,0.46044,0.53956,2.23353,1.90119,0.66667,240.0,45.0,92.66667,0.48667,9.33333,26.33333,0.352,20.33333,26.33333,0.75567,12.33333,36.66667,49.0,26.0,8.33333,7.0,16.0,24.66667,119.66667,240.0,42.0,89.66667,0.467,8.66667,24.33333,0.35967,24.33333,31.66667,0.77367,11.0,32.66667,43.66667,21.0,9.33333,2.66667,14.0,24.66667,117.0,0,-0.03497,0.03497,0.31271,0.38732,0.51514,0.53706,0.60542,0.61042,1508.99333,1518.71265,0.50717,0.49283,1.9845,2.04162,0.33333,,,,
248.33333,40.33333,92.0,0.44033,13.0,37.33333,0.34767,14.33333,18.0,0.78,10.0,38.0,48.0,28.33333,5.33333,5.33333,14.0,19.0,108.0,248.33333,42.33333,93.66667,0.45467,11.33333,33.0,0.34867,17.66667,21.33333,0.844,9.66667,38.33333,48.0,22.66667,8.0,4.66667,10.33333,18.0,113.66667,0,0.07018,-0.07018,0.24344,0.26274,0.5147,0.51148,0.58118,0.56507,1544.81241,1537.88073,0.49414,0.50586,2.04138,1.99434,0.66667,248.33333,43.33333,89.33333,0.49,13.33333,30.0,0.44967,17.66667,24.33333,0.70767,6.33333,38.0,44.33333,28.0,5.66667,4.0,12.0,19.66667,117.66667,248.33333,41.0,94.0,0.434,10.0,33.66667,0.29733,13.33333,19.0,0.69333,10.33333,36.66667,47.0,21.33333,6.33333,5.33333,12.0,19.66667,105.33333,0,-0.17002,0.17002,0.27638,0.17456,0.48728,0.56593,0.53468,0.628,1504.89338,1536.9985,0.52548,0.47452,1.92101,2.13563,0.33333,,,,
248.33333,41.66667,93.66667,0.444,11.0,31.0,0.35767,16.0,22.33333,0.752,10.33333,34.0,44.33333,23.0,8.33333,5.33333,12.33333,17.66667,110.33333,248.33333,43.66667,93.33333,0.468,14.0,38.66667,0.35467,14.33333,18.0,0.79767,10.66667,38.33333,49.0,28.33333,7.66667,4.33333,13.66667,19.66667,115.66667,0,0.07373,-0.07373,0.31701,0.2758,0.54161,0.50247,0.59444,0.55816,1500.80568,1408.19901,0.38144,0.61856,2.79969,1.66769,0.66667,240.0,40.33333,84.33333,0.48133,10.33333,23.0,0.443,23.0,29.33333,0.753,9.33333,34.0,43.33333,25.33333,7.33333,2.66667,12.66667,23.0,114.0,240.0,41.66667,89.0,0.467,12.0,33.66667,0.36133,18.33333,26.0,0.716,14.33333,30.33333,44.66667,25.0,8.33333,4.33333,15.33333,23.33333,113.66667,0,-0.00363,0.00363,0.41667,0.30517,0.53467,0.54466,0.59986,0.63325,1526.92224,1505.41921,0.46934,0.53066,2.16207,1.90879,0.33333,,,,
265.0,48.0,101.0,0.47567,10.33333,29.66667,0.35133,22.0,27.33333,0.80933,14.66667,35.33333,50.0,26.66667,10.0,6.0,12.66667,22.33333,128.33333,265.0,44.66667,98.33333,0.452,12.33333,36.66667,0.33433,19.0,23.33333,0.82333,14.0,32.66667,46.66667,27.0,8.0,6.66667,16.33333,21.33333,120.66667,0,-0.09907,0.09907,0.40184,0.46514,0.51595,0.52704,0.58123,0.60031,1466.82535,1374.19298,0.35652,0.64348,3.05081,1.58322,0.33333,240.0,44.33333,85.66667,0.519,12.66667,31.66667,0.41033,15.66667,22.0,0.71933,7.33333,29.33333,36.66667,27.66667,8.33333,5.66667,13.0,22.33333,117.0,240.0,42.0,83.66667,0.49967,15.33333,35.0,0.44267,22.33333,28.66667,0.76633,8.33333,31.66667,40.0,29.66667,7.33333,3.33333,14.66667,20.66667,121.66667,0,0.0468,-0.0468,0.32609,0.23269,0.59254,0.59261,0.67559,0.64778,1479.83943,1487.12244,0.51846,0.48154,2.04831,2.19182,0.66667,,,,
248.33333,40.0,93.33333,0.434,10.66667,27.66667,0.40533,21.66667,26.66667,0.81267,9.33333,33.66667,43.0,22.0,6.33333,3.66667,12.33333,23.33333,112.33333,248.33333,44.33333,90.66667,0.495,12.0,33.33333,0.371,17.0,25.66667,0.58933,10.33333,38.0,48.33333,27.66667,7.33333,6.66667,14.0,20.33333,117.66667,1,0.07583,-0.07583,0.30407,0.24211,0.56155,0.49076,0.61878,0.57072,1535.87254,1506.23638,0.47102,0.52898,2.15954,1.9177,0.33333,240.0,42.0,87.33333,0.48067,10.66667,27.66667,0.377,16.0,20.33333,0.80567,9.66667,39.66667,49.33333,25.0,6.66667,7.33333,15.66667,24.33333,110.66667,240.0,40.0,96.33333,0.41367,13.0,33.66667,0.38767,20.66667,27.66667,0.75367,13.33333,33.33333,46.66667,25.33333,9.66667,4.66667,10.66667,18.66667,113.66667,1,0.03861,-0.03861,0.34221,0.2879,0.48176,0.54356,0.55432,0.60317,1471.31444,1524.71424,0.57601,0.42399,1.74041,2.36894,1.0,,,,
240.0,40.66667,85.66667,0.47767,11.33333,31.33333,0.36733,14.33333,18.0,0.78067,9.66667,35.66667,45.33333,20.0,7.0,3.66667,12.66667,18.0,107.0,240.0,41.0,87.0,0.47033,9.66667,27.66667,0.34833,13.66667,16.66667,0.80333,9.0,31.66667,40.66667,26.0,7.33333,6.33333,11.66667,15.66667,105.33333,0,-0.02272,0.02272,0.26061,0.29961,0.52478,0.54571,0.57784,0.60135,1555.87465,1621.20469,0.58712,0.41288,1.71381,2.45484,0.66667,240.0,39.0,85.0,0.462,10.66667,26.33333,0.40767,27.66667,32.66667,0.847,7.33333,32.33333,39.66667,25.0,6.33333,1.66667,10.33333,21.33333,116.33333,240.0,44.33333,89.0,0.49733,12.0,31.33333,0.393,18.0,22.66667,0.79033,12.0,33.66667,45.66667,26.33333,7.33333,4.0,14.0,24.33333,118.66667,0,0.02293,-0.02293,0.36529,0.23275,0.56498,0.5269,0.63135,0.63714,1525.62436,1471.72156,0.42814,0.57186,2.44552,1.79831,0.33333,,,,
240.0,39.33333,80.66667,0.48867,9.0,22.0,0.40933,15.33333,19.33333,0.79733,9.0,34.33333,43.33333,22.0,8.66667,5.33333,14.66667,22.66667,103.0,240.0,38.33333,86.0,0.445,8.0,24.66667,0.32833,17.0,21.66667,0.76467,10.66667,29.33333,40.0,19.0,8.66667,3.33333,14.0,19.66667,101.66667,0,-0.02818,0.02818,0.33557,0.30556,0.49169,0.54497,0.55795,0.60833,1454.46161,1378.71664,0.39004,0.60996,2.86708,1.69351,0.33333,240.0,37.66667,83.0,0.455,11.0,27.66667,0.40333,17.0,22.0,0.76833,9.66667,35.0,44.66667,20.33333,5.66667,6.33333,14.0,19.0,103.33333,240.0,41.66667,92.66667,0.45033,10.33333,35.0,0.288,14.33333,18.0,0.809,11.66667,32.33333,44.0,21.66667,10.0,8.33333,9.33333,21.0,108.0,0,0.05641,-0.05641,0.34294,0.30026,0.50595,0.52058,0.55885,0.58814,1613.44261,1522.26821,0.38929,0.61071,3.01669,1.71292,0.66667,,,,
240.0,39.33333,89.66667,0.43833,7.66667,25.33333,0.301,16.66667,26.0,0.64433,10.66667,35.33333,46.0,24.33333,8.33333,3.66667,17.0,19.66667,103.0,240.0,40.66667,92.0,0.442,9.66667,30.33333,0.31867,16.33333,22.0,0.744,12.66667,37.33333,50.0,20.33333,10.0,7.0,15.33333,22.33333,107.33333,0,0.06648,-0.06648,0.35963,0.28548,0.49421,0.48115,0.554,0.54005,1496.36169,1527.345,0.55213,0.44787,1.82007,2.25109,0.66667,240.0,36.0,85.0,0.42333,13.66667,33.33333,0.41133,15.66667,20.0,0.78367,8.0,33.0,41.0,21.66667,7.66667,4.0,13.0,20.0,101.33333,240.0,41.66667,87.66667,0.47333,13.0,34.66667,0.374,14.33333,18.33333,0.79467,10.33333,39.0,49.33333,24.33333,8.0,3.33333,15.33333,22.0,110.66667,0,0.12237,-0.12237,0.32966,0.21134,0.5472,0.5036,0.60249,0.56652,1543.62433,1441.37045,0.35922,0.64078,2.95046,1.59516,0.66667,,,,
248.33333,41.33333,95.33333,0.43267,11.66667,30.0,0.37467,15.33333,21.33333,0.71133,17.66667,37.33333,55.0,26.66667,9.0,6.66667,18.66667,27.0,109.66667,248.33333,40.0,88.33333,0.453,10.66667,28.33333,0.38233,19.66667,31.33333,0.63567,9.66667,32.66667,42.33333,26.0,11.0,8.0,13.66667,23.0,110.33333,0,0.00754,-0.00754,0.25615,0.54749,0.51349,0.49286,0.57997,0.54711,1531.95925,1364.19053,0.28052,0.71948,3.72528,1.39801,0.33333,265.0,46.33333,94.66667,0.48933,10.66667,29.33333,0.36567,21.0,27.33333,0.77,12.0,33.66667,45.66667,24.0,10.66667,5.66667,13.33333,25.0,124.33333,265.0,46.0,96.33333,0.47367,11.66667,34.33333,0.33733,20.0,23.0,0.86567,11.33333,33.66667,45.0,32.33333,7.0,5.66667,15.33333,20.66667,123.66667,0,-0.02007,0.02007,0.34795,0.34985,0.53401,0.54651,0.60518,0.61864,1421.4539,1425.66088,0.50124,0.49876,2.07036,2.10704,0.66667,,,,
256.66667,46.0,104.33333,0.43867,10.0,30.33333,0.325,19.66667,27.0,0.73233,14.0,40.0,54.0,24.33333,8.33333,5.33333,11.33333,23.0,121.66667,256.66667,44.66667,94.33333,0.47133,10.66667,25.66667,0.46367,21.0,27.33333,0.78267,8.0,41.0,49.0,30.66667,7.33333,8.0,15.33333,22.66667,121.0,0,-0.01891,0.01891,0.20085,0.34001,0.52682,0.48564,0.59946,0.5504,1540.48213,1608.95084,0.59727,0.40273,1.68585,2.51884,0.33333,240.0,40.0,88.0,0.45333,7.0,29.0,0.24367,20.66667,29.66667,0.692,10.0,31.33333,41.33333,26.0,11.0,4.33333,13.0,21.66667,107.66667,240.0,41.66667,95.0,0.43933,10.66667,33.0,0.33433,16.33333,22.66667,0.723,16.33333,39.0,55.33333,23.66667,5.66667,3.66667,18.0,25.66667,110.33333,0,0.0625,-0.0625,0.52113,0.25556,0.49534,0.49248,0.55215,0.56735,1360.87005,1496.23668,0.68128,0.31872,1.55176,3.89912,0.66667,,,,
240.0,38.66667,80.33333,0.481,14.66667,38.33333,0.38633,21.66667,27.66667,0.794,6.33333,34.66667,41.0,27.33333,6.0,2.66667,14.33333,17.33333,113.66667,240.0,43.33333,92.33333,0.46933,11.0,31.0,0.33633,12.0,15.33333,0.78033,8.0,33.0,41.0,24.33333,7.0,4.66667,11.66667,20.33333,109.66667,0,-0.0617,0.0617,0.23427,0.19296,0.52771,0.57211,0.57166,0.6575,1490.56614,1475.32112,0.47118,0.52882,2.34338,2.0452,0.33333,248.33333,37.33333,88.0,0.425,11.0,35.66667,0.30967,17.33333,23.0,0.748,9.33333,37.0,46.33333,21.66667,7.33333,2.66667,15.66667,16.66667,103.0,248.33333,44.0,93.33333,0.48233,15.66667,38.66667,0.40267,13.0,15.33333,0.845,10.0,37.0,47.0,30.0,10.0,5.66667,12.33333,19.33333,116.66667,0,0.18426,-0.18426,0.25347,0.25433,0.56647,0.4871,0.61417,0.55311,1588.57328,1514.47182,0.41448,0.58552,2.41956,1.71034,1.0,,,,
240.0,35.0,78.66667,0.446,9.0,29.0,0.299,20.33333,26.66667,0.77867,7.0,37.33333,44.33333,22.0,4.33333,5.0,13.66667,17.0,99.33333,240.0,42.66667,95.66667,0.44667,12.66667,34.33333,0.35367,9.33333,12.0,0.75833,8.66667,33.66667,42.33333,23.33333,5.66667,6.0,8.66667,22.0,107.33333,1,0.10695,-0.10695,0.22913,0.20788,0.51216,0.50372,0.54542,0.58823,1503.17936,1474.59636,0.4718,0.5282,2.35194,2.07127,0.66667,240.0,36.33333,85.33333,0.42967,13.66667,35.0,0.38467,13.66667,18.33333,0.76,11.0,32.66667,43.66667,23.66667,8.66667,2.66667,13.33333,20.66667,100.0,240.0,36.0,75.33333,0.47867,5.33333,22.0,0.23933,20.0,24.66667,0.81167,6.33333,31.66667,38.0,22.33333,6.66667,5.33333,13.0,20.0,97.33333,1,-0.03252,0.03252,0.19756,0.35245,0.51388,0.51112,0.60289,0.56454,1499.32841,1470.49368,0.45732,0.54268,2.3612,1.94145,0.33333,,,,
240.0,39.66667,87.66667,0.45333,10.0,29.0,0.341,23.33333,29.66667,0.792,12.0,33.33333,45.33333,21.33333,7.0,3.33333,14.33333,19.66667,112.66667,240.0,46.0,92.66667,0.49833,12.66667,31.33333,0.40867,16.66667,20.0,0.834,9.0,33.33333,42.33333,27.0,8.0,7.0,10.33333,22.66667,121.33333,0,0.10611,-0.10611,0.26386,0.36706,0.56637,0.51044,0.62723,0.59888,1482.04724,1503.29112,0.54481,0.45519,1.91072,2.37734,0.66667,240.0,39.33333,88.66667,0.44333,9.66667,27.66667,0.35167,16.33333,19.33333,0.84767,11.33333,30.33333,41.66667,17.66667,6.66667,3.33333,11.66667,19.66667,104.66667,240.0,43.33333,87.33333,0.498,10.33333,28.33333,0.36633,18.0,23.33333,0.78167,11.66667,35.33333,47.0,26.66667,6.66667,4.66667,13.0,17.66667,115.0,0,0.1354,-0.1354,0.38061,0.32086,0.55771,0.49875,0.62463,0.56368,1517.5562,1413.29383,0.37119,0.62881,2.92746,1.65468,1.0,,,,
248.33333,37.0,85.0,0.43667,13.66667,34.66667,0.39667,23.0,31.66667,0.72533,8.0,37.66667,45.66667,20.66667,5.0,3.66667,17.0,23.66667,110.66667,248.33333,46.33333,101.0,0.45867,7.0,28.33333,0.23767,19.33333,26.33333,0.73567,12.66667,36.66667,49.33333,24.33333,8.33333,4.33333,10.0,28.0,119.0,1,0.10669,-0.10669,0.37834,0.23203,0.49298,0.51992,0.55724,0.60774,1552.54644,1495.09895,0.42903,0.57097,2.37381,1.76721,1.0,240.0,34.33333,85.66667,0.40033,7.33333,32.0,0.223,15.0,20.33333,0.741,11.33333,34.33333,45.66667,19.33333,6.0,6.66667,13.0,21.0,91.0,240.0,38.66667,86.66667,0.448,11.33333,27.0,0.43033,19.0,23.66667,0.77433,9.66667,36.33333,46.0,22.33333,6.33333,4.66667,10.66667,20.33333,107.66667,1,0.2371,-0.2371,0.28614,0.31441,0.51461,0.4427,0.59014,0.50424,1524.36241,1462.70525,0.43639,0.56361,2.30176,1.77867,1.0,,,,
240.0,41.33333,86.66667,0.47733,9.33333,26.66667,0.34033,17.66667,26.0,0.68133,9.0,38.66667,47.66667,24.0,6.0,4.0,16.66667,19.66667,109.66667,240.0,41.33333,94.33333,0.43867,10.0,32.33333,0.313,16.0,21.0,0.762,10.33333,34.66667,45.0,25.66667,8.33333,5.0,13.66667,22.66667,108.66667,1,0.00351,-0.00351,0.27248,0.25565,0.4915,0.53138,0.54933,0.59436,1524.47863,1534.60743,0.51229,0.48771,1.99834,2.10377,0.66667,240.0,42.66667,93.66667,0.45533,10.0,32.0,0.32367,18.66667,24.0,0.77967,8.33333,33.33333,41.66667,20.66667,8.33333,3.66667,10.0,25.33333,114.0,240.0,38.66667,86.0,0.45167,11.66667,36.33333,0.31967,24.33333,30.33333,0.79633,11.0,38.33333,49.33333,22.0,5.66667,7.0,16.33333,20.66667,113.33333,1,-0.00768,0.00768,0.32523,0.21884,0.52077,0.50904,0.61458,0.57606,1499.55584,1544.35279,0.55945,0.44055,1.81314,2.32742,0.66667,,,,
240.0,39.33333,85.0,0.46767,16.66667,38.0,0.441,18.66667,26.33333,0.707,12.33333,34.66667,47.0,28.0,7.66667,3.0,15.66667,19.0,114.0,240.0,45.33333,90.33333,0.50167,11.33333,30.66667,0.37033,12.0,17.0,0.69433,8.66667,31.33333,40.0,27.66667,8.66667,4.0,10.33333,20.33333,114.0,0,0.00321,-0.00321,0.25955,0.42373,0.56445,0.56642,0.60597,0.63338,1457.01455,1552.68697,0.63283,0.36717,1.61017,2.89699,0.33333,240.0,39.66667,87.0,0.457,9.0,28.66667,0.309,19.33333,27.33333,0.702,10.0,32.66667,42.66667,25.0,10.66667,6.0,12.0,25.0,107.66667,240.0,38.66667,84.33333,0.458,16.66667,43.33333,0.38567,23.66667,32.33333,0.717,13.33333,38.33333,51.66667,18.0,6.0,4.0,15.0,24.0,117.66667,0,0.12749,-0.12749,0.40942,0.26473,0.55953,0.5093,0.64856,0.58147,1525.98781,1557.08546,0.55897,0.44103,1.81749,2.31591,1.0,,,,
240.0,36.66667,87.0,0.42233,14.0,39.0,0.36067,12.33333,19.0,0.64133,9.33333,30.0,39.33333,23.0,7.33333,2.33333,10.0,21.0,99.66667,240.0,43.0,79.66667,0.53933,7.33333,22.66667,0.31333,16.0,21.66667,0.74433,7.33333,37.33333,44.66667,26.33333,4.66667,5.66667,12.66667,19.33333,109.33333,0,0.12562,-0.12562,0.24905,0.24903,0.58505,0.50355,0.64676,0.54778,1551.80979,1466.34971,0.39239,0.60761,2.64126,1.66656,0.66667,240.0,40.0,89.66667,0.44467,16.0,41.0,0.38567,17.0,22.66667,0.769,11.0,38.0,49.0,22.66667,5.33333,4.0,14.33333,17.0,113.0,240.0,45.33333,95.0,0.47767,14.33333,33.66667,0.423,10.66667,16.33333,0.66767,10.0,34.33333,44.33333,27.66667,9.33333,2.33333,8.33333,19.66667,115.66667,0,0.04273,-0.04273,0.26791,0.37778,0.55325,0.53338,0.58736,0.59586,1470.81902,1516.31361,0.57559,0.42441,1.79026,2.46188,0.33333,,,,
240.0,36.33333,81.0,0.446,10.66667,35.0,0.305,22.33333,28.33333,0.8,6.33333,28.66667,35.0,25.0,10.0,1.33333,16.0,21.66667,105.66667,240.0,42.33333,87.0,0.488,15.66667,39.0,0.38267,19.33333,24.0,0.80533,12.33333,36.66667,49.0,25.66667,8.0,4.33333,18.33333,25.0,119.66667,0,0.18154,-0.18154,0.42557,0.17252,0.57996,0.51164,0.65311,0.60398,1487.32339,1435.54214,0.45342,0.54658,2.40645,1.96299,1.0,240.0,39.66667,91.0,0.437,8.0,27.0,0.298,15.66667,21.0,0.73533,10.66667,34.33333,45.0,25.33333,9.33333,7.66667,13.33333,23.0,103.0,240.0,37.33333,83.66667,0.447,11.33333,31.33333,0.35933,18.0,25.66667,0.71467,8.33333,36.33333,44.66667,23.66667,6.33333,6.0,16.66667,22.0,104.0,0,0.01129,-0.01129,0.25107,0.29177,0.5142,0.48082,0.58262,0.53956,1483.05827,1519.16077,0.55423,0.44577,1.98912,2.47586,0.33333,,,,
240.0,41.33333,86.33333,0.48267,12.0,28.0,0.43433,22.0,26.0,0.85933,7.33333,37.33333,44.66667,25.33333,8.66667,7.0,13.0,21.0,116.66667,240.0,37.66667,89.66667,0.42067,11.33333,33.0,0.339,20.66667,24.66667,0.83433,9.33333,36.0,45.33333,22.66667,6.66667,4.33333,14.0,20.66667,107.33333,1,-0.11302,0.11302,0.24988,0.20225,0.48338,0.55286,0.5649,0.63758,1458.4491,1579.75801,0.65111,0.34889,1.55845,3.06789,0.33333,248.33333,41.66667,89.0,0.46833,11.0,32.0,0.34667,21.0,27.66667,0.75433,11.66667,40.33333,52.0,23.66667,7.0,6.0,16.33333,19.33333,115.33333,248.33333,44.66667,102.0,0.443,11.33333,31.0,0.36567,12.0,16.0,0.74233,12.33333,32.33333,44.66667,24.66667,9.33333,4.0,11.66667,22.0,112.66667,1,-0.03436,0.03436,0.307,0.38435,0.49924,0.53028,0.53949,0.60669,1467.31641,1535.82411,0.59707,0.40293,1.67808,2.49189,0.33333,,,,
240.0,33.0,78.66667,0.42167,15.66667,45.66667,0.344,22.33333,27.66667,0.811,7.33333,31.33333,38.66667,21.33333,6.66667,4.0,10.66667,21.66667,104.0,240.0,39.0,86.66667,0.45533,7.66667,30.0,0.25633,15.0,22.66667,0.68633,11.33333,35.66667,47.0,22.33333,7.0,5.0,12.33333,21.0,100.66667,1,-0.04664,0.04664,0.35471,0.20608,0.49891,0.52092,0.55389,0.61568,1509.29864,1513.9522,0.50311,0.49689,1.99529,2.0209,0.33333,248.33333,42.66667,90.0,0.48433,14.66667,32.0,0.50067,21.33333,26.33333,0.81567,7.33333,41.0,48.33333,23.33333,4.33333,2.66667,13.66667,21.0,121.33333,248.33333,41.66667,97.33333,0.42867,12.0,40.0,0.29833,17.66667,24.0,0.67433,12.0,35.33333,47.33333,28.66667,8.0,5.66667,11.66667,22.33333,113.0,1,-0.10704,0.10704,0.29793,0.20191,0.48991,0.56774,0.55169,0.64437,1573.41641,1515.99405,0.40192,0.59808,2.49014,1.67266,0.33333,,,,
240.0,42.66667,81.66667,0.522,11.0,24.33333,0.45133,16.66667,22.33333,0.74933,8.33333,30.66667,39.0,26.0,9.66667,6.0,15.66667,21.33333,113.0,240.0,38.66667,84.66667,0.45767,13.33333,32.33333,0.407,18.0,24.33333,0.74867,11.0,30.66667,41.66667,27.0,9.33333,6.0,16.0,22.0,108.66667,1,-0.05098,0.05098,0.37752,0.27153,0.53893,0.58915,0.60824,0.6508,1486.42681,1579.53799,0.61689,0.38311,1.71467,3.01655,0.33333,240.0,39.33333,85.0,0.46667,10.0,30.33333,0.33633,15.0,20.33333,0.74367,9.66667,37.0,46.66667,25.66667,4.33333,5.0,10.66667,15.66667,103.66667,240.0,36.0,85.33333,0.42333,6.0,20.0,0.30167,11.33333,16.66667,0.66033,8.66667,33.66667,42.33333,21.0,6.33333,3.66667,9.33333,19.66667,89.33333,1,-0.19511,0.19511,0.23328,0.27629,0.45825,0.52572,0.50437,0.58361,1373.57854,1465.59648,0.61642,0.38358,1.62757,2.62955,0.33333,,,,
248.33333,42.0,94.0,0.44633,10.66667,29.0,0.35433,17.0,23.0,0.73333,15.66667,39.66667,55.33333,28.33333,7.66667,5.33333,18.33333,25.33333,111.66667,248.33333,39.66667,88.33333,0.449,9.66667,29.33333,0.32833,18.33333,29.66667,0.63033,8.33333,32.66667,41.0,23.0,9.33333,7.0,14.0,24.33333,107.33333,0,-0.0573,0.0573,0.207,0.48297,0.50357,0.50201,0.56581,0.56296,1456.94488,1365.18399,0.37061,0.62939,2.80831,1.6148,0.0,240.0,33.33333,86.0,0.38667,8.0,34.0,0.23367,15.0,17.0,0.86967,11.33333,32.66667,44.0,21.66667,7.33333,4.0,17.66667,18.66667,89.66667,240.0,44.33333,92.33333,0.48333,6.0,23.66667,0.24833,12.33333,17.66667,0.71733,12.33333,38.33333,50.66667,26.0,10.0,6.66667,13.0,18.0,107.0,0,0.24303,-0.24303,0.37503,0.30219,0.51566,0.43375,0.55893,0.50151,1586.1929,1429.68601,0.30656,0.69344,3.32814,1.4477,0.66667,,,,
240.0,44.66667,87.66667,0.51033,12.0,32.66667,0.373,16.33333,24.33333,0.66733,7.66667,40.0,47.66667,24.33333,6.0,4.0,14.33333,19.33333,117.66667,240.0,42.33333,95.0,0.44633,11.0,33.0,0.33567,15.33333,20.33333,0.752,9.0,32.66667,41.66667,26.66667,6.66667,3.33333,12.66667,19.66667,111.0,0,-0.08465,0.08465,0.23174,0.23449,0.50416,0.57883,0.55843,0.63337,1505.8301,1538.43595,0.52972,0.47028,1.93843,2.1864,0.66667,256.66667,45.0,94.0,0.47867,15.0,36.66667,0.40233,13.33333,22.33333,0.59433,10.0,35.66667,45.66667,28.66667,6.66667,5.0,15.66667,26.0,118.33333,256.66667,45.33333,97.33333,0.46733,9.66667,30.33333,0.321,20.66667,30.0,0.70667,12.33333,37.66667,50.0,26.33333,9.33333,5.0,10.66667,24.33333,121.0,0,0.03868,-0.03868,0.34304,0.29085,0.51721,0.55805,0.58366,0.59725,1518.65602,1428.59885,0.38311,0.61689,2.69179,1.63737,0.33333,,,,
240.0,44.33333,97.33333,0.454,11.0,33.0,0.33033,14.66667,19.66667,0.74133,9.66667,33.0,42.66667,22.0,6.33333,7.0,12.33333,24.66667,114.33333,240.0,45.33333,96.0,0.47233,10.33333,30.0,0.352,23.0,28.0,0.82233,13.66667,40.0,53.66667,27.33333,7.66667,6.0,12.33333,20.66667,124.0,0,0.11649,-0.11649,0.41327,0.25276,0.52604,0.51151,0.60704,0.56227,1511.4372,1483.232,0.47294,0.52706,2.11664,1.89885,0.66667,240.0,42.0,94.33333,0.446,9.33333,24.0,0.38333,16.33333,21.33333,0.69467,10.0,39.66667,49.66667,24.0,9.0,5.66667,11.0,24.33333,109.66667,240.0,38.66667,84.66667,0.458,9.66667,30.66667,0.31667,19.0,27.33333,0.696,7.33333,39.0,46.33333,26.0,6.0,4.66667,15.0,18.33333,106.0,0,-0.04879,0.04879,0.18517,0.25794,0.51596,0.49585,0.58643,0.55556,1531.04598,1517.0995,0.47188,0.52812,2.12632,1.89901,0.33333,,,,
240.0,39.33333,86.0,0.458,12.33333,32.0,0.393,13.66667,21.0,0.66833,11.33333,31.0,42.33333,26.33333,10.0,4.33333,12.33333,18.66667,104.66667,240.0,35.33333,78.66667,0.44667,11.0,27.66667,0.39767,14.66667,19.33333,0.778,9.33333,31.0,40.33333,21.0,6.33333,3.33333,16.0,19.0,96.33333,0,-0.10471,0.10471,0.31386,0.4127,0.51773,0.5299,0.58203,0.57926,1376.97643,1502.9937,0.67078,0.32922,1.5082,3.16102,0.33333,240.0,38.33333,84.33333,0.45533,14.0,36.33333,0.39033,21.66667,29.66667,0.72933,6.66667,31.66667,38.33333,24.66667,8.66667,5.0,15.66667,22.0,112.33333,240.0,47.0,93.0,0.50433,12.33333,34.0,0.36267,18.33333,23.66667,0.78067,8.66667,37.33333,46.0,30.66667,10.0,5.33333,12.66667,21.66667,124.66667,0,0.14617,-0.14617,0.2883,0.18075,0.57185,0.5384,0.6356,0.61886,1639.43607,1487.66484,0.31324,0.68676,3.77378,1.48903,0.66667,,,,
240.0,41.66667,90.0,0.46433,11.0,27.66667,0.39867,21.0,27.33333,0.77167,11.66667,35.33333,47.0,25.0,8.0,5.33333,12.0,20.0,115.33333,240.0,39.66667,91.66667,0.43333,7.66667,24.0,0.318,16.33333,22.0,0.728,12.66667,34.66667,47.33333,19.33333,6.0,7.0,14.0,25.33333,103.33333,0,-0.16183,0.16183,0.36532,0.33867,0.47515,0.5263,0.5361,0.6025,1494.06962,1512.77757,0.51293,0.48707,2.06257,2.18992,0.0,240.0,36.66667,83.33333,0.44133,13.66667,37.66667,0.36767,20.33333,28.0,0.72633,13.66667,31.33333,45.0,20.66667,7.33333,5.66667,15.33333,21.0,107.33333,240.0,40.0,91.33333,0.437,8.66667,29.0,0.28533,16.0,20.33333,0.78167,13.0,31.0,44.0,24.33333,8.66667,4.66667,11.66667,24.33333,104.66667,0,-0.03879,0.03879,0.42888,0.47011,0.48543,0.52463,0.54572,0.60243,1533.29004,1502.47222,0.45207,0.54793,2.22501,1.83223,0.33333,,,,
256.66667,47.33333,100.33333,0.469,12.0,32.66667,0.36567,23.33333,30.33333,0.76933,13.33333,31.33333,44.66667,25.0,11.33333,4.66667,11.66667,22.0,130.0,256.66667,50.0,90.0,0.55233,15.0,29.33333,0.55733,22.0,28.0,0.78833,9.0,35.66667,44.66667,34.0,7.33333,7.0,17.33333,24.33333,137.0,1,0.07157,-0.07157,0.2986,0.37463,0.63524,0.52842,0.71059,0.60677,1506.3634,1577.13915,0.61198,0.38802,1.70949,3.09249,0.66667,240.0,43.0,90.0,0.47667,8.0,26.0,0.31667,18.66667,25.0,0.803,9.66667,41.66667,51.33333,24.66667,7.0,6.0,12.66667,18.33333,112.66667,240.0,37.0,90.33333,0.41133,10.66667,33.0,0.31933,17.33333,22.33333,0.795,10.0,32.66667,42.66667,21.0,6.66667,4.33333,13.33333,21.33333,102.0,1,-0.1433,0.1433,0.23822,0.3222,0.47105,0.52084,0.53783,0.58976,1355.17392,1575.50668,0.77562,0.22438,1.29021,4.49325,0.0,,,,
240.0,40.33333,90.33333,0.44733,8.0,25.0,0.31933,21.0,26.66667,0.782,12.33333,28.33333,40.66667,25.66667,9.33333,7.0,10.33333,18.66667,109.66667,240.0,42.33333,84.33333,0.50667,11.33333,26.33333,0.431,18.0,21.33333,0.85267,10.33333,32.66667,43.0,27.0,7.0,5.66667,16.66667,23.33333,114.0,1,0.05432,-0.05432,0.35135,0.37201,0.57477,0.49181,0.6457,0.57037,1541.15281,1514.15533,0.46732,0.53268,2.15719,1.88808,0.66667,240.0,38.66667,86.0,0.44967,12.66667,34.0,0.38567,20.66667,27.66667,0.75,9.0,39.0,48.0,23.66667,8.0,5.33333,16.66667,22.66667,110.66667,240.0,42.33333,93.66667,0.45233,8.33333,24.66667,0.33667,17.66667,25.33333,0.697,9.0,35.0,44.0,20.33333,8.33333,5.33333,12.33333,24.66667,110.66667,1,-0.0035,0.0035,0.2314,0.26004,0.49738,0.52566,0.55769,0.60493,1602.68639,1480.18889,0.32319,0.67681,3.1926,1.48637,0.33333,,,,
240.0,39.66667,84.33333,0.47567,9.66667,28.0,0.34867,14.66667,22.0,0.65733,7.33333,36.0,43.33333,27.66667,6.0,7.66667,12.0,16.0,103.66667,240.0,41.0,90.0,0.455,8.0,22.66667,0.35333,13.33333,18.0,0.71567,8.66667,37.66667,46.33333,22.33333,6.33333,2.33333,9.66667,19.33333,103.33333,0,-0.01723,0.01723,0.24559,0.19044,0.49945,0.53369,0.54789,0.58743,1469.0036,1435.85107,0.45822,0.54178,2.24788,1.89518,0.66667,248.33333,42.33333,90.66667,0.46633,14.66667,39.33333,0.36233,19.66667,24.66667,0.808,12.66667,39.66667,52.33333,25.0,6.33333,7.0,15.0,18.33333,119.0,248.33333,45.0,100.66667,0.45233,14.66667,33.33333,0.436,10.0,13.66667,0.73433,11.66667,31.33333,43.0,27.66667,10.0,2.33333,9.66667,21.33333,114.66667,0,-0.05388,0.05388,0.29619,0.42853,0.52666,0.54698,0.5597,0.61924,1466.3711,1547.96052,0.61455,0.38545,1.63431,2.62198,0.0,,,,
265.0,46.33333,100.0,0.46267,8.33333,26.33333,0.299,19.0,23.66667,0.817,16.66667,32.33333,49.0,25.66667,10.66667,6.0,14.33333,24.66667,120.0,265.0,44.66667,93.66667,0.47433,12.66667,34.0,0.372,19.0,24.66667,0.794,13.33333,33.0,46.33333,30.33333,8.66667,8.0,18.33333,19.33333,121.0,1,0.00978,-0.00978,0.41905,0.52116,0.54259,0.50349,0.60778,0.56803,1497.65602,1375.16321,0.33365,0.66635,3.20121,1.52129,0.66667,240.0,40.33333,83.66667,0.49,11.66667,26.33333,0.463,18.66667,22.66667,0.80767,8.0,34.0,42.0,24.33333,9.66667,3.66667,10.66667,20.0,111.0,240.0,32.33333,77.0,0.42267,11.0,27.66667,0.40067,16.66667,23.0,0.719,9.0,31.33333,40.33333,17.33333,5.33333,6.0,17.33333,21.33333,92.33333,1,-0.24928,0.24928,0.26577,0.25108,0.49459,0.5604,0.56803,0.63421,1441.88026,1515.39547,0.58444,0.41556,1.71214,2.40954,0.33333,,,,
256.66667,37.33333,94.66667,0.396,10.33333,31.66667,0.33233,21.33333,26.33333,0.81133,10.66667,40.0,50.66667,20.66667,8.33333,5.66667,14.66667,19.0,106.33333,256.66667,45.0,101.33333,0.454,12.33333,35.33333,0.35867,9.0,16.66667,0.55733,12.33333,41.33333,53.66667,26.66667,10.0,7.66667,15.0,20.33333,111.33333,0,0.06898,-0.06898,0.30675,0.25862,0.51627,0.45032,0.54066,0.53046,1528.85281,1501.60308,0.47442,0.52558,2.14859,1.93495,0.33333,240.0,39.66667,87.33333,0.455,9.33333,26.66667,0.34533,17.33333,23.33333,0.74067,11.66667,31.0,42.66667,23.66667,5.0,4.33333,12.33333,18.33333,106.0,240.0,47.0,98.66667,0.47633,12.33333,33.66667,0.36833,13.33333,18.66667,0.72367,16.0,34.66667,50.66667,31.66667,8.0,6.66667,8.0,20.33333,119.66667,0,0.17559,-0.17559,0.51905,0.34324,0.53878,0.50823,0.58221,0.57439,1560.24811,1460.26406,0.38644,0.61356,2.81589,1.66988,1.0,,,,
240.0,42.0,88.0,0.47733,8.0,24.66667,0.32467,15.33333,20.66667,0.69633,8.33333,35.0,43.33333,24.66667,9.0,5.33333,11.33333,20.33333,107.33333,240.0,37.33333,87.33333,0.429,12.66667,34.33333,0.38233,19.66667,25.33333,0.77567,14.0,36.0,50.0,24.33333,6.0,3.0,15.33333,21.0,107.0,1,0.00114,-0.00114,0.42871,0.23465,0.50034,0.5229,0.57699,0.57955,1526.74949,1538.75678,0.51406,0.48594,1.94996,2.06305,0.66667,240.0,37.66667,85.33333,0.44333,7.33333,25.66667,0.289,18.33333,23.33333,0.78333,9.33333,33.0,42.33333,21.66667,11.66667,6.33333,14.66667,23.0,101.0,240.0,36.66667,81.66667,0.44967,11.66667,30.33333,0.38767,17.0,22.0,0.79233,7.0,36.66667,43.66667,21.33333,7.0,5.0,19.0,22.66667,102.0,1,0.01537,-0.01537,0.23702,0.25586,0.52085,0.4863,0.59044,0.55957,1479.97997,1444.63829,0.45675,0.54325,2.32041,1.935,0.33333,,,,
240.0,35.66667,85.33333,0.41933,11.0,31.66667,0.34767,19.66667,25.33333,0.753,9.33333,36.0,45.33333,25.0,9.66667,4.66667,16.0,21.66667,102.0,240.0,33.66667,81.66667,0.41533,11.0,31.0,0.365,17.66667,23.0,0.74833,8.66667,34.33333,43.0,17.0,9.33333,7.66667,17.66667,22.33333,96.0,0,-0.07777,0.07777,0.23655,0.27452,0.48341,0.48407,0.55748,0.56327,1490.16253,1528.69257,0.54445,0.45555,1.84934,2.21839,0.66667,240.0,36.66667,80.66667,0.45467,8.33333,21.33333,0.39167,16.66667,21.33333,0.78133,9.0,35.33333,44.33333,18.33333,6.0,4.66667,15.66667,20.0,98.33333,240.0,40.0,92.0,0.43533,8.33333,31.33333,0.26533,18.33333,22.33333,0.82333,13.66667,32.66667,46.33333,19.33333,9.66667,7.33333,9.33333,19.0,106.66667,0,0.11148,-0.11148,0.39425,0.2787,0.48055,0.506,0.55039,0.57516,1607.9131,1443.79567,0.2952,0.7048,3.76254,1.45284,1.0,,,,
240.0,37.0,83.66667,0.44133,8.33333,20.66667,0.403,21.0,23.66667,0.88867,7.33333,29.33333,36.66667,18.0,7.0,2.0,13.66667,18.33333,103.33333,240.0,44.66667,89.0,0.504,12.66667,32.66667,0.386,19.66667,22.33333,0.88367,11.33333,36.66667,48.0,27.66667,5.66667,7.66667,13.0,21.0,121.66667,0,0.22087,-0.22087,0.38001,0.20062,0.57497,0.49114,0.64912,0.58128,1566.23788,1360.4618,0.24412,0.75588,4.16707,1.32535,1.0,240.0,34.0,90.66667,0.37633,11.0,30.66667,0.34933,16.0,22.0,0.72833,10.33333,33.33333,43.66667,16.0,8.33333,3.33333,12.66667,20.66667,95.0,240.0,43.33333,91.0,0.47733,14.33333,37.0,0.38833,15.0,20.0,0.777,11.33333,45.0,56.33333,26.0,7.33333,6.0,15.33333,22.33333,116.0,0,0.28347,-0.28347,0.35261,0.22426,0.55596,0.43957,0.60943,0.50154,1552.13181,1427.29129,0.35515,0.64485,2.96828,1.58026,1.0,,,,
240.0,38.66667,85.66667,0.45933,10.33333,31.0,0.36867,27.66667,38.0,0.72,11.33333,33.66667,45.0,23.33333,10.33333,4.0,16.0,26.33333,115.33333,240.0,44.66667,89.66667,0.50167,9.33333,27.0,0.35633,24.33333,31.66667,0.76633,10.66667,35.0,45.66667,22.66667,8.0,1.66667,16.33333,28.33333,123.0,0,0.10367,-0.10367,0.31205,0.36421,0.55406,0.52081,0.63984,0.6219,1458.90765,1541.15216,0.62472,0.37528,1.62873,2.82921,0.33333,240.0,41.33333,88.0,0.47033,10.33333,28.0,0.36867,15.33333,20.66667,0.72233,10.0,35.66667,45.66667,22.66667,7.66667,5.33333,13.33333,22.0,108.33333,240.0,41.66667,90.0,0.461,11.0,32.0,0.34333,17.66667,21.66667,0.81567,9.0,34.33333,43.33333,28.66667,8.33333,4.66667,11.33333,18.66667,112.0,0,0.04287,-0.04287,0.25524,0.28796,0.52205,0.52904,0.58858,0.58652,1419.24736,1416.98075,0.5041,0.4959,2.05427,2.11555,0.66667,,,,
240.0,37.0,90.0,0.411,10.33333,34.0,0.303,17.0,22.66667,0.76667,9.66667,31.66667,41.33333,20.0,7.33333,6.33333,9.33333,16.33333,101.33333,240.0,39.66667,88.66667,0.446,14.0,38.33333,0.36433,16.33333,19.0,0.80733,10.66667,41.33333,52.0,24.0,4.66667,5.33333,13.33333,19.33333,109.66667,1,0.11321,-0.11321,0.34217,0.23384,0.52426,0.46854,0.59061,0.53341,1467.61593,1597.7878,0.69816,0.30184,1.43597,3.36464,1.0,240.0,41.0,91.0,0.44867,8.33333,32.0,0.265,23.33333,33.66667,0.67967,11.66667,28.33333,40.0,24.33333,13.33333,4.66667,13.0,20.0,113.66667,240.0,46.0,92.33333,0.50033,13.33333,33.0,0.40633,15.33333,19.66667,0.773,14.0,38.33333,52.33333,26.66667,6.0,3.66667,19.66667,26.66667,120.66667,1,0.10681,-0.10681,0.4878,0.31002,0.57281,0.49426,0.62647,0.57421,1364.70351,1571.14278,0.79012,0.20988,1.26988,4.97482,0.66667,,,,
240.0,39.0,85.0,0.46133,12.33333,33.33333,0.368,19.33333,24.0,0.81133,8.33333,30.66667,39.0,25.33333,10.0,3.66667,14.0,23.66667,109.66667,240.0,38.66667,80.66667,0.47967,11.66667,33.66667,0.334,25.33333,33.0,0.771,11.33333,35.0,46.33333,22.0,8.33333,4.33333,15.66667,21.66667,114.33333,0,0.0558,-0.0558,0.36816,0.23988,0.55038,0.53533,0.64903,0.61176,1504.2305,1580.92167,0.61812,0.38188,1.6201,2.629,0.66667,240.0,36.0,90.33333,0.39833,11.66667,32.66667,0.34433,15.33333,20.33333,0.735,10.66667,31.66667,42.33333,25.66667,8.0,4.33333,11.33333,17.0,99.0,240.0,45.66667,88.0,0.51967,12.66667,29.33333,0.42667,15.33333,19.0,0.812,7.33333,41.0,48.33333,31.0,6.0,5.33333,10.66667,17.66667,119.33333,0,0.26832,-0.26832,0.23301,0.25976,0.5917,0.4623,0.64819,0.52317,1528.44506,1524.17136,0.52759,0.47241,1.89964,2.12252,1.0,,,,
248.33333,47.0,92.66667,0.50733,7.66667,23.66667,0.31367,14.0,18.66667,0.74833,9.0,29.66667,38.66667,27.66667,8.66667,2.33333,11.0,18.0,115.66667,248.33333,44.0,84.0,0.52433,14.0,30.0,0.464,15.33333,17.66667,0.86,8.0,30.66667,38.66667,28.0,7.66667,3.0,16.0,21.33333,117.33333,0,0.02359,-0.02359,0.27192,0.28904,0.60835,0.54913,0.66969,0.59824,1427.96326,1589.47236,0.71418,0.28582,1.45157,4.11395,0.33333,240.0,35.33333,83.66667,0.42233,9.66667,36.33333,0.272,16.33333,20.66667,0.78667,9.33333,34.0,43.33333,19.66667,7.0,2.66667,17.0,15.0,96.66667,240.0,44.66667,88.33333,0.51167,15.0,35.66667,0.414,10.66667,12.66667,0.83933,7.66667,35.33333,43.0,35.33333,11.66667,5.0,13.66667,19.33333,115.0,0,0.25164,-0.25164,0.2139,0.26399,0.59594,0.48047,0.6369,0.54883,1594.60993,1491.79945,0.38179,0.61821,2.63346,1.62076,1.0,,,,
240.0,35.66667,80.33333,0.445,10.66667,32.0,0.31967,21.66667,27.0,0.81967,7.33333,37.0,44.33333,22.66667,5.33333,5.0,16.0,18.66667,103.66667,240.0,43.33333,96.33333,0.45067,12.33333,36.0,0.31767,10.66667,13.66667,0.76933,8.33333,34.33333,42.66667,24.0,6.33333,6.0,10.33333,22.66667,109.66667,1,0.08077,-0.08077,0.22226,0.21343,0.51415,0.51187,0.55219,0.6014,1544.15295,1472.03853,0.40759,0.59241,2.55929,1.71474,0.66667,248.33333,46.33333,87.33333,0.53367,10.33333,28.66667,0.36267,13.66667,18.0,0.75667,8.33333,36.0,44.33333,27.33333,5.33333,4.33333,12.33333,14.0,116.66667,248.33333,40.66667,90.66667,0.44867,8.33333,23.66667,0.34667,8.33333,12.33333,0.673,8.33333,30.66667,39.0,23.33333,8.0,2.33333,12.66667,20.33333,98.0,1,-0.26403,0.26403,0.23107,0.26434,0.49461,0.59345,0.52453,0.64256,1371.70746,1520.26756,0.67566,0.32434,1.50558,3.36439,0.0,,,,
240.0,38.66667,90.33333,0.428,10.66667,29.33333,0.359,20.0,26.33333,0.752,11.33333,32.66667,44.0,21.66667,5.66667,2.66667,13.0,17.0,108.0,240.0,47.66667,89.66667,0.531,13.0,31.66667,0.414,14.33333,16.33333,0.88033,5.66667,37.0,42.66667,27.33333,8.0,10.33333,11.0,23.0,122.66667,0,0.18697,-0.18697,0.17266,0.31247,0.60317,0.48696,0.65742,0.56097,1473.78592,1494.50235,0.55088,0.44912,1.8809,2.39749,0.66667,240.0,38.0,87.33333,0.43333,15.0,40.66667,0.36233,17.0,20.66667,0.82733,8.66667,34.66667,43.33333,22.0,8.66667,4.0,16.0,17.33333,108.0,240.0,45.0,93.66667,0.48167,13.0,30.66667,0.41967,12.33333,18.0,0.69533,11.33333,37.66667,49.0,29.0,10.0,4.0,12.0,19.33333,115.33333,0,0.10444,-0.10444,0.33746,0.25599,0.55049,0.51824,0.59199,0.58666,1477.62439,1482.6385,0.525,0.475,1.96243,2.20776,0.66667,,,,
240.0,37.66667,79.0,0.47733,8.66667,21.33333,0.40467,16.66667,20.0,0.84367,7.0,37.33333,44.33333,20.66667,7.66667,3.66667,12.33333,17.66667,100.66667,240.0,35.33333,87.0,0.40733,8.33333,28.66667,0.29233,14.0,17.33333,0.792,10.66667,30.33333,41.0,16.66667,5.66667,5.33333,11.33333,17.66667,93.0,0,-0.10811,0.10811,0.28634,0.23681,0.45516,0.53234,0.51269,0.60425,1453.21391,1384.16675,0.39336,0.60664,2.80743,1.6992,0.33333,240.0,38.33333,89.0,0.43133,9.33333,28.66667,0.322,18.33333,21.66667,0.84433,11.66667,34.0,45.66667,16.33333,8.0,4.33333,11.0,20.66667,104.33333,240.0,41.33333,91.33333,0.45333,9.66667,30.0,0.322,17.66667,23.33333,0.76567,13.33333,36.0,49.33333,27.33333,6.66667,4.0,11.66667,16.33333,110.0,0,0.07771,-0.07771,0.40303,0.32479,0.50652,0.48452,0.57113,0.55711,1513.41433,1501.42644,0.49326,0.50674,2.26882,2.14363,0.66667,,,,
240.0,34.66667,86.33333,0.403,9.0,29.66667,0.29267,18.0,22.0,0.819,12.66667,33.66667,46.33333,22.33333,8.0,1.66667,14.0,19.66667,96.33333,240.0,42.33333,87.0,0.48867,8.33333,30.0,0.27333,15.0,21.66667,0.7,10.0,34.0,44.0,26.0,7.33333,6.0,10.66667,20.66667,108.0,0,0.16483,-0.16483,0.29709,0.38261,0.53565,0.4554,0.5917,0.53006,1459.29762,1352.7803,0.36462,0.63538,2.8648,1.60251,1.0,240.0,37.66667,84.0,0.44767,11.66667,34.66667,0.334,18.66667,23.0,0.815,8.66667,29.33333,38.0,26.0,8.0,7.66667,12.33333,20.33333,105.66667,240.0,43.33333,86.0,0.50667,9.66667,23.33333,0.41133,17.33333,22.33333,0.78667,8.0,35.0,43.0,26.66667,7.66667,3.66667,14.33333,20.66667,113.66667,0,0.10607,-0.10607,0.27738,0.25043,0.5624,0.51815,0.62733,0.59346,1539.87127,1501.79387,0.46051,0.53949,2.18783,1.86273,0.66667,,,,
240.0,40.33333,88.0,0.45867,11.66667,32.66667,0.361,18.66667,25.66667,0.70767,9.66667,36.0,45.66667,27.0,7.33333,4.66667,14.0,24.33333,111.0,240.0,37.33333,85.0,0.441,9.66667,29.66667,0.329,20.33333,28.0,0.703,9.0,33.0,42.0,17.0,8.33333,6.33333,13.33333,20.33333,104.66667,1,-0.08992,0.08992,0.2473,0.29119,0.4977,0.52589,0.57474,0.59441,1533.14805,1534.85933,0.491,0.509,2.04768,1.97423,0.66667,240.0,46.0,85.0,0.541,12.66667,26.66667,0.47433,14.33333,18.0,0.799,10.66667,35.33333,46.0,29.0,6.66667,5.0,11.33333,16.66667,119.0,240.0,37.66667,82.33333,0.457,10.66667,28.0,0.37433,10.33333,14.66667,0.712,5.0,23.66667,28.66667,20.66667,7.0,1.66667,11.66667,18.66667,96.33333,1,-0.30545,0.30545,0.13998,0.46204,0.52271,0.61578,0.56377,0.66928,1363.11984,1478.45313,0.62662,0.37338,1.63586,2.83209,0.0,,,,
273.33333,48.66667,99.66667,0.48867,9.0,25.33333,0.344,17.33333,22.0,0.79933,13.33333,32.0,45.33333,25.33333,11.0,7.0,14.66667,24.66667,123.66667,273.33333,46.66667,97.33333,0.478,12.33333,33.0,0.37333,21.0,27.33333,0.781,14.0,34.0,48.0,28.33333,8.0,3.66667,18.0,19.66667,126.66667,0,0.0378,-0.0378,0.44118,0.38944,0.54124,0.53326,0.61121,0.5905,1445.9822,1374.32992,0.40107,0.59893,2.50964,1.67411,0.66667,240.0,41.0,92.33333,0.44433,9.66667,31.33333,0.319,18.0,26.0,0.688,8.33333,32.33333,40.66667,23.33333,10.33333,2.0,11.33333,23.33333,109.66667,240.0,37.33333,82.66667,0.45233,11.33333,34.66667,0.323,22.0,28.0,0.77433,10.33333,38.66667,49.0,18.66667,7.0,7.66667,17.66667,21.33333,108.0,0,-0.02596,0.02596,0.3185,0.21623,0.52129,0.49685,0.60852,0.55961,1493.49239,1552.65528,0.57689,0.42311,1.74593,2.40031,0.66667,,,,
240.0,42.33333,86.0,0.49567,13.0,34.33333,0.37133,19.66667,25.66667,0.77533,13.33333,33.33333,46.66667,27.0,6.66667,3.0,16.33333,20.33333,117.33333,240.0,44.0,85.66667,0.51267,15.33333,35.66667,0.422,15.33333,21.0,0.70133,7.66667,27.0,34.66667,27.33333,9.33333,3.66667,12.0,22.33333,118.66667,1,0.01578,-0.01578,0.2364,0.49402,0.60529,0.57371,0.66046,0.64572,1457.14835,1552.75224,0.63697,0.36303,1.59586,2.91634,0.33333,240.0,37.0,91.0,0.40533,10.33333,32.33333,0.32067,21.0,25.66667,0.81967,12.0,32.0,44.0,23.0,8.33333,4.66667,11.33333,18.33333,105.33333,240.0,43.0,90.66667,0.474,9.0,28.0,0.322,17.33333,23.0,0.752,12.66667,35.66667,48.33333,25.33333,7.66667,5.66667,14.0,22.33333,112.33333,1,0.09521,-0.09521,0.39637,0.33771,0.52365,0.46312,0.58694,0.54509,1510.46344,1431.09039,0.39818,0.60182,2.62001,1.69596,0.66667,,,,
240.0,42.0,85.0,0.49667,11.33333,22.0,0.50533,26.66667,31.66667,0.83833,9.33333,36.66667,46.0,25.0,7.66667,4.0,15.66667,27.0,122.0,240.0,39.66667,85.66667,0.466,11.33333,29.66667,0.397,25.0,32.66667,0.76267,10.0,30.33333,40.33333,23.0,9.0,6.0,13.66667,25.0,115.66667,0,-0.08103,0.08103,0.27953,0.40562,0.5316,0.56465,0.62441,0.66626,1492.18248,1511.79487,0.51274,0.48726,2.07554,2.26211,0.33333,240.0,40.33333,88.0,0.459,10.0,27.66667,0.36067,15.0,21.33333,0.69333,13.0,29.66667,42.66667,24.33333,8.33333,3.33333,11.66667,19.33333,105.66667,240.0,43.33333,94.0,0.461,12.0,34.0,0.35233,14.66667,20.0,0.742,16.33333,34.0,50.33333,31.66667,7.33333,5.33333,11.66667,19.33333,113.33333,0,0.09828,-0.09828,0.55751,0.38418,0.52446,0.51594,0.57579,0.5713,1555.47173,1466.78512,0.38913,0.61087,2.80397,1.67966,1.0,,,,
240.0,36.66667,83.66667,0.438,13.66667,40.66667,0.33567,14.0,20.0,0.679,7.66667,29.66667,37.33333,22.66667,9.33333,2.66667,11.66667,19.33333,101.0,240.0,42.0,82.0,0.51167,7.0,21.0,0.32633,15.33333,19.66667,0.77633,9.33333,36.66667,46.0,26.66667,4.66667,6.33333,14.66667,20.33333,106.33333,1,0.06921,-0.06921,0.32253,0.20955,0.55363,0.51964,0.61521,0.57351,1502.24277,1461.38779,0.45068,0.54932,2.22447,1.82336,0.66667,240.0,37.0,88.66667,0.418,11.0,30.0,0.372,23.0,30.33333,0.761,13.33333,37.33333,50.66667,23.0,6.0,6.33333,14.33333,22.0,108.0,240.0,43.33333,92.33333,0.46933,9.0,25.66667,0.34367,20.0,26.0,0.782,10.0,36.33333,46.33333,22.0,7.66667,5.33333,10.0,24.66667,115.66667,1,0.10004,-0.10004,0.2654,0.3863,0.51784,0.47991,0.58994,0.56665,1519.01554,1488.10186,0.47265,0.52735,2.15574,1.92256,0.66667,,,,
240.0,43.66667,88.0,0.49933,13.0,32.66667,0.399,17.33333,22.66667,0.74833,8.66667,35.33333,44.0,28.66667,6.33333,6.33333,10.0,22.33333,117.66667,240.0,37.33333,83.66667,0.447,9.33333,24.33333,0.39567,17.0,23.33333,0.737,8.33333,33.66667,42.0,16.33333,6.0,4.33333,12.0,19.33333,101.0,1,-0.23495,0.23495,0.23396,0.2523,0.50285,0.57467,0.56848,0.63694,1477.34197,1543.41669,0.56725,0.43275,1.85938,2.65605,0.33333,240.0,39.33333,87.33333,0.45133,8.0,27.0,0.298,13.33333,17.66667,0.74533,8.66667,32.0,40.66667,24.66667,10.33333,7.66667,14.0,21.66667,100.0,240.0,36.66667,83.66667,0.43867,12.66667,33.66667,0.37433,15.66667,20.33333,0.79233,8.66667,35.33333,44.0,23.66667,5.66667,5.0,18.33333,21.66667,101.66667,1,0.02406,-0.02406,0.29357,0.24365,0.5142,0.49725,0.57774,0.54899,1484.17179,1464.33119,0.47725,0.52275,2.2704,2.09517,0.33333,,,,
240.0,44.33333,85.66667,0.51767,15.66667,33.33333,0.47567,20.33333,24.66667,0.83033,8.0,36.33333,44.33333,29.0,7.0,6.66667,13.33333,19.33333,124.66667,240.0,40.66667,91.0,0.446,12.66667,31.0,0.39733,18.33333,22.0,0.82367,10.66667,31.66667,42.33333,24.0,8.33333,2.33333,11.33333,21.33333,112.33333,1,-0.15121,0.15121,0.2955,0.26082,0.51453,0.60808,0.58576,0.68441,1439.35626,1578.26345,0.67485,0.32515,1.49711,3.2365,0.0,240.0,39.0,90.33333,0.43167,8.0,30.66667,0.26433,15.33333,23.0,0.67033,8.33333,31.66667,40.0,22.33333,12.33333,4.0,13.0,25.66667,101.33333,240.0,34.33333,79.0,0.435,11.33333,34.33333,0.32633,22.0,30.33333,0.73067,10.33333,37.33333,47.66667,18.0,8.33333,5.0,20.0,18.66667,102.0,1,0.01068,-0.01068,0.32405,0.22345,0.50754,0.47582,0.59792,0.53108,1489.9701,1491.81388,0.50182,0.49818,2.17311,2.15623,0.66667,,,,
248.33333,36.33333,87.33333,0.41367,18.33333,51.33333,0.35667,23.0,28.66667,0.80333,9.66667,33.0,42.66667,23.66667,7.66667,5.0,10.0,21.0,114.0,248.33333,43.33333,95.66667,0.451,10.66667,34.66667,0.31,15.66667,22.0,0.762,12.33333,38.66667,51.0,26.66667,7.0,5.0,12.33333,20.0,113.0,0,-0.01211,0.01211,0.37376,0.25115,0.50609,0.51829,0.56067,0.60671,1531.29939,1524.74161,0.49066,0.50934,2.05648,1.97946,0.33333,240.0,38.0,90.0,0.42667,9.33333,31.0,0.32867,21.66667,27.0,0.80333,8.33333,34.0,42.33333,21.0,11.0,4.0,11.0,20.0,107.0,240.0,43.0,89.66667,0.48367,10.0,28.0,0.375,18.33333,22.66667,0.81167,9.66667,42.0,51.66667,25.33333,4.66667,3.66667,15.33333,18.66667,114.33333,0,0.09463,-0.09463,0.28201,0.19933,0.53987,0.47964,0.60789,0.56329,1503.52204,1576.7728,0.61428,0.38572,1.63077,2.60504,0.33333,,,,
248.33333,46.33333,86.0,0.53933,11.0,27.0,0.40833,17.0,22.66667,0.75533,8.33333,27.66667,36.0,28.0,10.0,4.66667,13.33333,20.0,120.66667,248.33333,41.66667,84.0,0.49333,15.0,31.66667,0.47233,16.0,21.66667,0.751,10.0,30.66667,40.66667,30.33333,7.66667,3.66667,18.66667,23.33333,114.33333,0,-0.07806,0.07806,0.37188,0.27153,0.58433,0.60382,0.6452,0.66425,1403.49061,1588.04627,0.73442,0.26558,1.37621,4.02018,0.0,240.0,38.0,86.33333,0.44067,8.33333,25.33333,0.33533,20.66667,25.66667,0.81633,10.0,32.33333,42.33333,19.66667,6.0,3.66667,10.33333,22.0,105.0,240.0,42.33333,88.33333,0.482,8.33333,28.0,0.30433,21.33333,27.0,0.80733,11.66667,35.33333,47.0,18.66667,6.0,6.33333,9.33333,19.66667,114.33333,0,0.12093,-0.12093,0.35634,0.28495,0.52895,0.48871,0.60805,0.57061,1597.80573,1433.09621,0.29731,0.70269,3.75174,1.45961,1.0,,,,
248.33333,42.33333,89.33333,0.47233,7.66667,22.0,0.33267,14.0,18.0,0.78467,9.33333,31.66667,41.0,22.66667,9.66667,7.33333,15.0,26.66667,106.33333,248.33333,38.0,83.66667,0.45267,12.0,32.33333,0.37067,23.66667,33.33333,0.72167,11.0,33.33333,44.33333,22.0,8.33333,3.66667,17.0,16.66667,111.66667,0,0.07664,-0.07664,0.34727,0.28215,0.52498,0.51464,0.61579,0.56826,1463.87608,1365.21142,0.3693,0.6307,2.74673,1.59384,0.66667,240.0,34.33333,87.33333,0.39133,10.33333,34.33333,0.30433,16.0,19.0,0.84133,14.33333,30.33333,44.66667,23.33333,7.66667,4.0,20.33333,21.0,95.0,240.0,46.0,89.33333,0.51733,8.33333,24.33333,0.34033,15.0,20.33333,0.75233,10.33333,36.0,46.33333,28.66667,12.0,5.66667,13.66667,20.0,115.33333,0,0.28265,-0.28265,0.33871,0.42274,0.56437,0.45024,0.61748,0.51963,1594.70118,1421.50379,0.29056,0.70944,3.63337,1.42068,1.0,,,,
240.0,40.33333,82.0,0.495,12.33333,22.33333,0.53967,23.33333,28.33333,0.80533,6.0,40.33333,46.33333,20.66667,6.0,3.0,17.66667,25.33333,116.33333,240.0,40.0,90.0,0.44433,11.33333,30.66667,0.37533,24.0,31.66667,0.75167,10.66667,34.66667,45.33333,23.66667,9.0,5.33333,11.66667,23.0,115.33333,1,-0.01257,0.01257,0.27205,0.17384,0.50685,0.57195,0.59377,0.66184,1567.13093,1503.68971,0.40488,0.59512,2.48486,1.68545,0.66667,240.0,42.66667,78.0,0.54733,14.33333,29.0,0.49067,29.0,37.33333,0.78033,8.33333,34.33333,42.66667,29.66667,8.66667,4.66667,17.66667,24.66667,128.66667,240.0,43.0,90.33333,0.47533,10.33333,29.66667,0.34967,21.66667,26.66667,0.781,10.66667,26.66667,37.33333,23.66667,10.66667,3.66667,13.66667,28.0,118.0,1,-0.12667,0.12667,0.31677,0.31971,0.53255,0.63896,0.61303,0.74664,1362.36254,1558.31119,0.75028,0.24972,1.33315,4.01344,0.0,,,,
240.0,44.66667,95.33333,0.46867,8.33333,29.33333,0.29567,12.33333,18.33333,0.67533,12.0,34.66667,46.66667,20.66667,13.0,5.66667,14.0,19.33333,110.0,240.0,40.0,89.33333,0.448,12.33333,37.33333,0.329,14.33333,18.33333,0.786,11.0,34.66667,45.66667,20.33333,9.66667,4.66667,19.66667,20.66667,106.66667,1,-0.04349,0.04349,0.32182,0.3563,0.51744,0.51229,0.5726,0.55385,1461.10984,1602.24429,0.68189,0.31811,1.4829,3.3552,0.66667,240.0,42.66667,92.0,0.46367,11.0,26.33333,0.412,16.66667,20.0,0.778,8.33333,38.66667,47.0,23.0,9.0,5.33333,11.33333,24.0,113.0,240.0,40.0,86.66667,0.46233,12.0,34.66667,0.347,17.0,25.66667,0.656,8.66667,38.33333,47.0,26.66667,6.0,5.0,15.66667,18.33333,109.0,1,-0.05577,0.05577,0.22791,0.22022,0.53104,0.5232,0.59192,0.58589,1533.80049,1495.50147,0.43651,0.56349,2.29709,1.77736,0.33333,,,,
240.0,39.0,84.0,0.46433,12.0,27.66667,0.426,12.33333,18.0,0.72533,7.66667,34.33333,42.0,24.0,9.0,6.33333,12.33333,25.33333,102.33333,240.0,33.66667,77.66667,0.437,14.33333,37.33333,0.37933,23.0,32.0,0.713,8.33333,34.66667,43.0,23.66667,7.0,5.66667,12.66667,18.66667,104.66667,0,0.03098,-0.03098,0.24064,0.22589,0.53055,0.53565,0.6225,0.58231,1510.89559,1498.80488,0.48566,0.51434,2.07062,1.95499,0.66667,240.0,39.0,88.33333,0.442,11.66667,34.66667,0.32467,17.33333,24.0,0.715,9.66667,32.33333,42.0,26.66667,8.0,5.66667,11.33333,19.0,107.0,240.0,44.66667,88.66667,0.505,12.33333,28.33333,0.444,17.0,20.0,0.854,7.66667,38.0,45.66667,29.33333,6.33333,2.66667,11.0,17.66667,118.66667,0,0.14824,-0.14824,0.23973,0.25432,0.57435,0.50759,0.63872,0.57178,1550.47524,1566.45438,0.54609,0.45391,1.83188,2.2042,1.0,,,,
240.0,42.33333,85.0,0.49967,7.0,23.33333,0.30233,21.66667,27.66667,0.75533,9.66667,32.0,41.66667,24.66667,9.66667,4.0,11.33333,19.66667,113.33333,240.0,39.0,84.0,0.464,9.33333,27.0,0.35867,19.33333,24.0,0.81233,10.66667,32.33333,43.0,24.33333,6.33333,2.66667,15.66667,22.33333,106.66667,0,-0.0822,0.0822,0.36549,0.29906,0.51954,0.54107,0.59727,0.6239,1509.58379,1554.85088,0.55178,0.44822,1.84084,2.29257,0.33333,240.0,37.33333,80.66667,0.46333,15.0,36.66667,0.40867,17.66667,22.0,0.801,7.33333,33.66667,41.0,25.66667,7.66667,3.0,14.66667,20.0,107.33333,240.0,38.0,82.33333,0.46267,5.33333,22.66667,0.233,17.66667,21.66667,0.806,8.0,32.0,40.0,22.66667,7.33333,4.0,13.33333,22.66667,99.0,0,-0.11627,0.11627,0.24022,0.23148,0.49514,0.55603,0.57108,0.6284,1493.58387,1508.52372,0.51117,0.48883,1.98659,2.08765,0.0,,,,
240.0,37.0,86.33333,0.429,9.66667,33.0,0.29933,11.33333,17.33333,0.69033,9.66667,34.0,43.66667,26.33333,7.0,5.33333,14.33333,14.66667,95.0,240.0,41.66667,87.33333,0.47533,13.33333,31.33333,0.424,10.66667,14.66667,0.742,7.66667,37.0,44.66667,27.66667,7.66667,3.66667,12.0,16.66667,107.33333,0,0.18383,-0.18383,0.24036,0.33454,0.552,0.48494,0.59191,0.52767,1453.88463,1504.90753,0.58728,0.41272,1.95971,2.87227,0.66667,248.33333,43.0,85.0,0.50667,9.33333,26.66667,0.34733,19.33333,25.66667,0.71067,8.0,31.0,39.0,25.66667,7.66667,4.66667,10.66667,19.66667,114.66667,248.33333,41.66667,86.33333,0.48267,10.66667,29.0,0.37367,16.66667,20.66667,0.808,9.33333,33.33333,42.66667,22.0,5.33333,2.66667,12.66667,20.33333,110.66667,0,-0.05302,0.05302,0.31199,0.24778,0.54441,0.56046,0.60864,0.63429,1462.68182,1515.32443,0.56863,0.43137,1.80457,2.40445,0.33333,,,,
240.0,37.0,81.0,0.454,9.33333,32.66667,0.28767,17.33333,20.66667,0.825,5.33333,27.66667,33.0,22.0,10.0,2.33333,16.33333,18.0,100.66667,240.0,42.33333,87.33333,0.48633,16.33333,40.66667,0.38367,14.66667,17.33333,0.84733,11.66667,36.33333,48.0,26.33333,9.33333,4.0,18.33333,22.0,115.66667,0,0.20047,-0.20047,0.41748,0.14633,0.58186,0.51164,0.63842,0.58675,1529.1084,1426.15708,0.38288,0.61712,2.67208,1.63243,1.0,240.0,35.33333,84.66667,0.41833,11.33333,30.33333,0.37233,22.33333,27.0,0.832,12.0,32.66667,44.66667,21.33333,8.33333,4.66667,13.33333,17.66667,104.33333,240.0,42.66667,88.0,0.48533,10.0,28.0,0.35667,13.33333,18.66667,0.67867,11.0,33.0,44.0,25.33333,8.66667,5.66667,12.66667,22.0,108.66667,0,0.06028,-0.06028,0.3387,0.36256,0.54278,0.4868,0.59072,0.57746,1504.75341,1490.73999,0.48741,0.51259,2.25451,2.101,0.33333,,,,
240.0,44.33333,90.66667,0.48867,10.66667,32.33333,0.32933,19.0,24.66667,0.775,9.33333,34.33333,43.66667,26.66667,10.66667,5.0,14.0,22.33333,118.33333,240.0,37.0,87.66667,0.42333,16.0,39.66667,0.412,22.0,27.33333,0.798,12.66667,35.0,47.66667,22.0,5.66667,5.0,19.33333,21.66667,112.0,1,-0.07331,0.07331,0.37381,0.26833,0.51622,0.54745,0.60054,0.61462,1449.66674,1642.45587,0.74242,0.25758,1.36215,4.28343,0.33333,240.0,34.0,81.66667,0.417,13.33333,33.66667,0.39633,17.33333,23.66667,0.722,7.66667,39.0,46.66667,20.66667,5.66667,2.33333,13.33333,18.33333,98.66667,240.0,38.33333,87.0,0.44167,5.66667,25.0,0.224,14.33333,18.66667,0.76333,8.33333,37.0,45.33333,22.0,5.66667,6.0,11.0,22.66667,96.66667,1,-0.02308,0.02308,0.21493,0.21016,0.47374,0.4986,0.53218,0.56884,1484.12113,1505.57842,0.53118,0.46882,1.93675,2.23825,0.33333,,,,
240.0,43.33333,95.33333,0.45533,8.66667,26.66667,0.32367,18.0,24.66667,0.696,11.0,39.0,50.0,26.0,6.0,5.66667,11.33333,26.66667,113.33333,240.0,41.33333,91.0,0.456,11.33333,32.66667,0.34833,24.66667,32.0,0.763,9.33333,38.66667,48.0,25.66667,6.33333,7.0,11.0,21.0,118.66667,0,0.06774,-0.06774,0.23867,0.28333,0.51881,0.50131,0.60857,0.56427,1500.49995,1531.16518,0.54725,0.45275,1.83268,2.21827,1.0,256.66667,44.66667,92.33333,0.48767,9.66667,24.66667,0.361,17.33333,21.33333,0.825,9.33333,31.66667,41.0,24.66667,9.33333,5.33333,12.0,24.33333,116.33333,256.66667,41.33333,87.0,0.473,15.0,35.0,0.43,19.33333,28.33333,0.688,11.66667,37.33333,49.0,28.0,6.66667,4.66667,18.0,21.33333,117.0,0,0.00821,-0.00821,0.39126,0.24701,0.5602,0.53927,0.62967,0.60196,1479.78619,1487.27885,0.51098,0.48902,2.07362,2.15453,0.66667,,,,
240.0,37.0,84.66667,0.436,10.33333,26.33333,0.39033,14.33333,21.0,0.68833,7.66667,33.66667,41.33333,23.0,10.66667,4.66667,13.0,26.66667,98.66667,240.0,34.66667,72.66667,0.47633,11.66667,31.0,0.36333,25.66667,34.0,0.748,5.33333,38.0,43.33333,24.0,7.0,5.0,14.66667,20.0,106.66667,0,0.1151,-0.1151,0.15894,0.20366,0.55751,0.49652,0.66542,0.55177,1545.74358,1491.14909,0.43635,0.56365,2.30563,1.78003,0.66667,240.0,38.33333,84.0,0.456,13.33333,35.33333,0.37933,21.33333,28.0,0.76967,10.33333,28.66667,39.0,23.0,8.66667,7.33333,11.66667,20.0,111.33333,240.0,43.33333,91.66667,0.47367,9.0,25.33333,0.35167,18.0,21.66667,0.82833,13.0,33.0,46.0,25.0,5.66667,3.66667,13.33333,24.0,113.66667,0,0.0269,-0.0269,0.45992,0.31972,0.52381,0.53738,0.59118,0.61921,1532.28921,1513.4568,0.47618,0.52382,2.10273,1.91101,0.66667,,,,
240.0,36.0,85.33333,0.422,11.33333,40.66667,0.28067,17.66667,21.66667,0.818,8.33333,30.33333,38.66667,15.66667,7.33333,4.0,11.33333,22.66667,101.0,240.0,42.33333,89.0,0.476,8.66667,25.0,0.348,22.33333,27.0,0.82033,13.0,36.0,49.0,24.33333,7.33333,6.0,11.0,18.0,115.66667,1,0.19755,-0.19755,0.43099,0.24646,0.5249,0.4887,0.6101,0.56088,1503.11239,1534.29548,0.56378,0.43622,1.81451,2.3992,1.0,240.0,44.66667,88.0,0.50767,11.0,25.0,0.42633,18.33333,22.66667,0.84933,11.0,39.66667,50.66667,26.0,6.33333,4.0,16.0,22.33333,118.66667,240.0,38.33333,87.0,0.44033,10.33333,31.0,0.32867,19.66667,26.0,0.775,8.66667,27.0,35.66667,23.66667,8.0,4.33333,12.66667,20.66667,106.66667,1,-0.1507,0.1507,0.22112,0.40792,0.49987,0.57063,0.5752,0.63945,1344.70036,1560.83836,0.76928,0.23072,1.3004,4.35164,0.0,,,,
240.0,39.0,83.0,0.47033,8.0,23.33333,0.33933,23.0,28.66667,0.78933,8.33333,38.33333,46.66667,21.66667,6.33333,3.66667,12.33333,19.66667,109.0,240.0,38.33333,85.66667,0.448,8.66667,28.33333,0.32433,19.33333,25.0,0.771,8.33333,34.66667,43.0,22.0,6.66667,4.0,12.0,23.0,104.66667,0,-0.04366,0.04366,0.22703,0.24997,0.49884,0.51885,0.57519,0.61001,1483.41218,1566.38331,0.61349,0.38651,1.647,2.64551,0.33333,240.0,37.66667,88.33333,0.42567,11.66667,35.33333,0.331,25.33333,32.0,0.79433,12.0,36.66667,48.66667,23.66667,8.0,5.0,15.0,22.66667,112.33333,240.0,42.33333,92.0,0.46167,9.33333,26.33333,0.35,18.33333,26.66667,0.683,9.33333,34.0,43.33333,22.0,8.33333,3.66667,13.33333,25.66667,112.33333,0,-0.00314,0.00314,0.26662,0.356,0.51361,0.494,0.57582,0.59205,1601.7606,1490.78732,0.339,0.661,3.0898,1.52932,0.33333,,,,
240.0,36.33333,87.33333,0.41833,10.0,35.0,0.29433,15.0,18.66667,0.788,10.33333,34.66667,45.0,16.33333,6.0,2.66667,14.0,18.66667,97.66667,240.0,41.66667,84.33333,0.49433,10.0,27.66667,0.36,15.0,21.0,0.68533,6.66667,37.33333,44.0,27.33333,9.0,5.66667,10.33333,17.33333,108.33333,0,0.14506,-0.14506,0.18873,0.29682,0.55365,0.47675,0.6078,0.53726,1538.62046,1608.37136,0.61974,0.38026,1.61778,2.64643,0.66667,248.33333,47.0,85.66667,0.55333,13.66667,24.66667,0.56333,14.33333,19.0,0.753,8.0,35.0,43.0,26.0,8.33333,5.33333,13.33333,20.0,122.0,248.33333,35.66667,85.0,0.418,12.0,31.66667,0.37767,17.0,23.66667,0.70833,11.33333,27.0,38.33333,18.0,6.66667,3.33333,15.0,18.33333,100.33333,0,-0.29364,0.29364,0.33061,0.28603,0.4888,0.63365,0.55694,0.68426,1430.29052,1465.34448,0.52571,0.47429,1.93806,2.14874,0.0,,,,
240.0,39.66667,89.66667,0.44567,11.0,34.66667,0.33967,19.0,26.0,0.74467,11.66667,34.33333,46.0,24.66667,9.66667,5.33333,14.66667,23.33333,109.33333,240.0,41.33333,86.66667,0.47867,9.33333,27.33333,0.353,21.0,28.66667,0.73567,10.33333,37.66667,48.0,21.66667,8.33333,1.0,16.66667,23.33333,113.0,1,0.04459,-0.04459,0.29695,0.34684,0.53311,0.50771,0.61002,0.57694,1517.93676,1546.00748,0.53912,0.46088,1.86768,2.19014,0.33333,240.0,46.33333,85.0,0.546,13.0,27.66667,0.45467,18.33333,23.66667,0.758,9.33333,35.0,44.33333,28.0,9.66667,5.0,17.33333,19.0,124.0,240.0,41.66667,88.66667,0.46867,9.66667,28.0,0.345,16.66667,20.0,0.816,8.66667,27.66667,36.33333,23.66667,11.33333,5.0,14.33333,22.66667,109.66667,1,-0.17817,0.17817,0.2578,0.3444,0.52349,0.62523,0.58915,0.69144,1364.69678,1579.03663,0.76493,0.23507,1.30794,4.27534,0.0,,,,
240.0,36.33333,85.66667,0.42267,14.33333,42.33333,0.33933,18.66667,23.66667,0.797,9.33333,42.33333,51.66667,22.66667,8.33333,3.0,16.66667,18.66667,105.66667,240.0,40.0,96.33333,0.41367,11.0,33.66667,0.30167,15.66667,21.66667,0.747,12.33333,36.0,48.33333,26.66667,9.66667,3.33333,12.0,22.0,106.66667,0,0.00454,-0.00454,0.29503,0.25928,0.4705,0.50676,0.52538,0.58226,1574.47933,1495.37196,0.3936,0.6064,2.56155,1.65491,0.66667,240.0,38.66667,92.0,0.42033,9.33333,30.33333,0.32433,21.0,24.66667,0.85867,7.66667,33.33333,41.0,24.0,4.66667,2.0,10.0,21.66667,107.66667,240.0,43.0,87.0,0.49467,10.66667,30.0,0.361,22.66667,29.0,0.788,10.0,41.0,51.0,27.0,7.0,5.33333,12.0,21.33333,119.33333,0,0.14078,-0.14078,0.29459,0.20075,0.55593,0.47156,0.63924,0.55325,1530.6991,1517.47815,0.5035,0.4965,2.15789,2.15116,0.66667,,,,
256.66667,39.0,94.33333,0.41667,11.33333,35.33333,0.31967,22.66667,25.0,0.91167,9.66667,40.0,49.66667,22.33333,7.66667,5.0,13.66667,19.66667,112.0,256.66667,44.66667,100.66667,0.45467,11.0,33.0,0.34567,10.66667,15.66667,0.66667,10.66667,38.33333,49.0,27.0,9.33333,4.33333,13.0,20.66667,111.0,0,-0.01355,0.01355,0.25299,0.25297,0.50913,0.47662,0.5456,0.5644,1531.6504,1514.27062,0.47535,0.52465,2.14422,1.93818,0.33333,240.0,34.33333,85.66667,0.40133,12.0,37.0,0.32433,17.33333,23.33333,0.73867,9.0,37.33333,46.33333,19.33333,9.0,5.0,17.66667,17.66667,98.0,240.0,43.33333,94.33333,0.46167,11.0,31.0,0.36033,11.33333,17.33333,0.65567,10.66667,40.33333,51.0,26.66667,8.66667,5.66667,13.0,20.33333,109.0,0,0.15334,-0.15334,0.29715,0.23517,0.51967,0.47123,0.55769,0.54049,1485.57505,1448.1013,0.46904,0.53096,2.1355,1.88575,1.0,,,,
240.0,44.33333,96.33333,0.459,12.33333,34.0,0.361,11.33333,16.66667,0.68967,9.0,33.0,42.0,23.33333,7.0,6.33333,13.66667,23.66667,112.33333,240.0,47.66667,96.66667,0.49333,12.33333,33.0,0.38,19.0,24.33333,0.76433,12.33333,40.33333,52.66667,30.0,8.0,6.0,12.33333,20.33333,126.66667,0,0.17405,-0.17405,0.37623,0.23261,0.5569,0.52395,0.62081,0.56197,1523.88712,1472.8578,0.44667,0.55333,2.25064,1.81326,1.0,240.0,42.33333,83.0,0.51233,9.33333,24.33333,0.385,30.0,40.0,0.74867,12.66667,31.66667,44.33333,26.66667,10.0,3.66667,17.33333,26.0,124.0,240.0,42.33333,85.0,0.501,10.0,26.0,0.39933,22.33333,27.33333,0.823,7.66667,25.0,32.66667,23.0,10.33333,5.33333,15.33333,28.33333,117.0,0,-0.08493,0.08493,0.23804,0.54882,0.55992,0.56942,0.64474,0.67908,1356.34005,1520.94099,0.71516,0.28484,1.39917,3.52552,0.0,,,,
240.0,37.0,84.33333,0.43833,13.66667,39.66667,0.34633,16.0,20.0,0.77,10.0,29.33333,39.33333,21.66667,11.0,3.33333,14.66667,22.33333,103.66667,240.0,42.0,80.66667,0.51967,8.66667,21.0,0.419,17.0,22.33333,0.755,8.66667,35.33333,44.0,28.0,6.33333,6.33333,16.66667,19.33333,109.66667,0,0.08117,-0.08117,0.30516,0.29057,0.57367,0.5194,0.64123,0.58408,1511.18785,1455.16764,0.43281,0.56719,2.3197,1.76747,0.66667,240.0,36.66667,94.33333,0.38967,8.33333,28.33333,0.28633,15.0,20.33333,0.74967,11.0,36.66667,47.66667,18.33333,7.66667,5.33333,10.66667,20.66667,96.66667,240.0,39.0,89.33333,0.43867,14.33333,40.0,0.359,17.33333,23.66667,0.755,9.66667,44.0,53.66667,23.66667,6.66667,7.66667,14.0,19.33333,109.66667,0,0.18267,-0.18267,0.25751,0.24437,0.51874,0.43595,0.58173,0.49232,1558.44604,1423.25773,0.33937,0.66063,3.22722,1.55233,1.0,,,,
248.33333,37.33333,88.0,0.422,13.33333,36.33333,0.368,13.0,19.0,0.66267,6.66667,34.66667,41.33333,20.33333,6.66667,2.66667,12.66667,18.66667,101.0,248.33333,43.33333,91.33333,0.475,11.33333,32.33333,0.35267,14.33333,19.66667,0.73567,9.0,40.33333,49.33333,24.66667,6.66667,3.66667,10.66667,18.0,112.33333,1,0.15824,-0.15824,0.27331,0.17386,0.53774,0.49763,0.58867,0.5468,1492.86734,1412.87655,0.40516,0.59484,2.52711,1.69656,1.0,240.0,43.66667,91.33333,0.47767,10.66667,31.33333,0.341,26.0,33.0,0.801,11.33333,29.33333,40.66667,23.0,13.0,5.0,13.66667,20.33333,124.0,240.0,45.0,92.66667,0.48767,14.0,38.66667,0.365,16.33333,20.0,0.82633,13.66667,35.33333,49.0,27.66667,6.33333,5.0,20.66667,26.0,120.33333,1,-0.05195,0.05195,0.4623,0.32298,0.56366,0.53636,0.62231,0.62859,1367.10023,1606.76283,0.80874,0.19126,1.23731,5.29396,0.33333,,,,
240.0,40.33333,83.0,0.486,13.0,33.66667,0.385,18.33333,23.0,0.79833,7.33333,30.33333,37.66667,29.0,8.0,5.0,13.33333,21.0,112.0,240.0,40.66667,84.33333,0.482,13.0,32.33333,0.40233,22.33333,27.33333,0.82933,10.66667,34.0,44.66667,22.66667,7.0,3.33333,13.33333,20.33333,116.66667,0,0.05338,-0.05338,0.35002,0.22033,0.55752,0.56478,0.6449,0.637,1525.7394,1578.86302,0.5851,0.4149,1.71193,2.41763,0.66667,240.0,40.33333,93.0,0.43467,9.0,29.0,0.31467,18.66667,24.0,0.767,14.0,32.66667,46.66667,26.66667,7.0,4.66667,12.0,20.0,108.33333,240.0,39.66667,88.0,0.451,8.33333,28.0,0.30033,18.33333,26.0,0.702,12.33333,33.66667,46.0,23.66667,8.0,6.66667,13.66667,21.33333,106.0,0,-0.03319,0.03319,0.38108,0.42441,0.49818,0.48313,0.56531,0.55176,1505.80718,1498.6257,0.48949,0.51051,2.10997,2.01134,0.33333,,,,
256.66667,43.33333,91.0,0.477,11.0,32.33333,0.33767,25.66667,32.0,0.80167,10.0,35.33333,45.33333,24.33333,11.33333,6.66667,14.0,24.0,123.33333,256.66667,47.0,94.66667,0.50167,15.33333,36.0,0.43033,17.0,21.66667,0.77533,9.66667,34.66667,44.33333,32.33333,9.0,3.0,15.33333,22.33333,126.33333,0,0.03968,-0.03968,0.26303,0.28922,0.5826,0.53799,0.644,0.63026,1554.43796,1581.72024,0.54824,0.45176,1.91712,2.37912,0.33333,240.0,35.0,86.0,0.40667,10.33333,38.0,0.27767,18.33333,24.66667,0.76067,10.66667,34.33333,45.0,20.33333,6.66667,2.0,16.0,15.66667,98.66667,240.0,46.33333,92.33333,0.50367,15.66667,36.33333,0.42667,13.33333,15.66667,0.842,9.66667,38.33333,48.0,34.66667,10.66667,4.33333,12.66667,20.66667,121.66667,0,0.30126,-0.30126,0.28655,0.27766,0.58816,0.46719,0.63641,0.54019,1606.65458,1512.44486,0.40149,0.59851,2.53176,1.684,1.0,,,,
240.0,36.0,89.33333,0.403,12.33333,33.0,0.37667,16.33333,22.33333,0.71367,11.0,36.33333,47.33333,21.33333,4.66667,6.0,14.0,15.66667,100.66667,240.0,47.0,95.0,0.49633,14.33333,35.66667,0.40667,11.33333,14.0,0.80433,8.66667,38.33333,47.0,28.66667,8.0,10.66667,10.0,21.66667,119.66667,1,0.24535,-0.24535,0.23444,0.28817,0.57201,0.47205,0.61192,0.53371,1519.3726,1483.87971,0.47953,0.52047,2.08712,1.92262,1.0,256.66667,42.66667,94.33333,0.445,10.66667,31.0,0.34067,18.0,24.0,0.74967,10.33333,33.0,43.33333,25.0,9.66667,4.66667,14.33333,25.33333,114.0,256.66667,46.33333,85.66667,0.53733,12.0,22.66667,0.547,24.33333,28.0,0.87533,5.33333,38.0,43.33333,32.0,8.33333,4.33333,14.66667,21.0,129.0,1,0.19563,-0.19563,0.16592,0.27281,0.60566,0.50081,0.69965,0.56656,1572.69761,1545.76282,0.49253,0.50747,2.08113,2.00857,1.0,,,,
240.0,37.66667,84.0,0.44767,8.0,21.33333,0.37433,17.33333,20.66667,0.848,8.0,34.33333,42.33333,19.33333,7.0,3.66667,12.66667,17.33333,100.66667,240.0,38.33333,86.66667,0.44533,9.66667,29.66667,0.332,17.33333,19.66667,0.87933,10.33333,34.66667,45.0,22.33333,6.0,7.0,13.0,18.0,103.66667,0,0.03544,-0.03544,0.2956,0.22967,0.50132,0.49533,0.57248,0.56797,1506.81057,1372.30227,0.32275,0.67725,3.30688,1.50309,0.66667,256.66667,39.33333,97.33333,0.405,13.33333,39.33333,0.32133,21.33333,24.0,0.89167,11.0,36.0,47.0,21.0,8.66667,3.33333,13.33333,16.66667,113.33333,256.66667,49.0,101.33333,0.485,13.66667,42.0,0.328,10.0,14.0,0.722,12.66667,39.0,51.66667,35.0,9.0,8.33333,14.66667,17.33333,121.66667,0,0.11233,-0.11233,0.36091,0.28375,0.55247,0.47208,0.58444,0.55148,1578.42005,1460.50294,0.34986,0.65014,3.14497,1.56912,0.33333,,,,
240.0,37.66667,84.66667,0.44367,10.66667,30.0,0.345,22.66667,27.0,0.84133,9.33333,29.66667,39.0,25.0,7.33333,2.33333,13.0,22.66667,108.66667,240.0,45.66667,91.0,0.50467,10.66667,32.33333,0.33567,21.0,26.66667,0.75767,12.66667,34.66667,47.33333,29.66667,7.33333,5.33333,12.0,22.33333,123.0,0,0.18089,-0.18089,0.43434,0.26922,0.56375,0.50659,0.63885,0.59795,1477.79814,1339.47197,0.33284,0.66716,3.35439,1.54435,1.0,240.0,42.0,88.66667,0.47333,7.0,27.0,0.259,19.0,25.0,0.77433,10.0,34.66667,44.66667,25.33333,9.66667,4.0,12.33333,25.66667,110.0,240.0,33.66667,77.0,0.43967,19.33333,45.33333,0.42733,29.0,37.0,0.79033,8.33333,33.66667,42.0,22.0,5.66667,4.66667,15.33333,22.0,115.66667,0,0.07259,-0.07259,0.23203,0.311,0.56617,0.51274,0.68265,0.58372,1535.74294,1563.87443,0.55117,0.44883,1.84715,2.29246,0.66667,,,,
240.0,44.0,90.33333,0.488,9.33333,25.33333,0.37,21.66667,28.33333,0.764,9.66667,36.33333,46.0,23.33333,5.66667,5.33333,11.33333,25.33333,119.0,240.0,42.66667,91.33333,0.46867,14.0,32.33333,0.437,24.0,30.66667,0.777,10.66667,35.66667,46.33333,25.33333,6.33333,7.33333,10.33333,23.0,123.33333,1,0.05157,-0.05157,0.29932,0.27419,0.54565,0.53985,0.63223,0.61699,1480.09844,1532.28921,0.57443,0.42557,1.74299,2.35485,1.0,240.0,43.0,82.0,0.525,13.66667,29.33333,0.472,15.66667,18.66667,0.837,9.33333,36.33333,45.66667,27.66667,7.0,5.0,11.66667,17.0,115.33333,240.0,34.66667,80.33333,0.43167,10.33333,25.0,0.41567,12.0,14.66667,0.81,5.33333,25.33333,30.66667,16.0,6.33333,2.0,12.0,19.0,91.66667,1,-0.33106,0.33106,0.14425,0.39722,0.49712,0.608,0.54991,0.67021,1345.31269,1484.15288,0.65595,0.34405,1.57858,3.20727,0.0,,,,
240.0,42.0,89.66667,0.46833,10.0,31.66667,0.311,17.0,22.66667,0.75433,15.0,35.0,50.0,27.33333,4.0,2.66667,14.66667,20.33333,111.0,240.0,40.33333,83.0,0.486,14.33333,36.33333,0.38167,17.33333,24.66667,0.687,6.66667,28.33333,35.0,25.66667,7.33333,4.66667,9.66667,21.33333,112.33333,0,0.01276,-0.01276,0.18878,0.5331,0.57433,0.52436,0.63786,0.58609,1499.80759,1552.81751,0.58297,0.41703,1.72068,2.41257,0.33333,240.0,41.66667,85.0,0.49033,10.66667,26.0,0.40467,23.0,31.66667,0.72567,14.0,30.0,44.0,26.33333,10.66667,4.33333,20.0,22.33333,117.0,240.0,43.0,82.66667,0.52033,9.66667,23.0,0.42467,17.33333,21.66667,0.80833,6.33333,26.33333,32.66667,26.0,13.0,6.66667,16.66667,25.33333,113.0,0,-0.04934,0.04934,0.21444,0.58057,0.57913,0.55405,0.64701,0.63708,1354.15164,1500.10489,0.69301,0.30699,1.44354,3.26357,0.33333,,,,
240.0,46.0,92.0,0.50267,18.0,40.0,0.45633,16.0,19.33333,0.83433,11.66667,35.0,46.66667,28.66667,7.0,8.0,12.66667,20.66667,126.0,240.0,40.33333,91.0,0.44233,15.0,33.33333,0.441,19.66667,24.33333,0.804,13.0,31.0,44.0,25.0,8.0,2.33333,11.0,20.33333,115.33333,1,-0.1281,0.1281,0.37821,0.37482,0.52368,0.59991,0.59827,0.65709,1438.15152,1584.8238,0.69075,0.30925,1.45611,3.34888,0.0,240.0,39.0,85.66667,0.456,9.66667,29.0,0.32733,20.0,24.66667,0.81833,9.33333,32.0,41.33333,22.66667,5.33333,3.66667,12.66667,18.66667,107.66667,240.0,47.33333,94.0,0.50733,11.33333,29.66667,0.387,14.0,17.66667,0.78967,12.0,32.66667,44.66667,26.66667,7.33333,4.66667,9.0,20.66667,120.0,1,0.15799,-0.15799,0.37158,0.29413,0.56704,0.51222,0.61704,0.59161,1562.63499,1520.18323,0.45895,0.54105,2.18048,1.8492,1.0,,,,
248.33333,39.66667,88.0,0.45033,16.66667,46.0,0.35967,18.66667,22.66667,0.82533,10.33333,32.0,42.33333,21.33333,7.66667,5.66667,11.33333,20.66667,114.66667,248.33333,45.66667,96.0,0.47433,10.66667,31.0,0.34,14.0,17.33333,0.816,11.33333,35.0,46.33333,28.33333,7.33333,4.33333,12.33333,17.66667,116.0,0,0.01932,-0.01932,0.36062,0.29722,0.52937,0.54438,0.57945,0.61477,1541.65147,1530.05714,0.48702,0.51298,2.06894,1.96227,0.33333,240.0,35.0,92.33333,0.38033,9.33333,32.33333,0.287,19.66667,25.0,0.79467,13.66667,32.33333,46.0,19.33333,5.66667,5.0,10.0,20.0,99.0,240.0,40.0,87.33333,0.45767,9.0,29.33333,0.309,21.0,23.33333,0.89933,9.66667,42.0,51.66667,23.66667,4.0,5.66667,14.33333,20.0,110.0,0,0.1565,-0.1565,0.30737,0.33395,0.50911,0.43065,0.59484,0.50685,1433.31369,1552.61033,0.67774,0.32226,1.5075,3.33829,1.0,,,,
248.33333,46.0,90.0,0.51267,8.66667,24.0,0.34567,17.0,23.33333,0.72767,10.33333,30.66667,41.0,28.0,9.33333,3.33333,14.33333,17.66667,117.66667,248.33333,45.33333,88.33333,0.51333,15.33333,32.33333,0.472,13.33333,16.0,0.82933,9.0,31.66667,40.66667,31.0,9.0,4.0,17.0,22.66667,119.33333,1,0.02514,-0.02514,0.29579,0.32607,0.6004,0.56217,0.65018,0.62106,1440.89738,1590.32785,0.70282,0.29718,1.46944,3.83514,0.33333,240.0,44.33333,83.0,0.53467,14.66667,31.0,0.47833,19.0,22.66667,0.83033,10.33333,35.66667,46.0,28.66667,9.0,6.33333,12.66667,16.66667,122.33333,240.0,34.0,81.66667,0.41733,12.0,28.33333,0.43567,13.66667,16.0,0.855,6.33333,25.33333,31.66667,19.66667,8.66667,2.33333,14.0,20.0,93.66667,1,-0.38332,0.38332,0.17748,0.43889,0.49153,0.62296,0.55144,0.69553,1333.83652,1535.09088,0.74392,0.25608,1.34563,3.9368,0.0,,,,
240.0,39.0,82.33333,0.477,8.33333,23.66667,0.35133,29.0,38.33333,0.75533,12.33333,36.33333,48.66667,24.0,8.33333,5.0,19.0,23.66667,115.33333,240.0,42.33333,89.33333,0.47433,11.33333,30.66667,0.376,22.33333,29.0,0.765,10.33333,26.33333,36.66667,24.0,11.33333,3.33333,14.33333,25.33333,118.33333,1,0.03941,-0.03941,0.29984,0.46164,0.53795,0.52862,0.6184,0.63881,1387.88981,1538.1864,0.71805,0.28195,1.3966,3.60491,0.33333,240.0,38.33333,93.66667,0.409,10.0,31.66667,0.31733,11.0,16.33333,0.70033,15.66667,31.0,46.66667,25.0,7.66667,5.66667,19.33333,25.0,97.66667,240.0,47.0,86.66667,0.542,9.33333,22.66667,0.40033,20.66667,28.33333,0.72467,8.0,36.66667,44.66667,31.0,11.66667,6.0,12.66667,17.33333,124.0,1,0.34765,-0.34765,0.25758,0.45147,0.59589,0.46208,0.66712,0.50148,1592.94596,1395.60089,0.26192,0.73808,4.05958,1.36779,1.0,,,,
240.0,36.66667,92.0,0.39833,13.0,30.0,0.43167,14.0,18.66667,0.74267,11.0,29.33333,40.33333,22.0,7.33333,3.33333,11.0,20.0,100.33333,240.0,45.66667,93.66667,0.48767,13.0,34.0,0.38033,14.33333,19.33333,0.74933,14.0,42.66667,56.66667,28.66667,6.33333,7.66667,13.33333,20.0,118.66667,1,0.24144,-0.24144,0.48677,0.26686,0.55716,0.4694,0.60654,0.52278,1573.73712,1359.79077,0.23814,0.76186,4.27665,1.31474,1.0,240.0,42.0,97.0,0.435,8.66667,28.0,0.308,20.33333,25.66667,0.77867,11.0,43.0,54.0,22.33333,8.66667,4.66667,12.0,25.33333,113.0,240.0,40.0,91.33333,0.43667,11.0,33.66667,0.32233,18.33333,29.0,0.62667,9.33333,42.0,51.33333,25.66667,6.66667,5.33333,16.0,21.66667,109.33333,1,-0.05094,0.05094,0.22582,0.25769,0.49606,0.47981,0.55879,0.55378,1536.91307,1533.86997,0.48766,0.51234,2.11196,2.01651,0.33333,,,,
240.0,35.33333,83.33333,0.427,7.66667,32.33333,0.24233,8.66667,18.0,0.523,7.66667,35.33333,43.0,25.0,5.33333,6.33333,16.33333,17.0,87.0,240.0,42.0,89.66667,0.46667,13.33333,32.0,0.41567,12.0,16.33333,0.73767,9.66667,41.66667,51.33333,27.66667,7.33333,3.33333,11.66667,18.0,109.33333,1,0.32462,-0.32462,0.29092,0.1865,0.5407,0.47387,0.58498,0.50131,1490.34546,1501.99347,0.54338,0.45662,2.06653,2.51253,1.0,248.33333,45.0,84.0,0.53733,12.0,33.33333,0.364,14.0,19.0,0.73367,6.33333,33.33333,39.66667,28.33333,6.0,5.0,11.66667,14.33333,116.0,248.33333,41.33333,88.33333,0.467,8.66667,22.0,0.38933,8.66667,12.0,0.709,8.0,30.66667,38.66667,22.66667,8.0,2.0,13.33333,18.33333,100.0,1,-0.22613,0.22613,0.24565,0.20374,0.5158,0.60966,0.54805,0.66046,1364.65739,1509.80436,0.67083,0.32917,1.51687,3.32414,0.0,,,,
240.0,43.0,88.33333,0.486,12.0,34.66667,0.34833,18.66667,24.0,0.78533,7.66667,36.33333,44.0,27.0,10.0,6.0,14.66667,22.33333,116.66667,240.0,38.66667,91.0,0.42767,13.33333,34.0,0.39467,18.66667,25.0,0.74333,12.33333,36.0,48.33333,25.33333,8.0,5.66667,18.0,20.66667,109.33333,1,-0.08878,0.08878,0.35045,0.21178,0.50281,0.55416,0.57066,0.62206,1423.68053,1646.82483,0.77795,0.22205,1.28888,4.68636,0.33333,240.0,40.0,91.0,0.43933,12.33333,40.0,0.30033,17.33333,23.33333,0.73267,9.33333,32.33333,41.66667,21.0,6.33333,3.0,9.66667,19.33333,109.66667,240.0,41.33333,87.66667,0.47033,10.0,29.33333,0.34967,19.33333,22.0,0.86533,11.0,37.0,48.0,24.0,4.33333,4.33333,13.0,19.66667,112.0,1,0.03089,-0.03089,0.34626,0.25329,0.52751,0.50607,0.60553,0.57053,1412.85675,1538.28388,0.67375,0.32625,1.49844,3.18898,0.66667,,,,
248.33333,42.66667,96.66667,0.441,13.0,32.66667,0.39533,11.33333,17.33333,0.64967,17.0,36.66667,53.66667,27.33333,7.66667,5.66667,18.0,25.0,109.66667,248.33333,43.0,91.33333,0.472,11.0,28.33333,0.39367,19.66667,30.0,0.672,11.33333,33.33333,44.66667,28.66667,12.33333,5.66667,11.66667,21.33333,116.66667,0,0.09522,-0.09522,0.3035,0.52264,0.53258,0.50789,0.59771,0.54475,1514.18301,1358.94379,0.30904,0.69096,3.528,1.47316,0.66667,240.0,36.33333,89.33333,0.41067,13.33333,33.0,0.404,17.0,24.0,0.712,9.66667,32.33333,42.0,24.0,7.0,3.66667,12.66667,21.0,103.0,240.0,45.33333,89.33333,0.51233,14.0,36.66667,0.37533,16.0,21.0,0.77967,7.0,39.33333,46.33333,26.0,5.66667,7.33333,12.66667,18.33333,120.66667,0,0.23076,-0.23076,0.2162,0.24429,0.58931,0.48658,0.64529,0.54929,1628.0627,1434.2665,0.26396,0.73604,3.93527,1.36408,1.0,,,,
240.0,38.66667,90.33333,0.427,12.66667,40.0,0.31333,15.0,20.0,0.75933,10.66667,41.0,51.66667,24.66667,7.33333,3.0,13.0,16.66667,105.0,240.0,37.66667,89.66667,0.42133,11.0,34.33333,0.29533,15.0,21.0,0.74067,11.33333,38.0,49.33333,29.66667,7.66667,4.0,12.0,18.66667,101.33333,1,-0.05354,0.05354,0.27836,0.28483,0.4806,0.49657,0.53743,0.55272,1551.23392,1496.08398,0.41947,0.58053,2.39077,1.72497,0.66667,248.33333,40.33333,91.66667,0.43833,10.0,28.0,0.339,13.33333,22.33333,0.59433,11.33333,35.66667,47.0,26.66667,7.66667,5.66667,18.33333,24.33333,104.0,248.33333,44.0,92.66667,0.47533,10.33333,30.0,0.34467,17.66667,27.33333,0.66867,11.33333,39.0,50.33333,27.0,10.0,6.66667,13.0,24.33333,116.0,1,0.17113,-0.17113,0.31527,0.31591,0.53117,0.49165,0.58851,0.53645,1524.29871,1437.76633,0.40663,0.59337,2.58854,1.72427,0.66667,,,,
240.0,39.33333,81.33333,0.48567,11.0,30.0,0.37033,15.66667,22.0,0.726,9.33333,34.33333,43.66667,23.66667,7.33333,5.0,16.66667,19.0,105.33333,240.0,38.33333,87.0,0.44067,11.33333,29.0,0.39233,13.33333,16.33333,0.82567,9.66667,30.66667,40.33333,22.66667,10.0,3.33333,15.0,22.33333,101.33333,1,-0.05367,0.05367,0.28114,0.30543,0.506,0.55326,0.55948,0.61263,1405.78972,1505.80603,0.62441,0.37559,1.78846,3.2413,0.33333,240.0,40.66667,86.66667,0.471,10.66667,31.0,0.35567,24.33333,31.66667,0.77033,12.33333,37.33333,49.66667,19.33333,8.66667,7.0,15.33333,25.66667,116.33333,240.0,37.66667,84.66667,0.445,9.33333,28.0,0.33133,23.33333,30.66667,0.761,9.33333,30.0,39.33333,21.33333,7.0,5.0,13.33333,22.33333,108.0,1,-0.10422,0.10422,0.26199,0.41306,0.50052,0.533,0.59145,0.62346,1342.48838,1547.96457,0.7606,0.2394,1.31514,4.1901,0.0,,,,
240.0,43.66667,97.66667,0.44933,7.66667,29.66667,0.271,14.33333,21.66667,0.668,11.66667,39.0,50.66667,20.33333,11.66667,3.66667,12.66667,20.0,109.33333,240.0,37.66667,86.66667,0.43533,10.0,31.66667,0.30933,17.0,23.33333,0.76833,8.0,37.66667,45.66667,22.33333,9.33333,6.33333,19.0,21.0,102.33333,1,-0.09336,0.09336,0.21189,0.31732,0.49387,0.48882,0.55919,0.5363,1467.22726,1608.83742,0.68003,0.31997,1.48787,3.34297,0.33333,248.33333,39.0,93.0,0.42367,10.66667,34.0,0.33967,20.66667,27.66667,0.74633,7.33333,35.0,42.33333,22.33333,8.33333,2.66667,10.66667,19.66667,109.33333,248.33333,45.66667,92.66667,0.49667,10.66667,30.33333,0.37467,16.33333,21.33333,0.76133,8.33333,44.33333,52.66667,25.0,4.33333,4.0,14.33333,21.66667,118.33333,1,0.11545,-0.11545,0.24243,0.16328,0.5549,0.48219,0.61271,0.55794,1504.20771,1537.07572,0.55779,0.44221,1.81103,2.2929,0.66667,,,,
240.0,36.66667,94.66667,0.38767,6.0,26.0,0.22933,16.66667,26.33333,0.63467,13.0,36.0,49.0,20.66667,9.0,3.66667,15.33333,21.0,96.0,240.0,38.33333,90.33333,0.42533,11.33333,34.66667,0.32267,18.0,25.66667,0.70333,12.33333,43.33333,55.66667,20.0,9.66667,8.33333,16.0,22.33333,106.0,1,0.1458,-0.1458,0.34369,0.2984,0.48718,0.41959,0.55215,0.47852,1527.50537,1517.46607,0.50723,0.49277,1.97715,2.03527,0.66667,240.0,42.0,95.66667,0.43867,10.33333,33.0,0.316,21.33333,27.33333,0.77267,14.66667,35.0,49.66667,23.66667,7.33333,6.33333,11.0,19.0,115.66667,240.0,41.33333,88.66667,0.46667,11.0,26.0,0.426,18.66667,24.66667,0.74167,8.0,35.66667,43.66667,23.66667,7.33333,4.33333,12.33333,21.0,112.33333,1,-0.04811,0.04811,0.24311,0.41671,0.52887,0.49297,0.59674,0.56933,1596.30185,1517.70399,0.38082,0.61918,2.84135,1.65296,0.33333,,,,
240.0,32.66667,86.33333,0.379,11.66667,33.66667,0.345,17.66667,24.33333,0.72467,8.33333,38.66667,47.0,18.66667,6.66667,4.0,13.0,17.66667,94.66667,240.0,42.0,91.66667,0.459,10.0,29.66667,0.34067,13.66667,19.0,0.73,8.0,43.33333,51.33333,22.66667,7.0,4.0,9.66667,19.66667,107.66667,0,0.18543,-0.18543,0.20182,0.19623,0.51428,0.44659,0.5637,0.51667,1515.26508,1417.34427,0.38552,0.61448,2.63955,1.63822,1.0,240.0,40.0,81.33333,0.49267,7.66667,24.66667,0.31867,20.33333,25.66667,0.78767,7.33333,29.66667,37.0,21.66667,10.33333,5.0,12.33333,19.66667,108.0,240.0,39.33333,82.33333,0.47767,11.33333,31.33333,0.36633,16.0,18.66667,0.857,8.33333,34.0,42.33333,21.66667,6.66667,2.66667,17.0,21.66667,106.0,0,-0.0208,0.0208,0.29773,0.22411,0.54658,0.53965,0.61338,0.62082,1475.01222,1516.80731,0.55924,0.44076,1.85442,2.37507,0.33333,,,,
240.0,41.33333,94.0,0.441,9.66667,35.33333,0.27367,14.33333,18.0,0.792,10.66667,31.66667,42.33333,22.0,10.0,4.66667,11.66667,18.33333,106.66667,240.0,39.66667,86.33333,0.45967,11.0,30.33333,0.36267,16.0,21.0,0.76633,9.66667,35.33333,45.0,25.0,7.66667,4.33333,17.66667,18.33333,106.33333,0,-0.00263,0.00263,0.32478,0.3041,0.52387,0.49226,0.58568,0.54487,1533.1392,1430.5562,0.34881,0.65119,3.01834,1.55426,0.66667,240.0,37.33333,89.66667,0.417,9.66667,34.0,0.28767,19.0,24.33333,0.78433,7.0,34.66667,41.66667,22.0,3.66667,2.33333,12.66667,22.0,103.33333,240.0,44.0,85.33333,0.515,9.66667,26.66667,0.35467,23.33333,31.0,0.76333,7.0,44.0,51.0,31.66667,7.66667,5.33333,10.0,21.0,121.0,0,0.22279,-0.22279,0.20384,0.15934,0.57119,0.47114,0.65578,0.54454,1538.30644,1490.87995,0.46387,0.53613,2.32589,1.99705,1.0,,,,
248.33333,38.66667,90.0,0.43,10.33333,32.33333,0.319,23.33333,27.0,0.87167,11.66667,36.33333,48.0,23.0,7.33333,4.66667,13.66667,21.33333,111.0,248.33333,44.0,94.33333,0.47767,10.0,27.0,0.37567,15.0,18.66667,0.79733,9.66667,35.66667,45.33333,23.0,8.0,3.33333,12.33333,22.0,113.0,1,0.02551,-0.02551,0.25904,0.32464,0.53109,0.48753,0.5871,0.57909,1507.18191,1525.6197,0.53012,0.46988,1.90233,2.14832,0.66667,240.0,37.0,91.33333,0.405,8.33333,28.33333,0.29267,16.0,19.66667,0.82133,7.0,33.66667,40.66667,18.66667,10.0,4.66667,10.66667,21.66667,98.33333,240.0,37.66667,84.33333,0.446,13.66667,39.66667,0.34367,19.33333,25.33333,0.79167,9.66667,42.0,51.66667,25.33333,5.66667,6.33333,16.33333,19.33333,108.33333,1,0.13811,-0.13811,0.28722,0.16724,0.52645,0.45083,0.60271,0.51423,1571.87988,1367.18301,0.24829,0.75171,4.35068,1.34294,1.0,,,,
240.0,44.33333,93.0,0.47667,12.66667,31.0,0.41067,13.0,18.66667,0.70233,11.0,32.66667,43.66667,25.33333,9.0,6.66667,17.0,21.0,114.33333,240.0,46.66667,94.0,0.497,12.33333,32.33333,0.39,15.33333,20.66667,0.73833,11.66667,34.0,45.66667,28.0,10.66667,6.0,15.0,20.66667,121.0,0,0.08103,-0.08103,0.35842,0.33292,0.56227,0.54687,0.61431,0.59205,1467.17022,1471.76433,0.51027,0.48973,2.0554,2.19096,1.0,240.0,38.33333,90.0,0.42467,10.66667,35.66667,0.278,15.66667,19.0,0.82533,11.33333,39.66667,51.0,22.66667,6.33333,6.33333,11.66667,18.33333,103.0,240.0,38.33333,91.66667,0.42,9.33333,29.66667,0.32633,17.0,20.66667,0.782,10.0,37.0,47.0,23.66667,5.33333,4.0,10.0,19.33333,103.0,0,-0.00519,0.00519,0.2486,0.30706,0.4709,0.48232,0.53754,0.54466,1520.66615,1470.63266,0.43047,0.56953,2.3312,1.7592,0.66667,,,,
240.0,34.0,89.66667,0.384,11.66667,34.66667,0.34533,18.33333,22.0,0.83767,10.66667,31.0,41.66667,18.0,5.66667,4.66667,14.0,20.33333,98.0,240.0,44.33333,87.0,0.51067,9.66667,26.33333,0.36433,17.0,23.0,0.70233,7.0,42.33333,49.33333,30.0,7.66667,7.0,12.66667,19.33333,115.33333,0,0.23554,-0.23554,0.23681,0.2646,0.5667,0.45021,0.62654,0.52449,1496.42676,1596.66295,0.67412,0.32588,1.49011,3.1387,0.66667,240.0,37.0,87.0,0.42533,11.66667,31.66667,0.35333,18.33333,24.66667,0.73033,9.66667,32.33333,42.0,26.0,8.66667,5.33333,12.0,17.66667,104.0,240.0,44.33333,89.33333,0.497,14.33333,30.33333,0.47567,15.33333,19.33333,0.79467,8.66667,39.0,47.66667,30.66667,6.33333,3.66667,12.33333,18.66667,118.33333,0,0.18663,-0.18663,0.27306,0.24791,0.57719,0.49125,0.63289,0.56265,1541.29132,1544.724,0.5264,0.4736,1.90349,2.11659,1.0,,,,
240.0,39.33333,91.66667,0.42933,12.33333,34.66667,0.35667,15.0,22.33333,0.66167,13.0,31.66667,44.66667,25.33333,8.0,4.66667,17.33333,21.66667,106.0,240.0,46.66667,92.0,0.50567,12.0,31.0,0.39567,19.33333,26.66667,0.72567,10.0,37.0,47.0,31.33333,11.33333,5.33333,11.66667,21.33333,124.66667,0,0.22795,-0.22795,0.32727,0.37952,0.57088,0.49711,0.63574,0.54976,1555.95812,1352.58969,0.2645,0.7355,4.45829,1.39772,1.0,240.0,39.33333,90.33333,0.43433,6.66667,23.0,0.28867,18.0,22.33333,0.81067,10.33333,33.33333,43.66667,21.0,7.0,3.33333,11.33333,20.66667,103.33333,240.0,41.0,86.33333,0.479,11.0,28.66667,0.37933,19.66667,24.0,0.85167,10.0,36.0,46.0,21.66667,6.0,6.0,11.66667,19.0,112.66667,0,0.12383,-0.12383,0.29025,0.28788,0.54253,0.47145,0.61818,0.54153,1586.86099,1502.2582,0.40761,0.59239,2.75279,1.75937,1.0,,,,
240.0,41.0,91.0,0.45,7.66667,24.33333,0.32333,19.0,22.66667,0.83467,9.33333,34.66667,44.0,19.66667,5.66667,3.66667,8.66667,21.0,108.66667,240.0,43.0,89.66667,0.48033,14.33333,38.33333,0.381,21.33333,27.33333,0.775,9.33333,36.33333,45.66667,25.66667,4.33333,6.66667,10.0,19.0,121.66667,0,0.14496,-0.14496,0.26444,0.25942,0.56042,0.49239,0.6366,0.56601,1529.99167,1313.61052,0.22899,0.77101,4.3703,1.29709,0.66667,240.0,37.33333,96.66667,0.38667,7.66667,29.33333,0.257,14.66667,19.0,0.78733,10.33333,36.33333,46.66667,18.0,10.0,5.33333,10.0,23.0,97.0,240.0,35.66667,88.0,0.40533,14.33333,41.33333,0.34567,22.0,31.0,0.71,12.0,45.33333,57.33333,22.33333,6.66667,7.66667,15.33333,18.66667,107.66667,0,0.14951,-0.14951,0.32941,0.22391,0.4864,0.42732,0.56842,0.4825,1564.48983,1436.8316,0.34694,0.65306,3.15912,1.56938,1.0,,,,
240.0,36.33333,88.0,0.41833,10.66667,31.66667,0.335,22.33333,28.0,0.797,9.0,30.33333,39.33333,22.33333,7.33333,7.33333,10.66667,22.0,105.66667,240.0,43.66667,86.33333,0.50667,12.0,30.0,0.40167,19.66667,23.0,0.85967,7.66667,39.66667,47.33333,30.0,6.33333,3.33333,13.66667,19.66667,119.0,1,0.18494,-0.18494,0.26391,0.21779,0.57705,0.4794,0.65301,0.56637,1548.8312,1575.38552,0.56471,0.43529,1.88483,2.58292,0.66667,240.0,39.0,90.0,0.43333,10.33333,32.66667,0.31467,15.0,20.33333,0.718,13.33333,33.0,46.33333,25.0,8.33333,5.0,17.66667,18.66667,103.33333,240.0,43.33333,87.0,0.49833,14.0,29.66667,0.46833,16.0,21.33333,0.75033,9.0,34.33333,43.33333,27.66667,12.0,2.33333,14.66667,19.33333,116.66667,1,0.17501,-0.17501,0.27713,0.40651,0.57989,0.49097,0.63748,0.54773,1448.81221,1508.39867,0.61236,0.38764,1.73128,2.89064,1.0,,,,
240.0,40.66667,87.66667,0.46367,14.0,33.66667,0.41467,25.0,29.33333,0.86633,11.66667,32.66667,44.33333,26.0,7.33333,2.0,12.0,26.33333,120.33333,240.0,38.33333,83.0,0.461,9.33333,35.33333,0.27167,30.0,36.0,0.82733,8.0,31.0,39.0,20.66667,8.0,3.33333,13.66667,24.0,116.0,1,-0.05498,0.05498,0.24083,0.38935,0.5165,0.5437,0.64039,0.63976,1529.54654,1614.94789,0.61315,0.38685,1.64191,2.63122,0.33333,240.0,42.66667,91.0,0.46833,10.66667,31.0,0.345,24.33333,29.0,0.86033,11.66667,31.0,42.66667,23.33333,11.33333,6.33333,12.66667,19.33333,120.33333,240.0,45.0,89.33333,0.50333,13.0,36.0,0.35967,13.66667,17.66667,0.79167,10.66667,35.0,45.66667,29.0,7.0,4.33333,17.0,24.0,116.66667,1,-0.05923,0.05923,0.35208,0.33462,0.57601,0.52754,0.62564,0.61792,1370.19026,1533.72069,0.71466,0.28534,1.4407,4.01081,0.33333,,,,
240.0,39.66667,85.66667,0.46433,13.0,34.66667,0.37367,15.0,18.33333,0.82367,8.33333,29.33333,37.66667,26.33333,6.66667,6.66667,13.0,17.0,107.33333,240.0,42.33333,87.66667,0.48267,13.0,30.33333,0.423,15.0,18.33333,0.78067,8.66667,34.66667,43.33333,28.0,8.0,3.33333,11.66667,19.0,112.66667,0,0.06925,-0.06925,0.29702,0.24222,0.55469,0.54102,0.61506,0.60046,1521.90805,1585.88149,0.60944,0.39056,1.65143,2.60257,0.66667,248.33333,38.33333,94.0,0.408,11.0,29.66667,0.38433,17.66667,21.33333,0.82333,14.0,31.66667,45.66667,20.33333,6.33333,7.0,13.33333,20.33333,105.33333,248.33333,42.66667,91.33333,0.46733,10.0,28.66667,0.34233,19.66667,22.66667,0.86633,10.33333,38.66667,49.0,23.33333,7.0,4.66667,14.33333,19.33333,115.0,0,0.1393,-0.1393,0.33188,0.37093,0.52151,0.46632,0.59716,0.53426,1437.74027,1477.3225,0.57126,0.42874,1.83876,2.5957,0.66667,,,,
240.0,36.66667,76.66667,0.479,9.66667,27.0,0.366,16.0,22.33333,0.71867,8.33333,30.66667,39.0,25.66667,6.33333,6.0,17.33333,21.33333,99.0,240.0,40.33333,81.0,0.499,13.0,32.0,0.404,19.0,25.0,0.769,7.33333,30.66667,38.0,23.0,10.66667,3.66667,13.66667,20.33333,112.66667,0,0.18942,-0.18942,0.24323,0.27964,0.57877,0.54244,0.65154,0.6068,1539.61069,1466.18548,0.41861,0.58139,2.39206,1.72126,1.0,240.0,37.33333,87.33333,0.42667,9.0,33.0,0.27467,20.0,25.33333,0.81667,11.66667,31.0,42.66667,21.66667,6.66667,2.0,14.66667,16.0,103.66667,240.0,47.66667,91.0,0.52433,13.33333,31.33333,0.42667,14.0,16.33333,0.85133,9.66667,37.0,46.66667,33.66667,9.0,5.0,13.33333,23.33333,122.66667,0,0.24184,-0.24184,0.33041,0.31698,0.5979,0.4788,0.64892,0.55834,1607.70674,1547.15132,0.44152,0.55848,2.32953,1.8174,1.0,,,,
240.0,36.66667,80.33333,0.45567,13.33333,40.66667,0.33067,20.33333,23.33333,0.86833,7.66667,35.66667,43.33333,24.33333,5.66667,3.0,17.33333,17.0,107.0,240.0,43.33333,91.33333,0.47433,8.0,24.66667,0.324,10.66667,14.0,0.76633,8.33333,34.0,42.33333,26.66667,9.33333,3.66667,12.66667,20.0,105.33333,0,-0.0209,0.0209,0.23929,0.22502,0.51802,0.53836,0.55777,0.62528,1483.50212,1476.64749,0.48662,0.51338,2.19353,2.07879,0.33333,240.0,41.66667,92.66667,0.45,7.66667,25.33333,0.29533,16.33333,21.66667,0.74367,12.33333,33.33333,45.66667,23.0,8.66667,3.33333,14.66667,22.66667,107.33333,240.0,42.0,82.33333,0.51,11.33333,28.33333,0.39267,20.33333,26.33333,0.79867,6.33333,35.33333,41.66667,24.66667,10.33333,5.66667,14.0,20.66667,115.66667,0,0.10653,-0.10653,0.19115,0.35253,0.57804,0.49178,0.65563,0.55082,1589.11974,1497.59512,0.39945,0.60055,2.90925,1.74563,1.0,,,,
240.0,39.0,89.0,0.43867,11.33333,33.0,0.34467,14.33333,21.33333,0.663,10.33333,33.33333,43.66667,24.66667,9.33333,3.66667,20.33333,21.33333,103.66667,240.0,45.0,90.66667,0.49333,11.66667,33.66667,0.34733,19.0,26.0,0.73133,9.33333,37.66667,47.0,30.33333,13.0,5.66667,14.0,22.0,120.66667,0,0.20766,-0.20766,0.29799,0.28503,0.55739,0.50286,0.62352,0.55423,1552.81372,1354.00529,0.26795,0.73205,4.38099,1.40327,1.0,256.66667,45.33333,94.0,0.485,9.33333,23.66667,0.365,18.66667,24.33333,0.782,10.66667,34.33333,45.0,23.0,8.33333,4.33333,12.33333,22.33333,118.66667,256.66667,46.0,94.0,0.48867,15.0,35.0,0.43,16.66667,24.0,0.70667,12.0,37.66667,49.66667,27.66667,7.33333,5.33333,14.66667,21.33333,123.66667,0,0.06268,-0.06268,0.36087,0.28787,0.56751,0.53345,0.62251,0.59791,1476.84803,1473.18193,0.49808,0.50192,2.10806,2.06862,1.0,,,,
240.0,38.33333,90.0,0.42533,12.66667,34.0,0.37567,11.0,16.33333,0.699,10.33333,37.66667,48.0,22.66667,5.33333,5.66667,12.66667,13.66667,100.33333,240.0,43.66667,91.33333,0.47867,12.0,32.33333,0.36767,8.66667,11.0,0.79633,7.33333,36.66667,44.0,26.33333,7.33333,9.0,10.66667,18.66667,108.0,0,0.09617,-0.09617,0.19076,0.28126,0.54358,0.49585,0.57652,0.53586,1528.42392,1481.2771,0.44067,0.55933,2.30209,1.80213,0.66667,240.0,41.0,90.0,0.45667,11.66667,32.66667,0.356,11.66667,16.33333,0.73633,11.0,35.0,46.0,28.33333,7.0,5.33333,16.0,19.33333,105.33333,240.0,42.33333,90.33333,0.471,9.66667,26.0,0.37433,18.33333,24.0,0.764,10.66667,35.0,45.66667,25.66667,8.66667,4.66667,12.33333,17.66667,112.66667,0,0.09221,-0.09221,0.30837,0.32192,0.52463,0.52231,0.59077,0.5656,1571.84556,1465.71058,0.35639,0.64361,3.0957,1.58983,0.66667,,,,
240.0,40.66667,87.33333,0.46567,9.33333,28.66667,0.319,24.33333,28.33333,0.861,8.33333,29.66667,38.0,26.0,9.33333,3.0,12.66667,25.66667,115.0,240.0,45.0,90.33333,0.50133,14.0,39.33333,0.35633,26.66667,32.0,0.80967,12.0,35.33333,47.33333,29.33333,7.33333,6.66667,14.66667,21.33333,130.66667,1,0.178,-0.178,0.41414,0.23756,0.57935,0.51894,0.67547,0.61427,1488.89138,1327.00837,0.30468,0.69532,3.76411,1.49198,1.0,240.0,38.66667,96.66667,0.40267,10.66667,37.33333,0.28033,20.66667,28.66667,0.68167,12.33333,38.66667,51.0,21.66667,9.33333,3.66667,8.66667,21.33333,108.66667,240.0,42.0,89.66667,0.472,8.66667,29.0,0.30133,15.66667,23.33333,0.68867,9.66667,42.33333,52.0,25.66667,5.66667,7.33333,15.66667,23.33333,108.33333,1,-0.00292,0.00292,0.26515,0.28537,0.5199,0.45949,0.57492,0.53019,1531.86262,1479.56297,0.42983,0.57017,2.61571,1.87623,0.33333,,,,
240.0,39.0,86.0,0.45433,9.33333,26.0,0.36,18.33333,25.0,0.72167,10.0,37.66667,47.66667,19.66667,4.66667,4.66667,12.0,17.33333,105.66667,240.0,40.66667,89.33333,0.45567,9.33333,29.33333,0.33367,17.66667,22.0,0.79533,8.33333,37.0,45.33333,23.66667,7.0,5.0,8.66667,20.0,108.33333,1,0.04291,-0.04291,0.22994,0.27749,0.50804,0.50891,0.57506,0.5792,1512.78992,1574.41497,0.59644,0.40356,1.71446,2.57621,0.66667,240.0,40.66667,92.33333,0.44,11.33333,33.0,0.326,14.0,20.0,0.72567,11.33333,32.0,43.33333,25.33333,10.33333,6.0,12.66667,25.33333,106.66667,240.0,34.66667,82.33333,0.422,12.0,34.0,0.347,23.66667,32.66667,0.726,13.33333,35.0,48.33333,18.0,7.33333,5.33333,16.33333,17.0,105.0,1,-0.01921,0.01921,0.41212,0.32673,0.49497,0.49982,0.58916,0.55036,1486.4478,1488.10605,0.50157,0.49843,2.17369,2.15427,0.33333,,,,
240.0,39.66667,89.33333,0.44333,8.66667,29.0,0.299,15.0,20.0,0.74833,14.0,34.66667,48.66667,27.66667,5.33333,3.66667,15.0,20.0,103.0,240.0,38.0,83.66667,0.457,12.66667,34.66667,0.34467,20.0,28.0,0.70467,9.0,31.33333,40.33333,27.0,9.33333,6.66667,10.0,20.0,108.66667,0,0.07391,-0.07391,0.25351,0.45178,0.53576,0.49231,0.61036,0.54906,1462.37943,1555.2044,0.63452,0.36548,1.61435,3.02892,0.66667,240.0,38.66667,89.0,0.43433,8.66667,26.0,0.34733,14.66667,19.0,0.77167,6.0,33.66667,39.66667,20.66667,9.33333,5.33333,10.33333,22.66667,100.66667,240.0,37.0,85.33333,0.434,10.66667,35.66667,0.29567,21.66667,27.33333,0.82033,10.66667,39.66667,50.33333,24.66667,5.33333,5.33333,17.0,19.66667,106.33333,0,0.07922,-0.07922,0.31425,0.15455,0.49689,0.48282,0.58383,0.54019,1578.74651,1436.76991,0.32559,0.67441,3.59538,1.52619,0.66667,,,,
240.0,35.66667,85.66667,0.417,12.66667,37.0,0.34233,17.66667,20.66667,0.85067,9.33333,31.66667,41.0,19.33333,12.66667,4.0,14.66667,24.66667,101.66667,240.0,37.0,80.0,0.462,10.0,25.66667,0.411,21.33333,28.33333,0.755,9.33333,37.33333,46.66667,24.66667,6.33333,5.33333,17.66667,19.66667,105.33333,0,0.05215,-0.05215,0.30089,0.26705,0.52458,0.4911,0.6117,0.56451,1523.82954,1452.00528,0.40787,0.59213,2.49195,1.70185,0.66667,256.66667,42.66667,93.33333,0.456,12.66667,35.0,0.36667,17.33333,21.66667,0.80133,11.0,37.0,48.0,21.66667,10.0,5.66667,16.66667,20.0,115.33333,256.66667,44.66667,97.33333,0.46033,14.66667,34.66667,0.412,13.33333,19.33333,0.687,12.66667,35.66667,48.33333,29.0,10.0,4.0,16.33333,18.33333,117.33333,0,0.02862,-0.02862,0.33442,0.31231,0.53617,0.52446,0.58118,0.58491,1461.95389,1528.95489,0.5922,0.4078,1.90942,2.89484,0.66667,,,,
240.0,49.66667,95.66667,0.52,20.33333,43.66667,0.469,9.66667,12.0,0.79667,13.33333,35.33333,48.66667,31.0,6.66667,6.66667,11.0,19.33333,129.33333,240.0,42.0,93.33333,0.44967,16.66667,36.0,0.463,15.33333,19.66667,0.786,13.66667,29.66667,43.33333,28.33333,7.0,2.33333,9.33333,14.66667,116.0,1,-0.15448,0.15448,0.3941,0.4477,0.53847,0.62644,0.59362,0.65892,1500.60403,1593.5867,0.61733,0.38267,1.63141,2.65559,0.0,240.0,42.33333,92.0,0.46167,11.66667,31.66667,0.36167,23.33333,29.0,0.80833,12.33333,36.0,48.33333,25.0,9.66667,6.33333,11.66667,20.0,119.66667,240.0,40.66667,86.0,0.474,12.33333,25.33333,0.485,16.33333,22.33333,0.71467,8.33333,34.66667,43.0,27.66667,6.33333,4.33333,15.0,21.33333,110.0,1,-0.11976,0.11976,0.22892,0.35377,0.5463,0.52706,0.609,0.61201,1513.77245,1530.86952,0.51233,0.48767,1.99889,2.09467,0.0,,,,
240.0,38.33333,93.66667,0.41,9.66667,29.0,0.336,23.0,28.66667,0.78867,14.0,35.0,49.0,22.0,8.33333,3.0,8.33333,20.0,109.33333,240.0,42.33333,92.66667,0.45767,11.33333,34.0,0.335,16.66667,24.0,0.69733,13.33333,39.66667,53.0,28.0,6.0,6.0,12.66667,22.33333,112.66667,0,0.04645,-0.04645,0.40115,0.35557,0.51884,0.46129,0.57629,0.54656,1534.09991,1357.90009,0.26733,0.73267,3.76112,1.3659,0.66667,256.66667,43.33333,96.33333,0.45667,15.66667,42.33333,0.36933,21.66667,26.0,0.837,10.0,40.33333,50.33333,25.66667,6.66667,4.0,12.0,19.33333,124.0,256.66667,45.33333,100.33333,0.45133,12.0,39.0,0.30767,12.0,17.0,0.69833,10.0,37.66667,47.66667,32.33333,7.66667,5.33333,14.0,19.66667,114.66667,0,-0.11812,0.11812,0.2485,0.26218,0.51036,0.53794,0.55074,0.61329,1571.92185,1525.1655,0.41677,0.58323,2.40179,1.71545,0.0,,,,
248.33333,40.66667,89.66667,0.45367,14.66667,44.66667,0.323,19.0,22.33333,0.84733,10.66667,31.33333,42.0,21.0,7.0,3.66667,10.66667,21.0,115.0,248.33333,45.66667,93.66667,0.48633,10.66667,29.66667,0.358,18.0,21.0,0.85867,12.66667,33.66667,46.33333,28.33333,7.0,3.33333,11.33333,17.0,120.0,0,0.06741,-0.06741,0.41253,0.31606,0.54295,0.53409,0.61049,0.60584,1502.74581,1533.66498,0.54987,0.45013,1.88223,2.35253,0.66667,240.0,40.33333,88.0,0.462,10.66667,26.33333,0.405,24.33333,29.33333,0.83067,11.66667,29.33333,41.0,21.66667,9.0,4.0,14.0,22.33333,115.66667,240.0,46.0,86.66667,0.528,14.33333,36.0,0.38833,22.0,29.0,0.772,10.33333,33.33333,43.66667,33.0,8.33333,7.33333,15.66667,24.0,128.33333,0,0.14306,-0.14306,0.35075,0.43314,0.60982,0.52278,0.68797,0.61585,1551.60593,1481.20328,0.42004,0.57996,2.60753,1.78241,0.33333,,,,
240.0,35.0,80.33333,0.436,10.0,29.0,0.34533,17.0,21.33333,0.8,8.0,30.66667,38.66667,22.33333,8.66667,5.33333,16.0,24.33333,97.0,240.0,40.0,77.33333,0.51667,9.33333,23.33333,0.385,22.0,29.33333,0.74233,6.0,34.33333,40.33333,26.0,10.0,3.66667,14.33333,20.0,111.33333,0,0.20365,-0.20365,0.20401,0.24286,0.57659,0.49833,0.66447,0.57041,1548.66293,1471.01761,0.41226,0.58774,2.43188,1.70363,1.0,240.0,42.66667,91.0,0.46867,8.0,29.66667,0.27,20.66667,23.66667,0.871,10.0,34.66667,44.66667,25.33333,10.0,4.0,13.33333,23.33333,114.0,240.0,38.66667,83.33333,0.46433,20.0,49.0,0.40933,27.66667,32.66667,0.848,8.66667,33.0,41.66667,25.0,6.66667,6.33333,16.0,19.66667,125.0,0,0.12506,-0.12506,0.24213,0.31378,0.58543,0.51274,0.69163,0.59256,1538.61946,1502.97243,0.47075,0.52925,2.62239,2.09909,0.66667,,,,
240.0,38.66667,91.0,0.424,11.0,37.66667,0.294,15.66667,22.0,0.713,10.33333,36.66667,47.0,22.66667,6.66667,4.0,12.0,17.33333,104.0,240.0,42.66667,93.66667,0.45633,12.33333,31.66667,0.37167,14.0,19.0,0.777,13.0,38.66667,51.66667,31.0,8.0,6.33333,11.66667,18.66667,111.66667,0,0.10949,-0.10949,0.36656,0.26904,0.5209,0.48415,0.57156,0.54116,1558.97565,1490.48074,0.41644,0.58356,2.40674,1.7155,0.66667,240.0,42.33333,92.33333,0.46067,13.0,31.0,0.41033,10.66667,16.0,0.69767,13.33333,35.66667,49.0,29.33333,8.0,5.66667,17.33333,21.0,108.33333,240.0,42.33333,90.0,0.473,10.66667,26.0,0.416,19.0,25.66667,0.74133,9.66667,34.0,43.66667,27.66667,11.0,5.33333,12.33333,16.33333,114.33333,0,0.07156,-0.07156,0.26948,0.41047,0.53273,0.53178,0.59976,0.56852,1581.65688,1425.88974,0.29453,0.70547,3.86144,1.4617,0.66667,,,,
240.0,40.33333,87.33333,0.463,7.33333,22.33333,0.32767,25.0,30.66667,0.80467,10.33333,34.33333,44.66667,24.33333,8.66667,5.66667,14.66667,24.0,113.0,240.0,42.33333,87.66667,0.48367,10.33333,25.66667,0.41133,18.0,25.0,0.732,10.0,32.66667,42.66667,25.33333,8.33333,6.33333,14.33333,23.66667,113.0,1,0.00313,-0.00313,0.31106,0.42203,0.54284,0.50507,0.60935,0.60097,1485.9693,1515.78323,0.54036,0.45964,1.92458,2.34746,0.33333,256.66667,44.0,96.0,0.45133,13.0,33.0,0.39433,13.33333,18.0,0.758,10.0,35.33333,45.33333,26.0,9.0,4.0,13.33333,22.33333,114.33333,256.66667,43.33333,84.66667,0.50733,10.0,20.33333,0.50333,21.66667,25.33333,0.853,3.66667,37.0,40.66667,28.33333,7.33333,6.33333,14.66667,19.66667,118.33333,1,0.04895,-0.04895,0.10406,0.27028,0.56455,0.51924,0.64974,0.56622,1570.74902,1517.89031,0.43127,0.56873,2.37894,1.78997,0.66667,,,,
240.0,44.33333,85.0,0.523,9.66667,24.66667,0.38733,21.66667,26.66667,0.81367,10.0,34.33333,44.33333,23.33333,9.0,6.66667,13.66667,19.33333,120.0,240.0,41.0,91.33333,0.448,13.0,34.33333,0.38733,16.33333,21.0,0.77733,12.33333,30.0,42.33333,24.0,8.66667,4.33333,13.33333,22.0,111.33333,1,-0.10957,0.10957,0.35865,0.34165,0.51931,0.58046,0.57928,0.66211,1444.20185,1545.50593,0.62907,0.37093,1.62494,2.92543,0.66667,240.0,35.33333,88.0,0.402,12.33333,33.66667,0.362,21.66667,26.66667,0.81667,12.33333,36.0,48.33333,21.33333,7.66667,5.66667,13.0,21.33333,104.66667,240.0,41.33333,86.66667,0.47733,10.33333,23.33333,0.44367,19.66667,24.33333,0.811,8.0,37.33333,45.33333,24.33333,6.0,7.0,11.33333,21.33333,112.66667,1,0.10234,-0.10234,0.21896,0.33673,0.53727,0.47248,0.61434,0.55845,1522.62623,1458.29753,0.42804,0.57196,2.35827,1.75861,0.66667,,,,
240.0,34.66667,80.66667,0.43,9.0,27.66667,0.322,16.33333,22.33333,0.75167,6.66667,32.33333,39.0,24.33333,9.33333,4.66667,16.0,27.66667,94.66667,240.0,37.0,74.0,0.49767,10.33333,26.66667,0.37,27.33333,36.33333,0.75067,5.0,38.0,43.0,24.0,9.33333,3.66667,14.0,20.66667,111.66667,0,0.24015,-0.24015,0.15567,0.17509,0.56915,0.48598,0.68129,0.55336,1554.81704,1478.15759,0.42029,0.57971,2.39264,1.73043,1.0,240.0,39.66667,91.33333,0.43467,10.33333,32.33333,0.32133,14.0,17.66667,0.79233,11.33333,31.33333,42.66667,25.33333,5.0,4.0,12.0,16.0,103.66667,240.0,42.66667,90.0,0.47367,11.66667,33.0,0.34333,12.66667,19.33333,0.64833,10.0,35.66667,45.66667,28.33333,7.66667,6.0,10.0,18.0,109.66667,0,0.07877,-0.07877,0.32304,0.33567,0.5373,0.4915,0.58112,0.54489,1509.01616,1525.59205,0.54389,0.45611,1.95082,2.34878,0.66667,,,,
240.0,44.66667,95.66667,0.46867,11.66667,29.0,0.38467,23.33333,29.33333,0.79433,9.66667,36.66667,46.33333,29.0,6.0,6.0,9.33333,22.0,124.33333,240.0,46.0,97.0,0.47433,17.66667,39.66667,0.438,21.0,27.0,0.774,12.0,41.33333,53.33333,32.33333,6.66667,5.0,10.66667,22.33333,130.66667,1,0.07151,-0.07151,0.33427,0.23536,0.56628,0.52948,0.63499,0.61064,1560.76873,1552.96635,0.50687,0.49313,1.99671,2.05107,0.66667,240.0,35.33333,82.0,0.431,12.0,31.66667,0.38067,19.33333,23.66667,0.813,7.0,42.33333,49.33333,22.0,6.33333,4.0,16.0,21.0,102.0,240.0,38.66667,92.66667,0.41733,7.66667,29.33333,0.25767,14.0,20.0,0.70433,10.0,36.66667,46.66667,24.66667,8.66667,7.33333,12.0,20.33333,99.0,1,-0.03394,0.03394,0.23504,0.19297,0.45872,0.50443,0.51006,0.58544,1472.90663,1567.55617,0.62813,0.37187,1.6568,2.96212,0.33333,,,,
240.0,40.0,80.66667,0.49833,10.33333,31.66667,0.32867,8.33333,16.66667,0.54067,6.0,38.66667,44.66667,26.33333,3.33333,6.0,17.66667,19.0,98.66667,240.0,39.33333,89.0,0.44,14.0,33.0,0.42467,15.66667,20.66667,0.75067,9.0,37.0,46.0,25.66667,8.0,3.0,10.33333,19.0,108.33333,0,0.13987,-0.13987,0.23257,0.17288,0.51844,0.56281,0.578,0.58624,1478.81825,1506.85746,0.54232,0.45768,2.06854,2.49827,0.66667,240.0,40.33333,91.66667,0.44033,10.66667,30.66667,0.33967,19.33333,24.66667,0.81367,11.66667,28.33333,40.0,26.33333,8.66667,2.33333,10.0,18.0,110.66667,240.0,46.66667,88.66667,0.52667,15.0,33.33333,0.45067,16.33333,19.66667,0.83133,11.0,38.66667,49.66667,31.0,6.33333,7.33333,14.66667,23.0,124.66667,0,0.17005,-0.17005,0.38889,0.30733,0.61143,0.49811,0.67061,0.57004,1606.02823,1541.2044,0.42921,0.57079,2.44535,1.79025,1.0,,,,
240.0,45.33333,87.0,0.52067,11.66667,31.33333,0.37333,18.33333,23.33333,0.797,5.66667,39.33333,45.0,25.66667,9.66667,6.33333,14.0,21.33333,120.66667,240.0,40.0,94.66667,0.42267,12.0,33.66667,0.359,15.66667,21.33333,0.71567,12.0,32.66667,44.66667,26.33333,6.33333,5.66667,15.33333,20.0,107.66667,0,-0.16212,0.16212,0.32953,0.17108,0.48641,0.58785,0.54219,0.65428,1406.85508,1653.92571,0.79645,0.20355,1.25797,5.05487,0.0,248.33333,47.33333,98.33333,0.481,13.0,37.33333,0.34367,15.0,18.33333,0.79667,14.0,38.33333,52.33333,30.66667,8.33333,4.66667,18.0,20.0,122.66667,248.33333,44.66667,96.66667,0.465,15.66667,36.33333,0.441,19.33333,28.33333,0.65167,12.66667,33.33333,46.0,30.0,11.33333,3.33333,13.0,19.0,124.33333,0,0.02462,-0.02462,0.33305,0.46103,0.54498,0.54698,0.60735,0.59881,1573.29695,1540.0532,0.45034,0.54966,2.23,1.82412,0.66667,,,,
240.0,34.66667,87.0,0.40367,10.33333,31.33333,0.32867,20.33333,25.33333,0.80367,11.0,30.0,41.0,19.33333,7.0,6.0,12.33333,20.0,100.0,240.0,44.66667,87.0,0.51467,11.33333,27.33333,0.41367,14.33333,18.0,0.75467,8.33333,38.0,46.33333,29.66667,6.66667,4.66667,13.0,18.66667,115.0,1,0.20396,-0.20396,0.2853,0.29351,0.58043,0.46376,0.63303,0.54574,1503.36313,1585.32444,0.64657,0.35343,1.56805,2.96819,0.66667,240.0,36.66667,85.33333,0.432,13.66667,36.33333,0.378,21.33333,30.33333,0.71133,8.0,30.0,38.0,25.66667,8.0,2.66667,16.33333,22.0,108.33333,240.0,49.66667,91.66667,0.545,15.0,39.33333,0.37733,17.0,23.33333,0.74767,7.33333,38.0,45.33333,31.33333,8.0,6.33333,12.33333,22.33333,131.33333,1,0.27749,-0.27749,0.25894,0.21151,0.62573,0.51308,0.68015,0.59148,1634.14174,1427.36605,0.25241,0.74759,4.29799,1.34692,1.0,,,,
240.0,40.33333,89.0,0.45333,9.0,27.33333,0.32667,22.0,28.0,0.78,11.66667,26.66667,38.33333,26.0,8.66667,5.0,10.33333,19.0,111.66667,240.0,44.33333,82.66667,0.53833,12.66667,28.33333,0.45333,17.0,20.66667,0.83433,8.0,32.0,40.0,28.0,5.66667,5.33333,15.66667,24.0,118.33333,0,0.08608,-0.08608,0.29772,0.36162,0.61507,0.50398,0.6804,0.58633,1571.02552,1520.21661,0.43662,0.56338,2.30208,1.78096,0.66667,240.0,41.66667,84.33333,0.496,11.66667,29.33333,0.40267,17.66667,23.66667,0.74667,10.0,32.33333,42.33333,26.66667,8.33333,3.33333,17.33333,21.66667,112.66667,240.0,44.33333,86.0,0.51467,11.33333,30.66667,0.35967,19.66667,28.33333,0.696,10.66667,32.0,42.66667,33.66667,10.0,3.66667,14.66667,21.0,119.66667,0,0.08644,-0.08644,0.34787,0.39188,0.57996,0.56531,0.64801,0.63117,1545.84271,1427.791,0.35175,0.64825,2.96467,1.5599,0.66667,,,,
240.0,45.0,86.0,0.52533,12.0,25.66667,0.466,22.33333,28.66667,0.77767,9.0,32.33333,41.33333,24.33333,8.0,4.66667,12.0,21.66667,124.33333,240.0,40.66667,87.33333,0.465,13.33333,33.0,0.40767,20.66667,25.66667,0.794,10.0,31.0,41.0,24.0,7.33333,7.0,13.0,23.66667,115.33333,0,-0.11541,0.11541,0.3104,0.30782,0.54141,0.5954,0.62028,0.67598,1431.52755,1535.80846,0.63332,0.36668,1.61036,2.94558,0.66667,240.0,39.33333,90.66667,0.433,9.0,29.0,0.30067,15.0,23.66667,0.62767,9.33333,32.66667,42.0,24.33333,6.66667,6.0,13.0,18.66667,102.66667,240.0,45.0,94.0,0.47933,10.0,27.33333,0.369,14.33333,19.0,0.76633,11.66667,40.66667,52.33333,26.66667,7.0,7.0,12.66667,22.33333,114.33333,0,0.16656,-0.16656,0.36227,0.23497,0.53274,0.48186,0.58325,0.534,1531.50637,1479.06494,0.45161,0.54839,2.23506,1.8364,0.66667,,,,
240.0,34.33333,84.0,0.409,12.66667,35.66667,0.354,15.33333,18.66667,0.81833,7.0,35.0,42.0,19.33333,10.0,4.0,14.0,24.66667,96.66667,240.0,34.33333,77.66667,0.44333,9.66667,26.0,0.39067,23.33333,30.66667,0.76433,7.33333,38.66667,46.0,23.0,6.33333,4.66667,15.66667,18.33333,101.66667,1,0.07893,-0.07893,0.21379,0.20038,0.50538,0.48448,0.60339,0.54883,1517.96863,1448.78351,0.41183,0.58817,2.47457,1.71635,0.66667,240.0,40.0,86.33333,0.46267,11.0,29.33333,0.37367,20.0,23.66667,0.842,9.0,26.33333,35.33333,28.0,7.33333,6.33333,12.66667,23.66667,111.0,240.0,45.0,83.33333,0.54067,10.66667,23.66667,0.44233,25.0,29.66667,0.83933,9.0,33.66667,42.66667,29.33333,7.66667,4.33333,15.0,20.0,125.66667,1,0.18258,-0.18258,0.35802,0.26926,0.6039,0.5268,0.69832,0.60541,1549.56875,1432.57767,0.36652,0.63348,3.08815,1.62736,1.0,,,,
240.0,40.66667,94.66667,0.42933,12.0,38.33333,0.31167,14.66667,20.33333,0.71267,12.0,33.0,45.0,23.33333,6.33333,7.33333,10.33333,17.66667,108.0,240.0,43.66667,92.66667,0.47233,10.0,26.66667,0.375,16.66667,19.66667,0.849,12.0,37.66667,49.66667,23.66667,6.66667,7.0,12.66667,20.33333,114.0,1,0.08193,-0.08193,0.37138,0.32438,0.52615,0.49235,0.58943,0.54444,1590.43907,1482.81785,0.36207,0.63793,2.88815,1.58622,0.66667,240.0,40.33333,85.66667,0.47233,12.66667,35.33333,0.377,22.33333,27.66667,0.82233,11.0,35.66667,46.66667,20.66667,9.33333,5.66667,15.0,26.66667,115.66667,240.0,37.33333,84.0,0.44467,8.33333,26.33333,0.31333,22.33333,28.66667,0.77767,9.33333,31.33333,40.66667,20.66667,8.66667,4.33333,13.66667,22.0,105.33333,1,-0.13335,0.13335,0.26879,0.35093,0.49448,0.54682,0.58354,0.632,1338.15889,1536.82904,0.7515,0.2485,1.332,4.06063,0.0,,,,
240.0,40.0,97.33333,0.41233,8.0,31.33333,0.261,19.0,26.0,0.73233,11.66667,39.0,50.66667,19.0,10.66667,4.33333,10.66667,22.66667,107.0,240.0,38.33333,88.33333,0.435,10.0,32.33333,0.30267,18.0,25.0,0.74133,9.33333,41.66667,51.0,25.0,7.33333,5.66667,17.33333,20.66667,104.66667,0,-0.03203,0.03203,0.24698,0.27554,0.4924,0.45362,0.55977,0.52085,1514.6997,1613.27534,0.63552,0.36448,1.57503,2.7513,0.33333,240.0,37.66667,85.66667,0.43833,9.33333,30.66667,0.30567,17.33333,22.66667,0.76067,8.66667,31.66667,40.33333,24.0,8.66667,5.66667,14.0,23.0,102.0,240.0,42.66667,83.0,0.51367,11.33333,25.0,0.44567,21.0,24.33333,0.87267,6.33333,37.0,43.33333,28.33333,7.66667,2.33333,12.66667,18.33333,117.66667,0,0.21075,-0.21075,0.20432,0.23571,0.58065,0.49301,0.6667,0.56138,1563.56544,1541.02405,0.49893,0.50107,2.05937,2.03919,1.0,,,,
240.0,40.66667,90.0,0.45233,10.0,27.66667,0.37333,18.33333,22.0,0.827,10.66667,33.33333,44.0,25.66667,5.66667,4.33333,10.33333,22.33333,109.66667,240.0,41.33333,86.33333,0.482,8.66667,27.0,0.33533,20.33333,25.0,0.816,9.33333,34.33333,43.66667,22.0,5.33333,4.66667,13.0,20.66667,111.66667,0,0.02469,-0.02469,0.27471,0.30584,0.5323,0.5079,0.61128,0.57884,1546.66095,1540.57304,0.49497,0.50503,2.03951,2.00083,0.66667,248.33333,44.0,95.0,0.46167,13.33333,34.0,0.38433,21.66667,27.0,0.80167,14.0,38.33333,52.33333,27.66667,8.33333,5.33333,15.66667,21.66667,123.0,248.33333,42.33333,94.0,0.454,15.0,35.66667,0.42833,22.66667,30.33333,0.75333,10.66667,34.0,44.66667,26.66667,8.0,4.66667,12.66667,22.66667,122.33333,0,-0.0032,0.0032,0.28533,0.42077,0.53266,0.53159,0.61016,0.60863,1586.43988,1541.82607,0.43478,0.56522,2.31089,1.77459,0.33333,,,,
240.0,37.66667,90.33333,0.41967,10.0,34.33333,0.294,19.0,25.33333,0.75133,12.0,32.33333,44.33333,21.66667,10.33333,3.66667,22.0,23.0,104.33333,240.0,45.0,91.66667,0.48867,11.33333,34.0,0.332,20.0,27.0,0.74133,12.0,37.0,49.0,27.66667,13.0,8.0,16.66667,24.66667,121.33333,1,0.20631,-0.20631,0.38437,0.33766,0.55009,0.47628,0.61972,0.54682,1571.50644,1356.15822,0.24337,0.75663,4.54534,1.33731,1.0,240.0,39.0,89.0,0.44033,11.0,34.33333,0.326,16.33333,21.0,0.78567,7.66667,33.66667,41.33333,23.33333,7.66667,2.66667,15.33333,21.66667,105.33333,240.0,44.66667,85.33333,0.52267,10.33333,27.66667,0.35967,21.66667,31.0,0.69667,8.33333,42.0,50.33333,34.33333,9.0,4.66667,13.33333,20.33333,121.33333,1,0.20068,-0.20068,0.26183,0.18315,0.58256,0.5028,0.65756,0.5651,1548.58747,1510.33813,0.47678,0.52322,2.21628,2.02706,1.0,,,,
248.33333,41.33333,91.33333,0.45167,9.33333,25.33333,0.37267,12.33333,18.66667,0.65967,9.33333,32.33333,41.66667,23.33333,9.0,7.66667,17.33333,27.66667,104.33333,248.33333,40.0,85.0,0.468,12.66667,31.66667,0.40733,25.66667,34.33333,0.75967,9.33333,36.0,45.33333,24.0,9.66667,4.66667,16.0,17.33333,118.33333,0,0.18517,-0.18517,0.28764,0.26443,0.54327,0.50236,0.64054,0.54608,1497.24793,1356.54325,0.32353,0.67647,3.32976,1.50259,0.66667,240.0,40.0,89.66667,0.44567,8.33333,24.66667,0.324,15.33333,22.0,0.70167,11.33333,38.0,49.33333,22.0,8.0,3.33333,19.0,20.66667,103.66667,240.0,43.0,90.0,0.47933,12.66667,33.33333,0.38067,17.0,22.66667,0.769,9.0,36.0,45.0,29.33333,12.33333,5.0,14.0,21.0,115.66667,0,0.15445,-0.15445,0.23368,0.32395,0.55072,0.49297,0.61333,0.5488,1593.85342,1474.64235,0.36819,0.63181,3.10909,1.6588,1.0,,,,
240.0,41.0,87.66667,0.46733,13.0,32.0,0.41067,11.66667,18.0,0.634,10.66667,32.66667,43.33333,26.0,8.66667,4.33333,18.33333,21.33333,106.66667,240.0,43.66667,91.0,0.47967,12.0,35.66667,0.34333,17.33333,22.66667,0.75033,11.0,33.33333,44.33333,27.33333,12.0,5.33333,15.33333,19.33333,116.66667,1,0.13336,-0.13336,0.33692,0.32965,0.54527,0.54235,0.60834,0.58302,1464.66475,1474.97655,0.53013,0.46987,1.96938,2.26502,1.0,248.33333,43.0,83.33333,0.51667,10.33333,29.33333,0.35133,12.66667,21.33333,0.538,8.0,32.0,40.0,26.0,4.66667,4.66667,13.0,18.66667,109.0,248.33333,40.33333,86.33333,0.46633,11.33333,31.66667,0.35833,16.33333,20.0,0.819,10.33333,31.66667,42.0,23.66667,5.33333,2.66667,10.33333,19.33333,108.33333,1,-0.00547,0.00547,0.33454,0.25658,0.53221,0.57817,0.5961,0.61933,1455.65676,1500.71247,0.55811,0.44189,1.83438,2.34037,0.66667,,,,
240.0,36.0,92.0,0.392,8.0,28.0,0.28367,25.0,29.66667,0.84967,12.0,35.66667,47.66667,17.0,10.66667,2.33333,11.0,17.0,105.0,240.0,44.0,93.0,0.47333,12.0,37.66667,0.321,15.0,20.33333,0.75767,13.0,38.66667,51.66667,28.0,6.66667,7.33333,15.0,20.66667,115.0,0,0.13654,-0.13654,0.37734,0.30867,0.53784,0.43498,0.59088,0.53186,1545.18091,1355.99183,0.2573,0.7427,3.94976,1.34893,0.66667,256.66667,42.0,93.0,0.45,11.33333,34.33333,0.32733,22.0,28.0,0.78167,14.66667,34.66667,49.33333,24.33333,12.0,5.66667,20.0,21.33333,117.33333,256.66667,47.0,95.66667,0.49533,16.66667,34.66667,0.486,14.0,19.66667,0.70767,11.33333,33.0,44.33333,30.0,12.33333,4.0,18.0,22.0,124.66667,0,0.09536,-0.09536,0.32196,0.45914,0.58355,0.51096,0.63032,0.58931,1460.21219,1592.04011,0.70056,0.29944,1.43073,3.38557,0.66667,,,,
240.0,37.0,89.33333,0.414,10.66667,38.66667,0.27467,10.66667,16.33333,0.605,9.0,34.66667,43.66667,19.0,6.66667,5.33333,14.33333,17.66667,95.33333,240.0,43.0,91.0,0.47367,9.66667,32.0,0.30467,15.33333,18.66667,0.817,11.0,41.0,52.0,25.33333,9.0,6.0,11.33333,14.66667,111.0,1,0.21281,-0.21281,0.34365,0.2204,0.52646,0.47395,0.58473,0.51294,1595.22821,1496.97732,0.38059,0.61941,2.77958,1.65459,1.0,240.0,41.66667,88.66667,0.46933,12.0,33.66667,0.35967,22.66667,26.33333,0.871,10.66667,35.33333,46.0,25.66667,8.0,6.0,11.33333,21.0,118.0,240.0,38.33333,86.0,0.446,12.33333,35.33333,0.35,14.0,20.66667,0.715,10.0,35.0,45.0,25.33333,6.0,4.0,16.66667,23.0,103.0,1,-0.19559,0.19559,0.28893,0.30521,0.5186,0.53726,0.56946,0.62448,1364.03646,1551.62885,0.71843,0.28157,1.43496,4.11708,0.0,,,,
240.0,39.0,89.0,0.43833,10.33333,33.33333,0.309,16.0,21.66667,0.75367,9.33333,31.66667,41.0,23.0,5.66667,6.33333,10.0,15.0,104.33333,240.0,42.33333,90.33333,0.46767,14.33333,34.33333,0.42967,14.33333,16.66667,0.81033,9.0,39.0,48.0,27.0,5.0,4.33333,11.33333,18.33333,113.33333,0,0.11878,-0.11878,0.2884,0.24019,0.54613,0.49657,0.60269,0.55666,1491.13731,1591.97665,0.65759,0.34241,1.54501,3.08686,1.0,256.66667,43.0,97.33333,0.44533,10.33333,29.66667,0.36333,21.33333,27.33333,0.78367,13.33333,35.33333,48.66667,20.66667,7.66667,4.66667,14.66667,21.33333,117.66667,256.66667,47.0,97.33333,0.48267,15.0,36.0,0.41767,16.33333,21.66667,0.751,13.33333,38.0,51.33333,26.33333,8.33333,7.0,15.0,25.66667,125.33333,0,0.09808,-0.09808,0.3868,0.3593,0.55946,0.4981,0.61394,0.57186,1477.91891,1467.48802,0.49624,0.50376,2.12274,2.0642,1.0,,,,
240.0,37.0,83.33333,0.44367,12.66667,39.33333,0.32567,19.0,24.66667,0.783,8.0,38.33333,46.33333,22.66667,5.0,3.66667,16.33333,17.66667,105.66667,240.0,45.33333,95.33333,0.476,10.0,28.33333,0.35933,12.0,17.0,0.73033,10.0,37.33333,47.33333,29.66667,9.66667,3.33333,11.33333,19.33333,112.66667,1,0.0927,-0.0927,0.26351,0.21312,0.52837,0.52002,0.56907,0.59584,1521.28812,1476.73607,0.44758,0.55242,2.43072,1.96556,0.66667,240.0,40.0,83.66667,0.48,9.0,27.33333,0.34133,18.66667,24.0,0.767,8.33333,35.33333,43.66667,27.0,9.33333,4.66667,16.66667,23.0,107.66667,240.0,38.33333,86.0,0.44433,18.66667,49.33333,0.37833,25.33333,28.66667,0.88633,9.66667,32.66667,42.33333,21.33333,8.0,6.33333,15.33333,18.66667,120.66667,1,0.16078,-0.16078,0.26909,0.26167,0.55306,0.53498,0.65218,0.60621,1542.52362,1472.6447,0.42581,0.57419,2.82436,1.93236,0.66667,,,,
240.0,37.33333,87.33333,0.426,12.33333,35.66667,0.34567,13.0,19.33333,0.69633,9.33333,39.0,48.33333,21.66667,6.0,7.0,13.66667,15.0,100.0,240.0,42.0,93.66667,0.449,11.66667,28.0,0.41567,10.0,12.0,0.83333,9.0,36.33333,45.33333,27.33333,7.33333,6.0,10.33333,18.0,105.66667,1,0.07394,-0.07394,0.22816,0.25775,0.51032,0.49698,0.54852,0.54572,1544.12327,1487.15697,0.42548,0.57452,2.38166,1.75403,0.66667,240.0,36.33333,80.33333,0.45467,10.66667,29.0,0.36867,17.33333,23.66667,0.736,6.66667,44.33333,51.0,20.0,7.0,5.66667,15.66667,20.33333,100.66667,240.0,35.66667,91.0,0.39167,9.0,33.0,0.274,13.66667,20.66667,0.656,10.66667,34.33333,45.0,24.0,9.0,6.0,11.33333,18.66667,94.0,1,-0.09412,0.09412,0.24048,0.20297,0.44127,0.52106,0.49141,0.59053,1455.48531,1594.01689,0.68319,0.31681,1.47133,3.24483,0.33333,,,,
240.0,39.33333,89.33333,0.441,8.33333,22.33333,0.37967,20.66667,23.33333,0.88633,8.33333,29.33333,37.66667,20.66667,7.33333,3.66667,11.33333,19.33333,107.66667,240.0,46.0,87.66667,0.52467,15.0,36.66667,0.41367,19.66667,24.0,0.82367,9.0,39.0,48.0,29.66667,6.0,8.66667,13.66667,22.0,126.66667,0,0.22581,-0.22581,0.31694,0.21331,0.60972,0.48854,0.68096,0.57336,1559.78611,1348.66038,0.23855,0.76145,4.2702,1.31588,1.0,240.0,38.0,91.33333,0.418,11.0,34.0,0.332,19.66667,26.0,0.713,10.0,37.0,47.0,20.33333,8.33333,2.66667,8.33333,20.33333,106.66667,240.0,41.66667,90.33333,0.46533,8.66667,31.33333,0.28367,14.66667,21.66667,0.68833,11.33333,39.66667,51.0,24.66667,4.33333,6.0,13.66667,22.0,106.66667,0,0.00017,-0.00017,0.31158,0.2499,0.51291,0.4787,0.56472,0.54967,1522.92538,1379.5407,0.30649,0.69351,3.46851,1.46343,0.33333,,,,
240.0,40.33333,89.0,0.46,9.33333,29.0,0.34033,18.0,22.66667,0.782,15.33333,33.33333,48.66667,22.0,9.0,4.0,22.0,23.33333,108.0,240.0,41.66667,87.33333,0.47767,10.33333,31.66667,0.32633,20.0,26.66667,0.75033,11.66667,29.33333,41.0,26.0,13.66667,6.66667,17.0,23.66667,113.66667,1,0.07757,-0.07757,0.35696,0.56114,0.53691,0.5136,0.61063,0.58125,1536.78001,1359.93084,0.27677,0.72323,3.75878,1.39133,0.66667,248.33333,45.33333,85.0,0.53433,12.66667,35.33333,0.35833,14.33333,20.66667,0.696,7.33333,34.0,41.33333,27.0,6.0,4.0,13.0,18.66667,117.66667,248.33333,41.0,89.33333,0.45833,10.33333,24.33333,0.42067,14.0,18.0,0.77,10.33333,32.0,42.33333,23.0,8.33333,2.33333,14.0,21.0,106.33333,1,-0.14907,0.14907,0.30317,0.22962,0.51626,0.60986,0.56976,0.65899,1352.72013,1531.00207,0.72116,0.27884,1.3962,3.75549,0.0,,,,
240.0,40.0,88.66667,0.451,10.33333,28.0,0.37367,22.33333,26.33333,0.843,8.33333,32.33333,40.66667,23.0,8.0,3.0,12.0,25.0,112.66667,240.0,42.66667,88.0,0.487,13.0,38.33333,0.335,27.0,32.66667,0.80733,10.66667,36.0,46.66667,27.33333,6.33333,7.0,14.0,20.33333,125.33333,0,0.13537,-0.13537,0.35065,0.23268,0.56078,0.50958,0.66006,0.59626,1537.24393,1316.32299,0.22425,0.77575,4.46962,1.28932,0.66667,240.0,38.33333,90.66667,0.422,9.66667,25.0,0.382,16.66667,20.66667,0.79933,11.33333,31.33333,42.66667,21.0,5.66667,2.33333,12.0,15.66667,103.0,240.0,46.33333,87.0,0.532,12.33333,32.33333,0.38433,15.66667,19.66667,0.828,8.33333,38.66667,47.0,28.0,7.66667,9.33333,13.0,20.66667,120.66667,0,0.22892,-0.22892,0.26243,0.29308,0.60254,0.4756,0.66117,0.54047,1525.05336,1396.80635,0.34638,0.65362,3.02827,1.55586,1.0,,,,
240.0,40.33333,94.0,0.429,8.66667,28.0,0.309,13.0,17.33333,0.742,13.0,33.0,46.0,24.0,7.33333,5.33333,11.33333,22.0,102.33333,240.0,42.0,88.66667,0.472,14.66667,37.0,0.388,18.66667,26.33333,0.71533,12.0,37.33333,49.33333,26.0,6.33333,5.66667,12.33333,17.33333,117.33333,1,0.18971,-0.18971,0.37083,0.36007,0.55331,0.47547,0.61948,0.52348,1543.28762,1341.87604,0.24702,0.75298,4.08518,1.32946,1.0,240.0,46.0,84.66667,0.54333,12.66667,29.33333,0.43467,19.66667,23.33333,0.83833,8.0,33.0,41.0,30.33333,10.0,5.33333,10.33333,18.33333,124.33333,240.0,36.33333,82.0,0.446,12.0,27.66667,0.44533,16.66667,19.33333,0.863,8.33333,27.66667,36.0,20.0,7.33333,2.33333,15.33333,21.33333,101.33333,1,-0.30006,0.30006,0.26043,0.2963,0.51986,0.61921,0.59096,0.69361,1328.61785,1558.67196,0.77864,0.22136,1.28563,4.58294,0.0,,,,
240.0,40.0,85.33333,0.46933,9.0,23.0,0.397,19.0,27.33333,0.68533,9.33333,31.33333,40.66667,25.0,9.0,5.0,14.33333,20.33333,108.0,240.0,43.33333,86.66667,0.50033,9.33333,22.0,0.42933,13.0,19.0,0.67967,10.66667,32.33333,43.0,24.66667,8.66667,8.33333,14.66667,24.66667,109.0,0,0.0113,-0.0113,0.34318,0.39899,0.55447,0.52207,0.60149,0.59142,1492.39693,1509.50693,0.52631,0.47369,2.00113,2.30435,0.33333,240.0,40.66667,88.66667,0.45933,13.0,33.33333,0.37833,11.66667,15.0,0.79333,11.33333,29.33333,40.66667,24.66667,9.33333,7.33333,11.33333,25.0,106.0,240.0,35.0,82.33333,0.42567,14.33333,38.0,0.377,22.0,30.0,0.74,13.0,32.0,45.0,21.33333,6.0,4.0,14.66667,15.0,106.33333,0,0.0093,-0.0093,0.44404,0.35668,0.51241,0.53101,0.60009,0.57626,1488.05516,1500.42754,0.52321,0.47679,2.10657,2.27129,0.33333,,,,
240.0,39.0,87.66667,0.44467,9.0,28.33333,0.31733,14.33333,19.66667,0.72933,13.33333,36.66667,50.0,25.66667,5.33333,5.66667,15.0,21.33333,101.33333,240.0,38.0,87.66667,0.43433,11.66667,34.33333,0.32633,17.33333,25.66667,0.67467,11.66667,30.66667,42.33333,27.0,9.0,8.0,9.33333,19.0,105.0,1,0.05138,-0.05138,0.3171,0.43908,0.50077,0.4963,0.56306,0.55094,1479.05222,1556.76889,0.60813,0.39187,1.71876,2.92082,0.66667,240.0,36.66667,80.66667,0.457,11.0,30.0,0.36567,22.33333,28.0,0.79067,8.0,34.0,42.0,22.0,8.66667,4.0,14.33333,23.33333,106.66667,240.0,37.0,80.33333,0.46067,8.0,26.33333,0.30367,21.0,26.33333,0.80367,7.66667,31.66667,39.33333,25.33333,9.66667,4.33333,12.66667,23.66667,103.0,1,-0.04805,0.04805,0.22439,0.2497,0.51031,0.52539,0.59791,0.61834,1429.09959,1515.40914,0.61348,0.38652,1.65008,2.68235,0.33333,,,,
240.0,37.33333,89.0,0.421,8.33333,25.33333,0.34,20.66667,25.0,0.824,9.33333,31.33333,40.66667,20.33333,9.33333,4.66667,11.66667,22.0,103.66667,240.0,43.0,87.33333,0.49033,14.0,36.66667,0.37533,21.0,28.33333,0.74733,11.33333,39.33333,50.66667,27.33333,6.33333,7.66667,14.0,21.0,121.0,0,0.2094,-0.2094,0.37418,0.23726,0.56961,0.46865,0.64439,0.5526,1556.22154,1345.4167,0.23712,0.76288,4.288,1.31312,1.0,240.0,45.0,90.0,0.49733,13.0,32.33333,0.38033,15.33333,19.33333,0.78233,9.33333,33.0,42.33333,28.0,5.0,3.66667,10.33333,19.33333,118.33333,240.0,45.66667,90.66667,0.506,11.33333,28.0,0.40467,13.33333,16.33333,0.81067,9.33333,32.0,41.33333,26.66667,5.33333,3.66667,9.33333,18.33333,116.0,0,-0.01417,0.01417,0.28862,0.30435,0.56811,0.56817,0.61805,0.62609,1558.2746,1553.54926,0.49369,0.50631,2.03664,1.98645,0.66667,,,,
240.0,48.0,93.33333,0.51433,16.33333,40.33333,0.401,12.0,16.33333,0.74567,10.33333,37.0,47.33333,31.66667,8.66667,6.66667,10.0,22.0,124.33333,240.0,37.0,89.33333,0.41333,11.33333,32.33333,0.331,21.0,26.66667,0.79067,13.0,33.33333,46.33333,20.66667,5.0,3.66667,12.66667,18.66667,106.33333,1,-0.22334,0.22334,0.36077,0.33476,0.47545,0.60058,0.55779,0.64165,1509.99739,1606.8971,0.61321,0.38679,1.64109,2.62147,0.0,240.0,38.0,89.0,0.42733,10.33333,32.0,0.32967,14.0,20.33333,0.67267,10.0,33.66667,43.66667,20.66667,8.0,3.33333,10.66667,22.33333,100.33333,240.0,40.0,85.0,0.47333,7.66667,27.66667,0.28733,17.33333,26.33333,0.66367,11.66667,38.0,49.66667,24.0,5.33333,5.0,14.0,19.0,105.0,1,0.06186,-0.06186,0.34987,0.26316,0.51867,0.48596,0.58173,0.53739,1516.36508,1373.70447,0.31272,0.68728,3.38366,1.47516,0.66667,,,,
240.0,39.0,83.33333,0.469,11.66667,31.0,0.37033,20.0,25.66667,0.78033,8.66667,36.33333,45.0,24.0,8.0,7.0,12.66667,21.0,109.66667,240.0,39.0,87.33333,0.445,10.33333,23.66667,0.44133,15.0,17.66667,0.85133,7.33333,35.66667,43.0,19.66667,7.66667,3.0,13.66667,21.0,103.33333,1,-0.08974,0.08974,0.20269,0.24501,0.5051,0.53862,0.56659,0.61714,1482.3747,1547.43379,0.58291,0.41709,1.86713,2.78503,0.33333,240.0,39.66667,93.33333,0.42433,12.0,31.66667,0.372,21.66667,26.33333,0.82533,13.0,33.66667,46.66667,22.66667,8.33333,5.66667,11.0,21.66667,113.0,240.0,41.66667,84.33333,0.493,13.66667,28.0,0.489,19.33333,24.66667,0.786,7.0,37.33333,44.33333,29.0,5.66667,7.66667,14.33333,21.33333,116.33333,1,0.03852,-0.03852,0.20796,0.3526,0.57336,0.49076,0.64781,0.57212,1522.78945,1502.43295,0.485,0.515,2.09734,1.97086,0.33333,,,,
248.33333,42.66667,98.66667,0.43333,10.66667,32.0,0.312,17.33333,24.0,0.734,13.66667,40.33333,54.0,26.33333,10.66667,4.0,16.0,22.33333,113.33333,248.33333,38.33333,95.33333,0.403,15.0,42.0,0.34367,21.0,30.66667,0.68767,14.66667,39.0,53.66667,22.33333,9.66667,6.66667,16.33333,20.66667,112.66667,0,8e-05,-8e-05,0.37166,0.36408,0.47969,0.48774,0.5505,0.54663,1537.14725,1518.99444,0.4726,0.5274,2.1415,1.91455,0.33333,248.33333,44.0,89.33333,0.49167,11.66667,30.33333,0.39067,17.66667,23.33333,0.747,10.33333,36.0,46.33333,28.0,7.0,4.0,16.66667,23.0,117.33333,248.33333,42.66667,92.66667,0.462,20.33333,56.66667,0.363,26.0,29.33333,0.88933,8.33333,34.33333,42.66667,21.0,9.0,6.66667,12.0,20.66667,131.66667,0,0.18066,-0.18066,0.23074,0.30165,0.57164,0.55669,0.66521,0.61957,1547.256,1417.21525,0.34352,0.65648,3.14472,1.54715,0.66667,,,,
240.0,40.0,80.66667,0.49833,11.33333,32.0,0.355,11.66667,20.0,0.587,8.0,35.0,43.0,25.66667,6.33333,5.66667,18.33333,19.66667,103.0,240.0,37.66667,86.0,0.438,12.33333,30.0,0.41267,15.0,18.0,0.847,9.33333,31.0,40.33333,22.66667,9.66667,3.33333,14.33333,22.0,102.66667,1,0.00127,-0.00127,0.26798,0.26294,0.51,0.56863,0.57117,0.60633,1462.41241,1507.36517,0.55818,0.44182,1.93571,2.53547,0.66667,240.0,44.0,82.66667,0.53067,13.0,27.66667,0.468,19.0,23.33333,0.808,8.0,34.0,42.0,29.0,10.66667,3.0,12.66667,20.66667,120.0,240.0,36.0,83.66667,0.43467,10.33333,29.66667,0.34467,18.0,23.33333,0.77933,9.66667,26.0,35.66667,20.66667,8.0,3.33333,15.66667,20.33333,100.33333,1,-0.25954,0.25954,0.2879,0.31173,0.49769,0.61081,0.57113,0.68348,1312.74632,1490.89127,0.70723,0.29277,1.45727,3.92396,0.0,,,,
240.0,42.0,86.66667,0.486,13.0,33.66667,0.386,16.66667,21.66667,0.781,6.0,42.33333,48.33333,23.66667,7.33333,6.66667,14.0,20.33333,113.66667,240.0,41.66667,94.0,0.44333,13.33333,31.66667,0.42033,12.33333,19.66667,0.63567,9.66667,34.33333,44.0,29.66667,7.0,7.33333,11.0,17.0,109.0,1,-0.06289,0.06289,0.22765,0.17017,0.51456,0.56071,0.55466,0.62309,1484.0782,1659.91341,0.72565,0.27435,1.39387,3.9102,0.33333,248.33333,42.0,86.66667,0.485,11.33333,31.0,0.368,8.33333,16.66667,0.50767,8.66667,31.66667,40.33333,28.0,4.66667,4.66667,13.66667,20.33333,103.66667,248.33333,38.33333,85.33333,0.448,11.66667,30.66667,0.37967,18.0,22.66667,0.79767,11.66667,33.33333,45.0,23.33333,5.66667,2.66667,11.66667,19.66667,106.33333,1,0.03622,-0.03622,0.38586,0.26055,0.51653,0.5505,0.58752,0.57348,1450.39546,1466.25924,0.52264,0.47736,1.93569,2.1214,0.66667,,,,
240.0,41.0,87.0,0.47367,10.0,29.33333,0.338,22.33333,27.66667,0.81267,9.0,35.0,44.0,25.0,8.0,6.33333,9.0,23.0,114.33333,240.0,38.66667,82.0,0.47167,9.66667,22.0,0.438,19.0,24.0,0.81833,5.66667,37.0,42.66667,16.66667,5.66667,3.0,13.33333,21.66667,106.0,0,-0.11898,0.11898,0.16121,0.24316,0.53049,0.53175,0.60612,0.61746,1463.99706,1546.93111,0.60541,0.39459,1.73321,2.8502,0.33333,240.0,38.0,86.33333,0.44233,13.33333,35.0,0.38567,21.66667,29.0,0.75133,7.66667,29.66667,37.33333,25.66667,9.0,3.66667,15.33333,23.66667,111.0,240.0,47.33333,86.66667,0.54633,12.66667,34.66667,0.366,19.66667,27.0,0.72767,7.0,38.0,45.0,31.0,9.0,5.33333,13.66667,21.66667,127.0,0,0.19406,-0.19406,0.25053,0.20171,0.61949,0.52029,0.68649,0.60122,1637.32805,1462.34417,0.28626,0.71374,4.01474,1.42738,0.66667,,,,
240.0,37.66667,88.0,0.429,8.66667,25.66667,0.33567,25.33333,32.0,0.781,10.66667,26.0,36.66667,22.33333,8.66667,2.66667,11.66667,19.33333,109.33333,240.0,47.66667,84.33333,0.56533,15.0,34.33333,0.42933,16.66667,20.66667,0.81833,7.0,36.33333,43.33333,32.0,6.66667,8.33333,15.66667,26.66667,127.0,1,0.20877,-0.20877,0.26858,0.30562,0.65316,0.47817,0.71367,0.5751,1576.57597,1522.39506,0.44294,0.55706,2.27588,1.80538,0.66667,240.0,38.66667,86.33333,0.44833,10.66667,28.33333,0.37333,19.66667,28.33333,0.69267,13.0,33.33333,46.33333,24.33333,9.0,4.0,18.33333,19.66667,107.66667,240.0,42.0,87.66667,0.48067,9.33333,25.33333,0.36933,16.66667,21.0,0.80133,8.66667,32.0,40.66667,27.66667,12.33333,6.66667,14.0,23.0,110.0,1,0.03657,-0.03657,0.25415,0.40808,0.53434,0.5113,0.59831,0.58252,1353.67092,1516.52168,0.71898,0.28102,1.39585,3.6535,0.66667,,,,
240.0,38.33333,87.33333,0.43767,11.33333,29.33333,0.38767,13.0,18.33333,0.72833,10.66667,36.33333,47.0,20.33333,6.0,5.0,12.0,18.66667,101.0,240.0,39.0,89.66667,0.43433,11.33333,32.66667,0.359,17.0,21.66667,0.77067,9.66667,37.33333,47.0,23.66667,7.33333,5.33333,9.66667,17.33333,106.33333,1,0.07535,-0.07535,0.29983,0.29679,0.49817,0.50347,0.56213,0.55303,1520.08185,1566.80238,0.58109,0.41891,1.7539,2.46711,0.66667,240.0,38.66667,90.33333,0.42733,7.66667,28.0,0.259,18.66667,25.33333,0.744,11.0,35.33333,46.33333,22.33333,6.66667,6.33333,14.33333,18.66667,103.66667,240.0,42.66667,94.66667,0.45067,10.66667,31.66667,0.34767,15.0,19.33333,0.784,13.33333,37.66667,51.0,24.66667,7.33333,8.0,13.33333,22.33333,111.0,1,0.11091,-0.11091,0.38274,0.29233,0.50717,0.46856,0.56159,0.53922,1536.64495,1521.25272,0.49277,0.50723,2.04724,1.9862,0.66667,,,,
240.0,43.0,82.33333,0.52233,12.33333,27.0,0.45733,15.33333,18.66667,0.831,8.33333,29.33333,37.66667,24.66667,6.66667,5.33333,13.33333,19.66667,113.66667,240.0,40.33333,87.66667,0.45833,13.0,34.66667,0.366,18.33333,22.66667,0.79267,12.0,30.66667,42.66667,26.0,6.66667,3.66667,11.66667,18.66667,112.0,1,-0.02333,0.02333,0.41728,0.27214,0.53212,0.59727,0.60358,0.65756,1530.45898,1557.9838,0.53909,0.46091,1.87756,2.20295,0.33333,240.0,37.66667,85.0,0.44333,12.33333,33.0,0.37767,18.0,22.33333,0.79467,8.0,30.66667,38.66667,26.33333,5.66667,4.33333,13.33333,22.66667,105.66667,240.0,44.0,84.66667,0.52233,8.0,22.66667,0.34667,20.0,25.66667,0.68567,8.0,36.33333,44.33333,26.66667,7.66667,6.66667,14.0,19.0,116.0,1,0.126,-0.126,0.28889,0.22122,0.5695,0.51572,0.64306,0.58694,1555.52566,1408.59629,0.32186,0.67814,3.35475,1.49525,0.66667,,,,
240.0,38.0,89.66667,0.424,10.33333,33.33333,0.31033,19.66667,25.33333,0.77933,10.33333,33.0,43.33333,19.66667,9.0,6.33333,11.0,19.0,106.0,240.0,37.66667,87.33333,0.43133,12.0,39.0,0.308,19.0,21.0,0.90867,11.66667,39.66667,51.33333,22.33333,5.0,6.0,17.33333,20.0,106.33333,1,0.00586,-0.00586,0.35853,0.26252,0.49995,0.48169,0.57861,0.55692,1420.61179,1598.62405,0.73578,0.26422,1.36462,3.89723,0.66667,240.0,40.33333,86.0,0.47033,12.66667,38.33333,0.33633,18.0,22.33333,0.82333,10.0,36.66667,46.66667,22.33333,8.33333,5.33333,15.0,22.66667,111.33333,240.0,35.0,81.0,0.432,8.0,27.33333,0.289,21.0,27.33333,0.76567,7.33333,32.66667,40.0,17.66667,9.33333,5.0,13.66667,19.33333,99.0,1,-0.17352,0.17352,0.21445,0.29806,0.48122,0.54431,0.56859,0.61387,1332.43244,1509.70253,0.72634,0.27366,1.37795,3.67715,0.0,,,,
240.0,42.33333,85.33333,0.49833,12.0,29.33333,0.39333,22.33333,28.66667,0.775,7.0,39.66667,46.66667,26.0,6.0,6.0,13.66667,21.33333,119.0,240.0,43.33333,97.66667,0.44033,14.66667,39.33333,0.357,18.66667,24.66667,0.734,12.66667,35.66667,48.33333,28.0,8.66667,3.0,9.0,21.66667,120.0,0,-0.01394,0.01394,0.33336,0.20965,0.51453,0.56669,0.57579,0.64874,1533.1621,1550.34982,0.53128,0.46872,1.92797,2.20263,0.66667,248.33333,45.66667,96.66667,0.472,13.0,35.66667,0.35867,17.0,21.0,0.80767,15.66667,40.0,55.66667,26.33333,7.66667,5.0,18.66667,20.66667,121.33333,248.33333,42.33333,94.0,0.454,14.66667,33.33333,0.45433,25.0,32.66667,0.77233,10.33333,32.33333,42.66667,28.0,12.0,4.33333,10.66667,19.33333,124.33333,0,0.04149,-0.04149,0.25562,0.50735,0.5307,0.5389,0.61741,0.59819,1579.89651,1546.60727,0.45401,0.54599,2.21357,1.83728,0.66667,,,,
248.33333,42.0,89.33333,0.46767,12.66667,33.66667,0.37733,13.33333,18.0,0.71433,8.0,33.0,41.0,25.0,6.66667,5.0,11.0,21.0,110.0,248.33333,41.33333,87.33333,0.473,11.0,31.0,0.35467,16.0,20.66667,0.78433,9.0,36.0,45.0,24.33333,4.66667,3.33333,12.0,20.0,109.66667,0,0.00198,-0.00198,0.28347,0.22486,0.53627,0.53877,0.59653,0.58787,1453.21511,1416.33144,0.4414,0.5586,2.37991,1.84274,0.66667,240.0,37.33333,94.33333,0.39667,9.0,32.0,0.29233,15.0,19.66667,0.72133,12.66667,30.66667,43.33333,21.33333,8.66667,6.0,14.33333,21.66667,98.66667,240.0,41.66667,90.33333,0.461,12.0,34.33333,0.34867,20.66667,25.0,0.82733,14.33333,40.66667,55.0,21.33333,8.0,6.66667,17.0,21.0,116.0,0,0.2326,-0.2326,0.4644,0.32179,0.52777,0.4447,0.60565,0.50065,1484.9618,1471.62188,0.50889,0.49111,2.10779,2.20442,1.0,,,,
240.0,37.33333,87.66667,0.42633,8.0,27.33333,0.292,17.33333,25.0,0.664,10.66667,31.33333,42.0,22.0,9.0,7.33333,16.66667,28.33333,100.0,240.0,39.66667,81.66667,0.482,10.33333,29.0,0.361,25.66667,35.33333,0.727,8.66667,35.66667,44.33333,26.33333,8.66667,6.66667,15.66667,20.33333,115.33333,0,0.20186,-0.20186,0.27657,0.31281,0.54642,0.47185,0.6444,0.53779,1555.36927,1347.87508,0.24438,0.75562,4.29089,1.33097,1.0,240.0,40.33333,91.66667,0.43967,13.0,37.66667,0.33967,12.0,16.66667,0.696,12.0,37.0,49.0,27.0,7.33333,4.0,12.66667,19.0,105.66667,240.0,37.66667,87.33333,0.43267,9.33333,31.33333,0.31167,23.0,27.0,0.836,10.0,36.0,46.0,24.33333,7.66667,2.66667,11.66667,17.33333,107.66667,0,0.01551,-0.01551,0.27506,0.33382,0.4864,0.51032,0.57793,0.55302,1515.13655,1472.31903,0.44897,0.55103,2.25177,1.82873,0.66667,,,,
240.0,41.66667,92.33333,0.45167,9.33333,28.33333,0.34833,17.33333,22.0,0.78133,14.66667,33.66667,48.33333,24.33333,6.33333,5.0,13.66667,21.66667,110.0,240.0,40.66667,87.66667,0.46533,9.33333,27.33333,0.35833,23.33333,29.33333,0.79533,11.0,33.33333,44.33333,23.66667,9.0,6.0,12.66667,20.66667,114.0,1,0.04863,-0.04863,0.32545,0.45792,0.51879,0.50208,0.6071,0.56629,1551.50436,1545.67487,0.49851,0.50149,2.0234,2.0134,0.66667,240.0,39.0,90.33333,0.43267,13.33333,34.0,0.399,16.0,23.33333,0.68533,15.0,37.33333,52.33333,27.0,8.33333,4.0,18.0,18.66667,107.33333,240.0,40.0,89.0,0.44967,8.33333,28.33333,0.30467,14.33333,20.66667,0.68833,9.33333,30.66667,40.0,27.66667,11.66667,8.33333,13.66667,20.33333,102.66667,1,-0.0635,0.0635,0.26078,0.49655,0.49674,0.50721,0.54903,0.56462,1346.17842,1523.36547,0.73111,0.26889,1.37263,3.81245,0.66667,,,,
240.0,37.0,92.66667,0.39933,12.33333,32.0,0.391,21.66667,27.0,0.78967,12.0,32.66667,44.66667,21.66667,8.66667,2.66667,9.66667,20.0,108.0,240.0,46.0,95.33333,0.48333,13.0,35.66667,0.36467,13.66667,19.0,0.72933,14.33333,41.66667,56.0,29.66667,6.33333,6.33333,13.66667,24.33333,118.66667,0,0.13815,-0.13815,0.46868,0.29517,0.55187,0.46645,0.59762,0.54722,1543.32077,1358.22235,0.25985,0.74015,3.85471,1.35136,0.66667,240.0,37.66667,91.33333,0.41467,9.66667,35.33333,0.28267,17.33333,21.66667,0.80733,10.0,31.66667,41.66667,16.33333,10.0,4.33333,11.0,21.33333,102.33333,240.0,44.33333,90.66667,0.493,10.0,27.0,0.38533,17.33333,22.0,0.789,11.66667,40.33333,52.0,28.33333,5.0,3.0,14.0,16.66667,116.0,0,0.17943,-0.17943,0.3718,0.26282,0.54897,0.46853,0.61161,0.53513,1510.69609,1562.20262,0.59277,0.40723,1.69789,2.48968,0.66667,,,,
240.0,39.0,85.66667,0.45567,12.0,29.0,0.41667,13.0,20.0,0.62467,11.33333,30.0,41.33333,28.0,7.66667,4.33333,17.66667,20.33333,103.0,240.0,40.0,85.66667,0.466,10.33333,30.66667,0.34467,19.66667,24.33333,0.80367,11.33333,31.66667,43.0,24.33333,11.66667,4.33333,15.33333,21.33333,110.0,0,0.09527,-0.09527,0.38057,0.36181,0.52656,0.52668,0.60378,0.5731,1435.2055,1479.13407,0.57537,0.42463,1.76292,2.43065,0.66667,240.0,39.66667,92.33333,0.43333,9.0,31.33333,0.304,19.33333,25.0,0.77433,12.66667,32.0,44.66667,19.0,8.33333,6.33333,13.66667,21.66667,107.66667,240.0,42.33333,91.33333,0.46267,13.0,33.0,0.397,19.33333,24.0,0.80367,14.33333,36.33333,50.66667,22.0,7.33333,7.0,15.0,23.66667,117.0,0,0.12277,-0.12277,0.44529,0.35356,0.53416,0.48239,0.60561,0.55345,1477.04862,1495.19842,0.53942,0.46058,2.00503,2.35472,1.0,,,,
240.0,41.66667,93.66667,0.44567,10.33333,33.0,0.31767,14.0,19.0,0.73833,11.66667,39.33333,51.0,26.0,9.66667,5.33333,14.33333,22.33333,107.66667,240.0,38.33333,89.0,0.43367,10.33333,33.66667,0.31233,19.0,25.33333,0.759,7.66667,38.66667,46.33333,21.0,8.0,5.66667,13.33333,20.0,106.0,1,-0.042,0.042,0.19298,0.30863,0.49285,0.50089,0.56235,0.55082,1602.70799,1441.10387,0.27291,0.72709,3.91155,1.38633,0.66667,240.0,44.66667,88.66667,0.50333,14.33333,37.0,0.38533,19.66667,24.0,0.82367,10.33333,33.66667,44.0,29.33333,8.66667,5.66667,10.66667,20.66667,123.33333,240.0,40.33333,84.0,0.47933,13.0,32.66667,0.39367,14.33333,22.33333,0.651,9.0,31.66667,40.66667,24.66667,6.66667,3.0,16.0,22.33333,108.0,1,-0.19506,0.19506,0.27697,0.33157,0.55736,0.58461,0.60718,0.65686,1357.6584,1516.75789,0.6864,0.3136,1.49425,3.6391,0.0,,,,
240.0,38.66667,84.66667,0.458,7.66667,24.0,0.31767,19.33333,23.66667,0.819,7.66667,27.66667,35.33333,17.66667,4.66667,3.0,9.66667,17.33333,104.33333,240.0,47.0,87.66667,0.536,14.66667,34.33333,0.436,14.0,16.33333,0.859,9.0,35.0,44.0,31.33333,4.66667,4.33333,11.33333,21.33333,122.66667,0,0.23393,-0.23393,0.34039,0.22141,0.61939,0.50495,0.6717,0.5849,1561.18803,1305.43476,0.19802,0.80198,5.10474,1.24776,1.0,240.0,39.33333,90.0,0.437,11.33333,33.0,0.33733,17.66667,19.66667,0.898,11.0,28.66667,39.66667,26.0,10.33333,4.0,12.66667,17.33333,107.66667,240.0,44.33333,88.33333,0.502,14.33333,32.66667,0.438,12.33333,15.0,0.83967,10.66667,35.0,45.66667,29.0,8.33333,7.33333,16.66667,21.66667,115.33333,0,0.10011,-0.10011,0.37302,0.32381,0.58326,0.49962,0.62933,0.57026,1601.00955,1519.92335,0.39575,0.60425,2.63738,1.68987,1.0,,,,
248.33333,41.66667,91.66667,0.448,12.66667,36.0,0.35767,19.0,24.66667,0.783,11.33333,41.33333,52.66667,22.66667,4.33333,3.66667,17.66667,20.66667,115.0,248.33333,46.66667,101.0,0.46367,15.33333,45.66667,0.33933,18.0,23.33333,0.77033,9.66667,38.66667,48.33333,29.0,10.0,4.66667,10.0,22.33333,126.66667,1,0.15815,-0.15815,0.23023,0.29665,0.53917,0.51674,0.59693,0.58801,1585.34446,1474.86149,0.36483,0.63517,2.7522,1.57663,0.66667,240.0,38.33333,89.33333,0.42933,8.66667,35.0,0.24867,21.0,26.0,0.81467,12.0,33.0,45.0,20.0,6.66667,2.0,9.66667,20.0,106.33333,240.0,39.0,84.66667,0.46067,9.0,28.66667,0.31867,23.0,25.33333,0.909,10.0,36.66667,46.66667,22.33333,5.0,3.66667,13.0,20.33333,110.0,1,0.04809,-0.04809,0.3095,0.32962,0.5137,0.47802,0.60932,0.55985,1423.08522,1537.81253,0.65865,0.34135,1.54536,3.1079,1.0,,,,
240.0,39.0,83.66667,0.467,12.33333,33.66667,0.368,16.66667,22.33333,0.75733,6.66667,35.33333,42.0,22.33333,6.66667,4.0,10.66667,15.66667,107.0,240.0,41.0,87.66667,0.46733,10.0,26.0,0.38633,14.66667,16.0,0.91667,7.0,34.66667,41.66667,26.66667,7.33333,5.33333,10.0,19.33333,106.66667,0,-0.00662,0.00662,0.19764,0.19272,0.5236,0.54135,0.58468,0.60622,1523.74877,1496.23509,0.45833,0.54167,2.26809,1.9112,0.33333,240.0,37.66667,90.33333,0.41733,12.0,37.0,0.321,10.66667,16.0,0.678,8.66667,37.0,45.66667,23.66667,5.0,7.66667,14.33333,18.0,98.0,240.0,45.33333,95.0,0.477,12.66667,32.0,0.39033,14.66667,18.66667,0.77767,8.33333,41.66667,50.0,27.66667,9.0,6.33333,10.33333,16.66667,118.0,0,0.27282,-0.27282,0.22714,0.21611,0.54377,0.48332,0.59563,0.52197,1653.27453,1509.12123,0.32138,0.67862,3.17901,1.4805,1.0,,,,
240.0,39.0,87.0,0.45033,9.33333,26.33333,0.37333,16.66667,24.66667,0.66967,8.33333,32.66667,41.0,21.66667,6.66667,3.0,8.33333,21.33333,104.0,240.0,38.66667,82.66667,0.46767,8.66667,27.0,0.33367,14.0,22.66667,0.60333,10.33333,36.0,46.33333,21.66667,4.66667,5.66667,14.33333,23.0,100.0,1,-0.05616,0.05616,0.31885,0.23551,0.52028,0.5039,0.57048,0.5643,1512.13191,1498.81241,0.47331,0.52669,2.13756,1.91562,0.33333,240.0,44.0,84.0,0.52533,14.66667,39.33333,0.37633,15.66667,22.0,0.71467,9.66667,35.33333,45.0,29.0,7.33333,3.66667,14.33333,19.66667,118.33333,240.0,37.0,85.33333,0.434,9.0,23.66667,0.38033,18.33333,22.66667,0.79767,10.0,31.33333,41.33333,19.66667,7.33333,3.66667,13.33333,20.33333,101.33333,1,-0.22367,0.22367,0.28381,0.31365,0.48668,0.61255,0.56196,0.6671,1340.52826,1456.11787,0.63113,0.36887,1.61446,2.85418,0.0,,,,
240.0,39.66667,91.0,0.43533,10.33333,35.33333,0.29167,16.33333,22.33333,0.734,11.33333,34.0,45.33333,24.33333,5.33333,4.66667,11.66667,19.0,106.0,240.0,42.66667,90.0,0.475,8.0,24.66667,0.327,17.33333,23.33333,0.76833,12.0,37.0,49.0,27.0,6.0,6.33333,11.33333,20.66667,110.66667,0,0.0666,-0.0666,0.36597,0.31228,0.519,0.49172,0.58343,0.55158,1550.73889,1486.80749,0.41741,0.58259,2.40042,1.71809,0.66667,240.0,38.0,84.66667,0.45,12.0,34.0,0.355,15.66667,20.66667,0.75067,6.33333,36.0,42.33333,25.0,5.66667,6.0,14.33333,19.0,103.66667,240.0,44.66667,91.66667,0.48767,13.33333,33.66667,0.39133,15.33333,20.33333,0.74633,7.0,38.66667,45.66667,30.33333,9.0,4.66667,10.33333,17.0,118.0,0,0.20129,-0.20129,0.19428,0.17005,0.56136,0.52089,0.61628,0.58082,1643.8797,1541.12777,0.3668,0.6332,2.74888,1.58338,0.66667,,,,
240.0,34.0,85.33333,0.39867,11.66667,36.33333,0.321,13.33333,17.66667,0.75833,5.33333,37.0,42.33333,20.66667,7.66667,3.33333,11.66667,21.0,93.0,240.0,36.33333,83.33333,0.43533,8.66667,27.33333,0.315,17.0,24.0,0.648,8.0,41.66667,49.66667,21.33333,5.0,6.0,14.0,18.0,98.33333,0,0.08147,-0.08147,0.22164,0.12772,0.48778,0.46718,0.55624,0.52191,1529.41185,1445.56173,0.39203,0.60797,2.61445,1.66513,0.66667,240.0,39.66667,91.0,0.43733,14.0,37.0,0.37767,14.0,17.66667,0.80833,13.66667,28.33333,42.0,23.66667,7.33333,6.0,8.66667,22.33333,107.33333,240.0,37.66667,86.0,0.439,13.66667,38.0,0.35733,18.0,24.66667,0.733,13.33333,33.66667,47.0,21.33333,5.33333,4.33333,12.0,17.66667,107.0,0,-0.00158,0.00158,0.46626,0.40771,0.51793,0.51346,0.58533,0.5672,1486.01209,1549.21075,0.59253,0.40747,1.69927,2.4884,0.33333,,,,
240.0,37.66667,86.66667,0.43433,8.66667,31.33333,0.28033,14.66667,18.66667,0.80367,11.33333,34.33333,45.66667,20.66667,8.0,5.66667,14.66667,20.66667,98.66667,240.0,37.0,86.0,0.43133,12.0,34.66667,0.334,16.66667,23.66667,0.70267,11.66667,32.0,43.66667,27.66667,7.66667,7.66667,13.66667,20.33333,102.66667,1,0.05499,-0.05499,0.33853,0.35758,0.5009,0.48467,0.5632,0.54358,1457.08251,1565.70564,0.64869,0.35131,1.61963,3.24778,0.66667,240.0,41.66667,89.33333,0.46567,12.66667,31.0,0.41933,20.0,24.66667,0.797,9.0,34.66667,43.66667,27.0,5.66667,3.0,10.33333,21.33333,116.0,240.0,44.33333,90.33333,0.493,8.33333,26.0,0.31533,19.0,24.0,0.69167,9.66667,35.0,44.66667,26.33333,5.33333,7.33333,12.0,19.0,116.0,1,-0.00981,0.00981,0.3127,0.26085,0.53959,0.53709,0.60813,0.61137,1551.47912,1441.58152,0.35601,0.64399,3.1895,1.61235,0.33333,,,,
240.0,39.66667,90.33333,0.43833,7.0,21.33333,0.32967,17.66667,22.66667,0.78333,9.33333,34.0,43.33333,17.0,4.66667,3.33333,9.0,19.33333,104.0,240.0,42.33333,88.33333,0.48067,12.0,33.33333,0.36967,16.33333,21.66667,0.784,9.33333,37.33333,46.66667,27.33333,3.66667,5.33333,11.33333,20.33333,113.0,0,0.11055,-0.11055,0.26966,0.25537,0.54872,0.47707,0.60897,0.54513,1544.17533,1311.37522,0.21309,0.78691,4.77598,1.27225,0.66667,240.0,47.0,92.0,0.50933,14.33333,33.66667,0.416,11.66667,14.33333,0.76367,12.0,32.66667,44.66667,30.0,4.66667,2.66667,10.33333,21.0,120.0,240.0,45.66667,89.66667,0.51133,14.33333,32.0,0.44033,15.0,18.66667,0.80433,8.66667,30.0,38.66667,28.33333,5.0,1.66667,8.66667,16.0,120.66667,0,0.01501,-0.01501,0.27138,0.40084,0.58957,0.58671,0.64417,0.62974,1554.28541,1493.02181,0.41541,0.58459,2.73984,1.79266,0.66667,,,,
240.0,49.66667,93.0,0.53267,15.33333,37.66667,0.40433,13.33333,18.66667,0.71367,9.33333,38.33333,47.66667,36.66667,8.33333,6.0,10.0,23.66667,128.0,240.0,38.33333,87.0,0.44067,7.66667,26.33333,0.274,21.0,29.66667,0.73067,9.33333,34.0,43.33333,20.33333,3.66667,3.66667,13.33333,20.33333,105.33333,1,-0.27868,0.27868,0.24201,0.29696,0.48354,0.61435,0.56298,0.65856,1517.0631,1619.57414,0.61113,0.38887,1.6461,2.60509,0.0,256.66667,39.66667,89.33333,0.44067,12.0,33.0,0.36633,17.66667,22.0,0.80567,8.33333,38.66667,47.0,20.33333,9.0,4.66667,17.33333,21.33333,109.0,256.66667,43.33333,96.33333,0.44967,11.33333,31.33333,0.34633,15.33333,21.66667,0.69633,12.33333,36.66667,49.0,27.66667,9.0,5.0,15.33333,18.66667,113.33333,1,0.06962,-0.06962,0.31767,0.23889,0.50576,0.50831,0.56139,0.57351,1464.37075,1463.64588,0.50451,0.49549,2.15246,2.22542,0.66667,,,,
240.0,44.33333,91.0,0.49267,9.0,25.33333,0.349,22.33333,27.0,0.829,11.66667,35.33333,47.0,26.33333,9.33333,7.33333,11.66667,19.0,120.0,240.0,39.0,89.0,0.43867,13.66667,36.0,0.382,16.66667,22.0,0.75933,11.0,33.66667,44.66667,26.33333,7.66667,5.0,15.33333,21.33333,108.33333,0,-0.14521,0.14521,0.30805,0.35317,0.51597,0.54379,0.57778,0.62655,1460.45959,1554.07937,0.61827,0.38173,1.65743,2.86513,0.33333,248.33333,38.33333,88.33333,0.434,12.0,32.66667,0.363,24.33333,27.66667,0.88133,9.0,29.66667,38.66667,19.66667,9.33333,2.33333,13.0,17.66667,113.0,248.33333,51.66667,96.66667,0.53533,15.33333,40.33333,0.38367,15.33333,17.66667,0.87067,11.66667,36.66667,48.33333,35.66667,7.66667,8.0,13.66667,20.0,134.0,0,0.25727,-0.25727,0.40516,0.24613,0.61516,0.49961,0.66724,0.59743,1586.98408,1410.31546,0.28514,0.71486,3.92672,1.43301,0.66667,,,,
240.0,35.33333,87.33333,0.40433,10.66667,42.66667,0.25,24.0,30.33333,0.79467,10.0,30.0,40.0,14.66667,10.33333,5.66667,11.33333,23.66667,105.33333,240.0,40.33333,84.66667,0.476,9.33333,25.66667,0.36333,25.66667,30.33333,0.848,10.66667,38.66667,49.33333,20.33333,6.66667,7.66667,14.0,22.0,115.66667,0,0.13932,-0.13932,0.35704,0.26693,0.53136,0.46555,0.63307,0.55975,1445.474,1536.17372,0.6371,0.3629,1.63282,3.0417,0.66667,240.0,35.0,79.66667,0.44167,10.33333,31.66667,0.32233,22.0,26.33333,0.83667,6.0,28.66667,34.66667,23.0,5.33333,3.33333,13.0,21.33333,102.33333,240.0,48.33333,92.33333,0.52433,12.66667,32.33333,0.385,18.0,23.0,0.79,13.0,37.33333,50.33333,28.66667,6.66667,2.33333,11.0,22.0,127.33333,0,0.31741,-0.31741,0.45775,0.16169,0.59302,0.50572,0.65444,0.60161,1567.56672,1395.69776,0.30997,0.69003,3.94427,1.53912,1.0,,,,
240.0,45.66667,92.0,0.496,10.33333,26.66667,0.38933,15.66667,21.0,0.80833,9.66667,29.66667,39.33333,30.0,8.33333,0.33333,10.33333,17.0,117.33333,240.0,43.33333,84.0,0.51667,13.66667,33.33333,0.415,18.33333,21.0,0.87333,8.33333,31.66667,40.0,26.0,6.33333,5.0,15.0,21.0,118.66667,0,0.01132,-0.01132,0.28775,0.30307,0.59848,0.55218,0.6707,0.60772,1430.59533,1576.65462,0.68864,0.31136,1.54444,3.94711,0.33333,240.0,39.0,80.66667,0.48867,11.0,29.66667,0.37,18.33333,24.66667,0.74367,8.0,37.33333,45.33333,21.66667,9.0,4.66667,15.0,20.33333,107.33333,240.0,35.0,83.0,0.423,8.0,28.66667,0.28233,18.0,22.66667,0.77333,8.33333,30.66667,39.0,22.66667,10.33333,3.0,12.33333,22.0,96.0,0,-0.16347,0.16347,0.2211,0.2597,0.47111,0.55692,0.54729,0.62831,1431.15254,1505.28477,0.58876,0.41124,1.7052,2.45146,0.0,,,,
256.66667,44.0,92.66667,0.47633,11.33333,32.0,0.35133,24.33333,29.33333,0.839,11.66667,34.66667,46.33333,24.0,11.33333,5.33333,14.0,21.0,123.66667,256.66667,46.66667,97.0,0.484,15.66667,37.0,0.42567,14.66667,19.33333,0.75733,11.66667,34.33333,46.0,32.33333,9.0,5.0,16.0,24.0,123.66667,0,0.0034,-0.0034,0.3408,0.33922,0.56482,0.5383,0.61653,0.62558,1565.43613,1590.81251,0.53302,0.46698,1.97102,2.30955,0.33333,240.0,38.66667,85.66667,0.45033,13.0,35.33333,0.37167,14.33333,18.66667,0.79633,10.0,36.33333,46.33333,26.33333,6.0,5.33333,15.0,14.0,104.66667,240.0,42.66667,94.0,0.45533,10.33333,26.66667,0.38733,13.33333,16.0,0.84733,11.66667,33.66667,45.33333,26.66667,8.33333,4.66667,10.33333,18.0,109.0,0,0.06006,-0.06006,0.32557,0.30423,0.50988,0.52646,0.56035,0.58319,1572.52759,1515.90041,0.42136,0.57864,2.38302,1.73212,0.66667,,,,
240.0,36.66667,87.66667,0.41967,9.0,27.0,0.35067,18.0,26.33333,0.678,8.66667,31.33333,40.0,21.0,6.33333,4.0,10.0,20.0,100.33333,240.0,42.33333,88.0,0.47933,9.66667,27.0,0.36933,13.0,19.66667,0.66267,11.33333,39.33333,50.66667,23.66667,6.0,7.33333,12.66667,24.33333,107.33333,1,0.09052,-0.09052,0.36787,0.22235,0.53446,0.47079,0.58062,0.53763,1534.52931,1503.92188,0.46945,0.53055,2.15456,1.90148,0.66667,240.0,38.66667,85.66667,0.452,10.0,30.0,0.332,16.0,20.33333,0.78867,11.33333,30.33333,41.66667,23.33333,5.33333,5.33333,12.0,17.0,103.33333,240.0,41.33333,86.33333,0.479,13.66667,33.66667,0.40133,12.33333,19.0,0.64433,9.66667,32.66667,42.33333,27.33333,7.66667,5.33333,9.33333,19.66667,108.66667,1,0.07049,-0.07049,0.32381,0.36463,0.55756,0.51065,0.60139,0.57414,1508.44645,1541.7555,0.56469,0.43531,1.82591,2.40855,0.66667,,,,
256.66667,45.66667,99.33333,0.46167,11.33333,34.66667,0.31,19.66667,25.0,0.79067,14.33333,43.66667,58.0,26.0,8.66667,4.66667,16.66667,24.66667,122.33333,256.66667,40.33333,100.0,0.40333,20.66667,54.66667,0.37733,25.0,34.66667,0.72033,14.0,35.33333,49.33333,26.0,9.33333,5.66667,14.33333,23.0,126.33333,1,0.06141,-0.06141,0.32327,0.42808,0.50632,0.51914,0.58651,0.58586,1559.32135,1518.20423,0.44628,0.55372,2.24881,1.80997,0.66667,240.0,41.0,88.66667,0.464,9.0,35.66667,0.253,23.33333,28.66667,0.811,11.0,32.66667,43.66667,25.66667,10.0,6.66667,13.0,25.0,114.33333,240.0,38.0,86.0,0.44133,8.33333,27.0,0.303,27.0,30.66667,0.88667,13.0,34.33333,47.33333,24.33333,7.33333,3.0,17.33333,28.0,111.33333,1,-0.0456,0.0456,0.41034,0.35658,0.48973,0.51493,0.60018,0.60329,1504.39393,1482.15673,0.4659,0.5341,2.34002,2.02101,0.33333,,,,
240.0,40.0,91.0,0.43967,9.0,23.66667,0.37767,11.66667,17.0,0.66467,10.33333,29.33333,39.66667,28.33333,7.0,5.33333,13.0,22.33333,100.66667,240.0,40.33333,87.66667,0.45967,13.0,34.66667,0.372,21.0,28.0,0.75967,12.33333,37.0,49.33333,23.66667,7.33333,3.66667,15.33333,19.66667,114.66667,1,0.18409,-0.18409,0.42412,0.28491,0.53323,0.48925,0.61017,0.53145,1518.17783,1467.29239,0.44917,0.55083,2.37266,1.87418,0.66667,240.0,40.0,78.33333,0.51167,11.0,30.0,0.36633,20.33333,26.33333,0.77667,5.66667,40.0,45.66667,23.0,8.33333,5.66667,14.33333,20.33333,111.33333,240.0,36.0,88.0,0.411,9.33333,32.33333,0.29,16.33333,22.0,0.72833,9.66667,30.66667,40.33333,25.0,9.66667,4.33333,11.66667,19.66667,97.66667,1,-0.19408,0.19408,0.23632,0.19304,0.46431,0.58195,0.52861,0.66239,1440.65256,1571.34411,0.65822,0.34178,1.53509,3.0637,0.0,,,,
240.0,44.33333,87.66667,0.50733,13.33333,33.0,0.40367,13.0,17.66667,0.75967,6.33333,38.33333,44.66667,25.33333,7.33333,6.0,12.33333,17.0,115.0,240.0,43.33333,92.0,0.471,14.0,33.66667,0.42067,9.66667,15.33333,0.659,8.66667,32.33333,41.0,29.66667,6.0,5.33333,10.0,16.66667,110.33333,1,-0.06124,0.06124,0.23236,0.19152,0.54697,0.58315,0.57813,0.62972,1478.15475,1662.53792,0.73476,0.26524,1.3783,4.07619,0.33333,240.0,37.0,85.0,0.435,8.66667,26.66667,0.326,18.66667,24.33333,0.76833,11.66667,32.0,43.66667,22.66667,8.0,6.0,18.0,20.33333,101.33333,240.0,42.33333,89.0,0.47633,13.33333,34.66667,0.374,18.66667,25.33333,0.76033,9.66667,31.0,40.66667,27.66667,11.33333,7.0,13.33333,21.66667,116.66667,1,0.20728,-0.20728,0.30132,0.37965,0.5505,0.48622,0.6169,0.5603,1604.97418,1417.65583,0.26792,0.73208,3.91652,1.37302,1.0,,,,
240.0,39.33333,94.33333,0.416,11.33333,32.0,0.35333,24.66667,31.33333,0.771,14.66667,32.0,46.66667,24.33333,8.66667,2.33333,11.66667,20.0,114.66667,240.0,45.0,88.0,0.50967,13.33333,35.66667,0.36467,15.66667,21.66667,0.71467,7.66667,36.0,43.66667,28.33333,5.33333,8.33333,14.66667,25.33333,119.0,1,0.02613,-0.02613,0.268,0.44662,0.58465,0.47546,0.63871,0.56677,1492.44356,1529.21823,0.55286,0.44714,1.91558,2.52742,0.33333,240.0,41.66667,93.0,0.44633,11.0,29.66667,0.36767,16.0,22.0,0.728,12.0,37.33333,49.33333,26.66667,8.0,4.66667,11.0,24.66667,110.33333,240.0,38.66667,85.66667,0.453,6.66667,26.66667,0.25467,20.33333,33.0,0.616,11.0,37.0,48.0,20.66667,4.0,4.33333,14.0,19.66667,104.33333,1,-0.0729,0.0729,0.29755,0.32556,0.49201,0.50494,0.56293,0.56233,1509.88318,1430.84601,0.38637,0.61363,3.10985,1.82845,0.33333,,,,
240.0,38.33333,88.66667,0.43267,9.33333,30.0,0.30967,21.0,29.0,0.68867,10.66667,27.66667,38.33333,21.66667,8.0,7.0,14.0,25.66667,107.0,240.0,45.66667,87.66667,0.52067,11.66667,29.0,0.40033,22.66667,29.33333,0.774,10.66667,37.33333,48.0,29.66667,8.0,7.66667,14.66667,23.33333,125.66667,0,0.23036,-0.23036,0.4333,0.30402,0.58711,0.4856,0.66697,0.56434,1562.85205,1344.57695,0.23439,0.76561,4.39743,1.3102,1.0,240.0,41.66667,88.66667,0.47133,9.66667,28.66667,0.336,20.66667,25.66667,0.806,10.0,34.0,44.0,23.66667,5.66667,6.33333,12.66667,20.33333,113.66667,240.0,41.33333,93.0,0.44367,9.33333,29.66667,0.32267,20.66667,25.0,0.82667,14.0,35.0,49.0,23.66667,5.66667,6.0,12.33333,22.66667,112.66667,0,-0.01123,0.01123,0.41283,0.28533,0.49373,0.5254,0.57324,0.60411,1531.63808,1535.89279,0.50619,0.49381,2.00012,2.04809,0.33333,,,,
248.33333,35.0,82.33333,0.42567,8.33333,27.0,0.30533,14.66667,18.0,0.80967,11.0,33.33333,44.33333,21.66667,6.0,4.33333,17.66667,20.66667,93.0,248.33333,37.66667,86.0,0.43867,12.33333,33.33333,0.37167,18.33333,22.0,0.835,8.33333,31.0,39.33333,23.66667,12.33333,6.0,10.66667,19.33333,106.0,1,0.18423,-0.18423,0.24695,0.35873,0.51182,0.47651,0.58788,0.53921,1544.3512,1433.86379,0.35777,0.64223,2.83365,1.56362,1.0,240.0,43.33333,89.33333,0.48667,13.33333,36.0,0.37,11.0,13.0,0.83567,8.66667,37.66667,46.33333,27.33333,7.0,4.33333,13.33333,20.33333,111.0,240.0,35.66667,82.66667,0.43067,7.33333,27.66667,0.26333,16.66667,21.33333,0.82133,6.66667,33.33333,40.0,19.66667,8.33333,3.33333,13.33333,16.66667,95.33333,1,-0.21996,0.21996,0.18284,0.25815,0.47492,0.5619,0.54546,0.60498,1325.94534,1539.13827,0.75739,0.24261,1.32942,4.50933,0.0,,,,
256.66667,47.0,100.66667,0.464,10.66667,30.66667,0.34333,23.33333,30.33333,0.76933,13.33333,32.66667,46.0,24.33333,11.0,4.66667,11.66667,21.0,128.0,256.66667,51.0,94.66667,0.54,14.33333,29.0,0.53933,18.66667,22.0,0.83467,8.66667,37.0,45.66667,34.66667,7.33333,6.33333,15.66667,23.33333,135.0,1,0.07112,-0.07112,0.27744,0.36388,0.61588,0.51599,0.67899,0.59476,1487.0258,1594.52004,0.6632,0.3368,1.55125,3.3844,0.66667,240.0,40.66667,85.0,0.48167,11.33333,26.66667,0.422,22.33333,27.66667,0.80567,10.0,27.33333,37.33333,23.66667,10.33333,3.0,16.0,20.33333,115.0,240.0,49.66667,89.0,0.55733,16.33333,36.33333,0.44533,18.33333,24.33333,0.75933,10.66667,33.66667,44.33333,36.66667,9.66667,5.66667,16.33333,24.0,134.0,1,0.21765,-0.21765,0.38787,0.38393,0.64861,0.54877,0.7093,0.63461,1547.82806,1438.26951,0.37534,0.62466,2.85507,1.64278,0.66667,,,,
248.33333,43.66667,91.33333,0.47733,12.0,34.0,0.354,16.33333,20.66667,0.75467,9.33333,32.0,41.33333,26.66667,7.0,7.33333,11.66667,20.66667,115.66667,248.33333,42.0,89.33333,0.46967,10.33333,30.66667,0.33767,18.0,23.66667,0.75967,11.66667,33.66667,45.33333,23.0,5.33333,3.0,13.0,20.66667,112.33333,0,-0.04377,0.04377,0.37329,0.27763,0.52754,0.54306,0.59352,0.60319,1434.73276,1421.39759,0.46836,0.53164,2.17238,1.90939,0.66667,256.66667,50.0,98.33333,0.508,13.33333,36.33333,0.36767,19.33333,23.33333,0.839,13.66667,39.66667,53.33333,27.66667,4.66667,2.66667,15.66667,25.66667,132.66667,256.66667,42.66667,98.66667,0.43333,19.33333,61.33333,0.30467,29.0,34.33333,0.846,11.33333,30.66667,42.0,19.33333,9.0,5.66667,10.66667,24.0,133.66667,0,0.01211,-0.01211,0.28861,0.4475,0.52953,0.57532,0.62877,0.6407,1545.00998,1536.3775,0.48753,0.51247,2.11507,2.01647,0.66667,,,,
240.0,41.0,86.66667,0.473,10.66667,27.0,0.375,18.66667,24.0,0.80533,12.66667,38.33333,51.0,27.66667,8.0,6.0,18.66667,17.0,111.33333,240.0,41.0,90.0,0.45733,10.66667,29.0,0.37133,15.33333,21.0,0.73733,10.0,27.66667,37.66667,24.33333,11.0,3.33333,13.33333,18.66667,108.0,0,-0.04933,0.04933,0.27471,0.45767,0.51726,0.53439,0.57331,0.6063,1456.03454,1546.59907,0.62373,0.37627,1.67495,2.93471,0.33333,240.0,37.0,80.33333,0.46,9.0,29.0,0.31167,17.66667,21.0,0.80167,7.66667,28.33333,36.0,22.33333,4.0,3.66667,13.0,20.33333,100.66667,240.0,49.0,93.0,0.52767,16.66667,37.66667,0.44067,15.66667,20.0,0.787,13.66667,34.66667,48.33333,31.0,7.33333,1.66667,10.0,20.33333,130.33333,0,0.37296,-0.37296,0.48495,0.23669,0.61695,0.51651,0.66933,0.59588,1559.35189,1319.22809,0.21326,0.78674,4.7218,1.27173,1.0,,,,
240.0,44.0,93.0,0.47367,10.0,26.66667,0.39467,16.33333,19.0,0.85033,13.66667,36.0,49.66667,25.33333,7.0,6.66667,14.33333,22.0,114.33333,240.0,38.33333,88.0,0.437,10.33333,31.33333,0.344,24.0,30.33333,0.79067,10.33333,31.0,41.33333,22.0,10.0,5.33333,13.66667,20.33333,111.0,0,-0.0457,0.0457,0.28779,0.46032,0.49587,0.52721,0.58746,0.58827,1496.00739,1553.19448,0.57021,0.42979,1.86076,2.76309,0.33333,240.0,41.33333,88.33333,0.466,12.0,35.66667,0.34033,18.0,22.33333,0.79367,8.66667,38.66667,47.33333,22.0,6.33333,6.33333,11.0,21.66667,112.66667,240.0,39.0,89.66667,0.43567,14.66667,41.66667,0.34233,16.0,23.66667,0.67733,10.33333,35.33333,45.66667,24.33333,6.33333,4.0,12.66667,18.66667,108.66667,0,-0.0449,0.0449,0.26619,0.25661,0.51804,0.53513,0.5734,0.60412,1491.29302,1601.02694,0.64631,0.35369,1.59179,3.06958,0.33333,,,,
240.0,39.33333,90.0,0.437,10.33333,27.66667,0.37767,8.33333,14.0,0.57633,10.66667,28.66667,39.33333,28.0,6.66667,4.0,14.0,20.66667,97.33333,240.0,40.0,86.33333,0.46233,11.33333,34.0,0.335,21.33333,26.0,0.81833,12.33333,37.0,49.33333,22.33333,8.66667,3.33333,14.33333,18.0,112.66667,0,0.20756,-0.20756,0.43194,0.29471,0.52791,0.49481,0.61101,0.52311,1481.73271,1473.83167,0.51774,0.48226,1.9335,2.07614,0.66667,240.0,35.66667,84.0,0.42467,10.0,29.66667,0.33733,20.0,27.0,0.74833,11.33333,36.0,47.33333,19.66667,6.66667,5.0,19.0,18.33333,101.33333,240.0,45.0,93.66667,0.482,11.66667,33.0,0.34533,15.66667,21.66667,0.74,10.0,33.66667,43.66667,30.0,12.33333,6.66667,11.0,22.0,117.33333,0,0.21523,-0.21523,0.2764,0.35304,0.54452,0.4842,0.59864,0.5627,1601.56987,1422.34441,0.28322,0.71678,3.77397,1.40698,1.0,,,,
240.0,42.0,87.0,0.484,11.33333,28.33333,0.40467,15.66667,20.33333,0.77533,11.0,32.0,43.0,23.66667,5.66667,5.66667,13.0,20.66667,111.0,240.0,39.0,87.66667,0.444,11.0,30.33333,0.368,23.0,27.66667,0.818,10.0,34.33333,44.33333,23.33333,7.0,3.66667,10.33333,19.33333,112.0,0,0.00985,-0.00985,0.33733,0.32301,0.50703,0.54993,0.59655,0.60902,1536.09069,1562.51133,0.54436,0.45564,1.8537,2.2217,0.33333,240.0,35.66667,89.66667,0.39667,10.33333,32.0,0.33233,24.0,29.0,0.82767,8.66667,30.33333,39.0,17.33333,9.66667,4.66667,11.0,22.66667,105.66667,240.0,45.33333,87.0,0.51867,13.33333,32.66667,0.39333,24.33333,31.0,0.79767,10.0,42.0,52.0,29.66667,7.0,10.66667,15.0,23.66667,128.33333,0,0.27751,-0.27751,0.32848,0.21442,0.59436,0.45438,0.68268,0.54905,1566.78239,1540.9047,0.49084,0.50916,2.0385,1.96501,0.66667,,,,
240.0,38.66667,81.33333,0.478,11.66667,28.66667,0.40733,17.0,23.0,0.741,9.33333,30.66667,40.0,27.33333,8.33333,5.33333,14.33333,21.0,106.0,240.0,40.33333,83.33333,0.484,16.66667,39.0,0.43533,18.0,22.66667,0.79667,9.0,33.0,42.0,23.66667,8.0,5.33333,14.66667,21.0,115.33333,0,0.126,-0.126,0.29879,0.29392,0.58394,0.54904,0.65284,0.61417,1555.09425,1463.45556,0.38586,0.61414,2.65379,1.64154,1.0,240.0,37.66667,86.33333,0.43633,10.0,29.0,0.34567,19.66667,27.33333,0.711,12.33333,37.66667,50.0,20.0,8.33333,4.66667,19.66667,21.33333,105.0,240.0,42.66667,90.33333,0.47333,9.33333,31.66667,0.29233,17.66667,25.33333,0.69533,9.33333,35.0,44.33333,28.33333,12.0,6.33333,13.66667,23.0,112.33333,0,0.09498,-0.09498,0.24712,0.36941,0.52507,0.49411,0.58826,0.56859,1596.17931,1395.91548,0.25325,0.74675,4.22556,1.35182,1.0,,,,
240.0,41.33333,98.33333,0.419,11.0,32.66667,0.336,21.33333,26.33333,0.79767,17.0,34.0,51.0,24.0,8.33333,2.0,12.33333,17.33333,115.0,240.0,45.33333,88.66667,0.50967,12.0,35.0,0.32667,12.33333,17.66667,0.68533,7.33333,35.0,42.33333,30.33333,5.66667,8.33333,15.66667,23.0,115.0,0,-0.02993,0.02993,0.23545,0.53955,0.5764,0.47448,0.61803,0.55207,1461.45353,1529.15368,0.59031,0.40969,1.7456,2.6637,0.33333,240.0,41.0,88.33333,0.46367,7.66667,23.0,0.344,15.66667,20.33333,0.76733,8.33333,35.33333,43.66667,22.0,7.33333,7.0,12.0,22.0,105.33333,240.0,39.33333,88.0,0.44867,13.0,38.66667,0.32533,19.33333,24.33333,0.81433,11.0,34.33333,45.33333,27.33333,6.0,6.66667,15.66667,20.33333,111.0,0,0.07546,-0.07546,0.3084,0.25952,0.52265,0.50706,0.59652,0.56747,1585.89257,1472.30542,0.36551,0.63449,3.34637,1.64005,0.66667,,,,
240.0,42.66667,94.33333,0.455,11.33333,35.0,0.32867,16.66667,20.66667,0.80567,10.66667,32.66667,43.33333,25.0,10.0,4.33333,11.66667,17.33333,113.33333,240.0,43.66667,89.0,0.491,12.0,29.0,0.40833,15.66667,23.0,0.67733,10.33333,35.66667,46.0,29.66667,8.33333,3.66667,16.33333,18.33333,115.0,1,0.01098,-0.01098,0.33287,0.30251,0.55834,0.51602,0.6111,0.57674,1556.05283,1436.51368,0.32978,0.67022,3.14304,1.50271,0.66667,240.0,43.0,89.33333,0.483,13.66667,39.33333,0.35033,15.0,19.0,0.773,7.33333,34.33333,41.66667,22.0,6.33333,4.33333,11.33333,18.0,114.66667,240.0,44.0,90.66667,0.485,11.0,27.33333,0.39933,14.0,17.0,0.782,9.66667,32.33333,42.0,27.33333,5.33333,3.66667,10.66667,18.0,113.0,1,-0.02094,0.02094,0.30261,0.22137,0.54562,0.55836,0.59903,0.61473,1413.45798,1558.62201,0.69149,0.30851,1.4689,3.54544,0.33333,,,,
240.0,44.33333,88.33333,0.49933,12.0,29.66667,0.36567,13.66667,21.0,0.63167,7.33333,32.66667,40.0,30.33333,4.33333,4.33333,14.33333,18.0,114.33333,240.0,52.66667,96.33333,0.54567,15.66667,32.0,0.49333,14.66667,16.66667,0.82967,9.33333,34.0,43.33333,35.0,9.33333,5.0,8.33333,17.66667,135.66667,0,0.25821,-0.25821,0.28727,0.20914,0.62734,0.56403,0.67804,0.61285,1590.36944,1473.0851,0.35909,0.64091,2.83584,1.56889,0.66667,240.0,43.66667,88.66667,0.49267,15.0,39.66667,0.376,21.66667,26.33333,0.81967,11.0,34.33333,45.33333,29.33333,7.33333,6.0,9.66667,20.33333,124.0,240.0,39.66667,82.0,0.48267,14.33333,33.33333,0.429,16.0,23.0,0.699,7.66667,29.33333,37.0,26.0,6.66667,4.0,15.33333,21.33333,109.66667,0,-0.18008,0.18008,0.23749,0.3768,0.57001,0.57728,0.62919,0.65692,1352.29269,1533.98328,0.72014,0.27986,1.40113,3.858,0.0,,,,
240.0,47.33333,90.66667,0.522,10.66667,31.33333,0.34167,17.33333,22.33333,0.782,8.0,39.66667,47.66667,35.33333,8.0,6.66667,11.66667,24.0,122.66667,240.0,39.0,88.0,0.44267,8.0,29.0,0.25567,21.66667,31.33333,0.69767,9.33333,34.0,43.33333,20.0,4.66667,3.33333,14.0,23.66667,107.66667,1,-0.19178,0.19178,0.23449,0.24757,0.4867,0.58016,0.56672,0.64181,1490.34398,1628.37307,0.66826,0.33174,1.5004,3.05118,0.0,240.0,38.33333,88.33333,0.434,13.33333,33.33333,0.40133,16.0,19.33333,0.82967,11.33333,29.0,40.33333,26.0,8.66667,4.66667,16.0,18.66667,106.0,240.0,44.0,86.33333,0.50967,13.66667,31.0,0.44233,15.66667,18.33333,0.862,9.0,34.66667,43.66667,26.66667,10.0,7.0,16.66667,20.33333,117.33333,1,0.14696,-0.14696,0.3098,0.33754,0.5889,0.50889,0.64889,0.57179,1604.47458,1414.84621,0.27209,0.72791,4.39773,1.39772,1.0,,,,
248.33333,45.66667,97.66667,0.46433,15.33333,37.33333,0.408,15.66667,22.33333,0.70233,11.33333,39.33333,50.66667,24.33333,4.33333,4.0,13.66667,21.66667,122.33333,248.33333,46.66667,101.33333,0.462,14.66667,43.66667,0.34267,18.33333,24.0,0.75467,11.66667,38.66667,50.33333,25.33333,7.33333,6.0,10.0,21.33333,126.33333,0,0.05382,-0.05382,0.3026,0.29665,0.5336,0.54236,0.59222,0.59357,1521.69467,1476.43628,0.44667,0.55333,2.35037,1.8817,0.33333,240.0,37.0,85.33333,0.434,12.0,32.66667,0.37033,19.66667,24.0,0.814,12.0,33.0,45.0,23.33333,7.66667,5.33333,17.66667,17.66667,105.66667,240.0,43.0,90.66667,0.477,13.0,31.66667,0.41833,14.66667,16.0,0.91533,10.66667,32.0,42.66667,24.66667,10.33333,5.33333,15.66667,21.0,113.66667,0,0.10568,-0.10568,0.31773,0.37395,0.54871,0.50404,0.60589,0.58307,1607.2209,1474.1261,0.34791,0.65209,3.93806,1.63357,0.66667,,,,
240.0,36.66667,83.0,0.44467,11.33333,34.66667,0.333,19.33333,27.0,0.71133,8.0,36.66667,44.66667,21.0,5.66667,3.33333,14.0,17.33333,104.0,240.0,42.0,90.0,0.46667,9.66667,29.66667,0.33433,18.0,19.66667,0.929,8.0,37.0,45.0,25.33333,9.0,5.33333,9.66667,20.33333,111.66667,0,0.10713,-0.10713,0.21939,0.21191,0.51969,0.51385,0.59291,0.58836,1559.40203,1501.50339,0.42959,0.57041,2.54044,1.84733,0.66667,240.0,38.0,91.0,0.42067,12.66667,32.33333,0.393,18.66667,23.33333,0.78867,14.0,34.33333,48.33333,21.66667,7.33333,5.33333,17.0,19.0,107.33333,240.0,43.66667,95.0,0.46233,13.33333,35.0,0.39333,14.66667,16.0,0.91533,13.33333,34.66667,48.0,25.66667,9.66667,8.33333,15.0,19.33333,115.33333,0,0.10395,-0.10395,0.38916,0.40305,0.53264,0.49044,0.58862,0.56238,1609.40666,1470.1322,0.33958,0.66042,4.00318,1.61338,0.66667,,,,
240.0,37.0,87.33333,0.42367,8.66667,28.0,0.30733,15.33333,19.66667,0.79733,7.0,31.0,38.0,15.0,9.66667,5.0,12.66667,19.66667,98.0,240.0,41.0,90.66667,0.45,10.0,35.0,0.281,18.66667,26.33333,0.738,16.0,37.33333,53.33333,26.0,7.66667,4.66667,15.66667,15.0,110.66667,0,0.17135,-0.17135,0.52778,0.19141,0.50483,0.47344,0.57332,0.53483,1515.49221,1344.32999,0.28319,0.71681,3.6592,1.40209,1.0,240.0,40.66667,90.0,0.45133,13.33333,37.0,0.35533,16.0,21.33333,0.713,10.0,31.66667,41.66667,26.66667,7.66667,4.66667,11.33333,20.66667,110.66667,240.0,39.66667,88.33333,0.44967,11.0,34.66667,0.316,20.66667,25.0,0.817,12.66667,35.66667,48.33333,25.0,6.66667,5.0,14.33333,20.66667,111.0,0,-0.01469,0.01469,0.46354,0.28532,0.51225,0.52502,0.59164,0.58307,1508.56043,1440.81839,0.41409,0.58591,2.55383,1.74718,0.66667,,,,
240.0,36.33333,82.0,0.44567,10.0,27.66667,0.35667,18.66667,24.0,0.77167,8.66667,27.66667,36.33333,18.66667,6.0,2.66667,15.33333,17.33333,101.33333,240.0,46.33333,86.66667,0.53433,13.33333,33.0,0.412,14.66667,16.33333,0.888,9.66667,35.0,44.66667,30.33333,8.33333,4.0,14.66667,22.33333,120.66667,1,0.25131,-0.25131,0.36338,0.25082,0.61107,0.50702,0.66825,0.58451,1584.55477,1295.83905,0.16876,0.83124,6.04357,1.20392,1.0,240.0,42.66667,83.66667,0.511,12.0,31.0,0.38733,17.33333,24.33333,0.71,9.33333,39.66667,49.0,28.33333,6.33333,4.0,16.66667,19.0,114.66667,240.0,36.66667,90.0,0.40933,10.0,29.33333,0.346,18.33333,21.66667,0.859,10.33333,32.66667,43.0,19.66667,9.0,4.0,12.0,23.0,101.66667,1,-0.17141,0.17141,0.25812,0.29809,0.46517,0.58248,0.54028,0.645,1331.8719,1462.49039,0.65835,0.34165,1.55662,3.13741,0.0,,,,
240.0,39.0,84.0,0.464,15.66667,35.0,0.46167,16.0,20.66667,0.789,6.33333,28.33333,34.66667,28.0,11.33333,1.33333,12.33333,17.0,109.66667,240.0,45.33333,86.0,0.52633,13.33333,33.33333,0.39933,14.33333,19.33333,0.73467,11.0,39.0,50.0,31.33333,6.33333,3.33333,16.66667,16.66667,118.33333,0,0.09547,-0.09547,0.3833,0.16178,0.60342,0.55729,0.65312,0.61816,1516.36014,1455.24484,0.42998,0.57002,2.42287,1.80798,0.66667,240.0,40.66667,82.0,0.49333,11.33333,26.33333,0.42533,16.33333,22.0,0.74733,8.33333,34.66667,43.0,25.66667,8.33333,2.0,12.66667,20.66667,109.0,240.0,36.33333,82.66667,0.44333,9.66667,28.66667,0.33433,16.66667,21.66667,0.77633,9.33333,29.0,38.33333,21.0,6.66667,3.0,14.33333,19.66667,99.0,0,-0.14243,0.14243,0.2732,0.28395,0.50331,0.5637,0.57183,0.62704,1297.37029,1477.2531,0.71284,0.28716,1.44778,4.02919,0.0,,,,
240.0,41.0,91.66667,0.44767,11.0,34.66667,0.31267,18.0,20.66667,0.87733,12.0,32.66667,44.66667,25.0,5.0,2.66667,12.66667,20.33333,111.0,240.0,42.33333,91.66667,0.462,11.0,34.0,0.34333,20.33333,23.66667,0.855,12.66667,33.0,45.66667,25.33333,8.0,6.0,10.66667,22.66667,116.0,1,0.06432,-0.06432,0.39524,0.36878,0.52176,0.50747,0.59884,0.57717,1572.16873,1606.50144,0.55224,0.44776,1.82053,2.25286,1.0,240.0,36.33333,86.33333,0.423,11.66667,34.66667,0.34233,17.0,22.0,0.784,12.66667,28.33333,41.0,22.33333,6.33333,3.33333,9.33333,23.66667,101.33333,240.0,37.33333,82.66667,0.452,13.0,37.33333,0.34667,16.66667,25.0,0.68,10.33333,34.0,44.33333,22.33333,6.33333,5.0,11.0,21.33333,104.33333,1,0.0423,-0.0423,0.37535,0.37355,0.53051,0.49074,0.5919,0.55808,1483.96902,1499.16704,0.52502,0.47498,1.93408,2.1442,0.66667,,,,
240.0,40.33333,87.0,0.463,8.33333,31.0,0.27267,13.66667,17.66667,0.787,9.0,34.33333,43.33333,22.66667,9.0,6.0,12.66667,20.0,102.66667,240.0,36.66667,85.0,0.43233,14.33333,38.0,0.37033,14.0,19.66667,0.719,9.66667,33.66667,43.33333,27.0,5.33333,6.0,15.33333,20.66667,101.66667,1,-0.01773,0.01773,0.28448,0.28377,0.51539,0.5111,0.56846,0.56444,1518.60248,1572.78824,0.57389,0.42611,1.79334,2.49323,0.33333,248.33333,40.66667,86.33333,0.47133,11.0,33.66667,0.318,19.66667,26.33333,0.75733,9.66667,32.0,41.66667,24.33333,6.66667,5.66667,14.0,23.66667,112.0,248.33333,37.66667,87.66667,0.433,10.33333,31.66667,0.317,23.0,28.33333,0.81433,9.33333,31.0,40.33333,23.0,9.0,3.66667,13.66667,24.0,108.66667,1,-0.03894,0.03894,0.29259,0.31313,0.49468,0.53508,0.58443,0.60793,1527.24628,1454.1005,0.39703,0.60297,2.79885,1.75139,0.66667,,,,
240.0,38.33333,85.66667,0.44733,10.66667,34.0,0.31367,25.33333,33.66667,0.75133,10.33333,26.33333,36.66667,20.33333,8.33333,6.66667,12.66667,24.66667,112.66667,240.0,43.33333,88.33333,0.49133,9.66667,28.66667,0.32367,24.33333,30.66667,0.79067,11.66667,34.0,45.66667,26.66667,7.0,6.66667,15.0,26.33333,120.66667,0,0.09422,-0.09422,0.48032,0.3174,0.5462,0.50951,0.63542,0.60519,1543.14849,1341.66178,0.24735,0.75265,4.16951,1.33261,1.0,240.0,45.33333,86.66667,0.51967,13.66667,32.0,0.41333,12.0,15.66667,0.72733,11.0,30.0,41.0,28.33333,4.66667,2.66667,11.33333,18.66667,116.33333,240.0,47.33333,92.33333,0.51333,16.33333,37.0,0.439,12.33333,15.66667,0.79367,11.33333,30.0,41.33333,32.33333,5.66667,2.33333,8.66667,17.66667,123.33333,0,0.09634,-0.09634,0.40229,0.36858,0.60123,0.59765,0.64384,0.64562,1554.03838,1414.40248,0.3251,0.6749,3.75075,1.58409,0.66667,,,,
240.0,34.0,83.66667,0.40633,12.0,37.0,0.32433,15.33333,20.66667,0.74067,8.0,37.0,45.0,22.66667,5.33333,2.0,12.66667,20.66667,95.33333,240.0,38.33333,83.66667,0.45833,9.33333,27.0,0.33667,14.33333,22.0,0.60733,7.33333,38.33333,45.66667,22.66667,6.0,7.0,11.33333,20.33333,100.33333,1,0.07495,-0.07495,0.20144,0.21729,0.51468,0.47797,0.56835,0.54039,1501.17948,1443.14487,0.42518,0.57482,2.3982,1.75623,0.66667,240.0,42.66667,91.66667,0.46767,12.33333,33.66667,0.364,10.0,13.0,0.78,9.33333,37.66667,47.0,27.0,7.66667,4.0,10.66667,19.0,107.66667,240.0,33.0,79.33333,0.41367,9.0,32.33333,0.27367,16.0,20.66667,0.81367,6.33333,36.0,42.33333,19.0,5.33333,4.33333,14.66667,15.33333,91.0,1,-0.2415,0.2415,0.1743,0.2576,0.47133,0.53535,0.54195,0.57263,1319.8119,1515.39573,0.7328,0.2672,1.38211,4.25949,0.0,,,,
240.0,42.0,90.33333,0.46633,15.66667,35.33333,0.445,17.33333,22.0,0.812,10.66667,34.66667,45.33333,33.33333,10.0,4.66667,13.33333,16.33333,117.0,240.0,43.33333,94.33333,0.46,8.0,25.33333,0.31567,14.33333,19.0,0.753,12.33333,34.33333,46.66667,25.33333,6.66667,3.66667,14.33333,18.33333,109.0,1,-0.11021,0.11021,0.36329,0.3131,0.50236,0.55298,0.55299,0.61616,1545.74634,1570.57148,0.52307,0.47693,1.93127,2.12203,0.33333,240.0,39.0,88.0,0.44233,11.33333,27.0,0.40467,25.33333,29.33333,0.86833,7.0,32.0,39.0,21.66667,8.66667,2.33333,13.0,18.66667,114.66667,240.0,50.33333,96.66667,0.522,18.66667,44.33333,0.421,19.0,23.0,0.82833,12.0,39.66667,51.66667,35.66667,7.66667,7.66667,12.33333,21.66667,138.33333,1,0.2843,-0.2843,0.39881,0.18174,0.61843,0.50492,0.68029,0.60515,1596.758,1418.18109,0.2853,0.7147,3.92587,1.43351,1.0,,,,
240.0,37.66667,87.0,0.43333,12.66667,43.33333,0.292,21.66667,28.33333,0.76467,10.66667,26.66667,37.33333,15.66667,10.0,6.33333,11.33333,24.66667,109.66667,240.0,43.66667,83.66667,0.52267,11.0,28.0,0.389,24.0,28.66667,0.84033,10.0,36.33333,46.33333,24.33333,7.0,8.33333,13.0,19.66667,122.33333,1,0.16163,-0.16163,0.39455,0.31705,0.5887,0.50672,0.68134,0.58904,1503.57172,1533.35335,0.55414,0.44586,1.91364,2.58137,0.66667,240.0,39.66667,92.0,0.43233,10.0,33.0,0.30267,18.0,21.66667,0.83,10.66667,36.0,46.66667,21.0,7.66667,6.0,13.0,24.66667,107.33333,240.0,40.33333,89.66667,0.45167,14.66667,40.33333,0.36033,20.66667,27.33333,0.75467,13.0,33.0,46.0,28.0,6.66667,7.0,13.0,20.33333,116.0,1,0.10871,-0.10871,0.3602,0.33856,0.53341,0.48626,0.60773,0.55521,1586.88013,1482.79736,0.37156,0.62844,2.98942,1.6331,1.0,,,,
256.66667,42.66667,96.0,0.44333,10.66667,34.66667,0.30333,22.0,26.66667,0.83133,13.66667,35.0,48.66667,24.0,9.0,5.0,13.33333,21.0,118.0,256.66667,46.66667,100.66667,0.46433,14.0,33.33333,0.415,14.33333,18.66667,0.76567,14.33333,35.0,49.33333,31.66667,8.0,6.66667,13.33333,25.0,121.66667,0,0.04939,-0.04939,0.41587,0.39259,0.53264,0.49854,0.58219,0.5768,1547.64698,1603.09713,0.57985,0.42015,1.7546,2.4795,0.66667,256.66667,47.33333,91.66667,0.51567,12.0,31.66667,0.38967,17.66667,24.66667,0.706,12.66667,39.33333,52.0,29.0,5.0,4.0,17.33333,24.0,124.33333,256.66667,41.33333,96.33333,0.42967,22.0,62.0,0.35733,26.0,30.66667,0.856,9.66667,31.0,40.66667,19.33333,9.33333,5.0,11.0,23.66667,130.66667,0,0.08835,-0.08835,0.24295,0.40809,0.54357,0.58099,0.63364,0.63842,1549.75539,1486.45483,0.42153,0.57847,2.38082,1.73223,0.66667,,,,
240.0,40.0,86.33333,0.46067,10.0,27.0,0.372,20.66667,26.66667,0.823,10.0,32.0,42.0,25.33333,7.0,2.0,14.0,19.66667,110.66667,240.0,42.66667,85.33333,0.49967,12.33333,33.0,0.37267,18.0,22.66667,0.80967,8.33333,32.0,40.33333,27.66667,7.66667,5.66667,13.66667,22.33333,115.66667,0,0.05747,-0.05747,0.26599,0.31233,0.5714,0.51879,0.63929,0.6019,1465.17621,1575.92458,0.65307,0.34693,1.60614,3.2909,0.66667,240.0,40.0,84.0,0.473,10.0,27.66667,0.36267,14.33333,17.0,0.83867,5.33333,38.66667,44.0,23.66667,5.33333,4.0,15.33333,19.33333,104.33333,240.0,40.0,88.66667,0.45133,10.0,30.66667,0.32133,16.66667,22.66667,0.73067,9.66667,34.33333,44.0,25.33333,7.66667,3.33333,12.0,16.66667,106.66667,0,0.045,-0.045,0.25418,0.17099,0.50709,0.53307,0.57022,0.59176,1466.12894,1474.44679,0.51377,0.48623,2.13374,2.33127,0.66667,,,,
240.0,45.66667,89.66667,0.508,11.66667,30.0,0.382,20.66667,24.66667,0.83167,10.66667,40.33333,51.0,33.33333,7.0,6.33333,13.0,22.33333,123.66667,240.0,42.33333,92.66667,0.459,11.66667,34.0,0.32733,17.0,24.66667,0.742,10.33333,32.0,42.33333,24.0,4.66667,3.33333,12.66667,21.0,113.33333,1,-0.12455,0.12455,0.25354,0.33042,0.52059,0.57262,0.57856,0.65061,1528.36059,1632.62448,0.6313,0.3687,1.6072,2.82618,0.0,240.0,36.0,87.33333,0.41167,11.0,37.0,0.298,17.0,22.66667,0.75433,10.33333,34.0,44.33333,23.0,4.0,5.0,12.66667,18.0,100.0,240.0,43.0,92.33333,0.46633,10.33333,25.66667,0.39933,17.33333,20.33333,0.87733,11.66667,36.33333,48.0,28.0,7.33333,6.0,8.33333,21.0,113.66667,1,0.18518,-0.18518,0.34462,0.28968,0.52162,0.47515,0.58781,0.54154,1578.6338,1530.44447,0.44906,0.55094,2.27109,1.84326,1.0,,,,
240.0,39.0,91.66667,0.42567,9.66667,26.33333,0.36567,11.66667,16.66667,0.679,10.66667,32.33333,43.0,26.0,9.0,5.33333,15.0,24.0,99.33333,240.0,39.66667,87.0,0.455,11.66667,31.66667,0.357,22.0,28.66667,0.778,11.0,37.66667,48.66667,24.0,9.66667,4.66667,16.0,19.33333,113.0,0,0.17873,-0.17873,0.35044,0.28808,0.52073,0.47822,0.60397,0.52094,1511.07921,1460.75311,0.44997,0.55003,2.36994,1.87799,0.66667,240.0,44.0,92.33333,0.47933,9.33333,31.66667,0.29867,23.33333,30.66667,0.755,8.66667,38.0,46.66667,28.66667,9.33333,7.33333,9.66667,19.33333,120.66667,240.0,39.0,89.66667,0.43367,10.66667,27.66667,0.37167,18.0,24.33333,0.717,10.33333,37.33333,47.66667,23.0,6.0,4.0,15.33333,25.0,106.66667,0,-0.18144,0.18144,0.2701,0.23294,0.49328,0.53082,0.56236,0.61283,1505.93007,1586.77576,0.59206,0.40794,1.69592,2.47496,0.0,,,,
265.0,47.33333,95.66667,0.49433,13.33333,34.33333,0.38933,23.66667,28.66667,0.835,11.33333,47.0,58.33333,30.66667,8.0,4.33333,18.0,25.0,131.66667,265.0,43.0,102.66667,0.41867,20.33333,55.0,0.367,22.33333,32.66667,0.67033,13.0,31.66667,44.66667,26.66667,10.0,5.33333,11.66667,25.33333,128.66667,0,-0.0339,0.0339,0.2767,0.38124,0.51821,0.56341,0.58602,0.64526,1541.5471,1511.23961,0.44826,0.55174,2.24003,1.81713,0.33333,240.0,41.0,88.0,0.465,13.33333,31.33333,0.42933,25.33333,30.33333,0.83067,9.33333,33.0,42.33333,27.33333,8.66667,3.66667,14.0,21.0,120.66667,240.0,47.66667,94.0,0.50733,17.66667,42.0,0.41367,19.33333,24.33333,0.78,10.0,37.66667,47.66667,33.66667,9.0,6.66667,12.33333,23.33333,132.33333,0,0.1241,-0.1241,0.32305,0.28398,0.60012,0.53901,0.66355,0.6361,1615.04644,1495.62164,0.34786,0.65214,3.20857,1.56731,0.66667,,,,
240.0,37.33333,83.0,0.45033,10.66667,30.33333,0.35633,16.33333,20.33333,0.81933,9.66667,34.33333,44.0,23.33333,7.66667,4.66667,16.0,19.33333,101.66667,240.0,38.66667,85.33333,0.45267,9.66667,28.66667,0.334,12.33333,15.66667,0.80633,8.0,30.66667,38.66667,23.66667,11.33333,4.0,14.33333,20.66667,99.33333,1,-0.03505,0.03505,0.2384,0.31618,0.50919,0.51453,0.55932,0.5815,1406.30398,1503.52627,0.62286,0.37714,1.79144,3.22094,0.33333,240.0,40.33333,87.0,0.464,10.33333,30.66667,0.336,18.33333,22.66667,0.80733,8.0,29.66667,37.66667,23.66667,7.33333,5.66667,12.66667,24.33333,109.33333,240.0,45.66667,91.66667,0.49967,12.66667,32.0,0.397,22.66667,26.33333,0.85933,13.33333,35.33333,48.66667,28.0,7.66667,5.0,12.33333,20.66667,126.66667,1,0.21176,-0.21176,0.44323,0.22619,0.56957,0.52307,0.65339,0.59472,1561.06969,1497.50163,0.44823,0.55177,2.50157,1.90573,1.0,,,,
240.0,42.33333,87.66667,0.48233,11.33333,28.66667,0.39267,12.66667,17.33333,0.71533,9.66667,38.66667,48.33333,22.66667,5.66667,4.33333,15.66667,25.33333,108.66667,240.0,41.0,92.33333,0.44133,12.0,34.0,0.336,21.0,29.66667,0.71333,10.33333,31.66667,42.0,25.0,8.33333,2.66667,9.66667,18.33333,115.0,1,0.06064,-0.06064,0.28858,0.31173,0.50527,0.54904,0.57896,0.59643,1445.24268,1338.03098,0.35459,0.64541,3.20767,1.63529,0.66667,240.0,40.0,85.0,0.47133,9.33333,28.33333,0.327,16.66667,21.66667,0.77567,8.66667,30.0,38.66667,20.33333,6.33333,5.66667,9.0,17.0,106.0,240.0,41.66667,86.33333,0.483,13.66667,32.66667,0.41067,11.66667,18.0,0.64133,10.66667,32.33333,43.0,27.0,5.66667,3.66667,12.0,20.0,108.66667,1,0.03451,-0.03451,0.35574,0.27555,0.56158,0.52651,0.60279,0.59138,1509.86008,1525.23598,0.53169,0.46831,1.94344,2.25602,0.66667,,,,
240.0,41.66667,85.66667,0.48767,14.0,35.66667,0.393,13.33333,18.33333,0.748,7.33333,38.66667,46.0,25.0,9.33333,5.66667,14.0,17.66667,110.66667,240.0,41.0,92.0,0.446,11.66667,32.0,0.361,11.33333,16.66667,0.71867,9.66667,33.66667,43.33333,24.66667,7.33333,5.66667,12.66667,18.33333,105.0,1,-0.08221,0.08221,0.25469,0.21741,0.50933,0.5694,0.54858,0.6185,1542.58011,1666.28546,0.65989,0.34011,1.54,3.18173,0.33333,240.0,38.0,83.0,0.45467,9.0,28.33333,0.32133,15.66667,19.0,0.82033,6.66667,36.33333,43.0,27.66667,5.33333,4.0,15.66667,21.0,100.66667,240.0,40.33333,84.0,0.48167,11.66667,31.0,0.378,16.33333,23.0,0.70367,7.33333,33.33333,40.66667,26.66667,7.33333,4.0,12.33333,21.33333,108.66667,1,0.12879,-0.12879,0.20724,0.21644,0.55033,0.50947,0.61144,0.57447,1472.56536,1542.28263,0.61732,0.38268,1.66617,2.78081,0.66667,,,,
240.0,39.66667,84.66667,0.469,10.66667,30.33333,0.348,23.66667,30.66667,0.76267,8.66667,36.66667,45.33333,23.66667,9.0,6.33333,13.33333,19.66667,113.66667,240.0,43.33333,92.66667,0.468,10.0,24.0,0.41833,12.66667,16.66667,0.752,8.66667,35.0,43.66667,23.0,8.33333,3.0,13.33333,22.0,109.33333,1,-0.0499,0.0499,0.23452,0.25057,0.52273,0.53129,0.56943,0.62097,1539.48121,1557.50681,0.51906,0.48094,2.01448,2.16482,0.33333,240.0,40.33333,85.0,0.475,9.33333,29.0,0.32467,22.0,28.33333,0.78533,9.33333,33.0,42.33333,22.66667,6.33333,5.66667,15.33333,24.0,112.0,240.0,38.66667,89.33333,0.433,8.0,29.66667,0.267,27.66667,34.0,0.81133,12.33333,34.0,46.33333,22.0,6.66667,4.0,13.0,24.66667,113.0,1,0.01358,-0.01358,0.37368,0.27438,0.47764,0.53015,0.58417,0.61441,1526.63122,1486.12327,0.44891,0.55109,2.51436,1.91241,0.66667,,,,
240.0,44.33333,96.66667,0.45933,10.66667,28.66667,0.34733,23.0,28.33333,0.81433,10.66667,38.0,48.66667,28.66667,7.0,6.66667,10.33333,20.66667,122.33333,240.0,43.33333,93.66667,0.46233,17.66667,41.33333,0.424,20.33333,26.33333,0.76867,11.0,41.33333,52.33333,30.0,6.33333,5.66667,13.0,21.66667,124.66667,0,0.02511,-0.02511,0.28938,0.26393,0.55623,0.51374,0.62531,0.59454,1554.88091,1559.24657,0.50921,0.49079,1.98841,2.06167,0.66667,240.0,41.33333,92.66667,0.44533,9.33333,23.66667,0.386,14.66667,18.0,0.80833,10.66667,29.66667,40.33333,20.66667,2.66667,3.33333,9.33333,15.33333,106.66667,240.0,48.66667,88.33333,0.551,14.0,31.66667,0.45,15.33333,17.66667,0.87333,6.66667,37.0,43.66667,29.0,5.66667,9.66667,9.66667,19.33333,126.66667,0,0.25148,-0.25148,0.22524,0.29107,0.6301,0.49608,0.6873,0.55138,1532.01928,1381.53692,0.3236,0.6764,3.3713,1.51419,1.0,,,,
240.0,37.33333,88.0,0.42367,6.66667,24.66667,0.26433,13.33333,17.0,0.78633,10.0,31.33333,41.33333,26.33333,9.66667,3.0,12.33333,19.66667,94.66667,240.0,36.33333,77.0,0.47067,10.66667,27.66667,0.38967,17.33333,23.0,0.753,9.0,35.0,44.0,24.33333,6.66667,4.33333,17.33333,20.66667,100.66667,1,0.08431,-0.08431,0.29023,0.29371,0.53966,0.46175,0.61238,0.51569,1458.79796,1548.18379,0.64449,0.35551,1.55471,2.83059,0.66667,240.0,41.66667,89.66667,0.464,11.0,31.0,0.36367,15.33333,21.0,0.71867,8.0,39.66667,47.66667,28.33333,6.66667,4.33333,9.0,17.0,109.66667,240.0,41.33333,92.0,0.449,9.33333,28.33333,0.31633,10.33333,15.33333,0.64033,8.66667,37.33333,46.0,24.33333,4.33333,6.33333,11.33333,18.66667,102.33333,1,-0.09647,0.09647,0.2181,0.21994,0.4999,0.52564,0.53571,0.58071,1544.27544,1529.32592,0.47001,0.52999,2.21595,1.9362,0.0,,,,
240.0,41.0,92.33333,0.44467,10.66667,32.66667,0.32967,17.33333,22.0,0.77133,12.66667,35.0,47.66667,24.66667,8.33333,7.66667,12.33333,19.66667,110.0,240.0,40.0,85.33333,0.46867,10.33333,32.66667,0.31533,16.33333,22.33333,0.731,8.0,34.66667,42.66667,21.0,6.66667,4.0,14.0,21.66667,106.66667,0,-0.04031,0.04031,0.23868,0.36349,0.52972,0.50277,0.59126,0.56744,1463.10733,1424.87228,0.43419,0.56581,2.39264,1.81467,0.66667,240.0,43.66667,95.66667,0.45567,11.66667,36.33333,0.32033,15.0,20.66667,0.72133,12.33333,35.33333,47.66667,25.66667,6.66667,4.66667,15.0,19.33333,114.0,240.0,45.66667,93.33333,0.48967,13.66667,29.0,0.472,16.0,24.66667,0.616,11.33333,37.33333,48.66667,29.33333,9.66667,5.33333,11.66667,18.66667,121.0,0,0.08589,-0.08589,0.32267,0.37328,0.56271,0.51697,0.61439,0.56897,1579.15923,1587.36363,0.52147,0.47853,1.95168,2.1442,1.0,,,,
240.0,41.33333,88.33333,0.469,12.66667,30.0,0.406,17.33333,22.66667,0.79433,10.66667,38.66667,49.33333,29.66667,6.33333,5.66667,14.66667,18.33333,112.66667,240.0,41.33333,92.33333,0.44767,9.0,28.0,0.322,17.33333,23.66667,0.73633,10.0,31.66667,41.66667,24.66667,7.0,4.0,10.66667,18.66667,109.0,1,-0.05555,0.05555,0.27049,0.34696,0.49667,0.54031,0.55877,0.60509,1496.83119,1556.5114,0.57742,0.42258,1.80715,2.64259,0.33333,240.0,42.66667,95.0,0.447,11.0,32.0,0.33467,21.0,25.33333,0.82033,16.66667,31.66667,48.33333,28.0,8.0,6.0,12.66667,20.66667,117.33333,240.0,44.33333,86.66667,0.51133,7.66667,23.66667,0.32367,14.33333,23.33333,0.62967,10.0,30.66667,40.66667,25.33333,4.66667,6.33333,16.33333,24.0,110.66667,1,-0.07835,0.07835,0.34064,0.55344,0.55525,0.50447,0.60255,0.58279,1505.84659,1495.06899,0.47688,0.52312,2.42769,2.08647,0.33333,,,,
240.0,43.0,91.66667,0.46967,10.33333,30.33333,0.35,15.33333,18.66667,0.79633,15.33333,35.66667,51.0,23.33333,7.33333,5.0,18.0,23.33333,111.66667,240.0,38.33333,86.66667,0.443,12.0,32.66667,0.38133,21.66667,27.66667,0.783,9.66667,28.66667,38.33333,21.66667,10.33333,3.66667,13.66667,20.66667,110.33333,0,-0.01838,0.01838,0.27252,0.53651,0.5121,0.52596,0.59492,0.58253,1465.78409,1557.22837,0.61898,0.38102,1.68334,2.98874,0.66667,240.0,38.33333,86.0,0.446,11.0,32.66667,0.33133,22.0,28.33333,0.781,8.33333,36.33333,44.66667,22.66667,9.66667,4.33333,18.66667,24.0,109.66667,240.0,44.33333,92.0,0.482,15.33333,35.33333,0.43967,18.33333,28.0,0.642,10.0,38.33333,48.33333,27.66667,11.0,4.66667,13.0,23.66667,122.33333,0,0.16315,-0.16315,0.2741,0.21902,0.56536,0.50859,0.62296,0.59366,1597.18659,1505.83303,0.39461,0.60539,2.91465,1.81131,1.0,,,,
240.0,43.66667,89.66667,0.48767,12.33333,35.66667,0.34433,18.66667,23.33333,0.79133,13.33333,30.33333,43.66667,27.66667,9.0,5.0,14.66667,24.0,118.33333,240.0,39.0,82.0,0.475,9.66667,27.66667,0.34833,25.33333,28.33333,0.89367,10.33333,30.33333,40.66667,24.33333,8.33333,5.66667,16.33333,23.33333,113.0,0,-0.06935,0.06935,0.35189,0.46111,0.53397,0.5561,0.63965,0.62458,1465.68629,1373.89401,0.36591,0.63409,2.97051,1.6341,0.33333,240.0,36.0,87.33333,0.41267,11.0,35.0,0.315,19.0,25.0,0.753,13.0,34.33333,47.33333,21.66667,8.33333,5.66667,17.0,20.33333,102.0,240.0,42.66667,90.66667,0.47333,11.0,28.33333,0.39067,14.0,18.66667,0.73633,11.33333,36.66667,48.0,26.66667,7.0,6.33333,14.33333,22.0,110.33333,0,0.11316,-0.11316,0.33856,0.3536,0.53351,0.4759,0.58473,0.55018,1490.39625,1487.17466,0.50913,0.49087,1.976,2.05175,1.0,,,,
240.0,41.33333,88.33333,0.46833,12.66667,37.66667,0.33533,20.33333,24.66667,0.81733,11.0,27.66667,38.66667,25.33333,7.66667,5.33333,15.66667,23.66667,115.66667,240.0,45.33333,88.66667,0.509,10.66667,30.66667,0.35033,23.0,26.33333,0.86367,13.0,33.0,46.0,29.66667,8.33333,4.33333,16.0,24.33333,124.33333,0,0.10308,-0.10308,0.47041,0.36228,0.56975,0.53995,0.65861,0.61727,1509.91113,1369.40365,0.3214,0.6786,3.19078,1.48224,0.66667,240.0,41.66667,89.33333,0.46633,8.0,23.66667,0.34933,15.0,18.66667,0.79667,10.33333,37.66667,48.0,23.33333,6.0,7.66667,12.0,23.0,106.33333,240.0,37.0,91.0,0.40733,13.0,39.66667,0.31667,21.0,27.66667,0.75667,13.66667,31.33333,45.0,24.66667,7.0,7.66667,13.0,19.33333,108.0,0,0.02192,-0.02192,0.36273,0.33856,0.47887,0.51128,0.55701,0.56918,1586.97693,1549.25389,0.44907,0.55093,2.22989,1.81672,0.66667,,,,
240.0,40.33333,88.0,0.45967,13.0,32.0,0.42133,15.0,18.33333,0.82033,9.0,33.33333,42.33333,25.66667,10.33333,4.0,12.33333,16.33333,108.66667,240.0,41.66667,86.66667,0.48033,11.33333,30.33333,0.37567,12.33333,18.66667,0.65967,11.0,36.33333,47.33333,28.33333,7.0,3.0,16.33333,15.66667,107.0,0,-0.03548,0.03548,0.3459,0.25515,0.54536,0.53549,0.58754,0.59289,1525.38544,1450.554,0.39064,0.60936,2.8559,1.72545,0.33333,256.66667,46.66667,97.0,0.47833,13.0,30.66667,0.438,13.0,19.66667,0.68933,8.66667,36.33333,45.0,26.66667,8.66667,3.66667,10.33333,18.66667,119.33333,256.66667,44.33333,88.33333,0.49767,10.33333,19.33333,0.53767,15.0,19.33333,0.753,6.0,37.33333,43.33333,26.66667,6.0,8.0,15.66667,21.66667,114.0,0,-0.08842,0.08842,0.16474,0.23614,0.55482,0.54538,0.60715,0.58619,1563.51836,1525.51529,0.43719,0.56281,2.3417,1.80636,0.33333,,,,
240.0,37.0,85.0,0.43533,7.0,23.66667,0.297,18.66667,29.0,0.646,9.33333,34.33333,43.66667,20.66667,6.66667,6.66667,10.33333,18.33333,99.66667,240.0,39.66667,91.66667,0.43433,12.66667,36.0,0.35833,17.33333,21.33333,0.81267,13.66667,37.33333,51.0,23.0,4.33333,6.0,13.33333,21.0,109.33333,1,0.13202,-0.13202,0.39788,0.25088,0.50368,0.47644,0.56892,0.5461,1414.32958,1311.96195,0.37291,0.62709,2.94112,1.66825,1.0,240.0,44.0,91.33333,0.48333,15.33333,39.66667,0.38433,18.66667,23.66667,0.78367,10.33333,33.0,43.33333,28.0,8.66667,7.33333,12.0,20.66667,122.0,240.0,41.0,86.0,0.47767,14.33333,35.66667,0.40367,18.66667,23.33333,0.795,7.0,31.66667,38.66667,27.33333,7.66667,5.0,16.33333,21.0,115.0,1,-0.08449,0.08449,0.22614,0.34046,0.56059,0.56754,0.63185,0.6339,1348.11358,1479.87876,0.67033,0.32967,1.49244,3.0389,0.33333,,,,
240.0,40.66667,93.0,0.43667,12.0,35.0,0.344,16.0,19.33333,0.81967,10.66667,31.66667,42.33333,21.66667,10.33333,7.66667,10.66667,19.0,109.33333,240.0,38.66667,88.0,0.43933,11.33333,36.66667,0.30833,15.66667,17.0,0.93633,11.33333,39.33333,50.66667,22.33333,5.0,5.0,18.0,18.33333,104.33333,1,-0.067,0.067,0.35853,0.27288,0.50388,0.50113,0.56874,0.56268,1390.99221,1606.77946,0.76882,0.23118,1.31257,4.76169,0.33333,240.0,39.66667,83.33333,0.47567,12.33333,32.66667,0.378,16.33333,22.33333,0.736,7.66667,36.66667,44.33333,23.33333,5.33333,3.0,11.0,22.0,108.0,240.0,38.66667,84.66667,0.457,9.66667,29.0,0.316,15.66667,23.33333,0.67167,9.0,35.66667,44.66667,24.33333,6.0,2.0,11.33333,21.33333,102.66667,1,-0.07706,0.07706,0.24347,0.22641,0.51422,0.54949,0.5719,0.61161,1279.3794,1485.6054,0.76239,0.23761,1.31228,4.22806,0.33333,,,,
248.33333,46.33333,102.66667,0.45067,16.0,38.66667,0.413,13.33333,17.66667,0.751,13.66667,35.0,48.66667,24.33333,6.33333,4.33333,13.66667,21.33333,122.0,248.33333,45.66667,99.66667,0.45967,15.33333,45.33333,0.34633,16.33333,19.33333,0.84633,12.66667,36.66667,49.33333,24.33333,7.66667,10.0,12.66667,19.33333,123.0,0,0.01729,-0.01729,0.37297,0.37337,0.53543,0.52863,0.59049,0.57131,1525.07385,1483.68151,0.44464,0.55536,2.36706,1.87694,0.33333,240.0,42.33333,84.66667,0.50267,14.0,32.0,0.45433,16.66667,24.0,0.69867,5.0,32.0,37.0,27.0,10.0,2.33333,12.66667,19.33333,115.33333,240.0,45.0,90.0,0.50133,13.0,29.0,0.44433,14.66667,19.33333,0.74533,10.33333,35.0,45.33333,27.0,7.0,5.33333,14.66667,20.0,117.66667,0,0.01867,-0.01867,0.32065,0.14147,0.57323,0.58511,0.62438,0.64359,1563.79378,1425.96067,0.32167,0.67833,3.47199,1.50081,0.66667,,,,
240.0,36.66667,88.0,0.41667,8.33333,25.33333,0.32267,17.0,20.0,0.851,9.66667,33.33333,43.0,15.33333,8.66667,2.0,13.66667,15.66667,98.66667,240.0,43.0,91.0,0.472,10.66667,34.33333,0.30833,14.66667,20.33333,0.741,14.0,36.33333,50.33333,28.0,8.33333,5.66667,14.0,15.0,111.33333,0,0.17048,-0.17048,0.4232,0.26345,0.53048,0.46429,0.58321,0.53418,1522.21183,1351.2649,0.28346,0.71654,3.65611,1.40263,1.0,240.0,38.0,91.0,0.41767,10.66667,31.66667,0.34333,15.33333,20.66667,0.70167,10.33333,29.66667,40.0,23.0,8.33333,7.66667,12.33333,20.0,102.0,240.0,41.66667,88.66667,0.46933,12.0,35.0,0.342,20.0,24.0,0.832,12.33333,39.66667,52.0,21.0,7.0,4.33333,16.33333,19.0,115.33333,0,0.1784,-0.1784,0.41697,0.26623,0.53712,0.47631,0.61357,0.53382,1488.03266,1494.441,0.52607,0.47393,1.98659,2.24881,1.0,,,,
240.0,38.66667,85.33333,0.45667,11.66667,36.33333,0.327,14.66667,21.0,0.62767,8.0,32.33333,40.33333,21.0,6.33333,3.0,12.66667,18.33333,103.66667,240.0,43.0,86.66667,0.49533,9.0,30.33333,0.29933,18.66667,21.0,0.88733,8.0,37.66667,45.66667,25.33333,9.0,5.33333,10.33333,19.0,113.66667,0,0.13568,-0.13568,0.27795,0.20899,0.5471,0.52573,0.62261,0.58044,1572.32314,1500.02534,0.4083,0.5917,2.68669,1.79131,0.66667,240.0,35.0,86.33333,0.407,13.0,36.0,0.36467,24.33333,30.66667,0.787,11.66667,32.0,43.66667,21.66667,5.33333,3.0,8.66667,26.33333,107.33333,240.0,39.33333,83.33333,0.47167,11.66667,35.33333,0.32967,20.33333,31.0,0.65533,8.33333,36.33333,44.66667,23.33333,6.0,4.66667,10.33333,26.33333,110.66667,0,0.0491,-0.0491,0.26684,0.32118,0.54174,0.48271,0.61332,0.57812,1481.92595,1516.40962,0.55054,0.44946,1.87145,2.3428,0.66667,,,,
248.33333,37.0,86.33333,0.42833,10.66667,29.0,0.35433,16.33333,19.0,0.85467,11.0,33.0,44.0,25.0,7.0,5.0,17.0,20.66667,101.0,248.33333,41.66667,90.33333,0.46333,14.0,36.33333,0.38267,16.0,20.0,0.807,9.66667,33.66667,43.33333,28.33333,12.0,6.66667,12.33333,20.33333,113.33333,0,0.16839,-0.16839,0.29354,0.34193,0.54179,0.48946,0.60118,0.55666,1578.97696,1443.59753,0.32438,0.67562,3.09922,1.48209,1.0,240.0,37.33333,86.66667,0.43033,9.66667,29.66667,0.32333,16.33333,24.0,0.63467,8.66667,29.33333,38.0,22.66667,6.66667,5.33333,10.66667,21.0,100.66667,240.0,42.0,89.66667,0.46933,12.66667,35.33333,0.36133,20.0,24.0,0.82133,13.0,37.0,50.0,25.66667,6.66667,7.33333,13.0,20.66667,116.66667,0,0.20967,-0.20967,0.48868,0.23785,0.54042,0.48612,0.6156,0.54662,1505.47181,1383.19612,0.35926,0.64074,3.00718,1.61222,1.0,,,,
240.0,39.0,87.0,0.44967,11.33333,29.66667,0.38233,13.66667,19.0,0.70567,12.33333,34.66667,47.0,24.0,7.33333,3.66667,14.33333,24.33333,103.0,240.0,39.66667,88.33333,0.44667,11.33333,31.0,0.34333,19.33333,27.66667,0.70533,12.33333,32.33333,44.66667,23.66667,7.0,3.33333,12.66667,17.33333,110.0,0,0.07306,-0.07306,0.36804,0.37947,0.50933,0.51678,0.58047,0.56914,1450.62701,1342.02003,0.35449,0.64551,3.20895,1.6351,0.66667,240.0,38.0,89.66667,0.42367,9.66667,30.0,0.32733,15.33333,21.66667,0.67333,9.0,28.33333,37.33333,21.66667,9.0,8.66667,11.66667,23.33333,101.0,240.0,40.66667,88.0,0.461,10.66667,33.33333,0.319,23.33333,31.33333,0.76567,14.0,39.66667,53.66667,21.33333,7.0,2.66667,17.0,19.33333,115.33333,0,0.19276,-0.19276,0.4994,0.23449,0.5213,0.47772,0.60759,0.5348,1494.51119,1408.1856,0.39921,0.60079,2.62842,1.69842,1.0,,,,
240.0,46.0,95.66667,0.48133,9.66667,34.0,0.28467,13.33333,16.33333,0.82233,8.66667,37.66667,46.33333,29.0,7.0,6.33333,12.33333,16.33333,115.0,240.0,44.66667,98.0,0.45633,14.0,37.0,0.38933,13.66667,19.33333,0.699,13.0,37.66667,50.66667,28.0,8.0,3.0,12.33333,17.0,117.0,1,0.02572,-0.02572,0.34639,0.24813,0.52721,0.53192,0.57271,0.58019,1560.79787,1543.18629,0.47784,0.52216,2.09721,1.91873,0.66667,240.0,40.66667,88.0,0.46233,12.0,31.66667,0.37933,17.0,21.66667,0.796,11.0,40.0,51.0,28.0,6.33333,3.0,13.66667,15.66667,110.33333,240.0,38.0,89.66667,0.426,9.0,29.0,0.31333,16.0,18.66667,0.86433,9.0,35.33333,44.33333,20.66667,7.66667,6.33333,11.0,20.33333,101.0,1,-0.1242,0.1242,0.22222,0.32539,0.47639,0.53003,0.54254,0.59491,1331.6173,1386.13261,0.55879,0.44121,1.87792,2.50404,0.0,,,,
240.0,40.66667,90.33333,0.453,12.0,34.33333,0.34167,9.66667,14.0,0.70667,9.66667,37.33333,47.0,24.33333,4.33333,5.66667,13.0,19.66667,103.0,240.0,35.66667,85.0,0.41867,9.0,30.33333,0.293,19.33333,24.33333,0.802,9.33333,36.33333,45.66667,19.33333,8.0,5.66667,12.33333,19.33333,99.66667,1,-0.04918,0.04918,0.26327,0.26483,0.47075,0.51957,0.55017,0.55467,1475.75313,1486.62464,0.51336,0.48664,2.31891,2.3567,0.66667,240.0,38.33333,80.66667,0.475,12.0,29.66667,0.408,17.0,23.33333,0.73067,7.33333,37.0,44.33333,24.66667,7.33333,2.33333,12.66667,22.0,105.66667,240.0,37.66667,85.33333,0.44233,10.33333,30.33333,0.332,13.66667,22.0,0.639,9.0,33.66667,42.66667,23.0,6.33333,2.66667,14.0,20.0,99.33333,1,-0.09749,0.09749,0.24134,0.23427,0.50331,0.5498,0.55193,0.61623,1282.42711,1436.17495,0.68783,0.31217,1.48931,3.51162,0.33333,,,,
240.0,41.0,90.33333,0.45667,12.66667,38.33333,0.32933,11.66667,16.0,0.73533,10.66667,36.33333,47.0,25.33333,5.33333,5.33333,14.0,18.66667,106.33333,240.0,38.66667,84.66667,0.45533,8.66667,27.33333,0.313,19.66667,24.66667,0.805,8.0,35.33333,43.33333,20.0,8.33333,5.33333,12.33333,18.66667,105.66667,0,-0.01531,0.01531,0.23398,0.30299,0.50579,0.52715,0.58488,0.57038,1519.25644,1483.74179,0.45299,0.54701,2.58786,2.12435,0.66667,240.0,42.0,84.33333,0.49833,11.0,28.66667,0.38367,8.66667,15.66667,0.595,8.0,33.0,41.0,29.0,5.66667,5.66667,13.33333,18.33333,103.66667,240.0,37.66667,84.33333,0.446,11.66667,33.0,0.35433,14.33333,18.33333,0.781,10.33333,32.0,42.33333,24.33333,7.0,2.33333,12.0,19.0,101.33333,0,-0.02799,0.02799,0.32595,0.2487,0.51514,0.564,0.57336,0.59047,1446.87339,1549.86898,0.63281,0.36719,1.62032,3.02505,0.33333,,,,
240.0,40.33333,87.33333,0.46133,10.0,33.0,0.30533,11.66667,15.66667,0.75833,10.0,32.66667,42.66667,25.66667,7.66667,5.33333,11.33333,17.0,102.33333,240.0,38.0,85.33333,0.44567,11.66667,34.0,0.34067,11.33333,16.0,0.71367,8.33333,35.33333,43.66667,26.66667,5.0,5.0,13.66667,19.0,99.0,0,-0.04824,0.04824,0.26002,0.29242,0.51337,0.5185,0.55715,0.56331,1499.2678,1583.36803,0.61354,0.38646,1.64718,2.67112,0.0,240.0,41.0,85.66667,0.479,10.0,25.66667,0.39533,13.0,19.33333,0.71067,9.33333,34.0,43.33333,24.0,5.33333,5.0,10.66667,20.0,105.0,240.0,36.66667,86.0,0.426,12.66667,37.33333,0.334,13.66667,18.33333,0.74433,10.66667,32.33333,43.0,23.66667,6.33333,4.0,12.0,21.66667,99.66667,0,-0.06801,0.06801,0.31734,0.28634,0.49982,0.53753,0.55378,0.58448,1437.82269,1557.14648,0.65017,0.34983,1.56656,3.11902,0.33333,,,,
240.0,36.0,84.33333,0.428,12.33333,37.0,0.334,17.0,22.66667,0.74533,9.33333,36.0,45.33333,22.66667,5.0,3.33333,10.0,20.66667,101.33333,240.0,38.33333,87.33333,0.43967,9.66667,30.33333,0.31167,11.0,18.0,0.59233,10.0,35.33333,45.33333,20.33333,5.33333,6.33333,10.66667,22.0,97.33333,0,-0.06037,0.06037,0.28139,0.26514,0.49591,0.50139,0.53451,0.56893,1448.40601,1448.67233,0.49429,0.50571,2.1912,2.18872,0.33333,240.0,45.0,91.0,0.49333,16.0,35.33333,0.44567,21.0,30.66667,0.633,9.0,35.66667,44.66667,29.33333,7.66667,5.66667,12.0,21.33333,127.0,240.0,46.33333,92.33333,0.502,12.66667,32.66667,0.383,19.33333,22.66667,0.857,8.0,35.66667,43.66667,30.66667,8.0,4.66667,11.33333,22.33333,124.66667,0,-0.03051,0.03051,0.22689,0.25526,0.57071,0.58057,0.64143,0.64998,1620.97101,1524.7633,0.3587,0.6413,2.89017,1.5808,0.33333,,,,
240.0,40.66667,87.33333,0.46667,14.0,42.33333,0.333,25.0,32.0,0.77867,11.33333,29.33333,40.66667,16.66667,12.0,7.0,12.0,26.0,120.33333,240.0,39.66667,83.0,0.47967,12.0,34.0,0.36233,23.33333,29.66667,0.799,11.33333,33.66667,45.0,23.66667,6.66667,6.66667,15.33333,19.33333,114.66667,1,-0.08196,0.08196,0.40705,0.34468,0.55214,0.54724,0.64355,0.63903,1498.71994,1536.97948,0.53623,0.46377,2.00334,2.52252,0.33333,240.0,44.0,93.66667,0.47233,13.66667,33.33333,0.419,17.0,21.66667,0.792,16.66667,40.0,56.66667,25.33333,7.0,4.66667,18.0,20.0,118.66667,240.0,39.33333,90.33333,0.43433,10.66667,34.66667,0.30767,13.66667,21.0,0.63,8.0,28.66667,36.66667,24.33333,10.0,6.0,13.0,20.66667,103.0,1,-0.2097,0.2097,0.20489,0.58297,0.49324,0.54562,0.54154,0.60594,1324.33263,1480.57818,0.69173,0.30827,1.4789,3.55151,0.0,,,,
240.0,38.0,84.0,0.44867,10.0,28.0,0.36167,18.33333,21.66667,0.87033,9.33333,32.66667,42.0,25.66667,7.0,3.0,15.33333,20.66667,104.33333,240.0,39.66667,82.0,0.48567,11.66667,31.66667,0.36967,15.33333,21.66667,0.72433,8.0,30.0,38.0,26.0,8.0,4.66667,14.0,22.0,106.33333,0,0.03874,-0.03874,0.24684,0.31078,0.55635,0.50826,0.61393,0.58735,1419.0917,1569.11383,0.71315,0.28685,1.41001,3.61599,0.66667,240.0,43.66667,85.0,0.51133,12.0,26.0,0.46167,13.66667,17.66667,0.788,5.0,37.33333,42.33333,24.33333,7.66667,5.33333,10.66667,15.0,113.0,240.0,42.0,93.0,0.452,11.66667,35.33333,0.33033,9.66667,13.0,0.72233,12.0,33.66667,45.66667,27.0,4.0,4.0,12.0,14.33333,105.33333,0,-0.09891,0.09891,0.33316,0.14926,0.51414,0.58314,0.5486,0.63379,1419.73826,1570.92259,0.69195,0.30805,1.47754,3.60424,0.0,,,,
256.66667,44.66667,94.66667,0.472,9.33333,30.0,0.31733,20.66667,27.33333,0.72933,11.0,42.66667,53.66667,26.0,6.0,4.0,15.33333,23.0,119.33333,256.66667,43.66667,98.33333,0.445,16.66667,48.33333,0.33933,20.33333,27.0,0.76367,10.33333,34.33333,44.66667,26.66667,8.0,7.0,10.0,23.66667,124.33333,0,0.0647,-0.0647,0.23947,0.33744,0.52919,0.52106,0.59678,0.59206,1568.49824,1500.95532,0.41116,0.58884,2.54301,1.72747,0.66667,240.0,41.33333,90.66667,0.452,12.33333,35.0,0.35667,16.0,21.33333,0.75867,10.0,35.66667,45.66667,29.0,5.33333,6.0,12.33333,18.33333,111.0,240.0,42.33333,95.33333,0.44367,11.66667,27.66667,0.42167,13.66667,15.66667,0.88,11.33333,34.33333,45.66667,30.0,6.66667,6.33333,9.66667,19.66667,110.0,0,-0.00335,0.00335,0.31763,0.30718,0.50435,0.52034,0.55614,0.57968,1578.50282,1585.09099,0.50919,0.49081,2.00285,2.07434,0.66667,,,,
240.0,38.66667,86.0,0.45167,8.33333,26.33333,0.32567,19.33333,26.33333,0.72833,8.66667,35.33333,44.0,23.0,4.0,3.66667,10.0,20.0,105.0,240.0,39.0,88.66667,0.44367,9.33333,32.33333,0.28867,14.66667,21.0,0.73267,11.0,34.66667,45.66667,21.33333,6.33333,4.66667,11.0,22.33333,102.0,1,-0.04052,0.04052,0.31765,0.24804,0.4967,0.50012,0.55089,0.57405,1437.59763,1500.16351,0.58009,0.41991,1.77795,2.5788,0.33333,240.0,41.0,88.0,0.466,10.0,27.33333,0.362,10.33333,14.0,0.74533,9.33333,31.33333,40.66667,26.66667,5.33333,5.33333,10.33333,18.66667,102.33333,240.0,37.0,85.66667,0.43167,10.33333,33.0,0.314,15.33333,20.0,0.76433,12.66667,33.0,45.66667,23.66667,6.33333,3.33333,12.0,20.33333,99.66667,1,-0.03204,0.03204,0.40729,0.27918,0.49179,0.52314,0.55356,0.5624,1443.35133,1544.9827,0.63089,0.36911,1.6261,3.0144,0.33333,,,,
240.0,44.0,87.66667,0.50433,13.0,32.66667,0.40633,17.33333,22.66667,0.76333,13.33333,30.33333,43.66667,27.33333,9.0,4.33333,16.0,23.66667,118.33333,240.0,40.33333,82.66667,0.48667,10.0,29.66667,0.336,23.33333,28.0,0.831,9.66667,28.33333,38.0,25.66667,9.33333,5.66667,16.0,22.33333,114.0,1,-0.05728,0.05728,0.32891,0.52427,0.54707,0.57823,0.6409,0.64084,1474.6372,1368.27205,0.34875,0.65125,3.17924,1.60021,0.33333,240.0,41.0,88.33333,0.466,9.33333,35.33333,0.266,25.0,31.33333,0.794,8.66667,36.33333,45.0,25.33333,10.66667,7.0,11.66667,21.66667,116.33333,240.0,39.33333,90.33333,0.43367,8.33333,25.33333,0.33133,21.33333,26.0,0.79133,12.33333,36.0,48.33333,23.33333,6.66667,2.0,16.0,27.33333,108.33333,1,-0.10665,0.10665,0.35259,0.24547,0.4794,0.51905,0.56417,0.61214,1503.00905,1550.91006,0.55115,0.44885,1.86269,2.30948,0.33333,,,,
240.0,37.0,81.0,0.45933,12.0,28.66667,0.419,14.0,19.0,0.74833,9.33333,32.0,41.33333,28.33333,7.66667,4.33333,19.0,18.33333,100.0,240.0,41.66667,86.66667,0.48033,17.33333,40.66667,0.43133,17.0,20.0,0.85233,8.33333,33.33333,41.66667,25.66667,12.0,6.66667,13.33333,19.0,117.66667,0,0.24283,-0.24283,0.26307,0.28982,0.58047,0.53252,0.64603,0.5872,1585.54301,1454.33944,0.34119,0.65881,2.98468,1.52644,1.0,240.0,42.33333,84.66667,0.5,12.66667,34.0,0.38367,21.0,28.66667,0.73367,8.0,30.33333,38.33333,25.33333,6.66667,4.66667,13.33333,23.0,118.33333,240.0,37.66667,84.0,0.45,10.0,28.66667,0.33033,28.0,33.66667,0.83733,9.0,32.33333,41.33333,21.66667,6.66667,3.66667,14.0,25.33333,113.33333,0,-0.06136,0.06136,0.29765,0.24581,0.51153,0.57468,0.62308,0.65065,1524.43532,1497.52251,0.46218,0.53782,2.47105,1.97919,0.33333,,,,
240.0,40.33333,82.0,0.49133,9.33333,26.0,0.35767,18.0,22.66667,0.803,9.0,37.66667,46.66667,21.0,7.66667,5.33333,13.66667,19.0,108.0,240.0,38.33333,87.33333,0.43867,10.66667,31.66667,0.329,12.33333,16.33333,0.75633,7.66667,30.0,37.66667,25.0,9.0,2.33333,11.66667,20.66667,99.66667,0,-0.11501,0.11501,0.20457,0.2997,0.49887,0.54846,0.5476,0.62031,1392.50697,1493.60339,0.61711,0.38289,1.83539,3.20684,0.0,240.0,42.66667,97.0,0.44,12.0,38.66667,0.295,18.33333,21.33333,0.86967,14.0,30.66667,44.66667,18.0,9.33333,5.0,10.66667,20.33333,115.66667,240.0,43.66667,91.0,0.48067,11.66667,31.66667,0.36867,15.33333,22.33333,0.68067,13.33333,37.33333,50.66667,23.0,6.33333,4.33333,15.33333,19.66667,114.33333,0,-0.01951,0.01951,0.44091,0.37526,0.54436,0.50099,0.59614,0.56825,1471.31291,1565.42422,0.63376,0.36624,1.58079,2.74502,0.66667,,,,
240.0,45.0,89.0,0.507,12.0,27.0,0.44433,21.33333,26.33333,0.81033,9.0,36.66667,45.66667,23.66667,8.0,5.33333,11.66667,23.66667,123.33333,240.0,40.33333,90.0,0.44933,10.66667,32.0,0.32967,22.33333,29.66667,0.767,13.66667,31.66667,45.33333,26.33333,6.0,5.0,13.66667,20.33333,113.66667,1,-0.11743,0.11743,0.37383,0.29524,0.50851,0.57527,0.59117,0.65264,1443.53417,1574.31397,0.66311,0.33689,1.56567,3.33241,0.0,240.0,41.33333,81.33333,0.50767,8.0,23.33333,0.34967,17.33333,23.0,0.75167,7.33333,32.33333,39.66667,22.33333,6.66667,4.0,9.66667,20.33333,108.0,240.0,37.66667,84.0,0.45067,11.66667,33.66667,0.352,13.0,19.66667,0.66367,12.33333,29.33333,41.66667,23.33333,5.33333,3.0,14.0,20.66667,100.0,1,-0.11703,0.11703,0.37955,0.25446,0.52042,0.55724,0.56821,0.62528,1498.44409,1443.26973,0.39835,0.60165,2.67343,1.69791,0.33333,,,,
240.0,43.66667,85.66667,0.50967,14.66667,36.33333,0.40333,15.0,17.0,0.855,6.33333,38.66667,45.0,27.66667,10.66667,5.33333,13.0,16.66667,117.0,240.0,40.66667,91.66667,0.444,9.66667,32.33333,0.29533,13.0,17.0,0.77567,10.0,31.33333,41.33333,24.33333,7.66667,4.33333,13.0,17.66667,104.0,1,-0.16995,0.16995,0.26303,0.20306,0.49698,0.59504,0.54507,0.65315,1506.11001,1672.00925,0.70193,0.29807,1.45003,3.62718,0.0,240.0,40.66667,90.0,0.45067,9.33333,31.0,0.301,18.0,24.33333,0.73733,7.33333,34.33333,41.66667,18.66667,8.33333,10.0,12.66667,26.33333,108.66667,240.0,39.66667,89.33333,0.44333,9.66667,33.33333,0.29067,26.0,36.66667,0.72133,12.33333,37.0,49.33333,21.33333,7.66667,2.0,14.33333,21.33333,115.0,1,0.08358,-0.08358,0.40311,0.20503,0.49722,0.50263,0.59023,0.56923,1495.17205,1364.12215,0.32573,0.67427,3.15057,1.4936,1.0,,,,
240.0,42.33333,98.33333,0.43,11.0,33.66667,0.32267,17.66667,21.66667,0.807,18.0,38.33333,56.33333,24.66667,6.66667,3.0,13.33333,18.33333,113.33333,240.0,39.33333,89.33333,0.44167,9.33333,34.0,0.27233,12.66667,19.0,0.653,10.0,30.0,40.0,25.33333,6.66667,7.33333,14.33333,19.66667,100.66667,0,-0.17067,0.17067,0.26914,0.60336,0.49334,0.48559,0.53857,0.5492,1473.74442,1534.09598,0.5655,0.4345,1.86183,2.57711,0.33333,240.0,35.33333,83.0,0.42633,9.66667,32.0,0.30633,18.66667,22.33333,0.84233,9.33333,32.66667,42.0,20.0,9.33333,4.0,16.33333,23.0,99.0,240.0,36.0,79.33333,0.454,8.0,26.66667,0.30067,18.0,24.66667,0.726,8.66667,32.0,40.66667,25.66667,8.66667,5.66667,15.66667,22.66667,98.0,0,-0.01642,0.01642,0.26903,0.28853,0.50422,0.48462,0.5778,0.56554,1429.09959,1540.37524,0.65148,0.34852,1.55843,2.99439,0.33333,,,,
240.0,41.0,92.0,0.445,9.0,27.0,0.33433,15.66667,17.66667,0.88,14.66667,34.66667,49.33333,23.0,5.66667,4.33333,13.66667,21.33333,106.66667,240.0,39.33333,87.66667,0.45167,13.0,33.33333,0.39633,20.33333,25.66667,0.799,12.66667,29.66667,42.33333,22.0,8.33333,7.0,10.66667,17.66667,112.0,0,0.06861,-0.06861,0.36637,0.49861,0.52567,0.49394,0.6033,0.55661,1487.13365,1529.00282,0.56718,0.43282,1.82752,2.42073,1.0,240.0,43.33333,90.33333,0.47967,10.0,27.33333,0.37167,16.66667,22.66667,0.72667,7.66667,38.0,45.66667,28.66667,6.66667,4.33333,9.0,17.66667,113.33333,240.0,40.33333,91.66667,0.43933,10.33333,33.66667,0.30433,15.66667,20.33333,0.77,10.33333,37.66667,48.0,26.33333,5.33333,4.66667,12.66667,19.0,106.66667,0,-0.08533,0.08533,0.27525,0.21027,0.49618,0.53496,0.55439,0.59411,1539.68829,1564.4249,0.52546,0.47454,1.90578,2.11116,0.0,,,,
240.0,39.33333,86.33333,0.45567,13.66667,35.0,0.39333,28.0,34.33333,0.81433,11.66667,33.66667,45.33333,26.66667,8.0,2.33333,8.33333,25.66667,120.33333,240.0,36.66667,79.33333,0.46067,11.33333,31.66667,0.35167,24.66667,33.33333,0.70767,6.66667,33.0,39.66667,23.33333,6.0,2.66667,15.33333,25.33333,109.33333,1,-0.14186,0.14186,0.19672,0.36413,0.53133,0.53505,0.63203,0.64131,1470.10628,1620.63189,0.68315,0.31685,1.5008,3.6049,0.0,240.0,40.0,90.0,0.445,11.33333,32.33333,0.35,13.33333,17.33333,0.77133,9.0,35.33333,44.33333,24.0,7.66667,6.0,7.66667,19.66667,104.66667,240.0,34.33333,83.33333,0.41033,10.0,34.66667,0.28767,13.0,16.33333,0.82,9.0,36.66667,45.66667,19.33333,3.66667,4.0,14.33333,18.0,91.66667,1,-0.19138,0.19138,0.25842,0.24165,0.47176,0.50845,0.52807,0.56041,1315.74091,1505.02915,0.7286,0.2714,1.39076,4.21373,0.0,,,,
240.0,43.0,90.0,0.48,12.0,30.66667,0.395,25.33333,31.33333,0.81867,12.0,32.66667,44.66667,22.66667,11.0,3.66667,13.33333,24.33333,123.33333,240.0,44.33333,86.0,0.513,12.0,30.66667,0.378,21.33333,29.0,0.73933,11.0,31.33333,42.33333,29.66667,7.33333,4.66667,15.66667,23.66667,122.0,1,-0.0243,0.0243,0.345,0.38515,0.58259,0.54774,0.66021,0.63936,1427.7991,1570.73268,0.69393,0.30607,1.51203,3.88576,0.33333,240.0,42.0,87.0,0.48333,15.33333,34.33333,0.45633,10.66667,14.0,0.76667,6.0,35.66667,41.66667,24.0,7.0,4.33333,12.0,16.0,110.0,240.0,43.0,90.33333,0.475,10.33333,30.33333,0.345,8.33333,11.66667,0.70667,10.0,34.33333,44.33333,27.0,4.33333,4.33333,12.33333,14.33333,104.66667,1,-0.07156,0.07156,0.296,0.1732,0.53188,0.57102,0.562,0.61108,1416.93268,1535.20387,0.65103,0.34897,1.57472,3.25576,0.0,,,,
248.33333,36.0,86.0,0.41967,8.0,26.0,0.30567,15.0,19.0,0.78367,11.0,35.66667,46.66667,23.0,6.33333,4.66667,12.0,23.0,95.0,248.33333,32.33333,80.66667,0.40167,10.66667,34.66667,0.31433,19.0,24.0,0.78567,7.66667,34.33333,42.0,20.0,7.33333,5.33333,12.33333,19.0,94.33333,0,-0.0143,0.0143,0.2149,0.32926,0.47053,0.46602,0.55338,0.52763,1447.35519,1428.95855,0.47136,0.52864,2.261,2.0279,0.66667,240.0,43.33333,94.0,0.46033,12.0,36.66667,0.32667,18.0,24.66667,0.71333,8.33333,35.33333,43.66667,27.66667,9.0,5.0,14.66667,22.33333,116.66667,240.0,46.66667,95.66667,0.48767,14.33333,31.33333,0.457,16.33333,26.0,0.59667,11.0,41.66667,52.66667,29.0,8.0,4.66667,14.0,20.33333,124.0,0,0.08723,-0.08723,0.31225,0.20023,0.56273,0.52447,0.61189,0.58726,1587.3433,1547.78364,0.45859,0.54141,2.41592,1.97677,1.0,,,,
240.0,39.66667,92.0,0.432,10.66667,35.33333,0.30233,20.0,26.33333,0.73433,12.33333,33.66667,46.0,24.0,10.33333,6.33333,14.66667,22.0,110.0,240.0,42.33333,87.33333,0.48433,11.66667,32.66667,0.35967,20.0,27.0,0.74233,7.66667,36.66667,44.33333,21.66667,8.66667,3.66667,15.33333,22.0,116.33333,1,0.07899,-0.07899,0.23868,0.34282,0.55133,0.49005,0.62243,0.56338,1542.88082,1427.33104,0.3449,0.6551,2.9575,1.53471,1.0,240.0,41.66667,93.66667,0.44533,13.66667,38.66667,0.355,14.33333,20.33333,0.70333,10.33333,36.66667,47.0,26.0,5.66667,6.0,17.33333,20.33333,111.33333,240.0,46.33333,91.0,0.50833,12.33333,31.0,0.40067,19.0,23.66667,0.811,7.33333,36.33333,43.66667,23.66667,11.0,5.33333,13.0,19.0,124.0,1,0.15127,-0.15127,0.20419,0.28784,0.57539,0.51818,0.64296,0.56827,1674.63103,1480.96626,0.25698,0.74302,3.933,1.34746,1.0,,,,
240.0,37.0,83.0,0.44467,10.0,34.0,0.29133,24.0,30.33333,0.79967,6.0,27.0,33.0,21.0,6.66667,6.33333,12.33333,26.0,108.0,240.0,44.66667,91.0,0.49133,12.33333,31.33333,0.37933,26.0,32.0,0.815,14.0,37.66667,51.66667,26.33333,7.33333,4.33333,14.33333,24.0,127.66667,0,0.24365,-0.24365,0.54516,0.167,0.55923,0.50449,0.6524,0.6013,1531.81807,1332.95213,0.25368,0.74632,4.01312,1.34253,1.0,240.0,43.66667,97.33333,0.44767,11.66667,33.66667,0.34167,17.66667,22.66667,0.775,16.0,34.33333,50.33333,28.66667,9.0,5.0,11.66667,22.66667,116.66667,240.0,41.33333,84.33333,0.48967,7.0,24.66667,0.28133,18.0,28.66667,0.63267,9.66667,34.33333,44.0,23.0,4.33333,4.33333,16.66667,20.0,107.66667,0,-0.10766,0.10766,0.28529,0.48229,0.53123,0.50777,0.59387,0.56942,1507.53965,1503.78095,0.48338,0.51662,2.33894,2.09868,0.33333,,,,
240.0,40.66667,89.0,0.45667,10.66667,28.0,0.38367,18.66667,24.0,0.76933,12.0,37.0,49.0,22.33333,7.66667,6.33333,16.0,24.66667,110.66667,240.0,37.66667,87.0,0.43333,13.66667,36.66667,0.37433,20.33333,26.33333,0.77333,9.0,32.0,41.0,20.66667,8.0,4.66667,14.33333,23.33333,109.33333,1,-0.01743,0.01743,0.24359,0.38613,0.51183,0.51654,0.58922,0.58622,1477.74312,1561.34227,0.60755,0.39245,1.73812,2.94992,0.66667,240.0,46.33333,95.0,0.49067,12.33333,34.0,0.37567,17.66667,23.33333,0.76067,11.66667,40.66667,52.33333,29.33333,7.0,6.66667,12.66667,22.33333,122.66667,240.0,39.33333,95.33333,0.41667,12.33333,39.0,0.33167,20.66667,25.66667,0.82867,9.0,34.0,43.0,28.33333,7.66667,5.0,12.33333,21.33333,111.66667,1,-0.14967,0.14967,0.21513,0.33805,0.48292,0.55649,0.55735,0.6167,1471.90586,1541.87177,0.56733,0.43267,2.00341,2.72863,0.33333,,,,
240.0,40.33333,90.66667,0.44533,13.66667,36.33333,0.37667,20.33333,26.33333,0.773,13.0,31.66667,44.66667,30.66667,11.0,4.33333,14.33333,19.33333,114.66667,240.0,44.0,91.33333,0.48133,8.66667,28.33333,0.30867,15.0,20.33333,0.73233,11.33333,34.33333,45.66667,27.66667,8.0,5.0,15.33333,20.0,111.66667,0,-0.04281,0.04281,0.35896,0.39643,0.52901,0.52028,0.58181,0.5944,1571.57347,1575.5919,0.50511,0.49489,2.02851,2.06649,0.33333,240.0,37.0,88.66667,0.41767,12.66667,37.66667,0.33467,19.0,25.33333,0.74133,13.0,34.0,47.0,22.33333,6.33333,5.66667,17.33333,19.66667,105.66667,240.0,46.0,95.0,0.48433,11.66667,32.66667,0.359,14.33333,19.0,0.74033,12.66667,37.33333,50.0,29.0,7.0,4.33333,12.66667,22.66667,118.0,0,0.15373,-0.15373,0.39279,0.34922,0.54586,0.48956,0.59538,0.56123,1482.89779,1456.78774,0.4812,0.5188,2.12877,1.96545,1.0,,,,
240.0,45.0,85.0,0.52967,11.66667,25.0,0.46567,19.0,23.0,0.83333,7.66667,35.0,42.66667,26.0,5.33333,4.33333,13.33333,19.66667,120.66667,240.0,43.0,91.0,0.47133,10.33333,29.66667,0.33333,20.0,25.33333,0.77867,11.0,31.33333,42.33333,27.33333,6.66667,4.66667,10.0,20.0,116.33333,0,-0.05278,0.05278,0.32332,0.24248,0.52804,0.59881,0.60314,0.67084,1548.36451,1559.05824,0.50827,0.49173,1.97833,2.04564,0.33333,240.0,38.66667,90.33333,0.42833,11.0,36.66667,0.29433,21.0,26.33333,0.79767,13.33333,30.33333,43.66667,21.66667,7.33333,3.66667,15.66667,21.33333,109.33333,240.0,46.33333,92.66667,0.49867,10.66667,30.33333,0.35533,18.33333,23.0,0.79567,12.66667,37.66667,50.33333,27.33333,7.33333,3.33333,14.33333,22.0,121.66667,0,0.15042,-0.15042,0.42477,0.35491,0.55635,0.48997,0.62187,0.56984,1475.80307,1490.41749,0.53888,0.46112,1.95177,2.30246,1.0,,,,
240.0,42.0,90.0,0.47333,11.0,33.33333,0.342,19.66667,24.33333,0.80667,16.33333,32.66667,49.0,25.0,8.66667,4.0,19.0,22.66667,114.66667,240.0,41.0,87.0,0.471,9.66667,29.66667,0.32467,21.0,26.66667,0.78733,12.0,28.33333,40.33333,24.0,10.0,6.33333,16.0,24.0,112.66667,0,-0.02339,0.02339,0.36957,0.6076,0.52646,0.53563,0.60712,0.60842,1450.53914,1362.6501,0.37834,0.62166,2.859,1.66212,0.33333,240.0,40.66667,89.66667,0.454,9.0,24.66667,0.35633,16.33333,20.66667,0.78167,9.66667,32.0,41.66667,21.0,2.33333,4.33333,9.33333,17.33333,106.66667,240.0,49.0,95.0,0.51767,14.0,34.33333,0.417,16.0,19.33333,0.841,10.66667,36.33333,47.0,29.66667,6.33333,8.33333,6.33333,19.66667,128.0,0,0.26675,-0.26675,0.32764,0.26765,0.59239,0.5044,0.64765,0.56684,1542.83074,1444.23742,0.40433,0.59567,2.8332,1.75277,1.0,,,,
240.0,36.0,82.66667,0.43633,12.33333,37.33333,0.33133,21.0,27.66667,0.76233,9.66667,33.0,42.66667,21.0,5.66667,2.66667,10.66667,21.66667,105.33333,240.0,39.33333,86.33333,0.456,13.0,36.0,0.35733,13.66667,20.0,0.711,10.66667,34.0,44.66667,24.33333,7.0,4.0,12.0,23.33333,105.33333,1,-0.00656,0.00656,0.32225,0.28206,0.53183,0.51087,0.58143,0.59405,1469.79165,1457.63312,0.48037,0.51963,2.32196,2.15799,0.66667,240.0,40.66667,90.0,0.45233,13.0,36.0,0.36267,20.0,26.33333,0.755,10.66667,37.66667,48.33333,25.0,7.66667,8.0,12.33333,22.33333,114.33333,240.0,36.66667,87.66667,0.42033,13.0,37.33333,0.35,19.0,23.33333,0.81233,7.0,33.33333,40.33333,25.0,7.0,5.33333,14.33333,23.0,105.33333,1,-0.12308,0.12308,0.18398,0.33053,0.49436,0.52434,0.56942,0.59701,1341.83782,1416.78047,0.58591,0.41409,1.77403,2.55873,0.33333,,,,
240.0,41.66667,90.0,0.46367,11.33333,31.66667,0.35733,15.0,16.33333,0.90667,10.0,32.66667,42.66667,24.33333,10.33333,8.33333,11.66667,16.66667,109.66667,240.0,39.66667,91.33333,0.435,10.0,35.0,0.28533,10.66667,11.33333,0.93467,12.0,36.0,48.0,23.33333,5.33333,2.66667,16.33333,17.33333,100.0,1,-0.13276,0.13276,0.36581,0.27685,0.48979,0.52635,0.53387,0.58748,1323.73802,1616.78634,0.83766,0.16234,1.19654,6.52617,0.0,240.0,45.0,92.0,0.48867,9.0,28.0,0.31867,17.33333,21.33333,0.82433,10.66667,31.0,41.66667,31.0,6.66667,2.33333,12.66667,22.33333,116.33333,240.0,42.0,81.66667,0.50667,9.66667,23.33333,0.41567,28.66667,31.66667,0.899,6.33333,33.0,39.33333,25.33333,8.33333,3.66667,14.0,17.0,122.33333,1,0.06288,-0.06288,0.20327,0.33432,0.56538,0.53788,0.68901,0.60159,1577.12945,1550.82984,0.47064,0.52936,2.19405,1.93101,0.66667,,,,
240.0,41.66667,96.33333,0.435,14.33333,38.0,0.373,14.0,20.0,0.71167,10.0,35.0,45.0,24.66667,6.66667,5.66667,14.0,20.66667,111.66667,240.0,44.0,98.0,0.45,11.66667,33.0,0.358,15.0,17.66667,0.84933,13.66667,36.66667,50.33333,26.0,7.33333,8.33333,13.0,18.33333,114.66667,0,0.03984,-0.03984,0.39736,0.27427,0.5094,0.509,0.56339,0.55634,1531.18225,1489.35439,0.44404,0.55596,2.37086,1.87528,0.66667,240.0,41.66667,87.0,0.47733,9.33333,22.33333,0.39867,14.33333,18.0,0.813,5.66667,35.33333,41.0,25.66667,8.0,3.66667,9.33333,16.33333,107.0,240.0,40.0,89.33333,0.44867,10.66667,33.0,0.331,14.33333,17.33333,0.803,13.33333,37.66667,51.0,25.0,3.66667,4.66667,14.33333,15.66667,105.0,0,-0.02379,0.02379,0.37681,0.15116,0.50818,0.5328,0.56444,0.58739,1425.11079,1532.6943,0.64988,0.35012,1.55518,2.94909,0.33333,,,,
240.0,41.0,82.66667,0.49567,10.66667,25.66667,0.414,16.0,20.66667,0.77333,6.0,40.66667,46.66667,22.33333,6.66667,4.33333,15.66667,25.0,108.66667,240.0,35.66667,90.0,0.395,9.33333,34.66667,0.26467,19.0,27.33333,0.694,11.0,31.66667,42.66667,21.0,8.33333,2.66667,12.0,19.66667,99.66667,0,-0.13972,0.13972,0.28201,0.19715,0.44675,0.56145,0.51634,0.62484,1420.72372,1343.68611,0.36645,0.63355,3.02303,1.65662,0.33333,240.0,36.0,84.0,0.42867,9.0,28.33333,0.31567,18.66667,25.33333,0.73567,8.0,29.33333,37.33333,21.0,7.0,5.33333,8.66667,21.0,99.66667,240.0,39.66667,85.0,0.466,13.0,32.33333,0.403,19.66667,23.66667,0.81967,11.0,37.0,48.0,23.66667,5.0,8.33333,12.66667,21.0,112.0,0,0.16209,-0.16209,0.42417,0.21824,0.54344,0.48214,0.62267,0.55546,1503.71407,1365.66232,0.32494,0.67506,3.17168,1.49357,1.0,,,,
240.0,43.33333,89.33333,0.48467,15.66667,39.66667,0.39433,18.0,23.66667,0.76833,6.33333,29.66667,36.0,32.33333,8.33333,2.0,13.0,21.0,120.33333,240.0,50.0,87.66667,0.56933,16.66667,32.66667,0.515,15.33333,23.66667,0.65633,7.33333,36.33333,43.66667,31.33333,8.0,3.0,14.66667,20.33333,132.0,1,0.12853,-0.12853,0.25126,0.19045,0.66403,0.57214,0.70918,0.63606,1513.94753,1461.97477,0.44266,0.55734,2.85999,2.23389,1.0,240.0,40.66667,86.33333,0.472,12.0,30.0,0.39733,18.33333,24.66667,0.76433,10.33333,39.0,49.33333,26.33333,3.0,4.33333,11.66667,15.0,111.66667,240.0,41.33333,93.66667,0.44333,11.66667,32.33333,0.35867,13.0,16.0,0.826,9.66667,34.33333,44.0,23.0,8.0,6.33333,8.66667,21.0,107.33333,1,-0.05694,0.05694,0.24931,0.32045,0.50597,0.54147,0.55449,0.60921,1338.18685,1440.6413,0.63377,0.36623,1.68516,3.12101,0.0,,,,
240.0,42.33333,90.33333,0.47167,13.66667,38.66667,0.35333,18.0,22.0,0.815,9.33333,42.33333,51.66667,26.66667,10.66667,5.66667,12.66667,18.33333,116.33333,240.0,37.66667,96.0,0.39467,7.33333,34.0,0.227,17.66667,22.33333,0.79933,12.0,35.0,47.0,22.33333,6.66667,6.33333,13.66667,20.0,100.33333,1,-0.21474,0.21474,0.28323,0.25909,0.43322,0.54848,0.49895,0.61511,1519.05375,1679.10422,0.69306,0.30694,1.46516,3.46522,0.0,240.0,36.0,85.66667,0.42067,12.66667,36.33333,0.353,21.0,26.66667,0.76933,9.66667,36.0,45.66667,21.0,7.0,4.66667,11.0,23.33333,105.66667,240.0,39.33333,87.66667,0.45,12.0,36.0,0.33367,17.66667,27.0,0.66067,10.33333,37.33333,47.66667,24.66667,7.0,4.33333,11.0,22.0,108.33333,1,0.04143,-0.04143,0.28393,0.26502,0.51904,0.4952,0.57996,0.57752,1487.22223,1516.4382,0.54282,0.45718,1.90027,2.30955,0.66667,,,,
240.0,41.66667,90.0,0.46333,10.33333,30.33333,0.33833,11.33333,18.33333,0.63033,10.33333,30.66667,41.0,29.33333,7.66667,5.66667,10.66667,17.33333,105.0,240.0,42.33333,88.66667,0.47767,14.0,35.66667,0.391,12.66667,16.33333,0.769,10.66667,36.66667,47.33333,28.66667,6.0,5.33333,14.0,18.33333,111.33333,0,0.07543,-0.07543,0.3953,0.29161,0.55669,0.52066,0.60325,0.55875,1507.93052,1579.48283,0.61549,0.38451,1.64326,2.69379,0.33333,240.0,42.33333,94.0,0.45033,9.0,32.66667,0.27833,16.0,23.33333,0.69033,8.66667,38.66667,47.33333,21.0,9.0,8.66667,11.33333,26.66667,109.66667,240.0,36.33333,93.33333,0.392,8.0,36.66667,0.226,27.66667,38.33333,0.734,13.66667,39.33333,53.0,22.33333,7.0,4.33333,13.33333,21.0,108.33333,0,-0.02213,0.02213,0.39529,0.21892,0.43546,0.49813,0.53521,0.55341,1490.37732,1451.35217,0.44214,0.55786,2.76676,2.28118,0.66667,,,,
240.0,46.66667,89.66667,0.51833,10.66667,28.0,0.37767,20.33333,23.66667,0.857,10.66667,39.66667,50.33333,32.66667,7.33333,6.66667,13.66667,19.66667,124.33333,240.0,41.66667,96.0,0.43433,14.0,37.33333,0.37733,12.33333,15.33333,0.81567,11.33333,29.66667,41.0,27.0,5.66667,3.66667,13.0,20.66667,109.66667,1,-0.18208,0.18208,0.28571,0.36137,0.50712,0.57772,0.55151,0.65527,1548.5919,1637.56145,0.60845,0.39155,1.66953,2.67751,0.0,240.0,43.33333,88.33333,0.49133,13.0,33.0,0.40567,19.0,23.66667,0.81733,14.0,35.66667,49.66667,21.66667,9.0,5.0,17.33333,20.33333,118.66667,240.0,42.0,89.33333,0.47133,10.66667,31.66667,0.33233,14.66667,21.0,0.68533,9.33333,28.66667,38.0,26.33333,11.0,3.33333,14.33333,21.66667,109.33333,1,-0.11851,0.11851,0.26379,0.49102,0.53053,0.56537,0.58323,0.63507,1318.29327,1486.73465,0.70856,0.29144,1.45021,3.86418,0.0,,,,
240.0,45.33333,90.33333,0.506,11.0,27.66667,0.40667,17.66667,20.33333,0.87067,9.66667,34.66667,44.33333,24.0,6.33333,4.0,10.66667,18.0,119.33333,240.0,47.33333,93.0,0.51,12.33333,31.66667,0.379,14.0,20.33333,0.701,10.33333,33.33333,43.66667,29.0,6.66667,5.33333,9.0,16.66667,121.0,0,0.02026,-0.02026,0.30517,0.27925,0.57659,0.56795,0.62189,0.63398,1533.99733,1558.7686,0.53655,0.46345,1.89846,2.22125,0.66667,240.0,43.33333,94.0,0.46133,12.66667,33.66667,0.36567,18.66667,24.66667,0.73267,12.0,37.0,49.0,29.66667,7.33333,4.66667,14.66667,20.0,118.0,240.0,44.33333,93.66667,0.473,15.33333,40.33333,0.36767,18.0,22.0,0.81367,8.66667,37.33333,46.0,31.33333,8.33333,7.0,11.66667,20.0,122.0,0,0.04598,-0.04598,0.23509,0.35724,0.55314,0.52819,0.61591,0.59235,1632.76245,1542.97486,0.37855,0.62145,2.71104,1.62248,0.66667,,,,
240.0,42.66667,86.33333,0.49433,14.66667,41.33333,0.35533,21.66667,27.66667,0.77767,10.33333,30.0,40.33333,19.66667,11.33333,4.33333,12.0,24.0,121.66667,240.0,42.33333,84.0,0.506,10.66667,32.33333,0.33333,19.33333,25.66667,0.762,11.0,30.66667,41.66667,28.33333,8.0,4.66667,15.0,18.33333,114.66667,1,-0.09854,0.09854,0.38888,0.35103,0.56971,0.57949,0.64269,0.65847,1489.58364,1541.09136,0.5486,0.4514,1.98264,2.76473,0.33333,240.0,40.33333,92.33333,0.43733,10.66667,37.0,0.28033,19.66667,23.66667,0.835,12.66667,30.0,42.66667,20.33333,7.33333,3.66667,13.66667,20.33333,111.0,240.0,48.66667,93.66667,0.51933,11.66667,32.33333,0.36233,16.66667,22.66667,0.73467,11.66667,38.66667,50.33333,28.0,7.0,3.0,12.66667,20.33333,125.66667,1,0.17619,-0.17619,0.39621,0.32675,0.5817,0.49596,0.63683,0.57047,1470.58452,1499.3405,0.5635,0.4365,1.88356,2.45926,1.0,,,,
240.0,43.0,86.33333,0.5,9.0,29.0,0.31467,16.0,21.66667,0.72467,7.33333,37.0,44.33333,25.33333,6.33333,6.33333,14.33333,19.0,111.0,240.0,43.66667,97.33333,0.44533,11.33333,33.66667,0.33967,13.0,19.66667,0.632,14.0,34.33333,48.33333,28.0,8.66667,2.0,10.33333,18.66667,111.66667,1,-0.01315,0.01315,0.39124,0.22202,0.5033,0.55274,0.54518,0.61361,1522.7869,1547.65516,0.54244,0.45756,1.87279,2.23956,0.66667,248.33333,44.33333,94.66667,0.469,11.33333,36.0,0.315,17.0,21.66667,0.77733,14.33333,38.66667,53.0,25.66667,6.66667,3.0,15.66667,23.33333,117.0,248.33333,40.33333,90.33333,0.44867,15.66667,50.0,0.306,24.33333,30.0,0.79967,9.0,30.33333,39.33333,20.0,9.33333,5.33333,12.33333,22.33333,120.66667,1,0.04609,-0.04609,0.23362,0.47002,0.5335,0.52899,0.62123,0.58867,1540.26456,1518.66539,0.47011,0.52989,2.24151,1.97222,1.0,,,,
240.0,35.33333,83.0,0.42533,7.33333,25.66667,0.278,19.33333,23.33333,0.82867,7.66667,32.66667,40.33333,24.33333,7.0,3.33333,13.66667,21.66667,97.33333,240.0,39.33333,80.0,0.49233,10.66667,27.0,0.39667,17.33333,23.66667,0.73567,8.33333,33.33333,41.66667,27.0,6.66667,4.66667,13.66667,22.33333,106.66667,1,0.13492,-0.13492,0.2561,0.23563,0.55893,0.47073,0.62625,0.55452,1445.98596,1559.63022,0.67814,0.32186,1.47637,3.12348,1.0,240.0,43.0,84.66667,0.50867,10.33333,23.66667,0.424,15.0,20.33333,0.738,8.33333,35.33333,43.66667,24.0,7.0,3.33333,11.33333,20.0,111.33333,240.0,38.0,88.0,0.43267,10.33333,35.33333,0.29267,10.33333,16.33333,0.642,12.66667,32.0,44.66667,24.33333,5.33333,2.33333,15.0,18.66667,96.66667,1,-0.2046,0.2046,0.3596,0.25579,0.49098,0.56871,0.52812,0.62487,1483.48489,1484.00192,0.46675,0.53325,2.4329,2.04294,0.0,,,,
240.0,40.0,86.0,0.466,10.0,18.66667,0.47233,20.33333,26.66667,0.78733,8.66667,35.0,43.66667,20.66667,4.33333,5.66667,12.0,24.0,110.33333,240.0,39.0,90.0,0.43267,13.66667,39.0,0.345,20.66667,25.66667,0.795,11.33333,34.66667,46.0,20.33333,8.0,6.0,11.0,24.66667,112.33333,0,0.02376,-0.02376,0.34039,0.25742,0.50981,0.5244,0.58678,0.60163,1516.1353,1507.85332,0.49356,0.50644,2.10413,2.04053,0.33333,240.0,42.0,88.33333,0.47367,9.66667,30.33333,0.30567,17.0,21.66667,0.78833,8.66667,33.66667,42.33333,30.66667,5.33333,5.0,13.33333,18.33333,110.66667,240.0,45.33333,94.66667,0.47733,13.33333,30.0,0.435,11.33333,14.33333,0.755,10.66667,31.33333,42.0,31.0,7.0,6.33333,10.33333,20.33333,115.33333,0,0.06193,-0.06193,0.31705,0.28069,0.54714,0.52625,0.5885,0.59281,1571.21168,1577.97438,0.50945,0.49055,2.0013,2.07511,0.66667,,,,
240.0,41.0,83.0,0.49333,8.33333,21.0,0.39967,19.0,28.0,0.68133,7.66667,38.33333,46.0,24.0,4.33333,3.66667,11.66667,19.33333,109.33333,240.0,38.0,89.33333,0.428,11.66667,35.0,0.32567,12.66667,18.0,0.736,10.33333,32.0,42.33333,21.33333,6.66667,4.0,12.0,23.0,100.33333,0,-0.12366,0.12366,0.27135,0.24666,0.49445,0.54385,0.54131,0.61307,1421.55883,1506.94497,0.60317,0.39683,1.70512,2.70103,0.0,240.0,38.0,83.33333,0.45667,10.33333,29.33333,0.34867,13.66667,18.0,0.764,9.0,36.0,45.0,23.66667,9.33333,5.33333,18.66667,18.66667,100.0,240.0,40.33333,91.33333,0.44233,13.33333,34.33333,0.377,16.33333,21.33333,0.80233,9.33333,31.33333,40.66667,24.0,11.66667,5.66667,14.0,19.33333,110.33333,0,0.13498,-0.13498,0.26656,0.28825,0.51543,0.5196,0.57467,0.57417,1607.45285,1525.69751,0.39642,0.60358,2.7563,1.74924,0.66667,,,,
248.33333,39.66667,87.66667,0.454,7.33333,24.66667,0.29067,19.33333,26.0,0.719,7.66667,38.66667,46.33333,25.33333,5.66667,3.66667,16.66667,18.66667,106.0,248.33333,48.33333,97.66667,0.49533,14.66667,37.0,0.403,12.33333,17.66667,0.70333,9.66667,35.33333,45.0,31.33333,8.66667,8.0,9.33333,21.33333,123.66667,1,0.22818,-0.22818,0.25397,0.21028,0.57032,0.49453,0.61087,0.56848,1572.21567,1486.51573,0.39723,0.60277,2.61633,1.68355,0.66667,240.0,41.0,94.66667,0.43533,13.33333,36.33333,0.369,13.66667,19.0,0.659,11.33333,29.0,40.33333,21.66667,9.66667,5.0,13.33333,18.33333,109.0,240.0,49.66667,93.66667,0.533,12.66667,34.33333,0.37367,12.0,14.33333,0.84667,11.0,36.66667,47.66667,33.0,9.66667,9.66667,13.66667,17.33333,124.0,1,0.19482,-0.19482,0.3871,0.31617,0.60069,0.50607,0.64293,0.55188,1618.79626,1528.14971,0.3853,0.6147,2.64043,1.63963,1.0,,,,
240.0,40.66667,85.0,0.47933,10.0,29.33333,0.33833,15.33333,20.66667,0.73433,9.0,38.33333,47.33333,23.33333,7.66667,6.66667,15.0,20.0,106.66667,240.0,38.33333,89.0,0.43067,10.33333,30.33333,0.33333,15.33333,20.33333,0.75333,8.0,31.0,39.0,23.33333,10.0,3.33333,11.66667,19.33333,102.33333,0,-0.0561,0.0561,0.20895,0.29044,0.48787,0.53812,0.54729,0.59664,1455.69297,1484.54456,0.52983,0.47017,2.0532,2.39792,0.33333,240.0,39.33333,88.33333,0.44533,10.33333,32.0,0.31933,16.33333,20.66667,0.77733,11.0,31.66667,42.66667,25.66667,7.33333,4.66667,17.33333,18.66667,105.33333,240.0,46.33333,91.33333,0.506,12.66667,35.33333,0.36133,14.66667,18.66667,0.783,10.0,34.33333,44.33333,34.33333,10.33333,7.0,12.0,18.66667,120.0,0,0.17822,-0.17822,0.33521,0.34268,0.57484,0.50474,0.62666,0.56922,1648.6916,1539.63796,0.35949,0.64051,2.82804,1.56856,0.66667,,,,
240.0,39.0,85.0,0.45833,15.0,36.33333,0.42667,16.0,21.33333,0.76533,5.33333,30.0,35.33333,29.66667,9.33333,0.66667,9.0,18.33333,109.0,240.0,44.0,84.66667,0.51933,12.66667,33.66667,0.37467,12.33333,19.0,0.66067,9.0,40.66667,49.66667,28.33333,4.0,3.33333,15.33333,17.0,113.0,0,0.04177,-0.04177,0.29924,0.13062,0.59395,0.54675,0.63437,0.60646,1424.49342,1463.56735,0.55541,0.44459,1.9558,2.56392,0.66667,240.0,37.66667,91.66667,0.411,10.66667,37.66667,0.28033,11.0,16.66667,0.67267,9.0,39.0,48.0,23.66667,4.33333,6.33333,15.0,17.33333,97.0,240.0,43.66667,92.0,0.47433,11.66667,34.0,0.335,17.0,21.0,0.79667,7.0,43.0,50.0,24.33333,8.66667,6.33333,10.66667,16.33333,116.0,0,0.26117,-0.26117,0.18068,0.21426,0.5368,0.46851,0.59984,0.50805,1661.44556,1495.3113,0.29039,0.70961,3.46738,1.4109,1.0,,,,
240.0,40.33333,93.0,0.43367,9.0,29.33333,0.307,19.66667,22.0,0.89567,16.66667,36.66667,53.33333,23.33333,5.66667,4.0,13.66667,20.0,109.33333,240.0,39.0,89.0,0.43967,12.0,34.0,0.35067,16.33333,22.66667,0.709,12.33333,29.33333,41.66667,23.66667,8.33333,6.33333,12.66667,20.0,106.33333,0,-0.03673,0.03673,0.33382,0.57101,0.50677,0.48235,0.56667,0.559,1507.2605,1534.31993,0.5311,0.4689,1.93455,2.20969,0.66667,240.0,41.0,91.0,0.45067,7.66667,26.0,0.301,15.33333,19.33333,0.80633,6.66667,38.33333,45.0,24.66667,7.0,4.0,11.33333,15.0,105.0,240.0,41.0,92.66667,0.44333,11.66667,31.0,0.38367,15.0,17.33333,0.85833,11.33333,38.66667,50.0,25.33333,6.33333,6.0,13.66667,18.0,108.66667,0,0.06246,-0.06246,0.30105,0.17192,0.50662,0.49267,0.5653,0.55038,1428.99761,1538.98136,0.66161,0.33839,1.52007,3.01515,0.66667,,,,
240.0,43.0,91.66667,0.46933,11.33333,33.66667,0.33933,19.0,22.66667,0.84,9.33333,39.33333,48.66667,28.0,7.66667,7.0,12.66667,23.33333,116.33333,240.0,38.0,89.0,0.42967,10.66667,32.33333,0.33667,21.0,26.66667,0.801,8.33333,36.0,44.33333,23.33333,7.0,5.33333,12.66667,20.66667,107.66667,1,-0.13237,0.13237,0.21053,0.27292,0.49077,0.531,0.57001,0.60139,1539.08861,1458.32925,0.37584,0.62416,3.45709,1.84216,0.33333,240.0,43.0,90.33333,0.476,9.33333,26.33333,0.362,15.0,21.66667,0.689,8.0,37.0,45.0,26.0,7.0,6.0,11.0,18.0,110.33333,240.0,39.66667,90.0,0.44067,11.0,34.66667,0.318,19.0,21.66667,0.85533,9.66667,39.66667,49.33333,26.66667,7.0,5.0,13.66667,20.0,109.33333,1,-0.01708,0.01708,0.26426,0.20358,0.50177,0.52764,0.57607,0.57996,1538.64655,1550.39524,0.51385,0.48615,1.95395,2.06622,0.33333,,,,
240.0,41.33333,91.33333,0.453,11.33333,35.33333,0.31767,20.0,25.66667,0.77933,14.0,32.33333,46.33333,27.33333,11.66667,5.33333,14.66667,18.66667,114.0,240.0,42.0,90.66667,0.46333,9.66667,30.33333,0.32,14.33333,18.66667,0.757,11.66667,33.66667,45.33333,26.0,9.66667,4.33333,17.33333,19.33333,108.0,1,-0.07792,0.07792,0.36174,0.42757,0.51672,0.51495,0.56963,0.58802,1534.84686,1579.58201,0.55093,0.44907,1.8974,2.35432,0.33333,240.0,35.66667,85.33333,0.41967,11.66667,31.66667,0.36633,18.66667,23.66667,0.78067,8.66667,37.0,45.66667,24.66667,6.66667,5.33333,9.33333,18.66667,101.66667,240.0,34.33333,86.0,0.39767,10.33333,32.66667,0.32433,12.66667,18.66667,0.67967,11.33333,37.33333,48.66667,19.66667,6.0,4.66667,13.33333,21.66667,91.66667,1,-0.15147,0.15147,0.31023,0.22935,0.45918,0.48849,0.50998,0.56376,1309.45051,1506.46881,0.7351,0.2649,1.38193,4.53557,0.0,,,,
240.0,39.66667,88.66667,0.44767,14.33333,36.33333,0.399,22.33333,26.33333,0.85633,10.0,35.33333,45.33333,26.33333,4.0,3.66667,11.66667,24.66667,116.0,240.0,41.33333,90.33333,0.45833,10.0,36.0,0.28967,24.33333,30.66667,0.79833,10.33333,33.33333,43.66667,23.0,7.33333,4.66667,9.66667,24.33333,117.0,1,0.01395,-0.01395,0.29339,0.30952,0.51344,0.52896,0.60274,0.61526,1533.40874,1611.09336,0.6085,0.3915,1.65742,2.60847,0.66667,240.0,39.66667,87.0,0.458,12.0,33.33333,0.37667,18.66667,22.33333,0.84033,7.33333,32.33333,39.66667,19.33333,9.0,6.0,12.33333,21.33333,110.0,240.0,42.66667,87.33333,0.48767,12.0,30.33333,0.388,22.0,28.66667,0.774,11.66667,36.33333,48.0,28.0,8.0,8.66667,13.66667,18.66667,119.33333,1,0.12623,-0.12623,0.3616,0.20668,0.55597,0.52741,0.63729,0.60099,1576.95199,1552.1033,0.47793,0.52207,2.09429,1.91697,0.66667,,,,
240.0,35.33333,82.33333,0.42867,8.66667,31.66667,0.27,24.33333,30.0,0.81833,8.66667,29.0,37.66667,20.33333,7.0,7.0,15.33333,24.0,103.66667,240.0,44.33333,91.33333,0.48567,10.33333,27.66667,0.36733,22.33333,29.0,0.75333,14.0,33.66667,47.66667,25.33333,8.33333,5.0,14.33333,25.33333,121.33333,0,0.2284,-0.2284,0.48621,0.29235,0.54187,0.48106,0.62086,0.58267,1530.35059,1325.85279,0.2435,0.7565,4.14693,1.32308,1.0,240.0,40.66667,88.66667,0.45833,14.0,34.33333,0.42533,14.66667,21.33333,0.70833,6.66667,32.66667,39.33333,26.33333,9.66667,2.0,9.0,16.66667,110.0,240.0,42.0,84.0,0.499,10.33333,24.33333,0.414,12.33333,16.66667,0.73967,6.66667,38.66667,45.33333,24.33333,5.33333,6.0,15.0,20.0,106.66667,0,-0.06093,0.06093,0.21434,0.17682,0.56026,0.53738,0.60636,0.58873,1560.88879,1482.28556,0.38159,0.61841,2.6267,1.61854,0.33333,,,,
240.0,40.33333,90.33333,0.44867,13.33333,42.0,0.31533,22.0,26.0,0.845,10.66667,29.33333,40.0,25.0,8.33333,4.33333,16.0,23.66667,116.0,240.0,47.0,90.33333,0.51867,11.0,32.33333,0.34233,22.0,26.33333,0.83033,13.0,34.33333,47.33333,31.33333,7.0,4.0,15.0,24.0,127.0,1,0.1298,-0.1298,0.44919,0.34561,0.57996,0.5225,0.6608,0.6061,1519.37498,1363.28967,0.30835,0.69165,3.41265,1.45945,0.66667,240.0,41.0,95.0,0.43033,12.33333,33.0,0.38067,16.0,20.33333,0.78867,15.66667,40.0,55.66667,26.66667,7.33333,5.0,15.0,20.33333,110.33333,240.0,37.0,89.0,0.41567,9.33333,32.66667,0.28533,16.33333,23.33333,0.68467,9.33333,31.33333,40.66667,23.66667,8.66667,7.33333,12.66667,19.33333,99.66667,1,-0.14018,0.14018,0.24093,0.50925,0.46833,0.49494,0.52916,0.5537,1337.58658,1548.2227,0.76646,0.23354,1.30542,4.30572,0.33333,,,,
240.0,41.33333,92.66667,0.44667,9.0,30.0,0.30267,16.66667,22.66667,0.72767,13.66667,37.66667,51.33333,20.33333,7.33333,6.66667,15.0,23.66667,108.33333,240.0,37.66667,88.33333,0.42733,11.66667,36.0,0.325,20.0,26.0,0.77033,10.0,34.33333,44.33333,23.0,6.33333,4.0,13.0,22.33333,107.0,1,-0.02138,0.02138,0.26423,0.40175,0.49396,0.49638,0.57001,0.55652,1520.2483,1572.39753,0.57054,0.42946,1.80902,2.44122,0.66667,240.0,44.66667,91.66667,0.487,9.66667,26.0,0.36367,12.33333,17.33333,0.68233,8.0,33.33333,41.33333,27.33333,7.66667,3.66667,10.0,24.0,111.33333,240.0,44.0,86.33333,0.50533,9.33333,25.66667,0.36733,22.0,29.33333,0.76267,9.66667,37.0,46.66667,25.66667,6.33333,3.33333,12.0,16.66667,119.33333,1,0.08977,-0.08977,0.29085,0.21762,0.55894,0.5401,0.64023,0.58325,1586.35432,1516.87432,0.41368,0.58632,2.5241,1.75268,0.66667,,,,
240.0,38.33333,91.66667,0.41867,9.0,30.0,0.30633,18.33333,23.0,0.78633,12.33333,33.0,45.33333,23.33333,10.33333,6.0,14.33333,26.0,104.0,240.0,38.66667,86.33333,0.44733,11.0,29.66667,0.35967,24.33333,30.33333,0.81067,11.66667,35.66667,47.33333,27.33333,8.66667,3.66667,16.66667,23.66667,112.66667,0,0.10803,-0.10803,0.36321,0.3439,0.50992,0.46747,0.60425,0.53748,1516.50275,1457.03741,0.4288,0.5712,2.46645,1.80251,0.66667,240.0,39.0,86.0,0.454,13.0,37.66667,0.342,15.33333,21.33333,0.70933,9.66667,29.66667,39.33333,25.0,7.66667,3.33333,12.66667,21.33333,106.33333,240.0,45.66667,88.33333,0.52,12.66667,30.66667,0.40567,17.66667,21.66667,0.825,10.33333,33.66667,44.0,30.33333,6.0,4.66667,11.0,17.33333,121.66667,0,0.19873,-0.19873,0.38099,0.29936,0.59245,0.52918,0.65644,0.58556,1581.015,1519.12485,0.44413,0.55587,2.29688,1.82337,1.0,,,,
240.0,38.0,80.33333,0.47367,9.0,28.33333,0.31667,22.0,25.66667,0.852,6.66667,31.0,37.66667,21.66667,6.66667,7.0,16.33333,22.33333,107.0,240.0,47.0,94.33333,0.49933,13.33333,31.0,0.431,17.33333,22.33333,0.77,14.66667,30.0,44.66667,27.66667,8.66667,5.0,13.0,21.66667,124.66667,0,0.22773,-0.22773,0.48162,0.2469,0.56969,0.52984,0.62829,0.62396,1545.836,1318.75344,0.22097,0.77903,4.60256,1.28551,1.0,240.0,39.0,91.66667,0.42667,12.33333,37.0,0.33233,22.66667,27.33333,0.83367,9.33333,36.66667,46.0,20.0,10.33333,5.66667,13.0,26.0,113.0,240.0,38.0,89.0,0.42767,12.0,38.66667,0.312,22.66667,30.33333,0.75133,13.66667,36.0,49.66667,25.0,7.0,7.66667,15.33333,20.66667,110.66667,0,-0.03431,0.03431,0.3716,0.26777,0.49496,0.49401,0.57938,0.57938,1579.90705,1479.26254,0.35692,0.64308,3.06428,1.58589,0.66667,,,,
240.0,40.0,89.33333,0.45067,14.66667,41.33333,0.36333,19.66667,25.0,0.78833,11.0,32.0,43.0,22.66667,8.0,4.0,18.33333,21.33333,114.33333,240.0,48.33333,94.0,0.51433,11.66667,34.0,0.344,16.66667,23.0,0.706,12.0,35.0,47.0,32.66667,8.66667,4.33333,13.0,23.0,125.0,1,0.12466,-0.12466,0.38986,0.34314,0.57665,0.53317,0.6318,0.60577,1454.37814,1358.21696,0.38838,0.61162,2.95188,1.72074,0.66667,240.0,42.66667,87.66667,0.48533,11.0,30.0,0.35867,19.0,21.0,0.89433,8.0,37.0,45.0,30.33333,7.0,4.33333,13.66667,20.33333,115.33333,240.0,42.66667,88.66667,0.48367,12.33333,34.33333,0.363,15.66667,22.66667,0.688,9.66667,31.33333,41.0,28.0,7.0,4.0,12.0,21.66667,113.33333,1,-0.00561,0.00561,0.26338,0.2586,0.5536,0.54743,0.60742,0.62214,1474.07958,1620.9454,0.70602,0.29398,1.42133,3.46609,0.33333,,,,
240.0,37.66667,87.0,0.43333,8.0,29.66667,0.26733,19.66667,26.66667,0.73767,11.33333,31.33333,42.66667,24.0,7.66667,4.66667,16.66667,24.0,103.0,240.0,43.33333,84.33333,0.51367,11.0,29.66667,0.38367,23.0,31.33333,0.73133,9.33333,38.33333,47.66667,31.0,11.66667,8.0,12.66667,23.0,120.66667,0,0.22475,-0.22475,0.30081,0.29508,0.57908,0.47946,0.6616,0.55499,1417.60897,1293.65151,0.3544,0.6456,3.16257,1.62467,1.0,240.0,41.66667,91.33333,0.456,13.66667,37.0,0.37067,17.66667,26.33333,0.67167,10.33333,36.33333,46.66667,22.0,10.0,6.33333,12.33333,22.33333,114.66667,240.0,38.66667,90.33333,0.429,15.33333,40.66667,0.37333,17.33333,21.33333,0.813,8.66667,36.33333,45.0,23.0,7.33333,4.66667,16.66667,24.0,110.0,0,-0.06833,0.06833,0.23816,0.28967,0.51386,0.53074,0.57948,0.59025,1339.01462,1414.60673,0.59554,0.40446,1.75253,2.64682,0.33333,,,,
240.0,42.33333,90.0,0.47133,11.66667,30.66667,0.38167,13.0,15.0,0.87,9.0,33.0,42.0,26.0,10.0,6.66667,8.33333,18.33333,109.33333,240.0,39.33333,87.33333,0.45267,9.0,30.33333,0.29867,13.66667,17.0,0.86167,11.0,36.33333,47.33333,21.0,4.0,1.66667,14.33333,17.33333,101.33333,0,-0.11051,0.11051,0.3314,0.24707,0.50437,0.53582,0.55906,0.58759,1394.19935,1620.97101,0.75657,0.24343,1.38737,5.70465,0.0,240.0,42.66667,92.0,0.46333,12.33333,34.33333,0.36167,12.66667,16.66667,0.785,9.66667,40.33333,50.0,27.33333,5.0,5.0,17.66667,20.66667,110.33333,240.0,42.66667,92.33333,0.463,10.33333,32.0,0.33267,17.33333,22.33333,0.78567,8.66667,35.0,43.66667,22.66667,9.66667,5.66667,11.66667,18.0,113.0,0,0.0041,-0.0041,0.21545,0.27949,0.51886,0.53032,0.58102,0.57641,1677.36206,1476.95654,0.2314,0.7686,4.45082,1.30471,0.66667,,,,
240.0,46.0,88.33333,0.52133,13.33333,26.66667,0.493,18.33333,24.0,0.761,9.66667,37.66667,47.33333,24.66667,8.0,4.66667,13.33333,22.33333,123.66667,240.0,41.33333,93.66667,0.44167,10.66667,33.33333,0.317,16.0,21.33333,0.742,13.33333,32.0,45.33333,26.33333,6.33333,3.33333,13.66667,19.33333,109.33333,0,-0.17921,0.17921,0.35528,0.31085,0.49798,0.59729,0.55601,0.66174,1411.14302,1584.38858,0.71257,0.28743,1.41161,3.61011,0.0,240.0,38.33333,91.66667,0.421,12.66667,35.66667,0.357,15.0,19.0,0.69833,11.33333,32.66667,44.0,21.66667,8.33333,5.66667,14.33333,18.66667,104.33333,240.0,45.33333,96.33333,0.47333,13.33333,36.33333,0.37133,12.33333,13.66667,0.90267,14.33333,37.0,51.33333,28.66667,9.0,9.0,13.66667,17.33333,116.33333,0,0.15951,-0.15951,0.45238,0.3129,0.54237,0.49035,0.58804,0.54759,1613.72114,1540.64595,0.41054,0.58946,2.53791,1.7402,0.66667,,,,
240.0,38.0,94.33333,0.40467,11.33333,35.33333,0.323,15.0,20.33333,0.76033,9.66667,38.33333,48.0,24.33333,7.0,4.66667,16.33333,18.0,102.33333,240.0,42.0,98.0,0.42867,11.66667,33.33333,0.353,14.66667,17.0,0.865,12.0,38.33333,50.33333,25.66667,9.33333,9.0,13.33333,18.0,110.33333,0,0.11369,-0.11369,0.32791,0.25669,0.48812,0.46435,0.54186,0.51886,1538.54377,1492.04806,0.44584,0.55416,2.36577,1.88611,1.0,240.0,39.33333,86.33333,0.45733,7.66667,23.66667,0.28933,18.0,22.66667,0.78467,8.0,35.0,43.0,21.66667,9.33333,6.66667,15.0,22.33333,104.33333,240.0,40.0,92.66667,0.43167,10.66667,33.33333,0.31067,20.33333,26.33333,0.79033,12.0,35.0,47.0,20.66667,8.66667,4.66667,15.33333,23.0,111.0,0,0.07811,-0.07811,0.36714,0.23164,0.48943,0.50316,0.56262,0.57408,1610.60771,1544.98516,0.41896,0.58104,2.55969,1.80116,0.66667,,,,
240.0,41.0,88.66667,0.46233,13.66667,39.66667,0.34,9.66667,14.0,0.63767,8.33333,30.0,38.33333,22.33333,9.33333,7.0,13.0,17.0,105.33333,240.0,44.66667,90.0,0.49833,12.33333,32.66667,0.38133,13.33333,17.33333,0.77267,12.33333,36.33333,48.66667,28.33333,9.33333,5.0,13.66667,14.66667,115.0,0,0.13618,-0.13618,0.41833,0.24861,0.56709,0.5399,0.61514,0.57397,1491.45931,1495.31994,0.51526,0.48474,2.09247,2.25915,0.66667,240.0,35.66667,79.66667,0.44833,8.66667,24.66667,0.329,12.0,18.0,0.615,5.66667,27.66667,33.33333,23.66667,7.33333,3.66667,16.66667,15.33333,92.0,240.0,50.0,89.66667,0.55667,12.33333,27.33333,0.438,6.66667,9.66667,0.681,7.66667,34.0,41.66667,31.33333,11.33333,8.0,12.66667,17.66667,119.0,0,0.36323,-0.36323,0.27395,0.16409,0.6242,0.50274,0.64644,0.55125,1570.03841,1412.80734,0.32824,0.67176,3.817,1.53628,1.0,,,,
240.0,38.66667,84.33333,0.45933,6.66667,17.66667,0.34933,22.66667,30.66667,0.74633,7.66667,36.66667,44.33333,21.33333,5.0,5.0,13.66667,20.66667,106.66667,240.0,39.33333,93.0,0.42367,12.0,36.66667,0.32133,17.0,21.0,0.81867,11.66667,36.0,47.66667,20.66667,9.0,4.66667,12.0,26.0,107.66667,1,0.00882,-0.00882,0.33761,0.22166,0.4902,0.49973,0.5535,0.58663,1460.46767,1507.39914,0.56696,0.43304,1.90564,2.5892,0.33333,240.0,37.0,82.0,0.45233,8.33333,25.33333,0.32967,18.33333,22.66667,0.80633,8.33333,33.33333,41.66667,20.66667,6.0,3.66667,9.66667,19.0,100.66667,240.0,38.0,83.0,0.459,12.33333,31.66667,0.392,20.33333,24.33333,0.823,9.33333,33.0,42.33333,21.66667,5.33333,6.33333,9.33333,19.33333,108.66667,1,0.11269,-0.11269,0.27533,0.25718,0.53457,0.503,0.61888,0.57948,1499.75296,1369.85543,0.32945,0.67055,3.12091,1.50274,1.0,,,,
240.0,46.33333,95.0,0.48967,12.33333,38.0,0.32333,17.0,20.33333,0.83767,10.33333,41.66667,52.0,28.0,7.66667,5.33333,10.66667,20.0,122.0,240.0,37.33333,94.0,0.4,12.33333,42.66667,0.279,18.33333,24.66667,0.734,12.33333,34.0,46.33333,24.66667,5.66667,6.66667,13.0,18.33333,105.33333,1,-0.21426,0.21426,0.29438,0.30287,0.46813,0.5551,0.53411,0.61621,1482.18198,1687.53553,0.75224,0.24776,1.32937,4.03654,0.0,240.0,46.33333,90.66667,0.51067,13.33333,32.0,0.41833,15.0,19.66667,0.797,10.66667,35.0,45.66667,30.0,4.0,5.0,10.66667,18.0,121.0,240.0,44.33333,92.0,0.481,10.33333,28.33333,0.35033,16.33333,21.33333,0.77033,10.33333,32.33333,42.66667,25.66667,6.66667,6.33333,9.66667,18.33333,115.33333,1,-0.06714,0.06714,0.30183,0.33992,0.53761,0.58477,0.59557,0.63703,1350.65466,1429.33981,0.60205,0.39795,1.75396,2.8032,0.0,,,,
240.0,37.33333,83.66667,0.449,12.0,31.0,0.38667,16.33333,20.33333,0.80433,10.66667,30.66667,41.33333,22.0,4.66667,2.66667,13.33333,15.33333,103.0,240.0,44.66667,87.66667,0.50933,12.0,29.33333,0.41033,14.66667,17.0,0.85167,9.66667,34.66667,44.33333,26.66667,8.0,5.0,11.66667,20.66667,116.0,0,0.16519,-0.16519,0.34403,0.30339,0.5778,0.52054,0.63468,0.58843,1500.15779,1287.47955,0.25257,0.74743,4.92575,1.38133,0.66667,240.0,41.33333,88.66667,0.46433,15.33333,36.66667,0.40867,21.0,23.66667,0.88,10.0,35.0,45.0,28.66667,7.66667,3.0,12.66667,20.66667,119.0,240.0,44.0,89.33333,0.49433,11.33333,33.0,0.34933,17.66667,25.33333,0.69133,11.0,31.33333,42.33333,29.66667,6.33333,6.0,11.33333,21.0,117.0,0,-0.003,0.003,0.31232,0.33267,0.55846,0.54991,0.61797,0.62988,1474.71109,1530.7466,0.57992,0.42008,1.93899,2.78987,0.33333,,,,
240.0,35.33333,83.33333,0.42467,7.33333,25.33333,0.29333,20.0,31.0,0.64733,8.0,31.33333,39.33333,19.33333,8.0,7.33333,9.66667,23.0,98.0,240.0,38.33333,88.0,0.436,11.0,32.33333,0.34333,22.33333,30.66667,0.74133,14.0,38.33333,52.33333,22.66667,4.0,6.0,13.66667,22.66667,110.0,0,0.16462,-0.16462,0.46269,0.21303,0.49856,0.46868,0.58168,0.54425,1490.08852,1323.27295,0.28881,0.71119,3.46666,1.40636,1.0,240.0,40.66667,84.33333,0.48233,12.33333,33.66667,0.363,15.33333,18.66667,0.84267,6.66667,36.0,42.66667,26.66667,6.66667,5.0,10.66667,20.66667,109.0,240.0,39.66667,88.33333,0.451,9.33333,30.0,0.296,14.66667,21.66667,0.707,11.0,35.33333,46.33333,23.66667,5.33333,1.33333,11.0,20.0,103.33333,0,-0.08115,0.08115,0.3072,0.19863,0.50402,0.55528,0.55725,0.61615,1277.95229,1526.8905,0.79674,0.20326,1.26208,5.51772,0.33333,,,,
240.0,40.33333,85.33333,0.47367,12.66667,34.0,0.36167,11.33333,14.66667,0.77367,9.0,38.66667,47.66667,23.0,2.66667,3.33333,13.66667,22.0,104.66667,240.0,33.0,83.0,0.398,6.33333,27.33333,0.226,21.33333,28.0,0.76167,10.33333,33.0,43.33333,19.0,7.33333,4.0,9.66667,20.33333,93.66667,0,-0.15244,0.15244,0.28063,0.27047,0.4361,0.54843,0.52549,0.59252,1346.66991,1491.97499,0.68219,0.31781,1.4885,3.35568,0.33333,240.0,41.66667,92.0,0.454,10.66667,33.33333,0.31933,18.0,24.0,0.72933,14.33333,40.33333,54.66667,23.33333,8.33333,6.0,16.33333,19.66667,112.0,240.0,38.33333,89.0,0.43367,15.66667,45.66667,0.34267,18.0,25.0,0.71833,8.33333,32.66667,41.0,20.0,9.66667,6.33333,12.33333,21.66667,110.33333,0,-0.01737,0.01737,0.20227,0.43611,0.52112,0.5124,0.58636,0.57728,1543.6463,1524.98925,0.47473,0.52527,2.20402,1.96234,0.33333,,,,
240.0,44.33333,93.33333,0.47433,11.66667,32.0,0.362,13.0,19.0,0.68967,12.33333,30.33333,42.66667,29.66667,6.66667,6.0,12.0,20.33333,113.33333,240.0,45.33333,89.0,0.50933,15.33333,35.0,0.43833,17.33333,23.0,0.755,9.66667,35.0,44.66667,31.66667,7.66667,5.66667,13.66667,19.0,123.33333,0,0.12188,-0.12188,0.36953,0.35589,0.59558,0.53674,0.65497,0.58004,1487.93516,1574.55589,0.63934,0.36066,1.57433,2.83627,0.66667,240.0,39.66667,85.66667,0.46467,11.66667,33.33333,0.366,19.66667,24.33333,0.81633,8.66667,30.0,38.66667,21.66667,9.66667,4.0,12.33333,22.33333,110.66667,240.0,40.33333,83.66667,0.479,10.66667,27.66667,0.37067,25.33333,29.33333,0.84367,9.33333,34.33333,43.66667,25.33333,8.66667,7.33333,14.0,19.33333,116.66667,0,0.0834,-0.0834,0.30568,0.27433,0.54124,0.53311,0.64901,0.60997,1578.19645,1571.13209,0.49704,0.50296,2.025,2.00232,0.66667,,,,
240.0,43.66667,92.0,0.477,12.0,32.66667,0.35667,11.33333,17.33333,0.60467,13.33333,35.66667,49.0,25.33333,7.66667,6.33333,15.33333,19.33333,110.66667,240.0,41.0,88.33333,0.46667,12.33333,33.66667,0.364,15.66667,21.0,0.747,8.0,30.33333,38.33333,25.33333,8.33333,4.0,12.0,18.0,110.0,0,-0.00535,0.00535,0.22439,0.4458,0.53641,0.5405,0.59421,0.58001,1564.20754,1474.83473,0.37465,0.62535,2.89577,1.65088,0.66667,240.0,38.33333,84.0,0.456,12.33333,36.66667,0.32867,20.0,24.66667,0.80867,8.0,27.33333,35.33333,24.0,5.66667,4.0,12.33333,24.33333,109.0,240.0,48.66667,90.0,0.54433,12.33333,30.33333,0.40067,21.66667,27.0,0.80733,12.33333,35.66667,48.0,30.0,6.66667,3.0,10.0,18.33333,131.33333,0,0.27573,-0.27573,0.45928,0.24895,0.61343,0.52838,0.68873,0.60976,1577.06216,1472.09665,0.39013,0.60987,2.98394,1.71428,1.0,,,,
240.0,39.66667,86.0,0.46033,13.33333,38.0,0.351,20.66667,28.66667,0.72333,8.66667,33.33333,42.0,20.33333,7.33333,4.0,9.33333,20.0,113.33333,240.0,41.33333,88.66667,0.46667,15.0,38.0,0.38633,13.0,16.33333,0.79167,11.0,35.0,46.0,23.33333,6.33333,3.33333,15.0,23.0,110.66667,1,-0.04148,0.04148,0.32938,0.2447,0.55152,0.5378,0.60033,0.61399,1421.21347,1466.5939,0.5601,0.4399,2.05953,2.61157,0.33333,240.0,40.66667,86.0,0.47467,10.33333,24.33333,0.41533,14.33333,19.0,0.751,10.66667,33.66667,44.33333,25.0,10.33333,3.66667,13.33333,20.0,106.0,240.0,35.0,84.0,0.417,10.66667,36.0,0.29733,12.33333,17.66667,0.68867,12.0,33.66667,45.66667,23.66667,7.0,2.66667,18.0,18.66667,93.0,1,-0.18638,0.18638,0.3569,0.31387,0.48026,0.53394,0.53145,0.58917,1472.91354,1499.23253,0.50813,0.49187,2.29165,2.24639,0.0,,,,
240.0,43.66667,87.33333,0.49767,11.66667,31.0,0.376,22.33333,28.33333,0.79333,11.0,39.0,50.0,31.33333,7.33333,7.66667,14.66667,20.33333,121.33333,240.0,40.0,98.0,0.40867,11.0,33.66667,0.323,15.0,18.33333,0.83333,14.66667,30.33333,45.0,25.0,7.33333,3.33333,13.33333,22.66667,106.0,0,-0.1935,0.1935,0.37262,0.36605,0.46503,0.56437,0.51983,0.64838,1494.67237,1646.28959,0.66342,0.33658,1.58276,4.33653,0.0,240.0,43.66667,86.33333,0.50533,10.0,25.66667,0.40433,16.33333,20.0,0.80367,8.66667,33.0,41.66667,20.33333,7.66667,4.66667,15.33333,17.66667,113.66667,240.0,46.33333,91.33333,0.50767,14.0,34.0,0.41333,15.66667,17.66667,0.87333,7.33333,30.0,37.33333,28.0,8.0,3.66667,10.66667,17.33333,122.33333,0,0.10281,-0.10281,0.23276,0.2937,0.58446,0.56317,0.64254,0.62653,1567.41803,1532.97365,0.46172,0.53828,2.24343,1.90176,0.66667,,,,
240.0,42.66667,91.33333,0.468,16.0,43.66667,0.36467,22.0,26.66667,0.83833,11.0,33.33333,44.33333,17.66667,13.66667,5.66667,12.33333,22.33333,123.33333,240.0,38.33333,87.0,0.44167,9.66667,33.0,0.29367,16.66667,24.66667,0.672,14.33333,33.33333,47.66667,23.0,7.33333,5.33333,19.66667,21.0,103.0,0,-0.26094,0.26094,0.44333,0.33745,0.49694,0.55498,0.55878,0.63519,1448.82885,1551.38432,0.6037,0.3963,1.77007,3.00684,0.0,248.33333,38.33333,82.66667,0.46667,10.33333,28.33333,0.35633,21.0,25.0,0.81667,12.33333,33.0,45.33333,24.66667,4.66667,5.33333,16.33333,23.66667,108.0,248.33333,42.0,91.33333,0.461,8.33333,29.0,0.29533,19.33333,24.66667,0.76467,11.66667,30.33333,42.0,26.66667,10.66667,2.66667,10.0,20.33333,111.66667,0,0.04379,-0.04379,0.36382,0.40231,0.50695,0.53015,0.57748,0.6179,1529.23693,1504.17611,0.47181,0.52819,2.20507,1.953,0.66667,,,,
240.0,46.0,91.33333,0.50367,13.0,28.66667,0.454,19.33333,26.33333,0.73433,10.0,35.0,45.0,24.33333,9.66667,5.66667,11.0,18.0,124.33333,240.0,46.33333,95.0,0.49,12.66667,37.0,0.343,12.33333,16.33333,0.747,11.33333,34.66667,46.0,30.0,6.33333,4.33333,14.33333,19.0,117.66667,1,-0.08742,0.08742,0.31502,0.28862,0.55676,0.57485,0.59856,0.63987,1505.65968,1592.2512,0.60622,0.39378,1.70864,2.72016,0.33333,240.0,43.0,92.66667,0.46567,11.0,34.0,0.32167,15.66667,20.0,0.77733,14.33333,38.33333,52.66667,25.66667,7.33333,4.66667,16.33333,20.0,112.66667,240.0,39.66667,90.66667,0.44067,13.66667,46.0,0.29633,20.33333,26.0,0.767,10.0,31.33333,41.33333,19.66667,10.0,5.66667,12.33333,20.0,113.33333,1,0.01165,-0.01165,0.25965,0.45397,0.5152,0.52505,0.59001,0.58216,1535.51915,1525.91247,0.48734,0.51266,2.16752,2.03686,0.66667,,,,
240.0,37.66667,91.66667,0.412,12.66667,34.0,0.377,16.33333,20.0,0.81567,14.66667,34.66667,49.33333,22.33333,5.0,3.33333,14.0,15.66667,104.33333,240.0,43.33333,88.66667,0.48867,11.0,28.66667,0.38967,16.66667,18.66667,0.89167,9.0,37.0,46.0,27.33333,9.0,5.66667,13.33333,18.66667,114.33333,0,0.12689,-0.12689,0.26535,0.39875,0.55085,0.48119,0.61625,0.54376,1468.83157,1278.34465,0.27335,0.72665,4.50285,1.41589,0.66667,240.0,41.66667,86.0,0.481,7.66667,23.0,0.32067,15.0,20.33333,0.738,8.33333,31.0,39.33333,29.0,9.33333,5.33333,16.66667,17.33333,106.0,240.0,48.33333,93.0,0.52,13.33333,28.66667,0.456,7.33333,9.66667,0.74767,9.0,31.0,40.0,30.66667,10.0,8.0,14.66667,19.33333,117.33333,0,0.15559,-0.15559,0.28918,0.27381,0.59089,0.52369,0.61667,0.58273,1568.1104,1538.12423,0.4689,0.5311,2.18034,1.92315,0.66667,,,,
240.0,40.33333,82.0,0.495,7.33333,24.33333,0.282,17.33333,22.66667,0.77033,8.33333,34.33333,42.66667,23.66667,7.0,3.66667,19.0,26.0,105.33333,240.0,42.33333,89.33333,0.474,11.66667,31.0,0.37467,23.33333,32.0,0.74433,12.33333,30.33333,42.66667,28.0,11.33333,6.66667,12.0,18.0,119.66667,0,0.19719,-0.19719,0.36528,0.2523,0.53881,0.53949,0.62167,0.60833,1538.3785,1308.65282,0.21946,0.78054,4.71129,1.28511,1.0,248.33333,41.0,90.66667,0.45367,9.66667,32.0,0.313,26.33333,31.33333,0.843,12.33333,35.66667,48.0,24.66667,8.66667,5.33333,15.0,25.0,118.0,248.33333,43.0,92.33333,0.467,11.66667,33.0,0.35833,22.33333,27.66667,0.79933,13.0,34.0,47.0,29.33333,9.0,4.33333,14.0,27.0,120.0,0,0.02678,-0.02678,0.39198,0.39141,0.53019,0.50679,0.61346,0.60587,1509.31529,1439.86636,0.40961,0.59039,2.52241,1.71639,0.33333,,,,
240.0,42.33333,89.33333,0.47333,11.0,29.66667,0.32867,12.33333,20.33333,0.582,8.66667,33.33333,42.0,27.66667,5.0,4.33333,14.0,17.0,108.0,240.0,48.33333,94.33333,0.511,15.33333,35.33333,0.43467,14.33333,15.66667,0.85733,9.33333,34.66667,44.0,34.33333,7.33333,7.0,9.33333,17.66667,126.33333,0,0.23631,-0.23631,0.28345,0.24054,0.59193,0.53205,0.64539,0.57581,1610.66515,1480.86704,0.33776,0.66224,3.03275,1.52118,0.66667,240.0,44.66667,88.33333,0.50767,10.0,28.0,0.35567,17.0,20.0,0.86767,9.33333,30.0,39.33333,28.66667,8.33333,3.0,12.33333,20.33333,116.33333,240.0,39.0,80.33333,0.48267,11.33333,27.33333,0.40633,26.0,29.0,0.873,8.33333,31.0,39.33333,26.0,8.0,4.33333,15.33333,16.0,115.33333,0,-0.0135,0.0135,0.27443,0.30608,0.55124,0.5654,0.66661,0.63025,1575.84963,1580.62595,0.50374,0.49626,1.99647,2.02754,0.66667,,,,
240.0,44.66667,90.33333,0.496,11.33333,33.66667,0.335,17.33333,22.33333,0.82233,10.66667,37.0,47.66667,26.33333,5.0,6.33333,12.0,17.0,118.0,240.0,43.0,94.66667,0.45633,14.66667,38.33333,0.39133,15.66667,20.33333,0.778,11.33333,32.33333,43.66667,26.0,8.0,4.33333,10.33333,19.66667,116.33333,0,-0.01816,0.01816,0.30289,0.35895,0.53323,0.55959,0.5883,0.62109,1484.97523,1539.68829,0.57097,0.42903,1.82982,2.60683,0.33333,240.0,36.0,81.66667,0.44,8.66667,30.66667,0.28833,20.66667,23.33333,0.904,10.66667,33.33333,44.0,21.0,7.0,3.66667,15.66667,22.33333,101.33333,240.0,36.66667,81.33333,0.452,11.0,31.33333,0.34767,17.66667,25.33333,0.69567,9.66667,29.33333,39.0,24.33333,8.0,6.0,13.0,21.33333,102.0,0,0.00736,-0.00736,0.29052,0.37177,0.51866,0.49378,0.58647,0.58467,1429.91099,1563.9857,0.6831,0.3169,1.46722,3.18568,0.66667,,,,
240.0,39.66667,85.33333,0.46467,12.0,23.66667,0.501,19.33333,25.33333,0.763,7.66667,36.66667,44.33333,25.33333,7.0,6.0,15.66667,23.33333,110.66667,240.0,42.33333,90.66667,0.46867,11.0,30.0,0.37067,18.66667,22.66667,0.82333,8.66667,35.0,43.66667,22.0,10.66667,8.0,12.0,22.66667,114.33333,0,0.05813,-0.05813,0.2401,0.22058,0.52926,0.5348,0.59926,0.60774,1562.17346,1499.14637,0.41472,0.58528,2.50247,1.73933,0.33333,248.33333,41.33333,87.33333,0.47367,11.33333,31.66667,0.34667,15.66667,20.33333,0.766,11.66667,33.33333,45.0,26.66667,4.66667,6.33333,12.33333,20.0,109.66667,248.33333,38.66667,87.0,0.44733,12.0,35.0,0.34167,16.0,20.33333,0.777,8.0,31.0,39.0,24.66667,8.33333,3.66667,11.33333,20.33333,105.33333,0,-0.05182,0.05182,0.23546,0.37374,0.51873,0.53844,0.58166,0.59739,1530.05724,1537.43209,0.50535,0.49465,2.08147,2.10236,0.33333,,,,
240.0,43.0,90.66667,0.474,14.33333,33.0,0.43833,21.0,27.66667,0.75733,12.0,36.33333,48.33333,22.66667,9.66667,4.66667,15.0,20.66667,121.33333,240.0,44.0,89.66667,0.48967,13.33333,38.33333,0.348,14.66667,20.33333,0.71367,7.66667,33.66667,41.33333,27.33333,8.33333,5.0,14.33333,21.66667,116.0,0,-0.07279,0.07279,0.20977,0.35648,0.56451,0.55304,0.61611,0.62672,1551.33823,1599.97085,0.55822,0.44178,1.82687,2.33158,0.33333,240.0,43.0,92.33333,0.466,10.66667,27.0,0.39733,18.0,22.66667,0.79667,10.0,40.0,50.0,26.33333,6.66667,6.33333,11.33333,17.0,114.66667,240.0,39.33333,91.66667,0.42967,9.33333,32.33333,0.294,17.66667,20.0,0.849,9.66667,37.66667,47.33333,24.66667,7.33333,6.33333,13.66667,18.66667,105.66667,0,-0.12985,0.12985,0.25016,0.27123,0.48049,0.52366,0.54961,0.58913,1531.28646,1520.98309,0.46868,0.53132,2.14915,1.89237,0.33333,,,,
240.0,43.66667,92.33333,0.47267,9.33333,25.33333,0.37467,15.0,18.0,0.83667,14.0,35.0,49.0,23.66667,6.0,5.33333,14.0,20.66667,111.66667,240.0,41.33333,86.66667,0.478,11.66667,30.0,0.388,23.0,26.66667,0.867,10.0,31.66667,41.66667,22.66667,9.0,6.66667,10.66667,18.33333,117.33333,1,0.07024,-0.07024,0.2944,0.45966,0.54541,0.52337,0.63503,0.58041,1470.66207,1523.68571,0.58306,0.41694,1.74891,2.47334,1.0,240.0,37.33333,81.0,0.46333,11.33333,30.66667,0.367,25.66667,32.0,0.80367,7.33333,37.66667,45.0,27.33333,6.66667,6.33333,12.0,20.0,111.66667,240.0,38.33333,94.66667,0.405,9.33333,29.0,0.32767,14.66667,20.33333,0.709,14.0,34.0,48.0,22.0,7.33333,4.0,12.33333,25.33333,100.66667,1,-0.14821,0.14821,0.37277,0.21285,0.45436,0.53305,0.50703,0.63538,1304.1065,1558.62061,0.79819,0.20181,1.26539,5.62954,0.0,,,,
240.0,41.66667,86.0,0.48433,12.0,33.0,0.36467,17.33333,22.33333,0.77967,7.0,33.33333,40.33333,25.66667,6.66667,4.33333,13.66667,20.0,112.66667,240.0,43.0,85.33333,0.50267,15.33333,36.33333,0.42967,18.0,22.33333,0.80233,7.0,33.33333,40.33333,26.33333,8.66667,5.33333,11.66667,19.66667,119.33333,0,0.08313,-0.08313,0.22619,0.20952,0.59352,0.5542,0.66161,0.61942,1588.35837,1585.34018,0.50841,0.49159,2.02223,2.08332,0.66667,240.0,37.33333,84.66667,0.441,9.66667,30.0,0.32267,25.0,31.66667,0.80033,8.66667,35.0,43.66667,21.33333,10.33333,5.0,18.33333,24.66667,109.33333,240.0,43.33333,89.33333,0.485,15.33333,36.33333,0.42533,21.0,29.33333,0.70833,8.66667,37.33333,46.0,25.66667,12.33333,3.66667,13.33333,26.0,123.0,0,0.17555,-0.17555,0.24725,0.23357,0.57088,0.49727,0.6418,0.59554,1606.60195,1472.95583,0.33347,0.66653,3.13754,1.52148,1.0,,,,
240.0,43.66667,97.0,0.449,7.66667,28.0,0.27167,23.0,27.66667,0.84767,16.0,37.0,53.0,22.0,7.66667,7.33333,12.33333,22.66667,118.0,240.0,39.66667,88.33333,0.45033,10.66667,31.66667,0.342,21.33333,27.66667,0.77133,8.66667,33.66667,42.33333,25.66667,6.0,4.66667,11.66667,23.33333,111.33333,1,-0.08508,0.08508,0.231,0.50248,0.5112,0.48955,0.59109,0.57315,1549.02807,1581.91548,0.5361,0.4639,1.9235,2.26822,0.33333,265.0,42.33333,95.66667,0.44033,11.0,34.0,0.30433,22.0,29.0,0.757,14.0,33.0,47.0,25.0,7.66667,8.33333,15.66667,20.66667,117.66667,265.0,45.0,97.66667,0.46233,15.66667,40.0,0.39033,15.0,20.33333,0.735,14.0,39.33333,53.33333,31.33333,8.0,3.66667,16.0,28.66667,120.66667,1,0.05169,-0.05169,0.42649,0.35776,0.54323,0.49608,0.59441,0.57269,1273.7633,1387.46812,0.65832,0.34168,1.5496,3.11714,0.66667,,,,
240.0,38.66667,92.33333,0.419,10.33333,33.66667,0.31,20.66667,25.0,0.81767,12.33333,33.33333,45.66667,23.66667,11.66667,4.0,13.66667,24.66667,108.33333,240.0,40.33333,89.0,0.45233,8.33333,26.66667,0.31233,23.66667,27.0,0.87533,12.33333,37.33333,49.66667,27.66667,8.66667,2.33333,15.66667,23.0,112.66667,0,0.0519,-0.0519,0.37926,0.33133,0.49907,0.47471,0.59301,0.55322,1504.53325,1462.05409,0.44656,0.55344,2.30437,1.84238,0.66667,240.0,41.33333,91.0,0.45333,13.33333,33.66667,0.393,13.33333,16.66667,0.738,10.66667,33.0,43.66667,26.33333,5.0,4.33333,16.66667,20.66667,109.33333,240.0,47.66667,88.66667,0.53667,14.0,37.0,0.383,16.0,22.66667,0.704,8.66667,34.0,42.66667,33.0,11.33333,5.66667,9.66667,18.66667,125.33333,0,0.19399,-0.19399,0.29444,0.34313,0.61548,0.52592,0.66862,0.57923,1659.80599,1534.86793,0.3427,0.6573,3.03176,1.53435,1.0,,,,
240.0,41.33333,90.0,0.459,10.66667,29.33333,0.37133,20.0,22.33333,0.899,9.33333,33.0,42.33333,24.0,5.66667,3.66667,11.66667,19.33333,113.33333,240.0,50.0,93.66667,0.53467,12.0,31.0,0.37867,15.33333,22.66667,0.677,10.66667,36.33333,47.0,31.33333,8.33333,5.33333,9.0,18.66667,127.33333,0,0.16802,-0.16802,0.34487,0.25686,0.59871,0.5192,0.64616,0.59807,1559.33383,1556.09982,0.50792,0.49208,2.06321,2.13598,0.66667,240.0,41.66667,86.66667,0.482,10.0,29.66667,0.33533,18.0,22.0,0.81567,8.33333,31.0,39.33333,22.0,9.66667,6.0,12.66667,21.33333,111.33333,240.0,43.66667,88.33333,0.495,14.0,33.66667,0.41733,18.66667,21.66667,0.84,9.66667,32.33333,42.0,28.0,7.0,4.66667,14.0,20.33333,120.0,0,0.10496,-0.10496,0.32816,0.26209,0.57385,0.53928,0.64537,0.6094,1563.99011,1476.10943,0.39026,0.60974,2.8132,1.71634,0.66667,,,,
240.0,42.0,86.0,0.48867,13.33333,36.33333,0.36533,21.33333,28.33333,0.74233,8.33333,35.0,43.33333,25.66667,7.66667,6.0,12.33333,17.66667,118.66667,240.0,42.66667,91.0,0.46967,12.0,27.66667,0.429,14.0,17.66667,0.77533,8.66667,32.0,40.66667,24.33333,8.33333,3.66667,12.66667,21.66667,111.33333,0,-0.08465,0.08465,0.24246,0.25741,0.53881,0.56589,0.59233,0.64276,1559.01008,1572.55135,0.50691,0.49309,2.0492,2.09166,0.33333,240.0,42.66667,90.33333,0.473,8.66667,25.66667,0.33333,17.66667,22.0,0.80233,9.33333,30.0,39.33333,21.33333,4.33333,6.0,8.33333,23.0,111.66667,240.0,45.33333,91.33333,0.498,12.66667,31.0,0.41433,22.33333,26.33333,0.84467,12.0,35.0,47.0,28.0,5.66667,5.33333,9.33333,20.66667,125.66667,0,0.16966,-0.16966,0.39273,0.26765,0.56816,0.52091,0.65053,0.58766,1549.64515,1408.52368,0.3385,0.6615,3.37733,1.58731,1.0,,,,
240.0,41.66667,90.0,0.46267,11.0,28.33333,0.409,16.33333,18.66667,0.857,9.66667,30.0,39.66667,20.33333,5.0,3.66667,14.66667,18.33333,110.66667,240.0,51.33333,92.0,0.55767,13.33333,32.33333,0.41067,15.66667,20.66667,0.77433,8.66667,35.66667,44.33333,31.33333,10.0,4.66667,9.0,17.33333,131.66667,0,0.2515,-0.2515,0.30591,0.27503,0.62995,0.52469,0.68146,0.58949,1567.54659,1549.86132,0.49741,0.50259,2.10653,2.09503,1.0,240.0,38.0,86.66667,0.44167,10.66667,34.0,0.28833,21.66667,26.66667,0.811,7.66667,33.66667,41.33333,21.0,11.33333,4.66667,15.66667,27.0,108.33333,240.0,39.66667,85.66667,0.463,11.33333,34.66667,0.33467,23.33333,32.66667,0.71667,12.33333,36.0,48.33333,26.33333,8.33333,6.66667,16.0,20.33333,114.0,0,0.08004,-0.08004,0.36918,0.21401,0.5292,0.50068,0.61419,0.58495,1574.81296,1402.85563,0.27746,0.72254,4.05631,1.41535,0.66667,,,,
240.0,45.66667,93.33333,0.48867,10.66667,23.66667,0.44967,18.0,24.66667,0.73833,9.66667,34.33333,44.0,24.33333,8.66667,6.0,12.66667,18.66667,120.0,240.0,43.33333,90.66667,0.47633,13.0,34.0,0.37367,22.33333,24.66667,0.90367,8.66667,38.33333,47.0,23.33333,8.66667,7.66667,14.0,20.0,122.0,0,0.01487,-0.01487,0.25951,0.25248,0.54749,0.54615,0.63288,0.60778,1508.46709,1531.43195,0.52435,0.47565,2.19772,2.68992,0.66667,240.0,41.66667,90.66667,0.459,13.33333,36.0,0.371,17.66667,24.66667,0.72833,9.0,36.66667,45.66667,22.0,9.66667,5.66667,11.33333,24.0,114.33333,240.0,38.0,90.33333,0.42167,14.0,37.66667,0.36767,21.0,25.33333,0.82433,10.66667,35.33333,46.0,20.66667,7.33333,5.66667,14.33333,23.33333,111.0,0,-0.05188,0.05188,0.29363,0.261,0.49937,0.53257,0.57921,0.5945,1337.19009,1353.60186,0.51566,0.48434,2.03207,2.22666,0.33333,,,,
240.0,40.0,90.66667,0.44533,12.0,31.66667,0.38133,12.0,13.66667,0.881,9.33333,35.0,44.33333,24.0,10.0,7.33333,8.33333,17.33333,104.0,240.0,38.66667,88.0,0.44167,10.66667,33.0,0.32167,13.0,17.66667,0.76633,11.33333,38.33333,49.66667,21.0,5.0,2.33333,13.66667,16.0,101.0,0,-0.04197,0.04197,0.32702,0.24236,0.50243,0.51115,0.55224,0.55978,1513.02977,1618.55053,0.61177,0.38823,1.80042,4.08183,0.33333,240.0,45.33333,88.0,0.51233,11.66667,32.0,0.37167,16.33333,20.0,0.81667,5.66667,34.33333,40.0,31.66667,7.0,6.0,12.66667,20.0,118.66667,240.0,43.66667,91.0,0.48433,7.66667,23.66667,0.32733,20.33333,25.0,0.82233,10.66667,34.66667,45.33333,26.66667,5.66667,3.33333,12.66667,18.66667,115.33333,0,-0.04298,0.04298,0.32498,0.16487,0.52696,0.57902,0.60241,0.64149,1370.47191,1520.90063,0.69054,0.30946,1.48583,3.96146,0.33333,,,,
240.0,40.33333,89.33333,0.45267,13.66667,37.66667,0.35833,15.0,21.0,0.73,6.0,36.33333,42.33333,28.66667,5.66667,4.0,15.33333,17.33333,109.33333,240.0,43.66667,95.33333,0.45967,10.33333,30.33333,0.34133,17.66667,20.33333,0.865,8.33333,38.0,46.33333,26.66667,9.66667,4.66667,12.0,18.0,115.33333,1,0.08569,-0.08569,0.22535,0.15616,0.51392,0.52922,0.57879,0.58268,1544.25291,1479.83784,0.4219,0.5781,2.61931,1.83579,1.0,240.0,40.66667,86.0,0.47367,10.66667,30.33333,0.34167,14.0,17.66667,0.813,9.0,37.0,46.0,23.33333,6.66667,7.66667,12.0,19.0,106.0,240.0,37.33333,92.0,0.40567,9.0,33.33333,0.255,16.66667,20.0,0.85267,14.33333,34.66667,49.0,20.33333,6.33333,1.33333,12.0,18.33333,100.33333,1,-0.08007,0.08007,0.3939,0.25971,0.45359,0.53623,0.52051,0.59138,1274.49895,1473.6262,0.73213,0.26787,1.42224,4.97194,0.33333,,,,
240.0,37.66667,89.0,0.42367,11.66667,39.66667,0.29,17.0,22.66667,0.74733,13.0,32.0,45.0,20.66667,9.33333,6.0,10.66667,16.33333,104.0,240.0,40.66667,84.66667,0.48433,11.0,31.33333,0.35,13.66667,17.66667,0.775,10.0,34.0,44.0,25.33333,7.0,3.66667,14.33333,17.33333,106.0,0,0.04112,-0.04112,0.30722,0.39758,0.54887,0.48986,0.60284,0.55516,1477.09547,1495.62193,0.52794,0.47206,1.99949,2.29114,0.66667,240.0,40.0,93.66667,0.42633,8.0,27.66667,0.28633,12.33333,14.66667,0.84033,10.0,35.0,45.0,24.0,7.33333,2.66667,13.0,16.0,100.33333,240.0,41.33333,86.33333,0.48033,10.66667,26.0,0.411,17.0,19.0,0.885,8.66667,37.33333,46.0,24.33333,6.66667,6.66667,14.0,17.33333,110.33333,0,0.13923,-0.13923,0.26235,0.28682,0.54276,0.46842,0.61217,0.51692,1435.31125,1517.42642,0.63625,0.36375,1.57588,2.77141,1.0,,,,
240.0,44.66667,87.66667,0.50633,13.33333,35.33333,0.38433,19.33333,24.0,0.805,5.66667,34.0,39.66667,32.0,6.33333,4.66667,15.0,24.0,122.0,240.0,45.66667,91.33333,0.50033,12.33333,32.33333,0.36633,21.33333,26.33333,0.81333,11.0,37.33333,48.33333,28.33333,7.0,5.0,13.66667,21.0,125.0,0,0.03851,-0.03851,0.32945,0.15693,0.56906,0.58308,0.64503,0.65542,1490.43522,1465.85418,0.47157,0.52843,2.37717,2.03916,0.66667,240.0,39.66667,82.66667,0.48,12.0,25.66667,0.47833,17.66667,19.66667,0.88233,8.33333,34.0,42.33333,22.66667,4.33333,3.66667,10.66667,22.0,109.0,240.0,38.0,82.66667,0.46033,13.66667,34.33333,0.403,23.66667,27.66667,0.855,8.66667,31.33333,40.0,19.66667,6.66667,6.0,7.66667,19.0,113.33333,0,0.05952,-0.05952,0.25296,0.26781,0.54343,0.55134,0.64042,0.62537,1497.90838,1427.22689,0.40705,0.59295,2.56558,1.72028,0.66667,,,,
240.0,43.0,84.33333,0.51067,8.66667,23.66667,0.37233,18.66667,21.66667,0.849,6.0,37.0,43.0,21.0,5.33333,4.33333,13.0,23.0,113.33333,240.0,39.66667,88.33333,0.451,12.0,36.33333,0.33667,20.66667,27.33333,0.75133,10.33333,31.66667,42.0,24.0,7.66667,2.0,9.33333,20.66667,112.0,1,-0.03167,0.03167,0.29148,0.19715,0.51973,0.56202,0.595,0.63779,1491.5216,1345.46821,0.2859,0.7141,3.506,1.40091,0.66667,240.0,46.66667,98.0,0.477,10.66667,34.0,0.316,16.0,21.66667,0.74233,10.66667,41.66667,52.33333,26.0,7.33333,7.66667,13.0,25.0,120.0,240.0,40.33333,95.33333,0.42733,11.33333,37.0,0.32133,25.0,33.66667,0.74933,9.33333,37.0,46.33333,28.0,8.33333,5.33333,11.33333,21.33333,117.0,1,-0.05026,0.05026,0.21936,0.28558,0.48824,0.53128,0.57398,0.58455,1484.11608,1528.5476,0.55274,0.44726,2.16354,2.6986,0.66667,,,,
240.0,35.33333,82.66667,0.429,8.33333,26.33333,0.316,15.33333,19.33333,0.78567,9.0,35.66667,44.66667,22.33333,8.33333,3.66667,14.0,21.0,94.33333,240.0,34.33333,79.0,0.43133,13.66667,37.66667,0.36667,18.0,24.0,0.74,7.66667,35.33333,43.0,21.33333,9.0,5.0,12.66667,19.33333,100.33333,0,0.07605,-0.07605,0.2149,0.25451,0.51741,0.47894,0.59373,0.54455,1473.44401,1427.02159,0.44342,0.55658,2.54447,1.96781,0.66667,240.0,46.0,86.66667,0.52767,13.0,33.33333,0.39633,18.66667,24.33333,0.784,8.33333,36.33333,44.66667,29.33333,4.33333,6.33333,13.66667,19.66667,123.66667,240.0,43.66667,94.66667,0.46167,10.33333,29.0,0.342,17.0,21.66667,0.792,10.66667,31.33333,42.0,26.33333,7.66667,4.33333,10.66667,20.0,114.66667,0,-0.1124,0.1124,0.30335,0.28365,0.51693,0.60325,0.57715,0.67124,1362.38042,1560.74813,0.74358,0.25642,1.36475,4.46748,0.0,,,,
240.0,37.0,81.66667,0.45467,12.0,33.33333,0.35033,15.33333,20.0,0.76033,7.66667,34.66667,42.33333,19.66667,3.0,3.33333,13.66667,21.33333,101.33333,240.0,36.33333,87.0,0.417,12.0,38.66667,0.27667,19.0,23.66667,0.81267,11.66667,33.0,44.66667,23.0,8.33333,4.0,8.66667,24.0,103.66667,0,0.03006,-0.03006,0.34095,0.22449,0.48467,0.5296,0.56162,0.59223,1429.66918,1489.01402,0.58325,0.41675,1.8346,2.79383,0.66667,240.0,38.33333,83.66667,0.45867,8.33333,26.0,0.293,21.0,25.33333,0.83333,6.66667,33.33333,40.0,21.33333,10.0,4.33333,15.0,23.66667,106.0,240.0,40.0,86.66667,0.46067,12.66667,36.66667,0.35033,20.33333,29.33333,0.7,11.66667,37.0,48.66667,25.66667,9.33333,5.66667,14.66667,18.66667,113.0,0,0.09967,-0.09967,0.35137,0.1861,0.53367,0.50714,0.60696,0.59157,1575.48499,1461.24886,0.35573,0.64427,3.29315,1.60154,0.66667,,,,
240.0,40.0,91.66667,0.43467,12.66667,36.33333,0.34167,7.66667,14.33333,0.533,13.0,36.33333,49.33333,27.0,7.33333,5.66667,16.66667,19.66667,100.33333,240.0,39.66667,87.0,0.45833,12.66667,33.0,0.37967,16.33333,21.33333,0.779,9.0,33.33333,42.33333,24.33333,8.66667,5.33333,13.33333,16.66667,108.33333,1,0.11842,-0.11842,0.24632,0.4099,0.53127,0.50223,0.59289,0.52734,1568.24595,1469.90389,0.38125,0.61875,2.84565,1.66714,1.0,240.0,43.0,89.33333,0.48,9.33333,34.0,0.277,10.0,14.33333,0.70333,10.0,38.66667,48.66667,22.0,6.66667,6.0,15.0,21.33333,105.33333,240.0,36.66667,89.33333,0.41067,15.0,42.0,0.34833,14.33333,20.0,0.713,11.66667,32.66667,44.33333,22.66667,6.66667,4.33333,14.0,15.66667,102.66667,1,-0.02829,0.02829,0.30323,0.3254,0.49525,0.53263,0.54859,0.56871,1495.3638,1586.1325,0.62123,0.37877,1.6532,2.87376,0.66667,,,,
240.0,45.66667,95.0,0.48,9.33333,29.66667,0.30767,13.66667,18.66667,0.75933,10.0,30.0,40.0,31.66667,7.33333,4.66667,12.66667,21.33333,114.33333,240.0,44.33333,85.33333,0.51867,15.0,31.0,0.482,23.33333,28.33333,0.82767,9.33333,35.66667,45.0,30.33333,8.0,6.0,16.66667,18.0,127.0,1,0.15606,-0.15606,0.36164,0.28057,0.60571,0.52885,0.69333,0.57564,1502.80173,1566.30902,0.60966,0.39034,1.67713,2.69523,1.0,240.0,45.66667,86.66667,0.52633,10.33333,31.66667,0.32933,10.0,14.0,0.718,9.66667,39.0,48.66667,24.33333,6.33333,4.0,16.33333,22.33333,111.66667,240.0,35.33333,87.33333,0.40467,16.33333,47.33333,0.34233,16.33333,21.66667,0.75033,10.0,28.0,38.0,22.33333,7.33333,2.66667,13.66667,17.33333,103.33333,1,-0.10807,0.10807,0.25836,0.34524,0.49819,0.58671,0.56109,0.62243,1487.43342,1577.89645,0.6098,0.3902,1.70104,2.82992,0.33333,,,,
240.0,41.33333,86.33333,0.47933,14.0,37.66667,0.37467,21.33333,29.33333,0.72867,9.0,33.0,42.0,20.0,8.0,3.33333,11.0,21.0,118.0,240.0,41.0,86.0,0.47567,14.33333,36.33333,0.37867,15.66667,20.33333,0.782,9.66667,32.66667,42.33333,23.66667,6.66667,4.0,15.66667,22.66667,112.0,0,-0.08121,0.08121,0.2938,0.2774,0.55802,0.56054,0.61793,0.63773,1469.36995,1475.03213,0.49637,0.50363,2.24425,2.19988,0.33333,240.0,44.33333,88.33333,0.50667,11.33333,32.66667,0.35267,15.33333,20.0,0.81467,4.33333,37.66667,42.0,27.33333,6.33333,5.33333,13.33333,20.33333,115.33333,240.0,43.66667,97.33333,0.44933,12.0,30.0,0.39867,19.33333,22.33333,0.867,12.33333,33.0,45.33333,27.0,6.66667,3.0,10.33333,17.33333,118.66667,0,0.04195,-0.04195,0.32911,0.13217,0.51072,0.57165,0.58072,0.62719,1568.08059,1450.37413,0.34842,0.65158,3.31325,1.57904,1.0,,,,
240.0,36.66667,86.33333,0.42433,9.0,27.66667,0.32533,14.66667,21.33333,0.71367,6.66667,33.66667,40.33333,17.0,8.0,6.66667,10.0,20.66667,97.0,240.0,37.66667,90.0,0.41833,9.0,31.33333,0.28533,19.33333,27.66667,0.71033,15.33333,38.66667,54.0,22.33333,6.0,4.66667,14.0,17.0,103.66667,0,0.09594,-0.09594,0.47515,0.17335,0.46819,0.47656,0.5398,0.5329,1487.85067,1338.26244,0.30288,0.69712,3.32782,1.43675,1.0,240.0,39.0,87.33333,0.44767,8.66667,24.33333,0.367,14.33333,23.33333,0.62567,10.66667,30.33333,41.0,22.66667,5.66667,4.0,11.66667,21.33333,101.0,240.0,38.66667,85.66667,0.45033,14.0,37.33333,0.37,16.33333,21.0,0.77767,12.66667,35.0,47.66667,24.66667,6.33333,5.66667,15.0,23.66667,107.66667,0,0.08398,-0.08398,0.45875,0.30747,0.53217,0.4974,0.5955,0.54688,1442.90886,1524.54172,0.62694,0.37306,1.60861,2.75756,0.66667,,,,
240.0,44.33333,92.0,0.483,12.0,32.66667,0.36867,18.0,23.0,0.80533,13.33333,35.33333,48.66667,31.66667,5.0,8.33333,12.66667,22.66667,118.66667,240.0,40.66667,96.0,0.42467,11.33333,32.66667,0.342,19.33333,24.66667,0.787,14.33333,30.33333,44.66667,25.33333,6.33333,3.33333,10.0,20.66667,112.0,1,-0.08656,0.08656,0.40411,0.43468,0.48453,0.54804,0.55296,0.61319,1485.96834,1649.5568,0.69781,0.30219,1.4822,4.54137,0.33333,240.0,41.33333,90.33333,0.45867,15.0,35.33333,0.467,17.0,20.33333,0.84667,10.0,34.33333,44.33333,24.0,4.0,6.0,12.0,23.33333,114.66667,240.0,41.33333,91.66667,0.45033,13.33333,36.66667,0.36467,21.66667,26.0,0.83233,11.33333,35.0,46.33333,20.0,6.33333,6.66667,10.0,20.66667,117.66667,1,0.03714,-0.03714,0.33528,0.29033,0.52338,0.54274,0.60443,0.6068,1490.64845,1471.84567,0.47985,0.52015,2.08825,1.92592,0.33333,,,,
240.0,42.66667,85.66667,0.498,12.33333,35.33333,0.34733,22.0,27.66667,0.796,7.33333,32.66667,40.0,27.0,8.66667,5.33333,12.66667,18.0,119.66667,240.0,43.33333,88.33333,0.491,14.33333,30.0,0.47567,16.33333,20.0,0.79433,9.0,31.66667,40.66667,24.66667,7.33333,3.33333,13.66667,21.0,117.33333,0,-0.02809,0.02809,0.27817,0.23175,0.57445,0.56981,0.6366,0.65134,1535.99743,1583.93443,0.56603,0.43397,1.76706,2.30507,0.33333,240.0,41.66667,94.0,0.44233,12.33333,34.0,0.351,11.33333,15.33333,0.68,12.66667,31.0,43.66667,26.33333,5.66667,4.33333,16.33333,19.66667,107.0,240.0,47.33333,89.33333,0.52967,13.33333,34.66667,0.38533,17.33333,22.0,0.79733,9.33333,34.66667,44.0,33.66667,8.66667,6.33333,11.0,17.66667,125.33333,0,0.22622,-0.22622,0.31957,0.39358,0.60399,0.50766,0.66527,0.55154,1654.53284,1503.34113,0.31007,0.68993,3.30722,1.45726,1.0,,,,
240.0,42.66667,95.0,0.45067,17.33333,48.33333,0.35567,16.0,18.66667,0.87567,12.66667,28.0,40.66667,19.66667,10.33333,3.66667,10.66667,18.66667,118.66667,240.0,44.33333,88.33333,0.503,9.33333,26.0,0.371,12.66667,18.33333,0.69567,14.0,32.33333,46.33333,27.0,6.0,4.0,16.33333,18.33333,110.66667,0,-0.10244,0.10244,0.50721,0.39283,0.55546,0.54136,0.60001,0.59964,1438.46539,1557.13164,0.65133,0.34867,1.56929,3.19531,0.33333,240.0,40.0,93.33333,0.42767,10.66667,31.66667,0.32967,23.66667,28.33333,0.83667,16.33333,30.0,46.33333,25.33333,10.33333,6.0,13.33333,16.66667,114.33333,240.0,44.66667,89.33333,0.50033,8.33333,24.66667,0.34167,11.0,16.0,0.68667,12.33333,30.66667,43.0,27.33333,6.66667,6.33333,18.66667,24.33333,108.66667,0,-0.07057,0.07057,0.42341,0.54392,0.54714,0.48461,0.58545,0.57412,1500.64842,1477.41603,0.45838,0.54162,2.47703,1.96232,0.33333,,,,
240.0,40.0,90.33333,0.443,7.0,23.66667,0.28667,14.33333,19.0,0.763,9.33333,33.33333,42.66667,25.66667,9.33333,3.0,10.33333,18.33333,101.33333,240.0,35.66667,81.0,0.43967,9.66667,31.0,0.32567,19.66667,24.0,0.82433,10.66667,38.0,48.66667,24.0,6.0,4.33333,18.0,19.0,100.66667,1,-0.01318,0.01318,0.32209,0.25619,0.49991,0.48144,0.5837,0.53574,1477.92575,1547.52443,0.59889,0.40111,1.69097,2.56182,0.33333,240.0,42.33333,92.66667,0.45833,16.33333,39.0,0.41733,23.66667,26.0,0.914,12.33333,37.0,49.33333,26.66667,7.66667,3.0,12.33333,19.0,124.66667,240.0,45.66667,94.0,0.48567,11.33333,35.33333,0.32067,18.33333,23.66667,0.79767,11.66667,33.0,44.66667,32.33333,7.0,6.0,12.0,19.33333,121.0,1,-0.03595,0.03595,0.31561,0.38079,0.54602,0.54693,0.60976,0.6353,1469.71551,1438.0801,0.44797,0.55203,2.73382,2.28254,0.33333,,,,
240.0,38.66667,84.66667,0.45933,14.0,37.0,0.37733,16.66667,21.33333,0.78167,6.66667,35.0,41.66667,22.0,3.0,2.66667,11.33333,23.66667,108.0,240.0,39.0,86.66667,0.44967,13.66667,40.33333,0.30833,22.66667,27.0,0.84467,9.33333,35.66667,45.0,25.33333,7.33333,5.33333,7.33333,23.0,114.33333,0,0.07478,-0.07478,0.26786,0.18465,0.52756,0.5432,0.61721,0.60931,1481.04693,1478.21942,0.50568,0.49432,2.2327,2.51859,0.66667,248.33333,42.0,88.33333,0.476,9.66667,30.0,0.328,24.0,29.66667,0.80733,10.0,35.33333,45.33333,26.66667,6.66667,4.66667,16.33333,24.0,117.66667,248.33333,45.66667,91.0,0.50633,11.66667,30.66667,0.39867,21.0,28.0,0.74467,10.66667,33.33333,44.0,28.66667,11.0,7.0,11.66667,26.0,124.0,0,0.07638,-0.07638,0.31439,0.3339,0.5705,0.53038,0.64452,0.62005,1506.91179,1386.9335,0.34613,0.65387,3.10901,1.56642,0.33333,,,,
240.0,41.0,87.0,0.46933,10.33333,25.0,0.42133,16.0,18.33333,0.85533,6.33333,30.0,36.33333,22.33333,5.33333,3.66667,15.0,17.33333,108.33333,240.0,50.33333,92.0,0.54633,14.33333,35.33333,0.40533,16.0,19.66667,0.82133,9.0,36.66667,45.66667,32.33333,10.66667,4.0,10.0,17.0,131.0,1,0.2749,-0.2749,0.31667,0.18879,0.62439,0.52945,0.67949,0.59496,1603.55029,1540.40192,0.43726,0.56274,2.31183,1.78743,1.0,240.0,36.66667,85.66667,0.42767,7.66667,32.66667,0.238,16.0,20.33333,0.824,14.0,34.0,48.0,22.66667,6.66667,3.66667,15.0,21.0,97.0,240.0,36.33333,84.0,0.43333,10.66667,31.66667,0.33267,16.33333,22.0,0.747,10.33333,31.66667,42.0,23.66667,7.33333,5.0,12.33333,21.33333,99.66667,1,0.03939,-0.03939,0.30495,0.45034,0.4965,0.47278,0.56086,0.53826,1429.51443,1547.73379,0.66723,0.33277,1.50118,3.02584,0.66667,,,,
240.0,38.66667,87.66667,0.441,10.33333,33.0,0.31033,18.0,23.33333,0.77667,8.33333,30.0,38.33333,25.0,9.0,4.66667,15.0,23.33333,105.66667,240.0,43.33333,87.0,0.50067,12.0,30.33333,0.40833,23.0,29.33333,0.76967,9.66667,38.33333,48.0,29.66667,10.33333,7.33333,13.0,23.33333,121.66667,1,0.20129,-0.20129,0.32108,0.21614,0.56985,0.49952,0.65272,0.56904,1372.57948,1287.49745,0.40394,0.59606,2.7482,1.74487,1.0,240.0,41.33333,86.66667,0.47867,12.33333,29.0,0.41633,15.66667,20.66667,0.75033,11.33333,33.33333,44.66667,23.33333,10.33333,4.33333,14.0,21.33333,110.66667,240.0,35.33333,81.66667,0.432,9.0,31.33333,0.28533,15.66667,22.33333,0.69267,10.0,31.0,41.0,22.33333,7.0,4.0,17.66667,19.33333,95.33333,1,-0.21017,0.21017,0.30228,0.35901,0.48695,0.55007,0.55191,0.60873,1464.39226,1543.09272,0.58401,0.41599,1.73287,2.45461,0.0,,,,
240.0,44.0,91.33333,0.483,10.66667,37.66667,0.28333,17.0,22.0,0.78033,10.0,43.0,53.0,26.0,6.33333,6.33333,12.66667,19.66667,115.66667,240.0,35.33333,95.0,0.37433,12.0,41.0,0.285,17.33333,22.0,0.78667,11.33333,34.66667,46.0,23.33333,6.33333,5.33333,13.33333,19.33333,100.0,1,-0.21095,0.21095,0.26256,0.29034,0.44019,0.54247,0.50503,0.60554,1446.53112,1686.07526,0.78628,0.21372,1.27603,4.95206,0.0,240.0,33.66667,84.66667,0.4,9.66667,31.0,0.324,13.66667,20.33333,0.61133,11.66667,27.33333,39.0,20.33333,8.0,3.33333,12.0,15.66667,90.66667,240.0,44.0,81.66667,0.53767,8.66667,24.33333,0.35833,10.0,12.66667,0.76667,6.0,35.33333,41.33333,27.33333,8.66667,6.66667,13.33333,18.33333,106.66667,1,0.23144,-0.23144,0.22198,0.33664,0.5906,0.45867,0.63147,0.51139,1575.88682,1418.74788,0.31938,0.68062,3.87183,1.51147,1.0,,,,
240.0,44.66667,88.33333,0.50767,9.33333,31.0,0.30467,15.33333,21.0,0.71967,9.33333,39.66667,49.0,26.66667,7.66667,7.33333,16.0,16.66667,114.0,240.0,41.0,96.66667,0.422,14.0,41.0,0.34467,11.66667,19.0,0.59867,13.0,32.66667,45.66667,25.33333,9.66667,2.66667,12.33333,18.0,107.66667,0,-0.09766,0.09766,0.33382,0.29979,0.49353,0.5612,0.53087,0.61723,1516.52382,1547.77343,0.53647,0.46353,1.89506,2.21385,0.33333,240.0,43.33333,86.0,0.507,14.0,36.33333,0.38767,18.33333,25.66667,0.72267,5.33333,33.33333,38.66667,29.33333,8.0,4.0,13.66667,21.0,119.0,240.0,45.33333,95.33333,0.48,14.33333,33.66667,0.42533,20.0,23.33333,0.85633,11.33333,33.66667,45.0,27.66667,7.0,3.66667,11.66667,18.66667,125.0,0,0.07004,-0.07004,0.33625,0.15399,0.55593,0.58851,0.62723,0.65265,1568.08059,1424.73754,0.31787,0.68213,3.49551,1.49018,1.0,,,,
240.0,46.33333,95.0,0.48767,15.33333,36.0,0.419,12.66667,20.66667,0.602,9.66667,33.66667,43.33333,30.33333,6.0,5.33333,13.0,21.33333,120.66667,240.0,47.33333,94.33333,0.50033,14.66667,34.66667,0.434,20.0,22.66667,0.89067,8.0,37.66667,45.66667,32.33333,8.33333,4.66667,11.66667,19.0,129.33333,0,0.09731,-0.09731,0.23856,0.25711,0.57846,0.56801,0.65038,0.60616,1518.28721,1469.45845,0.44313,0.55687,2.53292,2.00149,0.66667,240.0,46.0,97.33333,0.473,10.66667,32.33333,0.354,16.33333,19.0,0.86833,13.0,38.66667,51.66667,27.0,7.66667,7.33333,12.66667,18.33333,119.0,240.0,43.0,92.33333,0.46633,10.33333,28.33333,0.369,17.33333,20.0,0.83533,9.66667,36.33333,46.0,27.66667,7.66667,7.33333,13.0,17.33333,113.66667,0,-0.08672,0.08672,0.26613,0.35686,0.52228,0.52811,0.58688,0.58723,1525.40381,1540.49288,0.50838,0.49162,2.0272,2.11511,0.66667,,,,
240.0,39.66667,88.0,0.45033,10.66667,26.66667,0.42033,20.0,23.66667,0.85233,8.0,34.33333,42.33333,24.66667,6.66667,4.66667,10.0,17.66667,110.0,240.0,43.66667,91.0,0.48067,12.66667,31.66667,0.39667,17.33333,22.66667,0.75033,10.33333,38.66667,49.0,26.0,6.66667,4.0,10.66667,20.0,117.33333,0,0.09155,-0.09155,0.29724,0.213,0.55015,0.51117,0.61138,0.59001,1548.1865,1530.11851,0.48714,0.51286,2.17151,2.07003,0.66667,240.0,38.66667,83.66667,0.46433,11.0,27.33333,0.402,26.66667,34.66667,0.769,7.66667,37.66667,45.33333,27.33333,9.66667,6.66667,13.33333,19.66667,115.0,240.0,38.66667,93.33333,0.415,10.0,27.66667,0.363,17.33333,23.33333,0.72867,12.33333,36.66667,49.0,21.33333,8.66667,5.33333,15.33333,25.0,104.66667,0,-0.133,0.133,0.32515,0.20816,0.46909,0.52978,0.53258,0.63155,1302.07226,1585.12201,0.83063,0.16937,1.2058,6.12426,0.0,,,,
240.0,40.66667,95.0,0.428,9.66667,33.66667,0.28967,25.33333,30.66667,0.82733,13.0,33.66667,46.66667,23.66667,11.33333,3.33333,12.33333,24.33333,116.33333,240.0,43.33333,93.66667,0.463,12.66667,35.33333,0.35,23.0,26.0,0.88133,12.0,39.33333,51.33333,31.0,6.0,4.33333,15.33333,24.33333,122.33333,1,0.07446,-0.07446,0.36835,0.33087,0.53108,0.47882,0.61667,0.57158,1575.86165,1467.07077,0.35698,0.64302,2.90496,1.57207,1.0,256.66667,40.66667,89.66667,0.45033,12.0,31.0,0.37367,24.33333,30.66667,0.80433,11.0,39.66667,50.66667,23.33333,8.33333,7.0,20.33333,23.33333,117.66667,256.66667,46.33333,98.0,0.47367,17.0,41.0,0.41733,18.66667,25.33333,0.73167,9.66667,34.33333,44.0,27.0,14.0,4.66667,11.33333,27.33333,128.33333,1,0.14092,-0.14092,0.24362,0.32478,0.56145,0.51499,0.62184,0.60605,1608.89947,1523.45899,0.39382,0.60618,2.68479,1.67985,1.0,,,,
240.0,43.0,93.33333,0.461,12.0,32.0,0.37567,17.0,18.66667,0.89367,10.66667,44.0,54.66667,29.66667,6.0,8.33333,10.0,18.33333,115.0,240.0,34.66667,89.66667,0.39067,9.66667,32.0,0.30733,14.0,17.0,0.80767,8.33333,33.66667,42.0,22.0,5.0,7.33333,11.66667,17.66667,93.0,1,-0.31133,0.31133,0.18516,0.32552,0.44594,0.52525,0.50347,0.58978,1511.25116,1478.91558,0.41998,0.58002,3.08741,1.94832,0.0,240.0,42.0,87.0,0.482,15.33333,39.33333,0.38733,21.33333,26.33333,0.80233,6.0,34.66667,40.66667,29.0,6.33333,4.0,15.33333,22.66667,120.66667,240.0,44.66667,92.66667,0.48233,13.0,33.0,0.39267,23.0,27.33333,0.84867,9.33333,37.0,46.33333,29.33333,9.33333,4.66667,12.0,21.0,125.33333,1,0.05459,-0.05459,0.26068,0.16954,0.55254,0.57024,0.63557,0.65038,1629.45891,1483.96283,0.30496,0.69504,3.32929,1.44349,1.0,,,,
240.0,41.33333,86.33333,0.48167,9.0,31.0,0.29467,24.0,30.66667,0.781,12.0,35.33333,47.33333,27.33333,9.33333,5.66667,15.66667,21.66667,115.66667,240.0,41.0,93.33333,0.441,10.33333,32.33333,0.322,17.66667,22.33333,0.77867,11.66667,31.66667,43.33333,26.33333,10.0,4.33333,14.33333,21.66667,110.0,1,-0.07067,0.07067,0.32973,0.38225,0.49657,0.53411,0.56105,0.62475,1470.12478,1582.79566,0.63469,0.36531,1.7263,3.58954,0.33333,240.0,45.33333,94.0,0.48567,11.0,35.0,0.326,16.66667,20.33333,0.844,11.66667,36.66667,48.33333,30.66667,9.0,5.66667,15.33333,18.66667,118.33333,240.0,45.33333,94.0,0.48233,12.33333,31.66667,0.394,12.66667,16.0,0.785,10.0,34.66667,44.66667,29.0,8.66667,6.33333,15.0,17.33333,115.66667,1,-0.05534,0.05534,0.28867,0.32927,0.54794,0.54478,0.59196,0.60478,1519.5638,1520.11933,0.4938,0.5062,2.09871,2.06647,0.66667,,,,
240.0,39.0,80.0,0.489,7.66667,24.0,0.29767,19.0,23.33333,0.80733,8.33333,29.66667,38.0,22.66667,8.0,5.33333,18.66667,22.33333,104.66667,240.0,45.33333,91.0,0.49933,12.0,28.33333,0.423,16.66667,23.33333,0.72433,13.33333,26.66667,40.0,28.66667,10.0,6.33333,13.33333,21.0,119.33333,0,0.2024,-0.2024,0.45793,0.30591,0.56492,0.53636,0.62149,0.61544,1548.98688,1314.04255,0.21333,0.78667,4.79537,1.2736,1.0,240.0,41.66667,95.33333,0.437,13.33333,38.66667,0.33533,15.0,19.33333,0.77433,13.0,32.66667,45.66667,20.33333,8.33333,6.0,12.33333,20.0,111.66667,240.0,42.0,90.33333,0.46533,11.0,30.33333,0.36167,15.0,22.66667,0.65633,12.66667,36.66667,49.33333,21.66667,7.0,5.33333,14.33333,19.0,110.0,0,-0.02056,0.02056,0.40363,0.3543,0.52597,0.50627,0.57713,0.55908,1471.69507,1530.67642,0.58429,0.41571,1.72532,2.44131,0.66667,,,,
240.0,46.33333,94.0,0.499,10.0,28.0,0.35233,19.33333,22.33333,0.85967,14.66667,38.0,52.66667,24.66667,6.66667,7.0,12.33333,22.66667,122.0,240.0,38.33333,89.33333,0.43,9.66667,31.33333,0.317,21.66667,26.66667,0.81333,10.66667,30.0,40.66667,25.33333,4.33333,2.66667,10.0,20.66667,108.0,1,-0.17628,0.17628,0.2773,0.48883,0.4842,0.55704,0.56814,0.62662,1436.68654,1593.14913,0.67684,0.32316,1.55249,4.09166,0.0,240.0,42.0,88.33333,0.47333,15.66667,37.0,0.42067,21.0,30.66667,0.633,8.66667,35.66667,44.33333,27.33333,6.0,4.33333,12.0,21.33333,120.66667,240.0,43.33333,91.33333,0.47467,13.66667,34.33333,0.39233,19.0,22.0,0.86867,9.66667,37.0,46.66667,29.33333,8.0,3.33333,12.0,22.33333,119.33333,1,-0.01503,0.01503,0.28065,0.23423,0.54986,0.56081,0.6211,0.63427,1618.55053,1482.8409,0.30745,0.69255,3.25445,1.44412,0.33333,,,,
240.0,48.33333,90.33333,0.53367,14.33333,34.33333,0.42067,14.0,17.33333,0.812,7.0,31.66667,38.66667,34.33333,6.33333,5.33333,17.0,22.33333,125.0,240.0,49.66667,91.66667,0.54167,13.33333,29.66667,0.437,18.66667,25.0,0.75367,10.66667,31.66667,42.33333,28.66667,9.33333,3.33333,13.66667,18.66667,131.33333,0,0.06981,-0.06981,0.33586,0.22848,0.61542,0.61319,0.67684,0.66293,1511.47486,1465.54662,0.45188,0.54812,2.69167,2.00392,0.66667,240.0,41.0,85.33333,0.48133,12.0,30.33333,0.341,17.0,21.33333,0.783,6.33333,32.66667,39.0,23.0,8.66667,5.33333,15.0,19.33333,111.0,240.0,43.33333,93.0,0.466,8.33333,30.33333,0.274,18.33333,21.33333,0.86167,9.66667,35.33333,45.0,23.0,10.33333,4.0,14.33333,21.33333,113.33333,0,0.02153,-0.02153,0.31003,0.18122,0.51106,0.55228,0.57955,0.61804,1616.29171,1544.70875,0.4083,0.5917,2.68737,1.78002,0.66667,,,,
240.0,48.33333,91.33333,0.528,13.66667,33.33333,0.412,15.0,18.66667,0.81267,5.66667,32.66667,38.33333,34.33333,6.66667,4.0,14.33333,22.66667,125.33333,240.0,50.0,91.33333,0.54767,13.33333,29.0,0.445,16.33333,26.0,0.62067,9.66667,32.66667,42.33333,30.33333,8.33333,3.33333,13.33333,18.66667,129.66667,0,0.04524,-0.04524,0.29545,0.19147,0.62179,0.60265,0.66836,0.65582,1447.59425,1464.34433,0.53162,0.46838,2.47613,2.61627,0.66667,240.0,38.66667,84.0,0.461,8.66667,23.33333,0.37967,19.66667,32.33333,0.599,10.33333,29.0,39.33333,24.0,7.0,4.0,12.66667,22.0,105.66667,240.0,41.66667,85.66667,0.485,15.33333,36.33333,0.42333,18.0,23.0,0.781,11.33333,34.33333,45.66667,25.66667,5.66667,6.0,15.33333,24.66667,116.66667,0,0.1363,-0.1363,0.43368,0.30361,0.5748,0.51231,0.64178,0.58129,1452.52159,1461.58068,0.53532,0.46468,2.14528,2.452,0.66667,,,,
240.0,41.66667,85.66667,0.487,11.33333,27.0,0.41567,20.0,22.66667,0.88633,7.0,36.66667,43.66667,21.66667,8.33333,6.0,13.0,20.0,114.66667,240.0,40.33333,89.66667,0.45233,12.0,34.0,0.354,14.66667,19.33333,0.78967,8.66667,33.0,41.66667,25.33333,6.66667,4.0,13.66667,17.33333,107.33333,1,-0.09259,0.09259,0.24271,0.22002,0.52023,0.55301,0.57376,0.63305,1461.28383,1377.48829,0.36557,0.63443,2.81111,1.5934,0.0,248.33333,43.66667,96.66667,0.452,13.33333,38.33333,0.34733,19.33333,27.0,0.73,8.33333,35.66667,44.0,24.66667,9.33333,5.0,8.66667,24.66667,120.0,248.33333,42.33333,96.0,0.44267,14.66667,34.66667,0.418,25.0,29.66667,0.84267,13.33333,40.66667,54.0,25.0,5.0,6.33333,14.33333,23.66667,124.33333,1,0.0518,-0.0518,0.37022,0.20655,0.52067,0.52137,0.60965,0.58522,1339.46773,1428.33038,0.6237,0.3763,1.70531,3.02225,0.66667,,,,
240.0,41.66667,94.0,0.44567,12.33333,32.66667,0.381,12.66667,16.0,0.80167,8.66667,32.33333,41.0,23.0,8.66667,6.33333,6.33333,18.66667,108.33333,240.0,41.0,85.33333,0.48067,11.66667,32.0,0.364,17.33333,22.0,0.792,10.0,40.33333,50.33333,22.66667,4.33333,3.0,14.0,17.66667,111.0,0,0.03164,-0.03164,0.32098,0.21166,0.54867,0.51141,0.61531,0.55811,1550.14853,1611.85028,0.58502,0.41498,1.83839,2.96302,0.66667,240.0,40.66667,88.0,0.46167,13.33333,37.66667,0.35433,22.0,27.0,0.81167,8.33333,39.33333,47.66667,27.66667,6.33333,5.66667,14.66667,22.0,116.66667,240.0,40.66667,92.33333,0.44067,13.66667,32.0,0.427,20.66667,25.33333,0.81067,9.66667,37.33333,47.0,28.66667,7.33333,4.33333,12.0,22.33333,115.66667,0,-0.02154,0.02154,0.24658,0.23303,0.51441,0.53761,0.58961,0.62124,1626.77804,1504.17834,0.32463,0.67537,3.11291,1.48405,0.66667,,,,
240.0,39.0,87.0,0.44833,8.66667,17.66667,0.42333,17.33333,21.66667,0.792,8.0,32.0,40.0,21.0,7.33333,6.33333,14.33333,22.33333,104.0,240.0,43.66667,91.33333,0.47967,11.0,32.33333,0.34633,19.0,22.66667,0.83433,11.33333,36.0,47.33333,22.0,11.0,8.66667,12.66667,22.33333,117.33333,1,0.18064,-0.18064,0.36199,0.22486,0.54009,0.49833,0.61039,0.56682,1562.6912,1499.92262,0.43366,0.56634,2.34293,1.78364,0.66667,240.0,44.66667,92.66667,0.48067,16.33333,38.66667,0.42067,11.66667,19.66667,0.51767,9.33333,29.33333,38.66667,26.66667,8.0,5.33333,10.33333,18.0,117.33333,240.0,50.0,91.66667,0.546,13.66667,33.66667,0.40567,15.66667,17.66667,0.88,9.33333,37.0,46.33333,35.0,8.33333,6.0,10.66667,17.33333,129.33333,1,0.15544,-0.15544,0.33154,0.25811,0.62051,0.56844,0.67709,0.60212,1623.34485,1522.04453,0.3699,0.6301,2.78955,1.60608,0.66667,,,,
265.0,43.66667,97.33333,0.44867,16.0,41.33333,0.38367,17.33333,22.66667,0.76667,9.66667,37.33333,47.0,29.0,5.33333,6.0,16.66667,17.33333,120.66667,265.0,48.33333,102.0,0.47633,12.33333,33.33333,0.363,13.66667,16.66667,0.81833,10.0,38.66667,48.66667,30.66667,10.0,5.0,14.0,23.33333,122.66667,1,0.04303,-0.04303,0.25602,0.24786,0.53558,0.53126,0.58237,0.58822,1444.35854,1468.21757,0.53882,0.46118,2.22452,2.60192,0.66667,240.0,42.0,88.33333,0.47833,12.33333,29.0,0.46033,18.66667,20.0,0.92367,9.0,34.33333,43.33333,23.0,3.66667,4.66667,11.33333,21.33333,115.0,240.0,42.66667,90.33333,0.474,14.0,35.66667,0.39633,21.66667,25.66667,0.842,10.33333,34.0,44.33333,23.33333,7.0,5.66667,8.0,20.0,121.0,1,0.07314,-0.07314,0.30302,0.26688,0.55221,0.54827,0.63317,0.62385,1494.63432,1437.21996,0.42992,0.57008,2.44808,1.79413,0.66667,,,,
240.0,36.66667,90.66667,0.406,10.0,37.66667,0.252,19.33333,25.66667,0.75567,14.66667,29.66667,44.33333,21.0,8.33333,4.33333,8.66667,17.0,102.66667,240.0,44.0,84.0,0.52367,13.0,32.33333,0.39333,14.33333,18.0,0.799,7.66667,34.0,41.66667,27.66667,6.33333,4.0,12.33333,18.33333,115.33333,1,0.18204,-0.18204,0.26235,0.43726,0.59933,0.46229,0.6546,0.53677,1480.83395,1490.43336,0.52611,0.47389,2.00673,2.2837,0.66667,240.0,41.66667,99.0,0.42033,7.33333,31.0,0.22767,17.0,19.66667,0.877,15.33333,39.33333,54.66667,22.33333,7.66667,6.33333,13.66667,21.33333,107.66667,240.0,36.66667,86.0,0.42733,11.33333,40.33333,0.26767,20.66667,27.0,0.76267,8.33333,38.66667,47.0,23.33333,5.33333,3.33333,14.33333,20.33333,105.33333,1,-0.0166,0.0166,0.20995,0.41191,0.49487,0.45749,0.57461,0.51979,1465.77022,1515.24104,0.57724,0.42276,1.76838,2.45232,0.33333,,,,
240.0,42.66667,81.33333,0.52433,10.33333,23.66667,0.432,20.33333,23.33333,0.86733,7.0,36.0,43.0,24.33333,5.0,3.33333,12.66667,20.33333,116.0,240.0,38.66667,88.33333,0.44033,13.0,38.33333,0.347,16.33333,19.33333,0.83067,10.0,28.66667,38.66667,24.33333,7.0,1.66667,10.33333,20.66667,106.66667,1,-0.13108,0.13108,0.28725,0.24961,0.51441,0.58724,0.57836,0.66994,1479.31138,1358.79238,0.30049,0.69951,3.34588,1.43094,0.33333,240.0,37.33333,94.66667,0.393,8.0,31.66667,0.259,14.0,18.0,0.79233,12.33333,33.66667,46.0,21.33333,6.66667,3.33333,12.66667,16.33333,96.66667,240.0,44.66667,89.66667,0.5,12.66667,30.66667,0.40967,15.0,17.66667,0.84133,8.33333,38.33333,46.66667,26.66667,7.33333,7.0,11.33333,16.0,117.0,1,0.27768,-0.27768,0.26235,0.33871,0.57064,0.43502,0.62739,0.48934,1462.45629,1495.36675,0.57792,0.42208,1.74825,2.4111,1.0,,,,
240.0,36.66667,89.0,0.414,13.66667,36.0,0.38067,13.0,16.33333,0.73033,11.33333,33.33333,44.66667,23.33333,4.66667,2.66667,11.33333,14.0,100.0,240.0,43.33333,88.0,0.493,10.0,29.0,0.345,11.66667,14.33333,0.78733,8.0,38.0,46.0,29.33333,7.66667,5.66667,11.66667,16.33333,108.33333,1,0.11569,-0.11569,0.2419,0.29673,0.54961,0.49212,0.59414,0.54117,1457.87466,1274.37171,0.27742,0.72258,4.30684,1.42144,0.66667,240.0,40.66667,90.0,0.452,9.33333,26.66667,0.35067,21.33333,27.66667,0.76367,11.0,35.33333,46.33333,22.0,7.33333,6.33333,12.0,20.33333,112.0,240.0,41.66667,91.0,0.45567,11.33333,30.0,0.36767,19.33333,25.0,0.77,11.33333,37.66667,49.0,19.0,7.66667,7.33333,12.0,21.33333,114.0,1,0.02102,-0.02102,0.32063,0.29406,0.51744,0.5044,0.58936,0.58268,1312.6349,1525.5376,0.77857,0.22143,1.28469,4.52797,0.66667,,,,
240.0,37.66667,84.0,0.45,5.66667,24.66667,0.22167,18.66667,24.66667,0.76067,10.0,32.0,42.0,23.0,6.33333,3.33333,18.33333,26.33333,99.66667,240.0,43.33333,84.0,0.51567,10.33333,27.0,0.39433,25.33333,35.33333,0.71667,10.0,35.0,45.0,29.33333,12.33333,8.33333,12.0,21.33333,122.33333,0,0.2977,-0.2977,0.31528,0.28092,0.57738,0.48295,0.66702,0.55773,1516.38656,1300.79061,0.23817,0.76183,4.31535,1.31583,1.0,265.0,44.66667,95.66667,0.46833,11.33333,32.33333,0.33833,17.66667,22.66667,0.805,11.33333,38.0,49.33333,27.0,7.33333,10.66667,13.66667,18.0,118.33333,265.0,44.0,103.66667,0.42233,13.66667,39.66667,0.34,12.33333,15.0,0.83067,16.66667,36.66667,53.33333,25.33333,6.33333,2.0,15.0,23.33333,114.0,0,-0.05034,0.05034,0.44083,0.30556,0.48741,0.52569,0.53036,0.58631,1271.60364,1462.25803,0.72438,0.27562,1.4357,4.83849,0.33333,,,,
240.0,46.0,98.66667,0.46733,11.0,32.66667,0.32667,15.0,19.66667,0.791,13.66667,36.66667,50.33333,33.0,7.66667,4.33333,12.66667,23.66667,118.0,240.0,39.66667,84.0,0.472,13.0,32.33333,0.41933,26.33333,32.66667,0.807,6.33333,35.0,41.33333,26.0,7.66667,4.0,15.0,18.33333,118.66667,0,0.00367,-0.00367,0.17477,0.39048,0.54835,0.52257,0.65058,0.57349,1507.32171,1570.67491,0.58711,0.41289,1.7267,2.47874,0.66667,240.0,39.66667,94.66667,0.421,10.66667,34.0,0.30733,11.0,14.33333,0.82733,8.0,34.66667,42.66667,20.66667,6.33333,3.0,8.66667,16.33333,101.0,240.0,43.66667,88.0,0.49733,8.66667,19.66667,0.447,15.33333,20.0,0.77167,9.33333,42.0,51.33333,22.66667,5.33333,5.0,10.66667,15.33333,111.33333,0,0.14198,-0.14198,0.26864,0.19371,0.54657,0.47644,0.60312,0.51738,1531.06771,1536.77914,0.52314,0.47686,1.95188,2.16375,1.0,,,,
240.0,37.33333,77.0,0.48567,10.0,28.0,0.35133,33.66667,40.33333,0.83467,7.0,38.0,45.0,24.33333,7.33333,4.0,20.33333,28.33333,118.33333,240.0,39.66667,90.66667,0.43767,8.0,25.33333,0.32,28.66667,34.33333,0.83333,11.66667,31.0,42.66667,23.0,11.0,3.33333,11.66667,27.33333,116.0,0,-0.03304,0.03304,0.33323,0.23263,0.48168,0.5505,0.59058,0.69069,1519.48129,1500.41843,0.4692,0.5308,2.29524,1.9917,0.33333,240.0,40.33333,86.66667,0.46533,12.0,36.33333,0.327,16.33333,21.66667,0.736,9.33333,31.0,40.33333,25.33333,9.33333,3.0,12.66667,21.0,109.0,240.0,44.66667,90.0,0.50133,12.66667,33.0,0.38067,17.66667,20.33333,0.86533,11.33333,33.33333,44.66667,30.0,7.0,3.66667,12.0,16.66667,119.66667,0,0.14151,-0.14151,0.39603,0.29316,0.57304,0.5346,0.63862,0.59477,1579.70371,1488.58182,0.38823,0.61177,2.59287,1.63932,1.0,,,,
240.0,41.33333,91.66667,0.45633,14.66667,37.0,0.398,15.0,20.33333,0.76933,8.33333,33.66667,42.0,20.0,7.66667,4.0,9.0,19.66667,112.33333,240.0,40.0,83.66667,0.47833,12.0,29.0,0.41833,15.66667,21.0,0.75067,8.66667,36.33333,45.0,21.0,5.0,5.66667,13.66667,19.0,107.66667,1,-0.05661,0.05661,0.25698,0.24287,0.54862,0.53689,0.60904,0.58997,1433.11681,1477.64921,0.55356,0.44644,1.85291,2.35761,0.33333,240.0,39.66667,84.0,0.475,11.0,28.66667,0.378,19.0,25.0,0.75967,10.66667,31.33333,42.0,23.33333,8.0,6.0,14.0,21.0,109.33333,240.0,39.33333,87.33333,0.451,14.0,37.33333,0.37467,18.33333,23.0,0.78933,12.33333,35.33333,47.66667,27.0,7.0,2.66667,13.33333,23.0,111.0,1,0.02815,-0.02815,0.40123,0.29508,0.53115,0.54263,0.60108,0.61542,1275.75712,1433.08968,0.69666,0.30334,1.49008,4.21743,0.66667,,,,
240.0,42.66667,91.0,0.471,12.33333,36.0,0.34267,17.33333,22.0,0.81633,13.33333,35.66667,49.0,30.33333,5.0,8.66667,13.66667,22.33333,115.0,240.0,40.66667,95.0,0.42933,9.66667,33.66667,0.27933,24.33333,30.0,0.81533,14.0,30.66667,44.66667,23.33333,9.33333,3.66667,9.0,18.33333,115.33333,0,0.00112,-0.00112,0.3922,0.42934,0.48075,0.53864,0.56926,0.60256,1456.73684,1648.58712,0.7424,0.2576,1.3718,4.89581,0.33333,240.0,41.66667,86.0,0.486,11.33333,29.66667,0.374,18.0,22.66667,0.78467,9.33333,31.66667,41.0,25.66667,10.0,3.33333,13.66667,21.33333,112.66667,240.0,37.66667,83.33333,0.44833,8.33333,29.0,0.28667,18.0,24.33333,0.745,11.0,29.0,40.0,23.33333,8.0,4.66667,16.66667,20.33333,101.66667,0,-0.15187,0.15187,0.34901,0.31641,0.49889,0.55248,0.572,0.6208,1459.41419,1438.76698,0.45888,0.54112,2.4499,1.97064,0.0,,,,
240.0,41.66667,95.33333,0.43767,17.0,48.33333,0.34767,14.33333,15.33333,0.93333,10.0,29.33333,39.33333,19.33333,8.66667,4.66667,11.33333,21.66667,114.66667,240.0,42.0,89.0,0.47167,9.66667,27.66667,0.36667,17.33333,23.33333,0.72767,15.0,35.0,50.0,24.66667,4.33333,5.0,16.33333,17.33333,111.0,1,-0.04651,0.04651,0.52473,0.29094,0.52579,0.52594,0.58995,0.58053,1489.45349,1562.3932,0.59977,0.40023,1.67147,2.51281,0.66667,240.0,44.0,97.0,0.454,12.66667,34.0,0.369,15.66667,21.0,0.68533,14.0,37.0,51.0,26.0,6.33333,3.66667,15.0,22.33333,116.33333,240.0,43.66667,88.33333,0.496,15.0,41.0,0.36367,17.66667,23.66667,0.74367,6.66667,35.0,41.66667,29.66667,8.33333,7.66667,11.0,20.66667,120.0,1,0.04604,-0.04604,0.18513,0.42187,0.58059,0.51881,0.64257,0.5732,1654.93194,1510.55529,0.30885,0.69115,3.35964,1.45956,1.0,,,,
240.0,42.66667,91.0,0.47167,16.0,39.33333,0.414,21.0,26.33333,0.79567,12.66667,35.0,47.66667,24.33333,8.0,3.66667,15.66667,22.33333,122.33333,240.0,46.33333,93.33333,0.49767,12.0,35.0,0.34467,18.33333,25.66667,0.69333,11.33333,31.33333,42.66667,32.0,8.0,6.33333,11.0,21.66667,123.0,0,0.01018,-0.01018,0.32504,0.43704,0.56188,0.56,0.62263,0.63442,1455.98853,1358.56272,0.37228,0.62772,3.07424,1.68093,0.33333,240.0,40.33333,84.0,0.47967,11.66667,33.66667,0.34433,21.66667,27.33333,0.79267,9.33333,37.66667,47.0,22.66667,6.66667,5.0,18.0,19.33333,114.0,240.0,39.66667,92.33333,0.431,19.33333,53.66667,0.35933,17.33333,23.0,0.76933,10.33333,30.33333,40.66667,22.66667,11.33333,5.66667,11.0,24.0,116.0,0,0.02752,-0.02752,0.27596,0.30393,0.53593,0.55069,0.59786,0.63472,1555.83821,1544.01318,0.4949,0.5051,2.06052,2.01432,0.33333,,,,
240.0,42.0,87.66667,0.48133,9.33333,25.66667,0.363,14.33333,21.0,0.68333,11.33333,31.0,42.33333,26.66667,11.0,2.33333,15.0,19.33333,107.66667,240.0,37.0,80.0,0.46267,10.33333,34.33333,0.30267,18.0,23.66667,0.75933,10.33333,33.0,43.33333,24.66667,9.66667,4.33333,20.33333,20.33333,102.33333,0,-0.07487,0.07487,0.33071,0.37157,0.52772,0.53477,0.60157,0.5852,1486.70668,1560.46358,0.59824,0.40176,1.69241,2.55564,0.0,240.0,39.33333,84.66667,0.465,10.0,29.66667,0.33267,17.33333,27.33333,0.63867,9.0,27.0,36.0,27.0,7.66667,4.33333,13.33333,21.0,106.0,240.0,44.66667,86.33333,0.517,14.66667,34.33333,0.42733,19.33333,23.33333,0.83333,12.33333,36.66667,49.0,27.0,5.66667,5.33333,16.0,22.66667,123.33333,0,0.21888,-0.21888,0.47997,0.24673,0.60207,0.52383,0.67421,0.58623,1465.30815,1444.91691,0.50251,0.49749,2.25483,2.2884,1.0,,,,
240.0,38.33333,84.66667,0.45267,8.66667,26.33333,0.32467,19.0,29.0,0.65867,10.33333,35.33333,45.66667,21.33333,7.66667,7.66667,12.33333,20.66667,104.33333,240.0,37.66667,90.66667,0.417,12.33333,37.33333,0.338,18.33333,22.33333,0.82567,12.66667,35.0,47.66667,21.0,5.66667,4.0,14.0,22.33333,106.0,0,0.01376,-0.01376,0.36515,0.29899,0.48507,0.50399,0.55565,0.57399,1358.34207,1303.94964,0.42632,0.57368,2.49514,1.79876,0.66667,248.33333,39.66667,84.66667,0.46967,11.0,30.66667,0.35967,23.66667,29.0,0.81633,7.33333,38.33333,45.66667,26.66667,5.33333,5.66667,16.33333,22.33333,114.0,248.33333,47.0,96.0,0.49567,14.0,36.66667,0.40133,17.0,24.66667,0.69433,9.33333,35.33333,44.66667,30.66667,11.33333,7.0,8.0,24.66667,125.0,0,0.1335,-0.1335,0.24391,0.20917,0.56844,0.53563,0.62277,0.62833,1502.52597,1414.26999,0.39172,0.60828,2.78632,1.68729,0.66667,,,,
240.0,40.66667,88.0,0.462,9.66667,31.66667,0.30233,17.66667,29.0,0.609,15.0,34.66667,49.66667,25.33333,4.0,5.33333,14.33333,21.66667,108.66667,240.0,42.33333,90.66667,0.46667,12.66667,32.33333,0.386,17.66667,24.0,0.752,10.66667,32.33333,43.0,27.33333,8.0,4.33333,9.66667,23.66667,115.0,0,0.08716,-0.08716,0.30611,0.46808,0.53603,0.51775,0.59809,0.57633,1453.81981,1529.11529,0.60933,0.39067,1.7422,2.87046,0.66667,240.0,38.66667,88.66667,0.43567,11.33333,34.33333,0.32633,21.0,25.0,0.85433,10.33333,30.66667,41.0,23.33333,10.33333,6.66667,14.0,21.0,109.66667,240.0,42.66667,89.0,0.479,8.33333,25.33333,0.33533,17.0,22.33333,0.745,13.33333,33.0,46.33333,25.33333,6.33333,6.0,18.0,22.33333,110.66667,0,0.01581,-0.01581,0.44679,0.33551,0.52603,0.49872,0.58955,0.58158,1488.53022,1486.47877,0.49445,0.50555,2.37,2.17335,0.66667,,,,
240.0,38.0,80.33333,0.475,10.0,25.33333,0.389,25.66667,32.66667,0.75967,7.66667,33.0,40.66667,25.0,9.33333,4.66667,19.0,24.66667,111.66667,240.0,45.0,89.66667,0.503,8.0,22.0,0.36267,21.33333,26.0,0.819,10.33333,33.33333,43.66667,25.0,12.66667,5.33333,14.33333,23.66667,119.33333,1,0.10491,-0.10491,0.33234,0.23501,0.54777,0.53848,0.62637,0.64104,1571.83216,1496.00467,0.40312,0.59688,2.55076,1.69457,0.66667,240.0,36.33333,86.33333,0.42067,9.33333,27.66667,0.37033,19.33333,25.33333,0.77867,14.33333,35.66667,50.0,24.66667,5.33333,4.66667,12.33333,19.66667,101.33333,240.0,39.33333,87.66667,0.44833,10.33333,29.0,0.35,15.66667,21.0,0.74833,10.0,34.0,44.0,23.33333,7.33333,4.66667,10.0,21.66667,104.66667,1,0.05035,-0.05035,0.27861,0.44277,0.50747,0.47481,0.56702,0.55129,1429.11787,1531.40037,0.64709,0.35291,1.54571,2.83564,0.66667,,,,
240.0,42.0,89.33333,0.47167,13.0,35.33333,0.364,8.66667,13.33333,0.625,11.66667,37.0,48.66667,26.33333,8.0,4.0,16.66667,19.33333,105.66667,240.0,38.66667,86.33333,0.45,14.66667,41.66667,0.36033,16.0,20.33333,0.79833,9.0,30.66667,39.66667,26.33333,8.33333,3.66667,13.0,16.66667,108.0,0,0.03955,-0.03955,0.24194,0.39138,0.53477,0.54322,0.59619,0.57462,1569.5587,1468.81598,0.36674,0.63326,2.90527,1.61044,0.66667,240.0,45.0,91.66667,0.49033,9.66667,27.33333,0.34967,14.33333,17.66667,0.82333,8.33333,33.0,41.33333,30.0,5.66667,3.33333,11.0,21.0,114.0,240.0,44.66667,85.0,0.52167,10.33333,24.33333,0.42933,23.33333,28.33333,0.82667,8.0,35.66667,43.66667,25.66667,7.0,3.66667,12.66667,16.33333,123.0,0,0.10094,-0.10094,0.24255,0.23398,0.58234,0.54365,0.67258,0.59662,1581.91023,1548.08516,0.46626,0.53374,2.20863,1.90956,0.66667,,,,
240.0,42.33333,86.33333,0.48833,10.33333,35.0,0.29467,18.33333,23.33333,0.795,8.33333,42.33333,50.66667,23.66667,5.66667,5.0,13.0,17.66667,113.33333,240.0,36.66667,90.33333,0.40633,13.66667,36.0,0.36867,14.0,17.66667,0.802,7.33333,34.33333,41.66667,23.0,6.66667,3.66667,12.66667,20.0,101.0,1,-0.16509,0.16509,0.1731,0.25081,0.48326,0.54878,0.53725,0.61994,1478.94393,1682.98993,0.74721,0.25279,1.3578,4.51961,0.0,240.0,42.0,87.0,0.48233,11.0,32.66667,0.33867,17.66667,22.33333,0.785,5.66667,32.0,37.66667,27.66667,7.0,6.33333,10.66667,18.33333,112.66667,240.0,43.0,88.0,0.494,9.66667,26.0,0.37367,20.0,22.66667,0.88967,9.66667,37.0,46.66667,26.0,4.66667,2.33333,13.33333,21.0,115.66667,1,0.03023,-0.03023,0.32459,0.15298,0.54902,0.54614,0.62719,0.61388,1376.66578,1566.1398,0.74626,0.25374,1.37583,4.72097,0.66667,,,,
240.0,44.33333,92.33333,0.48033,10.0,23.66667,0.424,16.0,22.0,0.74933,11.0,33.66667,44.66667,22.33333,9.0,6.66667,13.33333,19.66667,114.66667,240.0,41.66667,86.66667,0.48167,10.33333,28.33333,0.36733,22.33333,25.0,0.88967,8.66667,35.66667,44.33333,21.66667,8.33333,7.33333,14.66667,19.66667,116.0,0,0.0129,-0.0129,0.26802,0.32196,0.54153,0.53486,0.63007,0.59093,1428.41126,1526.74378,0.63303,0.36697,1.64953,3.1247,0.66667,240.0,43.66667,96.0,0.45733,13.66667,34.66667,0.393,8.66667,10.33333,0.836,9.66667,39.33333,49.0,27.0,7.33333,7.33333,14.33333,19.33333,109.66667,240.0,41.33333,92.0,0.44933,13.0,34.66667,0.38767,14.0,19.33333,0.73367,9.66667,37.0,46.66667,24.0,8.33333,5.0,13.0,15.66667,109.66667,0,-0.03281,0.03281,0.24561,0.26644,0.52073,0.5288,0.56898,0.56011,1681.02238,1515.0688,0.27435,0.72565,4.08584,1.40707,0.66667,,,,
240.0,43.0,96.33333,0.44667,9.33333,28.0,0.33833,24.66667,32.0,0.77367,10.33333,37.33333,47.66667,25.66667,9.66667,3.66667,11.33333,22.66667,120.0,240.0,42.66667,99.33333,0.431,13.66667,41.0,0.325,21.33333,25.66667,0.833,12.66667,41.0,53.66667,25.0,4.66667,6.0,14.0,23.66667,120.33333,0,0.00356,-0.00356,0.34076,0.25355,0.50036,0.4951,0.57516,0.58069,1608.41362,1474.2759,0.31702,0.68298,3.19223,1.4679,0.66667,240.0,39.66667,86.33333,0.46467,14.66667,38.33333,0.38867,18.66667,22.0,0.83633,12.0,28.66667,40.66667,25.33333,5.33333,3.66667,13.33333,20.66667,112.66667,240.0,46.0,89.66667,0.51267,9.0,24.0,0.38567,18.0,23.0,0.762,12.33333,31.66667,44.0,28.66667,8.0,3.33333,10.0,16.66667,119.0,0,0.07546,-0.07546,0.44527,0.3742,0.56309,0.54909,0.62735,0.6253,1531.23507,1549.02274,0.54015,0.45985,1.86704,2.19723,0.66667,,,,
240.0,42.33333,92.33333,0.459,13.33333,35.0,0.382,20.33333,23.33333,0.866,11.66667,41.33333,53.0,30.0,6.33333,8.33333,10.0,17.0,118.33333,240.0,37.0,88.33333,0.42133,11.33333,29.66667,0.38133,12.66667,15.66667,0.792,6.33333,32.66667,39.0,26.0,5.33333,5.33333,12.66667,19.0,98.0,0,-0.276,0.276,0.15183,0.35971,0.48598,0.53098,0.5373,0.6071,1493.77669,1496.53304,0.46842,0.53158,2.30908,2.03759,0.0,240.0,41.66667,86.33333,0.48533,8.33333,23.66667,0.352,28.0,35.33333,0.794,9.0,37.33333,46.33333,24.33333,8.0,6.33333,11.66667,21.33333,119.66667,240.0,42.33333,94.66667,0.44667,12.0,31.66667,0.37367,18.33333,23.33333,0.78133,11.33333,35.0,46.33333,22.33333,6.66667,6.33333,12.66667,25.33333,115.0,0,-0.06273,0.06273,0.30112,0.25492,0.51034,0.53432,0.57656,0.63899,1306.94486,1548.51963,0.80329,0.19671,1.24592,5.16425,0.33333,,,,
240.0,42.33333,90.66667,0.47167,8.33333,29.0,0.29433,22.0,29.0,0.745,11.66667,38.66667,50.33333,25.0,8.66667,6.66667,15.66667,21.66667,115.0,240.0,42.0,98.66667,0.42667,8.33333,29.0,0.28533,19.66667,25.0,0.78533,13.33333,35.66667,49.0,26.0,10.66667,4.66667,13.66667,21.66667,112.0,1,-0.03511,0.03511,0.34735,0.31677,0.46947,0.5178,0.53942,0.59874,1429.85232,1582.11406,0.69499,0.30501,1.47079,3.83298,0.33333,256.66667,44.0,96.33333,0.45433,12.0,29.33333,0.399,25.66667,34.33333,0.74967,10.66667,40.66667,51.33333,25.0,7.66667,8.0,15.33333,23.33333,125.66667,256.66667,45.33333,103.0,0.44133,16.0,41.66667,0.39,21.33333,27.33333,0.78167,11.33333,37.66667,49.0,23.0,9.0,6.0,12.33333,27.66667,128.0,1,0.02847,-0.02847,0.27786,0.29823,0.51992,0.51588,0.59015,0.60293,1608.44863,1540.45472,0.40814,0.59186,2.52079,1.7088,0.66667,,,,
240.0,41.0,93.66667,0.436,7.0,31.66667,0.226,17.66667,28.0,0.63367,15.0,36.66667,51.66667,27.0,5.66667,4.33333,15.0,24.66667,106.66667,240.0,43.66667,91.66667,0.47533,10.0,28.66667,0.34467,19.33333,28.0,0.71067,9.66667,34.33333,44.0,30.66667,7.66667,5.0,9.66667,23.33333,116.66667,1,0.13044,-0.13044,0.26499,0.43665,0.52983,0.47363,0.5946,0.53264,1491.20943,1521.90342,0.55658,0.44342,1.86243,2.36617,1.0,240.0,42.33333,84.0,0.504,12.33333,34.0,0.36667,20.66667,28.66667,0.722,12.33333,36.0,48.33333,23.33333,8.0,5.33333,18.0,20.0,117.66667,240.0,43.0,93.66667,0.46367,8.33333,29.33333,0.283,15.33333,22.0,0.68167,12.66667,28.33333,41.0,27.66667,12.0,2.33333,12.66667,23.66667,109.66667,1,-0.10182,0.10182,0.3452,0.43891,0.50816,0.57737,0.56091,0.65166,1310.88738,1521.795,0.74273,0.25727,1.4006,5.18796,0.0,,,,
240.0,43.66667,89.0,0.49367,9.66667,28.33333,0.34,19.66667,23.66667,0.818,12.66667,36.0,48.66667,23.0,8.0,4.66667,11.66667,20.66667,116.66667,240.0,39.66667,87.33333,0.45467,9.0,28.66667,0.312,17.33333,21.33333,0.79033,9.33333,28.66667,38.0,23.33333,4.66667,3.33333,11.33333,21.0,105.66667,0,-0.13813,0.13813,0.25593,0.44898,0.50581,0.55175,0.57314,0.62433,1481.69667,1596.34208,0.62373,0.37627,1.70819,3.76426,0.0,240.0,39.33333,88.66667,0.443,10.66667,34.33333,0.30433,19.0,23.33333,0.81167,10.33333,38.66667,49.0,26.66667,6.33333,6.0,13.33333,19.33333,108.33333,240.0,41.33333,93.0,0.44433,14.0,31.33333,0.444,15.33333,20.0,0.74733,9.33333,35.33333,44.66667,29.0,7.0,3.33333,10.0,21.33333,112.0,0,0.04795,-0.04795,0.24173,0.29211,0.51927,0.50254,0.57413,0.57702,1628.21692,1546.46504,0.39002,0.60998,2.62653,1.65828,0.66667,,,,
240.0,41.33333,88.66667,0.465,10.66667,21.33333,0.50267,17.0,21.0,0.80233,8.33333,32.33333,40.66667,22.0,5.33333,3.66667,11.33333,15.66667,110.33333,240.0,46.66667,90.0,0.518,11.66667,32.0,0.35933,14.66667,18.0,0.81267,7.0,37.33333,44.33333,26.66667,7.66667,4.33333,10.33333,18.0,119.66667,0,0.11472,-0.11472,0.21799,0.23704,0.58311,0.52545,0.63634,0.59126,1526.95129,1534.70349,0.52623,0.47377,1.94395,2.18684,0.66667,240.0,40.33333,87.0,0.46333,12.0,31.0,0.335,23.33333,28.66667,0.80167,5.33333,31.33333,36.66667,25.0,6.33333,4.33333,15.0,23.33333,116.0,240.0,45.66667,92.66667,0.49267,11.33333,34.0,0.328,23.0,27.0,0.85733,10.0,39.33333,49.33333,28.33333,10.0,5.33333,13.66667,23.66667,125.66667,0,0.11987,-0.11987,0.32493,0.13696,0.55431,0.53279,0.63765,0.62256,1624.74573,1475.29415,0.30967,0.69033,3.29427,1.45526,1.0,,,,
240.0,34.0,78.0,0.442,7.0,25.0,0.26567,34.33333,39.33333,0.87367,7.33333,34.0,41.33333,21.66667,8.33333,4.33333,20.33333,28.33333,109.33333,240.0,41.33333,88.33333,0.469,9.0,28.0,0.32233,28.0,35.66667,0.78367,13.0,33.33333,46.33333,26.0,11.66667,4.33333,15.0,27.0,119.66667,0,0.1312,-0.1312,0.40024,0.2316,0.52015,0.48865,0.62283,0.63796,1512.12038,1497.49214,0.49432,0.50568,2.09358,2.05228,0.66667,240.0,38.66667,87.0,0.44633,7.66667,25.0,0.285,15.66667,19.0,0.82233,6.66667,31.33333,38.0,24.0,5.66667,2.66667,11.33333,23.33333,100.66667,240.0,43.33333,86.33333,0.50133,13.66667,35.66667,0.38367,21.66667,28.33333,0.76167,9.66667,39.66667,49.33333,28.66667,7.33333,5.66667,10.33333,18.66667,122.0,0,0.28256,-0.28256,0.31314,0.17329,0.58043,0.48837,0.65886,0.55254,1584.42515,1431.93076,0.32885,0.67115,3.48098,1.53119,1.0,,,,
248.33333,45.33333,97.66667,0.46433,10.66667,30.0,0.362,20.66667,29.0,0.72433,14.0,34.0,48.0,24.66667,6.66667,5.33333,10.33333,21.33333,122.0,248.33333,45.33333,95.66667,0.476,15.66667,33.0,0.483,24.66667,28.33333,0.87933,12.0,37.66667,49.66667,31.66667,5.0,8.33333,11.33333,21.0,131.0,0,0.10181,-0.10181,0.34903,0.42565,0.55974,0.51869,0.64738,0.58679,1535.92776,1531.94485,0.50084,0.49916,2.28202,2.45658,1.0,240.0,43.0,90.0,0.482,14.33333,34.33333,0.41867,20.33333,25.33333,0.79267,14.33333,33.33333,47.66667,26.33333,8.66667,1.66667,16.33333,19.66667,120.66667,240.0,45.33333,89.33333,0.509,12.33333,36.0,0.34333,17.0,22.0,0.792,10.33333,29.66667,40.0,32.0,10.0,5.66667,15.33333,20.66667,120.0,0,-0.00246,0.00246,0.30756,0.48863,0.57861,0.5618,0.63884,0.63432,1463.11244,1406.53808,0.42274,0.57726,2.78378,1.97385,0.33333,,,,
240.0,40.0,93.0,0.43167,7.33333,28.33333,0.247,19.33333,21.66667,0.89467,11.0,37.33333,48.33333,19.66667,5.33333,5.33333,10.66667,18.33333,106.66667,240.0,41.66667,91.0,0.456,16.33333,39.0,0.42633,17.33333,22.33333,0.76667,10.66667,38.33333,49.0,24.33333,5.33333,5.0,10.0,20.66667,117.0,1,0.14169,-0.14169,0.28482,0.29111,0.54707,0.47157,0.60915,0.54649,1473.19219,1516.36626,0.57839,0.42161,1.91562,2.88648,1.0,281.66667,47.0,104.66667,0.44767,15.33333,41.0,0.36833,25.0,33.66667,0.75867,8.66667,41.33333,50.0,28.0,9.0,5.33333,11.33333,27.66667,134.33333,281.66667,48.33333,107.66667,0.445,15.33333,40.66667,0.38167,25.33333,31.66667,0.78867,13.0,45.0,58.0,29.0,6.66667,7.66667,15.0,27.0,137.33333,1,0.04301,-0.04301,0.331,0.18979,0.51504,0.51992,0.59789,0.59539,1340.71988,1401.10501,0.58267,0.41733,1.8124,2.72714,0.66667,,,,
240.0,39.0,93.33333,0.41833,10.0,33.0,0.29833,14.66667,18.33333,0.80533,9.33333,33.66667,43.0,23.0,7.66667,6.66667,9.33333,17.66667,102.66667,240.0,43.33333,90.0,0.481,14.33333,35.0,0.41033,13.0,16.33333,0.76967,9.33333,40.33333,49.66667,26.66667,5.33333,3.66667,12.0,19.0,114.0,1,0.14896,-0.14896,0.29205,0.22968,0.56069,0.47102,0.60864,0.52837,1566.44701,1603.78712,0.56375,0.43625,1.92065,2.8742,1.0,240.0,41.33333,92.66667,0.44667,12.0,34.0,0.35333,21.66667,26.33333,0.82433,11.0,39.0,50.0,24.0,8.66667,4.66667,14.33333,22.66667,116.33333,240.0,43.0,91.0,0.47267,15.33333,41.0,0.373,16.0,21.66667,0.73333,7.33333,37.33333,44.66667,29.0,8.66667,9.33333,12.66667,21.66667,117.33333,1,0.01286,-0.01286,0.19094,0.2916,0.55679,0.51177,0.61231,0.59115,1648.04213,1541.9867,0.3529,0.6471,2.9147,1.55618,0.66667,,,,
265.0,46.0,96.0,0.481,18.33333,43.0,0.42767,19.66667,26.0,0.752,10.66667,33.66667,44.33333,29.0,5.0,7.33333,14.66667,22.33333,130.0,265.0,47.66667,99.33333,0.482,13.0,36.0,0.354,18.66667,22.66667,0.81833,11.66667,34.66667,46.33333,27.33333,7.66667,4.0,13.33333,25.33333,127.0,0,-0.03083,0.03083,0.3295,0.30659,0.54688,0.57789,0.61344,0.64159,1461.06848,1457.92205,0.49182,0.50818,2.39794,2.38861,0.33333,240.0,43.66667,86.0,0.50833,14.66667,37.66667,0.39467,20.66667,26.33333,0.78733,7.33333,31.66667,39.0,24.0,7.33333,3.0,12.0,21.66667,122.66667,240.0,41.66667,87.33333,0.476,11.33333,32.66667,0.333,19.66667,25.66667,0.768,11.66667,30.0,41.66667,23.0,6.66667,5.33333,13.33333,24.33333,114.33333,0,-0.11123,0.11123,0.372,0.24907,0.54174,0.59368,0.6152,0.669,1455.3535,1470.35604,0.50552,0.49448,2.34698,2.43906,0.33333,,,,
240.0,37.33333,92.66667,0.40167,6.66667,30.66667,0.24433,19.33333,25.33333,0.771,14.66667,30.66667,45.33333,19.0,6.33333,3.33333,8.66667,19.66667,100.66667,240.0,43.33333,84.0,0.516,11.66667,32.0,0.35633,14.33333,17.66667,0.81267,6.66667,35.33333,42.0,28.0,3.66667,4.66667,11.33333,18.66667,112.66667,0,0.17177,-0.17177,0.21667,0.42017,0.58382,0.43775,0.64032,0.51272,1516.49099,1487.83812,0.46949,0.53051,2.16523,1.90584,0.66667,240.0,41.33333,98.0,0.42033,13.33333,34.33333,0.39667,11.66667,15.33333,0.77767,10.0,33.66667,43.66667,24.66667,9.33333,6.0,9.0,15.66667,107.66667,240.0,43.33333,89.66667,0.482,15.66667,39.0,0.40033,16.0,19.0,0.82633,9.0,43.0,52.0,23.33333,6.0,7.33333,13.0,15.66667,118.33333,0,0.13324,-0.13324,0.27232,0.23498,0.56924,0.48889,0.62822,0.53,1683.80794,1574.90286,0.36297,0.63703,2.7925,1.57657,1.0,,,,
240.0,42.66667,85.33333,0.50133,11.66667,27.0,0.42967,20.66667,22.66667,0.913,7.33333,35.33333,42.66667,21.66667,5.66667,3.66667,11.33333,20.0,117.66667,240.0,41.0,85.66667,0.48167,13.66667,35.66667,0.389,17.66667,23.0,0.78067,7.66667,30.66667,38.33333,25.33333,6.33333,3.0,10.33333,18.66667,113.33333,1,-0.05597,0.05597,0.2252,0.25016,0.56213,0.56957,0.62744,0.65279,1488.68234,1366.17206,0.3155,0.6845,3.17165,1.46112,0.33333,240.0,37.0,83.33333,0.445,9.66667,24.33333,0.40967,24.66667,30.33333,0.8,9.0,37.0,46.0,23.0,7.33333,4.66667,15.66667,24.0,108.33333,240.0,39.33333,90.66667,0.434,8.66667,30.66667,0.288,20.33333,25.0,0.79167,11.33333,36.66667,48.0,21.66667,7.33333,5.66667,12.33333,25.0,107.66667,1,-0.00858,0.00858,0.307,0.24603,0.48175,0.50216,0.56013,0.6038,1420.25307,1498.09399,0.60724,0.39276,1.65211,2.56469,0.33333,,,,
240.0,37.33333,85.0,0.44367,14.0,36.0,0.39067,18.33333,23.33333,0.71,10.0,30.66667,40.66667,22.66667,4.66667,2.66667,12.33333,16.33333,107.0,240.0,45.66667,90.33333,0.50667,10.66667,31.0,0.34433,12.0,16.33333,0.73,10.0,33.66667,43.66667,30.66667,7.33333,4.0,11.0,20.0,114.0,0,0.10205,-0.10205,0.32107,0.29673,0.56554,0.52727,0.6072,0.59624,1451.54849,1273.62985,0.28161,0.71839,4.28448,1.43451,0.66667,240.0,41.66667,92.33333,0.44867,10.66667,34.33333,0.331,18.0,23.33333,0.76633,10.66667,33.66667,44.33333,26.0,6.66667,3.66667,14.33333,24.66667,112.0,240.0,43.66667,85.33333,0.512,11.66667,36.0,0.319,19.33333,25.33333,0.76133,5.66667,36.33333,42.0,25.33333,5.66667,3.0,14.66667,23.0,118.33333,0,0.09543,-0.09543,0.16837,0.31481,0.58012,0.5069,0.65144,0.57206,1464.24956,1458.47134,0.49547,0.50453,2.0212,1.9848,0.33333,,,,
240.0,38.0,85.66667,0.444,9.0,27.0,0.331,15.33333,19.33333,0.78567,8.0,34.0,42.0,25.66667,8.66667,4.33333,13.0,20.0,100.33333,240.0,38.66667,81.33333,0.473,12.33333,34.66667,0.362,18.0,24.33333,0.73033,8.66667,36.33333,45.0,25.66667,7.66667,3.66667,13.33333,20.0,107.66667,0,0.08575,-0.08575,0.26577,0.22033,0.54806,0.496,0.61858,0.55913,1433.14923,1424.64219,0.50304,0.49696,2.29566,2.21178,0.66667,265.0,43.0,96.33333,0.44467,11.66667,34.33333,0.32733,19.0,26.33333,0.71167,12.33333,35.66667,48.0,26.0,8.0,9.33333,15.0,19.33333,116.66667,265.0,44.66667,100.0,0.448,15.0,40.66667,0.36933,14.66667,19.0,0.77233,15.0,39.66667,54.66667,29.66667,8.0,3.33333,16.0,25.33333,119.0,0,0.04341,-0.04341,0.41723,0.31165,0.52309,0.50353,0.57363,0.56704,1271.67035,1349.30786,0.60978,0.39022,1.67829,2.77123,0.66667,,,,
240.0,37.66667,82.0,0.463,13.33333,36.0,0.37033,19.66667,24.0,0.815,6.0,34.0,40.0,24.66667,3.33333,4.33333,12.66667,21.66667,108.33333,240.0,42.66667,91.66667,0.46633,18.0,47.66667,0.37633,18.66667,22.0,0.84133,8.66667,35.0,43.66667,29.66667,8.66667,6.0,7.0,23.0,122.0,0,0.17185,-0.17185,0.25738,0.16901,0.56472,0.54571,0.63416,0.62732,1554.07173,1465.22584,0.39902,0.60098,2.54006,1.67331,1.0,240.0,43.0,95.33333,0.45167,8.0,27.33333,0.29767,17.0,20.0,0.86,12.33333,35.66667,48.0,24.0,7.33333,4.66667,13.66667,22.66667,111.0,240.0,39.33333,84.0,0.46767,12.33333,39.0,0.30733,18.66667,24.33333,0.76567,6.66667,36.33333,43.0,23.66667,4.66667,4.33333,15.33333,20.33333,109.66667,0,0.00195,-0.00195,0.19017,0.35185,0.54168,0.49361,0.61326,0.55598,1468.03248,1482.58036,0.52712,0.47288,1.91276,2.13761,0.33333,,,,
240.0,42.66667,87.0,0.49233,10.33333,26.33333,0.394,16.66667,22.33333,0.74967,10.66667,31.33333,42.0,25.66667,8.66667,3.66667,14.33333,20.33333,112.33333,240.0,40.0,85.66667,0.46933,13.33333,38.0,0.349,17.33333,23.66667,0.73367,12.0,32.66667,44.66667,27.0,9.66667,4.33333,16.66667,20.66667,110.66667,0,-0.02073,0.02073,0.38243,0.35516,0.54757,0.55176,0.61135,0.61276,1492.54214,1572.48535,0.60908,0.39092,1.66447,2.63207,0.33333,240.0,42.66667,90.0,0.47967,11.66667,32.0,0.36267,12.0,18.33333,0.65367,13.33333,39.33333,52.66667,26.66667,8.66667,3.0,16.66667,24.0,109.0,240.0,34.66667,86.33333,0.40167,12.33333,43.33333,0.28533,20.66667,26.0,0.79633,9.33333,30.33333,39.66667,21.0,7.66667,1.66667,14.0,19.33333,102.33333,0,-0.08913,0.08913,0.24074,0.42619,0.47288,0.54457,0.55591,0.58494,1478.93655,1539.11303,0.57204,0.42796,1.77901,2.39999,0.33333,,,,
240.0,43.0,97.33333,0.443,12.33333,34.33333,0.34467,10.66667,14.0,0.85433,12.33333,36.33333,48.66667,31.33333,7.0,2.66667,12.33333,20.66667,109.0,240.0,38.0,82.33333,0.46233,9.33333,29.33333,0.33967,23.0,28.0,0.81033,6.66667,35.66667,42.33333,23.0,7.33333,4.66667,13.66667,15.33333,108.33333,1,-0.00984,0.00984,0.18562,0.34826,0.51927,0.50602,0.6136,0.54344,1520.20722,1577.6118,0.57898,0.42102,1.74833,2.42449,0.66667,240.0,45.0,92.66667,0.487,10.66667,34.66667,0.30967,20.33333,25.0,0.81633,11.0,40.0,51.0,28.66667,5.66667,4.0,12.0,21.33333,121.0,240.0,44.33333,93.66667,0.47267,10.33333,34.33333,0.30267,17.66667,24.33333,0.746,7.0,32.66667,39.66667,29.33333,4.33333,6.0,9.66667,21.33333,116.66667,1,-0.05383,0.05383,0.17485,0.33681,0.52774,0.54564,0.58848,0.61923,1458.57923,1570.73725,0.64657,0.35343,1.57771,3.10723,0.33333,,,,
240.0,45.0,95.66667,0.47,12.33333,37.66667,0.33633,20.33333,25.66667,0.81933,13.33333,34.33333,47.66667,24.0,9.0,5.33333,14.33333,21.0,122.66667,240.0,47.0,89.66667,0.522,13.66667,35.0,0.4,18.0,23.66667,0.76333,8.33333,34.33333,42.66667,29.66667,8.33333,6.66667,13.33333,21.0,125.66667,0,0.03151,-0.03151,0.25046,0.38523,0.59893,0.53552,0.66175,0.60688,1568.24187,1603.69644,0.55406,0.44594,1.83705,2.29955,0.66667,240.0,35.33333,87.33333,0.404,7.66667,28.66667,0.25333,22.0,27.0,0.77933,8.0,35.0,43.0,24.33333,10.33333,4.33333,15.0,22.0,100.33333,240.0,42.33333,91.0,0.46667,12.0,34.0,0.34767,18.66667,24.33333,0.79433,12.0,39.33333,51.33333,27.66667,8.33333,4.33333,16.66667,21.33333,115.33333,0,0.20845,-0.20845,0.34962,0.20517,0.53335,0.44744,0.59941,0.53606,1580.90331,1476.57618,0.37473,0.62527,2.67227,1.6001,1.0,,,,
240.0,41.66667,89.0,0.475,16.33333,36.0,0.45333,14.0,16.66667,0.849,8.0,36.33333,44.33333,22.33333,5.66667,5.33333,9.33333,20.66667,113.66667,240.0,34.66667,80.66667,0.42933,9.66667,26.33333,0.387,19.0,25.33333,0.741,8.33333,32.0,40.33333,19.0,5.33333,4.66667,11.66667,17.33333,98.0,1,-0.20228,0.20228,0.23037,0.27778,0.48921,0.56756,0.56861,0.62096,1411.41329,1482.67328,0.57879,0.42121,1.80431,2.68891,0.33333,240.0,41.33333,89.0,0.46467,15.33333,38.33333,0.39333,17.66667,25.0,0.71033,10.66667,35.0,45.66667,26.0,7.66667,5.33333,12.0,20.0,115.66667,240.0,43.0,92.33333,0.466,7.66667,25.33333,0.301,17.0,23.33333,0.72833,10.33333,33.0,43.33333,25.66667,5.33333,3.66667,11.33333,18.33333,110.66667,1,-0.06297,0.06297,0.30138,0.32709,0.50734,0.55019,0.56791,0.61168,1386.75128,1535.84716,0.67728,0.32272,1.60912,4.10103,0.33333,,,,
240.0,43.66667,93.66667,0.467,14.66667,42.33333,0.34567,15.66667,19.66667,0.81633,13.0,32.0,45.0,27.33333,5.66667,6.66667,10.33333,21.66667,117.66667,240.0,41.66667,89.0,0.46933,13.66667,37.0,0.361,24.66667,30.0,0.82633,11.66667,33.0,44.66667,22.33333,6.66667,5.33333,9.66667,19.33333,121.66667,0,0.04792,-0.04792,0.3718,0.39997,0.54696,0.54597,0.6379,0.60164,1506.69804,1643.16759,0.69711,0.30289,1.44051,3.37222,0.66667,240.0,39.66667,94.33333,0.42,8.66667,28.66667,0.30933,15.66667,19.0,0.837,11.66667,30.66667,42.33333,19.66667,7.33333,4.0,9.33333,19.0,103.66667,240.0,44.66667,85.33333,0.52333,14.0,33.0,0.42367,16.0,21.66667,0.74433,8.66667,37.0,45.66667,26.66667,5.0,6.33333,11.33333,15.0,119.33333,0,0.20772,-0.20772,0.2876,0.32785,0.60505,0.4662,0.66204,0.52707,1486.62211,1458.53701,0.48493,0.51507,2.2407,2.07431,0.66667,,,,
240.0,40.0,92.66667,0.43267,15.66667,45.66667,0.341,16.0,17.33333,0.92433,9.66667,32.0,41.66667,22.33333,8.66667,4.66667,12.33333,23.0,111.66667,240.0,43.0,88.66667,0.48433,10.66667,28.66667,0.38533,18.0,23.33333,0.761,11.33333,35.66667,47.0,26.33333,5.66667,6.33333,14.66667,16.33333,114.66667,1,0.03855,-0.03855,0.37592,0.2746,0.54427,0.51652,0.61124,0.57909,1546.89387,1565.06838,0.52949,0.47051,1.97445,2.22697,0.66667,240.0,43.33333,93.0,0.466,13.66667,41.0,0.33067,15.66667,19.0,0.83467,11.66667,33.0,44.66667,27.33333,6.66667,6.66667,13.33333,21.33333,116.0,240.0,41.66667,91.0,0.45733,10.66667,33.66667,0.31633,22.0,26.0,0.84533,10.66667,33.66667,44.33333,21.33333,8.0,5.66667,12.33333,18.0,116.0,1,-0.00041,0.00041,0.32695,0.35895,0.51605,0.54032,0.59983,0.59798,1485.19229,1518.21117,0.54586,0.45414,1.90414,2.38212,0.33333,,,,
240.0,41.0,85.66667,0.479,9.0,28.33333,0.31533,9.33333,14.66667,0.625,7.0,37.66667,44.66667,24.66667,9.66667,4.0,14.33333,21.33333,100.33333,240.0,36.33333,86.33333,0.42133,12.66667,38.33333,0.32967,18.0,23.33333,0.79267,10.66667,34.0,44.66667,24.66667,7.33333,3.33333,14.0,15.66667,103.33333,0,0.04997,-0.04997,0.28788,0.20983,0.49412,0.53248,0.56515,0.56632,1545.73258,1467.72808,0.3939,0.6061,2.58976,1.66545,0.66667,240.0,38.0,80.66667,0.472,14.33333,36.0,0.39667,20.33333,26.66667,0.758,8.33333,34.0,42.33333,20.66667,6.0,4.0,18.0,21.66667,110.66667,240.0,39.33333,88.66667,0.44333,18.0,52.0,0.34433,20.33333,25.0,0.82233,9.33333,28.66667,38.0,23.33333,11.33333,5.33333,11.0,23.33333,117.0,0,0.08128,-0.08128,0.28594,0.29282,0.54479,0.56157,0.62126,0.64104,1567.13372,1475.99189,0.39569,0.60431,2.9827,1.75811,0.66667,,,,
240.0,40.66667,89.0,0.45733,10.33333,34.33333,0.299,16.0,23.0,0.75333,12.0,34.66667,46.66667,25.66667,4.33333,5.0,11.33333,18.66667,107.66667,240.0,42.33333,90.33333,0.46833,11.0,29.33333,0.37033,15.0,18.33333,0.81967,9.66667,34.0,43.66667,27.66667,6.33333,3.33333,9.66667,21.0,110.66667,0,0.04797,-0.04797,0.27908,0.37641,0.52895,0.51596,0.58582,0.57307,1449.10548,1537.10615,0.62136,0.37864,1.67986,2.90883,0.66667,240.0,34.0,85.0,0.40233,10.66667,35.66667,0.303,16.66667,23.66667,0.642,12.0,32.33333,44.33333,20.0,5.66667,2.33333,9.0,14.0,95.33333,240.0,40.0,82.0,0.49,9.0,26.0,0.34533,11.33333,14.0,0.783,5.0,36.66667,41.66667,26.0,5.66667,4.0,10.66667,19.33333,100.33333,0,0.0773,-0.0773,0.1673,0.3364,0.54471,0.46653,0.59233,0.5307,1576.69404,1480.66903,0.39143,0.60857,3.60107,1.85136,0.66667,,,,
248.33333,43.33333,95.66667,0.453,11.0,34.0,0.30933,19.33333,29.0,0.66233,14.0,35.33333,49.33333,17.0,6.0,5.0,13.33333,25.33333,117.0,248.33333,43.0,91.33333,0.47233,9.33333,27.33333,0.38033,27.33333,35.66667,0.75733,11.66667,39.0,50.66667,19.0,7.0,5.33333,11.33333,23.33333,122.66667,0,0.07324,-0.07324,0.33007,0.35968,0.52328,0.5107,0.61941,0.57252,1546.65515,1588.97436,0.57361,0.42639,1.76841,2.39773,0.66667,240.0,37.33333,83.33333,0.45,11.0,31.66667,0.345,23.0,28.66667,0.80467,8.0,34.33333,42.33333,25.0,6.0,7.33333,15.33333,20.66667,108.66667,240.0,47.66667,94.0,0.51167,15.66667,34.0,0.47367,16.66667,21.66667,0.77,8.33333,37.0,45.33333,33.0,9.33333,5.66667,10.66667,25.0,127.66667,0,0.23155,-0.23155,0.24336,0.21752,0.59415,0.51693,0.65017,0.60948,1500.95741,1351.35849,0.31829,0.68171,3.38431,1.49809,1.0,,,,
240.0,44.33333,89.66667,0.497,11.33333,32.0,0.355,16.0,23.33333,0.69033,8.33333,33.66667,42.0,29.66667,7.66667,4.33333,18.0,22.0,116.0,240.0,48.66667,95.0,0.511,14.33333,35.33333,0.41867,17.66667,21.33333,0.82833,7.33333,36.0,43.33333,31.0,10.66667,4.33333,14.66667,20.66667,129.33333,0,0.15256,-0.15256,0.21836,0.22952,0.58662,0.56003,0.64794,0.61422,1483.7748,1463.68096,0.48682,0.51318,2.19328,2.1109,1.0,240.0,35.0,82.33333,0.427,8.33333,26.33333,0.347,25.0,32.66667,0.74767,11.33333,36.66667,48.0,23.0,6.66667,4.66667,15.0,22.0,103.33333,240.0,38.33333,89.0,0.431,8.33333,28.33333,0.29667,19.0,23.33333,0.794,9.66667,34.33333,44.0,24.0,7.0,4.66667,11.0,26.0,104.0,0,0.01488,-0.01488,0.26335,0.32857,0.47776,0.47703,0.5526,0.57959,1424.08149,1522.97603,0.64013,0.35987,1.56338,2.7854,0.33333,,,,
248.33333,44.66667,96.33333,0.462,14.33333,41.66667,0.33833,17.66667,24.33333,0.72733,9.66667,41.66667,51.33333,28.0,4.33333,7.66667,9.66667,18.0,121.33333,248.33333,43.66667,99.33333,0.43833,10.33333,28.66667,0.36,16.66667,22.33333,0.76067,8.33333,39.0,47.33333,27.66667,5.0,4.33333,8.66667,20.0,114.33333,1,-0.09357,0.09357,0.1945,0.24693,0.49061,0.53572,0.54677,0.59575,1477.51693,1681.9695,0.75101,0.24899,1.35056,4.53048,0.0,240.0,42.66667,94.33333,0.45267,11.33333,37.33333,0.30333,18.66667,23.33333,0.82,10.0,35.0,45.0,27.33333,9.66667,4.66667,13.0,23.33333,115.33333,240.0,43.33333,90.66667,0.47667,7.66667,26.0,0.297,19.33333,26.66667,0.727,10.66667,35.0,45.66667,28.33333,6.0,5.33333,15.33333,19.66667,113.66667,1,-0.02239,0.02239,0.31275,0.29174,0.51921,0.51343,0.58822,0.58062,1474.32814,1552.99957,0.60344,0.39656,1.6597,2.53125,0.66667,,,,
240.0,39.33333,85.66667,0.45967,12.66667,39.33333,0.31767,20.33333,27.0,0.74933,7.66667,41.0,48.66667,24.0,5.33333,5.33333,11.66667,18.0,111.66667,240.0,38.33333,92.0,0.417,9.33333,27.0,0.34567,14.66667,18.33333,0.81267,6.33333,36.66667,43.0,25.66667,5.66667,3.0,10.33333,21.0,100.66667,1,-0.14948,0.14948,0.15398,0.20796,0.46804,0.53304,0.52457,0.61034,1442.65605,1678.78659,0.77718,0.22282,1.3108,5.30765,0.0,240.0,40.33333,93.0,0.43333,12.33333,37.0,0.31567,16.0,22.33333,0.717,13.0,35.33333,48.33333,21.66667,8.0,6.33333,15.33333,23.66667,109.0,240.0,38.0,88.33333,0.43067,9.66667,30.0,0.323,21.0,29.66667,0.69567,13.66667,36.0,49.66667,21.66667,9.33333,7.33333,15.66667,20.0,106.66667,1,-0.02436,0.02436,0.41162,0.36088,0.48536,0.49829,0.56262,0.55477,1470.27943,1444.93731,0.46444,0.53556,2.39679,1.98069,0.66667,,,,
240.0,41.33333,82.33333,0.50233,10.33333,26.33333,0.394,16.66667,21.33333,0.78367,10.0,30.33333,40.33333,23.66667,10.33333,3.66667,16.0,22.33333,109.66667,240.0,40.33333,82.66667,0.48967,15.66667,37.66667,0.414,15.33333,23.33333,0.659,11.0,29.33333,40.33333,27.33333,11.33333,3.33333,16.33333,21.66667,111.66667,0,0.02923,-0.02923,0.36279,0.35417,0.58399,0.56508,0.63721,0.63031,1466.33831,1582.92551,0.66366,0.33634,1.50784,2.98073,0.66667,240.0,44.33333,99.33333,0.44667,12.0,31.0,0.394,8.66667,10.66667,0.822,11.0,38.33333,49.33333,25.33333,7.66667,6.33333,9.66667,17.0,109.33333,240.0,39.33333,92.66667,0.424,13.0,39.0,0.324,15.33333,18.0,0.834,10.33333,41.33333,51.66667,22.33333,5.33333,6.66667,12.0,14.66667,107.0,0,-0.05579,0.05579,0.27722,0.26644,0.49474,0.50709,0.55282,0.53707,1677.26864,1539.10671,0.30392,0.69608,3.65845,1.46229,0.66667,,,,
240.0,44.33333,96.33333,0.46,9.0,37.0,0.24367,14.33333,20.66667,0.72933,14.0,32.33333,46.33333,25.0,8.33333,4.33333,14.33333,24.66667,112.0,240.0,45.33333,90.33333,0.50133,11.0,24.33333,0.449,21.0,28.0,0.75167,11.66667,37.33333,49.0,26.0,8.0,5.66667,14.33333,20.66667,122.66667,0,0.13325,-0.13325,0.36221,0.37524,0.56231,0.50615,0.63551,0.55477,1544.76771,1601.36915,0.59611,0.40389,1.69186,2.51569,1.0,240.0,38.0,88.33333,0.437,13.33333,36.0,0.37267,22.66667,27.0,0.85133,11.66667,27.66667,39.33333,22.33333,8.66667,2.0,16.33333,24.33333,112.0,240.0,46.0,87.66667,0.524,8.0,23.0,0.36367,21.0,27.0,0.77067,12.0,34.66667,46.66667,27.33333,9.33333,4.0,14.66667,21.0,121.0,0,0.11101,-0.11101,0.44224,0.3338,0.56992,0.51306,0.64576,0.60424,1533.7037,1509.90136,0.48363,0.51637,2.10089,1.96553,1.0,,,,
256.66667,43.33333,92.0,0.46867,14.66667,36.33333,0.40233,20.66667,28.33333,0.73467,10.66667,40.66667,51.33333,27.0,5.66667,6.66667,17.0,22.66667,122.0,256.66667,46.33333,102.0,0.45467,12.66667,36.66667,0.33533,17.0,23.33333,0.725,10.66667,35.33333,46.0,27.66667,11.33333,5.66667,9.66667,24.0,122.33333,1,0.00214,-0.00214,0.27626,0.30839,0.51639,0.54847,0.57068,0.61828,1620.56911,1589.17112,0.45465,0.54535,2.22057,1.84501,0.66667,240.0,46.0,96.0,0.48367,10.0,34.66667,0.29833,14.0,19.33333,0.75367,12.66667,35.66667,48.33333,27.66667,9.0,5.66667,18.33333,20.33333,116.0,240.0,48.0,97.33333,0.49567,10.66667,31.33333,0.33867,16.33333,21.33333,0.771,12.0,36.66667,48.66667,31.66667,12.0,6.33333,14.66667,18.33333,123.0,1,0.08138,-0.08138,0.33922,0.33662,0.55159,0.53632,0.60657,0.58369,1521.08387,1548.94269,0.54932,0.45068,1.87152,2.29613,0.66667,,,,
240.0,40.66667,85.66667,0.47567,10.0,30.0,0.32233,18.0,23.0,0.781,8.33333,33.33333,41.66667,27.0,6.66667,5.66667,11.66667,23.33333,109.33333,240.0,36.66667,84.33333,0.43733,10.33333,34.0,0.31867,21.33333,28.33333,0.75933,12.0,35.0,47.0,23.33333,5.66667,3.66667,14.0,22.66667,105.0,0,-0.07977,0.07977,0.37625,0.23008,0.49788,0.53564,0.58231,0.60528,1365.06957,1422.94212,0.57194,0.42806,1.81184,2.47936,0.66667,256.66667,46.0,97.66667,0.47033,12.33333,29.66667,0.406,20.33333,28.0,0.71467,10.0,40.66667,50.66667,30.0,8.0,7.33333,15.33333,23.33333,124.66667,256.66667,44.33333,103.33333,0.428,13.33333,39.0,0.33633,20.66667,27.0,0.76667,11.66667,37.0,48.66667,24.66667,7.66667,4.66667,12.33333,24.33333,122.66667,0,-0.02717,0.02717,0.28712,0.28459,0.49092,0.53271,0.55971,0.59805,1605.75542,1546.17052,0.41721,0.58279,2.47668,1.73918,0.33333,,,,
240.0,41.0,91.66667,0.44733,12.66667,33.33333,0.37967,16.66667,20.66667,0.80167,12.0,40.33333,52.33333,29.0,7.0,7.66667,12.66667,17.0,111.33333,240.0,37.33333,91.33333,0.40933,9.33333,27.0,0.34333,14.0,18.0,0.77233,9.33333,35.66667,45.0,22.66667,7.33333,5.66667,12.33333,17.0,98.0,1,-0.18676,0.18676,0.2413,0.33687,0.46016,0.51633,0.51419,0.57819,1484.41024,1510.69794,0.50428,0.49572,2.23723,2.47471,0.33333,240.0,41.0,89.33333,0.45867,8.33333,28.0,0.298,20.33333,31.0,0.65567,15.0,38.0,53.0,21.0,5.66667,5.0,14.0,21.0,110.66667,240.0,40.33333,88.33333,0.45633,13.33333,28.66667,0.467,21.0,27.0,0.79733,8.33333,33.66667,42.0,28.33333,8.0,6.66667,11.0,22.66667,115.0,1,0.0467,-0.0467,0.22505,0.47806,0.53236,0.50547,0.6095,0.57564,1580.30269,1573.70124,0.49623,0.50377,2.08716,2.0767,0.66667,,,,
240.0,42.66667,90.0,0.47867,10.0,28.0,0.357,19.66667,27.0,0.70233,9.66667,40.0,49.66667,29.66667,8.66667,6.66667,15.66667,22.33333,115.0,240.0,40.66667,97.0,0.42,7.33333,28.0,0.26167,19.66667,26.33333,0.74567,12.0,35.0,47.0,28.0,9.33333,5.0,12.33333,21.33333,108.33333,0,-0.08346,0.08346,0.29642,0.26804,0.45829,0.53412,0.52845,0.60511,1474.64731,1582.98149,0.62942,0.37058,1.6822,3.46688,0.0,240.0,43.0,90.66667,0.47433,16.0,40.0,0.39733,16.66667,24.0,0.70033,8.33333,32.66667,41.0,27.33333,6.33333,6.0,9.33333,19.33333,118.66667,240.0,45.0,90.66667,0.497,9.66667,27.66667,0.34733,17.0,21.33333,0.79867,8.66667,35.33333,44.0,27.33333,4.33333,3.33333,11.33333,20.0,116.66667,0,-0.02767,0.02767,0.28079,0.23993,0.5504,0.56277,0.61271,0.61852,1387.07604,1542.93731,0.69191,0.30809,1.58493,4.40139,0.33333,,,,
240.0,41.66667,88.33333,0.47467,11.33333,32.0,0.355,16.33333,23.66667,0.69467,8.66667,34.33333,43.0,27.66667,9.33333,4.66667,18.33333,24.33333,111.0,240.0,43.66667,93.66667,0.46567,13.33333,39.33333,0.33533,17.66667,21.66667,0.81567,10.0,38.33333,48.33333,26.66667,9.66667,5.0,17.0,22.0,118.33333,0,0.0906,-0.0906,0.28862,0.22317,0.53665,0.53861,0.60087,0.59578,1427.40406,1461.53011,0.5531,0.4469,1.86781,2.34806,1.0,240.0,44.66667,85.0,0.525,13.0,32.33333,0.41833,19.33333,26.66667,0.72467,10.33333,37.0,47.33333,27.66667,10.33333,5.0,18.0,20.0,121.66667,240.0,41.33333,93.0,0.44933,8.33333,30.0,0.27567,20.0,25.33333,0.782,13.33333,28.33333,41.66667,25.66667,12.66667,1.33333,15.66667,23.0,111.0,0,-0.13152,0.13152,0.35511,0.36484,0.49419,0.60118,0.56719,0.66951,1299.35397,1575.80866,0.82275,0.17725,1.21854,6.05774,0.0,,,,
240.0,41.33333,84.33333,0.49333,12.66667,31.66667,0.409,17.0,21.66667,0.783,9.33333,35.66667,45.0,21.33333,8.33333,4.0,13.33333,21.33333,112.33333,240.0,40.66667,85.33333,0.479,9.33333,30.0,0.306,16.33333,19.0,0.83,7.66667,30.0,37.66667,23.66667,6.0,3.66667,12.33333,19.0,107.0,1,-0.07102,0.07102,0.2075,0.30539,0.53341,0.5705,0.59904,0.63524,1499.68157,1597.03117,0.60612,0.39388,1.78723,3.70072,0.33333,240.0,43.33333,91.0,0.47567,14.66667,41.0,0.35633,17.33333,21.0,0.83,10.33333,32.33333,42.66667,27.0,8.33333,5.66667,12.33333,22.0,118.66667,240.0,39.33333,86.66667,0.45433,10.33333,33.66667,0.30633,23.66667,27.66667,0.85667,9.66667,33.0,42.66667,21.0,8.66667,5.33333,14.0,18.66667,112.66667,1,-0.07495,0.07495,0.30125,0.32998,0.51448,0.55646,0.60829,0.62065,1483.72201,1555.93925,0.59455,0.40545,1.74019,2.62886,0.0,,,,
240.0,41.33333,97.0,0.42567,8.66667,26.0,0.339,24.33333,32.33333,0.753,11.66667,36.0,47.66667,22.33333,10.0,4.0,13.66667,24.0,115.66667,240.0,41.66667,94.0,0.448,13.66667,41.0,0.325,20.66667,26.66667,0.77767,10.33333,42.0,52.33333,24.0,5.66667,7.66667,17.0,26.66667,117.66667,1,0.02651,-0.02651,0.28129,0.2792,0.52012,0.47046,0.59313,0.55497,1595.8397,1473.30967,0.33548,0.66452,3.06799,1.51702,0.66667,240.0,40.66667,87.66667,0.466,10.33333,30.0,0.33533,23.66667,29.0,0.803,11.33333,34.33333,45.66667,22.66667,4.66667,4.66667,11.33333,20.33333,115.33333,240.0,44.66667,94.0,0.47367,11.33333,31.0,0.356,18.0,24.66667,0.72333,13.33333,33.33333,46.66667,22.66667,6.0,5.66667,8.0,23.33333,118.66667,1,0.04166,-0.04166,0.39028,0.3368,0.53341,0.52624,0.59601,0.61582,1315.25405,1438.56105,0.66243,0.33757,1.61997,3.55034,0.66667,,,,
240.0,44.33333,96.66667,0.458,11.0,38.66667,0.29067,17.33333,22.66667,0.78767,14.33333,34.66667,49.0,26.0,8.33333,5.33333,16.33333,26.33333,117.0,240.0,42.66667,88.66667,0.47967,13.66667,33.0,0.42733,22.33333,29.66667,0.756,10.33333,35.33333,45.66667,27.0,8.66667,6.0,14.66667,23.0,121.33333,0,0.05039,-0.05039,0.31128,0.40375,0.55724,0.51553,0.63675,0.5765,1558.96224,1606.20626,0.57449,0.42551,1.75175,2.37852,0.66667,240.0,40.33333,95.0,0.42667,12.0,35.66667,0.335,12.33333,16.0,0.83733,6.0,37.0,43.0,25.0,5.66667,4.66667,9.0,17.66667,105.0,240.0,42.0,91.0,0.46567,10.0,24.33333,0.428,17.66667,21.33333,0.819,10.0,41.66667,51.66667,25.33333,4.66667,4.0,10.0,16.0,111.66667,0,0.09262,-0.09262,0.26649,0.14227,0.52042,0.48957,0.58608,0.53433,1547.9889,1503.85076,0.4439,0.5561,2.26712,1.80498,1.0,,,,
240.0,38.0,87.33333,0.435,12.66667,35.33333,0.36,25.33333,31.33333,0.80967,12.33333,34.0,46.33333,27.66667,8.66667,2.33333,10.0,21.66667,114.0,240.0,35.33333,81.33333,0.436,11.0,28.0,0.383,20.66667,28.33333,0.67533,9.33333,35.0,44.33333,22.33333,7.33333,3.33333,16.33333,24.33333,102.33333,0,-0.15368,0.15368,0.26704,0.36943,0.50365,0.50736,0.59062,0.60455,1410.11225,1626.31589,0.74634,0.25366,1.3933,5.0834,0.0,240.0,39.0,83.0,0.46967,10.33333,29.0,0.354,19.66667,27.0,0.75867,9.66667,29.66667,39.33333,25.33333,7.0,6.0,12.66667,22.33333,108.0,240.0,41.66667,86.33333,0.483,15.33333,35.66667,0.42967,19.33333,25.33333,0.768,12.0,35.0,47.0,25.66667,5.66667,4.0,13.33333,22.66667,118.0,0,0.12796,-0.12796,0.40421,0.28164,0.57176,0.53139,0.64247,0.60724,1475.29288,1450.59823,0.47921,0.52079,2.30623,2.06612,1.0,,,,
256.66667,43.66667,92.33333,0.471,13.0,33.33333,0.38633,19.66667,24.33333,0.80833,10.0,38.66667,48.66667,26.66667,6.66667,6.0,18.66667,22.66667,120.0,256.66667,49.0,99.0,0.49767,15.66667,39.0,0.40867,18.0,23.0,0.779,9.0,34.0,43.0,28.66667,11.66667,5.66667,10.0,22.0,131.66667,1,0.14351,-0.14351,0.25035,0.29911,0.57734,0.54048,0.63589,0.61083,1613.99635,1581.77442,0.47271,0.52729,2.15556,1.92631,1.0,240.0,38.33333,91.66667,0.41667,8.0,30.33333,0.25,24.0,30.0,0.78433,10.33333,32.33333,42.66667,27.0,10.33333,4.33333,15.33333,28.0,108.66667,240.0,43.33333,90.66667,0.47967,11.0,31.0,0.35833,23.66667,31.66667,0.76,12.33333,39.66667,52.0,28.0,9.0,3.66667,17.66667,25.0,121.33333,1,0.16444,-0.16444,0.38087,0.26813,0.54099,0.45936,0.62326,0.55224,1587.83752,1523.53488,0.42414,0.57586,2.41789,1.76459,1.0,,,,
248.33333,48.0,98.66667,0.48667,16.0,44.66667,0.35833,17.66667,22.66667,0.77767,10.0,41.0,51.0,30.66667,3.33333,8.66667,10.0,18.33333,129.66667,248.33333,46.66667,102.0,0.458,11.33333,33.0,0.345,17.33333,23.33333,0.74933,9.66667,36.66667,46.33333,30.0,4.33333,4.33333,8.0,19.33333,122.0,0,-0.09308,0.09308,0.22942,0.27605,0.51381,0.56813,0.56978,0.62666,1438.95352,1685.39645,0.7996,0.2004,1.25259,5.13842,0.0,240.0,39.33333,93.33333,0.422,8.33333,28.0,0.29033,19.33333,22.66667,0.84833,8.0,33.66667,41.66667,21.66667,6.66667,4.0,7.33333,23.66667,106.33333,240.0,42.0,89.0,0.47233,13.66667,37.66667,0.36067,22.66667,28.33333,0.793,10.33333,43.33333,53.66667,26.33333,6.0,8.0,11.33333,20.33333,120.33333,0,0.17644,-0.17644,0.30484,0.18532,0.54955,0.46622,0.6333,0.54126,1592.33297,1494.05986,0.38717,0.61283,2.62562,1.6439,1.0,,,,
240.0,36.33333,86.66667,0.422,13.0,39.0,0.339,17.33333,22.33333,0.76767,6.66667,34.33333,41.0,24.33333,3.0,5.0,11.0,22.33333,103.0,240.0,44.66667,90.0,0.499,16.0,41.33333,0.387,19.0,23.33333,0.798,6.66667,40.33333,47.0,30.0,7.0,4.66667,8.33333,22.0,124.33333,0,0.27945,-0.27945,0.18964,0.17157,0.58814,0.49798,0.65714,0.56745,1517.2236,1447.34948,0.42849,0.57151,2.39353,1.77163,1.0,240.0,45.0,92.66667,0.48867,9.0,30.0,0.30133,16.33333,22.0,0.73333,13.66667,32.66667,46.33333,25.0,7.33333,2.33333,16.33333,20.33333,115.33333,240.0,45.66667,89.66667,0.51067,12.0,34.33333,0.349,18.66667,23.0,0.82167,11.0,31.0,42.0,30.66667,10.33333,4.33333,15.33333,20.33333,122.0,0,0.07913,-0.07913,0.33425,0.44482,0.57842,0.53849,0.64507,0.5953,1460.73152,1458.97685,0.51228,0.48772,2.3499,2.31965,0.66667,,,,
265.0,41.0,96.0,0.424,14.66667,43.33333,0.33633,21.0,27.33333,0.769,11.33333,34.66667,46.0,24.66667,5.0,8.33333,13.66667,21.0,117.66667,265.0,45.66667,98.66667,0.464,14.66667,37.0,0.39467,17.66667,23.33333,0.74567,13.66667,38.33333,52.0,28.66667,5.33333,6.0,12.66667,26.33333,123.66667,1,0.09852,-0.09852,0.39183,0.3097,0.53831,0.50023,0.59948,0.57303,1408.56668,1454.02429,0.57052,0.42948,1.83315,2.60947,0.33333,281.66667,48.0,103.33333,0.46533,14.33333,39.66667,0.35233,23.66667,33.0,0.716,8.66667,44.0,52.66667,28.66667,7.33333,7.0,12.66667,25.66667,134.0,281.66667,47.66667,107.66667,0.43767,15.66667,44.0,0.361,21.0,27.0,0.772,12.66667,44.33333,57.0,28.66667,6.66667,5.33333,15.33333,25.66667,132.0,1,-0.02149,0.02149,0.30199,0.19272,0.5096,0.53319,0.57679,0.60275,1340.35542,1479.88955,0.68506,0.31494,1.487,3.40306,0.33333,,,,
240.0,42.33333,91.33333,0.461,10.0,31.0,0.319,18.33333,22.0,0.84133,8.33333,33.33333,41.66667,29.33333,8.0,5.33333,10.66667,20.66667,113.0,240.0,42.33333,89.0,0.47433,12.33333,33.66667,0.367,16.0,19.33333,0.807,9.33333,37.0,46.33333,28.33333,5.33333,3.0,14.0,23.33333,113.0,1,0.00065,-0.00065,0.29418,0.22606,0.54304,0.51514,0.60512,0.58579,1547.77791,1599.65231,0.56804,0.43196,1.8963,2.88696,0.66667,248.33333,44.33333,96.33333,0.45867,13.66667,35.0,0.393,19.33333,27.33333,0.71067,12.33333,42.0,54.33333,24.0,5.0,8.33333,13.0,22.0,121.66667,248.33333,44.33333,98.0,0.45333,9.66667,27.66667,0.343,23.0,29.33333,0.787,9.66667,39.33333,49.0,28.33333,7.66667,5.66667,9.66667,22.66667,121.33333,1,-0.00315,0.00315,0.22482,0.31571,0.50309,0.52915,0.58405,0.59374,1469.84879,1494.71708,0.52869,0.47131,2.24388,2.64466,0.33333,,,,
240.0,40.33333,89.66667,0.44967,10.33333,27.33333,0.39767,23.33333,27.33333,0.85333,11.0,36.0,47.0,22.66667,5.33333,5.0,9.33333,18.66667,114.33333,240.0,44.66667,93.66667,0.47667,12.66667,30.33333,0.41067,17.0,22.33333,0.746,11.33333,36.66667,48.0,24.66667,5.33333,5.33333,9.0,23.33333,119.0,0,0.05428,-0.05428,0.31158,0.30037,0.54372,0.50782,0.60274,0.59771,1458.19575,1526.19174,0.59609,0.40391,1.86893,3.00741,0.66667,240.0,47.33333,96.33333,0.49467,11.33333,31.66667,0.36333,16.66667,20.33333,0.82567,13.0,39.66667,52.66667,26.0,6.33333,7.33333,14.0,22.66667,122.66667,240.0,40.33333,92.0,0.439,13.0,37.0,0.35667,19.66667,25.0,0.81133,7.66667,33.0,40.66667,29.33333,7.33333,2.66667,12.0,20.66667,113.33333,0,-0.12475,0.12475,0.19148,0.38422,0.51002,0.55522,0.58135,0.61341,1464.08672,1508.8351,0.53958,0.46042,2.05854,2.38995,0.33333,,,,
240.0,42.33333,93.66667,0.452,9.33333,30.33333,0.31433,14.66667,19.0,0.78033,9.66667,30.33333,40.0,22.33333,5.33333,3.33333,11.0,22.66667,108.66667,240.0,45.33333,89.33333,0.50767,14.66667,38.33333,0.37833,18.0,22.0,0.80767,9.66667,37.66667,47.33333,28.66667,5.66667,4.33333,11.33333,17.0,123.33333,0,0.19277,-0.19277,0.32203,0.26307,0.58908,0.50196,0.6541,0.55624,1556.67122,1480.90515,0.41595,0.58405,2.76817,1.79229,0.66667,240.0,38.66667,85.33333,0.45833,11.66667,30.66667,0.366,17.66667,23.33333,0.757,13.33333,31.33333,44.66667,23.0,8.0,4.0,16.33333,21.0,106.66667,240.0,39.66667,84.0,0.47367,15.66667,46.0,0.34133,20.66667,24.33333,0.821,9.0,29.66667,38.66667,22.66667,10.0,3.0,14.66667,19.0,115.66667,0,0.12343,-0.12343,0.29466,0.43228,0.56805,0.52969,0.64978,0.59701,1579.95438,1453.82615,0.34958,0.65042,3.22534,1.59006,1.0,,,,
240.0,42.66667,85.0,0.50167,17.0,36.66667,0.46167,19.66667,26.0,0.75,13.33333,34.66667,48.0,23.66667,6.33333,4.33333,17.66667,21.33333,122.0,240.0,44.0,94.33333,0.46567,13.0,40.33333,0.32833,19.0,25.66667,0.71567,11.66667,26.33333,38.0,29.66667,10.33333,5.66667,10.0,20.33333,120.0,1,-0.02056,0.02056,0.33949,0.5037,0.53487,0.60146,0.60003,0.67117,1450.95115,1352.81908,0.36817,0.63183,3.16113,1.67422,0.33333,240.0,43.33333,90.66667,0.478,12.66667,36.33333,0.349,15.0,20.33333,0.741,6.66667,29.66667,36.33333,28.33333,6.0,6.0,7.66667,19.66667,114.33333,240.0,44.33333,86.66667,0.51433,9.66667,25.33333,0.382,19.66667,24.0,0.82067,8.66667,36.66667,45.33333,28.33333,3.0,2.66667,11.33333,19.66667,118.0,1,0.04208,-0.04208,0.31046,0.18288,0.56978,0.54779,0.64456,0.60078,1382.8258,1569.32271,0.744,0.256,1.37897,4.623,0.66667,,,,
240.0,37.0,82.0,0.45267,15.33333,36.0,0.42567,18.0,24.66667,0.658,8.0,31.0,39.0,23.33333,5.0,2.66667,13.33333,18.33333,107.33333,240.0,44.66667,90.0,0.49767,10.66667,30.33333,0.35133,12.0,19.66667,0.60967,10.33333,34.0,44.33333,26.0,5.66667,5.0,10.33333,21.0,112.0,0,0.07265,-0.07265,0.32769,0.24163,0.55662,0.54619,0.59429,0.61316,1450.58866,1276.62127,0.28452,0.71548,4.24122,1.43981,0.66667,240.0,37.66667,89.33333,0.42133,14.33333,45.33333,0.31267,19.0,25.0,0.76233,10.33333,28.0,38.33333,22.0,7.33333,3.66667,11.0,18.66667,108.66667,240.0,43.33333,84.0,0.51733,13.66667,32.66667,0.414,18.66667,25.33333,0.73,10.0,38.33333,48.33333,26.33333,6.0,7.33333,14.0,24.66667,119.0,0,0.14505,-0.14505,0.35411,0.28641,0.59835,0.50143,0.66542,0.57207,1465.54448,1476.62006,0.52554,0.47446,2.14119,2.48632,1.0,,,,
240.0,39.0,85.33333,0.45633,7.66667,26.66667,0.28233,18.33333,22.66667,0.807,9.66667,30.33333,40.0,23.33333,8.33333,5.0,14.66667,20.33333,104.0,240.0,42.33333,86.0,0.49467,13.66667,35.33333,0.389,18.66667,24.66667,0.749,11.33333,36.0,47.33333,27.33333,8.33333,2.66667,14.33333,23.33333,117.0,1,0.17192,-0.17192,0.38115,0.26644,0.57294,0.50139,0.64159,0.57609,1420.12344,1419.60581,0.5177,0.4823,2.26289,2.34636,1.0,240.0,41.0,87.0,0.47733,12.0,31.66667,0.37833,15.0,20.66667,0.73333,11.33333,38.0,49.33333,25.0,9.66667,2.66667,15.0,23.0,109.0,240.0,36.0,84.33333,0.42833,13.66667,43.33333,0.32133,19.33333,26.0,0.73833,9.0,31.66667,40.66667,23.33333,9.33333,1.0,14.0,20.0,105.0,1,-0.05282,0.05282,0.24306,0.34583,0.50949,0.54616,0.58428,0.60221,1467.56881,1543.56378,0.59714,0.40286,1.71755,2.59601,0.33333,,,,
240.0,42.66667,98.66667,0.433,14.66667,39.66667,0.371,10.66667,15.33333,0.782,15.66667,38.0,53.66667,30.66667,7.33333,2.66667,11.0,20.0,110.66667,240.0,38.33333,84.33333,0.45433,8.33333,32.33333,0.26333,17.33333,25.0,0.68233,6.0,36.0,42.0,24.0,6.66667,4.33333,12.0,18.66667,102.33333,0,-0.11155,0.11155,0.15774,0.43874,0.50385,0.50743,0.56957,0.54255,1476.19894,1588.83685,0.64297,0.35703,1.55991,2.8285,0.33333,240.0,44.0,95.66667,0.45967,13.33333,36.66667,0.36233,21.66667,25.0,0.884,11.66667,37.33333,49.0,29.0,11.66667,5.0,12.66667,23.66667,123.0,240.0,39.66667,89.66667,0.44133,13.66667,39.0,0.34367,17.66667,22.33333,0.78633,8.66667,37.66667,46.33333,28.0,6.33333,7.66667,17.66667,23.0,110.66667,0,-0.16072,0.16072,0.23234,0.30827,0.51667,0.52997,0.58339,0.60858,1634.394,1548.78751,0.36283,0.63717,2.85597,1.58487,0.33333,,,,
240.0,42.66667,90.0,0.48067,14.66667,34.0,0.423,11.33333,15.0,0.786,8.0,36.33333,44.33333,23.0,5.33333,6.66667,9.66667,19.0,111.33333,240.0,37.0,80.66667,0.45767,9.0,22.66667,0.40167,17.66667,24.0,0.72367,8.0,33.0,41.0,19.66667,6.33333,4.0,12.66667,16.0,100.66667,0,-0.13463,0.13463,0.22057,0.26698,0.5136,0.56219,0.58576,0.60263,1387.71189,1489.11484,0.63235,0.36765,1.6419,3.00379,0.33333,240.0,38.66667,89.33333,0.43,12.33333,34.66667,0.37233,16.33333,22.66667,0.728,8.66667,32.33333,41.0,22.33333,5.66667,3.33333,14.33333,22.0,106.0,240.0,45.0,87.33333,0.51667,13.0,35.33333,0.364,14.33333,21.0,0.69733,7.0,38.0,45.0,25.66667,5.0,4.33333,14.0,21.33333,117.33333,0,0.1576,-0.1576,0.21189,0.24217,0.59098,0.49978,0.63957,0.56041,1462.31239,1399.72664,0.42581,0.57419,2.57978,1.80536,0.66667,,,,
240.0,43.66667,93.66667,0.467,13.33333,43.0,0.30667,13.33333,17.0,0.82,10.0,34.33333,44.33333,24.0,7.0,4.66667,11.66667,17.66667,114.0,240.0,40.66667,87.66667,0.465,12.0,35.0,0.33533,19.66667,23.66667,0.82833,10.0,36.33333,46.33333,22.33333,6.33333,7.0,13.33333,18.66667,113.0,1,-0.00816,0.00816,0.30021,0.29168,0.53457,0.5391,0.60991,0.5863,1487.11618,1641.64226,0.70805,0.29195,1.41499,3.46438,0.66667,240.0,45.0,93.66667,0.48,8.0,24.66667,0.31267,16.66667,20.66667,0.747,11.33333,33.33333,44.66667,26.66667,9.33333,4.33333,8.33333,24.66667,114.66667,240.0,39.33333,83.0,0.474,8.33333,25.66667,0.32567,23.0,31.33333,0.73667,9.66667,34.0,43.66667,24.0,4.66667,4.0,13.33333,18.66667,110.0,1,-0.05352,0.05352,0.29085,0.37549,0.52405,0.52354,0.61194,0.58306,1584.66791,1559.91835,0.45921,0.54079,2.27268,1.89531,0.33333,,,,
240.0,40.66667,90.33333,0.45067,13.66667,41.0,0.33267,19.0,21.0,0.90833,7.66667,34.0,41.66667,22.33333,10.66667,5.0,12.66667,24.33333,114.0,240.0,39.66667,86.33333,0.45967,11.33333,33.0,0.34,21.33333,26.66667,0.79,9.66667,37.66667,47.33333,24.33333,7.33333,6.33333,17.33333,19.33333,112.0,1,-0.02375,0.02375,0.28426,0.20548,0.525,0.52581,0.60786,0.59993,1528.96056,1566.99045,0.54921,0.45079,1.91827,2.34683,0.33333,240.0,36.66667,87.66667,0.41833,9.66667,37.0,0.25667,18.0,24.33333,0.74067,11.33333,36.0,47.33333,17.66667,8.33333,3.0,13.33333,16.33333,101.0,240.0,42.33333,89.33333,0.47433,10.33333,34.0,0.29167,10.66667,14.0,0.755,9.66667,35.0,44.66667,26.0,8.33333,3.0,14.66667,20.0,105.66667,1,0.06048,-0.06048,0.27102,0.32617,0.53215,0.47406,0.57171,0.54338,1600.60022,1506.63943,0.3779,0.6221,2.79167,1.64898,0.66667,,,,
240.0,42.0,93.0,0.45267,10.0,28.33333,0.352,14.66667,20.66667,0.70267,12.0,37.33333,49.33333,26.0,9.33333,6.0,15.66667,21.0,108.66667,240.0,41.0,94.66667,0.43367,6.33333,26.0,0.24533,19.0,26.33333,0.721,12.66667,35.66667,48.33333,26.0,9.0,4.66667,12.66667,18.0,107.33333,0,-0.01803,0.01803,0.34422,0.33886,0.46766,0.50612,0.53575,0.55826,1503.69282,1581.41594,0.60266,0.39734,1.7245,2.79539,0.33333,240.0,38.66667,78.0,0.49533,15.0,34.0,0.448,18.66667,24.66667,0.75533,7.0,29.0,36.0,23.33333,6.66667,3.0,16.33333,21.0,111.0,240.0,39.66667,85.66667,0.46467,19.0,52.33333,0.36333,21.66667,24.33333,0.88767,9.66667,27.33333,37.0,24.66667,10.0,4.66667,12.0,21.66667,120.0,0,0.11436,-0.11436,0.3316,0.26305,0.576,0.59112,0.66218,0.66501,1570.30208,1425.00182,0.31979,0.68021,3.37316,1.4905,1.0,,,,
248.33333,45.0,97.0,0.464,11.66667,29.33333,0.412,20.33333,28.33333,0.72833,9.33333,34.0,43.33333,26.66667,9.33333,5.66667,9.66667,20.0,122.0,248.33333,44.33333,96.33333,0.46067,14.0,33.66667,0.41167,22.33333,26.0,0.86367,12.0,41.66667,53.66667,25.0,5.33333,7.33333,14.33333,21.33333,125.0,0,0.02505,-0.02505,0.34903,0.22622,0.53399,0.52457,0.61339,0.59194,1443.25968,1535.31421,0.61955,0.38045,1.93325,3.44226,0.66667,240.0,36.66667,89.66667,0.40867,8.0,32.66667,0.25367,21.0,30.66667,0.683,15.0,36.33333,51.33333,20.66667,6.33333,3.33333,10.66667,18.0,102.33333,240.0,39.66667,85.0,0.469,10.66667,28.0,0.376,17.33333,22.33333,0.81167,7.33333,36.0,43.33333,25.0,6.33333,4.0,11.33333,23.0,107.33333,0,0.06412,-0.06412,0.20442,0.42469,0.53108,0.45356,0.59786,0.53121,1578.85847,1562.17123,0.48191,0.51809,2.17239,2.03545,0.66667,,,,
240.0,45.66667,89.33333,0.51067,13.66667,35.0,0.39133,14.66667,17.33333,0.83733,6.0,35.33333,41.33333,32.0,9.66667,3.66667,13.66667,21.0,119.66667,240.0,39.33333,85.33333,0.46133,8.66667,30.33333,0.28733,16.33333,21.0,0.777,7.66667,35.0,42.66667,25.66667,5.66667,3.33333,16.0,20.33333,103.66667,0,-0.20727,0.20727,0.21565,0.16989,0.5131,0.58778,0.57774,0.64329,1509.91833,1605.57528,0.6091,0.3909,1.7341,2.81372,0.0,240.0,37.66667,88.66667,0.429,12.0,36.33333,0.33933,22.33333,29.0,0.76933,10.0,37.66667,47.66667,23.66667,5.0,8.33333,13.66667,24.33333,109.66667,240.0,44.0,94.66667,0.46433,15.0,35.0,0.427,19.33333,27.0,0.739,9.33333,39.33333,48.66667,28.66667,7.66667,4.0,10.33333,25.33333,122.33333,0,0.15711,-0.15711,0.24775,0.25198,0.54252,0.49835,0.60828,0.58478,1504.22674,1448.09415,0.44059,0.55941,2.57887,1.9192,1.0,,,,
240.0,35.66667,91.0,0.39133,6.66667,26.0,0.24067,27.66667,33.33333,0.82867,11.33333,36.33333,47.66667,18.33333,8.0,6.33333,12.66667,25.33333,105.66667,240.0,41.0,90.0,0.45733,9.66667,29.66667,0.321,22.66667,30.66667,0.749,11.33333,41.33333,52.66667,26.33333,8.66667,8.66667,15.33333,25.33333,114.33333,1,0.11598,-0.11598,0.32215,0.28068,0.51139,0.42743,0.59237,0.5369,1552.31454,1494.5056,0.42915,0.57085,2.3942,1.78419,0.66667,240.0,44.66667,94.33333,0.474,11.0,38.66667,0.281,18.33333,22.0,0.84967,9.66667,37.66667,47.33333,26.33333,6.0,4.66667,12.66667,23.33333,118.66667,240.0,44.33333,92.0,0.48067,9.66667,31.66667,0.304,20.33333,27.33333,0.75467,8.66667,34.0,42.66667,29.33333,5.0,5.33333,11.33333,20.0,118.66667,1,0.00364,-0.00364,0.23358,0.29203,0.53303,0.53314,0.60509,0.5994,1463.17844,1589.41255,0.66867,0.33133,1.51696,3.24914,0.66667,,,,
240.0,43.66667,85.33333,0.51367,11.0,26.66667,0.403,12.33333,17.33333,0.68067,7.33333,33.0,40.33333,26.33333,9.33333,3.0,13.66667,23.33333,110.66667,240.0,36.33333,82.33333,0.44367,13.66667,41.33333,0.32333,23.0,28.33333,0.82033,10.0,31.66667,41.66667,23.0,7.0,3.0,14.0,17.0,109.33333,1,-0.01914,0.01914,0.30711,0.2384,0.52746,0.57968,0.62077,0.62471,1543.80619,1465.36331,0.38347,0.61653,2.67167,1.64019,0.66667,240.0,44.33333,94.0,0.47167,12.66667,37.33333,0.33933,17.66667,20.0,0.878,11.0,33.66667,44.66667,28.0,9.66667,4.66667,12.0,21.0,119.0,240.0,38.66667,85.66667,0.452,11.0,33.0,0.33333,22.0,25.33333,0.869,7.0,33.33333,40.33333,24.33333,9.66667,5.33333,14.0,18.0,110.33333,1,-0.10924,0.10924,0.21032,0.34754,0.51677,0.53904,0.60571,0.60495,1482.90807,1604.96513,0.65961,0.34039,1.52015,2.96987,0.0,,,,
240.0,42.33333,86.66667,0.48833,19.33333,40.0,0.48233,19.66667,26.66667,0.73367,11.66667,34.0,45.66667,26.66667,7.66667,4.33333,14.0,21.33333,123.66667,240.0,44.66667,93.0,0.47967,11.66667,38.66667,0.302,21.0,26.66667,0.78433,11.33333,28.33333,39.66667,27.66667,7.33333,5.66667,11.33333,19.33333,122.0,0,-0.01542,0.01542,0.33512,0.41728,0.54257,0.59967,0.61683,0.6674,1475.6266,1346.78084,0.32719,0.67281,3.33294,1.51287,0.33333,240.0,40.0,88.66667,0.45067,13.0,40.66667,0.32467,19.33333,25.0,0.77567,7.33333,30.0,37.33333,23.66667,7.33333,3.33333,11.0,18.33333,112.33333,240.0,44.66667,90.0,0.49667,13.66667,34.66667,0.387,18.33333,24.0,0.76067,12.33333,37.33333,49.66667,29.0,6.33333,6.33333,12.66667,23.33333,121.33333,0,0.12903,-0.12903,0.4102,0.20258,0.57412,0.52398,0.63887,0.5956,1460.44899,1457.57651,0.50886,0.49114,2.33383,2.4527,0.66667,,,,
240.0,40.0,90.33333,0.44233,10.0,34.0,0.29767,20.66667,25.33333,0.80733,13.66667,38.33333,52.0,27.33333,8.33333,5.0,16.33333,21.66667,110.66667,240.0,40.33333,91.66667,0.441,10.66667,37.0,0.28533,20.33333,25.33333,0.81133,12.0,34.33333,46.33333,23.33333,8.66667,4.66667,13.33333,21.0,111.66667,0,0.02055,-0.02055,0.32745,0.39888,0.49849,0.49791,0.57498,0.57603,1514.93156,1458.5436,0.42282,0.57718,2.45124,1.75922,0.66667,240.0,39.66667,95.66667,0.41467,15.33333,41.66667,0.365,17.33333,24.33333,0.75433,14.0,28.0,42.0,21.0,7.33333,4.0,13.33333,23.66667,112.0,240.0,46.0,87.33333,0.526,9.66667,24.33333,0.41933,19.66667,26.66667,0.74067,10.0,39.33333,49.33333,27.33333,6.66667,4.33333,13.66667,21.66667,121.33333,0,0.1147,-0.1147,0.36944,0.35761,0.58137,0.49483,0.65028,0.55441,1534.19587,1539.91978,0.52748,0.47252,1.94759,2.17604,1.0,,,,
248.33333,36.66667,89.66667,0.40967,13.66667,38.0,0.36133,23.0,28.66667,0.80267,13.33333,35.66667,49.0,26.0,7.33333,3.33333,11.66667,22.0,110.0,248.33333,38.33333,86.66667,0.44333,12.66667,31.0,0.407,14.66667,24.33333,0.59633,10.33333,38.0,48.33333,24.0,8.0,3.33333,15.33333,25.0,104.0,1,-0.0806,0.0806,0.28864,0.35491,0.51766,0.48598,0.567,0.57412,1381.41388,1630.24101,0.79566,0.20434,1.26672,5.45575,0.33333,240.0,44.66667,90.0,0.50067,9.33333,30.0,0.31167,14.66667,22.33333,0.658,10.0,37.33333,47.33333,29.0,9.33333,6.33333,20.66667,20.0,113.33333,240.0,45.0,96.33333,0.46833,9.66667,30.66667,0.30967,14.33333,20.0,0.72367,10.0,35.33333,45.33333,25.66667,11.66667,5.33333,15.66667,21.0,114.0,1,0.003,-0.003,0.26425,0.27574,0.5191,0.55276,0.56771,0.60156,1520.2279,1548.58199,0.54066,0.45934,1.89404,2.23603,0.33333,,,,
240.0,34.66667,87.0,0.39867,13.66667,43.0,0.31667,23.33333,34.0,0.71767,11.0,33.0,44.0,21.33333,6.0,5.0,12.33333,21.0,106.33333,240.0,40.66667,93.66667,0.43767,11.33333,36.66667,0.31667,22.0,28.0,0.776,13.66667,38.33333,52.0,24.33333,5.33333,5.33333,11.0,26.33333,114.66667,0,0.12017,-0.12017,0.40932,0.30115,0.49982,0.47727,0.5792,0.5624,1431.79887,1455.1011,0.54576,0.45424,1.88239,2.31013,0.33333,240.0,40.33333,89.0,0.453,8.66667,23.66667,0.362,18.0,24.0,0.76167,6.33333,38.66667,45.0,26.33333,8.33333,7.0,14.0,23.33333,107.33333,240.0,37.0,95.0,0.391,10.33333,34.33333,0.3,22.0,29.66667,0.74233,13.66667,38.33333,52.0,21.33333,5.66667,4.66667,13.33333,21.0,106.33333,0,-0.01059,0.01059,0.34907,0.16537,0.44453,0.5015,0.52456,0.56929,1601.36915,1496.01705,0.35637,0.64363,2.93548,1.57985,0.33333,,,,
240.0,42.33333,90.33333,0.46833,11.66667,32.0,0.36333,14.66667,19.66667,0.74633,11.66667,35.0,46.66667,27.66667,6.33333,6.66667,12.33333,19.0,111.0,240.0,39.33333,85.66667,0.46333,8.33333,26.33333,0.31467,19.0,23.33333,0.814,7.66667,35.33333,43.0,26.0,7.33333,5.0,11.33333,17.33333,106.0,0,-0.0667,0.0667,0.21667,0.33033,0.51174,0.53297,0.5879,0.58609,1506.48334,1520.60987,0.50355,0.49645,2.24143,2.47257,0.33333,240.0,43.66667,85.0,0.516,14.33333,30.33333,0.454,18.0,22.33333,0.81367,10.0,36.33333,46.33333,23.66667,5.66667,6.66667,11.33333,23.0,119.66667,240.0,34.33333,85.33333,0.40033,14.0,36.66667,0.38167,22.33333,27.0,0.827,12.0,29.66667,41.66667,20.66667,5.66667,1.66667,12.33333,21.66667,105.0,0,-0.18911,0.18911,0.34921,0.33065,0.4823,0.60229,0.57429,0.66986,1273.96867,1499.51841,0.7709,0.2291,1.30786,4.883,0.33333,,,,
248.33333,46.33333,100.33333,0.461,15.33333,41.33333,0.371,19.66667,25.0,0.79,13.0,40.66667,53.66667,28.66667,4.33333,10.0,12.33333,18.33333,127.66667,248.33333,47.66667,103.33333,0.462,12.33333,34.0,0.36767,17.33333,24.66667,0.71433,13.0,37.33333,50.33333,27.0,7.66667,5.66667,10.0,21.0,125.0,0,-0.02858,0.02858,0.32351,0.35301,0.52257,0.53766,0.57577,0.60398,1510.52773,1686.49182,0.72581,0.27419,1.39269,3.87561,0.33333,240.0,44.66667,85.66667,0.52133,11.33333,27.0,0.41933,18.0,26.0,0.68867,9.66667,36.66667,46.33333,30.33333,7.0,5.33333,17.66667,21.66667,118.66667,240.0,39.33333,90.33333,0.44167,8.0,30.33333,0.25933,27.0,32.66667,0.82467,13.33333,29.33333,42.66667,23.0,12.0,3.66667,13.33333,23.66667,113.66667,0,-0.05961,0.05961,0.35833,0.33107,0.48594,0.58755,0.59068,0.65003,1290.02983,1544.86978,0.80503,0.19497,1.24885,5.732,0.33333,,,,
240.0,41.0,90.33333,0.45467,10.33333,32.66667,0.31667,18.33333,22.0,0.82967,11.66667,34.33333,46.0,21.33333,9.66667,3.0,12.66667,21.0,110.66667,240.0,40.66667,83.33333,0.489,9.66667,29.66667,0.32,15.33333,18.0,0.825,4.66667,31.33333,36.0,24.66667,7.0,5.0,14.0,19.33333,106.33333,0,-0.05988,0.05988,0.13449,0.3711,0.5472,0.51241,0.6099,0.58238,1569.62883,1598.78102,0.5354,0.4646,1.91342,2.23453,0.33333,240.0,38.0,82.0,0.464,8.0,25.33333,0.31433,24.66667,29.0,0.84233,8.0,37.66667,45.66667,22.0,9.33333,6.0,18.33333,26.0,108.66667,240.0,38.33333,92.33333,0.41467,9.0,31.66667,0.288,22.0,25.66667,0.85867,12.66667,34.66667,47.33333,21.66667,8.0,5.33333,13.66667,23.0,107.66667,0,-0.01301,0.01301,0.34048,0.23133,0.46332,0.51222,0.54943,0.61657,1416.42465,1449.8127,0.54467,0.45533,1.86583,2.24296,0.33333,,,,
240.0,39.0,95.66667,0.40733,9.33333,27.0,0.349,21.33333,28.33333,0.761,10.66667,37.33333,48.0,20.0,8.33333,4.0,11.66667,20.66667,108.66667,240.0,39.0,94.0,0.41967,10.66667,37.33333,0.28267,18.66667,25.66667,0.72233,12.0,43.33333,55.33333,18.66667,5.0,5.66667,15.0,24.66667,107.33333,0,-0.02052,0.02052,0.31429,0.24686,0.47579,0.45621,0.54214,0.53272,1479.25488,1472.53162,0.48809,0.51191,2.30896,2.30297,0.33333,240.0,48.0,91.66667,0.525,10.0,31.0,0.318,15.0,23.0,0.65433,12.66667,29.33333,42.0,27.0,7.66667,2.0,14.0,21.33333,121.0,240.0,47.0,90.0,0.52333,12.0,33.66667,0.356,20.33333,26.0,0.77567,12.66667,29.66667,42.33333,29.0,8.0,3.66667,14.0,22.66667,126.33333,0,0.05746,-0.05746,0.43901,0.43295,0.59073,0.58083,0.66079,0.62798,1460.35344,1509.88774,0.57783,0.42217,1.7809,2.48013,0.66667,,,,
240.0,34.0,85.33333,0.402,4.66667,24.0,0.19167,31.66667,36.33333,0.872,8.33333,36.33333,44.66667,19.0,9.33333,5.66667,16.66667,27.66667,104.33333,240.0,38.33333,89.0,0.43267,10.66667,33.33333,0.31933,26.0,34.33333,0.756,12.33333,38.0,50.33333,24.0,10.0,8.0,16.33333,27.33333,113.33333,1,0.11943,-0.11943,0.34596,0.22367,0.49258,0.42965,0.58836,0.56372,1535.08911,1497.13563,0.45757,0.54243,2.30764,1.94283,0.66667,248.33333,43.33333,97.0,0.444,11.33333,35.0,0.311,15.66667,23.33333,0.65633,12.33333,41.0,53.33333,28.0,4.66667,8.66667,15.33333,23.33333,113.66667,248.33333,42.66667,97.33333,0.43733,10.0,30.0,0.33333,24.33333,33.0,0.74,12.0,39.0,51.0,24.66667,9.66667,7.33333,11.0,19.0,119.66667,1,0.08237,-0.08237,0.29043,0.3187,0.48902,0.50097,0.57343,0.55268,1471.91284,1486.40412,0.52264,0.47736,2.271,2.61937,0.66667,,,,
240.0,47.0,93.66667,0.505,11.66667,30.66667,0.39767,17.33333,24.33333,0.711,12.0,37.66667,49.66667,31.0,9.66667,3.66667,19.33333,23.33333,123.0,240.0,42.66667,93.33333,0.457,9.66667,30.33333,0.318,22.66667,29.33333,0.77733,9.33333,31.33333,40.66667,29.0,12.33333,5.66667,14.33333,21.66667,117.66667,1,-0.06432,0.06432,0.24787,0.38252,0.50867,0.56877,0.5894,0.62546,1443.83106,1520.479,0.59302,0.40698,1.82585,2.97875,0.33333,240.0,38.33333,95.66667,0.40067,11.0,33.66667,0.31267,20.66667,26.0,0.79267,12.0,35.33333,47.33333,20.33333,6.33333,6.33333,9.33333,25.33333,108.33333,240.0,41.0,91.0,0.451,12.33333,33.66667,0.36867,22.66667,30.33333,0.73533,12.66667,41.33333,54.0,24.0,8.0,9.33333,12.0,22.33333,117.0,1,0.10961,-0.10961,0.35621,0.29971,0.51946,0.45782,0.60103,0.53421,1596.82076,1546.54942,0.44215,0.55785,2.43327,1.91355,1.0,,,,
240.0,40.33333,88.33333,0.45767,12.66667,39.33333,0.32167,20.66667,25.33333,0.81567,7.33333,33.66667,41.0,27.33333,6.33333,4.66667,15.0,23.0,114.0,240.0,44.66667,91.0,0.49167,14.66667,35.66667,0.41067,20.33333,24.33333,0.836,10.0,41.0,51.0,27.66667,7.0,5.33333,14.33333,22.66667,124.33333,1,0.12567,-0.12567,0.30262,0.17971,0.57266,0.53056,0.64637,0.60931,1529.64916,1461.64617,0.41951,0.58049,2.54968,1.76802,1.0,240.0,42.33333,95.33333,0.448,8.33333,28.0,0.29533,14.66667,17.33333,0.86133,12.33333,40.0,52.33333,20.0,6.0,6.66667,13.33333,18.33333,107.66667,240.0,36.66667,89.0,0.41267,13.0,42.33333,0.297,15.66667,19.33333,0.819,8.0,36.33333,44.33333,25.33333,6.0,2.66667,12.66667,18.33333,102.0,1,-0.05996,0.05996,0.19923,0.34401,0.48759,0.49346,0.54917,0.54793,1462.1663,1486.56139,0.52784,0.47216,2.09037,2.31361,0.33333,,,,
240.0,47.0,91.66667,0.51433,12.33333,25.66667,0.481,15.33333,21.33333,0.72333,11.33333,35.66667,47.0,28.66667,11.66667,4.33333,17.66667,21.0,121.66667,240.0,40.66667,92.66667,0.439,11.66667,34.66667,0.334,20.33333,23.66667,0.85867,11.66667,31.66667,43.33333,28.33333,11.0,5.0,17.66667,20.0,113.33333,0,-0.10069,0.10069,0.33065,0.35875,0.50189,0.58235,0.57909,0.63346,1489.33189,1522.91617,0.52797,0.47203,2.10753,2.71876,0.0,273.33333,44.33333,98.0,0.44967,15.33333,41.66667,0.36067,27.0,40.0,0.68733,10.66667,44.33333,55.0,26.0,7.0,5.66667,15.33333,25.33333,131.0,273.33333,45.33333,106.66667,0.41933,14.33333,48.0,0.288,20.66667,27.0,0.76167,12.66667,41.66667,54.33333,25.33333,8.66667,4.0,14.66667,29.66667,125.66667,0,-0.0603,0.0603,0.29794,0.25709,0.48562,0.52677,0.55361,0.60924,1338.712,1456.97295,0.65619,0.34381,1.54348,3.03616,0.0,,,,
240.0,40.66667,87.0,0.46667,11.0,32.33333,0.33533,19.0,22.0,0.873,7.33333,35.33333,42.66667,29.33333,9.66667,3.33333,14.0,22.0,111.33333,240.0,40.0,86.33333,0.463,12.66667,33.33333,0.383,14.66667,19.66667,0.732,7.66667,35.66667,43.33333,27.33333,6.66667,3.66667,14.66667,23.0,107.33333,1,-0.04786,0.04786,0.21565,0.20284,0.53603,0.53018,0.59252,0.60693,1575.26653,1599.51814,0.52931,0.47069,1.96708,2.27383,0.33333,240.0,44.66667,91.33333,0.48967,12.66667,37.0,0.34633,17.66667,21.66667,0.80467,12.33333,39.66667,52.0,29.33333,5.66667,4.0,10.33333,18.0,119.66667,240.0,41.33333,90.33333,0.45767,10.0,36.33333,0.27133,15.33333,21.66667,0.71567,6.66667,33.66667,40.33333,25.66667,3.66667,4.66667,11.0,21.33333,108.0,1,-0.14953,0.14953,0.16727,0.36206,0.51242,0.55905,0.56711,0.62388,1451.62498,1597.62557,0.67946,0.32054,1.49625,3.36189,0.0,,,,
240.0,41.0,92.33333,0.44367,11.66667,38.66667,0.301,24.66667,29.33333,0.84967,10.66667,37.0,47.66667,28.33333,7.33333,4.33333,16.0,26.0,118.33333,240.0,43.0,91.0,0.472,12.33333,35.33333,0.348,24.33333,30.33333,0.80667,9.0,39.66667,48.66667,26.0,7.33333,5.66667,14.33333,24.66667,122.66667,0,0.05256,-0.05256,0.24984,0.28498,0.53932,0.50799,0.62794,0.60024,1528.66222,1459.07453,0.41034,0.58966,2.58847,1.73321,0.66667,240.0,38.0,86.0,0.44233,10.33333,34.33333,0.30233,23.66667,31.33333,0.75333,9.66667,36.33333,46.0,20.33333,8.0,3.0,13.0,20.0,110.0,240.0,41.33333,88.66667,0.46667,10.0,31.0,0.31167,14.66667,18.66667,0.76867,8.66667,35.66667,44.33333,24.33333,7.33333,3.0,14.66667,23.66667,107.33333,0,-0.03674,0.03674,0.24573,0.27546,0.52309,0.50304,0.57815,0.59257,1607.07377,1522.94737,0.37769,0.62231,2.79379,1.64852,0.33333,,,,
240.0,44.0,92.0,0.47733,13.33333,33.66667,0.40133,13.0,15.33333,0.84767,7.66667,30.33333,38.0,24.0,4.66667,3.33333,12.0,23.0,114.33333,240.0,42.0,89.0,0.473,14.66667,39.66667,0.36467,21.66667,25.0,0.857,11.0,38.0,49.0,26.33333,6.0,3.66667,13.66667,17.66667,120.33333,1,0.07337,-0.07337,0.3637,0.21416,0.5547,0.55013,0.63639,0.5989,1588.96786,1477.35696,0.35721,0.64279,3.12955,1.61812,0.66667,240.0,40.33333,91.33333,0.44133,12.0,33.66667,0.35433,16.66667,23.0,0.76067,11.66667,33.0,44.66667,27.0,6.0,2.66667,11.0,19.66667,109.33333,240.0,44.0,89.66667,0.49,11.33333,32.33333,0.346,18.33333,23.33333,0.76167,10.66667,36.66667,47.33333,26.33333,6.66667,1.66667,12.33333,21.33333,117.66667,1,0.10909,-0.10909,0.354,0.32337,0.55326,0.50669,0.6195,0.56531,1470.27901,1463.30899,0.50435,0.49565,1.99615,2.03125,1.0,,,,
273.33333,45.0,97.0,0.46367,13.66667,33.66667,0.395,25.33333,30.66667,0.86533,8.0,39.66667,47.66667,22.66667,10.0,6.0,13.0,23.0,129.0,273.33333,47.66667,99.33333,0.47933,15.0,40.33333,0.37067,15.33333,22.33333,0.70367,9.66667,40.66667,50.33333,27.66667,7.33333,6.33333,16.66667,21.66667,125.66667,0,-0.03376,0.03376,0.25392,0.19459,0.554,0.53144,0.60142,0.6184,1421.80091,1383.07539,0.44423,0.55577,2.37871,1.85836,0.0,240.0,43.66667,91.0,0.47967,8.66667,27.0,0.32033,18.33333,27.66667,0.67733,15.33333,34.0,49.33333,23.0,5.66667,5.66667,13.66667,23.0,114.33333,240.0,42.0,84.66667,0.498,12.33333,28.66667,0.43,23.66667,30.0,0.8,8.0,31.66667,39.66667,31.33333,7.66667,7.33333,11.0,20.66667,120.0,0,0.06837,-0.06837,0.22664,0.5037,0.57024,0.52756,0.65929,0.58928,1582.59825,1522.51355,0.42313,0.57687,2.36393,1.73372,0.66667,,,,
240.0,38.33333,82.66667,0.46533,16.33333,38.33333,0.425,21.0,27.0,0.781,8.33333,30.0,38.33333,25.0,6.0,2.33333,14.33333,22.33333,114.0,240.0,44.66667,88.33333,0.509,11.66667,30.0,0.396,18.0,27.33333,0.652,13.0,32.0,45.0,26.0,4.66667,5.0,11.33333,21.66667,119.0,0,0.06383,-0.06383,0.45981,0.2611,0.57538,0.56434,0.63472,0.64484,1419.24892,1277.88558,0.31706,0.68294,3.36709,1.49072,0.66667,240.0,38.0,85.66667,0.44367,10.66667,27.0,0.381,18.33333,27.66667,0.68367,8.66667,33.66667,42.33333,20.66667,8.66667,4.33333,13.0,21.66667,105.0,240.0,39.66667,87.66667,0.45233,10.66667,27.33333,0.383,22.33333,26.66667,0.84467,11.33333,38.0,49.33333,26.0,8.66667,3.33333,15.0,21.33333,112.33333,0,0.10688,-0.10688,0.33822,0.22399,0.51315,0.5059,0.60052,0.57351,1582.47003,1568.54444,0.49744,0.50256,2.05783,2.03313,0.66667,,,,
240.0,37.66667,85.33333,0.44233,13.66667,40.66667,0.34067,18.66667,25.66667,0.72267,8.66667,31.33333,40.0,25.0,4.66667,4.66667,12.33333,19.33333,107.66667,240.0,47.66667,92.66667,0.51767,15.33333,39.66667,0.38567,16.0,20.66667,0.77167,9.0,36.66667,45.66667,30.66667,7.33333,2.33333,10.0,23.66667,126.66667,0,0.24755,-0.24755,0.31121,0.24956,0.60062,0.52292,0.65468,0.59424,1474.28348,1436.25275,0.46568,0.53432,2.15152,1.87441,1.0,240.0,37.33333,93.66667,0.399,8.33333,33.33333,0.256,15.33333,18.33333,0.85933,9.33333,34.33333,43.66667,17.33333,6.33333,3.66667,9.33333,17.33333,98.33333,240.0,43.0,87.33333,0.49233,14.0,34.66667,0.401,13.0,19.0,0.70667,8.33333,41.33333,49.66667,27.0,4.0,7.0,12.0,14.33333,113.0,0,0.20044,-0.20044,0.24309,0.22399,0.57265,0.44397,0.61712,0.5047,1513.93459,1497.87331,0.49637,0.50363,2.21397,2.17021,0.66667,,,,
240.0,39.33333,85.33333,0.46133,16.33333,41.33333,0.39533,18.33333,23.66667,0.795,8.66667,32.0,40.66667,22.33333,10.0,4.33333,10.33333,22.66667,113.33333,240.0,37.66667,83.0,0.45567,9.66667,31.0,0.31033,19.0,24.0,0.787,10.66667,35.66667,46.33333,21.33333,5.66667,3.33333,14.66667,20.0,104.0,1,-0.12638,0.12638,0.32908,0.2477,0.51364,0.55817,0.59077,0.62662,1564.97193,1577.67973,0.50161,0.49839,2.0508,2.0783,0.0,240.0,39.33333,86.0,0.463,12.66667,33.0,0.38233,17.33333,23.33333,0.74733,10.33333,40.0,50.33333,27.0,8.33333,3.66667,14.0,26.33333,108.66667,240.0,33.33333,83.33333,0.40167,11.0,39.33333,0.28367,20.66667,29.66667,0.688,10.0,32.33333,42.33333,21.0,9.0,2.66667,13.33333,22.0,98.33333,1,-0.15462,0.15462,0.25393,0.30694,0.46798,0.53698,0.54929,0.6035,1457.28162,1531.20691,0.58567,0.41433,1.77308,2.55739,0.33333,,,,
240.0,39.66667,93.33333,0.42333,14.0,38.33333,0.36633,14.33333,18.66667,0.82567,13.33333,34.66667,48.0,27.0,6.66667,3.0,12.33333,18.66667,107.66667,240.0,42.0,84.33333,0.498,11.0,30.33333,0.35333,13.33333,21.0,0.642,6.0,36.33333,42.33333,28.33333,8.0,7.0,12.66667,21.0,108.33333,1,0.00477,-0.00477,0.1751,0.36837,0.56338,0.49828,0.60908,0.55223,1531.74329,1589.88132,0.58446,0.41554,1.7556,2.52271,0.66667,240.0,43.0,91.66667,0.47,15.66667,41.66667,0.37033,16.66667,25.33333,0.65933,12.33333,34.0,46.33333,26.66667,9.33333,3.66667,13.0,24.0,118.33333,240.0,43.33333,89.0,0.48633,10.0,30.66667,0.32267,23.0,30.66667,0.749,9.66667,37.66667,47.33333,28.33333,8.0,3.0,13.33333,21.33333,119.66667,1,0.00989,-0.00989,0.28708,0.33704,0.54234,0.55814,0.6249,0.61174,1590.60318,1470.11774,0.33749,0.66251,3.26048,1.54597,0.66667,,,,
240.0,46.33333,94.0,0.496,10.33333,29.66667,0.363,17.0,25.66667,0.66933,12.66667,38.33333,51.0,30.0,8.0,4.0,18.0,23.33333,120.0,240.0,44.33333,93.66667,0.47333,11.33333,30.33333,0.37033,22.33333,31.33333,0.71867,10.33333,31.66667,42.0,30.0,11.33333,5.0,12.66667,22.33333,122.33333,1,0.02981,-0.02981,0.26975,0.3982,0.53386,0.55245,0.6082,0.60654,1441.81431,1517.26283,0.60113,0.39887,1.77742,3.00202,0.66667,240.0,36.66667,88.66667,0.41267,9.66667,34.0,0.25933,23.33333,31.66667,0.72267,10.33333,32.33333,42.66667,25.33333,8.33333,6.0,15.0,27.66667,106.33333,240.0,41.66667,90.66667,0.46267,10.66667,29.0,0.36567,22.0,31.33333,0.70267,13.0,39.66667,52.66667,27.66667,8.66667,5.0,17.33333,26.33333,116.0,1,0.12503,-0.12503,0.40048,0.26813,0.52247,0.46768,0.59809,0.55663,1593.60679,1565.44201,0.47148,0.52852,2.15436,1.91244,0.66667,,,,
240.0,39.66667,89.0,0.45333,12.33333,32.66667,0.36967,13.66667,18.0,0.77133,11.0,36.0,47.0,22.0,5.66667,6.66667,12.0,21.66667,105.33333,240.0,36.0,80.0,0.44933,9.66667,27.33333,0.34367,18.33333,25.66667,0.70033,7.33333,33.0,40.33333,18.66667,8.33333,3.0,15.0,18.33333,100.0,0,-0.04043,0.04043,0.20194,0.32948,0.51001,0.52372,0.584,0.57434,1378.63747,1495.55287,0.66411,0.33589,1.52581,3.14611,0.33333,240.0,39.66667,82.0,0.489,19.0,43.0,0.44567,17.66667,22.33333,0.794,9.33333,28.66667,38.0,28.33333,7.66667,3.66667,16.0,23.0,116.0,240.0,43.66667,83.33333,0.528,9.66667,25.0,0.389,17.66667,26.0,0.66867,10.0,30.33333,40.33333,27.0,9.0,4.0,14.33333,20.33333,114.66667,0,-0.0189,0.0189,0.38081,0.30021,0.5865,0.6064,0.64829,0.67341,1475.10846,1419.62275,0.42563,0.57437,2.85605,2.07817,0.66667,,,,
248.33333,46.0,96.66667,0.476,8.0,30.33333,0.25733,19.66667,28.66667,0.68567,14.0,35.66667,49.66667,23.33333,5.33333,6.0,11.0,24.0,119.66667,248.33333,45.0,96.66667,0.46733,13.0,29.66667,0.44667,26.33333,31.66667,0.832,13.66667,35.0,48.66667,32.33333,5.0,7.0,10.33333,21.66667,129.33333,0,0.11137,-0.11137,0.38114,0.45212,0.53634,0.5175,0.62788,0.58174,1462.59672,1527.09106,0.5998,0.4002,1.7589,2.82308,1.0,248.33333,39.66667,89.0,0.44833,12.66667,34.66667,0.36767,17.33333,21.33333,0.81133,12.33333,30.66667,43.0,25.33333,7.66667,5.33333,13.33333,24.0,109.33333,248.33333,41.0,86.33333,0.47533,15.0,36.66667,0.40667,18.33333,25.33333,0.73367,11.0,36.0,47.0,26.0,8.0,3.0,14.33333,21.66667,115.33333,0,0.07646,-0.07646,0.36111,0.3443,0.56207,0.51964,0.62804,0.58605,1480.7702,1561.4277,0.61406,0.38594,1.66212,2.71204,1.0,,,,
240.0,41.33333,89.0,0.46733,13.33333,40.33333,0.33433,17.66667,24.0,0.77333,7.0,34.0,41.0,20.0,8.66667,4.33333,11.0,19.0,113.66667,240.0,40.33333,86.33333,0.46767,14.33333,34.33333,0.41533,20.33333,24.66667,0.82067,10.66667,38.33333,49.0,23.33333,4.0,6.0,16.33333,23.33333,115.33333,1,0.0255,-0.0255,0.32164,0.18035,0.55148,0.54364,0.62919,0.60626,1519.85814,1640.07555,0.66698,0.33302,1.51482,3.12969,0.66667,240.0,38.33333,88.33333,0.438,11.33333,31.66667,0.347,17.0,20.66667,0.836,12.33333,31.66667,44.0,23.66667,7.33333,3.33333,14.33333,19.66667,105.0,240.0,39.33333,84.33333,0.46867,16.33333,43.33333,0.375,20.33333,23.33333,0.84067,9.0,35.66667,44.66667,23.0,8.66667,3.0,15.33333,18.66667,115.33333,1,0.14154,-0.14154,0.29063,0.35321,0.56615,0.50406,0.64734,0.57092,1592.12586,1497.54555,0.38731,0.61269,2.67531,1.6609,1.0,,,,
240.0,40.0,87.66667,0.45733,16.66667,44.33333,0.37233,20.33333,25.66667,0.80433,9.66667,33.0,42.66667,23.66667,10.66667,4.66667,12.0,22.66667,117.0,240.0,39.33333,83.33333,0.47267,11.33333,32.33333,0.34633,19.66667,25.33333,0.77033,8.33333,37.33333,45.66667,24.66667,8.33333,5.0,16.0,21.33333,109.66667,1,-0.09427,0.09427,0.2533,0.26204,0.53969,0.55365,0.61738,0.62832,1569.33353,1571.59636,0.49124,0.50876,2.1147,2.04916,0.0,240.0,39.0,87.33333,0.44667,11.33333,33.0,0.33767,19.0,23.66667,0.799,10.33333,36.66667,47.0,25.66667,7.0,5.33333,14.0,20.33333,108.33333,240.0,43.0,88.66667,0.48767,12.66667,30.66667,0.40733,13.0,16.33333,0.778,5.33333,34.33333,39.66667,30.66667,7.33333,4.33333,11.66667,20.33333,111.66667,1,0.04392,-0.04392,0.14227,0.3012,0.55836,0.51118,0.60784,0.58574,1629.65579,1568.76925,0.41884,0.58116,2.44719,1.7396,0.66667,,,,
240.0,37.33333,84.66667,0.44333,11.33333,30.33333,0.37333,16.66667,20.66667,0.805,8.0,32.0,40.0,22.66667,9.33333,6.0,11.66667,20.66667,102.66667,240.0,40.66667,85.0,0.479,16.0,37.66667,0.42367,16.0,23.33333,0.691,11.0,36.0,47.0,25.33333,8.66667,5.0,13.33333,20.33333,113.33333,0,0.1436,-0.1436,0.34926,0.23295,0.57315,0.50979,0.62917,0.57755,1545.74037,1579.28286,0.5605,0.4395,1.92808,2.4833,1.0,240.0,44.0,91.0,0.48433,10.66667,29.33333,0.349,20.0,25.0,0.79567,11.0,34.33333,45.33333,24.33333,8.66667,5.0,12.0,20.33333,118.66667,240.0,41.0,87.66667,0.46767,11.33333,27.66667,0.40667,22.0,26.0,0.851,9.33333,33.66667,43.0,27.33333,7.0,4.0,14.33333,20.33333,115.33333,0,-0.03614,0.03614,0.27143,0.36502,0.53231,0.54477,0.61751,0.61637,1581.41594,1580.74696,0.4947,0.5053,2.06862,2.02205,0.33333,,,,
240.0,42.33333,86.66667,0.49133,11.33333,31.33333,0.35933,19.33333,22.33333,0.86533,9.0,33.0,42.0,25.0,8.33333,3.66667,15.66667,25.66667,115.33333,240.0,40.66667,79.66667,0.51167,12.33333,29.33333,0.42067,22.0,26.66667,0.84167,3.33333,30.33333,33.66667,25.33333,9.0,5.33333,14.0,19.66667,115.66667,1,0.00306,-0.00306,0.10131,0.29534,0.58913,0.55676,0.67725,0.63237,1519.01012,1598.83765,0.60736,0.39264,1.71889,2.76963,0.66667,240.0,40.0,93.66667,0.428,12.0,36.33333,0.33933,18.66667,26.33333,0.701,10.0,32.33333,42.33333,23.0,7.66667,6.66667,12.33333,25.66667,110.66667,240.0,46.66667,90.0,0.51967,13.66667,29.33333,0.45567,21.66667,29.33333,0.75967,9.66667,41.33333,51.0,27.33333,5.33333,3.0,15.0,26.66667,128.66667,1,0.21454,-0.21454,0.32032,0.23977,0.5948,0.49218,0.6693,0.55834,1515.83239,1492.77836,0.50225,0.49775,2.36344,2.22692,1.0,,,,
240.0,42.33333,86.33333,0.49167,9.33333,27.0,0.345,15.66667,23.0,0.68533,8.66667,33.0,41.66667,28.33333,7.0,3.66667,17.0,24.33333,109.66667,240.0,43.33333,88.33333,0.49167,10.0,34.0,0.28533,22.0,26.33333,0.82967,11.0,35.33333,46.33333,24.0,9.33333,5.66667,13.66667,21.33333,118.66667,1,0.11203,-0.11203,0.3298,0.24603,0.54695,0.54622,0.63324,0.60152,1407.48208,1457.93223,0.57677,0.42323,1.81981,2.62056,1.0,240.0,42.33333,86.33333,0.49133,12.66667,31.0,0.38867,16.66667,24.33333,0.68467,10.33333,34.0,44.33333,25.0,8.33333,6.33333,14.33333,19.0,114.0,240.0,43.33333,89.0,0.488,6.33333,22.33333,0.28367,17.0,23.66667,0.71833,11.0,30.33333,41.33333,22.0,7.33333,4.0,14.33333,18.33333,110.0,1,-0.05112,0.05112,0.32576,0.33732,0.52338,0.56401,0.58457,0.62172,1386.40948,1475.86901,0.61573,0.38427,1.71948,2.93388,0.33333,,,,
240.0,41.66667,88.33333,0.47333,10.0,25.33333,0.385,10.33333,15.66667,0.61233,10.66667,31.0,41.66667,24.66667,10.0,4.33333,13.66667,22.0,103.66667,240.0,35.0,80.33333,0.437,13.33333,36.0,0.357,20.33333,26.0,0.77,10.0,32.33333,42.33333,22.33333,6.0,4.33333,16.33333,17.66667,103.66667,1,-0.00792,0.00792,0.32182,0.34396,0.52067,0.53132,0.60358,0.56796,1545.99297,1466.66615,0.3863,0.6137,2.65918,1.65051,0.66667,240.0,36.33333,82.0,0.44333,11.66667,30.66667,0.37267,16.0,20.0,0.80133,6.33333,40.33333,46.66667,22.0,8.66667,6.66667,17.33333,21.66667,100.33333,240.0,35.0,95.0,0.36833,11.0,33.0,0.33667,17.33333,25.0,0.69367,16.66667,35.33333,52.0,19.33333,7.66667,5.33333,13.66667,19.0,98.33333,1,-0.03083,0.03083,0.41574,0.17989,0.42608,0.51388,0.48938,0.58051,1588.83579,1519.02763,0.39845,0.60155,2.71849,1.73759,0.66667,,,,
240.0,39.0,91.0,0.43,7.66667,26.66667,0.28267,16.33333,22.0,0.73567,14.33333,35.33333,49.66667,25.0,9.33333,4.66667,15.33333,20.33333,102.0,240.0,40.33333,88.33333,0.45733,9.0,30.33333,0.29133,16.66667,23.33333,0.70733,10.33333,34.33333,44.66667,23.66667,8.33333,2.0,14.0,17.66667,106.33333,1,0.06422,-0.06422,0.29875,0.41756,0.50882,0.47248,0.56995,0.53394,1530.33457,1577.39574,0.57308,0.42692,1.82655,2.65415,0.66667,240.0,43.0,95.0,0.45067,13.66667,34.0,0.40833,13.66667,18.0,0.762,8.0,30.66667,38.66667,26.66667,7.0,3.66667,10.66667,18.66667,113.33333,240.0,45.66667,90.33333,0.505,16.66667,40.66667,0.40933,21.33333,24.33333,0.87733,10.66667,41.33333,52.0,25.33333,7.33333,6.66667,12.0,17.66667,129.33333,1,0.19516,-0.19516,0.35429,0.1968,0.59701,0.52315,0.67491,0.57128,1691.03703,1527.29271,0.30126,0.69874,3.44627,1.44021,1.0,,,,
240.0,36.33333,83.33333,0.43733,9.66667,24.33333,0.39767,21.33333,29.0,0.736,9.0,37.66667,46.66667,19.0,7.66667,7.0,17.0,22.33333,103.66667,240.0,42.0,87.33333,0.48033,14.0,31.0,0.44533,18.66667,24.0,0.77533,6.33333,36.0,42.33333,27.33333,9.0,5.33333,14.0,25.66667,116.66667,0,0.16855,-0.16855,0.1688,0.25704,0.55948,0.49438,0.62979,0.57817,1424.56589,1301.02772,0.35168,0.64832,3.12715,1.60224,1.0,248.33333,42.33333,96.33333,0.43867,14.33333,38.66667,0.367,19.33333,28.0,0.69667,13.0,33.33333,46.33333,23.66667,8.33333,5.0,16.33333,25.33333,118.33333,248.33333,46.66667,95.33333,0.49367,10.33333,29.66667,0.36367,22.33333,29.0,0.77733,11.66667,40.33333,52.0,25.33333,8.33333,3.66667,13.33333,23.0,126.0,0,0.09136,-0.09136,0.33889,0.32025,0.54803,0.51313,0.62378,0.57679,1526.24012,1507.08733,0.48382,0.51618,2.12658,1.99965,1.0,,,,
240.0,37.66667,92.66667,0.408,13.66667,39.0,0.35333,21.0,28.66667,0.73167,13.66667,38.0,51.66667,19.66667,5.66667,4.66667,13.0,21.33333,110.0,240.0,44.66667,95.66667,0.46633,10.33333,26.66667,0.382,17.0,24.0,0.70533,13.66667,38.0,51.66667,22.66667,9.66667,6.66667,10.0,21.33333,116.66667,1,0.08523,-0.08523,0.36182,0.35963,0.51995,0.48228,0.57788,0.55759,1471.86704,1687.54336,0.75724,0.24276,1.35254,5.87579,1.0,240.0,47.66667,96.0,0.498,10.33333,32.66667,0.31367,11.66667,16.66667,0.73633,10.33333,41.0,51.33333,28.33333,9.33333,9.33333,18.33333,17.66667,117.33333,240.0,42.66667,99.33333,0.43133,8.0,30.33333,0.27,12.66667,19.0,0.65767,11.66667,37.0,48.66667,24.66667,10.66667,4.0,15.66667,18.0,106.0,1,-0.14458,0.14458,0.2794,0.2763,0.47183,0.55145,0.51405,0.59015,1515.82594,1607.53002,0.61382,0.38618,1.63224,2.60253,0.0,,,,
240.0,38.33333,88.0,0.43567,10.0,28.66667,0.345,19.0,26.66667,0.70233,10.0,38.0,48.0,21.66667,8.66667,9.0,12.33333,19.33333,105.66667,240.0,39.66667,94.66667,0.41767,14.33333,39.0,0.37467,15.0,18.33333,0.81633,12.0,38.0,50.0,24.0,6.33333,3.33333,15.33333,22.66667,108.66667,0,0.02648,-0.02648,0.31979,0.27193,0.49267,0.49287,0.54884,0.56349,1370.3228,1304.94278,0.41272,0.58728,2.67269,1.77266,0.66667,248.33333,44.0,98.33333,0.445,11.66667,34.33333,0.329,20.66667,28.0,0.74067,14.0,42.33333,56.33333,25.66667,4.0,8.0,13.0,24.0,120.33333,248.33333,44.0,98.33333,0.44733,9.0,28.33333,0.31333,25.0,33.0,0.76667,11.33333,39.66667,51.0,27.66667,8.0,8.33333,9.33333,21.66667,122.0,0,0.02329,-0.02329,0.2662,0.3572,0.49302,0.50286,0.57985,0.57388,1471.25136,1494.15818,0.52813,0.47187,2.25097,2.64359,0.33333,,,,
240.0,40.33333,85.66667,0.471,8.66667,29.66667,0.28667,16.66667,23.33333,0.71867,7.33333,37.33333,44.66667,23.66667,10.33333,4.0,15.66667,20.33333,106.0,240.0,38.33333,89.33333,0.42933,14.66667,35.66667,0.411,18.33333,24.33333,0.806,13.33333,35.33333,48.66667,23.33333,8.66667,3.33333,15.66667,20.33333,109.66667,0,0.05772,-0.05772,0.35833,0.20963,0.51152,0.52127,0.57926,0.58395,1490.71707,1445.63704,0.43922,0.56078,2.51145,1.88241,0.66667,240.0,38.66667,88.0,0.44333,12.33333,34.0,0.363,20.33333,26.0,0.77467,10.33333,36.33333,46.66667,22.0,5.33333,4.33333,11.33333,18.33333,110.0,240.0,39.66667,92.66667,0.42767,9.33333,30.33333,0.30733,18.0,25.33333,0.7,13.66667,36.0,49.66667,19.66667,6.0,5.0,9.0,21.0,106.66667,0,-0.0442,0.0442,0.38234,0.29215,0.47798,0.51404,0.54283,0.59103,1307.51026,1423.09556,0.64476,0.35524,1.65068,3.24282,0.33333,,,,
240.0,40.66667,87.66667,0.46733,11.66667,35.0,0.34133,14.33333,18.0,0.86867,8.33333,35.0,43.33333,22.33333,8.66667,4.0,13.0,18.66667,107.33333,240.0,38.66667,84.66667,0.457,12.0,34.33333,0.35833,18.66667,22.33333,0.82933,8.33333,35.0,43.33333,22.66667,5.0,5.0,15.33333,18.33333,108.0,1,0.01251,-0.01251,0.23579,0.26012,0.52828,0.53525,0.6035,0.58993,1570.04702,1637.4328,0.59878,0.40122,1.68327,2.54148,0.33333,240.0,37.33333,84.66667,0.44067,10.66667,29.0,0.363,14.33333,19.0,0.75433,6.33333,37.33333,43.66667,24.66667,8.33333,6.33333,16.33333,22.33333,99.66667,240.0,37.33333,92.0,0.40633,9.33333,28.33333,0.32967,19.66667,26.66667,0.74333,13.66667,35.66667,49.33333,22.66667,8.0,4.66667,12.33333,19.0,103.66667,1,0.05833,-0.05833,0.36389,0.17778,0.45679,0.50295,0.53031,0.56091,1596.69141,1496.36629,0.3673,0.6327,2.83744,1.60451,0.66667,,,,
240.0,41.33333,89.33333,0.462,9.0,28.66667,0.31067,12.66667,16.66667,0.769,10.33333,32.66667,43.0,25.66667,6.0,5.33333,12.0,19.33333,104.33333,240.0,38.66667,83.0,0.46867,9.33333,31.33333,0.29233,22.33333,26.33333,0.85633,8.66667,35.0,43.66667,22.66667,7.66667,5.0,10.66667,15.66667,109.0,0,0.06923,-0.06923,0.25758,0.29541,0.52509,0.51257,0.6168,0.56009,1394.19611,1518.12318,0.66296,0.33704,1.65001,3.73391,0.66667,240.0,45.0,91.33333,0.49333,8.33333,26.0,0.30467,19.0,25.0,0.71233,10.0,34.0,44.0,26.33333,11.0,5.66667,11.0,24.33333,117.33333,240.0,39.33333,85.33333,0.46067,10.0,27.0,0.36533,24.0,30.66667,0.78733,10.0,33.33333,43.33333,25.66667,5.33333,4.0,15.66667,20.33333,112.66667,0,-0.05264,0.05264,0.2946,0.34151,0.51904,0.54114,0.61152,0.60756,1582.98149,1567.94698,0.47296,0.52704,2.22908,1.96721,0.33333,,,,
240.0,37.33333,85.66667,0.43633,11.66667,29.66667,0.39333,20.66667,29.33333,0.7,10.0,38.66667,48.66667,20.33333,8.66667,7.66667,14.66667,22.0,107.0,240.0,40.0,90.66667,0.441,13.33333,34.0,0.395,18.0,23.0,0.78067,8.33333,37.33333,45.66667,26.66667,8.0,3.66667,13.66667,25.33333,111.33333,0,0.043,-0.043,0.21501,0.27655,0.51349,0.50448,0.58138,0.58114,1436.95642,1305.28016,0.32453,0.67547,3.24783,1.50272,0.66667,240.0,42.66667,90.33333,0.47533,12.0,31.33333,0.39967,17.33333,24.66667,0.698,12.66667,36.33333,49.0,26.0,8.0,3.0,16.33333,22.33333,114.66667,240.0,40.0,87.0,0.46333,8.33333,27.33333,0.30067,27.66667,33.0,0.83767,12.66667,32.66667,45.33333,22.66667,11.33333,6.66667,14.0,22.0,116.0,0,0.02291,-0.02291,0.3453,0.38147,0.51033,0.54211,0.61918,0.60206,1285.29575,1552.1188,0.81428,0.18572,1.23734,6.61088,0.66667,,,,
240.0,41.66667,92.33333,0.45167,11.66667,37.66667,0.29833,16.33333,26.66667,0.61533,13.33333,32.0,45.33333,22.66667,7.0,5.0,14.0,26.33333,111.33333,240.0,44.33333,89.33333,0.49633,10.66667,23.0,0.46167,23.33333,31.66667,0.73533,10.66667,38.66667,49.33333,23.66667,7.66667,4.0,12.66667,23.66667,122.66667,1,0.1412,-0.1412,0.33354,0.34517,0.55604,0.51404,0.63686,0.56636,1547.45911,1593.95963,0.5866,0.4134,1.7167,2.45009,1.0,240.0,44.0,90.33333,0.49033,10.66667,27.0,0.41033,15.66667,19.0,0.81433,12.0,34.0,46.0,21.0,5.0,6.33333,12.66667,19.0,114.33333,240.0,44.66667,92.33333,0.484,14.0,35.66667,0.39067,18.0,21.33333,0.848,8.33333,29.66667,38.0,26.66667,6.66667,3.33333,7.66667,17.0,121.33333,1,0.08268,-0.08268,0.25235,0.39398,0.55985,0.54894,0.62508,0.6079,1570.6562,1554.73285,0.48961,0.51039,2.16472,2.0752,0.66667,,,,
240.0,38.0,93.66667,0.40633,10.0,29.66667,0.33733,21.33333,27.66667,0.77567,11.33333,36.66667,48.0,21.33333,8.66667,2.66667,14.0,22.0,107.33333,240.0,39.0,87.66667,0.44767,10.66667,34.33333,0.30733,20.33333,27.33333,0.733,9.0,42.33333,51.33333,22.66667,8.33333,4.0,16.0,24.33333,109.0,0,0.01622,-0.01622,0.24236,0.26759,0.50875,0.45965,0.58446,0.53839,1433.16803,1470.56406,0.55208,0.44792,1.91399,2.49432,0.66667,240.0,37.33333,86.33333,0.43367,12.33333,40.66667,0.28567,15.66667,22.66667,0.70267,11.33333,36.33333,47.66667,18.66667,8.66667,4.0,13.66667,18.0,102.66667,240.0,39.66667,85.66667,0.46433,7.66667,30.33333,0.25033,14.0,18.66667,0.74133,9.0,34.66667,43.66667,23.0,8.0,2.33333,13.66667,20.33333,101.0,0,-0.02163,0.02163,0.24683,0.32867,0.50888,0.50749,0.56419,0.56486,1590.72883,1542.44944,0.43031,0.56969,2.42193,1.78967,0.33333,,,,
240.0,40.0,94.66667,0.423,13.66667,40.33333,0.34033,22.0,28.33333,0.78333,15.33333,38.33333,53.66667,22.33333,6.0,6.0,13.33333,20.66667,115.66667,240.0,43.66667,94.33333,0.46267,10.66667,30.33333,0.35233,18.33333,25.0,0.73867,13.66667,36.0,49.66667,24.33333,9.0,7.0,11.66667,22.33333,116.33333,0,0.0144,-0.0144,0.36011,0.42158,0.51891,0.49551,0.58274,0.57434,1450.4912,1685.46302,0.77158,0.22842,1.32766,6.1255,0.66667,240.0,39.0,94.33333,0.41567,13.0,35.66667,0.35367,8.33333,11.66667,0.82733,9.0,34.0,43.0,21.0,6.0,2.66667,10.0,16.66667,99.33333,240.0,42.66667,85.66667,0.49867,8.33333,20.33333,0.42333,14.66667,20.33333,0.721,8.0,41.0,49.0,22.0,6.33333,6.66667,10.0,14.33333,108.33333,0,0.12486,-0.12486,0.23569,0.22412,0.54732,0.48346,0.60122,0.51394,1514.14652,1553.32156,0.57079,0.42921,1.77856,2.38387,1.0,,,,
248.33333,41.0,93.66667,0.43467,13.66667,37.0,0.37,17.0,20.66667,0.83633,11.66667,37.66667,49.33333,26.66667,8.66667,6.66667,14.33333,19.0,112.66667,248.33333,40.66667,95.0,0.43,10.66667,32.33333,0.34,13.0,20.33333,0.628,12.33333,39.0,51.33333,25.0,10.0,2.33333,15.33333,20.66667,105.0,1,-0.09781,0.09781,0.32453,0.30032,0.4867,0.50815,0.53082,0.57332,1431.65465,1632.93367,0.73987,0.26013,1.37183,4.58519,0.33333,240.0,36.0,86.66667,0.417,15.0,43.66667,0.342,16.66667,21.0,0.79533,9.66667,25.66667,35.33333,24.33333,7.0,3.0,13.33333,20.0,103.66667,240.0,44.33333,82.66667,0.53867,11.66667,27.33333,0.42767,18.66667,26.33333,0.70567,10.66667,36.66667,47.33333,30.0,6.33333,7.0,13.66667,19.33333,119.0,1,0.20652,-0.20652,0.4283,0.27686,0.60872,0.50439,0.6745,0.57005,1474.33034,1353.53717,0.35923,0.64077,3.03992,1.61322,1.0,,,,
256.66667,45.0,92.33333,0.486,14.0,37.66667,0.363,20.0,28.66667,0.69267,11.33333,38.66667,50.0,29.66667,7.66667,8.0,18.33333,22.33333,124.0,256.66667,45.33333,102.0,0.44367,11.33333,31.0,0.35467,16.66667,23.0,0.71933,11.33333,35.0,46.33333,23.66667,9.33333,4.66667,13.33333,25.0,118.66667,0,-0.07222,0.07222,0.30139,0.32996,0.49767,0.56162,0.55153,0.62647,1572.63151,1596.54813,0.52487,0.47513,1.92896,2.14127,0.33333,240.0,40.33333,83.33333,0.48567,9.0,26.66667,0.33767,18.66667,22.0,0.84233,7.33333,34.0,41.33333,23.33333,9.0,6.0,17.33333,25.66667,108.33333,240.0,40.66667,87.33333,0.47,10.33333,30.0,0.35467,20.66667,25.66667,0.82167,10.33333,35.33333,45.66667,22.33333,8.33333,5.0,15.33333,19.66667,112.33333,0,0.05096,-0.05096,0.29619,0.20355,0.5311,0.53954,0.6102,0.61622,1423.7422,1480.61832,0.58082,0.41918,1.78512,2.58719,0.66667,,,,
248.33333,43.66667,100.33333,0.43533,12.33333,39.0,0.31233,20.0,29.66667,0.672,15.0,36.66667,51.66667,18.0,4.66667,6.66667,12.66667,30.33333,119.66667,248.33333,41.0,89.66667,0.45833,9.66667,29.33333,0.36,31.66667,42.66667,0.742,11.33333,40.66667,52.0,20.66667,6.66667,4.66667,11.0,25.66667,123.33333,1,0.04515,-0.04515,0.30994,0.37172,0.5124,0.49789,0.62367,0.56046,1544.85373,1585.72653,0.56697,0.43303,1.78547,2.35066,0.66667,240.0,40.0,95.33333,0.41933,9.66667,28.33333,0.34233,20.66667,26.0,0.79267,13.33333,34.66667,48.0,20.0,9.66667,7.0,11.0,22.66667,110.33333,240.0,41.66667,93.33333,0.446,12.33333,33.66667,0.36867,17.0,24.0,0.728,14.33333,37.66667,52.0,26.33333,8.33333,8.33333,15.66667,21.0,112.66667,1,0.03104,-0.03104,0.41319,0.3581,0.51238,0.46993,0.57154,0.54601,1598.83235,1568.50917,0.45969,0.54031,2.30195,1.95734,0.66667,,,,
240.0,37.33333,89.33333,0.417,10.33333,32.0,0.31767,13.66667,16.66667,0.80667,11.0,35.0,46.0,22.33333,5.0,3.33333,12.0,18.66667,98.66667,240.0,37.33333,84.66667,0.44033,11.33333,34.0,0.33633,22.66667,25.0,0.907,8.33333,38.0,46.33333,23.66667,7.66667,4.0,10.66667,16.66667,108.66667,0,0.14054,-0.14054,0.24158,0.28773,0.5071,0.47469,0.60249,0.53009,1439.95483,1508.34184,0.59922,0.40078,1.81004,3.12114,1.0,240.0,46.0,94.33333,0.48667,9.33333,31.66667,0.28233,18.33333,26.33333,0.69233,11.66667,32.33333,44.0,26.66667,6.0,3.0,11.66667,22.66667,119.66667,240.0,46.33333,92.33333,0.501,12.33333,34.33333,0.35833,24.33333,30.0,0.81033,12.33333,35.0,47.33333,29.66667,7.0,2.33333,12.33333,23.33333,129.33333,0,0.11107,-0.11107,0.40846,0.34129,0.56826,0.53666,0.6538,0.59769,1465.27768,1471.17645,0.52317,0.47683,1.94005,2.1383,1.0,,,,
240.0,38.0,82.33333,0.46233,8.66667,27.0,0.31,19.66667,23.66667,0.84167,7.66667,38.0,45.66667,23.33333,6.66667,7.0,15.66667,25.33333,104.33333,240.0,32.66667,88.66667,0.368,10.66667,37.33333,0.28533,21.33333,29.66667,0.72567,14.66667,34.66667,49.33333,20.33333,8.33333,4.33333,14.0,22.66667,97.33333,0,-0.10973,0.10973,0.40254,0.21306,0.42813,0.51644,0.51149,0.59795,1437.80689,1427.67331,0.47097,0.52903,2.41715,2.13779,0.66667,240.0,40.66667,92.0,0.44133,14.33333,39.33333,0.361,18.0,26.66667,0.77767,8.66667,39.66667,48.33333,25.66667,5.66667,7.0,12.66667,21.0,113.66667,240.0,41.0,98.33333,0.41733,12.66667,40.33333,0.31867,20.0,24.66667,0.81267,13.0,40.33333,53.33333,24.33333,6.33333,3.0,11.0,22.33333,114.66667,0,0.0075,-0.0075,0.32921,0.21999,0.48267,0.51872,0.55402,0.58127,1341.72722,1493.19629,0.71157,0.28843,1.40752,3.49707,0.33333,,,,
240.0,33.0,86.0,0.38433,12.33333,40.33333,0.30867,21.0,31.66667,0.68933,9.66667,34.66667,44.33333,20.0,6.66667,4.66667,13.66667,18.33333,99.33333,240.0,41.33333,97.0,0.429,11.0,34.33333,0.33333,18.66667,24.33333,0.76133,15.0,40.0,55.0,26.33333,7.0,5.66667,10.66667,25.33333,112.33333,0,0.18511,-0.18511,0.42843,0.2456,0.48686,0.45613,0.55189,0.53354,1467.224,1461.80795,0.51101,0.48899,2.10036,2.21196,0.66667,240.0,41.33333,88.66667,0.46567,7.0,22.0,0.32533,14.66667,20.0,0.73833,8.66667,34.66667,43.33333,23.0,8.66667,4.0,11.66667,21.33333,104.33333,240.0,39.66667,89.66667,0.44167,13.33333,39.66667,0.33733,14.33333,19.33333,0.75567,12.33333,35.66667,48.0,29.0,7.33333,6.66667,14.0,20.66667,107.0,0,0.02864,-0.02864,0.36716,0.24578,0.51613,0.50502,0.56867,0.56078,1599.53384,1534.77251,0.41557,0.58443,2.43868,1.72408,0.33333,,,,
240.0,42.66667,94.33333,0.45167,15.0,37.0,0.409,11.66667,13.66667,0.85067,9.33333,30.66667,40.0,22.0,6.33333,4.33333,11.66667,20.33333,112.0,240.0,41.0,88.33333,0.465,15.66667,40.33333,0.38767,22.0,25.33333,0.86067,11.33333,40.33333,51.66667,25.66667,8.0,3.66667,14.33333,16.0,119.66667,0,0.09288,-0.09288,0.37194,0.23818,0.55327,0.53179,0.6368,0.5757,1592.77207,1471.68282,0.34707,0.65293,3.1696,1.57691,0.66667,240.0,37.0,79.66667,0.46533,13.66667,36.66667,0.36833,16.33333,22.66667,0.71467,8.0,36.33333,44.33333,27.0,7.66667,8.0,17.0,22.33333,104.0,240.0,39.66667,89.66667,0.44333,9.0,25.66667,0.351,15.0,23.33333,0.641,10.66667,33.33333,44.0,23.33333,10.0,3.33333,12.0,19.33333,103.33333,0,0.02487,-0.02487,0.3152,0.23798,0.49379,0.5525,0.54683,0.61557,1482.5315,1610.22066,0.67194,0.32806,1.52522,3.32471,0.33333,,,,
273.33333,43.66667,98.0,0.44467,11.0,32.33333,0.31033,26.0,32.33333,0.82733,11.0,40.0,51.0,22.0,9.66667,7.0,13.33333,23.33333,124.33333,273.33333,46.66667,100.33333,0.46133,14.0,37.33333,0.38,17.0,22.33333,0.773,10.66667,41.0,51.66667,25.66667,8.0,7.33333,16.0,24.33333,124.33333,0,0.01372,-0.01372,0.28095,0.27017,0.52909,0.49727,0.58688,0.58654,1446.96038,1386.75128,0.42065,0.57935,2.68102,1.81257,0.33333,248.33333,39.33333,89.0,0.44433,12.0,30.66667,0.396,19.33333,22.0,0.883,12.0,31.0,43.0,23.33333,6.33333,5.33333,13.0,24.33333,110.0,248.33333,43.0,89.0,0.482,14.66667,35.66667,0.409,18.0,25.66667,0.70567,11.33333,33.66667,45.0,27.33333,7.66667,3.33333,10.66667,21.0,118.66667,0,0.10614,-0.10614,0.36828,0.34741,0.56441,0.5117,0.62617,0.58876,1490.70973,1577.04128,0.63496,0.36504,1.58792,2.80772,1.0,,,,
240.0,38.0,89.66667,0.42633,16.0,39.66667,0.40167,13.33333,17.66667,0.76233,8.66667,28.66667,37.33333,21.66667,7.0,2.0,13.0,21.33333,105.33333,240.0,43.33333,85.0,0.51233,10.66667,27.0,0.39733,17.66667,25.33333,0.70933,12.33333,39.33333,51.66667,25.66667,4.66667,6.33333,15.66667,18.33333,115.0,0,0.1244,-0.1244,0.45683,0.22103,0.57507,0.5178,0.63725,0.56846,1509.96546,1284.99877,0.22522,0.77478,4.6404,1.29467,1.0,240.0,40.33333,92.0,0.43933,10.33333,34.33333,0.311,13.0,15.0,0.86567,8.33333,34.33333,42.66667,18.66667,6.33333,3.33333,11.33333,16.0,104.0,240.0,41.0,85.66667,0.47933,13.0,31.33333,0.41667,12.66667,19.0,0.688,9.33333,39.66667,49.0,25.0,5.0,6.66667,14.33333,15.33333,107.66667,0,0.05162,-0.05162,0.27434,0.2109,0.55568,0.49588,0.59993,0.5469,1513.84723,1479.7541,0.45676,0.54324,2.42105,2.04185,0.66667,,,,
240.0,39.33333,89.66667,0.43733,12.33333,40.0,0.309,14.66667,22.0,0.67633,9.66667,29.33333,39.0,23.0,5.66667,2.66667,11.33333,17.66667,105.66667,240.0,46.66667,88.33333,0.52867,14.33333,34.33333,0.42067,15.66667,20.66667,0.753,9.66667,38.66667,48.33333,28.33333,6.66667,2.66667,13.0,22.33333,123.33333,0,0.23254,-0.23254,0.34684,0.26438,0.61002,0.50596,0.66408,0.55738,1478.48693,1426.20702,0.44285,0.55715,2.28422,1.8072,1.0,240.0,41.0,88.33333,0.46333,13.0,34.33333,0.37967,17.66667,24.33333,0.776,11.33333,30.66667,42.0,25.66667,8.66667,5.33333,15.33333,22.33333,112.66667,240.0,43.33333,92.0,0.476,11.33333,29.0,0.387,18.33333,22.66667,0.81233,11.0,34.0,45.0,30.0,8.33333,6.0,14.0,20.33333,116.33333,0,0.0401,-0.0401,0.35355,0.34105,0.53937,0.53751,0.607,0.60106,1592.18459,1542.57539,0.43372,0.56628,2.33159,1.77917,0.33333,,,,
240.0,40.33333,93.0,0.43533,6.66667,27.0,0.24,17.33333,20.33333,0.84733,10.0,38.66667,48.66667,19.66667,4.33333,6.33333,11.33333,18.66667,104.66667,240.0,40.33333,90.33333,0.44433,16.0,43.33333,0.37133,15.0,19.66667,0.75967,9.66667,39.33333,49.0,23.33333,5.33333,4.66667,11.66667,20.0,111.66667,1,0.09819,-0.09819,0.25044,0.25576,0.53439,0.47157,0.58939,0.5377,1375.85165,1512.71703,0.70347,0.29653,1.44294,3.62437,0.66667,240.0,36.0,81.0,0.44833,13.33333,38.0,0.359,16.66667,22.33333,0.746,7.66667,35.33333,43.0,22.33333,6.66667,4.33333,13.66667,24.33333,102.0,240.0,32.33333,80.33333,0.40433,10.66667,36.33333,0.296,19.33333,27.66667,0.697,11.0,34.33333,45.33333,22.66667,8.66667,5.0,13.66667,21.66667,94.66667,1,-0.11562,0.11562,0.31742,0.21264,0.47099,0.52991,0.55086,0.59713,1442.7834,1538.03722,0.61631,0.38369,1.70798,2.8782,0.33333,,,,
240.0,41.33333,93.0,0.44233,13.0,38.0,0.34433,15.66667,20.66667,0.759,14.33333,36.33333,50.66667,27.66667,7.0,3.66667,14.0,19.33333,111.33333,240.0,41.33333,87.0,0.477,12.33333,35.0,0.34933,13.66667,21.0,0.65933,8.0,32.33333,40.33333,27.33333,9.33333,6.33333,13.66667,22.0,108.66667,1,-0.03943,0.03943,0.21796,0.44296,0.5482,0.51254,0.59479,0.57069,1555.87554,1593.54373,0.55213,0.44787,1.86242,2.35957,0.33333,240.0,47.66667,94.0,0.50867,13.33333,33.66667,0.398,11.33333,14.66667,0.75633,9.66667,32.66667,42.33333,29.33333,8.66667,6.0,12.33333,21.66667,120.0,240.0,38.66667,82.0,0.47133,12.66667,32.0,0.388,23.33333,28.0,0.83,7.33333,34.0,41.33333,23.66667,7.66667,4.66667,14.66667,17.0,113.33333,1,-0.09598,0.09598,0.22595,0.28041,0.54857,0.58005,0.64109,0.61883,1472.38737,1509.76838,0.54111,0.45889,1.91627,2.33103,0.33333,,,,
240.0,45.0,90.66667,0.495,8.0,26.66667,0.3,18.66667,24.66667,0.77067,13.0,33.33333,46.33333,22.0,3.66667,5.33333,13.33333,23.33333,116.66667,240.0,46.33333,91.66667,0.50467,13.66667,31.0,0.45,23.0,28.33333,0.80833,11.33333,29.66667,41.0,31.33333,6.33333,6.0,8.0,19.66667,129.33333,0,0.14791,-0.14791,0.34153,0.45281,0.58015,0.54061,0.66124,0.60851,1515.58455,1520.43695,0.53429,0.46571,1.91213,2.19983,1.0,240.0,41.66667,90.33333,0.46067,12.66667,37.0,0.345,18.33333,28.0,0.656,12.0,33.66667,45.66667,28.0,8.66667,5.0,16.33333,27.0,114.33333,240.0,40.0,93.0,0.43133,9.66667,28.33333,0.34167,22.66667,29.33333,0.771,12.33333,36.33333,48.66667,26.0,9.33333,5.33333,15.33333,24.33333,112.33333,0,-0.02733,0.02733,0.36668,0.33275,0.484,0.53178,0.56669,0.59312,1592.25133,1575.88121,0.47303,0.52697,2.14441,1.91669,0.33333,,,,
240.0,33.0,85.66667,0.39033,8.33333,32.66667,0.26133,12.66667,18.33333,0.69967,11.33333,31.0,42.33333,19.66667,6.33333,6.33333,14.66667,21.33333,87.0,240.0,40.0,81.66667,0.49,9.0,25.33333,0.34733,16.0,23.0,0.69333,8.66667,37.66667,46.33333,21.0,9.33333,4.33333,14.66667,18.0,105.0,0,0.29873,-0.29873,0.29101,0.29219,0.54525,0.43952,0.60546,0.48973,1451.28325,1494.23595,0.58927,0.41073,1.7101,2.47778,0.66667,240.0,42.0,86.33333,0.48633,12.33333,34.0,0.35133,11.33333,15.0,0.76267,7.66667,37.33333,45.0,23.33333,6.0,5.0,13.33333,21.66667,107.66667,240.0,35.66667,85.33333,0.41467,15.0,39.33333,0.38233,22.33333,25.33333,0.89267,9.66667,33.0,42.66667,20.66667,7.33333,1.33333,11.66667,17.66667,108.66667,0,0.01644,-0.01644,0.26144,0.25119,0.50198,0.55804,0.5956,0.60022,1285.03728,1538.271,0.82143,0.17857,1.2229,6.29973,0.66667,,,,
240.0,43.0,95.0,0.45467,11.66667,32.0,0.36333,21.0,24.66667,0.85067,8.66667,32.33333,41.0,27.33333,8.33333,3.33333,11.33333,24.0,118.66667,240.0,43.0,91.66667,0.46933,11.33333,30.33333,0.374,25.33333,31.33333,0.80667,12.66667,36.0,48.66667,24.0,7.66667,6.66667,14.33333,23.0,122.66667,1,0.04867,-0.04867,0.39345,0.23874,0.53169,0.51686,0.62353,0.59319,1463.06728,1287.85632,0.28444,0.71556,4.16207,1.43405,0.66667,240.0,40.66667,91.66667,0.44133,14.0,36.66667,0.38267,21.66667,25.33333,0.87633,11.66667,35.33333,47.0,28.33333,11.33333,5.0,14.0,23.0,117.0,240.0,40.33333,86.33333,0.46767,13.33333,35.33333,0.37733,15.66667,21.33333,0.731,8.33333,36.0,44.33333,28.0,8.33333,7.33333,18.33333,23.66667,109.66667,1,-0.09631,0.09631,0.23508,0.32407,0.54479,0.51778,0.60299,0.60085,1631.79266,1585.26029,0.42667,0.57333,2.35701,1.74968,0.33333,,,,
240.0,34.33333,83.33333,0.41433,9.66667,27.0,0.34933,17.66667,26.0,0.70167,8.0,32.66667,40.66667,21.0,9.33333,4.66667,12.66667,22.0,96.0,240.0,40.33333,84.66667,0.477,12.33333,31.66667,0.37867,18.0,24.66667,0.72867,10.33333,38.33333,48.66667,24.0,9.33333,4.66667,13.66667,22.33333,111.0,0,0.21033,-0.21033,0.31801,0.21052,0.55033,0.47191,0.61696,0.54202,1578.60636,1570.56594,0.51653,0.48347,2.06363,2.23575,1.0,240.0,41.0,89.33333,0.45833,11.66667,32.33333,0.36367,15.0,19.0,0.819,11.0,29.66667,40.66667,24.66667,9.33333,3.66667,14.33333,20.66667,108.66667,240.0,43.0,86.0,0.50167,11.66667,30.33333,0.38567,17.33333,20.33333,0.851,8.33333,33.0,41.33333,30.66667,8.33333,6.66667,13.66667,18.0,115.0,0,0.07626,-0.07626,0.28271,0.33891,0.56986,0.52369,0.63746,0.58018,1593.28278,1483.4516,0.35666,0.64334,2.90244,1.56787,0.66667,,,,
273.33333,44.33333,98.0,0.45267,11.33333,30.33333,0.366,24.0,32.66667,0.73867,10.66667,38.66667,49.33333,21.33333,7.0,5.66667,11.66667,22.66667,124.0,273.33333,49.33333,99.33333,0.49533,17.33333,40.0,0.45,16.33333,23.66667,0.68867,10.0,41.0,51.0,28.66667,7.33333,6.0,13.0,26.66667,132.33333,0,0.11547,-0.11547,0.27419,0.26036,0.58203,0.50743,0.63264,0.58411,1479.61148,1383.07238,0.38012,0.61988,2.94776,1.7009,0.66667,240.0,44.0,96.33333,0.45867,12.33333,37.0,0.342,16.33333,23.66667,0.68967,13.0,30.66667,43.66667,24.33333,7.33333,4.66667,12.0,26.0,116.66667,240.0,43.33333,89.0,0.48967,10.33333,22.66667,0.47467,23.66667,32.66667,0.73933,15.0,35.33333,50.33333,23.33333,6.0,2.66667,13.33333,24.33333,120.66667,0,0.03991,-0.03991,0.49965,0.40236,0.54835,0.5228,0.63133,0.57638,1520.52716,1593.45117,0.6134,0.3866,1.63171,2.59245,0.66667,,,,
240.0,43.33333,88.0,0.493,10.33333,28.33333,0.36133,15.33333,21.0,0.734,8.33333,34.0,42.33333,25.0,7.33333,4.33333,13.66667,22.0,112.33333,240.0,40.66667,86.66667,0.472,8.66667,29.66667,0.296,21.66667,25.0,0.892,11.66667,35.66667,47.33333,21.33333,6.66667,4.33333,13.33333,21.66667,111.66667,0,-0.00649,0.00649,0.34074,0.23404,0.52129,0.55193,0.60932,0.60728,1354.43207,1455.0222,0.63048,0.36952,1.60866,2.85115,0.66667,240.0,37.66667,85.33333,0.44167,11.66667,32.33333,0.355,19.33333,23.0,0.84533,9.33333,34.66667,44.0,23.33333,8.66667,4.66667,13.0,22.66667,106.33333,240.0,42.66667,88.0,0.487,12.0,32.0,0.37,13.33333,17.0,0.766,8.66667,32.66667,41.33333,26.0,5.66667,5.33333,11.66667,18.66667,110.66667,0,0.05521,-0.05521,0.24914,0.28686,0.55445,0.51012,0.60536,0.58879,1631.52597,1591.14695,0.44759,0.55241,2.24065,1.8137,0.66667,,,,
240.0,42.0,89.33333,0.47167,11.0,27.66667,0.39733,13.33333,17.0,0.75833,11.33333,31.66667,43.0,25.66667,10.66667,4.33333,13.33333,20.33333,108.33333,240.0,35.33333,82.0,0.43233,14.33333,39.66667,0.35733,19.0,23.33333,0.79133,10.33333,31.33333,41.66667,21.66667,5.66667,5.66667,17.66667,19.0,104.0,1,-0.06526,0.06526,0.32441,0.36746,0.52079,0.53465,0.59851,0.58438,1541.81914,1477.98461,0.40308,0.59692,2.53059,1.6918,0.33333,240.0,39.33333,91.66667,0.42967,9.33333,29.0,0.32767,9.0,11.66667,0.74867,10.0,35.0,45.0,23.66667,5.66667,4.0,12.33333,18.33333,97.0,240.0,41.66667,85.0,0.48933,8.33333,21.33333,0.39633,17.66667,20.66667,0.84367,6.66667,38.33333,45.0,22.66667,6.33333,7.0,9.66667,13.0,109.33333,1,0.18057,-0.18057,0.19113,0.2584,0.53853,0.48125,0.61095,0.51524,1534.51475,1513.24897,0.49195,0.50805,2.68612,2.25865,1.0,,,,
240.0,40.33333,89.33333,0.45033,6.66667,27.66667,0.24167,18.66667,26.0,0.714,10.66667,32.0,42.66667,24.66667,10.66667,4.0,14.66667,22.66667,106.0,240.0,39.0,84.33333,0.46833,15.0,35.33333,0.42933,22.33333,30.0,0.74867,13.0,36.0,49.0,23.66667,8.0,5.0,18.0,21.66667,115.33333,0,0.12863,-0.12863,0.42315,0.30198,0.55683,0.48745,0.63969,0.5559,1464.69312,1442.00519,0.47891,0.52109,2.41695,2.21771,1.0,240.0,42.0,94.33333,0.444,14.66667,36.0,0.41067,15.33333,21.33333,0.72867,9.0,34.0,43.0,25.66667,7.33333,3.66667,11.66667,21.0,114.0,240.0,43.33333,90.33333,0.48067,15.66667,43.0,0.36867,22.0,26.33333,0.83267,10.66667,40.0,50.66667,24.33333,8.33333,6.0,11.66667,19.33333,124.33333,0,0.1332,-0.1332,0.32482,0.23709,0.56719,0.52181,0.64715,0.57403,1698.56365,1544.8168,0.30994,0.69006,3.36352,1.45922,0.66667,,,,
240.0,40.66667,85.33333,0.47667,13.33333,35.33333,0.379,12.33333,14.66667,0.86867,9.0,37.66667,46.66667,26.66667,8.0,4.66667,14.33333,20.66667,107.0,240.0,36.33333,87.33333,0.421,11.33333,36.0,0.32333,17.0,22.66667,0.75167,10.66667,32.33333,43.0,18.66667,6.0,4.33333,12.0,15.33333,101.0,1,-0.08975,0.08975,0.2706,0.29485,0.48607,0.55491,0.55308,0.60438,1574.4245,1642.52724,0.58771,0.41229,1.71419,2.46809,0.33333,248.33333,42.33333,93.33333,0.45233,14.66667,38.33333,0.385,14.66667,23.0,0.634,11.66667,34.33333,46.0,23.66667,5.66667,7.0,15.66667,21.0,114.0,248.33333,46.66667,99.0,0.474,10.66667,29.33333,0.37767,19.0,24.0,0.79567,12.33333,36.66667,49.0,25.0,9.33333,5.0,9.66667,19.0,123.0,1,0.11464,-0.11464,0.35202,0.31666,0.52819,0.53031,0.59165,0.5763,1518.9189,1446.63334,0.41946,0.58054,2.82989,1.85863,1.0,,,,
240.0,44.0,90.33333,0.49,10.66667,30.66667,0.347,19.33333,23.33333,0.83367,12.0,32.66667,44.66667,26.0,8.0,3.33333,14.33333,24.0,118.0,240.0,38.33333,84.33333,0.45967,12.0,25.0,0.50167,22.0,28.66667,0.77467,11.0,29.0,40.0,22.66667,8.33333,4.33333,13.0,21.0,110.66667,1,-0.09354,0.09354,0.34152,0.42611,0.5325,0.54863,0.61732,0.62065,1480.43066,1602.14117,0.65544,0.34456,1.53651,2.9818,0.33333,240.0,49.0,94.66667,0.51767,10.33333,34.33333,0.29867,15.33333,19.66667,0.794,7.0,42.33333,49.33333,29.66667,8.0,8.0,16.33333,18.0,123.66667,240.0,43.33333,100.33333,0.43367,9.66667,36.66667,0.28133,10.66667,16.33333,0.651,11.33333,36.0,47.33333,24.0,6.66667,2.66667,16.33333,19.33333,107.0,1,-0.20763,0.20763,0.26307,0.19634,0.48167,0.57186,0.51669,0.6243,1505.35458,1647.74979,0.67109,0.32891,1.50274,3.16834,0.0,,,,
240.0,42.0,87.66667,0.47733,14.66667,39.33333,0.37233,12.66667,18.33333,0.68467,9.66667,35.0,44.66667,28.66667,8.66667,7.33333,13.66667,21.0,111.33333,240.0,38.66667,84.33333,0.45667,8.0,22.66667,0.35767,16.66667,20.0,0.838,6.0,31.33333,37.33333,24.0,7.33333,3.33333,12.66667,18.0,102.0,1,-0.12955,0.12955,0.17671,0.30903,0.50398,0.56177,0.57379,0.60696,1403.24962,1605.70954,0.75322,0.24678,1.33731,4.42705,0.33333,240.0,41.33333,90.66667,0.459,11.0,32.33333,0.33467,23.0,28.66667,0.80333,11.33333,31.33333,42.66667,22.0,7.33333,3.66667,9.33333,18.33333,116.66667,240.0,41.66667,88.33333,0.47833,11.0,31.0,0.364,17.66667,24.33333,0.71567,12.33333,35.33333,47.66667,22.0,3.66667,4.33333,13.33333,24.66667,112.0,1,-0.0631,0.0631,0.41567,0.3269,0.54184,0.52091,0.60628,0.60595,1296.62458,1396.66572,0.62744,0.37256,1.68268,2.99109,0.33333,,,,
240.0,42.33333,90.66667,0.46667,9.66667,28.66667,0.33133,11.0,14.0,0.78567,9.66667,32.33333,42.0,24.0,5.33333,3.66667,10.66667,17.66667,105.33333,240.0,40.0,83.0,0.48367,10.66667,32.66667,0.326,20.33333,22.66667,0.89767,7.33333,36.0,43.33333,26.33333,7.33333,4.0,11.0,15.0,111.0,0,0.08142,-0.08142,0.22228,0.27063,0.54756,0.51974,0.63233,0.56102,1483.10641,1514.69818,0.54288,0.45712,2.04168,2.88885,0.66667,240.0,38.66667,81.0,0.47833,11.66667,33.66667,0.33933,19.0,23.33333,0.81467,7.33333,32.33333,39.66667,22.0,9.0,7.66667,15.66667,23.0,108.0,240.0,42.33333,86.33333,0.49333,10.33333,25.33333,0.40767,18.66667,23.0,0.83533,8.0,33.0,41.0,26.0,7.66667,5.0,14.0,18.66667,113.66667,0,0.07274,-0.07274,0.24332,0.21942,0.55505,0.54986,0.62689,0.62745,1434.67963,1525.83504,0.63498,0.36502,1.6519,3.03464,0.66667,,,,
240.0,40.66667,94.0,0.43267,8.66667,27.33333,0.30567,19.33333,25.66667,0.75833,16.66667,36.33333,53.0,22.66667,9.0,3.66667,15.33333,20.0,109.33333,240.0,42.0,91.0,0.46267,11.66667,38.0,0.29933,17.66667,23.33333,0.743,11.0,34.0,45.0,22.66667,9.66667,3.0,13.33333,19.0,113.33333,1,0.0635,-0.0635,0.31015,0.48635,0.52685,0.47832,0.58984,0.54808,1564.07768,1579.61544,0.52975,0.47025,2.10164,2.53146,0.66667,240.0,40.33333,90.66667,0.445,9.66667,28.33333,0.341,16.33333,20.0,0.768,14.33333,34.0,48.33333,24.33333,9.0,5.0,14.33333,19.33333,106.66667,240.0,35.66667,87.0,0.40967,14.0,36.66667,0.38467,16.0,19.33333,0.81233,10.66667,31.66667,42.33333,23.66667,7.0,5.66667,14.33333,19.33333,101.33333,1,-0.07676,0.07676,0.31795,0.45612,0.49031,0.49829,0.55446,0.56041,1481.79625,1513.89987,0.5361,0.4639,1.90422,2.23238,0.33333,,,,
240.0,40.33333,88.66667,0.45467,12.0,33.66667,0.35667,18.66667,23.33333,0.80333,8.0,31.33333,39.33333,27.0,10.0,3.66667,14.33333,22.33333,111.33333,240.0,42.66667,91.33333,0.46733,11.33333,32.66667,0.345,20.66667,26.0,0.78067,12.0,36.33333,48.33333,29.0,9.66667,5.66667,14.0,21.66667,117.33333,0,0.0813,-0.0813,0.38358,0.21984,0.53003,0.52186,0.6051,0.59284,1356.99572,1283.81587,0.41162,0.58838,2.63331,1.75884,0.66667,248.33333,45.0,97.66667,0.462,11.0,28.66667,0.403,17.0,21.33333,0.79467,14.66667,35.33333,50.0,19.66667,3.66667,5.66667,13.66667,24.33333,118.0,248.33333,43.0,92.66667,0.46467,12.0,36.33333,0.33567,27.66667,33.0,0.86767,10.66667,33.33333,44.0,21.33333,7.0,5.33333,8.66667,19.0,125.66667,0,0.09448,-0.09448,0.30205,0.43556,0.52959,0.51924,0.63015,0.57758,1580.82485,1591.77543,0.53263,0.46737,1.91193,2.20358,0.66667,,,,
240.0,39.33333,84.66667,0.46333,14.0,40.33333,0.338,17.0,26.33333,0.64633,9.66667,33.66667,43.33333,25.66667,7.66667,8.0,14.33333,20.66667,109.66667,240.0,42.33333,92.66667,0.45867,8.33333,23.66667,0.35467,14.33333,19.66667,0.74167,10.33333,36.0,46.33333,24.33333,5.66667,4.66667,13.0,21.33333,107.33333,1,-0.03133,0.03133,0.3077,0.26894,0.50391,0.54683,0.55545,0.60597,1520.05344,1600.30526,0.61064,0.38936,1.67505,2.72393,0.33333,240.0,37.66667,87.0,0.43533,8.66667,27.33333,0.33533,19.33333,26.33333,0.73133,12.0,35.66667,47.66667,20.33333,5.66667,4.0,15.33333,24.0,103.33333,240.0,39.66667,82.66667,0.48167,8.33333,25.66667,0.321,25.33333,31.0,0.80967,10.0,32.66667,42.66667,21.33333,9.33333,9.0,12.0,23.33333,113.0,1,0.12987,-0.12987,0.28039,0.35678,0.5324,0.48439,0.6339,0.55895,1291.72752,1477.15221,0.72194,0.27806,1.46241,5.68401,1.0,,,,
240.0,41.66667,93.66667,0.445,10.66667,32.33333,0.33,18.33333,25.66667,0.711,9.33333,39.66667,49.0,25.0,7.33333,2.66667,11.0,21.0,112.33333,240.0,41.33333,92.33333,0.44733,11.0,33.33333,0.32833,20.0,26.66667,0.73867,10.0,42.33333,52.33333,25.66667,7.33333,2.66667,13.0,21.66667,113.66667,0,0.00864,-0.00864,0.25005,0.21997,0.50786,0.50175,0.57954,0.56565,1451.23739,1468.78662,0.52492,0.47508,2.11117,2.42487,0.66667,240.0,37.66667,92.33333,0.407,10.33333,28.66667,0.35367,12.33333,19.0,0.69833,10.33333,31.33333,41.66667,17.66667,6.66667,2.66667,11.0,20.0,98.0,240.0,40.66667,87.0,0.46767,8.66667,24.66667,0.34833,18.66667,22.66667,0.832,11.66667,42.33333,54.0,25.66667,8.0,4.66667,15.0,19.0,108.66667,0,0.15191,-0.15191,0.37631,0.2484,0.5173,0.46184,0.59078,0.50804,1583.90696,1455.58862,0.35788,0.64212,3.51741,1.63302,1.0,,,,
240.0,35.66667,81.0,0.441,9.66667,22.66667,0.42133,14.33333,19.0,0.73467,8.66667,37.0,45.66667,19.66667,5.0,6.66667,19.0,20.0,95.33333,240.0,39.33333,86.66667,0.45433,9.66667,29.0,0.33333,16.0,21.33333,0.75533,7.0,30.66667,37.66667,23.0,11.66667,7.33333,11.33333,21.0,104.33333,0,0.13041,-0.13041,0.19266,0.28472,0.51086,0.50021,0.57284,0.56061,1457.62522,1291.74477,0.30456,0.69544,4.04876,1.52223,1.0,240.0,40.66667,90.0,0.45267,12.66667,35.0,0.35167,12.33333,17.66667,0.78167,8.33333,36.0,44.33333,22.0,5.0,2.33333,11.66667,17.66667,106.33333,240.0,45.0,92.0,0.489,9.33333,24.33333,0.385,14.33333,19.66667,0.73,8.33333,37.66667,46.0,22.0,7.33333,5.33333,8.0,16.66667,113.66667,0,0.09516,-0.09516,0.23336,0.22119,0.53929,0.52236,0.58993,0.5667,1519.65675,1625.30481,0.65758,0.34242,1.5323,3.01767,1.0,,,,
248.33333,44.0,89.66667,0.496,16.0,38.66667,0.41167,15.66667,19.66667,0.81667,10.33333,38.0,48.33333,28.33333,8.66667,7.66667,16.66667,21.66667,119.66667,248.33333,41.66667,94.33333,0.444,10.0,33.0,0.30533,13.33333,21.0,0.62533,10.33333,34.0,44.33333,26.66667,11.33333,1.0,15.0,19.33333,106.66667,0,-0.16257,0.16257,0.26834,0.29503,0.49734,0.5896,0.54216,0.64702,1488.66479,1638.53858,0.68701,0.31299,1.45782,3.21682,0.33333,240.0,43.33333,84.33333,0.51567,14.66667,30.66667,0.46433,13.66667,16.66667,0.82433,7.66667,38.0,45.66667,25.33333,5.0,6.0,11.0,21.66667,115.0,240.0,33.33333,83.66667,0.39733,13.33333,37.0,0.36333,23.33333,27.0,0.87033,10.33333,28.66667,39.0,19.0,6.0,1.33333,10.0,18.0,103.33333,0,-0.14364,0.14364,0.27345,0.27526,0.47696,0.60398,0.57622,0.65583,1276.23363,1531.23789,0.81072,0.18928,1.23679,5.56421,0.33333,,,,
240.0,44.66667,90.66667,0.49133,9.0,28.0,0.31967,15.66667,18.0,0.87867,10.0,29.33333,39.33333,24.66667,5.33333,5.0,13.0,22.0,114.0,240.0,50.0,92.0,0.546,14.33333,32.0,0.45233,18.66667,23.0,0.81767,11.0,30.33333,41.33333,33.0,5.66667,4.33333,9.0,18.0,133.0,0,0.2241,-0.2241,0.36679,0.33148,0.62497,0.54248,0.6884,0.60352,1519.91844,1511.86463,0.52469,0.47531,1.96727,2.17152,1.0,240.0,39.66667,90.33333,0.44,10.33333,27.0,0.38433,18.33333,25.0,0.73833,11.66667,36.66667,48.33333,20.66667,8.66667,6.66667,13.0,21.0,108.0,240.0,39.66667,92.0,0.42967,13.0,36.66667,0.36133,13.0,19.0,0.71333,13.33333,36.0,49.33333,26.33333,9.33333,6.33333,14.66667,21.66667,105.33333,0,-0.04201,0.04201,0.37087,0.32485,0.5006,0.49653,0.54644,0.56435,1597.13787,1599.86298,0.50015,0.49985,2.07168,2.08046,0.33333,,,,
240.0,40.66667,94.0,0.43167,10.33333,38.0,0.272,18.66667,22.66667,0.82167,13.0,38.0,51.0,26.0,7.66667,5.33333,16.0,22.0,110.33333,240.0,42.33333,91.66667,0.46167,10.33333,34.33333,0.303,20.33333,26.0,0.784,9.66667,37.0,46.66667,24.0,8.66667,4.0,13.66667,21.66667,115.33333,0,0.06995,-0.06995,0.26022,0.35873,0.51759,0.48695,0.59235,0.55592,1516.95775,1455.57004,0.42249,0.57751,2.4527,1.758,0.66667,240.0,41.0,92.33333,0.444,11.0,32.33333,0.341,16.0,19.33333,0.77767,12.33333,33.0,45.33333,22.66667,10.0,4.33333,13.0,20.33333,109.0,240.0,35.33333,82.66667,0.42733,13.33333,34.0,0.39233,17.66667,21.66667,0.79633,7.33333,33.66667,41.0,24.0,7.66667,4.66667,16.33333,20.66667,101.66667,0,-0.1019,0.1019,0.22502,0.38701,0.50784,0.50347,0.58029,0.56298,1482.35216,1548.65438,0.58445,0.41555,1.74174,2.4779,0.0,,,,
240.0,36.0,84.33333,0.42867,17.33333,45.66667,0.387,16.0,23.0,0.71533,10.66667,31.33333,42.0,20.66667,8.33333,4.66667,11.0,22.0,105.33333,240.0,35.0,80.33333,0.43667,8.66667,30.66667,0.28267,18.66667,24.0,0.77467,11.33333,36.0,47.33333,21.0,4.66667,4.66667,14.0,19.33333,97.33333,1,-0.1107,0.1107,0.35924,0.29506,0.4907,0.53203,0.57052,0.5911,1545.93903,1588.22841,0.53849,0.46151,1.97007,2.44533,0.0,240.0,38.66667,92.0,0.419,15.66667,41.66667,0.37667,20.66667,29.33333,0.80633,9.66667,34.0,43.66667,26.0,7.0,6.0,12.0,19.0,113.66667,240.0,46.33333,102.0,0.45533,14.0,41.0,0.344,17.33333,21.33333,0.81067,14.33333,40.33333,54.66667,29.0,6.66667,5.33333,10.0,25.0,124.0,1,0.12215,-0.12215,0.43624,0.24777,0.52448,0.50373,0.58323,0.57757,1351.81835,1464.79167,0.68177,0.31823,1.47027,3.17947,0.66667,,,,
240.0,44.0,87.66667,0.502,13.66667,35.66667,0.38367,13.66667,18.0,0.75167,5.33333,30.33333,35.66667,28.0,9.33333,3.33333,14.33333,21.0,115.33333,240.0,45.66667,85.66667,0.53333,10.33333,28.0,0.36567,17.0,21.66667,0.78167,8.0,35.33333,43.33333,26.66667,5.33333,3.0,15.33333,21.0,118.66667,0,0.03071,-0.03071,0.28609,0.14962,0.5947,0.58015,0.65694,0.63077,1479.81023,1600.63608,0.67879,0.32121,1.47686,3.14689,0.33333,240.0,38.0,92.66667,0.40867,9.0,27.0,0.32933,15.66667,23.0,0.71233,10.33333,30.0,40.33333,18.33333,6.66667,2.66667,9.66667,22.0,100.66667,240.0,42.0,87.66667,0.47867,7.33333,23.33333,0.31467,20.33333,24.66667,0.82667,11.66667,42.0,53.66667,25.66667,7.0,5.33333,14.66667,20.66667,111.66667,0,0.15346,-0.15346,0.38938,0.25053,0.52071,0.45644,0.5993,0.5147,1585.18835,1440.56477,0.33566,0.66434,3.68213,1.57709,1.0,,,,
240.0,33.66667,88.33333,0.38267,13.33333,38.33333,0.34833,22.0,31.66667,0.73467,10.0,37.0,47.0,20.0,7.66667,4.33333,12.33333,21.66667,102.66667,240.0,39.66667,97.33333,0.409,10.66667,35.0,0.31633,21.33333,27.33333,0.78133,16.33333,41.33333,57.66667,22.33333,6.33333,5.0,12.0,26.0,111.33333,0,0.12086,-0.12086,0.44088,0.24821,0.46463,0.4585,0.54052,0.53916,1515.92758,1468.15952,0.44744,0.55256,2.4916,2.02168,0.66667,240.0,44.33333,89.0,0.49967,12.33333,29.33333,0.43333,19.33333,26.0,0.73433,11.0,30.0,41.0,25.66667,7.33333,4.33333,13.66667,23.33333,120.33333,240.0,45.0,93.33333,0.48667,10.66667,21.0,0.52133,23.33333,29.0,0.80033,16.66667,30.33333,47.0,26.0,6.66667,3.0,12.33333,25.66667,124.0,0,0.0332,-0.0332,0.55082,0.38907,0.54473,0.56876,0.62667,0.63729,1523.46097,1518.74694,0.50488,0.49512,2.24392,2.19709,0.66667,,,,
240.0,36.66667,91.0,0.39833,12.33333,36.0,0.34533,13.33333,15.0,0.885,11.0,32.0,43.0,17.33333,7.0,5.33333,11.66667,18.66667,99.0,240.0,37.66667,87.0,0.43367,14.33333,36.66667,0.39033,17.33333,21.66667,0.78233,11.66667,40.0,51.66667,25.0,7.0,5.33333,14.0,17.33333,107.0,1,0.12948,-0.12948,0.36254,0.28107,0.5158,0.46568,0.58266,0.52169,1526.4523,1466.44315,0.43132,0.56868,2.40253,1.78731,0.66667,240.0,36.0,88.0,0.40767,11.66667,36.33333,0.30667,18.33333,23.33333,0.78567,8.33333,32.0,40.33333,23.33333,9.33333,4.33333,15.0,20.0,102.0,240.0,41.33333,85.66667,0.48433,15.33333,35.33333,0.445,18.0,24.0,0.747,9.66667,39.66667,49.33333,25.66667,9.0,6.33333,17.33333,22.0,116.0,1,0.18878,-0.18878,0.30161,0.21742,0.57342,0.47263,0.63965,0.54666,1624.41051,1434.40236,0.2734,0.7266,4.67343,1.41537,0.66667,,,,
240.0,38.0,89.33333,0.428,13.0,37.33333,0.33667,11.0,13.0,0.832,7.66667,28.33333,36.0,18.33333,6.0,2.33333,12.33333,20.0,100.0,240.0,44.0,85.66667,0.516,11.33333,26.33333,0.42667,18.0,23.66667,0.771,12.66667,39.0,51.66667,29.0,6.66667,5.0,14.0,15.66667,117.33333,0,0.23119,-0.23119,0.46926,0.19719,0.58196,0.50228,0.64741,0.54732,1523.40347,1288.64426,0.21852,0.78148,4.74464,1.28264,1.0,240.0,38.0,82.66667,0.46267,12.66667,36.0,0.36133,17.0,21.33333,0.80933,8.0,35.0,43.0,24.66667,7.0,4.33333,13.0,25.0,105.66667,240.0,31.66667,80.66667,0.394,10.0,37.0,0.27167,19.66667,28.66667,0.68633,10.66667,33.33333,44.0,21.0,5.33333,5.33333,13.33333,19.66667,93.0,0,-0.1877,0.1877,0.31002,0.2306,0.45639,0.53915,0.53732,0.60805,1430.31369,1520.40424,0.60336,0.39664,1.73788,2.76685,0.0,,,,
240.0,41.33333,89.66667,0.46033,12.33333,37.33333,0.328,14.33333,20.33333,0.71933,11.0,29.33333,40.33333,23.66667,7.0,2.0,9.66667,17.0,109.33333,240.0,43.66667,87.0,0.50067,11.33333,30.33333,0.37433,15.66667,20.0,0.782,11.33333,35.66667,47.0,27.66667,6.0,4.66667,12.33333,20.0,114.33333,0,0.06096,-0.06096,0.4006,0.31068,0.56541,0.52895,0.62342,0.57952,1523.23253,1424.31067,0.36774,0.63226,2.84722,1.60362,1.0,248.33333,42.0,97.0,0.432,9.0,26.0,0.34867,22.66667,27.66667,0.82033,13.66667,33.0,46.66667,22.0,8.66667,4.33333,12.0,25.0,115.66667,248.33333,39.0,86.33333,0.454,11.66667,34.0,0.358,28.33333,34.66667,0.83067,11.33333,35.66667,47.0,19.0,6.66667,8.0,15.66667,25.66667,118.0,0,0.03421,-0.03421,0.34321,0.38581,0.52257,0.47944,0.62992,0.56069,1601.06777,1480.56505,0.35351,0.64649,3.62869,1.6162,0.66667,,,,
240.0,41.66667,89.33333,0.46567,13.33333,34.0,0.39667,14.0,18.66667,0.73567,11.33333,34.33333,45.66667,26.66667,8.0,4.0,14.0,20.33333,110.66667,240.0,41.33333,85.33333,0.487,12.66667,34.0,0.36933,16.33333,20.33333,0.80267,8.33333,31.0,39.33333,27.0,9.0,5.66667,13.66667,19.66667,111.66667,1,0.01085,-0.01085,0.23743,0.37005,0.56123,0.54043,0.62478,0.59292,1562.55323,1594.07212,0.55228,0.44772,1.86211,2.36107,0.33333,240.0,43.66667,92.33333,0.47633,13.0,35.0,0.356,20.33333,25.0,0.81467,11.0,31.66667,42.66667,26.66667,8.0,3.66667,9.0,17.66667,120.66667,240.0,41.33333,85.33333,0.49133,11.66667,30.66667,0.389,17.0,23.66667,0.70467,10.33333,37.33333,47.66667,21.0,4.33333,5.33333,15.33333,22.33333,111.33333,1,-0.1154,0.1154,0.35065,0.29726,0.56075,0.54836,0.62307,0.62129,1284.5969,1513.76835,0.77418,0.22582,1.30326,5.17017,0.33333,,,,
240.0,32.0,89.33333,0.35867,11.33333,38.33333,0.28667,14.0,18.33333,0.76333,15.33333,29.0,44.33333,20.0,6.66667,4.66667,13.33333,22.0,89.33333,240.0,41.33333,80.66667,0.51333,11.0,27.0,0.416,18.66667,24.33333,0.76,7.66667,39.0,46.66667,21.66667,8.33333,4.0,12.0,17.33333,112.33333,1,0.36186,-0.36186,0.2721,0.41008,0.58165,0.42158,0.6536,0.4778,1422.40569,1486.98639,0.6209,0.3791,1.64664,2.85779,1.0,240.0,41.0,85.33333,0.47967,7.33333,21.33333,0.338,19.33333,24.66667,0.78433,10.33333,38.66667,49.0,22.66667,7.66667,5.0,15.33333,22.33333,108.66667,240.0,38.0,82.33333,0.46133,8.66667,24.66667,0.35033,17.0,23.66667,0.72367,6.0,28.66667,34.66667,22.0,8.0,5.66667,12.33333,22.33333,101.66667,1,-0.09208,0.09208,0.1557,0.35854,0.51441,0.52206,0.58107,0.59796,1292.75507,1415.62817,0.64744,0.35256,1.61322,3.62489,0.33333,,,,
240.0,42.66667,86.66667,0.49233,9.33333,29.66667,0.31333,15.33333,22.33333,0.69233,7.0,35.33333,42.33333,24.66667,8.33333,3.66667,14.66667,19.66667,110.0,240.0,39.0,86.0,0.457,11.0,31.33333,0.34267,23.0,27.0,0.881,11.0,34.66667,45.66667,21.66667,9.33333,4.66667,14.33333,21.33333,112.0,0,0.03104,-0.03104,0.31019,0.20595,0.51938,0.54614,0.61234,0.60083,1423.04764,1450.73189,0.53533,0.46467,2.2225,2.55142,0.66667,248.33333,39.66667,87.33333,0.45767,11.66667,28.0,0.43433,18.66667,23.66667,0.79933,10.0,31.33333,41.33333,21.66667,5.0,4.33333,12.66667,22.66667,109.66667,248.33333,46.33333,90.0,0.51367,15.0,33.66667,0.44367,17.0,24.33333,0.69967,9.66667,34.33333,44.0,29.33333,6.66667,2.33333,9.0,22.33333,124.66667,0,0.18165,-0.18165,0.30914,0.28123,0.59688,0.52425,0.65303,0.59568,1500.48839,1506.95156,0.53308,0.46692,2.06543,2.38373,1.0,,,,
240.0,40.66667,83.0,0.49,13.66667,33.33333,0.40933,17.0,22.0,0.82633,8.0,37.33333,45.33333,25.33333,10.33333,5.0,14.33333,21.33333,112.0,240.0,35.66667,87.0,0.415,12.66667,37.66667,0.34567,19.0,25.0,0.751,11.0,32.0,43.0,20.66667,5.66667,3.66667,15.66667,19.66667,103.0,0,-0.12864,0.12864,0.28277,0.26813,0.48808,0.57251,0.56264,0.63735,1588.71827,1640.75042,0.56184,0.43816,1.7814,2.28559,0.0,240.0,39.33333,91.33333,0.43133,9.66667,28.0,0.34633,11.66667,16.0,0.711,9.66667,36.0,45.66667,22.0,4.33333,2.66667,11.33333,17.33333,100.0,240.0,44.33333,89.0,0.49733,9.0,22.33333,0.406,15.0,18.33333,0.8,6.0,39.0,45.0,24.0,6.0,6.33333,7.66667,15.0,112.66667,0,0.1825,-0.1825,0.16691,0.24622,0.54762,0.48524,0.60691,0.52758,1530.09471,1529.91195,0.5178,0.4822,2.63305,2.54912,1.0,,,,
240.0,38.0,81.66667,0.464,7.66667,23.0,0.33333,18.66667,25.33333,0.74233,10.33333,31.66667,42.0,25.0,8.66667,3.66667,14.0,20.0,102.33333,240.0,39.66667,83.33333,0.47567,11.33333,34.66667,0.32967,17.0,22.66667,0.753,9.0,29.66667,38.66667,26.33333,9.33333,5.33333,13.33333,21.66667,107.66667,0,0.07303,-0.07303,0.28491,0.34866,0.54421,0.51091,0.60991,0.58661,1578.43882,1555.09773,0.47316,0.52684,2.14043,1.92047,1.0,240.0,41.33333,89.66667,0.459,12.0,30.66667,0.392,21.33333,26.33333,0.83,10.66667,36.0,46.66667,28.33333,10.33333,4.0,14.0,21.33333,116.0,240.0,40.33333,88.0,0.45933,12.0,37.66667,0.32533,16.66667,22.0,0.75533,10.33333,35.33333,45.66667,30.66667,8.66667,6.0,18.33333,25.33333,109.33333,0,-0.08824,0.08824,0.2822,0.3012,0.52822,0.52604,0.59055,0.60715,1630.6202,1495.26309,0.33928,0.66072,4.15444,1.58649,0.33333,,,,
240.0,43.33333,92.66667,0.47033,10.66667,28.0,0.37967,22.33333,27.0,0.82667,9.66667,33.66667,43.33333,27.66667,8.66667,3.33333,12.0,20.33333,119.66667,240.0,44.33333,92.66667,0.479,10.66667,33.66667,0.33033,20.33333,26.0,0.78367,13.66667,34.66667,48.33333,28.0,8.33333,5.66667,15.66667,23.66667,119.66667,0,-0.00154,0.00154,0.40737,0.27435,0.53719,0.52878,0.60955,0.61001,1561.76505,1292.89544,0.18359,0.81641,6.04063,1.23244,0.33333,240.0,38.33333,89.66667,0.42967,10.33333,33.0,0.29333,14.0,16.0,0.90533,13.66667,33.66667,47.33333,23.66667,6.66667,3.33333,14.33333,19.0,101.0,240.0,39.0,84.66667,0.462,13.66667,41.66667,0.32667,18.0,21.66667,0.80633,8.0,35.0,43.0,21.66667,9.0,2.33333,13.66667,17.0,109.66667,0,0.1203,-0.1203,0.24015,0.41181,0.54215,0.48859,0.61352,0.54558,1604.29734,1557.5213,0.45419,0.54581,2.31411,1.88273,0.66667,,,,
240.0,33.33333,82.66667,0.405,8.33333,25.66667,0.31367,20.66667,31.33333,0.666,8.66667,33.0,41.66667,21.33333,8.0,4.33333,11.0,20.66667,95.66667,240.0,40.0,85.0,0.471,10.66667,32.0,0.331,17.66667,23.66667,0.74233,10.0,37.66667,47.66667,24.0,7.66667,6.0,12.0,22.33333,108.33333,0,0.1788,-0.1788,0.30476,0.23691,0.5337,0.45454,0.60069,0.53624,1623.85709,1563.43062,0.43936,0.56064,2.31868,1.80314,1.0,248.33333,43.33333,101.66667,0.42533,10.0,30.66667,0.32367,22.0,26.33333,0.844,15.66667,34.33333,50.0,22.33333,5.0,6.33333,10.33333,26.66667,118.66667,248.33333,41.0,91.0,0.452,12.66667,35.66667,0.36667,31.0,39.0,0.79367,13.33333,37.0,50.33333,19.0,5.0,6.33333,11.33333,23.33333,125.66667,0,0.0864,-0.0864,0.39498,0.42895,0.52182,0.47516,0.63262,0.55138,1590.2418,1509.79581,0.42525,0.57475,3.36338,1.96049,0.66667,,,,
240.0,37.0,82.66667,0.448,9.33333,23.0,0.40467,15.33333,22.33333,0.67133,9.33333,36.33333,45.66667,18.0,6.33333,6.66667,18.33333,20.66667,98.66667,240.0,40.0,86.0,0.466,10.66667,29.33333,0.36433,17.66667,22.66667,0.77667,6.33333,31.66667,38.0,23.66667,11.66667,7.33333,12.33333,21.66667,108.33333,0,0.13668,-0.13668,0.17863,0.29638,0.52879,0.50376,0.59733,0.56352,1428.19584,1296.05837,0.33962,0.66038,3.33933,1.5814,1.0,240.0,41.33333,91.0,0.45467,7.33333,26.33333,0.275,19.33333,25.66667,0.766,15.66667,33.0,48.66667,20.0,6.33333,6.33333,11.0,21.33333,109.33333,240.0,40.0,81.66667,0.491,11.33333,26.33333,0.43067,21.66667,26.33333,0.82133,7.33333,33.0,40.33333,28.33333,6.33333,8.66667,11.33333,20.0,113.0,0,0.05051,-0.05051,0.21737,0.49858,0.56006,0.4953,0.64677,0.56633,1583.35994,1479.83159,0.36463,0.63537,2.92756,1.59955,0.66667,,,,
240.0,40.66667,96.33333,0.42233,12.66667,36.33333,0.348,18.33333,23.33333,0.78933,11.33333,34.0,45.33333,24.66667,10.33333,5.33333,13.0,23.66667,112.33333,240.0,43.33333,94.33333,0.45933,11.33333,30.66667,0.36933,20.0,26.33333,0.75433,15.0,40.0,55.0,25.0,8.0,4.66667,16.0,21.66667,118.0,1,0.07712,-0.07712,0.44259,0.2995,0.51933,0.48812,0.58938,0.55379,1537.27041,1465.75806,0.40935,0.59065,2.51968,1.71622,0.66667,240.0,44.66667,91.33333,0.48967,12.66667,36.33333,0.35233,14.0,18.33333,0.751,10.66667,38.66667,49.33333,30.0,6.33333,3.66667,11.0,18.66667,116.0,240.0,40.66667,88.66667,0.45933,7.33333,32.0,0.22467,15.0,21.66667,0.69733,6.66667,34.66667,41.33333,25.33333,3.66667,4.66667,12.0,19.66667,103.66667,1,-0.1625,0.1625,0.17267,0.30462,0.50046,0.55905,0.55483,0.60988,1444.35132,1571.23146,0.65817,0.34183,1.53427,3.01837,0.0,,,,
240.0,37.33333,82.0,0.45667,11.66667,32.0,0.36,19.33333,23.0,0.849,5.66667,37.33333,43.0,26.66667,7.0,7.0,16.33333,24.0,105.66667,240.0,37.0,93.66667,0.38867,11.0,38.33333,0.28433,19.0,26.66667,0.72667,15.0,34.0,49.0,23.66667,9.33333,6.33333,11.66667,22.66667,104.0,0,-0.04836,0.04836,0.42818,0.16481,0.44589,0.52757,0.51829,0.6078,1468.4473,1433.51741,0.45584,0.54416,2.45106,1.99939,0.66667,240.0,40.66667,94.0,0.43167,11.66667,30.33333,0.383,14.0,17.66667,0.824,12.0,35.0,47.0,24.0,7.33333,4.33333,12.66667,19.0,107.0,240.0,41.0,86.66667,0.47333,11.66667,32.66667,0.352,16.66667,21.33333,0.758,8.33333,37.66667,46.0,24.66667,8.33333,2.66667,14.0,17.33333,110.33333,0,0.04958,-0.04958,0.24002,0.32125,0.54103,0.49344,0.60406,0.54512,1473.03244,1479.07393,0.51656,0.48344,1.94082,2.07476,0.66667,,,,
240.0,41.33333,91.0,0.45367,11.33333,30.0,0.371,11.66667,15.0,0.75367,10.66667,37.0,47.66667,24.0,9.66667,5.33333,12.0,20.0,105.66667,240.0,35.33333,85.66667,0.41167,12.66667,35.66667,0.357,15.33333,21.0,0.71967,11.0,34.0,45.0,24.33333,4.33333,5.0,15.33333,16.33333,98.66667,0,-0.0997,0.0997,0.30121,0.32778,0.48561,0.51699,0.54495,0.56023,1531.21602,1494.30799,0.43999,0.56001,2.29159,1.79415,0.0,240.0,41.33333,93.0,0.44233,15.33333,38.0,0.40867,17.0,22.33333,0.77067,9.66667,34.0,43.66667,23.66667,7.0,3.0,14.66667,21.66667,115.0,240.0,42.66667,91.33333,0.46767,16.0,47.0,0.34167,22.33333,28.33333,0.785,12.0,39.33333,51.33333,25.66667,9.0,4.0,13.0,19.33333,123.66667,0,0.11041,-0.11041,0.36404,0.25513,0.55504,0.52517,0.63384,0.58586,1703.59416,1499.31414,0.24811,0.75189,4.31255,1.34078,0.66667,,,,
240.0,40.33333,83.66667,0.48267,10.66667,30.0,0.34633,24.33333,28.0,0.865,9.0,36.0,45.0,24.33333,6.66667,4.33333,10.33333,19.0,115.66667,240.0,40.66667,89.0,0.45767,10.33333,34.0,0.30767,17.0,20.66667,0.81367,9.33333,32.33333,41.66667,19.33333,4.66667,5.0,13.0,22.33333,108.66667,1,-0.08881,0.08881,0.27407,0.28055,0.51535,0.54603,0.58143,0.64345,1339.76978,1519.86208,0.72264,0.27736,1.41896,4.09676,0.0,248.33333,43.0,92.33333,0.46467,15.0,37.0,0.40533,12.0,17.33333,0.67833,9.33333,37.0,46.33333,30.0,6.33333,6.66667,16.0,20.66667,113.0,248.33333,43.0,99.0,0.43267,10.0,34.0,0.29433,19.0,23.0,0.819,13.33333,35.66667,49.0,24.0,9.66667,4.33333,11.0,15.66667,115.0,1,0.0295,-0.0295,0.35494,0.26599,0.48325,0.54543,0.55155,0.5852,1503.51895,1467.77577,0.455,0.545,2.74724,2.17006,0.66667,,,,
240.0,41.0,92.66667,0.444,8.66667,26.0,0.334,21.66667,27.0,0.8,12.33333,34.33333,46.66667,25.0,8.66667,4.33333,14.33333,20.66667,112.33333,240.0,40.33333,88.0,0.45867,11.33333,37.33333,0.31867,23.33333,30.33333,0.76967,11.33333,36.33333,47.66667,23.66667,9.33333,6.33333,15.33333,23.66667,115.33333,1,0.03773,-0.03773,0.33017,0.33943,0.52344,0.49132,0.61009,0.57121,1612.28496,1296.04502,0.14078,0.85922,7.15687,1.16408,0.66667,240.0,48.0,97.33333,0.49267,11.0,33.33333,0.333,19.33333,23.0,0.853,9.66667,42.66667,52.33333,28.0,7.33333,8.0,14.66667,17.33333,126.33333,240.0,44.66667,102.0,0.43967,9.33333,38.66667,0.24533,10.33333,18.0,0.59433,13.66667,35.0,48.66667,28.66667,7.0,3.33333,14.33333,19.33333,109.0,1,-0.21327,0.21327,0.32439,0.2909,0.48502,0.54913,0.51536,0.61698,1494.09475,1649.78776,0.68954,0.31046,1.45686,3.3076,0.0,,,,
240.0,40.33333,80.0,0.50667,16.66667,38.33333,0.43567,13.66667,19.0,0.71433,6.33333,35.33333,41.66667,25.66667,6.0,4.33333,17.0,23.0,111.0,240.0,41.66667,89.66667,0.465,11.33333,31.66667,0.34367,18.66667,23.0,0.804,10.33333,33.33333,43.66667,25.66667,9.66667,1.33333,11.66667,19.66667,113.33333,1,0.03121,-0.03121,0.29633,0.19478,0.5273,0.61216,0.59847,0.66279,1420.55586,1628.45398,0.76246,0.23754,1.33015,5.35453,0.66667,240.0,40.0,88.0,0.45367,12.33333,33.0,0.37,15.0,19.0,0.79833,8.0,38.66667,46.66667,24.66667,10.0,5.0,13.33333,21.0,107.33333,240.0,36.66667,93.0,0.39567,11.33333,35.33333,0.32667,16.33333,23.0,0.71067,15.33333,35.33333,50.66667,20.0,5.66667,6.33333,15.33333,18.33333,101.0,1,-0.08951,0.08951,0.39788,0.22619,0.45642,0.52497,0.51668,0.58249,1582.72091,1542.70296,0.43282,0.56718,2.40616,1.81594,0.33333,,,,
240.0,41.66667,93.66667,0.446,9.66667,30.0,0.30933,20.0,27.0,0.74433,14.33333,38.0,52.33333,25.0,7.33333,3.33333,12.66667,22.33333,113.0,240.0,40.33333,87.66667,0.46033,12.66667,42.0,0.298,22.0,29.0,0.746,9.0,35.66667,44.66667,21.0,8.33333,2.66667,12.0,20.66667,115.33333,0,0.04245,-0.04245,0.23625,0.40212,0.53179,0.49772,0.61291,0.56822,1587.87349,1580.89683,0.50358,0.49642,2.1527,2.19835,0.33333,240.0,40.33333,87.0,0.46567,14.33333,39.66667,0.35567,20.33333,27.33333,0.74433,9.66667,30.66667,40.33333,27.0,11.0,3.66667,14.33333,19.33333,115.33333,240.0,44.0,91.33333,0.48,17.0,41.66667,0.40933,13.0,17.33333,0.76067,10.66667,35.66667,46.33333,30.33333,7.66667,5.0,15.33333,24.0,118.0,0,0.02761,-0.02761,0.36404,0.27464,0.5738,0.55029,0.61967,0.62422,1360.3941,1560.44874,0.76072,0.23928,1.3311,4.61881,0.66667,,,,
240.0,40.66667,83.33333,0.48933,10.0,21.66667,0.46967,19.0,26.66667,0.703,8.0,32.0,40.0,20.66667,4.33333,5.66667,15.0,20.0,110.33333,240.0,49.0,97.66667,0.502,12.33333,26.0,0.46367,19.0,24.33333,0.76867,13.33333,31.66667,45.0,30.0,8.66667,4.33333,8.0,25.0,129.33333,1,0.23282,-0.23282,0.41883,0.25507,0.56697,0.54954,0.62959,0.61985,1503.14615,1361.16689,0.32577,0.67423,3.09282,1.48564,1.0,240.0,37.33333,87.33333,0.43,10.0,30.0,0.35,20.33333,27.0,0.754,12.66667,39.0,51.66667,21.33333,7.33333,4.33333,15.66667,23.33333,105.0,240.0,38.66667,84.66667,0.457,8.66667,23.33333,0.36667,20.0,25.33333,0.78733,8.66667,32.0,40.66667,21.33333,9.66667,7.33333,12.66667,22.66667,106.0,1,0.01406,-0.01406,0.22205,0.38594,0.50876,0.48614,0.58768,0.56476,1294.51551,1524.17101,0.75711,0.24289,1.40601,6.54739,0.66667,,,,
240.0,44.0,90.33333,0.49,10.33333,29.0,0.35567,21.0,26.33333,0.80033,13.33333,33.33333,46.66667,26.0,7.33333,5.0,15.66667,22.33333,119.33333,240.0,41.0,88.0,0.47067,10.0,24.0,0.44933,19.33333,29.33333,0.64467,14.33333,29.0,43.33333,24.66667,8.33333,4.66667,12.66667,21.66667,111.33333,0,-0.10075,0.10075,0.42955,0.46912,0.52955,0.5469,0.59717,0.62338,1480.57414,1605.38192,0.65963,0.34037,1.52679,3.01724,0.33333,240.0,39.0,89.33333,0.43667,13.0,32.0,0.40467,9.0,12.66667,0.75867,7.66667,35.33333,43.0,23.33333,4.66667,3.0,12.66667,15.66667,100.0,240.0,45.66667,91.0,0.502,9.0,25.0,0.35567,11.0,14.66667,0.75667,6.66667,38.0,44.66667,27.33333,7.33333,5.33333,7.33333,14.66667,111.33333,0,0.16435,-0.16435,0.18802,0.20163,0.55109,0.50876,0.59099,0.54168,1524.87573,1522.00223,0.51411,0.48589,2.64311,2.52527,1.0,,,,
240.0,44.0,93.33333,0.471,9.66667,29.33333,0.33,18.66667,26.33333,0.70233,9.0,35.66667,44.66667,27.33333,7.0,2.33333,11.33333,23.66667,116.33333,240.0,45.0,91.33333,0.49167,10.0,29.66667,0.33033,23.33333,28.66667,0.81267,9.0,40.33333,49.33333,29.66667,8.66667,3.0,13.33333,21.0,123.33333,0,0.08446,-0.08446,0.25798,0.22396,0.54734,0.52283,0.63215,0.58676,1549.17286,1466.03825,0.39263,0.60737,2.64964,1.68105,1.0,240.0,43.33333,94.33333,0.459,14.33333,40.66667,0.353,14.33333,19.66667,0.72333,11.66667,36.66667,48.33333,28.66667,6.66667,4.0,11.33333,19.66667,115.33333,240.0,40.33333,90.33333,0.44833,7.0,31.33333,0.22033,16.33333,24.33333,0.673,10.66667,37.0,47.66667,25.0,5.66667,5.66667,13.33333,21.33333,104.0,0,-0.14935,0.14935,0.29304,0.31548,0.48705,0.53535,0.54452,0.58502,1439.36367,1557.27961,0.64828,0.35172,1.56629,2.96814,0.0,,,,
240.0,39.66667,85.0,0.47067,8.0,21.33333,0.39467,21.0,27.66667,0.75833,9.66667,33.66667,43.33333,19.33333,4.66667,6.0,11.66667,21.33333,108.33333,240.0,43.66667,91.33333,0.478,13.33333,26.66667,0.49433,20.66667,27.0,0.74767,12.0,33.66667,45.66667,27.0,6.66667,5.0,8.66667,25.33333,121.33333,0,0.16299,-0.16299,0.35426,0.28227,0.55189,0.51908,0.62376,0.59911,1539.86693,1373.60741,0.28949,0.71051,3.50802,1.41102,1.0,240.0,39.66667,85.33333,0.46667,12.33333,31.0,0.39833,20.0,27.33333,0.74233,9.66667,37.33333,47.0,20.66667,7.66667,4.0,15.0,23.33333,111.66667,240.0,40.0,85.33333,0.47033,10.0,26.33333,0.371,21.0,26.66667,0.785,6.66667,36.33333,43.0,26.0,8.33333,5.0,12.0,23.33333,111.0,0,-0.00848,0.00848,0.17862,0.25985,0.53017,0.53934,0.61091,0.61347,1469.41246,1468.00355,0.49898,0.50102,2.30007,2.23045,0.33333,,,,
240.0,45.0,85.66667,0.52633,15.0,38.66667,0.386,12.66667,17.33333,0.74867,6.33333,39.66667,46.0,27.66667,8.66667,7.66667,18.33333,20.33333,117.66667,240.0,43.0,97.0,0.445,12.0,35.66667,0.33033,13.33333,18.33333,0.71267,11.33333,34.66667,46.0,27.33333,10.66667,0.33333,14.0,17.66667,111.33333,0,-0.07817,0.07817,0.28411,0.18714,0.50699,0.61738,0.55304,0.6628,1427.22829,1633.10464,0.75092,0.24908,1.3561,5.25024,0.33333,240.0,39.33333,84.0,0.469,9.0,23.33333,0.39467,18.66667,24.33333,0.779,7.66667,32.66667,40.33333,22.33333,5.33333,4.66667,12.33333,22.0,106.33333,240.0,45.33333,90.0,0.502,16.66667,35.66667,0.46767,17.0,25.33333,0.678,12.33333,33.0,45.33333,29.66667,5.0,2.66667,8.66667,20.66667,124.33333,0,0.22452,-0.22452,0.37395,0.23118,0.59494,0.52263,0.6498,0.59586,1501.42304,1442.05866,0.44899,0.55101,2.33122,1.86937,1.0,,,,
240.0,41.0,86.66667,0.47233,12.66667,37.0,0.33533,16.0,23.66667,0.67433,10.33333,35.66667,46.0,27.33333,8.33333,7.33333,14.66667,20.66667,110.66667,240.0,41.0,87.0,0.47033,8.33333,21.66667,0.384,14.66667,19.33333,0.76667,6.66667,33.0,39.66667,23.0,6.33333,4.0,13.0,20.33333,105.0,1,-0.07766,0.07766,0.1925,0.31681,0.51802,0.54603,0.57492,0.6022,1420.30889,1599.00435,0.72511,0.27489,1.40425,4.19507,0.33333,240.0,43.0,93.66667,0.459,12.66667,32.33333,0.39333,12.66667,15.66667,0.83033,11.33333,33.33333,44.66667,26.33333,6.33333,4.33333,10.0,19.66667,111.33333,240.0,41.33333,85.0,0.487,12.66667,32.0,0.388,19.66667,24.66667,0.76433,9.0,36.33333,45.33333,23.66667,6.33333,4.66667,12.0,16.0,115.0,1,0.05073,-0.05073,0.26952,0.31106,0.56257,0.52677,0.63654,0.57249,1475.63116,1466.56706,0.49446,0.50554,2.03859,1.99374,0.66667,,,,
240.0,39.66667,86.66667,0.45933,18.33333,42.0,0.439,18.0,25.33333,0.713,12.33333,30.66667,43.0,25.33333,8.33333,4.33333,14.66667,21.0,115.66667,240.0,43.33333,87.0,0.50033,10.66667,33.66667,0.327,19.66667,25.0,0.779,9.33333,30.33333,39.66667,24.0,8.66667,5.33333,14.66667,20.66667,117.0,0,0.01775,-0.01775,0.30449,0.40606,0.56165,0.56488,0.6343,0.62808,1476.13226,1339.20121,0.32082,0.67918,3.39148,1.4987,0.66667,240.0,40.66667,88.0,0.46133,14.0,41.0,0.333,15.0,23.66667,0.641,9.66667,37.66667,47.33333,24.33333,8.0,4.0,13.33333,21.0,110.33333,240.0,42.66667,89.33333,0.47767,9.0,30.33333,0.29767,18.0,24.0,0.75167,9.66667,37.66667,47.33333,27.0,8.66667,1.66667,12.66667,20.33333,112.33333,0,0.02728,-0.02728,0.25611,0.26085,0.528,0.54336,0.59478,0.59348,1591.20808,1498.78735,0.37126,0.62874,2.7702,1.60917,0.66667,,,,
240.0,46.33333,88.66667,0.52333,15.33333,37.33333,0.406,14.33333,18.66667,0.74233,8.66667,35.66667,44.33333,34.33333,8.33333,5.0,13.0,20.33333,122.33333,240.0,38.33333,83.0,0.46067,9.33333,25.66667,0.361,16.66667,22.0,0.75533,6.0,30.33333,36.33333,21.33333,7.66667,3.66667,14.0,19.0,102.66667,0,-0.25372,0.25372,0.17149,0.28671,0.51656,0.61036,0.58349,0.66067,1345.68922,1617.2363,0.80517,0.19483,1.25575,5.99331,0.0,240.0,41.0,89.33333,0.462,17.0,42.66667,0.39767,17.0,21.33333,0.847,6.66667,31.33333,38.0,28.33333,9.0,5.66667,12.0,17.0,116.0,240.0,46.33333,95.0,0.48633,16.33333,40.66667,0.404,12.66667,15.66667,0.80633,11.0,39.66667,50.66667,31.66667,6.33333,5.0,13.0,20.33333,121.66667,0,0.06246,-0.06246,0.36842,0.17362,0.57249,0.5583,0.61708,0.62183,1357.9228,1516.25255,0.72687,0.27313,1.38734,3.89832,0.66667,,,,
240.0,45.66667,93.33333,0.48967,13.33333,35.33333,0.37733,12.0,16.33333,0.737,7.66667,31.66667,39.33333,26.66667,6.0,4.0,11.33333,22.0,116.66667,240.0,43.66667,89.0,0.49267,9.66667,29.33333,0.32733,24.66667,28.66667,0.84167,11.66667,36.33333,48.0,26.66667,4.33333,3.33333,13.0,19.66667,121.66667,0,0.05184,-0.05184,0.38099,0.2103,0.54725,0.56103,0.64054,0.60212,1518.83307,1595.82051,0.61872,0.38128,1.65124,2.76392,0.66667,240.0,40.66667,86.66667,0.46933,10.0,29.0,0.34467,20.33333,27.66667,0.739,9.33333,37.0,46.33333,26.66667,6.33333,5.33333,11.33333,22.33333,111.66667,240.0,39.66667,93.0,0.427,10.66667,35.0,0.30267,23.0,29.33333,0.8,14.33333,36.66667,51.0,22.0,5.0,5.33333,10.33333,21.33333,113.0,0,0.01848,-0.01848,0.39454,0.25801,0.48418,0.52713,0.56982,0.60228,1466.78833,1510.4673,0.56374,0.43626,1.81173,2.39054,0.66667,,,,
240.0,36.66667,93.0,0.39467,13.0,36.33333,0.35733,17.0,22.0,0.771,10.0,36.0,46.0,21.66667,7.33333,5.66667,12.33333,23.33333,103.33333,240.0,40.66667,94.66667,0.42967,12.0,31.66667,0.38033,20.33333,26.0,0.784,15.66667,41.0,56.66667,23.66667,6.66667,6.33333,13.0,22.0,113.66667,1,0.14165,-0.14165,0.43519,0.25158,0.49307,0.46486,0.56617,0.5283,1576.80096,1468.94657,0.36366,0.63634,2.78694,1.57891,1.0,240.0,39.33333,84.0,0.46933,11.66667,29.33333,0.39767,16.66667,23.33333,0.72233,7.66667,33.0,40.66667,21.0,8.33333,4.0,17.66667,21.0,107.0,240.0,44.33333,88.66667,0.498,10.66667,27.0,0.39167,18.33333,23.66667,0.776,9.0,34.66667,43.66667,26.33333,10.33333,4.66667,12.66667,22.0,117.66667,1,0.13439,-0.13439,0.28755,0.22051,0.56017,0.53934,0.62832,0.60224,1471.49424,1418.80768,0.43999,0.56001,2.61246,2.03504,0.66667,,,,
240.0,37.66667,92.33333,0.403,13.0,36.0,0.36167,13.66667,15.66667,0.868,13.33333,29.66667,43.0,20.33333,9.66667,5.0,10.33333,17.66667,102.0,240.0,40.0,82.33333,0.489,12.33333,31.0,0.39967,13.33333,17.0,0.807,8.66667,36.33333,45.0,26.33333,6.66667,7.66667,13.66667,17.33333,105.66667,0,0.07371,-0.07371,0.27754,0.37264,0.56408,0.4726,0.6177,0.52841,1532.79392,1465.65417,0.41866,0.58134,2.53867,1.76103,0.33333,240.0,38.33333,95.33333,0.40333,12.0,35.66667,0.331,19.0,26.0,0.72467,12.66667,32.66667,45.33333,23.0,8.66667,4.0,12.33333,22.33333,107.66667,240.0,41.33333,90.0,0.461,11.0,36.33333,0.30267,20.0,26.33333,0.76367,13.66667,42.0,55.66667,29.0,7.0,7.33333,18.0,23.0,113.66667,0,0.07543,-0.07543,0.41892,0.29916,0.5229,0.46603,0.59609,0.5346,1442.43887,1466.99914,0.55056,0.44944,1.81793,2.22807,0.66667,,,,
248.33333,41.33333,91.66667,0.44967,11.66667,36.33333,0.32,18.0,23.0,0.77767,11.33333,38.33333,49.66667,26.33333,7.66667,5.33333,16.66667,19.33333,112.33333,248.33333,44.33333,101.33333,0.437,12.0,37.33333,0.32,17.33333,20.33333,0.84667,15.66667,35.33333,51.0,25.0,9.33333,4.66667,11.0,17.66667,118.0,0,0.07463,-0.07463,0.41912,0.3223,0.49653,0.51271,0.55701,0.57921,1529.2569,1461.04807,0.40948,0.59052,2.51646,1.71461,1.0,240.0,44.0,85.33333,0.51633,10.0,28.0,0.35333,16.0,21.66667,0.737,8.33333,34.33333,42.66667,22.66667,8.66667,6.33333,14.33333,17.66667,114.0,240.0,41.66667,88.66667,0.47167,7.33333,22.33333,0.32067,15.66667,20.66667,0.79767,11.66667,30.33333,42.0,21.33333,7.33333,2.33333,15.0,19.0,106.33333,0,-0.09818,0.09818,0.3419,0.27671,0.51259,0.57474,0.57147,0.63306,1377.61794,1512.76945,0.66923,0.33077,1.50945,3.16383,0.33333,,,,
240.0,38.33333,91.0,0.42267,11.66667,35.66667,0.321,13.66667,15.0,0.87933,7.66667,30.0,37.66667,15.66667,4.33333,2.0,9.33333,18.33333,102.0,240.0,44.33333,89.0,0.49833,12.66667,29.33333,0.42367,14.33333,18.0,0.79967,11.0,39.0,50.0,29.33333,6.0,5.0,11.66667,18.0,115.66667,0,0.18618,-0.18618,0.36825,0.19719,0.56902,0.4868,0.62193,0.54324,1503.70842,1294.76788,0.24285,0.75715,4.43856,1.33027,1.0,240.0,37.33333,90.33333,0.41,14.0,37.33333,0.37933,17.33333,25.33333,0.68267,11.0,34.33333,45.33333,22.0,8.0,4.33333,13.66667,19.66667,106.0,240.0,42.33333,89.66667,0.47333,16.0,43.66667,0.37967,18.0,25.0,0.71267,10.33333,40.0,50.33333,27.66667,7.66667,5.0,13.66667,21.33333,118.66667,0,0.18191,-0.18191,0.30312,0.28387,0.56256,0.48764,0.62408,0.54912,1708.71357,1507.13845,0.25107,0.74893,4.25784,1.34581,0.66667,,,,
240.0,40.66667,87.66667,0.46367,10.66667,33.66667,0.317,15.66667,19.33333,0.79833,8.33333,30.66667,39.0,21.33333,7.33333,3.33333,11.0,18.0,107.66667,240.0,42.0,86.33333,0.48633,12.66667,31.33333,0.401,15.66667,20.0,0.782,10.33333,36.33333,46.66667,25.33333,7.0,5.33333,13.0,17.0,112.33333,0,0.05854,-0.05854,0.33854,0.22898,0.55883,0.52469,0.61768,0.5854,1573.75366,1422.88871,0.29997,0.70003,3.45123,1.43917,1.0,240.0,42.0,87.0,0.483,11.66667,31.33333,0.374,16.33333,21.66667,0.75433,8.0,30.33333,38.33333,24.66667,11.0,3.66667,18.0,19.0,112.0,240.0,47.66667,92.66667,0.51333,10.0,25.66667,0.38533,14.33333,19.33333,0.74667,11.66667,33.0,44.66667,25.33333,11.0,4.0,15.0,20.33333,119.66667,0,0.09631,-0.09631,0.39047,0.24501,0.56917,0.55081,0.61885,0.61173,1472.92027,1473.07502,0.50885,0.49115,2.10993,2.222,0.33333,,,,
240.0,45.33333,96.33333,0.47133,13.0,30.33333,0.42967,13.33333,17.33333,0.82333,9.66667,34.66667,44.33333,27.0,9.33333,6.0,12.33333,20.66667,117.0,240.0,43.33333,94.0,0.46033,13.33333,35.66667,0.36933,17.33333,20.33333,0.85067,11.0,38.0,49.0,30.0,6.66667,6.0,14.33333,17.0,117.33333,1,0.00145,-0.00145,0.32074,0.27153,0.53094,0.53835,0.5953,0.58455,1512.42155,1515.22202,0.50557,0.49443,2.14636,2.32138,0.33333,240.0,38.33333,85.33333,0.451,13.0,37.33333,0.35567,17.66667,20.66667,0.86367,8.66667,28.66667,37.33333,21.33333,6.0,2.33333,10.0,21.66667,107.33333,240.0,38.33333,82.0,0.46433,13.0,35.0,0.37033,16.66667,23.0,0.735,9.33333,33.66667,43.0,26.0,3.33333,5.33333,11.66667,19.33333,106.33333,1,-0.01589,0.01589,0.32693,0.25067,0.54295,0.52668,0.60897,0.59873,1423.4683,1473.41541,0.56444,0.43556,2.01512,2.66497,0.33333,,,,
240.0,44.0,92.33333,0.47833,14.33333,35.66667,0.407,10.33333,13.33333,0.75933,12.33333,38.66667,51.0,27.66667,6.66667,4.66667,11.0,18.0,112.66667,240.0,37.66667,87.33333,0.43433,9.66667,33.0,0.29167,17.0,20.33333,0.83433,8.66667,31.33333,40.0,23.0,6.33333,4.0,10.33333,15.33333,102.0,0,-0.1464,0.1464,0.22378,0.39357,0.48954,0.55594,0.55915,0.59279,1441.62845,1600.61085,0.68527,0.31473,1.53224,4.20632,0.0,240.0,36.33333,86.33333,0.42233,10.33333,27.66667,0.36367,17.0,20.66667,0.822,10.33333,36.66667,47.0,20.66667,7.33333,5.66667,15.0,23.66667,100.0,240.0,37.33333,83.66667,0.446,8.66667,25.0,0.348,22.0,28.33333,0.77267,8.33333,35.33333,43.66667,23.0,9.33333,5.0,12.66667,20.33333,105.33333,0,0.07601,-0.07601,0.23007,0.28744,0.49804,0.48354,0.58603,0.55276,1567.07377,1423.19375,0.32387,0.67613,3.8562,1.58672,1.0,,,,
240.0,35.66667,87.0,0.40667,14.33333,41.0,0.34333,18.0,24.33333,0.73733,16.0,27.33333,43.33333,22.33333,8.0,5.66667,13.66667,23.33333,103.66667,240.0,40.0,78.66667,0.50833,9.66667,25.33333,0.38733,21.0,25.66667,0.81733,8.33333,32.33333,40.66667,22.0,7.33333,4.0,12.66667,20.33333,110.66667,0,0.11999,-0.11999,0.30644,0.51821,0.56969,0.48727,0.65633,0.5552,1355.10227,1484.56627,0.68202,0.31798,1.50556,3.44461,0.66667,240.0,40.33333,91.0,0.44433,9.66667,27.0,0.361,21.66667,25.33333,0.85333,10.33333,28.66667,39.0,24.0,9.0,4.66667,10.66667,22.0,112.0,240.0,41.66667,85.33333,0.48767,14.0,32.33333,0.43267,22.33333,27.33333,0.82767,10.66667,35.33333,46.0,22.0,6.33333,6.66667,15.66667,22.33333,119.66667,0,0.09655,-0.09655,0.37003,0.29722,0.56954,0.49827,0.65426,0.58141,1608.77776,1424.73808,0.27561,0.72439,4.2792,1.4161,1.0,,,,
240.0,38.66667,88.66667,0.43667,11.33333,35.66667,0.319,17.0,21.66667,0.78033,8.0,31.33333,39.33333,21.66667,7.0,4.33333,8.66667,20.33333,105.66667,240.0,41.66667,86.33333,0.48233,12.33333,33.33333,0.36367,18.33333,23.33333,0.79133,10.66667,39.33333,50.0,24.66667,6.33333,6.66667,12.33333,17.0,114.0,1,0.10775,-0.10775,0.3416,0.20411,0.55309,0.50083,0.62182,0.56617,1566.51638,1417.23008,0.31388,0.68612,3.36527,1.47822,1.0,240.0,36.66667,88.0,0.41733,9.33333,27.0,0.34167,20.33333,26.33333,0.77133,11.66667,35.33333,47.0,21.33333,8.66667,3.33333,15.33333,19.33333,103.0,240.0,43.66667,89.33333,0.49067,13.66667,38.0,0.36933,14.0,19.66667,0.70933,10.66667,36.66667,47.33333,32.66667,9.0,8.0,16.33333,23.66667,115.0,1,0.16568,-0.16568,0.29636,0.31786,0.56834,0.47079,0.6165,0.54983,1643.22136,1474.08015,0.31864,0.68136,4.28729,1.52988,0.66667,,,,
240.0,36.66667,83.66667,0.44133,16.66667,44.33333,0.38433,17.33333,23.33333,0.75267,9.33333,31.0,40.33333,22.66667,10.0,4.0,11.66667,20.0,107.33333,240.0,35.66667,82.66667,0.431,11.0,34.66667,0.31233,15.33333,19.33333,0.78833,11.33333,36.33333,47.66667,23.33333,4.33333,5.0,16.0,19.33333,97.66667,0,-0.13055,0.13055,0.36193,0.25652,0.49773,0.54148,0.56309,0.60759,1469.09126,1601.66918,0.65348,0.34652,1.66292,3.56222,0.0,240.0,36.0,82.66667,0.43833,13.0,38.33333,0.33367,19.0,24.0,0.792,10.0,33.33333,43.33333,23.0,7.0,6.0,15.0,24.0,104.0,240.0,40.0,82.33333,0.48633,10.33333,26.66667,0.39333,22.66667,27.33333,0.84,6.0,34.66667,40.66667,25.33333,7.33333,5.33333,12.0,20.33333,113.0,0,0.11975,-0.11975,0.18166,0.279,0.55021,0.51683,0.64187,0.59378,1446.9817,1565.63491,0.67816,0.32184,1.48972,3.2256,1.0,,,,
240.0,41.33333,88.0,0.47033,9.33333,27.0,0.33967,15.0,16.66667,0.895,8.66667,28.0,36.66667,25.33333,6.33333,4.33333,12.66667,21.66667,107.0,240.0,48.33333,89.0,0.544,15.0,33.66667,0.45533,16.33333,21.33333,0.78133,10.33333,32.0,42.33333,33.0,6.0,5.66667,10.0,18.33333,128.0,0,0.25913,-0.25913,0.36417,0.27652,0.62873,0.52367,0.68485,0.58481,1568.32009,1502.63554,0.44525,0.55475,2.32071,1.84996,1.0,240.0,39.33333,87.66667,0.44933,11.66667,33.0,0.34467,14.33333,16.66667,0.89767,11.33333,32.66667,44.0,24.33333,6.66667,3.33333,15.33333,20.33333,104.66667,240.0,37.0,84.0,0.442,13.0,41.33333,0.31267,23.0,27.66667,0.83667,8.0,34.66667,42.66667,20.33333,9.0,4.33333,12.33333,17.66667,110.0,0,0.0699,-0.0699,0.24571,0.35097,0.51862,0.51595,0.61098,0.5739,1606.25117,1465.47093,0.3362,0.6638,3.99139,1.60999,0.66667,,,,
240.0,33.33333,80.33333,0.416,7.0,21.33333,0.32667,22.0,32.0,0.70533,10.66667,30.66667,41.33333,21.0,8.66667,3.0,12.0,22.33333,95.66667,240.0,38.0,82.66667,0.46033,10.33333,31.0,0.333,18.33333,23.66667,0.774,10.0,33.0,43.0,25.0,8.0,5.66667,13.33333,23.66667,104.66667,0,0.13132,-0.13132,0.32509,0.32479,0.52344,0.45963,0.59678,0.54916,1598.13132,1557.3684,0.45906,0.54094,2.19099,1.85688,1.0,240.0,43.66667,92.0,0.47833,12.33333,30.0,0.42633,21.0,28.0,0.74633,13.66667,34.66667,48.33333,25.66667,5.66667,5.33333,14.0,24.66667,120.66667,240.0,41.33333,97.0,0.42567,10.33333,22.0,0.49567,24.0,30.0,0.794,18.66667,30.66667,49.33333,25.0,8.0,4.66667,10.33333,25.33333,117.0,0,-0.04912,0.04912,0.54745,0.45759,0.47905,0.54528,0.56391,0.61918,1520.04079,1477.552,0.4336,0.5664,2.51002,1.85911,0.66667,,,,
248.33333,41.66667,95.33333,0.43833,8.66667,31.0,0.288,20.33333,28.33333,0.713,12.0,40.66667,52.66667,17.33333,6.0,5.66667,14.0,28.66667,112.33333,248.33333,36.0,89.33333,0.40367,10.33333,36.33333,0.294,27.0,36.66667,0.72967,11.66667,39.0,50.66667,18.66667,8.66667,6.0,12.33333,26.0,109.33333,0,-0.04335,0.04335,0.28613,0.30673,0.4616,0.48371,0.55957,0.55438,1565.63581,1586.70542,0.52683,0.47317,1.92257,2.15381,0.33333,240.0,39.0,88.0,0.44333,9.0,27.0,0.327,16.66667,20.33333,0.81833,11.33333,34.66667,46.0,22.0,6.0,5.66667,12.33333,21.0,103.66667,240.0,39.0,82.0,0.47733,8.66667,26.66667,0.32833,20.0,25.66667,0.783,7.33333,35.33333,42.66667,25.33333,7.33333,6.0,11.0,20.33333,106.66667,0,0.04602,-0.04602,0.20784,0.31775,0.53037,0.49593,0.61074,0.56221,1575.21686,1400.12887,0.27928,0.72072,4.0513,1.41725,0.66667,,,,
240.0,40.33333,86.0,0.46767,11.0,31.66667,0.344,19.66667,23.66667,0.84133,6.66667,33.0,39.66667,28.33333,7.33333,6.0,14.0,23.0,111.33333,240.0,42.0,92.33333,0.45533,14.33333,36.66667,0.388,23.66667,30.0,0.78333,13.66667,36.0,49.66667,26.66667,8.33333,7.0,12.0,22.0,122.0,0,0.12876,-0.12876,0.42488,0.18519,0.53391,0.53099,0.62069,0.60854,1479.5622,1432.70241,0.45781,0.54219,2.44091,2.00568,1.0,240.0,37.0,93.0,0.39933,8.33333,33.33333,0.24967,10.33333,12.66667,0.80067,10.0,37.33333,47.33333,19.0,7.0,3.0,15.33333,20.66667,92.66667,240.0,41.33333,93.33333,0.441,12.66667,35.33333,0.36333,18.0,22.66667,0.80233,14.0,42.66667,56.66667,26.66667,10.33333,5.33333,12.33333,14.33333,113.33333,0,0.28646,-0.28646,0.38413,0.23314,0.50828,0.44359,0.57608,0.48516,1511.49602,1375.05586,0.34073,0.65927,3.14965,1.54975,1.0,,,,
240.0,39.33333,89.33333,0.43833,12.0,33.66667,0.35467,13.66667,19.0,0.746,8.33333,35.66667,44.0,24.33333,8.66667,5.0,9.0,20.66667,104.33333,240.0,39.66667,86.66667,0.45833,13.66667,35.0,0.394,16.33333,22.66667,0.714,10.66667,38.33333,49.0,28.0,3.66667,5.33333,13.66667,17.66667,109.33333,1,0.07714,-0.07714,0.30317,0.21641,0.53717,0.50664,0.59708,0.55713,1609.13863,1501.95156,0.3589,0.6411,3.00307,1.58954,0.33333,240.0,47.66667,89.33333,0.53333,13.33333,33.33333,0.403,10.33333,14.33333,0.69067,7.66667,32.66667,40.33333,33.33333,8.0,5.0,11.0,22.66667,119.0,240.0,38.33333,80.33333,0.47733,11.0,30.0,0.356,25.0,28.66667,0.88433,6.66667,32.33333,39.0,23.66667,6.33333,3.66667,13.0,17.33333,112.66667,1,-0.0922,0.0922,0.20444,0.23902,0.54574,0.60819,0.64844,0.64291,1468.80827,1552.03945,0.60735,0.39265,1.71883,2.74467,0.33333,,,,
240.0,41.33333,93.0,0.44467,12.0,38.0,0.31767,21.66667,28.0,0.773,9.66667,41.66667,51.33333,22.0,5.33333,2.66667,12.33333,20.66667,116.33333,240.0,45.33333,99.33333,0.457,9.66667,32.66667,0.315,15.66667,20.66667,0.74233,12.66667,38.0,50.66667,24.33333,6.33333,5.66667,10.66667,21.33333,116.0,1,0.00081,-0.00081,0.30587,0.25152,0.50522,0.5099,0.55987,0.58731,1435.10543,1692.05995,0.80155,0.19845,1.25858,6.35879,0.66667,240.0,36.0,77.33333,0.46667,16.0,40.0,0.39433,15.0,20.0,0.74967,7.33333,29.0,36.33333,26.66667,7.0,5.33333,17.0,23.66667,103.0,240.0,42.0,85.0,0.497,10.33333,26.66667,0.38967,18.33333,26.0,0.69667,12.0,32.0,44.0,26.66667,9.33333,3.33333,12.0,18.33333,112.66667,1,0.15867,-0.15867,0.45156,0.22631,0.55844,0.57027,0.62446,0.63058,1481.23454,1466.68968,0.49713,0.50287,2.43869,2.30428,0.66667,,,,
240.0,43.33333,87.66667,0.49533,15.66667,37.33333,0.423,11.0,13.66667,0.80467,7.0,38.0,45.0,32.0,7.33333,6.66667,13.33333,21.33333,113.33333,240.0,38.66667,92.33333,0.42,9.66667,31.0,0.31933,20.0,25.0,0.797,14.0,35.66667,49.66667,22.33333,8.33333,3.33333,10.66667,14.0,107.0,0,-0.08162,0.08162,0.36496,0.19569,0.47259,0.58423,0.54904,0.62562,1483.95795,1644.17662,0.71115,0.28885,1.41098,3.53539,0.33333,240.0,42.33333,87.33333,0.485,15.0,33.0,0.45067,10.66667,14.0,0.76167,7.0,39.66667,46.66667,29.66667,6.33333,6.33333,16.0,21.66667,110.33333,240.0,39.66667,92.33333,0.429,9.0,31.0,0.29433,18.66667,26.0,0.72933,10.66667,34.33333,45.0,23.0,11.0,3.66667,11.33333,16.0,107.0,0,-0.03409,0.03409,0.27439,0.20621,0.47793,0.57053,0.54562,0.61025,1492.45286,1490.73231,0.4974,0.5026,2.57225,2.33987,0.33333,,,,
248.33333,38.0,86.66667,0.44133,18.66667,49.0,0.38333,18.66667,24.0,0.78967,10.0,29.0,39.0,21.66667,9.66667,3.33333,12.66667,21.33333,113.33333,248.33333,37.0,82.66667,0.446,12.33333,36.33333,0.33567,21.66667,27.0,0.80333,11.0,38.0,49.0,24.66667,6.66667,3.33333,17.33333,20.66667,108.0,1,-0.06952,0.06952,0.38364,0.2616,0.5202,0.54922,0.60717,0.61885,1404.1377,1612.20361,0.76249,0.23751,1.31385,4.29977,0.33333,248.33333,47.33333,97.66667,0.48433,9.66667,30.66667,0.31933,25.66667,32.0,0.80667,11.0,40.33333,51.33333,28.0,7.33333,6.33333,16.66667,23.66667,130.0,248.33333,46.0,101.0,0.45667,11.0,35.66667,0.32667,16.66667,27.33333,0.609,15.0,35.66667,50.66667,30.66667,7.0,4.66667,16.0,25.33333,119.66667,1,-0.12421,0.12421,0.38049,0.32186,0.51074,0.5338,0.55883,0.62048,1486.33827,1535.13529,0.55577,0.44423,2.286,2.79959,0.0,,,,
240.0,41.0,85.66667,0.48033,9.66667,28.66667,0.33233,21.33333,26.66667,0.81,10.33333,40.0,50.33333,22.66667,5.66667,5.0,11.33333,20.33333,113.0,240.0,40.66667,91.33333,0.44567,9.33333,30.0,0.312,16.66667,20.66667,0.80033,7.66667,34.66667,42.33333,21.0,5.0,5.33333,11.0,22.66667,107.33333,1,-0.07407,0.07407,0.19312,0.29187,0.4967,0.53634,0.56003,0.61869,1405.91723,1509.69004,0.62991,0.37009,1.63412,3.05323,0.0,240.0,45.0,92.66667,0.489,14.0,35.66667,0.37667,19.66667,24.0,0.82267,13.0,32.66667,45.66667,29.33333,8.0,4.33333,9.33333,18.0,123.66667,240.0,41.0,84.0,0.49333,11.33333,29.66667,0.38733,17.66667,23.66667,0.73633,8.66667,34.66667,43.33333,22.33333,4.33333,5.33333,14.66667,20.66667,111.0,1,-0.16121,0.16121,0.30673,0.36893,0.5615,0.56592,0.62803,0.63569,1277.6556,1557.55791,0.8184,0.1816,1.23345,6.39428,0.33333,,,,
240.0,38.33333,87.0,0.44133,7.66667,22.66667,0.337,14.33333,18.66667,0.763,11.66667,32.33333,44.0,24.0,9.0,4.0,16.0,19.66667,98.66667,240.0,41.33333,85.66667,0.48167,12.0,34.0,0.35367,16.33333,21.33333,0.76567,9.33333,33.0,42.33333,28.0,9.33333,6.33333,15.0,20.66667,111.0,0,0.17405,-0.17405,0.28924,0.35977,0.55246,0.48566,0.61491,0.54272,1599.54393,1549.18283,0.44586,0.55414,2.30831,1.84288,1.0,248.33333,43.33333,89.0,0.487,12.66667,33.33333,0.376,17.0,19.66667,0.872,7.66667,42.0,49.66667,28.33333,11.33333,5.0,13.66667,24.0,116.33333,248.33333,37.33333,95.33333,0.39233,12.0,40.33333,0.29633,16.33333,26.33333,0.62,15.33333,34.33333,49.66667,20.33333,4.66667,5.0,17.33333,19.0,103.0,0,-0.18269,0.18269,0.36568,0.22202,0.45515,0.55952,0.51071,0.6248,1575.89938,1593.93161,0.5067,0.4933,2.03786,2.0819,0.0,,,,
240.0,36.0,90.0,0.399,12.33333,34.33333,0.362,13.33333,16.0,0.83033,12.33333,36.0,48.33333,23.33333,4.33333,3.0,11.66667,18.0,97.66667,240.0,39.33333,87.0,0.45133,9.33333,28.66667,0.32633,18.33333,21.33333,0.825,8.66667,38.33333,47.0,23.66667,7.0,4.0,9.66667,16.0,106.33333,1,0.12377,-0.12377,0.24326,0.32265,0.50478,0.46745,0.57988,0.52175,1504.53588,1503.28103,0.51285,0.48715,2.0032,2.10378,1.0,240.0,31.66667,82.66667,0.38033,9.0,35.33333,0.258,15.0,20.0,0.75467,9.66667,34.66667,44.33333,20.0,7.0,7.0,14.66667,21.0,87.33333,240.0,37.0,87.66667,0.42267,10.66667,27.66667,0.38367,15.0,22.66667,0.66133,12.66667,37.66667,50.33333,22.66667,7.66667,5.66667,11.33333,19.0,99.66667,1,0.21677,-0.21677,0.38777,0.25558,0.4841,0.43449,0.53931,0.49798,1491.5515,1547.9058,0.59604,0.40396,1.74782,2.82248,0.66667,,,,
240.0,41.0,93.33333,0.44,17.66667,42.66667,0.415,19.0,25.66667,0.745,15.33333,30.66667,46.0,27.33333,10.0,4.0,14.66667,21.33333,118.66667,240.0,45.0,88.0,0.51367,10.0,28.66667,0.34933,20.33333,27.33333,0.74233,9.0,33.66667,42.66667,26.0,8.33333,6.33333,15.33333,21.66667,120.33333,0,0.01906,-0.01906,0.29374,0.45368,0.57043,0.53529,0.64156,0.60056,1484.05956,1348.9156,0.32258,0.67742,3.35317,1.50154,0.66667,240.0,38.66667,90.66667,0.427,8.66667,35.0,0.24833,11.66667,13.66667,0.861,9.0,35.0,44.0,17.0,5.0,3.33333,13.66667,15.66667,97.66667,240.0,42.33333,89.66667,0.472,13.0,30.33333,0.43,13.66667,18.0,0.76133,10.66667,39.66667,50.33333,27.0,7.33333,5.66667,12.66667,15.33333,111.33333,0,0.18904,-0.18904,0.30782,0.22845,0.54453,0.47474,0.59425,0.52208,1512.07413,1451.99767,0.43235,0.56765,2.73712,1.99461,1.0,,,,
240.0,44.0,92.33333,0.47733,12.0,29.0,0.416,25.0,32.33333,0.76533,11.66667,38.33333,50.0,25.33333,6.66667,3.33333,11.0,21.66667,125.0,240.0,42.66667,94.66667,0.44967,13.33333,44.0,0.29867,24.0,31.0,0.77767,11.66667,35.0,46.66667,23.0,6.66667,5.0,10.33333,23.0,122.66667,0,-0.02793,0.02793,0.30477,0.33567,0.51927,0.54181,0.60531,0.62921,1506.32538,1587.13672,0.60181,0.39819,1.90211,3.12857,0.33333,248.33333,41.0,95.33333,0.432,11.0,35.66667,0.306,9.0,14.66667,0.64833,10.66667,39.66667,50.33333,24.0,7.33333,3.66667,14.66667,22.66667,102.0,248.33333,41.0,93.33333,0.43733,12.66667,38.0,0.33233,19.66667,24.66667,0.80767,11.33333,43.33333,54.66667,26.33333,8.66667,6.0,12.0,15.0,114.33333,0,0.16932,-0.16932,0.30159,0.2463,0.50469,0.48971,0.5784,0.51849,1517.71795,1421.2297,0.38325,0.61675,2.67957,1.63917,1.0,,,,
240.0,44.0,97.66667,0.45133,9.66667,28.66667,0.33567,19.0,24.0,0.80033,16.33333,35.33333,51.66667,25.33333,6.33333,4.33333,11.66667,20.0,116.66667,240.0,40.0,89.33333,0.449,8.33333,20.66667,0.446,19.0,27.33333,0.68367,14.33333,32.33333,46.66667,23.0,6.0,6.33333,10.66667,19.33333,107.33333,1,-0.11545,0.11545,0.42258,0.53023,0.49588,0.50086,0.56625,0.56708,1512.10636,1610.3159,0.62168,0.37832,1.61227,2.66086,0.33333,248.33333,45.66667,91.33333,0.50133,12.66667,35.66667,0.357,15.0,19.33333,0.772,9.66667,40.0,49.66667,25.0,9.33333,7.33333,13.33333,17.33333,119.0,248.33333,41.66667,96.33333,0.431,8.33333,22.0,0.35133,13.66667,16.33333,0.858,12.33333,33.33333,45.66667,22.66667,7.33333,1.66667,13.66667,18.0,105.33333,1,-0.19617,0.19617,0.31314,0.28936,0.47328,0.57086,0.52531,0.62401,1359.0253,1516.05744,0.69058,0.30942,1.47636,3.68822,0.33333,,,,
240.0,43.33333,97.66667,0.44567,11.33333,31.33333,0.36033,15.33333,23.33333,0.65533,11.33333,34.33333,45.66667,27.0,8.66667,2.66667,8.33333,22.66667,113.33333,240.0,44.66667,91.0,0.48967,9.66667,30.66667,0.31267,21.0,25.66667,0.81767,9.66667,42.66667,52.33333,29.66667,6.0,5.33333,14.33333,20.0,120.0,1,0.08217,-0.08217,0.28482,0.26244,0.5436,0.50359,0.62083,0.55325,1538.62638,1472.80623,0.41394,0.58606,2.57677,1.78304,1.0,248.33333,44.0,90.66667,0.48667,11.66667,33.0,0.35567,19.33333,20.66667,0.93967,9.0,33.0,42.0,26.66667,6.33333,3.0,11.66667,24.33333,119.0,248.33333,43.33333,92.0,0.47267,13.0,36.0,0.36233,17.33333,23.66667,0.73933,10.66667,32.0,42.66667,27.0,4.33333,4.33333,11.33333,21.33333,117.0,1,-0.02589,0.02589,0.32171,0.27461,0.54549,0.55145,0.60452,0.62752,1422.62592,1434.61522,0.51604,0.48396,2.12727,2.2238,0.33333,,,,
240.0,40.66667,89.0,0.461,7.33333,26.33333,0.278,14.0,16.0,0.87967,7.66667,37.0,44.66667,22.33333,7.0,6.0,13.0,20.33333,102.66667,240.0,36.33333,85.0,0.42867,15.33333,44.0,0.347,15.33333,22.0,0.70633,8.66667,36.66667,45.33333,22.33333,4.66667,3.0,14.33333,16.33333,103.33333,0,0.02058,-0.02058,0.2361,0.21009,0.52004,0.50305,0.57684,0.55979,1411.2064,1515.55874,0.65467,0.34533,1.54017,2.99474,0.33333,240.0,39.33333,88.66667,0.44467,9.66667,30.0,0.319,15.0,19.33333,0.81867,14.0,34.33333,48.33333,24.0,7.0,3.33333,16.33333,18.0,103.33333,240.0,38.66667,85.0,0.455,14.33333,43.66667,0.321,18.0,23.33333,0.766,7.33333,31.66667,39.0,21.66667,9.66667,4.0,10.66667,20.33333,109.66667,0,0.08431,-0.08431,0.2108,0.44376,0.53801,0.49946,0.60897,0.55764,1608.28627,1471.58343,0.34161,0.65839,3.94241,1.62216,0.66667,,,,
240.0,35.66667,84.0,0.425,10.33333,24.33333,0.42133,9.33333,13.66667,0.65333,9.0,35.0,44.0,21.0,5.0,5.66667,17.33333,16.66667,91.0,240.0,42.0,89.0,0.472,8.0,26.33333,0.30633,13.0,17.33333,0.76433,7.66667,34.66667,42.33333,26.33333,10.66667,6.33333,10.0,17.0,105.0,0,0.20929,-0.20929,0.22008,0.26288,0.51697,0.48687,0.5665,0.5239,1535.60992,1287.97837,0.20018,0.79982,5.04028,1.25096,1.0,240.0,39.33333,85.0,0.46267,12.0,32.66667,0.36367,16.66667,21.66667,0.78,8.0,35.66667,43.66667,23.33333,10.33333,4.33333,15.0,23.0,107.33333,240.0,39.33333,87.0,0.456,11.66667,33.66667,0.34267,18.0,22.0,0.816,10.33333,33.33333,43.66667,22.0,8.33333,5.66667,14.66667,17.33333,108.33333,0,0.01085,-0.01085,0.2854,0.24806,0.52236,0.53333,0.59276,0.59791,1627.47233,1543.23858,0.38039,0.61961,2.75027,1.636,0.66667,,,,
248.33333,41.66667,92.33333,0.44867,8.33333,29.66667,0.28133,22.66667,29.0,0.78533,12.0,34.66667,46.66667,26.0,9.66667,5.0,19.0,25.0,114.33333,248.33333,40.66667,92.33333,0.43967,14.33333,36.0,0.40733,23.0,32.0,0.73,12.66667,37.33333,50.0,25.66667,10.33333,4.33333,16.33333,23.0,118.66667,0,0.06075,-0.06075,0.3621,0.32459,0.51687,0.49384,0.59635,0.57618,1526.74721,1287.19433,0.20726,0.79274,5.13129,1.26568,0.66667,240.0,37.0,88.33333,0.42167,8.0,27.33333,0.28633,16.66667,21.33333,0.782,7.33333,36.0,43.33333,21.66667,7.66667,4.0,11.33333,22.66667,98.66667,240.0,38.33333,89.33333,0.429,13.0,39.0,0.335,18.0,25.0,0.71733,13.0,41.0,54.0,25.33333,7.33333,7.0,13.0,22.0,107.66667,0,0.11408,-0.11408,0.37063,0.18146,0.50164,0.46651,0.56658,0.53263,1605.11832,1515.25105,0.39092,0.60908,2.63546,1.66449,0.66667,,,,
240.0,44.33333,93.33333,0.47533,15.0,37.0,0.402,12.0,16.66667,0.72133,8.0,31.0,39.0,26.33333,6.0,5.0,10.33333,24.0,115.66667,240.0,43.0,90.33333,0.47867,14.0,33.0,0.42367,27.33333,32.0,0.84433,13.66667,37.66667,51.33333,26.0,5.33333,3.66667,12.66667,19.33333,127.33333,1,0.13493,-0.13493,0.44226,0.21298,0.55586,0.55565,0.65704,0.59646,1528.20354,1588.01226,0.60511,0.39489,1.67929,2.61545,1.0,240.0,40.0,89.0,0.45167,12.33333,34.0,0.34867,18.0,21.66667,0.83,12.33333,34.66667,47.0,24.0,7.0,5.66667,10.33333,17.66667,110.33333,240.0,42.66667,87.33333,0.493,11.33333,30.66667,0.38967,17.0,21.33333,0.79033,8.66667,35.0,43.66667,18.0,5.66667,3.66667,10.66667,18.33333,113.66667,1,0.04168,-0.04168,0.24193,0.36444,0.55828,0.51946,0.62253,0.58948,1297.61657,1571.47199,0.81851,0.18149,1.22993,6.78163,0.66667,,,,
240.0,36.33333,88.0,0.41033,13.33333,38.66667,0.33933,15.66667,17.33333,0.904,11.0,29.0,40.0,23.0,8.66667,3.33333,10.66667,16.66667,101.66667,240.0,43.33333,84.66667,0.513,14.0,32.33333,0.43033,11.33333,14.66667,0.794,9.66667,35.0,44.66667,29.33333,6.66667,6.66667,12.66667,18.33333,112.0,0,0.15449,-0.15449,0.31795,0.31831,0.59537,0.48519,0.6394,0.55079,1527.42436,1462.46489,0.43286,0.56714,2.4839,1.8202,0.66667,240.0,39.33333,86.0,0.45967,13.0,34.33333,0.359,18.0,21.33333,0.83267,10.0,31.66667,41.66667,25.0,6.66667,1.66667,10.0,17.66667,109.66667,240.0,42.0,84.33333,0.50533,10.0,30.33333,0.338,14.0,18.66667,0.748,8.33333,32.66667,41.0,28.33333,5.0,5.0,12.66667,21.33333,108.0,0,-0.0173,0.0173,0.28309,0.30635,0.56637,0.53664,0.62,0.60793,1643.62624,1486.9586,0.28602,0.71398,3.76209,1.41451,0.66667,,,,
240.0,40.33333,90.66667,0.44533,8.66667,28.66667,0.296,13.66667,17.33333,0.80967,11.66667,30.0,41.66667,24.33333,7.0,4.0,13.0,18.66667,103.0,240.0,46.0,89.33333,0.517,17.33333,39.33333,0.454,14.0,18.66667,0.76167,10.0,33.0,43.0,33.0,7.33333,5.66667,11.33333,20.33333,123.33333,0,0.25826,-0.25826,0.33598,0.35906,0.61415,0.49296,0.66256,0.54556,1604.99929,1494.30861,0.3712,0.6288,2.70664,1.59295,1.0,240.0,40.33333,87.33333,0.46233,9.66667,28.33333,0.341,16.33333,21.66667,0.71367,12.0,35.0,47.0,25.33333,7.66667,5.33333,13.0,20.66667,106.66667,240.0,35.33333,87.0,0.40567,12.33333,37.33333,0.329,20.33333,26.33333,0.77233,12.66667,33.33333,46.0,20.66667,5.66667,4.66667,13.33333,19.66667,103.33333,0,-0.05076,0.05076,0.36758,0.3719,0.47625,0.51787,0.55506,0.5792,1473.06117,1508.85187,0.54532,0.45468,1.88328,2.31419,0.33333,,,,
240.0,46.66667,90.0,0.52,14.66667,37.0,0.389,14.33333,19.0,0.733,9.33333,34.0,43.33333,32.66667,9.66667,4.66667,14.0,21.0,122.33333,240.0,40.0,84.66667,0.47133,13.33333,32.66667,0.39667,16.0,22.0,0.72633,7.33333,31.66667,39.0,23.0,7.66667,4.33333,15.33333,20.0,109.33333,1,-0.16357,0.16357,0.21554,0.29063,0.54948,0.60279,0.60962,0.65225,1366.73868,1628.40802,0.79984,0.20016,1.26338,5.79436,0.33333,248.33333,45.33333,87.33333,0.52067,12.0,34.0,0.35333,15.66667,21.33333,0.734,8.0,36.0,44.0,23.66667,8.66667,7.66667,14.66667,18.0,118.33333,248.33333,44.66667,93.0,0.482,9.33333,22.33333,0.40767,13.66667,17.33333,0.82533,11.33333,31.0,42.33333,24.0,8.33333,2.0,15.0,18.66667,112.33333,1,-0.07919,0.07919,0.31186,0.25814,0.53099,0.58896,0.5809,0.64377,1368.79987,1472.56032,0.63561,0.36439,1.57727,2.76372,0.33333,,,,
240.0,38.66667,89.33333,0.433,11.0,36.66667,0.29633,15.66667,18.0,0.86467,8.66667,31.66667,40.33333,18.66667,3.66667,1.66667,11.0,19.66667,104.0,240.0,46.33333,89.66667,0.51767,15.0,35.33333,0.42967,15.0,19.33333,0.779,8.33333,36.66667,45.0,29.66667,7.33333,5.0,7.66667,16.33333,122.66667,0,0.24481,-0.24481,0.2658,0.23225,0.60127,0.49479,0.65387,0.55812,1547.72878,1293.26039,0.21591,0.78409,6.41073,1.29512,1.0,240.0,41.0,91.66667,0.449,12.0,34.0,0.34667,12.0,14.66667,0.82267,9.0,38.33333,47.33333,24.33333,5.66667,4.33333,10.33333,21.0,106.0,240.0,38.66667,85.0,0.45533,10.66667,25.66667,0.42267,20.0,24.33333,0.815,8.0,37.33333,45.33333,22.33333,4.33333,6.0,9.33333,13.0,108.0,0,0.02715,-0.02715,0.20799,0.23704,0.51769,0.51614,0.59849,0.5618,1536.05553,1586.72197,0.5748,0.4252,1.78666,2.44862,0.66667,,,,
240.0,43.66667,90.66667,0.481,12.0,35.0,0.34367,19.66667,25.66667,0.76167,6.33333,43.33333,49.66667,26.0,5.33333,5.0,12.66667,19.33333,119.0,240.0,44.33333,100.0,0.443,10.0,32.66667,0.33033,12.0,18.66667,0.66033,10.33333,36.66667,47.0,24.0,5.33333,4.0,10.33333,19.66667,110.66667,0,-0.10723,0.10723,0.23633,0.17387,0.49275,0.54786,0.53145,0.61734,1499.88354,1699.83947,0.75551,0.24449,1.32406,4.10365,0.33333,240.0,40.33333,88.66667,0.45533,11.66667,36.33333,0.30733,12.0,16.33333,0.73867,11.0,32.66667,43.66667,22.33333,6.33333,3.66667,14.0,20.66667,104.33333,240.0,42.0,85.33333,0.49467,14.33333,35.33333,0.42167,21.33333,23.66667,0.90567,8.33333,35.33333,43.66667,23.0,7.0,2.0,10.33333,16.66667,119.66667,0,0.20128,-0.20128,0.24953,0.33049,0.57793,0.5205,0.66269,0.56439,1293.88252,1537.44383,0.82002,0.17998,1.22536,6.27577,1.0,,,,
240.0,39.66667,92.0,0.43367,12.0,32.33333,0.36767,12.66667,15.33333,0.80533,13.66667,34.0,47.66667,25.0,6.33333,5.33333,11.0,17.33333,104.0,240.0,41.66667,86.66667,0.48133,8.33333,26.0,0.337,16.66667,19.66667,0.846,8.0,36.0,44.0,26.33333,5.33333,4.0,10.0,15.66667,108.33333,0,0.05807,-0.05807,0.25198,0.37511,0.52971,0.49882,0.59721,0.54724,1431.15372,1596.068,0.71377,0.28623,1.4362,4.34618,0.33333,240.0,39.0,90.33333,0.432,8.0,27.33333,0.29133,17.0,21.66667,0.799,13.0,36.66667,49.66667,23.66667,6.66667,5.0,15.33333,19.0,103.0,240.0,38.33333,87.66667,0.43667,15.33333,42.33333,0.35767,20.0,26.33333,0.751,8.33333,36.33333,44.66667,19.66667,9.0,4.33333,10.33333,21.33333,112.0,0,0.12019,-0.12019,0.22709,0.36492,0.52305,0.47604,0.59913,0.54173,1613.1415,1438.11986,0.28977,0.71023,4.18977,1.43755,1.0,,,,
240.0,39.66667,86.0,0.462,14.33333,35.66667,0.40133,21.0,24.33333,0.89833,11.66667,23.0,34.66667,24.0,8.66667,3.0,8.66667,20.0,114.66667,240.0,41.33333,75.33333,0.54833,10.33333,25.66667,0.404,19.0,24.0,0.797,8.33333,29.66667,38.0,25.0,4.33333,4.33333,14.66667,21.33333,112.0,0,-0.03965,0.03965,0.36865,0.40182,0.61693,0.54524,0.69501,0.6284,1510.77512,1489.22574,0.46141,0.53859,2.56658,2.33928,0.66667,240.0,37.33333,83.66667,0.44633,9.66667,30.33333,0.31367,17.66667,22.66667,0.82267,9.66667,29.0,38.66667,22.0,8.0,3.0,10.33333,18.66667,102.0,240.0,43.0,82.66667,0.519,12.33333,32.33333,0.38833,13.33333,17.33333,0.78033,8.0,31.66667,39.66667,31.33333,6.0,6.0,11.66667,18.0,111.66667,0,0.11896,-0.11896,0.27838,0.31015,0.59314,0.50335,0.64448,0.57598,1595.78726,1494.79623,0.373,0.627,2.81027,1.61685,1.0,,,,
240.0,40.66667,89.33333,0.45633,16.33333,40.0,0.40867,18.66667,23.0,0.84833,14.66667,26.0,40.66667,23.66667,8.66667,4.33333,10.33333,22.66667,116.33333,240.0,41.33333,77.0,0.535,9.66667,24.66667,0.39733,21.33333,26.66667,0.80033,7.66667,30.0,37.66667,22.0,5.33333,3.66667,13.0,19.0,113.66667,0,-0.04082,0.04082,0.30536,0.49501,0.59774,0.54752,0.68429,0.61722,1397.66471,1487.49412,0.61217,0.38783,1.90714,3.22209,0.66667,240.0,40.33333,86.66667,0.46767,12.33333,32.33333,0.36333,17.0,22.0,0.772,9.66667,38.33333,48.0,25.33333,8.0,3.0,12.66667,19.33333,110.0,240.0,40.66667,91.33333,0.44533,9.0,36.33333,0.24233,14.33333,19.66667,0.725,11.0,34.0,45.0,29.33333,7.33333,5.33333,14.0,21.66667,104.66667,0,-0.06298,0.06298,0.28848,0.28347,0.49479,0.54024,0.54734,0.60411,1643.07056,1423.66587,0.22691,0.77309,5.31856,1.31756,0.33333,,,,
240.0,34.33333,88.66667,0.387,12.66667,37.66667,0.33767,15.66667,19.66667,0.81233,14.0,38.0,52.0,25.33333,4.66667,4.0,12.66667,19.0,97.0,240.0,37.33333,86.0,0.43367,9.0,30.33333,0.29633,17.66667,21.33333,0.79333,7.33333,36.0,43.33333,22.66667,7.0,3.0,9.66667,19.0,101.33333,0,0.06508,-0.06508,0.19522,0.39083,0.48579,0.45841,0.55901,0.52131,1475.84084,1513.73854,0.56596,0.43404,1.76796,2.30637,0.66667,240.0,38.66667,83.33333,0.465,11.0,26.33333,0.41333,15.66667,22.0,0.72367,8.0,32.66667,40.66667,22.33333,5.0,3.66667,12.0,22.0,104.0,240.0,41.66667,86.66667,0.47933,14.66667,33.66667,0.425,19.33333,27.0,0.71667,12.33333,33.66667,46.0,27.66667,6.0,2.66667,10.33333,20.33333,117.33333,0,0.17098,-0.17098,0.37395,0.23737,0.56333,0.53124,0.63278,0.59107,1496.72822,1478.75432,0.48943,0.51057,2.22623,2.16246,1.0,,,,
240.0,41.33333,87.33333,0.47333,15.66667,38.66667,0.40467,12.33333,16.0,0.77333,7.66667,39.66667,47.33333,30.33333,7.66667,6.33333,14.0,22.33333,110.66667,240.0,36.0,91.0,0.39767,10.66667,34.33333,0.31733,19.33333,25.66667,0.74733,13.33333,36.66667,50.0,21.0,6.0,3.33333,13.0,14.66667,102.0,1,-0.12355,0.12355,0.33255,0.20938,0.45614,0.56264,0.53008,0.60905,1533.40878,1646.82363,0.64409,0.35591,1.56799,2.89461,0.33333,248.33333,40.0,90.66667,0.443,15.0,36.66667,0.411,18.33333,20.33333,0.90067,12.0,31.0,43.0,20.33333,8.33333,6.0,13.66667,24.0,113.33333,248.33333,39.0,91.33333,0.42833,11.33333,34.33333,0.329,24.0,30.66667,0.78067,16.0,35.66667,51.66667,24.33333,8.0,2.33333,14.33333,19.66667,113.33333,1,-0.0025,0.0025,0.51318,0.35325,0.49068,0.5253,0.57886,0.59746,1430.07266,1556.43858,0.67358,0.32642,1.50495,3.21808,0.66667,,,,
240.0,39.33333,89.66667,0.441,9.33333,28.66667,0.31933,23.33333,29.0,0.809,11.66667,40.0,51.66667,20.0,7.33333,5.0,11.0,23.66667,111.33333,240.0,39.0,92.0,0.424,9.0,31.0,0.291,21.33333,27.0,0.794,9.66667,37.66667,47.33333,23.66667,5.66667,8.66667,12.0,23.0,108.33333,1,-0.03852,0.03852,0.24868,0.30846,0.47282,0.49348,0.55299,0.58207,1505.54587,1499.37519,0.48856,0.51144,2.12917,2.0121,0.33333,240.0,39.33333,89.66667,0.43967,14.0,38.33333,0.36567,14.66667,19.66667,0.736,12.0,35.0,47.0,22.66667,7.66667,4.66667,13.33333,20.33333,107.33333,240.0,43.0,88.66667,0.48967,13.33333,34.0,0.407,20.33333,24.0,0.85133,9.66667,37.33333,47.0,22.33333,6.0,3.33333,10.33333,17.33333,119.66667,1,0.15686,-0.15686,0.26696,0.34373,0.56474,0.51708,0.64163,0.57075,1298.67435,1602.66135,0.85432,0.14568,1.17906,8.37152,1.0,,,,
240.0,42.0,91.33333,0.46033,12.66667,36.0,0.359,13.66667,16.33333,0.82033,10.66667,31.66667,42.33333,20.33333,4.33333,0.66667,10.66667,20.33333,110.33333,240.0,46.33333,87.0,0.53267,15.0,36.0,0.42033,13.66667,18.0,0.76033,5.66667,33.66667,39.33333,28.33333,6.33333,6.0,8.33333,16.33333,121.33333,0,0.13731,-0.13731,0.18961,0.323,0.61881,0.53035,0.66686,0.58291,1562.8261,1292.89186,0.19706,0.80294,6.82414,1.26446,1.0,240.0,43.0,89.0,0.48733,10.66667,26.66667,0.40833,18.66667,25.0,0.738,11.33333,35.66667,47.0,26.66667,5.66667,6.33333,16.66667,24.66667,115.33333,240.0,43.0,95.0,0.45333,10.66667,28.33333,0.39367,24.0,30.0,0.794,13.66667,31.66667,45.33333,27.33333,10.33333,4.33333,11.0,25.0,120.66667,0,0.06509,-0.06509,0.38228,0.35325,0.50971,0.54707,0.59408,0.61457,1521.99694,1459.0862,0.41997,0.58003,2.55201,1.78515,1.0,,,,
256.66667,44.0,93.0,0.47267,13.0,37.66667,0.34333,19.33333,24.33333,0.793,11.66667,37.0,48.66667,28.0,8.66667,6.33333,16.0,21.0,120.33333,256.66667,47.0,105.33333,0.44533,12.66667,33.33333,0.39867,17.66667,20.33333,0.86633,17.0,34.66667,51.66667,26.0,8.66667,4.33333,11.33333,17.0,124.33333,0,0.04593,-0.04593,0.4634,0.33875,0.50596,0.54194,0.56592,0.61146,1450.98075,1464.31649,0.52196,0.47804,1.97659,2.19318,1.0,240.0,41.33333,96.33333,0.431,14.66667,37.66667,0.391,15.0,21.66667,0.691,11.0,35.66667,46.66667,26.66667,9.0,4.33333,11.0,21.33333,112.33333,240.0,40.0,90.66667,0.44267,9.0,34.33333,0.25333,19.0,24.66667,0.77667,12.0,40.66667,52.66667,26.0,5.33333,7.0,16.0,21.33333,108.0,0,-0.05514,0.05514,0.33623,0.26228,0.49286,0.50761,0.56417,0.55862,1437.51004,1520.94671,0.61065,0.38935,1.6618,2.68651,0.33333,,,,
248.33333,44.33333,90.66667,0.48833,13.66667,37.0,0.36967,17.0,24.33333,0.68433,8.66667,33.66667,42.33333,30.33333,6.0,5.0,11.66667,22.66667,119.33333,248.33333,45.66667,92.33333,0.49467,16.0,39.66667,0.40767,22.66667,28.0,0.80033,9.33333,37.33333,46.66667,30.33333,7.0,7.0,10.0,21.0,130.0,1,0.12483,-0.12483,0.31496,0.23148,0.58229,0.56388,0.66332,0.62135,1455.75031,1431.8874,0.48684,0.51316,2.16566,2.07019,1.0,240.0,42.33333,89.66667,0.47233,10.0,27.66667,0.33833,24.66667,33.66667,0.74733,15.0,34.0,49.0,20.66667,10.0,4.33333,12.0,22.66667,119.33333,240.0,39.0,81.33333,0.479,9.33333,29.66667,0.30533,19.33333,26.0,0.74367,9.0,31.33333,40.33333,22.66667,6.66667,5.33333,15.33333,25.66667,106.66667,1,-0.16768,0.16768,0.26447,0.48776,0.53602,0.52792,0.61261,0.6146,1279.43906,1430.69351,0.68923,0.31077,1.47071,3.3986,0.0,,,,
240.0,39.66667,90.33333,0.43933,8.33333,28.0,0.29267,15.0,22.33333,0.68333,10.66667,35.66667,46.33333,24.0,5.66667,4.33333,12.66667,19.0,102.66667,240.0,43.33333,94.33333,0.46033,14.33333,39.0,0.35733,15.66667,21.66667,0.72267,12.66667,36.66667,49.33333,28.33333,7.0,5.66667,10.0,23.0,116.66667,1,0.18441,-0.18441,0.35953,0.29613,0.53719,0.48547,0.59041,0.53908,1560.32537,1486.21414,0.4154,0.5846,2.50194,1.75246,1.0,248.33333,36.0,87.66667,0.41,17.0,44.66667,0.37633,19.66667,23.66667,0.83967,12.0,32.33333,44.33333,21.0,8.0,6.0,12.33333,23.33333,108.66667,248.33333,40.33333,87.0,0.46233,10.33333,30.0,0.35,24.0,28.33333,0.855,9.66667,36.66667,46.33333,24.66667,6.33333,3.66667,12.33333,19.66667,115.0,1,0.08609,-0.08609,0.31722,0.3253,0.52144,0.50679,0.61588,0.58426,1444.47348,1572.49441,0.68485,0.31515,1.47735,3.32155,1.0,,,,
240.0,38.66667,86.33333,0.447,13.0,37.0,0.354,13.0,20.0,0.66133,9.33333,34.66667,44.0,24.0,6.0,7.0,10.0,20.66667,103.33333,240.0,40.66667,89.66667,0.455,13.33333,32.66667,0.404,15.0,21.33333,0.701,13.33333,37.0,50.33333,29.33333,4.0,3.33333,11.33333,18.66667,109.66667,1,0.09421,-0.09421,0.39812,0.25807,0.5304,0.5225,0.58331,0.56911,1571.53777,1499.57949,0.41301,0.58699,2.74884,1.78555,0.33333,240.0,39.33333,90.33333,0.436,16.66667,40.0,0.41667,22.0,26.0,0.83567,11.66667,37.66667,49.33333,26.66667,6.66667,5.0,8.0,20.66667,117.33333,240.0,35.33333,87.0,0.40667,8.0,30.33333,0.26167,20.66667,26.0,0.79733,11.66667,36.0,47.66667,19.33333,3.66667,5.66667,12.33333,20.33333,99.33333,1,-0.24536,0.24536,0.32651,0.33219,0.45228,0.52855,0.53624,0.612,1269.46958,1586.76722,0.85378,0.14622,1.17295,7.15365,0.0,,,,
248.33333,41.33333,86.0,0.48267,20.33333,48.0,0.42367,16.66667,19.66667,0.874,10.0,32.0,42.0,23.66667,11.0,3.66667,14.33333,20.0,119.66667,248.33333,39.33333,88.33333,0.446,11.66667,35.0,0.32533,16.66667,21.33333,0.765,12.66667,34.0,46.66667,25.33333,7.66667,1.33333,17.0,17.0,107.0,0,-0.17382,0.17382,0.39973,0.30533,0.51279,0.6012,0.5749,0.66416,1416.34324,1621.65006,0.75237,0.24763,1.33347,4.17183,0.33333,240.0,35.33333,89.0,0.39567,12.66667,40.33333,0.31233,14.33333,21.0,0.68467,10.0,32.33333,42.33333,21.0,7.33333,4.0,13.33333,19.0,97.66667,240.0,44.0,87.0,0.50633,15.66667,40.66667,0.395,15.66667,22.66667,0.693,8.33333,42.0,50.33333,28.0,7.33333,5.33333,13.33333,18.33333,119.33333,0,0.29225,-0.29225,0.25805,0.23857,0.59625,0.46743,0.64917,0.52132,1712.81232,1409.79919,0.16643,0.83357,7.273,1.20652,1.0,,,,
240.0,40.33333,83.33333,0.485,9.0,26.0,0.34667,24.66667,31.0,0.78833,8.66667,36.33333,45.0,23.33333,5.33333,3.33333,11.66667,20.0,114.33333,240.0,43.33333,92.0,0.471,11.66667,37.0,0.31833,22.33333,29.33333,0.765,12.66667,33.66667,46.33333,24.0,6.66667,3.66667,9.33333,21.66667,120.66667,1,0.0843,-0.0843,0.35061,0.25733,0.53381,0.53823,0.6148,0.63344,1451.5212,1581.2154,0.6868,0.3132,1.47644,3.44293,0.66667,248.33333,45.33333,91.33333,0.498,17.66667,38.0,0.46733,14.66667,18.66667,0.80933,6.33333,41.0,47.33333,32.0,8.33333,4.66667,15.0,25.0,123.0,248.33333,40.66667,95.33333,0.42567,10.66667,33.66667,0.317,24.33333,33.0,0.73767,12.66667,38.66667,51.33333,24.0,9.0,1.33333,13.0,18.66667,116.33333,1,-0.08472,0.08472,0.31861,0.15929,0.48132,0.59481,0.56601,0.64613,1480.28175,1607.56743,0.66275,0.33725,1.52885,3.09003,0.33333,,,,
240.0,39.66667,94.0,0.422,13.33333,40.33333,0.32467,15.33333,19.66667,0.764,14.33333,33.0,47.33333,24.0,9.33333,3.33333,16.33333,25.0,108.0,240.0,40.33333,85.66667,0.47267,10.33333,32.0,0.33167,23.66667,31.33333,0.751,9.33333,37.66667,47.0,24.66667,10.33333,5.66667,15.33333,20.0,114.66667,1,0.08915,-0.08915,0.28739,0.40183,0.5327,0.49251,0.62047,0.54787,1524.07601,1356.32015,0.28319,0.71681,3.6456,1.40088,1.0,248.33333,45.33333,94.0,0.482,13.33333,35.0,0.36967,20.33333,25.66667,0.81733,13.66667,37.0,50.66667,27.0,9.0,6.66667,18.0,22.33333,124.33333,248.33333,43.33333,96.0,0.451,10.0,29.33333,0.339,15.33333,25.33333,0.613,15.66667,33.0,48.66667,30.33333,9.0,4.33333,16.0,20.66667,112.0,1,-0.16626,0.16626,0.42342,0.42624,0.50223,0.55516,0.54766,0.62452,1477.02401,1511.22001,0.53803,0.46197,2.31935,2.55429,0.0,,,,
248.33333,41.33333,84.33333,0.48967,14.33333,37.0,0.39033,13.33333,17.33333,0.75967,6.33333,38.0,44.33333,25.0,7.0,3.33333,16.33333,24.33333,110.33333,248.33333,42.0,93.33333,0.45167,13.0,37.0,0.34567,19.66667,25.66667,0.786,12.66667,35.0,47.66667,24.0,7.33333,2.0,13.0,19.66667,116.66667,1,0.08311,-0.08311,0.33332,0.18321,0.52083,0.57491,0.59278,0.62521,1453.72221,1623.13713,0.71694,0.28306,1.44237,4.98918,0.66667,240.0,42.0,89.0,0.47467,16.66667,38.33333,0.43333,23.33333,27.0,0.858,12.0,36.0,48.0,28.66667,6.33333,4.0,8.66667,17.33333,124.0,240.0,40.0,87.33333,0.45933,10.33333,32.0,0.32433,17.0,22.33333,0.75367,9.66667,33.33333,43.0,21.66667,4.66667,6.0,11.66667,20.0,107.33333,1,-0.20978,0.20978,0.28451,0.3551,0.51856,0.56874,0.58299,0.6565,1272.90692,1586.77678,0.85167,0.14833,1.17566,6.99914,0.0,,,,
240.0,34.66667,91.0,0.38033,8.66667,30.33333,0.26767,16.66667,18.33333,0.91,13.0,34.0,47.0,22.33333,5.66667,5.0,13.0,16.33333,94.66667,240.0,41.66667,89.33333,0.466,10.66667,30.0,0.36667,15.66667,19.33333,0.812,9.66667,37.0,46.66667,25.33333,6.66667,4.33333,9.33333,17.0,109.66667,1,0.21249,-0.21249,0.30574,0.34802,0.52605,0.42671,0.58618,0.49688,1489.29916,1587.07137,0.63322,0.36678,1.69945,3.88209,0.66667,248.33333,43.66667,92.0,0.47533,12.0,32.0,0.37267,13.33333,16.0,0.796,7.66667,39.33333,47.0,28.66667,9.33333,5.0,12.0,22.33333,112.66667,248.33333,40.66667,94.0,0.43333,12.0,38.66667,0.311,16.0,25.0,0.64233,12.66667,34.33333,47.0,24.0,5.66667,5.66667,14.0,17.66667,109.33333,1,-0.03801,0.03801,0.32083,0.22202,0.49705,0.54125,0.551,0.59083,1572.4375,1562.73329,0.48282,0.51718,2.12499,1.97552,0.33333,,,,
248.33333,46.66667,100.33333,0.46533,13.0,33.33333,0.399,13.66667,16.0,0.88067,10.33333,36.66667,47.0,29.0,8.33333,6.66667,11.0,21.66667,120.0,248.33333,45.66667,98.33333,0.465,13.33333,36.66667,0.36133,17.0,20.33333,0.83933,12.33333,38.66667,51.0,30.66667,5.33333,5.66667,14.0,18.33333,121.66667,0,0.01948,-0.01948,0.33933,0.28351,0.53365,0.52985,0.59261,0.57742,1457.20558,1501.99827,0.56925,0.43075,1.87396,2.57801,0.33333,240.0,38.33333,88.66667,0.43233,8.33333,33.33333,0.24967,11.0,13.66667,0.79433,8.66667,36.33333,45.0,18.33333,6.0,3.33333,15.66667,20.66667,96.0,240.0,40.0,88.33333,0.45167,12.33333,32.33333,0.39267,18.33333,24.0,0.75733,11.0,40.0,51.0,26.0,10.66667,3.66667,12.33333,15.66667,110.66667,0,0.20534,-0.20534,0.30823,0.21952,0.52118,0.4791,0.59072,0.52352,1506.95984,1359.8819,0.31275,0.68725,3.30689,1.46499,1.0,,,,
256.66667,43.66667,94.33333,0.462,12.0,39.33333,0.295,19.33333,24.66667,0.78267,11.0,35.33333,46.33333,25.66667,7.66667,6.0,17.0,21.33333,118.66667,256.66667,49.66667,103.0,0.486,11.66667,30.66667,0.396,17.33333,21.33333,0.81267,15.33333,36.33333,51.66667,30.33333,9.33333,3.33333,13.33333,18.0,128.33333,1,0.11704,-0.11704,0.43634,0.30532,0.54314,0.52502,0.59971,0.5939,1441.84415,1458.12316,0.54162,0.45838,1.89994,2.27444,1.0,240.0,42.0,89.66667,0.46867,11.0,30.33333,0.33967,21.0,27.66667,0.76267,14.0,35.0,49.0,24.66667,9.33333,4.66667,12.66667,23.33333,116.0,240.0,36.66667,79.66667,0.46067,7.0,23.66667,0.302,18.33333,25.0,0.73533,7.0,29.0,36.0,22.33333,6.33333,4.0,14.33333,23.0,98.66667,1,-0.23356,0.23356,0.20703,0.48596,0.50502,0.52978,0.5808,0.60577,1285.97245,1480.53764,0.72723,0.27277,1.40905,4.30221,0.0,,,,
240.0,42.66667,93.33333,0.46067,9.33333,29.0,0.32133,19.66667,23.66667,0.83667,13.33333,36.66667,50.0,26.33333,5.0,4.33333,10.33333,18.66667,114.33333,240.0,40.33333,88.0,0.45867,7.0,23.33333,0.31833,17.66667,24.66667,0.712,11.33333,33.0,44.33333,23.33333,5.0,5.33333,9.66667,18.66667,105.33333,1,-0.11631,0.11631,0.31031,0.40661,0.49877,0.51161,0.56614,0.58449,1455.30631,1615.37404,0.69801,0.30199,1.45459,3.69481,0.33333,240.0,41.66667,87.66667,0.47733,13.0,34.0,0.384,24.33333,31.66667,0.757,11.33333,34.66667,46.0,24.66667,10.66667,3.0,14.0,18.66667,120.66667,240.0,43.0,92.33333,0.46567,16.33333,42.33333,0.38967,14.66667,19.66667,0.75267,10.66667,35.0,45.66667,28.0,7.33333,4.33333,15.66667,23.66667,117.0,1,-0.0482,0.0482,0.30331,0.32856,0.55568,0.55391,0.60664,0.64147,1356.40742,1611.50866,0.80897,0.19103,1.23659,5.26913,0.66667,,,,
240.0,42.0,95.0,0.446,11.0,27.66667,0.39733,20.0,26.33333,0.74833,12.66667,29.66667,42.33333,25.66667,7.0,2.33333,7.33333,22.33333,115.0,240.0,41.33333,84.33333,0.49,11.66667,36.33333,0.31667,24.0,27.66667,0.86567,8.66667,39.0,47.66667,28.0,4.0,6.66667,13.66667,22.0,118.33333,0,0.04307,-0.04307,0.29268,0.32798,0.56105,0.50362,0.65635,0.57491,1485.55311,1480.35033,0.49647,0.50353,2.14912,2.07764,0.66667,248.33333,45.66667,94.33333,0.484,16.33333,43.0,0.37067,19.33333,23.66667,0.84133,11.0,35.33333,46.33333,28.33333,11.0,5.33333,18.33333,25.0,127.0,248.33333,41.33333,92.33333,0.448,11.33333,30.66667,0.36767,21.33333,30.33333,0.703,13.66667,35.0,48.66667,29.33333,10.0,4.33333,20.33333,20.66667,115.33333,0,-0.15495,0.15495,0.38063,0.32452,0.50919,0.57234,0.58127,0.63811,1466.16111,1429.25721,0.43479,0.56521,2.76095,2.08148,0.0,,,,
240.0,42.66667,87.0,0.49133,8.33333,26.33333,0.31967,15.66667,17.66667,0.88767,7.33333,37.66667,45.0,26.66667,7.0,6.33333,13.0,23.66667,109.33333,240.0,36.66667,86.66667,0.42433,13.66667,39.66667,0.34633,19.66667,27.33333,0.71667,9.33333,35.0,44.33333,18.33333,4.66667,2.66667,12.33333,17.66667,106.66667,1,-0.03564,0.03564,0.25042,0.21102,0.50358,0.53939,0.57652,0.60285,1460.40194,1526.97474,0.58692,0.41308,1.83726,2.72542,0.33333,240.0,45.66667,96.33333,0.47467,13.33333,37.66667,0.35267,13.33333,19.0,0.719,12.66667,36.66667,49.33333,29.0,8.66667,4.0,14.66667,22.66667,118.0,240.0,44.0,94.33333,0.46567,11.33333,34.33333,0.33,20.66667,27.33333,0.759,11.0,34.0,45.0,28.66667,9.66667,4.66667,13.0,19.0,120.0,1,0.01869,-0.01869,0.30375,0.39111,0.52614,0.544,0.59709,0.58735,1591.5242,1477.38568,0.351,0.649,3.20261,1.59667,0.66667,,,,
240.0,38.33333,89.0,0.43333,10.66667,32.0,0.345,17.33333,24.33333,0.71933,9.33333,38.66667,48.0,20.66667,7.33333,5.66667,14.66667,27.66667,104.66667,240.0,36.0,85.33333,0.42267,9.66667,30.0,0.32667,23.33333,31.66667,0.74133,9.0,37.66667,46.66667,22.0,10.0,4.33333,13.0,22.66667,105.0,1,-0.00358,0.00358,0.23058,0.24339,0.47907,0.49305,0.56845,0.55791,1553.89605,1588.22871,0.54933,0.45067,1.83761,2.2503,0.66667,240.0,34.66667,85.0,0.40767,10.0,33.33333,0.29867,19.66667,24.66667,0.79633,7.33333,34.33333,41.66667,20.66667,10.0,4.33333,14.0,20.66667,99.0,240.0,40.66667,89.33333,0.45633,14.0,37.66667,0.36533,16.0,22.33333,0.71133,11.33333,38.33333,49.66667,24.33333,7.0,5.66667,14.66667,19.0,111.33333,1,0.16151,-0.16151,0.32267,0.19991,0.53441,0.46667,0.5909,0.54798,1624.66662,1437.61512,0.2732,0.7268,4.6746,1.41477,0.66667,,,,
240.0,38.66667,89.66667,0.42933,9.66667,31.66667,0.29033,20.0,25.66667,0.781,11.33333,30.0,41.33333,23.33333,10.0,4.66667,14.33333,21.66667,107.0,240.0,40.66667,83.66667,0.49,14.66667,37.33333,0.40567,20.66667,29.33333,0.70667,12.66667,37.0,49.66667,25.0,6.0,4.33333,18.0,21.33333,116.66667,0,0.13115,-0.13115,0.43246,0.31419,0.5773,0.48362,0.65159,0.55984,1493.01455,1438.85948,0.4465,0.5535,3.07346,2.16319,1.0,240.0,35.33333,87.33333,0.40567,8.0,27.66667,0.28167,18.0,21.66667,0.821,8.33333,31.0,39.33333,19.66667,7.66667,3.33333,13.0,21.66667,96.66667,240.0,43.66667,88.66667,0.49367,12.0,31.66667,0.393,20.33333,27.0,0.75733,12.66667,39.66667,52.33333,28.33333,7.0,6.33333,13.33333,21.33333,119.66667,0,0.30781,-0.30781,0.40679,0.21832,0.56123,0.45116,0.63368,0.52696,1620.72872,1410.57757,0.2672,0.7328,4.89496,1.39404,1.0,,,,
240.0,45.0,93.33333,0.48233,13.66667,33.33333,0.40567,12.33333,16.66667,0.739,9.33333,35.33333,44.66667,25.33333,5.0,4.66667,9.33333,23.0,116.0,240.0,38.33333,88.33333,0.436,12.66667,33.0,0.376,26.66667,32.0,0.81767,11.33333,36.33333,47.66667,24.33333,5.33333,3.66667,11.0,17.66667,116.0,0,-0.00303,0.00303,0.31931,0.26103,0.50649,0.55565,0.60866,0.59821,1448.72375,1581.70329,0.66924,0.33076,1.55737,3.63654,0.66667,240.0,31.0,90.33333,0.34533,12.0,39.0,0.30767,16.0,22.33333,0.72433,11.0,33.0,44.0,19.66667,6.0,3.0,14.0,21.0,90.0,240.0,43.33333,85.0,0.51067,13.33333,35.0,0.378,14.33333,22.33333,0.65,6.33333,44.0,50.33333,23.66667,7.33333,4.0,14.66667,21.0,114.33333,0,0.35522,-0.35522,0.18619,0.24911,0.58882,0.41304,0.63682,0.47503,1468.50987,1402.30073,0.44384,0.55616,2.51912,1.89306,1.0,,,,
240.0,42.0,95.33333,0.44067,14.0,38.33333,0.364,18.66667,25.33333,0.73633,12.33333,34.0,46.33333,25.0,10.0,5.0,15.0,24.0,116.66667,240.0,42.66667,96.0,0.44467,10.0,30.66667,0.33233,20.0,26.66667,0.74667,16.33333,36.66667,53.0,24.0,9.66667,5.33333,16.33333,23.33333,115.33333,0,-0.01777,0.01777,0.47963,0.33783,0.49676,0.51432,0.5666,0.57867,1477.37724,1465.75806,0.48347,0.51653,2.09019,1.95337,0.33333,240.0,40.0,84.66667,0.472,11.33333,29.33333,0.38733,18.0,20.33333,0.89933,8.0,26.33333,34.33333,23.0,9.66667,4.0,10.33333,21.33333,109.33333,240.0,41.66667,83.0,0.50233,13.33333,31.33333,0.42433,19.66667,24.33333,0.81533,10.33333,32.33333,42.66667,23.0,6.0,5.66667,14.33333,18.0,116.33333,0,0.09029,-0.09029,0.39612,0.25341,0.58232,0.539,0.65846,0.61292,1616.12598,1488.7373,0.33235,0.66765,3.1541,1.51561,1.0,,,,
240.0,37.66667,88.66667,0.42367,13.66667,37.33333,0.358,17.66667,19.66667,0.901,9.66667,25.0,34.66667,27.33333,9.33333,3.0,10.33333,14.0,106.66667,240.0,49.66667,85.33333,0.582,16.66667,32.33333,0.511,10.66667,12.33333,0.861,8.0,35.0,43.0,34.66667,7.0,7.66667,14.0,17.66667,126.66667,0,0.25311,-0.25311,0.32517,0.28497,0.67893,0.50004,0.71943,0.5728,1576.89838,1461.44114,0.36067,0.63933,3.05113,1.63106,0.66667,240.0,38.66667,90.33333,0.42633,10.33333,29.0,0.34733,17.66667,24.66667,0.70667,9.66667,29.66667,39.33333,21.66667,9.33333,3.66667,12.66667,19.66667,105.33333,240.0,45.66667,85.33333,0.53467,11.33333,28.33333,0.409,20.0,25.66667,0.82167,8.66667,38.33333,47.0,30.0,7.33333,5.33333,14.33333,21.0,122.66667,0,0.22989,-0.22989,0.29568,0.25999,0.60089,0.4827,0.67413,0.55054,1640.81306,1389.85033,0.20478,0.79522,5.60919,1.26552,1.0,,,,
240.0,42.33333,85.66667,0.495,8.33333,21.0,0.38633,20.0,26.0,0.76267,9.66667,34.33333,44.0,21.66667,6.0,5.33333,16.0,21.33333,113.0,240.0,45.66667,95.33333,0.47733,8.33333,23.0,0.37233,19.66667,25.66667,0.76167,13.0,30.0,43.0,26.66667,8.66667,5.66667,9.66667,24.33333,119.33333,0,0.07339,-0.07339,0.39025,0.32268,0.52134,0.54436,0.5894,0.61972,1427.0156,1354.94962,0.40832,0.59168,2.66732,1.78158,0.66667,240.0,37.0,90.66667,0.40567,15.33333,39.66667,0.37767,18.33333,21.0,0.87133,11.0,27.0,38.0,26.0,9.66667,4.33333,10.66667,18.66667,107.66667,240.0,44.33333,81.0,0.547,13.66667,30.33333,0.456,14.66667,18.66667,0.816,6.33333,37.33333,43.66667,28.33333,6.0,8.0,16.0,21.0,117.0,0,0.12468,-0.12468,0.23327,0.31197,0.63086,0.4891,0.68758,0.56387,1625.30171,1441.06596,0.27691,0.72309,4.62913,1.42216,0.33333,,,,
240.0,41.0,87.33333,0.47167,14.33333,39.66667,0.354,18.33333,23.33333,0.783,7.66667,34.66667,42.33333,25.33333,6.66667,4.66667,9.0,22.0,114.66667,240.0,40.66667,89.33333,0.45533,11.0,33.66667,0.316,18.66667,24.66667,0.75467,10.66667,36.66667,47.33333,23.0,6.33333,5.0,12.0,19.0,111.0,0,-0.05357,0.05357,0.32062,0.21601,0.51687,0.55496,0.58544,0.6234,1579.53007,1420.50523,0.28764,0.71236,3.87524,1.43382,0.66667,240.0,35.0,86.66667,0.402,11.0,37.0,0.297,16.33333,21.66667,0.76433,11.33333,39.0,50.33333,22.33333,6.33333,6.33333,14.0,19.66667,97.33333,240.0,36.0,88.33333,0.40767,10.33333,29.33333,0.35367,14.33333,21.66667,0.66733,10.33333,36.0,46.33333,23.66667,7.66667,4.33333,11.33333,20.33333,96.66667,0,0.01126,-0.01126,0.27727,0.31937,0.46643,0.46509,0.51978,0.52992,1494.28123,1567.5698,0.60493,0.39507,1.7182,2.86607,0.33333,,,,
240.0,40.66667,86.0,0.47433,10.33333,25.66667,0.39333,22.66667,28.66667,0.77633,11.66667,37.0,48.66667,24.33333,5.33333,3.33333,13.0,17.66667,114.33333,240.0,44.33333,93.0,0.47733,12.33333,34.0,0.37367,18.0,23.0,0.78167,10.66667,32.33333,43.0,26.33333,7.66667,5.0,9.33333,19.33333,119.0,0,0.06273,-0.06273,0.29623,0.35802,0.54364,0.53287,0.60834,0.61946,1457.65826,1577.923,0.67234,0.32766,1.51005,3.3203,0.66667,248.33333,44.33333,92.33333,0.48067,12.33333,33.33333,0.37933,22.33333,25.33333,0.88767,10.66667,31.0,41.66667,27.0,4.0,2.33333,10.0,23.66667,123.33333,248.33333,43.66667,90.33333,0.487,13.33333,38.0,0.35367,21.66667,25.66667,0.83867,10.0,32.66667,42.66667,28.66667,4.33333,5.66667,10.33333,24.66667,122.33333,0,-0.01049,0.01049,0.31827,0.32318,0.56386,0.54813,0.64498,0.6319,1425.90108,1421.8865,0.49645,0.50355,2.1801,2.09454,0.33333,,,,
240.0,43.33333,92.66667,0.467,10.0,31.33333,0.31767,21.33333,30.66667,0.69333,12.66667,31.66667,44.33333,23.66667,8.66667,3.33333,13.33333,19.33333,118.0,240.0,46.33333,87.66667,0.52833,13.0,34.0,0.383,18.66667,22.33333,0.849,10.66667,37.33333,48.0,28.33333,8.33333,6.33333,17.0,23.66667,124.33333,1,0.07892,-0.07892,0.34275,0.34026,0.60267,0.52026,0.67175,0.59289,1456.30917,1446.56217,0.50396,0.49604,2.4382,2.39626,0.66667,240.0,35.66667,88.0,0.41033,9.66667,34.33333,0.27867,16.0,22.33333,0.72,11.33333,34.33333,45.66667,20.33333,6.33333,1.66667,7.66667,19.0,97.0,240.0,38.33333,83.33333,0.46067,8.66667,31.33333,0.27467,13.66667,19.0,0.72467,9.33333,37.0,46.33333,25.33333,5.0,4.66667,11.66667,19.0,99.0,1,0.02979,-0.02979,0.27095,0.29815,0.51302,0.46482,0.56667,0.52853,1592.40234,1489.59834,0.35958,0.64042,2.90204,1.58156,1.0,,,,
240.0,43.33333,93.33333,0.46767,9.0,30.66667,0.29167,17.33333,20.33333,0.85367,11.0,39.33333,50.33333,24.0,4.0,3.0,8.33333,15.66667,113.0,240.0,38.0,88.0,0.43367,7.33333,26.0,0.30833,18.0,21.0,0.86167,9.33333,33.66667,43.0,19.66667,4.33333,5.66667,9.33333,18.33333,101.33333,0,-0.15583,0.15583,0.24344,0.32482,0.47572,0.51682,0.55013,0.58219,1413.93025,1620.60896,0.74836,0.25164,1.36121,4.49531,0.33333,240.0,37.33333,87.33333,0.42967,10.66667,30.66667,0.33267,15.33333,20.0,0.77233,11.0,31.66667,42.66667,23.33333,5.33333,3.33333,12.66667,20.66667,100.66667,240.0,40.66667,85.0,0.47833,14.0,33.66667,0.406,16.66667,23.66667,0.67133,12.33333,33.33333,45.66667,24.66667,7.0,5.33333,11.66667,18.33333,112.0,0,0.15506,-0.15506,0.38548,0.33007,0.56029,0.49167,0.6212,0.55186,1493.62058,1528.30781,0.56978,0.43022,1.80733,2.44601,1.0,,,,
240.0,36.33333,91.0,0.39967,11.33333,35.33333,0.31833,13.33333,17.33333,0.795,14.0,34.66667,48.66667,24.66667,4.33333,4.0,12.33333,16.0,97.33333,240.0,41.33333,87.33333,0.47367,11.66667,31.66667,0.36167,10.33333,15.0,0.659,8.66667,34.0,42.66667,23.33333,7.66667,4.0,10.0,17.66667,104.66667,1,0.1039,-0.1039,0.26164,0.41414,0.54053,0.46204,0.57822,0.51335,1493.08222,1519.81327,0.5626,0.4374,1.77798,2.2873,0.66667,240.0,35.33333,86.33333,0.41167,11.33333,29.0,0.39067,15.33333,18.0,0.857,10.33333,34.0,44.33333,22.33333,6.66667,5.66667,17.66667,22.66667,97.33333,240.0,41.66667,86.0,0.482,7.66667,22.66667,0.34933,20.66667,26.0,0.79733,8.0,35.33333,43.33333,28.0,10.33333,3.66667,12.33333,18.66667,111.66667,1,0.19784,-0.19784,0.25043,0.28744,0.52688,0.47816,0.60816,0.54192,1558.33409,1489.52857,0.43824,0.56176,3.06769,1.9561,1.0,,,,
248.33333,45.33333,90.66667,0.49967,11.66667,32.0,0.35967,20.0,29.0,0.665,10.66667,34.66667,45.33333,29.0,8.33333,5.0,10.66667,23.0,122.33333,248.33333,42.66667,85.0,0.50333,14.33333,34.0,0.42467,24.66667,31.0,0.78467,6.66667,36.33333,43.0,27.66667,6.66667,6.33333,12.66667,21.0,124.33333,0,0.02104,-0.02104,0.20311,0.29966,0.58815,0.56388,0.67864,0.63054,1424.18078,1431.0366,0.50911,0.49089,2.11727,2.28894,0.66667,240.0,42.66667,93.0,0.461,8.0,27.33333,0.277,17.66667,23.33333,0.749,13.33333,31.0,44.33333,24.66667,8.33333,4.33333,15.0,21.33333,111.0,240.0,46.0,90.33333,0.51333,12.33333,32.66667,0.37867,17.66667,23.66667,0.73767,11.66667,34.0,45.66667,29.0,9.0,4.33333,14.0,23.33333,122.0,0,0.13455,-0.13455,0.37975,0.39135,0.58198,0.50314,0.64267,0.56683,1527.18355,1434.1591,0.391,0.609,3.04978,1.73413,1.0,,,,
240.0,38.66667,86.33333,0.44833,13.66667,31.66667,0.41667,15.66667,20.33333,0.787,8.66667,35.0,43.66667,24.0,9.33333,5.33333,15.0,23.33333,106.66667,240.0,36.0,82.66667,0.43833,11.0,30.0,0.38,19.0,23.33333,0.80233,9.33333,35.0,44.33333,22.0,10.0,5.33333,16.66667,22.0,102.0,0,-0.06727,0.06727,0.27866,0.24915,0.50491,0.52548,0.58373,0.58687,1591.57345,1585.71839,0.48439,0.51561,2.08976,1.96044,0.33333,248.33333,37.66667,88.0,0.42833,15.0,37.33333,0.40533,21.0,22.66667,0.93467,13.0,34.0,47.0,22.33333,7.66667,6.0,14.66667,23.33333,111.33333,248.33333,37.0,89.0,0.417,10.66667,33.66667,0.31467,25.33333,30.66667,0.82367,13.66667,34.0,47.66667,21.66667,7.33333,3.33333,14.0,21.0,110.0,0,-0.01739,0.01739,0.41639,0.39055,0.47677,0.51267,0.57586,0.59871,1436.19049,1536.01382,0.6332,0.3668,1.60273,2.88736,0.66667,,,,
240.0,38.33333,87.66667,0.43633,10.66667,36.0,0.29533,12.66667,19.66667,0.657,12.0,33.0,45.0,25.0,7.66667,6.33333,12.66667,20.66667,100.0,240.0,38.33333,86.0,0.44533,11.66667,34.0,0.34567,17.0,22.66667,0.743,12.66667,36.33333,49.0,26.0,6.66667,4.66667,14.66667,19.66667,105.33333,0,0.07648,-0.07648,0.39082,0.33977,0.51363,0.49756,0.58023,0.54311,1480.60501,1498.64103,0.52674,0.47326,2.4319,2.79096,0.33333,240.0,46.0,94.0,0.48867,11.33333,30.0,0.37867,10.33333,13.66667,0.79033,12.0,35.66667,47.66667,29.33333,5.33333,3.66667,12.33333,18.0,113.66667,240.0,40.33333,91.0,0.445,10.66667,33.66667,0.32967,13.66667,17.33333,0.789,10.0,31.66667,41.66667,24.66667,8.0,4.0,11.33333,16.33333,105.0,0,-0.11788,0.11788,0.27809,0.38414,0.50419,0.54939,0.55587,0.586,1575.98739,1568.72184,0.46993,0.53007,2.13767,1.89299,0.33333,,,,
240.0,42.0,84.33333,0.49833,12.33333,31.0,0.38667,22.33333,24.66667,0.92067,7.33333,38.0,45.33333,26.0,7.0,4.66667,12.33333,20.33333,118.66667,240.0,41.66667,90.0,0.46367,10.0,30.33333,0.331,17.33333,23.66667,0.75167,10.33333,32.33333,42.66667,19.33333,8.33333,3.33333,12.33333,21.33333,110.66667,0,-0.09894,0.09894,0.28796,0.23004,0.51919,0.57105,0.58237,0.66096,1348.75377,1528.66146,0.71898,0.28102,1.43039,4.07742,0.0,240.0,36.33333,93.33333,0.389,12.66667,43.33333,0.291,10.0,15.66667,0.695,10.0,33.66667,43.66667,20.0,6.66667,4.0,11.33333,18.0,95.33333,240.0,44.33333,88.66667,0.50167,15.33333,36.33333,0.426,13.0,18.0,0.727,7.66667,44.66667,52.33333,27.66667,7.66667,6.0,12.66667,15.66667,117.0,0,0.29659,-0.29659,0.22812,0.22841,0.58836,0.45667,0.63312,0.49229,1717.90059,1472.02217,0.2324,0.7676,6.29381,1.33541,1.0,,,,
240.0,42.0,93.66667,0.45333,8.0,28.33333,0.27167,16.66667,19.33333,0.871,12.33333,40.66667,53.0,22.33333,5.0,4.0,11.0,14.66667,108.66667,240.0,38.0,90.33333,0.421,6.33333,28.66667,0.218,16.0,19.66667,0.829,10.33333,33.0,43.33333,20.66667,5.66667,4.33333,9.33333,20.66667,98.33333,1,-0.13279,0.13279,0.26432,0.36605,0.45582,0.49737,0.51975,0.5609,1406.18616,1624.28166,0.7676,0.2324,1.31424,4.64528,0.33333,248.33333,45.33333,92.33333,0.49267,16.33333,34.33333,0.478,16.33333,21.0,0.80933,8.66667,41.66667,50.33333,29.66667,8.0,3.66667,14.33333,23.33333,123.33333,248.33333,41.66667,94.33333,0.442,11.33333,30.33333,0.37467,22.33333,30.66667,0.73333,9.66667,36.33333,46.0,23.33333,8.66667,3.33333,11.66667,19.0,117.0,1,-0.07991,0.07991,0.23791,0.24716,0.50211,0.58146,0.57886,0.63828,1478.13298,1583.93064,0.6371,0.3629,1.58568,2.84711,0.33333,,,,
240.0,38.66667,89.0,0.43733,16.33333,45.33333,0.35633,14.66667,20.66667,0.70533,9.0,38.33333,47.33333,27.33333,5.33333,3.33333,9.66667,21.66667,108.33333,240.0,38.66667,88.66667,0.43633,8.0,31.66667,0.24567,18.66667,25.33333,0.735,10.0,39.66667,49.66667,23.33333,6.66667,5.0,10.66667,20.66667,104.0,1,-0.05682,0.05682,0.26602,0.23453,0.48191,0.53047,0.55215,0.58313,1540.64906,1423.40827,0.3408,0.6592,3.35053,1.55327,0.66667,248.33333,44.33333,88.0,0.50567,13.66667,33.33333,0.41067,10.0,12.66667,0.761,7.0,38.33333,45.33333,28.66667,7.0,4.0,13.33333,21.66667,112.33333,248.33333,42.33333,94.33333,0.45067,11.33333,35.33333,0.31967,12.66667,21.33333,0.61233,12.0,30.33333,42.33333,23.33333,6.0,4.66667,12.0,17.66667,108.66667,1,-0.04292,0.04292,0.31161,0.23591,0.51033,0.5834,0.55034,0.62054,1567.92625,1587.86161,0.5218,0.4782,1.92535,2.10381,0.33333,,,,
248.33333,43.66667,91.66667,0.475,8.66667,26.66667,0.32633,22.33333,29.33333,0.76267,11.66667,36.66667,48.33333,26.33333,9.66667,5.0,19.0,24.0,118.33333,248.33333,41.66667,93.33333,0.44567,12.0,37.66667,0.336,23.0,32.0,0.73,13.33333,36.0,49.33333,28.66667,11.33333,5.33333,17.33333,24.66667,118.33333,0,0.00344,-0.00344,0.35899,0.32511,0.50968,0.5226,0.58889,0.60148,1575.61506,1294.15548,0.17188,0.82812,6.34912,1.21305,0.33333,240.0,40.66667,91.33333,0.44467,11.33333,33.66667,0.34267,15.66667,22.33333,0.70067,10.0,31.0,41.0,23.66667,9.0,5.33333,14.66667,19.0,108.33333,240.0,48.0,95.0,0.50367,10.0,27.66667,0.35967,16.0,21.33333,0.75433,13.66667,37.0,50.66667,25.66667,10.66667,5.66667,14.0,19.33333,122.0,0,0.17643,-0.17643,0.44562,0.28081,0.55741,0.50678,0.61225,0.56221,1478.58297,1407.74724,0.4221,0.5779,2.40933,1.74575,0.66667,,,,
240.0,43.33333,95.33333,0.45867,11.33333,26.33333,0.43133,18.33333,23.66667,0.776,12.0,31.66667,43.66667,27.33333,7.66667,5.0,8.66667,21.33333,116.33333,240.0,42.33333,86.33333,0.49,12.33333,37.66667,0.32633,20.66667,23.33333,0.90267,8.0,38.33333,46.33333,27.66667,3.66667,6.66667,14.33333,21.33333,117.66667,0,0.0186,-0.0186,0.25564,0.31458,0.56358,0.51763,0.64639,0.58315,1440.52836,1488.6772,0.56881,0.43119,1.75882,2.32091,0.66667,240.0,36.66667,88.66667,0.41267,7.0,26.66667,0.25733,17.0,20.0,0.86233,10.33333,35.66667,46.0,23.66667,6.0,4.66667,13.0,17.66667,97.33333,240.0,39.66667,89.0,0.44533,16.66667,42.33333,0.391,17.33333,22.0,0.78167,9.66667,36.33333,46.0,21.0,7.33333,3.33333,9.33333,21.0,113.33333,0,0.22536,-0.22536,0.27675,0.28873,0.53838,0.45156,0.60393,0.52209,1623.20425,1531.45494,0.39093,0.60907,2.58867,1.65011,1.0,,,,
240.0,44.66667,90.0,0.49667,7.66667,23.33333,0.32967,13.66667,14.33333,0.93867,9.0,36.66667,45.66667,28.33333,6.0,4.66667,10.33333,22.33333,110.66667,240.0,37.33333,87.33333,0.42867,11.66667,37.0,0.31233,17.66667,24.66667,0.72367,9.33333,34.33333,43.66667,19.0,3.33333,2.66667,10.33333,16.33333,104.0,0,-0.09116,0.09116,0.25682,0.2633,0.49676,0.53955,0.56241,0.59597,1536.98139,1537.93037,0.48467,0.51533,2.16192,2.04991,0.33333,240.0,42.0,89.0,0.472,13.33333,34.33333,0.381,16.33333,24.0,0.67933,7.33333,37.66667,45.0,27.66667,5.66667,6.33333,10.0,23.66667,113.66667,240.0,40.33333,92.66667,0.43533,12.0,34.0,0.347,24.33333,32.0,0.762,13.0,38.33333,51.33333,22.66667,5.0,4.33333,10.0,20.33333,117.0,0,0.04211,-0.04211,0.34605,0.19038,0.49993,0.54641,0.58819,0.60308,1462.09337,1550.41329,0.62989,0.37011,1.607,2.78178,0.66667,,,,
248.33333,41.33333,86.0,0.48067,17.33333,39.66667,0.43833,15.66667,19.0,0.82133,6.33333,38.33333,44.66667,29.0,7.0,4.33333,12.33333,25.66667,115.66667,248.33333,37.66667,90.33333,0.41733,9.0,32.0,0.27633,21.0,29.33333,0.71867,13.66667,35.0,48.66667,20.33333,5.66667,3.33333,14.33333,20.66667,105.33333,1,-0.13884,0.13884,0.35703,0.18321,0.46622,0.58162,0.54643,0.64116,1442.20683,1626.95397,0.71423,0.28577,1.4458,4.76341,0.33333,248.33333,44.33333,90.33333,0.49167,12.0,35.33333,0.34033,16.66667,21.0,0.78533,11.0,40.0,51.0,27.33333,7.0,6.66667,11.66667,18.0,117.33333,248.33333,40.66667,96.33333,0.42,6.33333,20.66667,0.288,14.66667,18.66667,0.78767,14.0,31.66667,45.66667,22.33333,6.66667,1.66667,11.0,17.0,102.33333,1,-0.21846,0.21846,0.35944,0.346,0.4513,0.55828,0.50647,0.61946,1354.4644,1573.21309,0.7667,0.2333,1.3193,4.72089,0.33333,,,,
248.33333,42.0,91.0,0.46133,9.66667,33.0,0.29367,23.0,31.0,0.75733,12.66667,34.33333,47.0,21.33333,8.33333,5.33333,14.33333,20.33333,116.66667,248.33333,47.0,94.0,0.50167,12.33333,31.0,0.411,17.33333,22.0,0.79033,13.0,36.33333,49.33333,29.33333,9.33333,4.66667,15.33333,21.66667,123.66667,0,0.08711,-0.08711,0.38544,0.35036,0.56805,0.51428,0.62858,0.59589,1362.33563,1451.92983,0.64076,0.35924,1.58614,2.92204,0.66667,240.0,33.66667,89.33333,0.37867,9.33333,28.66667,0.32333,20.0,24.66667,0.81267,8.33333,31.66667,40.0,17.66667,8.66667,4.33333,10.66667,21.66667,96.66667,240.0,42.66667,86.66667,0.49367,11.0,29.66667,0.38333,21.66667,30.0,0.73567,11.0,43.0,54.0,29.33333,6.0,5.33333,13.33333,20.66667,118.0,0,0.28735,-0.28735,0.34568,0.20221,0.55683,0.43077,0.63383,0.51317,1632.36515,1396.24896,0.2294,0.7706,5.29395,1.3134,1.0,,,,
240.0,41.66667,96.0,0.434,14.0,42.0,0.32567,16.33333,20.0,0.79233,12.0,35.0,47.0,25.66667,10.66667,4.0,17.0,26.66667,113.66667,240.0,38.66667,87.0,0.44367,11.33333,35.66667,0.319,28.0,36.66667,0.765,9.66667,39.0,48.66667,26.33333,10.66667,5.33333,17.33333,19.66667,116.66667,0,0.04643,-0.04643,0.28098,0.32129,0.50879,0.50603,0.6129,0.56363,1517.88351,1365.0424,0.29404,0.70596,3.54963,1.42554,0.66667,240.0,41.33333,86.33333,0.47833,13.0,29.66667,0.437,15.33333,18.66667,0.81167,9.0,37.33333,46.33333,20.33333,7.0,2.33333,12.0,18.66667,111.0,240.0,42.33333,89.0,0.47633,12.0,31.33333,0.37733,12.33333,17.33333,0.71133,9.66667,30.66667,40.33333,27.0,5.66667,4.0,10.0,16.33333,109.0,0,-0.02758,0.02758,0.26032,0.30289,0.54459,0.55396,0.58879,0.61449,1543.81893,1427.96468,0.34906,0.65094,3.33576,1.58151,0.33333,,,,
240.0,42.0,92.0,0.456,11.66667,33.66667,0.34933,19.33333,24.33333,0.79167,8.0,43.66667,51.66667,26.66667,7.33333,6.66667,12.33333,19.0,115.0,240.0,41.0,97.66667,0.41933,9.66667,36.0,0.28633,14.33333,21.66667,0.666,12.0,37.66667,49.66667,22.0,4.66667,5.0,12.66667,19.33333,106.0,0,-0.11287,0.11287,0.27629,0.21067,0.46891,0.51963,0.51768,0.58972,1424.31032,1704.30861,0.81406,0.18594,1.23721,6.68826,0.33333,240.0,43.33333,93.66667,0.46267,9.66667,29.0,0.343,23.33333,29.0,0.80067,12.66667,39.33333,52.0,21.66667,7.66667,3.66667,12.33333,16.0,119.66667,240.0,42.66667,95.66667,0.44567,14.33333,41.66667,0.34367,15.0,19.33333,0.79567,10.66667,33.66667,44.33333,24.66667,7.0,6.33333,12.66667,23.33333,114.66667,0,-0.06931,0.06931,0.27655,0.37552,0.52187,0.51425,0.57442,0.59812,1357.77928,1614.81806,0.81077,0.18923,1.23384,5.31964,0.66667,,,,
240.0,41.66667,89.0,0.46667,12.33333,29.33333,0.414,14.0,19.0,0.729,8.33333,34.0,42.33333,24.33333,7.33333,6.0,11.66667,23.0,109.66667,240.0,39.66667,86.0,0.46267,13.0,34.66667,0.37033,21.0,27.0,0.77733,7.33333,35.66667,43.0,24.0,6.0,2.66667,12.33333,17.66667,113.33333,1,0.05006,-0.05006,0.21399,0.23761,0.5369,0.5352,0.61655,0.58731,1409.75441,1572.00469,0.71907,0.28093,1.40593,3.92605,0.66667,240.0,33.0,88.0,0.37333,12.33333,41.66667,0.289,14.33333,19.33333,0.744,12.0,37.66667,49.66667,21.33333,5.0,4.0,13.33333,19.66667,92.66667,240.0,36.33333,87.0,0.41733,10.0,32.0,0.31,16.33333,22.33333,0.72767,10.33333,39.33333,49.66667,24.66667,7.66667,4.0,10.66667,21.66667,99.0,1,0.10805,-0.10805,0.28485,0.31726,0.47507,0.44269,0.53828,0.50037,1499.10143,1475.91749,0.48348,0.51652,2.10381,1.96542,0.66667,,,,
240.0,40.0,90.0,0.44567,8.66667,25.0,0.33767,10.33333,15.0,0.672,10.33333,35.66667,46.0,24.33333,6.33333,5.0,15.33333,18.33333,99.0,240.0,42.66667,90.0,0.47433,12.0,35.33333,0.33867,14.0,20.66667,0.67467,9.66667,34.66667,44.33333,29.66667,9.0,5.66667,11.33333,17.66667,111.33333,0,0.17368,-0.17368,0.27156,0.30263,0.54102,0.4935,0.58906,0.53153,1584.34546,1549.00757,0.46771,0.53229,2.20273,1.91706,1.0,240.0,46.33333,97.33333,0.47633,12.33333,34.33333,0.35567,11.33333,14.0,0.82233,13.66667,37.0,50.66667,29.33333,6.0,4.66667,14.0,21.0,116.33333,240.0,40.33333,93.33333,0.432,10.66667,36.66667,0.28967,18.66667,24.0,0.78633,11.33333,31.33333,42.66667,25.66667,8.66667,4.66667,11.33333,17.0,110.0,0,-0.09161,0.09161,0.30995,0.43546,0.48946,0.53995,0.55672,0.5796,1583.57793,1506.04996,0.38293,0.61707,2.97854,1.68037,0.33333,,,,
256.66667,44.33333,96.33333,0.45933,14.33333,39.66667,0.36033,23.0,31.66667,0.73133,12.33333,36.66667,49.0,24.66667,9.0,4.0,15.66667,25.0,126.0,256.66667,46.33333,104.0,0.44633,10.66667,35.33333,0.307,21.66667,29.33333,0.73233,16.33333,37.0,53.33333,27.0,10.0,5.0,13.0,25.0,125.0,0,-0.01687,0.01687,0.45269,0.33446,0.49711,0.53383,0.56567,0.60841,1509.37435,1465.75806,0.44144,0.55856,2.4276,1.85024,0.33333,240.0,42.66667,97.0,0.44067,11.33333,32.33333,0.35,12.66667,16.0,0.785,9.66667,31.33333,41.0,19.66667,4.33333,2.33333,7.66667,21.33333,109.33333,240.0,40.66667,88.66667,0.459,8.66667,26.66667,0.32433,25.66667,29.0,0.87333,13.0,41.33333,54.33333,25.33333,5.33333,6.0,13.0,17.66667,115.66667,0,0.08178,-0.08178,0.41138,0.23806,0.50801,0.49899,0.60829,0.54454,1586.35396,1451.01725,0.33442,0.66558,3.68698,1.57202,1.0,,,,
248.33333,42.0,98.33333,0.429,14.0,40.0,0.35967,18.66667,22.66667,0.825,13.66667,44.33333,58.0,27.66667,7.66667,6.33333,13.33333,19.0,116.66667,248.33333,43.0,101.33333,0.423,13.66667,40.66667,0.33567,14.0,22.0,0.63267,12.66667,39.66667,52.33333,25.0,7.0,7.0,10.66667,16.0,113.66667,1,-0.04193,0.04193,0.28613,0.33616,0.488,0.49985,0.53346,0.56555,1381.24718,1712.69255,0.85908,0.14092,1.17044,8.39048,0.66667,240.0,32.33333,89.0,0.36733,10.66667,30.66667,0.352,17.33333,22.66667,0.77333,11.66667,33.33333,45.0,19.33333,7.33333,4.33333,14.66667,23.0,92.66667,240.0,40.0,84.33333,0.475,11.66667,34.0,0.345,17.0,25.33333,0.66633,7.0,40.66667,47.66667,21.33333,7.0,4.33333,14.33333,19.0,108.66667,1,0.24426,-0.24426,0.20602,0.27874,0.54396,0.42791,0.6051,0.49702,1471.40262,1446.40173,0.49661,0.50339,2.3559,2.19428,1.0,,,,
240.0,36.0,87.66667,0.41,10.0,33.66667,0.28933,20.33333,23.66667,0.87133,8.33333,28.0,36.33333,21.66667,9.33333,2.66667,11.66667,15.0,102.33333,240.0,47.33333,86.0,0.54767,18.0,35.33333,0.513,13.0,16.66667,0.784,8.66667,38.33333,47.0,35.0,7.33333,5.0,15.33333,20.33333,125.66667,1,0.29797,-0.29797,0.33419,0.21851,0.65229,0.46713,0.69988,0.55105,1583.20757,1456.99683,0.34982,0.65018,3.20023,1.61067,1.0,240.0,46.33333,97.66667,0.47467,14.66667,37.33333,0.401,18.66667,21.33333,0.87467,9.33333,34.33333,43.66667,29.33333,11.66667,6.33333,12.66667,21.66667,126.0,240.0,42.0,87.66667,0.47767,9.66667,31.0,0.31067,20.66667,25.0,0.869,7.0,38.0,45.0,24.66667,7.0,4.33333,20.0,18.33333,114.33333,1,-0.14307,0.14307,0.20503,0.24482,0.53325,0.54947,0.61339,0.61526,1447.13776,1442.28658,0.47096,0.52904,2.20477,1.93682,0.33333,,,,
240.0,41.33333,87.66667,0.471,7.33333,21.66667,0.32767,17.0,21.66667,0.78333,9.33333,35.0,44.33333,20.33333,9.0,4.0,16.66667,18.0,107.0,240.0,45.0,91.0,0.492,9.0,25.66667,0.34867,15.0,19.33333,0.80933,8.66667,33.0,41.66667,26.66667,10.0,6.33333,12.33333,19.66667,114.0,0,0.08663,-0.08663,0.26891,0.29051,0.5424,0.51311,0.59798,0.57851,1462.16626,1352.86568,0.37027,0.62973,3.42304,1.71679,0.66667,240.0,39.0,88.33333,0.44133,14.66667,38.0,0.37867,21.0,25.33333,0.81,10.66667,35.0,45.66667,27.33333,8.66667,4.33333,11.33333,22.66667,113.66667,240.0,34.33333,82.66667,0.415,8.0,32.33333,0.247,22.33333,27.33333,0.82333,11.66667,35.0,46.66667,19.33333,6.0,6.33333,16.0,20.66667,99.0,0,-0.20037,0.20037,0.33932,0.31629,0.46337,0.52473,0.55828,0.60513,1266.90012,1552.83317,0.82993,0.17007,1.20769,6.29809,0.0,,,,
240.0,42.33333,93.33333,0.454,8.66667,31.0,0.27067,14.33333,18.33333,0.77567,13.33333,30.0,43.33333,19.66667,7.66667,0.66667,12.33333,19.0,107.66667,240.0,48.66667,85.66667,0.56833,14.66667,35.66667,0.415,13.0,18.0,0.71867,5.66667,35.0,40.66667,28.66667,7.0,6.0,12.0,17.33333,125.0,0,0.21352,-0.21352,0.21486,0.39181,0.65382,0.50023,0.69742,0.55345,1600.70881,1290.50645,0.15736,0.84264,7.43783,1.19122,1.0,240.0,40.66667,89.66667,0.45367,11.33333,30.66667,0.36167,28.0,39.0,0.71967,16.33333,31.0,47.33333,21.66667,12.0,5.0,11.33333,21.33333,120.66667,240.0,40.33333,80.33333,0.50133,11.0,30.33333,0.35867,19.66667,25.0,0.785,8.33333,32.66667,41.0,23.66667,7.66667,6.0,17.66667,27.0,111.33333,0,-0.12156,0.12156,0.26598,0.51284,0.56902,0.51669,0.6477,0.61404,1275.3299,1455.96631,0.73298,0.26702,1.36511,3.76221,0.0,,,,
240.0,39.0,87.66667,0.446,10.66667,28.66667,0.37733,18.0,24.33333,0.75633,12.33333,37.66667,50.0,23.33333,6.0,7.0,15.33333,18.0,106.66667,240.0,40.66667,96.66667,0.42067,13.33333,37.33333,0.34433,15.0,20.0,0.74567,15.0,33.66667,48.66667,25.66667,7.33333,4.33333,11.33333,23.66667,109.66667,1,0.0374,-0.0374,0.40028,0.38255,0.49041,0.5072,0.54338,0.57538,1499.39296,1483.97143,0.48185,0.51815,2.18608,1.99705,0.66667,248.33333,43.0,94.66667,0.45467,9.33333,31.66667,0.30833,23.33333,28.66667,0.81933,12.66667,36.33333,49.0,27.0,4.33333,5.33333,12.0,24.33333,118.66667,248.33333,43.66667,93.0,0.47267,12.0,37.33333,0.32167,23.33333,29.33333,0.79,10.33333,37.0,47.33333,27.66667,5.0,5.0,10.66667,24.66667,122.66667,1,0.05532,-0.05532,0.28467,0.34957,0.54031,0.50381,0.62454,0.58901,1435.23024,1509.85693,0.62304,0.37696,1.61688,2.71699,0.33333,,,,
240.0,37.33333,87.33333,0.42967,8.33333,28.66667,0.27733,13.0,14.0,0.907,9.66667,29.66667,39.33333,24.33333,6.0,3.66667,14.33333,18.33333,96.0,240.0,44.66667,88.66667,0.503,10.33333,28.33333,0.37167,14.0,17.66667,0.78733,10.66667,32.66667,43.33333,25.0,7.33333,4.33333,11.33333,17.66667,113.66667,0,0.25383,-0.25383,0.36107,0.29209,0.56149,0.47746,0.61359,0.53425,1585.77501,1579.20409,0.51294,0.48706,1.97525,2.08484,0.66667,240.0,37.66667,84.0,0.449,13.66667,37.33333,0.35533,21.0,24.0,0.871,8.33333,27.0,35.33333,27.33333,7.0,2.0,8.66667,15.33333,110.0,240.0,45.0,84.0,0.54133,12.66667,29.33333,0.42967,13.66667,17.33333,0.79633,8.33333,32.66667,41.0,31.33333,5.33333,5.66667,12.66667,21.33333,116.33333,0,0.07422,-0.07422,0.34658,0.26468,0.61776,0.53078,0.67015,0.61711,1640.0775,1458.40281,0.25272,0.74728,4.10752,1.34327,0.66667,,,,
248.33333,45.0,98.66667,0.45767,9.33333,29.0,0.31933,12.66667,15.33333,0.84333,12.33333,40.66667,53.0,27.66667,3.66667,5.33333,10.33333,21.0,112.0,248.33333,40.0,93.33333,0.42767,11.33333,38.0,0.296,19.33333,25.33333,0.76933,8.0,38.0,46.0,21.66667,6.0,3.66667,7.66667,17.0,110.66667,0,-0.02418,0.02418,0.1988,0.32451,0.48883,0.50435,0.55915,0.55048,1553.05403,1544.8736,0.47856,0.52144,2.17731,2.00535,0.66667,240.0,35.66667,89.66667,0.40267,7.66667,30.0,0.254,16.66667,23.33333,0.715,11.33333,39.0,50.33333,21.0,6.66667,3.33333,8.33333,20.33333,95.66667,240.0,37.0,87.33333,0.42567,8.33333,33.66667,0.24733,13.33333,20.0,0.66667,10.66667,40.0,50.66667,22.33333,5.0,4.0,11.66667,19.66667,95.66667,0,-0.00105,0.00105,0.27382,0.28148,0.47406,0.44499,0.52399,0.51094,1587.04278,1497.57709,0.37547,0.62453,2.71622,1.61342,0.66667,,,,
240.0,39.0,90.0,0.439,12.33333,35.66667,0.35367,15.66667,17.33333,0.884,11.0,27.0,38.0,22.66667,6.66667,1.66667,6.33333,18.33333,106.0,240.0,42.0,80.0,0.53033,10.33333,26.0,0.40067,16.66667,22.0,0.761,9.66667,35.33333,45.0,25.0,3.33333,3.66667,13.0,18.66667,111.0,0,0.06509,-0.06509,0.37624,0.30155,0.5963,0.50864,0.66076,0.57288,1613.09529,1488.51925,0.33029,0.66971,3.04447,1.49525,1.0,240.0,39.33333,90.33333,0.436,12.0,32.33333,0.36767,14.33333,16.66667,0.865,10.66667,30.0,40.66667,27.33333,8.33333,5.0,13.66667,20.33333,105.0,240.0,45.33333,87.66667,0.51467,8.0,21.33333,0.379,17.33333,22.0,0.77167,9.0,35.0,44.0,28.0,8.0,3.66667,14.0,17.33333,116.0,0,0.15362,-0.15362,0.31471,0.29992,0.56054,0.50271,0.62654,0.55948,1557.17088,1567.1563,0.531,0.469,1.90619,2.16228,0.66667,,,,
240.0,39.0,91.0,0.429,10.33333,27.0,0.37467,11.66667,17.0,0.66867,11.33333,33.0,44.33333,23.33333,6.66667,3.66667,12.66667,17.0,100.0,240.0,43.0,89.0,0.484,13.0,33.0,0.401,12.0,17.33333,0.695,8.66667,37.0,45.66667,29.33333,7.0,6.66667,11.66667,17.33333,111.0,1,0.15642,-0.15642,0.26274,0.30582,0.55698,0.48545,0.5989,0.52769,1599.62998,1550.11503,0.44368,0.55632,2.29426,1.81487,1.0,240.0,38.0,92.66667,0.41433,10.0,29.33333,0.316,12.33333,15.0,0.83167,13.33333,33.33333,46.66667,21.33333,4.66667,3.66667,13.33333,18.33333,98.33333,240.0,40.66667,85.0,0.47833,10.0,29.0,0.32733,16.66667,21.66667,0.71933,9.33333,34.66667,44.0,22.66667,8.0,6.0,10.33333,19.0,108.0,1,0.13606,-0.13606,0.29424,0.38012,0.53703,0.47123,0.60226,0.51925,1500.90002,1589.39695,0.64285,0.35715,1.56497,2.84826,1.0,,,,
248.33333,45.0,91.0,0.49633,17.33333,37.66667,0.462,14.33333,19.0,0.765,7.33333,38.33333,45.66667,32.0,8.66667,5.66667,13.66667,22.66667,121.66667,248.33333,40.0,97.33333,0.41033,11.0,35.0,0.31367,22.66667,29.0,0.77367,15.66667,38.33333,54.0,24.0,8.33333,2.66667,12.66667,18.0,113.66667,1,-0.10466,0.10466,0.4075,0.19148,0.46664,0.59138,0.54739,0.64056,1464.42123,1643.0704,0.73005,0.26995,1.37105,3.73208,0.33333,240.0,40.0,94.0,0.42833,11.66667,34.66667,0.33233,17.33333,22.33333,0.78833,11.66667,30.33333,42.0,24.66667,8.66667,3.33333,12.33333,18.66667,109.0,240.0,46.0,88.33333,0.51933,14.0,37.0,0.37733,15.33333,19.66667,0.774,11.0,39.66667,50.66667,33.33333,7.0,5.0,17.33333,20.0,121.33333,1,0.15284,-0.15284,0.36943,0.2883,0.59859,0.49049,0.65424,0.55506,1449.17972,1466.03979,0.54714,0.45286,1.82984,2.21216,1.0,,,,
248.33333,40.0,93.0,0.433,19.33333,49.66667,0.39167,11.33333,12.0,0.91533,10.66667,34.33333,45.0,20.0,9.0,4.66667,14.0,19.33333,110.66667,248.33333,40.33333,91.66667,0.44033,11.33333,33.0,0.33767,16.0,20.66667,0.75467,13.33333,38.33333,51.66667,23.33333,9.0,3.0,15.66667,13.0,108.0,1,-0.03884,0.03884,0.40143,0.30461,0.50202,0.53781,0.56028,0.58161,1538.37424,1623.63693,0.60854,0.39146,1.80584,2.96876,0.66667,240.0,39.66667,91.33333,0.43333,11.0,36.33333,0.30267,18.33333,24.0,0.76033,10.0,32.33333,42.33333,25.33333,10.33333,4.66667,13.0,20.66667,108.66667,240.0,43.0,91.33333,0.47033,13.0,32.66667,0.39267,17.33333,23.33333,0.741,13.0,38.66667,51.66667,24.66667,9.0,4.33333,15.33333,18.66667,116.33333,1,0.10378,-0.10378,0.40452,0.26752,0.54181,0.49353,0.60317,0.56183,1483.35994,1383.66211,0.38095,0.61905,2.90989,1.66273,0.66667,,,,
240.0,41.33333,93.0,0.447,21.0,54.0,0.38767,8.66667,11.0,0.81733,9.66667,36.66667,46.33333,23.66667,8.33333,4.33333,12.33333,17.0,112.33333,240.0,40.66667,93.66667,0.434,9.33333,28.33333,0.322,10.33333,14.33333,0.723,13.66667,38.0,51.66667,23.0,7.33333,4.33333,13.66667,11.66667,101.0,1,-0.14538,0.14538,0.37524,0.27895,0.48377,0.56086,0.52113,0.59157,1554.61088,1634.49758,0.59571,0.40429,1.83016,2.79639,0.33333,240.0,39.33333,88.0,0.44633,6.0,25.66667,0.235,19.66667,24.66667,0.785,10.33333,28.33333,38.66667,23.33333,10.66667,4.0,15.0,20.66667,104.33333,240.0,44.0,83.0,0.529,10.66667,31.33333,0.336,21.33333,27.0,0.76233,8.0,35.33333,43.33333,28.0,9.33333,4.0,15.66667,22.66667,120.0,1,0.20068,-0.20068,0.29113,0.30739,0.59259,0.48099,0.67634,0.55867,1535.90518,1419.1729,0.36831,0.63169,3.20201,1.67346,1.0,,,,
240.0,39.0,93.33333,0.41667,10.66667,32.33333,0.32133,19.33333,25.0,0.77333,10.33333,28.66667,39.0,22.33333,10.0,5.0,11.0,20.66667,108.0,240.0,42.0,82.66667,0.51133,12.33333,35.0,0.36467,21.66667,30.66667,0.71133,10.0,41.0,51.0,27.33333,5.66667,4.66667,17.0,21.0,118.0,1,0.13353,-0.13353,0.36765,0.26432,0.58569,0.47507,0.66356,0.54653,1544.41158,1442.05159,0.38182,0.61818,3.63389,2.00498,1.0,240.0,44.33333,92.66667,0.479,16.66667,41.0,0.41233,15.0,17.0,0.883,10.0,35.0,45.0,27.33333,9.66667,6.33333,15.0,20.33333,120.33333,240.0,42.0,90.66667,0.46267,9.33333,30.0,0.308,17.0,21.33333,0.81667,10.33333,34.33333,44.66667,27.0,8.33333,5.0,17.0,16.0,110.33333,1,-0.13586,0.13586,0.29254,0.30258,0.51493,0.56979,0.57861,0.62461,1455.29821,1494.72763,0.53617,0.46383,2.02205,2.38289,0.33333,,,,
248.33333,40.0,89.0,0.44733,10.33333,32.0,0.319,21.33333,30.0,0.68467,10.33333,33.0,43.33333,24.66667,11.0,6.0,12.66667,22.66667,111.66667,248.33333,41.0,83.0,0.49467,11.0,31.33333,0.349,24.0,29.33333,0.804,5.33333,38.33333,43.66667,26.66667,7.66667,5.66667,15.0,21.66667,117.0,0,0.07384,-0.07384,0.17173,0.28247,0.56,0.50506,0.65584,0.58276,1447.63823,1427.68555,0.47912,0.52088,2.30858,2.20559,0.66667,256.66667,44.66667,91.33333,0.49,13.0,35.33333,0.36733,22.33333,27.66667,0.86167,9.0,32.0,41.0,23.0,6.66667,4.33333,11.33333,24.66667,124.66667,256.66667,47.0,97.0,0.49233,13.66667,35.66667,0.39267,22.66667,29.33333,0.773,13.0,35.33333,48.33333,26.66667,6.33333,4.33333,9.66667,20.33333,130.33333,0,0.06573,-0.06573,0.41856,0.24828,0.56407,0.5612,0.63852,0.63997,1616.70556,1458.85915,0.28971,0.71029,3.49494,1.41064,1.0,,,,
240.0,41.0,88.66667,0.46267,10.33333,36.0,0.28633,13.66667,18.0,0.76067,11.66667,36.0,47.66667,27.33333,8.33333,6.33333,14.66667,20.33333,106.0,240.0,36.0,88.0,0.40867,11.66667,36.0,0.32067,19.66667,24.0,0.818,14.33333,33.66667,48.0,23.33333,7.66667,3.66667,14.0,18.0,103.33333,0,-0.03949,0.03949,0.41048,0.34797,0.47467,0.52096,0.55439,0.57241,1429.36039,1500.07464,0.58625,0.41375,1.82843,2.92449,0.33333,248.33333,46.66667,94.33333,0.49533,16.0,33.66667,0.478,17.33333,24.33333,0.712,12.66667,37.33333,50.0,30.0,7.33333,5.33333,13.0,20.33333,126.66667,248.33333,43.66667,95.0,0.46,12.0,31.0,0.39,21.33333,26.0,0.82967,9.66667,34.33333,44.0,25.66667,7.0,4.0,11.33333,19.33333,120.66667,0,-0.07235,0.07235,0.26371,0.40204,0.52306,0.58032,0.59913,0.63593,1475.77622,1615.10402,0.68356,0.31644,1.46701,3.19815,0.33333,,,,
256.66667,42.0,95.0,0.44067,14.0,38.66667,0.36067,23.66667,33.66667,0.70333,12.33333,38.0,50.33333,23.66667,5.0,3.66667,14.66667,26.0,121.66667,256.66667,45.0,102.33333,0.441,11.66667,35.33333,0.347,24.0,32.0,0.749,14.66667,38.33333,53.0,27.66667,9.0,5.66667,9.33333,26.33333,125.66667,1,0.04473,-0.04473,0.38537,0.32172,0.49828,0.51441,0.57597,0.59168,1542.82561,1463.98228,0.39727,0.60273,2.6826,1.71657,0.66667,240.0,39.66667,95.66667,0.416,14.66667,42.0,0.36367,11.66667,15.33333,0.77867,9.33333,36.33333,45.66667,22.0,6.66667,3.0,12.0,19.0,105.66667,240.0,45.0,89.0,0.50733,15.0,37.33333,0.40333,16.0,20.33333,0.782,5.66667,45.0,50.66667,25.0,7.66667,6.0,10.66667,15.0,121.0,1,0.19736,-0.19736,0.15444,0.2115,0.59183,0.49258,0.6489,0.53437,1721.87957,1483.0275,0.23751,0.76249,6.20841,1.34438,1.0,,,,
240.0,32.66667,83.66667,0.39133,9.66667,27.66667,0.36433,16.0,19.66667,0.75467,8.0,33.66667,41.66667,19.66667,6.0,4.33333,16.0,18.0,91.0,240.0,44.33333,87.0,0.50867,10.66667,29.66667,0.348,14.0,20.33333,0.705,6.33333,39.33333,45.66667,31.0,8.0,5.0,11.0,19.0,113.33333,0,0.31379,-0.31379,0.18664,0.20721,0.56988,0.44957,0.61905,0.51836,1572.44849,1284.69356,0.16811,0.83189,6.20308,1.20392,1.0,248.33333,40.33333,89.33333,0.457,10.33333,31.66667,0.31667,13.33333,20.0,0.67133,10.0,36.66667,46.66667,24.0,6.0,3.33333,13.66667,19.0,104.33333,248.33333,45.0,94.0,0.48033,13.33333,35.33333,0.37767,17.0,21.33333,0.806,12.33333,38.66667,51.0,28.66667,7.66667,5.66667,9.66667,16.0,120.33333,0,0.21255,-0.21255,0.35354,0.25155,0.55112,0.51395,0.61138,0.56324,1528.29803,1490.3001,0.47642,0.52358,2.1763,1.97149,1.0,,,,
240.0,39.33333,94.66667,0.41333,13.33333,36.0,0.36667,18.33333,23.0,0.79933,9.0,33.66667,42.66667,23.66667,11.33333,5.0,11.0,20.33333,110.33333,240.0,40.0,85.0,0.471,11.0,36.66667,0.29667,19.66667,28.0,0.721,8.33333,42.66667,51.0,25.66667,6.0,3.33333,17.33333,17.66667,110.66667,0,0.01299,-0.01299,0.2486,0.21313,0.53506,0.48469,0.60671,0.55252,1595.53948,1452.82304,0.31421,0.68579,3.82142,1.53098,0.66667,240.0,41.66667,88.0,0.475,14.33333,36.0,0.40233,9.0,13.33333,0.69133,8.33333,37.0,45.33333,24.66667,4.33333,3.0,12.0,19.0,106.66667,240.0,40.66667,92.66667,0.441,10.66667,35.33333,0.30433,13.0,19.0,0.68233,11.66667,31.0,42.66667,22.33333,6.0,6.0,9.0,17.33333,105.0,0,-0.02018,0.02018,0.31471,0.27145,0.49809,0.55658,0.54356,0.5887,1564.41312,1521.39053,0.43714,0.56286,2.39021,1.81351,0.33333,,,,
240.0,40.33333,91.66667,0.44033,12.33333,37.0,0.32867,14.66667,19.0,0.78433,13.0,32.0,45.0,28.33333,6.33333,4.0,11.33333,16.33333,107.66667,240.0,43.33333,87.33333,0.49567,12.0,30.66667,0.388,11.33333,16.66667,0.65233,9.0,33.0,42.0,25.33333,7.33333,4.33333,12.33333,19.33333,110.0,0,0.03294,-0.03294,0.3,0.39394,0.5646,0.50765,0.60455,0.56237,1519.04305,1528.64585,0.53011,0.46989,1.90766,2.1546,0.33333,240.0,40.66667,91.0,0.447,15.33333,35.66667,0.41733,14.66667,17.0,0.863,11.0,30.0,41.0,27.33333,11.0,3.66667,12.33333,18.0,111.33333,240.0,42.0,80.33333,0.524,12.0,26.33333,0.45733,15.66667,16.66667,0.95233,5.33333,34.66667,40.0,25.66667,8.66667,8.33333,16.33333,19.0,111.66667,0,0.00615,-0.00615,0.19335,0.32318,0.59911,0.53028,0.66632,0.58717,1625.35204,1465.58048,0.29346,0.70654,3.86874,1.44507,0.33333,,,,
240.0,38.66667,86.66667,0.44933,9.0,29.0,0.309,19.66667,26.33333,0.74433,11.0,38.66667,49.66667,24.0,3.66667,5.0,12.66667,20.0,106.0,240.0,43.33333,90.0,0.48133,11.33333,29.0,0.39233,18.66667,25.0,0.75,9.0,35.66667,44.66667,26.66667,6.66667,3.66667,7.33333,18.33333,116.66667,0,0.14132,-0.14132,0.24217,0.31168,0.54466,0.50049,0.61151,0.57684,1489.06025,1567.6249,0.64236,0.35764,1.5642,2.84214,0.66667,248.33333,45.0,101.0,0.44833,12.0,36.66667,0.34167,24.66667,28.0,0.889,15.33333,44.0,59.33333,23.33333,5.66667,3.66667,12.66667,14.66667,126.66667,248.33333,46.33333,106.0,0.43567,15.33333,48.66667,0.30567,13.0,17.33333,0.75967,12.66667,36.66667,49.33333,28.0,7.66667,8.0,10.33333,20.0,121.0,0,-0.07825,0.07825,0.29288,0.40881,0.50635,0.50639,0.54879,0.59345,1359.15115,1647.04442,0.83186,0.16814,1.20528,6.45024,0.66667,,,,
240.0,44.33333,92.0,0.48267,11.66667,25.0,0.46233,16.66667,21.0,0.773,12.0,31.33333,43.33333,27.66667,4.33333,5.0,10.33333,19.66667,117.0,240.0,42.33333,85.66667,0.49367,13.66667,41.66667,0.327,22.0,24.33333,0.92133,7.0,33.33333,40.33333,24.33333,4.33333,4.66667,10.66667,19.66667,120.33333,1,0.04308,-0.04308,0.22801,0.36777,0.57591,0.54573,0.66447,0.60615,1508.69767,1487.18464,0.47708,0.52292,2.29447,2.01412,0.66667,240.0,42.0,88.66667,0.47333,13.66667,34.33333,0.40133,10.66667,13.33333,0.80367,9.0,37.66667,46.66667,22.66667,6.33333,4.0,12.33333,20.33333,108.33333,240.0,41.33333,87.0,0.47567,12.66667,31.0,0.407,15.33333,20.0,0.76133,8.0,33.66667,41.66667,25.66667,5.66667,4.66667,9.66667,13.0,110.66667,1,0.02989,-0.02989,0.21005,0.28129,0.54862,0.55075,0.60608,0.59149,1541.39852,1479.79615,0.43324,0.56676,3.02317,2.0,0.66667,,,,
248.33333,43.66667,88.33333,0.49433,17.33333,40.33333,0.42967,16.66667,20.33333,0.81867,6.0,41.66667,47.66667,32.33333,9.66667,5.0,12.0,23.33333,121.33333,248.33333,38.33333,95.0,0.40167,9.33333,33.0,0.27767,16.33333,25.66667,0.63067,15.66667,36.0,51.66667,19.66667,5.33333,4.33333,15.33333,19.66667,102.33333,1,-0.2508,0.2508,0.37696,0.16806,0.44988,0.59249,0.50776,0.65387,1394.01718,1631.04365,0.76436,0.23564,1.35801,5.72402,0.0,240.0,36.33333,91.33333,0.4,9.0,29.33333,0.31967,19.0,23.0,0.821,10.0,32.66667,42.66667,21.0,10.0,5.66667,13.66667,24.33333,100.66667,240.0,38.66667,85.33333,0.45567,13.0,37.66667,0.345,21.0,28.0,0.73867,8.66667,40.66667,49.33333,20.66667,7.33333,3.66667,17.33333,20.33333,111.33333,1,0.17984,-0.17984,0.26103,0.236,0.53114,0.44933,0.6091,0.52308,1472.74821,1595.63145,0.6799,0.3201,1.50187,3.53041,0.66667,,,,
240.0,45.66667,91.33333,0.502,13.66667,35.33333,0.37767,16.66667,22.0,0.755,11.0,38.0,49.0,30.0,8.66667,4.66667,12.0,19.66667,121.66667,240.0,39.66667,88.33333,0.451,11.33333,29.0,0.33967,14.66667,21.33333,0.68833,9.33333,33.33333,42.66667,21.66667,6.66667,4.66667,14.0,20.0,105.33333,1,-0.22014,0.22014,0.24623,0.32782,0.51629,0.57837,0.56866,0.63612,1329.29626,1631.35913,0.84435,0.15565,1.18537,6.61912,0.33333,240.0,43.0,92.66667,0.46467,8.33333,24.0,0.348,24.66667,35.0,0.702,16.0,32.0,48.0,19.66667,10.0,4.0,10.0,20.66667,119.0,240.0,44.0,84.0,0.52433,13.0,34.0,0.386,18.33333,23.0,0.799,7.66667,35.0,42.66667,25.66667,6.0,8.33333,15.66667,25.33333,119.33333,1,0.00461,-0.00461,0.23511,0.45808,0.60155,0.50945,0.67023,0.59366,1274.86418,1386.50855,0.6531,0.3469,1.56959,3.08454,0.33333,,,,
240.0,42.33333,89.66667,0.47233,5.33333,18.66667,0.27767,18.0,22.33333,0.80733,10.0,36.0,46.0,20.33333,10.0,2.66667,12.33333,18.66667,108.0,240.0,39.33333,81.33333,0.484,12.33333,30.66667,0.39067,17.66667,22.33333,0.81833,5.66667,34.66667,40.33333,25.33333,6.66667,7.0,14.33333,18.66667,108.66667,1,0.00901,-0.00901,0.15899,0.29476,0.5619,0.50247,0.63304,0.57162,1393.74283,1349.44899,0.45565,0.54435,3.02948,2.0572,0.66667,240.0,46.33333,88.66667,0.52233,13.33333,35.33333,0.38433,8.0,12.0,0.66233,9.33333,32.33333,41.66667,31.33333,8.0,7.33333,12.0,21.33333,114.0,240.0,38.33333,85.33333,0.451,8.33333,28.33333,0.294,18.66667,22.0,0.85167,10.66667,31.0,41.66667,23.33333,6.0,2.0,13.33333,17.0,103.66667,1,-0.13957,0.13957,0.33229,0.29921,0.50002,0.59759,0.57782,0.62434,1464.19439,1574.15772,0.64271,0.35729,1.57375,2.88571,0.0,,,,
240.0,41.66667,94.0,0.443,13.0,40.0,0.31833,14.33333,18.66667,0.745,9.33333,35.33333,44.66667,25.33333,11.33333,3.0,15.0,24.33333,110.66667,240.0,38.0,82.66667,0.461,11.66667,33.66667,0.35433,25.0,31.66667,0.80067,7.33333,41.0,48.33333,24.0,9.33333,5.0,18.0,18.33333,112.66667,0,0.03696,-0.03696,0.20437,0.22977,0.53195,0.51145,0.63016,0.56167,1502.37339,1362.33316,0.30753,0.69247,3.30741,1.44872,0.66667,248.33333,40.33333,83.66667,0.48167,9.0,29.33333,0.29267,16.0,22.66667,0.70067,8.0,35.33333,43.33333,23.0,6.33333,4.33333,13.33333,20.0,105.66667,248.33333,44.66667,93.0,0.48167,12.0,33.33333,0.36067,17.33333,23.33333,0.737,12.0,35.66667,47.66667,29.0,6.66667,4.66667,9.33333,16.66667,118.66667,0,0.17228,-0.17228,0.36736,0.22192,0.54632,0.53421,0.60639,0.59663,1527.71315,1422.13602,0.38542,0.61458,3.18893,1.76041,1.0,,,,
240.0,39.66667,84.66667,0.46733,9.0,23.0,0.39167,19.66667,24.33333,0.797,8.0,34.33333,42.33333,22.33333,8.0,5.66667,12.0,22.33333,108.0,240.0,38.66667,86.0,0.45233,11.0,34.0,0.32333,17.66667,24.33333,0.71533,8.0,33.0,41.0,23.66667,5.66667,2.66667,13.66667,20.33333,106.0,1,-0.02286,0.02286,0.2288,0.24229,0.51585,0.52052,0.58328,0.59982,1419.34538,1565.96271,0.68841,0.31159,1.48353,3.69827,0.33333,240.0,39.33333,91.0,0.43267,11.33333,33.33333,0.33333,13.66667,16.33333,0.844,13.33333,26.33333,39.66667,26.33333,7.0,5.0,13.0,19.0,103.66667,240.0,47.0,86.0,0.546,9.0,21.33333,0.42467,14.0,18.66667,0.748,9.33333,35.66667,45.0,29.0,7.33333,5.33333,14.33333,18.33333,117.0,1,0.18529,-0.18529,0.35249,0.3715,0.59937,0.49495,0.65044,0.54848,1557.02366,1538.40822,0.49294,0.50706,2.06523,2.0126,0.66667,,,,
240.0,34.66667,88.33333,0.39167,9.0,32.0,0.27867,24.0,28.66667,0.839,9.33333,30.66667,40.0,19.33333,11.0,3.66667,11.0,15.33333,102.33333,240.0,43.66667,84.0,0.518,17.0,36.33333,0.477,14.66667,18.33333,0.80867,7.33333,41.0,48.33333,32.0,7.0,5.66667,17.0,23.66667,119.0,1,0.21695,-0.21695,0.27081,0.22713,0.61879,0.44259,0.675,0.53964,1575.4257,1454.87227,0.34712,0.65288,3.20994,1.59863,0.66667,240.0,39.33333,96.0,0.41133,6.0,24.33333,0.24467,14.0,17.66667,0.812,14.33333,34.33333,48.66667,23.33333,7.0,4.33333,13.0,17.0,98.66667,240.0,38.0,84.0,0.451,11.0,33.66667,0.318,14.0,20.66667,0.64533,9.33333,35.33333,44.66667,22.0,7.33333,6.66667,13.0,21.33333,101.0,1,0.02971,-0.02971,0.2838,0.40465,0.51642,0.44278,0.57006,0.49551,1502.89531,1572.21289,0.60582,0.39418,1.65938,2.57347,0.66667,,,,
240.0,43.33333,94.33333,0.46167,17.66667,41.0,0.43167,14.33333,18.0,0.80267,9.66667,38.0,47.66667,32.0,9.0,3.66667,8.66667,19.66667,118.66667,240.0,37.66667,89.33333,0.42167,8.33333,29.33333,0.28133,15.66667,23.0,0.66467,13.33333,40.0,53.33333,20.0,4.33333,4.33333,14.33333,18.66667,99.33333,0,-0.25801,0.25801,0.34673,0.23434,0.46799,0.55675,0.52717,0.60746,1357.65106,1635.96338,0.81676,0.18324,1.23248,6.17672,0.0,248.33333,42.33333,96.33333,0.441,14.0,36.66667,0.37733,14.33333,21.66667,0.66733,11.0,39.33333,50.33333,26.0,5.33333,6.66667,11.66667,21.66667,113.0,248.33333,43.66667,98.33333,0.444,13.33333,36.33333,0.36467,20.0,26.66667,0.75,11.33333,39.66667,51.0,27.33333,7.0,5.33333,9.0,19.0,120.66667,0,0.09463,-0.09463,0.29709,0.2765,0.51228,0.51429,0.57943,0.56135,1466.36949,1537.26539,0.61087,0.38913,1.6522,2.62625,1.0,,,,
240.0,41.66667,95.0,0.438,10.33333,31.66667,0.32967,20.33333,30.33333,0.681,17.66667,38.0,55.66667,26.33333,5.0,5.66667,12.0,22.0,114.0,240.0,44.33333,91.66667,0.483,11.66667,31.33333,0.377,20.0,26.66667,0.751,8.33333,36.33333,44.66667,27.0,6.0,5.33333,8.66667,21.0,120.33333,1,0.07849,-0.07849,0.22913,0.50979,0.54683,0.49248,0.6168,0.56053,1430.35444,1561.48149,0.69735,0.30265,1.44152,3.39736,0.66667,240.0,45.0,89.0,0.50633,13.33333,34.0,0.38733,15.33333,19.33333,0.78367,9.0,41.0,50.0,30.66667,7.0,5.0,10.0,16.0,118.66667,240.0,37.66667,93.33333,0.40367,5.33333,23.0,0.214,13.33333,18.33333,0.72133,14.66667,32.66667,47.33333,19.66667,5.66667,3.0,11.0,16.66667,94.0,1,-0.34059,0.34059,0.36607,0.28035,0.43156,0.58147,0.48257,0.63783,1348.85126,1630.50484,0.82646,0.17354,1.21004,5.77,0.0,,,,
240.0,43.66667,94.33333,0.46333,7.66667,24.66667,0.30267,15.33333,20.0,0.76767,15.33333,29.0,44.33333,17.66667,7.33333,1.33333,11.33333,20.0,110.33333,240.0,48.0,84.66667,0.567,14.0,34.33333,0.41,13.33333,17.66667,0.748,6.0,33.0,39.0,29.33333,4.66667,7.33333,13.33333,20.33333,123.33333,0,0.1589,-0.1589,0.23001,0.46568,0.64951,0.50375,0.69641,0.55936,1454.18392,1285.98645,0.30179,0.69821,4.07936,1.51713,1.0,240.0,39.33333,91.33333,0.42967,15.66667,45.0,0.33033,16.66667,22.0,0.74933,9.0,34.0,43.0,26.0,7.66667,4.33333,9.33333,21.0,111.0,240.0,40.66667,91.33333,0.44567,12.33333,32.0,0.374,17.33333,23.33333,0.741,13.66667,39.66667,53.33333,22.66667,5.66667,5.33333,12.33333,17.33333,111.0,0,0.00895,-0.00895,0.40134,0.22913,0.51374,0.5148,0.57634,0.57656,1485.09868,1445.19659,0.45416,0.54584,2.69763,2.15079,0.66667,,,,
248.33333,42.0,93.33333,0.45,9.33333,30.33333,0.306,16.66667,22.0,0.76133,13.33333,33.33333,46.66667,24.33333,5.33333,5.33333,10.66667,17.66667,110.0,248.33333,45.0,91.66667,0.49233,11.33333,35.66667,0.31833,15.33333,20.66667,0.72033,7.33333,34.66667,42.0,31.0,5.66667,4.0,9.66667,18.0,116.66667,1,0.10491,-0.10491,0.23753,0.39568,0.5542,0.49885,0.60741,0.56081,1497.85498,1541.56205,0.56784,0.43216,1.79602,2.37842,0.66667,240.0,41.33333,88.0,0.471,9.66667,27.66667,0.34567,17.0,21.0,0.80567,9.66667,37.0,46.66667,23.66667,7.66667,5.33333,10.0,17.66667,109.33333,240.0,40.33333,87.66667,0.46167,10.66667,32.66667,0.33,15.66667,20.66667,0.75967,8.0,35.66667,43.66667,18.66667,5.0,3.0,12.66667,20.0,107.0,1,-0.02916,0.02916,0.21098,0.27125,0.52223,0.52542,0.58192,0.59149,1295.92285,1600.738,0.84275,0.15725,1.19116,7.35607,0.33333,,,,
240.0,39.0,87.33333,0.44867,17.66667,46.66667,0.37767,14.66667,20.66667,0.70533,9.33333,41.0,50.33333,25.66667,4.66667,2.0,11.66667,20.66667,110.33333,240.0,37.66667,92.33333,0.40867,7.33333,34.33333,0.20733,17.0,23.33333,0.72733,11.0,35.66667,46.66667,21.66667,6.33333,4.0,9.33333,21.66667,99.66667,1,-0.14201,0.14201,0.26742,0.26735,0.44788,0.55071,0.51154,0.60332,1565.60828,1430.54799,0.30566,0.69434,3.61112,1.46384,0.33333,240.0,41.0,87.33333,0.47267,13.0,31.0,0.42633,16.0,18.66667,0.85633,10.33333,35.0,45.33333,24.0,8.0,7.0,14.33333,21.33333,111.0,240.0,38.33333,95.0,0.40467,10.33333,32.33333,0.31967,18.66667,24.66667,0.75367,17.33333,34.33333,51.66667,25.0,9.0,4.0,11.66667,18.66667,105.66667,1,-0.07172,0.07172,0.49294,0.3139,0.45944,0.54746,0.52774,0.61102,1430.25663,1564.01894,0.67893,0.32107,1.49552,3.30652,0.33333,,,,
240.0,34.66667,84.66667,0.40833,9.0,30.33333,0.29833,23.33333,29.33333,0.80667,8.33333,28.33333,36.66667,22.0,12.66667,7.0,12.66667,20.0,101.66667,240.0,42.33333,83.33333,0.50733,9.66667,28.66667,0.337,20.33333,25.66667,0.753,8.66667,38.33333,47.0,26.0,8.66667,5.0,16.66667,21.0,114.66667,1,0.18535,-0.18535,0.30665,0.23247,0.56514,0.4618,0.64689,0.5558,1485.02246,1422.00199,0.43312,0.56688,2.83979,2.11017,0.66667,240.0,40.66667,88.66667,0.46033,8.66667,27.66667,0.329,22.33333,28.0,0.798,9.66667,33.66667,43.33333,24.33333,4.0,4.33333,9.0,23.33333,112.33333,240.0,42.66667,89.33333,0.479,11.33333,38.66667,0.29567,20.33333,26.0,0.777,9.66667,37.33333,47.0,27.33333,2.66667,4.66667,10.0,22.66667,117.0,1,0.06164,-0.06164,0.29206,0.26499,0.54489,0.50969,0.62083,0.59427,1444.5594,1505.61182,0.6038,0.3962,1.6785,2.61744,0.33333,,,,
240.0,38.33333,88.33333,0.43633,8.33333,29.0,0.27467,15.66667,18.33333,0.85867,8.66667,30.33333,39.0,25.0,10.66667,2.66667,13.66667,17.66667,100.66667,240.0,44.33333,89.0,0.49733,12.0,33.66667,0.351,10.33333,14.66667,0.63767,11.66667,33.66667,45.33333,25.66667,8.0,6.33333,15.66667,19.0,111.0,0,0.15076,-0.15076,0.38762,0.25913,0.56473,0.48379,0.60165,0.54835,1617.84229,1575.21777,0.45063,0.54937,2.23807,1.83101,0.66667,256.66667,40.66667,89.0,0.45467,13.33333,36.33333,0.36733,20.33333,25.66667,0.849,8.33333,31.66667,40.0,23.0,7.33333,5.33333,12.0,22.66667,115.0,256.66667,48.0,98.0,0.49767,11.66667,34.0,0.35233,19.33333,26.33333,0.71467,13.66667,36.66667,50.33333,28.33333,7.33333,4.0,9.33333,19.33333,127.0,0,0.1616,-0.1616,0.4473,0.22605,0.55787,0.52938,0.61916,0.60356,1622.64684,1456.49741,0.28466,0.71534,3.58206,1.40188,1.0,,,,
240.0,44.33333,96.33333,0.46367,9.33333,27.66667,0.32367,15.33333,19.0,0.827,14.33333,40.33333,54.66667,22.66667,5.66667,6.0,13.0,15.0,113.33333,240.0,40.66667,92.0,0.44133,8.33333,30.66667,0.272,16.66667,19.66667,0.86433,8.33333,32.66667,41.0,23.0,7.0,5.33333,9.66667,20.66667,106.33333,0,-0.08136,0.08136,0.21141,0.44409,0.4861,0.51322,0.55111,0.56718,1447.39352,1626.0869,0.72747,0.27253,1.38424,3.9055,0.33333,240.0,34.66667,91.66667,0.37933,7.33333,31.0,0.23233,14.0,19.33333,0.72067,12.33333,37.0,49.33333,19.33333,7.66667,5.0,9.0,18.66667,90.66667,240.0,39.66667,89.0,0.447,8.66667,32.0,0.27233,11.33333,17.33333,0.64433,10.33333,43.0,53.33333,27.0,5.0,3.33333,13.0,19.0,99.33333,0,0.12636,-0.12636,0.28167,0.28661,0.49623,0.41841,0.53733,0.47425,1584.28353,1489.0654,0.38043,0.61957,2.69216,1.63002,0.66667,,,,
240.0,37.66667,91.33333,0.41633,11.66667,35.33333,0.33767,15.66667,19.0,0.79633,14.33333,27.66667,42.0,21.66667,6.0,2.33333,9.0,19.33333,102.66667,240.0,41.66667,79.33333,0.53067,10.0,24.66667,0.41133,15.66667,20.33333,0.77167,8.33333,36.66667,45.0,26.66667,5.0,5.0,14.66667,20.66667,109.0,0,0.08475,-0.08475,0.31016,0.38942,0.59512,0.48086,0.65723,0.54294,1593.49833,1494.10642,0.36701,0.63299,2.78515,1.59165,1.0,240.0,41.66667,85.33333,0.48867,15.33333,38.66667,0.39933,9.33333,13.0,0.743,7.0,36.33333,43.33333,24.66667,5.33333,1.66667,15.33333,21.66667,108.0,240.0,42.66667,96.0,0.446,10.66667,38.0,0.28233,13.0,19.33333,0.67167,14.33333,30.33333,44.66667,23.66667,8.66667,6.0,11.0,17.33333,109.0,0,0.01188,-0.01188,0.39554,0.23567,0.50083,0.57858,0.54454,0.6131,1565.66879,1490.05612,0.39864,0.60136,2.60103,1.69326,0.33333,,,,
248.33333,44.66667,93.33333,0.48133,17.0,39.0,0.44167,12.33333,16.0,0.79367,7.66667,39.66667,47.33333,29.0,10.33333,5.0,14.0,20.33333,118.66667,248.33333,40.33333,102.33333,0.39433,10.66667,35.33333,0.30233,16.66667,23.0,0.693,17.33333,40.0,57.33333,24.0,9.33333,5.0,14.33333,16.66667,108.0,1,-0.14937,0.14937,0.43633,0.19129,0.44636,0.57228,0.50179,0.61492,1454.61461,1647.64768,0.74395,0.25605,1.3451,3.92697,0.33333,240.0,44.33333,95.33333,0.464,12.33333,31.66667,0.39433,20.0,23.33333,0.861,10.0,36.0,46.0,25.66667,11.66667,6.66667,11.0,18.0,121.0,240.0,42.33333,88.33333,0.478,10.66667,33.33333,0.315,15.33333,17.33333,0.89367,6.66667,39.33333,46.0,23.66667,6.0,3.66667,18.33333,19.66667,110.66667,1,-0.13034,0.13034,0.18476,0.25317,0.5388,0.52859,0.60024,0.60185,1441.09966,1472.41716,0.52762,0.47238,1.89765,2.1203,0.33333,,,,
240.0,43.33333,90.66667,0.48133,7.33333,23.33333,0.31133,14.33333,19.66667,0.68633,14.0,30.66667,44.66667,18.33333,6.33333,1.33333,13.33333,17.66667,108.33333,240.0,49.0,88.66667,0.55567,14.0,36.0,0.39133,11.66667,15.33333,0.746,7.33333,32.66667,40.0,29.66667,6.0,6.33333,11.66667,20.33333,123.66667,0,0.19,-0.19,0.25859,0.42381,0.63459,0.52267,0.67512,0.57363,1432.24891,1281.55247,0.3202,0.6798,3.67339,1.54702,1.0,240.0,35.0,88.33333,0.39733,9.0,31.0,0.29,23.0,26.33333,0.87767,9.66667,22.66667,32.33333,24.0,11.0,2.66667,10.66667,13.0,102.0,240.0,49.66667,84.66667,0.589,15.66667,30.66667,0.51267,9.66667,13.0,0.68333,10.0,37.33333,47.33333,36.0,7.0,8.66667,17.33333,21.0,124.66667,0,0.29257,-0.29257,0.4363,0.26468,0.68173,0.44906,0.71606,0.54408,1646.63186,1505.47686,0.32321,0.67679,3.18952,1.48904,1.0,,,,
240.0,33.66667,85.33333,0.39433,7.33333,27.33333,0.28367,17.0,20.66667,0.76267,8.0,30.66667,38.66667,19.33333,8.0,4.33333,13.66667,16.33333,91.66667,240.0,47.0,91.66667,0.51533,11.66667,31.0,0.36733,11.33333,17.33333,0.68033,10.0,40.0,50.0,32.0,6.0,6.33333,12.0,17.0,117.0,0,0.35287,-0.35287,0.32427,0.20285,0.57912,0.43744,0.61494,0.5098,1559.8704,1276.74938,0.17379,0.82621,6.0357,1.21245,1.0,240.0,38.0,89.33333,0.424,8.66667,25.66667,0.32533,14.66667,17.33333,0.83033,10.66667,34.33333,45.0,25.66667,5.33333,4.66667,12.33333,19.0,99.33333,240.0,38.33333,85.33333,0.44967,15.33333,43.0,0.36,22.0,26.33333,0.84,8.33333,35.66667,44.0,17.66667,6.33333,3.0,9.33333,18.33333,114.0,0,0.20602,-0.20602,0.24726,0.30833,0.53942,0.4713,0.62607,0.53194,1633.05548,1530.45358,0.37683,0.62317,2.72727,1.61962,1.0,,,,
240.0,41.66667,94.0,0.444,13.33333,34.66667,0.37933,14.33333,18.66667,0.75733,7.66667,34.0,41.66667,25.66667,10.66667,4.0,11.66667,22.66667,111.0,240.0,42.0,89.33333,0.471,10.33333,35.66667,0.28867,17.66667,25.66667,0.69867,10.0,39.66667,49.66667,28.33333,8.0,4.33333,15.66667,16.0,112.0,1,0.02,-0.02,0.29286,0.19004,0.52825,0.51626,0.59123,0.56681,1550.84041,1460.7538,0.3791,0.6209,2.84993,1.6571,0.66667,240.0,40.0,88.33333,0.452,9.66667,31.33333,0.282,23.33333,28.66667,0.814,10.66667,28.66667,39.33333,20.66667,10.0,4.33333,13.66667,23.66667,113.0,240.0,42.33333,80.66667,0.52233,10.0,28.66667,0.34067,21.33333,28.33333,0.732,7.66667,35.33333,43.0,27.66667,8.33333,4.0,16.66667,23.33333,116.0,1,0.0448,-0.0448,0.27922,0.31888,0.58354,0.50728,0.66773,0.59687,1539.79079,1455.66525,0.39995,0.60005,3.11273,1.87124,0.66667,,,,
240.0,44.33333,88.66667,0.504,12.33333,32.0,0.38567,14.33333,19.66667,0.73433,11.0,39.66667,50.66667,27.33333,7.0,6.66667,15.33333,19.0,115.33333,240.0,38.66667,90.0,0.43067,8.66667,25.66667,0.27933,13.0,18.66667,0.687,9.66667,30.0,39.66667,21.0,7.0,3.66667,12.66667,20.66667,99.0,0,-0.23437,0.23437,0.24437,0.36096,0.47968,0.57602,0.52756,0.62674,1328.45495,1637.1944,0.84837,0.15163,1.18024,6.92883,0.33333,240.0,41.33333,92.0,0.44967,13.0,39.0,0.32133,14.0,16.33333,0.852,9.33333,33.0,42.33333,25.66667,8.0,3.66667,14.66667,17.33333,109.66667,240.0,45.33333,94.66667,0.485,12.33333,36.0,0.341,11.33333,16.33333,0.68667,14.0,38.66667,52.66667,32.0,9.0,4.66667,16.66667,16.0,114.33333,0,0.04299,-0.04299,0.42406,0.24301,0.55157,0.51993,0.5894,0.5747,1454.64037,1523.78132,0.60689,0.39311,1.69152,2.77965,0.66667,,,,
240.0,41.33333,88.66667,0.46633,9.66667,34.33333,0.28167,12.33333,15.66667,0.78267,10.66667,35.0,45.66667,25.66667,10.0,5.0,16.66667,20.33333,104.66667,240.0,36.66667,84.66667,0.433,11.33333,34.0,0.33167,19.66667,23.33333,0.84167,10.33333,34.33333,44.66667,23.33333,9.33333,3.66667,16.0,17.33333,104.33333,0,-0.00898,0.00898,0.29518,0.3112,0.49885,0.52096,0.58042,0.56852,1432.44396,1499.42952,0.58093,0.41907,1.8466,2.89913,0.66667,240.0,41.0,90.66667,0.452,12.66667,32.33333,0.38367,14.33333,17.33333,0.82167,10.66667,32.66667,43.33333,28.0,10.33333,4.33333,12.66667,18.0,109.0,240.0,43.0,82.33333,0.524,14.0,30.33333,0.45533,15.66667,17.0,0.93933,3.66667,34.0,37.66667,29.33333,9.33333,8.66667,14.0,17.66667,115.66667,0,0.08631,-0.08631,0.11469,0.32001,0.60903,0.52151,0.67344,0.57667,1630.27374,1445.97743,0.26856,0.73144,4.04103,1.37963,0.66667,,,,
240.0,42.66667,95.0,0.449,13.66667,41.33333,0.32733,19.0,25.66667,0.73733,10.0,30.66667,40.66667,25.66667,14.0,3.33333,13.66667,21.66667,118.0,240.0,45.66667,85.0,0.53467,14.66667,33.66667,0.43533,22.66667,29.0,0.79133,7.0,41.0,48.0,28.66667,9.0,5.33333,19.66667,21.33333,128.66667,0,0.11982,-0.11982,0.23214,0.24459,0.6204,0.52073,0.70241,0.58574,1509.33477,1360.06621,0.29957,0.70043,3.3956,1.43243,0.66667,240.0,42.0,96.0,0.43867,17.33333,43.33333,0.415,13.66667,17.33333,0.80433,9.33333,35.66667,45.0,22.66667,7.0,2.66667,11.33333,18.33333,115.0,240.0,45.33333,89.33333,0.509,15.33333,35.0,0.43833,15.33333,20.33333,0.75033,6.33333,43.66667,50.0,25.66667,7.33333,5.0,12.33333,16.66667,121.33333,0,0.08746,-0.08746,0.17855,0.22205,0.59509,0.52871,0.6482,0.5761,1726.57359,1539.11287,0.2686,0.7314,4.09312,1.38556,0.66667,,,,
240.0,39.33333,91.66667,0.42967,15.33333,36.33333,0.42167,14.33333,18.0,0.80233,10.66667,30.66667,41.33333,23.66667,9.33333,5.0,13.0,24.66667,108.33333,240.0,38.66667,83.0,0.46667,10.33333,26.66667,0.39033,23.0,28.0,0.825,10.0,37.33333,47.33333,25.0,8.66667,4.33333,16.0,19.66667,110.66667,1,0.03205,-0.03205,0.34078,0.286,0.52949,0.5132,0.62207,0.56728,1539.42623,1578.47481,0.5583,0.4417,1.87355,2.44779,0.66667,240.0,46.33333,91.0,0.50933,13.33333,31.66667,0.426,13.66667,19.0,0.724,13.0,34.66667,47.66667,29.0,7.0,6.33333,14.0,20.0,119.66667,240.0,43.0,89.33333,0.481,10.0,26.33333,0.37833,18.0,21.66667,0.835,7.66667,31.0,38.66667,25.66667,8.0,3.66667,12.0,17.33333,114.0,1,-0.06729,0.06729,0.23202,0.42967,0.53694,0.58264,0.60566,0.62835,1473.41945,1566.68783,0.6224,0.3776,1.62688,2.73473,0.33333,,,,
248.33333,44.0,102.33333,0.43,13.33333,38.0,0.347,12.33333,14.33333,0.87767,11.0,37.66667,48.66667,29.0,7.33333,5.66667,12.66667,20.0,113.66667,248.33333,46.66667,101.66667,0.45967,13.66667,36.66667,0.37033,17.0,20.33333,0.83933,14.66667,42.33333,57.0,28.33333,7.0,7.0,12.66667,17.33333,124.0,0,0.13548,-0.13548,0.39439,0.26957,0.52733,0.49502,0.58502,0.53826,1431.33205,1484.11576,0.59361,0.40639,1.74082,2.65313,0.66667,240.0,43.33333,88.33333,0.49567,10.66667,26.33333,0.39467,19.66667,26.66667,0.73667,13.33333,32.33333,45.66667,23.66667,7.33333,6.0,13.33333,19.33333,117.0,240.0,43.66667,85.33333,0.51367,10.0,28.66667,0.33933,14.0,18.66667,0.73467,7.0,30.0,37.0,25.33333,5.33333,7.0,14.0,23.66667,111.33333,0,-0.07786,0.07786,0.21496,0.429,0.57298,0.55863,0.62497,0.62879,1274.98851,1453.35967,0.70702,0.29298,1.48679,4.93294,0.33333,,,,
240.0,42.66667,93.33333,0.45667,10.0,28.66667,0.33833,19.0,28.33333,0.67167,12.0,37.33333,49.33333,24.66667,10.0,4.0,11.0,19.66667,114.33333,240.0,42.0,89.0,0.474,11.66667,35.0,0.33667,17.33333,21.33333,0.81933,10.33333,39.33333,49.66667,22.0,7.33333,6.33333,14.66667,22.66667,113.0,0,-0.02251,0.02251,0.27688,0.31291,0.54029,0.50963,0.60604,0.57299,1498.4873,1446.56217,0.43079,0.56921,2.8679,2.1649,0.33333,240.0,40.33333,91.0,0.443,11.0,32.0,0.314,15.66667,20.66667,0.759,10.66667,35.66667,46.33333,26.0,9.33333,3.66667,10.66667,22.33333,107.33333,240.0,33.0,78.66667,0.42267,11.0,34.0,0.314,22.0,27.33333,0.81,9.33333,37.33333,46.66667,20.0,5.0,7.0,16.66667,18.66667,99.0,0,-0.12039,0.12039,0.25738,0.29252,0.49422,0.50441,0.58935,0.56226,1266.70593,1490.04857,0.76359,0.23641,1.34168,5.39956,0.33333,,,,
240.0,42.33333,93.0,0.45567,11.66667,34.0,0.339,13.0,16.33333,0.79667,11.66667,30.33333,42.0,30.0,7.0,5.0,10.66667,17.0,109.33333,240.0,45.33333,86.66667,0.52267,15.0,32.0,0.45833,11.66667,17.0,0.655,9.0,33.0,42.0,27.33333,7.0,6.66667,13.33333,18.66667,117.33333,1,0.10686,-0.10686,0.30714,0.35354,0.61005,0.51848,0.64947,0.56674,1566.54393,1521.17521,0.45784,0.54216,2.28116,1.90311,0.66667,240.0,44.0,92.0,0.47733,10.0,29.33333,0.349,12.66667,16.33333,0.80133,11.33333,35.33333,46.66667,28.66667,6.33333,4.0,11.66667,17.33333,110.66667,240.0,39.33333,90.33333,0.43733,12.33333,34.0,0.36867,15.66667,19.0,0.81767,10.66667,35.0,45.66667,25.0,6.66667,3.0,11.33333,17.0,106.66667,1,-0.05596,0.05596,0.29774,0.32319,0.5059,0.53191,0.56621,0.5788,1566.28879,1536.13757,0.4406,0.5594,2.27772,1.79182,0.66667,,,,
248.33333,43.66667,100.33333,0.43667,13.66667,40.33333,0.34633,21.66667,24.66667,0.878,13.0,41.0,54.0,27.33333,10.0,5.66667,13.0,20.66667,122.66667,248.33333,43.33333,101.66667,0.425,16.33333,48.0,0.33567,18.33333,25.0,0.71067,14.66667,41.0,55.66667,24.33333,6.66667,7.0,14.33333,18.66667,121.33333,1,-0.01162,0.01162,0.36724,0.31126,0.50413,0.5042,0.56637,0.58068,1375.19108,1720.86941,0.87289,0.12711,1.14847,8.71578,0.66667,240.0,42.66667,93.33333,0.45667,10.66667,30.33333,0.35067,17.0,23.0,0.75333,10.33333,33.33333,43.66667,23.33333,3.0,2.66667,10.33333,23.0,113.0,240.0,41.66667,90.33333,0.461,10.0,27.33333,0.36833,28.0,32.66667,0.84867,12.0,37.33333,49.33333,26.0,7.33333,4.66667,9.0,19.33333,121.33333,1,0.10264,-0.10264,0.35675,0.27741,0.5165,0.51404,0.62239,0.57419,1582.99117,1504.6137,0.39811,0.60189,2.59394,1.69018,1.0,,,,
248.33333,39.33333,88.0,0.44233,8.33333,28.66667,0.293,24.0,30.0,0.80567,10.0,32.33333,42.33333,22.66667,9.33333,4.66667,19.0,24.0,111.0,248.33333,44.66667,93.33333,0.481,14.0,29.66667,0.47433,21.0,28.66667,0.75267,13.66667,36.66667,50.33333,30.0,9.66667,3.66667,16.66667,24.0,124.33333,0,0.18067,-0.18067,0.41693,0.27265,0.55563,0.48972,0.62571,0.58292,1537.19288,1280.99197,0.19766,0.80234,5.72964,1.25307,0.66667,240.0,36.66667,86.66667,0.42233,8.33333,26.66667,0.302,14.66667,20.66667,0.71433,9.33333,37.33333,46.66667,24.0,4.33333,4.33333,13.66667,17.0,96.33333,240.0,40.66667,90.33333,0.452,18.0,50.33333,0.35833,17.66667,21.33333,0.815,8.0,36.0,44.0,22.33333,7.33333,2.33333,8.33333,19.0,117.0,0,0.28661,-0.28661,0.2275,0.27398,0.55097,0.46909,0.61818,0.52719,1647.50128,1439.95052,0.27909,0.72091,5.43417,1.44386,1.0,,,,
240.0,42.66667,90.0,0.47433,12.0,25.66667,0.464,15.66667,19.66667,0.77733,10.33333,34.66667,45.0,25.33333,6.0,5.0,12.0,17.0,113.0,240.0,44.0,91.33333,0.481,11.33333,35.66667,0.31467,16.0,18.33333,0.86767,9.66667,32.0,41.66667,23.33333,6.33333,3.66667,10.66667,18.33333,115.33333,0,0.02796,-0.02796,0.27754,0.32516,0.54482,0.54112,0.60648,0.60069,1546.16639,1487.07387,0.41961,0.58039,2.53735,1.78294,0.66667,240.0,40.33333,95.0,0.42367,10.33333,31.33333,0.32367,17.66667,25.0,0.69733,10.0,32.0,42.0,22.66667,10.66667,3.33333,9.33333,20.33333,108.66667,240.0,42.33333,83.0,0.509,13.0,33.0,0.39333,20.33333,26.66667,0.80267,7.0,41.33333,48.33333,29.66667,6.0,5.0,15.33333,21.66667,118.0,0,0.12314,-0.12314,0.22124,0.24845,0.58745,0.47768,0.66371,0.5403,1642.68717,1449.6861,0.25176,0.74824,3.97358,1.33652,1.0,,,,
248.33333,41.66667,95.66667,0.43333,8.66667,30.0,0.28367,13.33333,18.0,0.76967,13.0,36.66667,49.66667,23.66667,4.66667,5.33333,10.33333,18.0,105.33333,248.33333,43.66667,93.66667,0.468,10.66667,36.66667,0.29133,13.33333,18.66667,0.70333,8.0,37.66667,45.66667,31.33333,6.33333,3.33333,9.33333,17.33333,111.33333,1,0.08602,-0.08602,0.22919,0.34353,0.52523,0.4774,0.57041,0.52757,1542.06192,1544.18401,0.50343,0.49657,2.03788,2.08057,0.66667,240.0,46.0,88.33333,0.52067,10.33333,29.33333,0.346,11.33333,15.66667,0.71467,10.0,34.33333,44.33333,27.0,7.0,6.33333,13.0,22.0,113.66667,240.0,42.0,90.66667,0.46567,7.33333,28.33333,0.257,18.66667,23.33333,0.80733,12.0,31.33333,43.33333,24.66667,5.66667,4.33333,12.0,17.66667,110.0,1,-0.04773,0.04773,0.35827,0.31875,0.50687,0.5795,0.57834,0.61939,1457.29749,1478.50832,0.52888,0.47112,2.044,2.31794,0.0,,,,
240.0,41.66667,91.33333,0.45633,10.33333,26.33333,0.383,12.66667,18.66667,0.656,10.66667,32.66667,43.33333,28.0,7.33333,4.0,11.33333,17.0,106.33333,240.0,38.66667,86.0,0.44867,12.33333,34.66667,0.37,13.66667,20.0,0.688,9.0,35.33333,44.33333,25.66667,7.0,5.66667,12.66667,19.33333,103.33333,1,-0.04717,0.04717,0.27534,0.30106,0.51992,0.51292,0.57108,0.55699,1544.55886,1560.15087,0.51327,0.48673,1.96112,2.07139,0.66667,248.33333,46.0,103.33333,0.44733,12.0,39.33333,0.30433,21.0,27.66667,0.8,19.33333,41.66667,61.0,25.33333,6.0,3.66667,12.66667,17.66667,125.0,248.33333,46.0,101.33333,0.45567,14.33333,45.0,0.31033,15.0,19.66667,0.76767,11.33333,36.33333,47.66667,28.33333,7.33333,8.0,10.0,20.33333,121.33333,1,-0.05522,0.05522,0.27958,0.53418,0.52433,0.5043,0.57516,0.57206,1361.68975,1634.97968,0.82073,0.17927,1.22388,6.23133,0.66667,,,,
240.0,40.33333,85.0,0.473,8.0,23.66667,0.34467,19.66667,23.33333,0.843,6.66667,36.66667,43.33333,23.66667,7.66667,6.66667,12.33333,20.33333,108.33333,240.0,38.33333,90.0,0.42733,11.33333,32.33333,0.36133,15.0,22.33333,0.655,10.33333,33.66667,44.0,23.66667,6.0,3.33333,12.66667,18.33333,103.0,1,-0.06966,0.06966,0.2796,0.19785,0.4904,0.5203,0.54474,0.60084,1507.01769,1569.83106,0.5773,0.4227,1.755,2.42227,0.33333,240.0,47.66667,89.66667,0.531,9.0,27.66667,0.32367,14.66667,18.66667,0.786,11.0,34.0,45.0,28.33333,5.0,6.33333,13.33333,21.33333,119.0,240.0,42.66667,93.66667,0.456,7.66667,29.66667,0.25533,18.33333,23.66667,0.778,13.0,29.0,42.0,23.66667,5.0,5.0,11.0,18.0,111.33333,1,-0.09392,0.09392,0.39375,0.385,0.49735,0.58156,0.56414,0.63414,1448.1463,1460.14524,0.50708,0.49292,2.09503,2.13386,0.0,,,,
256.66667,45.66667,96.66667,0.47167,15.0,39.66667,0.37433,22.66667,32.0,0.71433,12.66667,36.33333,49.0,25.0,4.66667,2.33333,13.66667,24.0,129.0,256.66667,49.0,99.66667,0.49833,14.0,34.66667,0.42067,21.0,28.33333,0.73167,10.33333,37.33333,47.66667,30.0,8.66667,4.0,8.66667,23.66667,133.0,1,0.04847,-0.04847,0.27396,0.33817,0.57009,0.54896,0.63485,0.6204,1640.77906,1463.18794,0.27571,0.72429,3.95515,1.39484,0.66667,240.0,44.33333,90.66667,0.48833,11.33333,32.66667,0.33933,13.33333,16.33333,0.823,10.66667,31.66667,42.33333,28.33333,7.66667,4.66667,11.0,18.33333,113.33333,240.0,42.66667,86.33333,0.497,9.66667,23.0,0.42167,13.0,19.33333,0.66633,9.33333,34.33333,43.66667,25.66667,6.0,4.66667,14.33333,17.66667,108.0,1,-0.06978,0.06978,0.30365,0.30996,0.5537,0.55072,0.60038,0.60067,1556.11124,1537.2044,0.46133,0.53867,2.17372,1.86038,0.33333,,,,
248.33333,42.0,92.0,0.45867,11.0,35.0,0.31533,12.66667,16.33333,0.77333,10.0,37.0,47.0,26.0,8.0,4.66667,14.33333,20.66667,107.66667,248.33333,39.33333,88.0,0.448,13.66667,35.0,0.38267,20.33333,24.0,0.84567,9.0,37.33333,46.33333,25.33333,8.33333,3.0,13.66667,17.66667,112.66667,0,0.06518,-0.06518,0.25411,0.26697,0.52525,0.51818,0.60438,0.5651,1559.46384,1496.65447,0.41591,0.58409,2.54348,1.76028,1.0,240.0,42.0,94.0,0.447,11.33333,30.66667,0.373,18.66667,22.33333,0.83567,10.0,33.66667,43.66667,25.33333,10.66667,5.0,12.0,22.33333,114.0,240.0,39.33333,87.66667,0.45,12.66667,38.0,0.331,20.66667,27.66667,0.733,10.0,39.33333,49.33333,21.33333,5.33333,3.0,16.33333,20.66667,112.0,0,-0.01647,0.01647,0.29466,0.24674,0.52167,0.50629,0.59746,0.57606,1467.01246,1644.49017,0.7321,0.2679,1.37696,3.98199,0.33333,,,,
240.0,37.33333,89.33333,0.418,9.66667,31.66667,0.303,22.66667,28.0,0.80667,9.66667,35.66667,45.33333,19.0,10.0,3.33333,9.0,16.0,107.0,240.0,37.33333,85.33333,0.44067,13.33333,39.0,0.34633,15.66667,19.33333,0.82,10.0,40.0,50.0,25.0,5.66667,4.66667,15.0,23.33333,103.66667,1,-0.04932,0.04932,0.27875,0.24087,0.51956,0.47214,0.58223,0.56016,1519.23738,1458.11946,0.41052,0.58948,2.6829,1.75669,0.33333,240.0,43.66667,85.0,0.51367,8.33333,24.33333,0.34667,17.0,21.33333,0.79333,9.66667,36.33333,46.0,24.66667,8.0,4.66667,13.0,18.33333,112.66667,240.0,37.66667,83.0,0.45267,9.66667,29.33333,0.328,16.33333,21.66667,0.75667,7.0,30.33333,37.33333,18.0,8.33333,1.33333,14.66667,19.66667,101.33333,1,-0.15734,0.15734,0.19036,0.32848,0.51041,0.56283,0.57706,0.62866,1287.35767,1548.15366,0.81255,0.18745,1.23132,5.38259,0.0,,,,
240.0,43.66667,91.66667,0.47633,13.0,34.66667,0.37433,15.0,17.0,0.86333,10.33333,32.33333,42.66667,32.66667,8.33333,6.0,11.33333,17.0,115.33333,240.0,44.0,87.66667,0.50167,13.33333,30.66667,0.42533,13.66667,17.66667,0.774,7.66667,33.0,40.66667,28.33333,7.33333,5.0,14.0,19.0,115.0,1,-0.00443,0.00443,0.24692,0.31313,0.57858,0.54717,0.62873,0.6046,1590.85687,1524.64634,0.40782,0.59218,2.48609,1.69866,0.33333,248.33333,43.66667,93.66667,0.47267,13.66667,36.0,0.37367,13.66667,18.66667,0.727,9.66667,38.66667,48.33333,27.33333,4.0,6.0,12.0,20.33333,114.66667,248.33333,44.0,96.33333,0.45667,14.66667,39.66667,0.37233,18.0,23.33333,0.78567,9.0,37.0,46.0,28.0,7.33333,4.0,7.66667,16.66667,120.66667,1,0.07247,-0.07247,0.24227,0.25358,0.53303,0.54554,0.59454,0.59336,1464.61644,1592.14729,0.68101,0.31899,1.47674,3.22121,1.0,,,,
240.0,43.0,90.0,0.47767,5.66667,19.66667,0.282,16.0,20.0,0.80433,9.33333,36.66667,46.0,20.66667,9.33333,3.0,14.66667,19.0,107.66667,240.0,41.33333,85.66667,0.484,11.66667,31.0,0.36267,18.66667,22.33333,0.857,5.66667,35.0,40.66667,25.33333,7.66667,8.33333,14.33333,17.33333,113.0,0,0.0714,-0.0714,0.15504,0.26833,0.55648,0.50973,0.63039,0.57102,1447.26811,1343.93909,0.37855,0.62145,3.40838,1.77383,0.66667,240.0,42.33333,93.0,0.455,11.66667,32.66667,0.35733,21.33333,29.33333,0.73733,9.66667,37.33333,47.0,24.33333,3.33333,4.0,11.0,21.66667,117.66667,240.0,41.33333,91.66667,0.45067,13.66667,31.33333,0.43767,24.66667,29.66667,0.81167,10.0,37.33333,47.33333,28.66667,6.33333,5.33333,10.0,22.0,121.0,0,0.04302,-0.04302,0.27739,0.26032,0.52466,0.51764,0.61639,0.59102,1570.31051,1593.69202,0.53163,0.46837,2.05319,2.45136,0.66667,,,,
240.0,34.33333,84.0,0.409,6.66667,29.66667,0.22433,20.66667,26.66667,0.775,6.66667,36.0,42.66667,19.66667,7.0,5.0,13.33333,17.66667,96.0,240.0,45.66667,96.0,0.47933,16.66667,43.66667,0.38067,12.66667,19.66667,0.649,10.33333,40.66667,51.0,30.33333,6.0,5.0,11.0,19.66667,120.66667,1,0.32913,-0.32913,0.31038,0.16658,0.56605,0.44888,0.60449,0.53451,1603.48682,1269.90812,0.13703,0.86297,7.96829,1.16153,1.0,240.0,45.0,86.66667,0.51933,12.66667,32.33333,0.38367,16.66667,23.0,0.73167,8.33333,40.33333,48.66667,30.0,6.33333,4.0,9.66667,15.0,119.33333,240.0,39.33333,92.33333,0.42633,7.33333,26.0,0.279,12.33333,16.66667,0.738,13.33333,31.66667,45.0,21.66667,5.0,3.0,9.66667,18.66667,98.33333,1,-0.27898,0.27898,0.33939,0.27023,0.46568,0.59206,0.51241,0.65083,1341.2629,1604.21574,0.80816,0.19184,1.23885,5.31474,0.0,,,,
248.33333,39.33333,92.33333,0.425,14.66667,44.0,0.33233,18.0,24.66667,0.71233,10.33333,40.66667,51.0,25.0,3.66667,3.0,10.66667,21.0,111.33333,248.33333,39.66667,95.0,0.41833,12.33333,39.0,0.307,20.0,25.66667,0.775,11.66667,40.66667,52.33333,25.0,5.66667,4.66667,8.33333,22.33333,111.66667,0,0.00698,-0.00698,0.28571,0.25738,0.48231,0.5053,0.55447,0.56808,1494.69672,1433.8381,0.4184,0.5816,2.49465,1.75972,0.33333,240.0,42.33333,89.0,0.47567,11.66667,29.33333,0.40233,15.0,19.33333,0.769,10.66667,34.0,44.66667,21.33333,9.33333,1.33333,12.33333,17.66667,111.33333,240.0,43.66667,86.33333,0.50733,12.0,30.0,0.39567,13.66667,17.66667,0.76133,7.66667,32.33333,40.0,24.66667,7.0,5.0,12.66667,17.66667,113.0,0,0.0201,-0.0201,0.22262,0.33677,0.5783,0.54167,0.62969,0.59871,1546.83923,1379.43125,0.28401,0.71599,3.89526,1.42164,0.66667,,,,
240.0,36.66667,85.66667,0.42633,9.0,30.33333,0.29767,20.33333,25.0,0.80967,9.0,31.33333,40.33333,21.0,8.66667,2.33333,16.0,19.0,102.66667,240.0,46.66667,92.66667,0.504,18.0,38.66667,0.46567,17.33333,22.0,0.787,11.66667,37.0,48.66667,30.0,10.0,4.0,12.33333,19.33333,128.66667,0,0.32069,-0.32069,0.37242,0.2453,0.59919,0.47856,0.65891,0.56272,1597.90101,1275.59852,0.14768,0.85232,7.77457,1.17932,1.0,240.0,41.33333,91.66667,0.45133,10.66667,33.66667,0.314,18.0,22.66667,0.80833,9.66667,38.0,47.66667,25.33333,5.0,4.66667,10.0,21.0,111.33333,240.0,43.33333,95.66667,0.45267,12.0,39.33333,0.30533,15.33333,22.33333,0.69167,11.0,37.33333,48.33333,27.66667,3.66667,4.0,9.33333,18.33333,114.0,0,0.03615,-0.03615,0.29522,0.26499,0.51546,0.50946,0.56638,0.57705,1447.84952,1483.4173,0.55947,0.44053,1.84934,2.4264,0.33333,,,,
240.0,42.0,92.0,0.46067,11.33333,32.0,0.35033,13.0,18.33333,0.72533,10.33333,30.0,40.33333,25.66667,11.33333,3.0,12.33333,20.66667,108.33333,240.0,44.66667,89.66667,0.49767,10.0,29.66667,0.333,12.66667,17.66667,0.63033,13.66667,35.66667,49.33333,25.66667,7.0,7.0,17.66667,18.0,112.0,0,0.0483,-0.0483,0.45823,0.29002,0.55315,0.52301,0.59837,0.56918,1616.69732,1580.58482,0.45017,0.54983,2.2404,1.82952,0.66667,240.0,40.66667,93.33333,0.43433,9.0,29.33333,0.292,17.66667,25.33333,0.688,11.33333,33.0,44.33333,21.33333,10.0,2.0,14.0,20.33333,108.0,240.0,43.33333,83.66667,0.517,14.66667,33.33333,0.44067,18.0,23.0,0.803,6.66667,39.0,45.66667,28.66667,7.66667,5.33333,17.0,24.33333,119.33333,0,0.1493,-0.1493,0.20458,0.29304,0.60467,0.48181,0.67205,0.54487,1647.16262,1458.17364,0.25972,0.74028,3.86266,1.3514,1.0,,,,
240.0,40.33333,85.66667,0.471,10.66667,27.0,0.39633,18.0,23.33333,0.791,9.0,36.33333,45.33333,24.66667,6.33333,6.66667,13.33333,22.0,109.33333,240.0,40.66667,96.66667,0.42067,8.66667,33.66667,0.264,16.66667,21.66667,0.77067,15.66667,34.66667,50.33333,24.66667,5.0,5.0,12.66667,22.0,106.66667,0,-0.0374,0.0374,0.4314,0.28054,0.46559,0.53358,0.52585,0.60303,1445.58896,1478.8755,0.54512,0.45488,1.83622,2.20154,0.33333,240.0,36.66667,86.33333,0.42433,7.0,26.66667,0.26,16.33333,21.66667,0.75667,10.66667,33.33333,44.0,21.0,8.0,5.0,11.66667,19.33333,96.66667,240.0,41.66667,88.0,0.476,8.66667,32.0,0.27233,15.33333,20.33333,0.71,10.66667,37.0,47.66667,28.66667,7.33333,4.0,11.33333,19.0,107.33333,0,0.14875,-0.14875,0.33051,0.30883,0.52558,0.46496,0.58355,0.53083,1586.2328,1536.64735,0.44857,0.55143,2.36108,1.87716,0.66667,,,,
240.0,36.33333,90.33333,0.40567,12.66667,38.66667,0.33067,16.0,21.0,0.745,12.33333,30.66667,43.0,20.0,7.33333,5.0,11.66667,22.66667,101.33333,240.0,42.33333,88.33333,0.48167,9.66667,26.0,0.376,15.33333,21.33333,0.71833,13.0,39.33333,52.33333,26.33333,7.33333,4.66667,16.0,21.0,109.66667,1,0.10981,-0.10981,0.43735,0.31339,0.53685,0.47718,0.59297,0.53941,1574.16798,1494.19247,0.39538,0.60462,2.54359,1.65812,1.0,240.0,41.33333,95.66667,0.43233,7.66667,27.66667,0.27,14.66667,19.33333,0.76067,15.66667,32.66667,48.33333,23.33333,10.66667,3.0,10.66667,18.33333,105.0,240.0,36.33333,77.0,0.472,14.66667,36.66667,0.40367,18.66667,23.0,0.80567,7.0,36.0,43.0,22.66667,5.66667,8.33333,16.33333,16.0,106.0,1,0.00815,-0.00815,0.21503,0.43696,0.56714,0.47248,0.64648,0.52586,1265.75163,1425.25876,0.71117,0.28883,1.42283,3.70081,0.66667,,,,
240.0,36.33333,87.0,0.41433,11.66667,35.66667,0.32167,18.0,21.33333,0.84833,7.33333,31.33333,38.66667,24.0,10.0,5.66667,12.33333,19.33333,102.33333,240.0,41.66667,88.33333,0.47267,11.33333,35.0,0.31467,19.0,25.0,0.713,10.0,37.66667,47.66667,26.33333,7.33333,4.0,13.33333,16.66667,113.66667,0,0.16469,-0.16469,0.32268,0.20998,0.53537,0.48076,0.60969,0.55562,1541.24342,1418.89835,0.34466,0.65534,3.11737,1.55335,0.66667,240.0,39.66667,94.0,0.424,6.66667,24.33333,0.26633,14.66667,18.66667,0.80633,12.0,37.0,49.0,24.0,7.0,4.0,10.66667,16.66667,100.66667,240.0,34.0,86.0,0.396,8.66667,35.66667,0.23733,16.33333,21.66667,0.76767,12.0,36.66667,48.66667,20.33333,5.66667,6.0,12.33333,21.33333,93.0,0,-0.11143,0.11143,0.33142,0.3252,0.44649,0.46026,0.51298,0.51578,1494.50744,1552.8087,0.5658,0.4342,1.8125,2.40091,0.33333,,,,
248.33333,44.0,95.0,0.46367,16.0,38.66667,0.41367,12.66667,18.0,0.727,9.33333,42.0,51.33333,27.33333,10.0,3.66667,14.0,19.66667,116.66667,248.33333,42.0,102.0,0.41233,10.33333,36.0,0.28567,13.66667,19.33333,0.655,13.33333,41.0,54.33333,26.33333,8.66667,3.66667,14.66667,16.33333,108.0,0,-0.12428,0.12428,0.32764,0.23355,0.46299,0.54747,0.50734,0.58904,1453.33268,1658.72392,0.75747,0.24253,1.32298,4.21429,0.33333,248.33333,42.66667,92.33333,0.465,13.0,36.0,0.37,18.33333,23.0,0.80367,9.66667,36.33333,46.0,26.0,7.0,5.33333,10.0,22.33333,116.66667,248.33333,40.33333,95.66667,0.42267,13.33333,36.0,0.36267,21.0,26.66667,0.78167,14.0,39.66667,53.66667,28.33333,7.66667,4.0,9.0,19.33333,115.0,0,-0.0199,0.0199,0.39109,0.23868,0.49225,0.53619,0.56733,0.60181,1429.49185,1549.59696,0.66562,0.33438,1.53975,3.24092,0.33333,,,,
240.0,42.0,87.66667,0.48,16.0,33.33333,0.48133,21.33333,24.33333,0.88833,7.66667,38.66667,46.33333,26.66667,7.33333,3.66667,12.33333,22.0,121.33333,240.0,42.33333,88.66667,0.47867,11.33333,32.33333,0.346,21.33333,28.33333,0.767,8.66667,36.0,44.66667,23.0,7.66667,4.33333,10.66667,21.0,117.33333,0,-0.05099,0.05099,0.2402,0.21994,0.54313,0.57109,0.62056,0.65347,1491.6445,1530.54847,0.54087,0.45913,2.32664,2.95909,0.33333,240.0,36.33333,92.66667,0.39033,7.33333,30.66667,0.23867,22.0,25.66667,0.862,10.33333,28.33333,38.66667,22.66667,12.0,3.0,10.33333,12.33333,102.0,240.0,49.66667,89.0,0.558,18.0,34.66667,0.51967,7.0,9.33333,0.736,9.0,38.66667,47.66667,35.33333,6.66667,9.66667,17.33333,20.33333,124.33333,0,0.28858,-0.28858,0.35053,0.27122,0.6598,0.43028,0.68344,0.51796,1655.18044,1435.28321,0.25523,0.74477,5.46161,1.38084,1.0,,,,
240.0,43.0,93.66667,0.46233,20.0,50.33333,0.40267,13.66667,17.66667,0.78533,9.33333,36.33333,45.66667,23.0,7.0,5.0,12.0,21.33333,119.66667,240.0,40.66667,90.33333,0.45067,9.66667,27.66667,0.34133,14.33333,21.33333,0.694,11.66667,38.0,49.66667,23.33333,8.0,4.0,14.0,16.0,105.33333,0,-0.16605,0.16605,0.32343,0.26745,0.50414,0.56949,0.55517,0.6159,1579.4274,1645.04102,0.57622,0.42378,1.87317,2.61156,0.33333,240.0,37.33333,84.0,0.44433,15.66667,41.33333,0.38,16.0,21.33333,0.734,6.0,35.0,41.0,21.33333,6.66667,4.0,16.0,22.33333,106.33333,240.0,44.33333,100.33333,0.44133,12.0,38.66667,0.32167,14.33333,21.33333,0.66967,17.66667,35.0,52.66667,27.33333,10.33333,5.66667,12.33333,19.66667,115.0,0,0.10935,-0.10935,0.53095,0.17353,0.50101,0.53779,0.54702,0.59981,1571.34305,1459.51023,0.35988,0.64012,2.79923,1.56555,0.66667,,,,
240.0,42.66667,85.33333,0.50233,13.33333,35.33333,0.38467,15.0,20.33333,0.74167,9.66667,36.33333,46.0,27.33333,6.66667,7.0,14.0,16.66667,113.66667,240.0,40.33333,90.66667,0.446,4.66667,20.66667,0.21433,12.33333,18.0,0.67733,12.0,29.66667,41.66667,21.66667,6.0,3.66667,12.66667,20.0,97.66667,0,-0.22953,0.22953,0.37199,0.32472,0.47159,0.5824,0.51691,0.6377,1360.80352,1645.83145,0.82629,0.17371,1.21524,6.38903,0.33333,240.0,40.66667,89.66667,0.45267,13.33333,34.33333,0.38467,23.0,28.33333,0.812,10.66667,35.0,45.66667,24.0,9.0,7.66667,14.66667,26.33333,117.66667,240.0,38.0,82.66667,0.461,8.33333,27.33333,0.304,26.66667,33.33333,0.793,7.0,36.33333,43.33333,26.33333,9.0,5.0,15.0,22.33333,111.0,0,-0.07182,0.07182,0.19977,0.30836,0.51112,0.52691,0.61855,0.61295,1539.77252,1511.758,0.46042,0.53958,2.33011,1.99402,0.33333,,,,
240.0,43.33333,93.0,0.47,9.66667,26.66667,0.345,14.33333,18.33333,0.80567,15.0,34.66667,49.66667,24.33333,6.33333,5.33333,14.66667,19.66667,110.66667,240.0,42.33333,88.66667,0.47733,7.66667,27.0,0.27933,21.0,24.66667,0.85367,9.66667,30.66667,40.33333,25.33333,8.66667,4.33333,9.33333,19.66667,113.33333,1,0.04577,-0.04577,0.29501,0.49123,0.51992,0.52351,0.60231,0.57495,1524.37928,1627.03718,0.64535,0.35465,1.56217,2.88738,0.66667,240.0,41.0,90.0,0.456,15.33333,42.33333,0.362,13.33333,16.66667,0.81833,9.0,32.0,41.0,27.0,10.0,3.66667,12.66667,16.33333,110.66667,240.0,44.66667,94.66667,0.47767,11.0,33.33333,0.32333,10.33333,15.66667,0.66267,15.0,36.66667,51.66667,29.0,7.66667,4.66667,16.0,16.0,110.66667,1,-0.0151,0.0151,0.48263,0.25,0.53658,0.54096,0.57085,0.59205,1454.73335,1593.43421,0.68194,0.31806,1.50802,3.46012,0.66667,,,,
240.0,42.33333,93.0,0.45633,8.33333,30.33333,0.27933,20.33333,32.0,0.63533,16.0,39.33333,55.33333,24.0,5.0,6.0,11.66667,20.0,113.33333,240.0,44.0,92.66667,0.47433,10.66667,31.0,0.34267,17.33333,23.33333,0.751,9.33333,36.0,45.33333,26.66667,5.33333,4.33333,8.33333,23.33333,116.0,0,0.02564,-0.02564,0.24883,0.46106,0.53165,0.50114,0.5916,0.56739,1382.26573,1554.39186,0.74261,0.25739,1.34889,3.93584,0.66667,240.0,37.0,87.0,0.42733,13.0,37.66667,0.34933,18.0,23.66667,0.738,10.33333,38.66667,49.0,26.0,5.66667,4.66667,13.0,20.33333,105.0,240.0,38.0,90.0,0.42267,9.66667,33.0,0.28967,16.33333,22.66667,0.717,10.66667,36.33333,47.0,24.66667,7.66667,3.33333,12.0,22.33333,102.0,0,-0.04037,0.04037,0.28148,0.29011,0.47599,0.5013,0.53743,0.57163,1497.51401,1512.19705,0.51787,0.48213,1.98145,2.12484,0.33333,,,,
240.0,42.66667,93.66667,0.45633,15.33333,37.66667,0.40333,16.33333,20.0,0.81767,12.66667,29.33333,42.0,24.66667,7.66667,4.66667,11.66667,25.33333,117.0,240.0,41.66667,84.0,0.49667,11.33333,27.0,0.42933,22.0,27.0,0.81967,10.0,35.0,45.0,26.66667,8.0,5.0,15.0,22.0,116.66667,1,0.00069,-0.00069,0.34773,0.38468,0.56486,0.53806,0.64972,0.59698,1509.79455,1574.63259,0.59155,0.40845,1.78039,2.65831,0.33333,240.0,43.33333,96.33333,0.45067,17.66667,41.0,0.43833,15.0,21.33333,0.694,9.66667,36.0,45.66667,25.33333,5.33333,2.0,10.66667,22.66667,119.33333,240.0,44.66667,88.33333,0.50667,13.66667,37.33333,0.37433,20.66667,27.33333,0.749,6.66667,43.66667,50.33333,24.0,6.66667,6.33333,12.0,20.66667,123.66667,1,0.05537,-0.05537,0.18485,0.22871,0.58434,0.54223,0.65699,0.59145,1729.62481,1449.4122,0.17743,0.82257,6.4377,1.22244,0.66667,,,,
240.0,44.33333,91.33333,0.49133,14.0,34.0,0.405,14.0,17.33333,0.81167,9.33333,38.0,47.33333,30.33333,7.0,3.33333,10.66667,16.0,116.66667,240.0,42.0,92.33333,0.456,10.66667,33.66667,0.31533,11.66667,17.0,0.70033,11.33333,37.33333,48.66667,24.0,5.33333,3.33333,11.0,17.0,106.33333,1,-0.13382,0.13382,0.2941,0.23643,0.51373,0.5674,0.55457,0.61885,1421.07193,1640.6926,0.77007,0.22993,1.30309,4.56122,0.33333,240.0,47.66667,90.33333,0.52733,13.0,32.66667,0.402,16.0,20.66667,0.768,12.66667,32.0,44.66667,27.33333,7.33333,6.33333,14.66667,23.33333,124.33333,240.0,45.33333,89.0,0.51033,9.66667,25.33333,0.38233,19.33333,23.0,0.84433,8.33333,29.0,37.33333,27.66667,9.0,3.33333,13.33333,20.33333,119.66667,1,-0.05151,0.05151,0.26119,0.45291,0.56446,0.59929,0.63693,0.65406,1471.09766,1568.07175,0.6274,0.3726,1.61475,2.77369,0.33333,,,,
256.66667,45.33333,102.33333,0.443,10.0,32.0,0.31667,16.33333,20.66667,0.79133,14.33333,38.0,52.33333,28.66667,6.66667,4.0,15.0,21.33333,117.0,256.66667,47.66667,103.66667,0.45967,12.66667,36.33333,0.347,17.66667,21.33333,0.83167,15.66667,38.0,53.66667,27.33333,9.66667,9.0,12.0,19.33333,125.66667,1,0.11414,-0.11414,0.41833,0.38485,0.52105,0.49172,0.57987,0.54649,1408.01352,1461.42273,0.58979,0.41021,1.74818,2.604,0.66667,240.0,42.0,87.66667,0.48033,15.33333,40.0,0.377,13.0,17.33333,0.70267,9.33333,36.0,45.33333,25.0,7.0,2.66667,13.66667,18.0,112.33333,240.0,43.0,94.66667,0.45367,12.66667,33.0,0.373,12.66667,17.33333,0.72433,12.33333,33.66667,46.0,24.0,7.33333,3.33333,10.33333,16.0,111.33333,1,-0.00578,0.00578,0.35036,0.28296,0.52075,0.56633,0.56539,0.61373,1483.81253,1401.77874,0.39372,0.60628,3.28624,2.01238,0.66667,,,,
240.0,39.66667,89.0,0.447,10.33333,25.0,0.39833,16.66667,22.66667,0.71233,11.66667,34.33333,46.0,21.66667,6.33333,2.0,14.0,18.33333,106.33333,240.0,42.33333,87.33333,0.48533,13.33333,37.33333,0.35933,16.66667,22.0,0.74767,9.33333,32.66667,42.0,24.33333,7.33333,3.66667,12.0,21.66667,114.66667,0,0.10926,-0.10926,0.27013,0.35565,0.56294,0.5054,0.62413,0.56859,1613.98584,1482.44567,0.32883,0.67117,3.12376,1.50114,0.66667,256.66667,40.66667,92.66667,0.43533,13.0,36.0,0.36133,19.33333,27.66667,0.699,10.33333,34.0,44.33333,23.0,7.33333,5.66667,13.0,24.33333,113.66667,256.66667,47.33333,101.33333,0.47,11.0,34.66667,0.31833,20.66667,27.0,0.74367,15.66667,40.0,55.66667,28.33333,7.66667,4.33333,10.66667,20.0,126.33333,0,0.17079,-0.17079,0.47677,0.2591,0.52364,0.50511,0.59053,0.57029,1628.30051,1489.31078,0.32424,0.67576,3.30795,1.50739,1.0,,,,
240.0,43.66667,90.33333,0.484,10.33333,31.66667,0.325,17.33333,23.33333,0.74133,8.66667,38.33333,47.0,26.33333,8.33333,5.33333,9.0,17.66667,115.0,240.0,39.33333,94.66667,0.41567,12.0,32.66667,0.37567,12.33333,19.0,0.65233,13.0,37.0,50.0,25.66667,4.33333,3.66667,13.66667,18.66667,103.0,1,-0.16067,0.16067,0.34463,0.22748,0.47864,0.54045,0.5207,0.60494,1494.63283,1576.33551,0.59111,0.40889,1.72456,2.55273,0.0,240.0,42.0,89.33333,0.46967,10.0,32.0,0.30967,15.0,19.0,0.795,13.33333,34.0,47.33333,23.66667,7.0,5.0,13.66667,17.33333,109.0,240.0,40.33333,84.66667,0.48,10.0,24.0,0.42,10.66667,16.0,0.641,7.33333,32.66667,40.0,26.0,6.66667,4.66667,13.66667,17.66667,101.33333,1,-0.10613,0.10613,0.22032,0.42143,0.53965,0.52561,0.57902,0.58245,1553.19164,1520.5114,0.43341,0.56659,2.3397,1.77916,0.33333,,,,
240.0,43.33333,93.33333,0.46433,10.0,26.0,0.37667,21.66667,28.0,0.75633,12.33333,30.33333,42.66667,26.66667,10.0,4.33333,10.33333,20.66667,118.33333,240.0,39.33333,89.66667,0.439,13.66667,36.33333,0.388,20.0,26.33333,0.74933,13.33333,36.66667,50.0,25.66667,6.33333,5.66667,16.33333,23.0,112.33333,0,-0.08812,0.08812,0.43871,0.33598,0.51449,0.51791,0.58621,0.59335,1472.98112,1557.23127,0.6005,0.3995,1.72347,2.75602,0.33333,240.0,41.0,89.33333,0.45933,11.33333,32.33333,0.35933,17.66667,21.0,0.843,11.33333,33.33333,44.66667,27.66667,9.0,5.0,13.66667,15.66667,111.0,240.0,40.66667,88.66667,0.46,14.0,32.66667,0.431,15.33333,18.33333,0.83233,9.0,34.66667,43.66667,26.66667,8.33333,3.66667,13.0,18.66667,110.66667,0,-0.00348,0.00348,0.2649,0.32646,0.53852,0.52231,0.59762,0.59052,1569.67592,1529.8956,0.43936,0.56064,2.28455,1.78805,0.66667,,,,
240.0,42.66667,91.66667,0.46467,13.66667,37.66667,0.35733,18.0,24.66667,0.737,13.33333,33.33333,46.66667,24.33333,6.0,2.33333,13.33333,18.0,117.0,240.0,45.0,87.66667,0.513,12.66667,28.66667,0.44033,13.0,18.66667,0.66267,6.66667,33.66667,40.33333,27.33333,7.66667,3.33333,12.0,19.66667,115.66667,1,-0.02135,0.02135,0.20037,0.41234,0.58519,0.53846,0.6284,0.60129,1617.24652,1465.54173,0.30068,0.69932,3.72702,1.45112,0.33333,240.0,42.33333,92.66667,0.45667,10.66667,30.0,0.35733,20.33333,29.0,0.68867,9.33333,35.33333,44.66667,24.0,4.33333,4.0,10.66667,17.66667,115.66667,240.0,47.33333,92.66667,0.511,14.0,29.0,0.48067,14.66667,20.33333,0.70933,7.33333,37.66667,45.0,31.0,6.0,7.0,9.33333,20.0,123.33333,1,0.0965,-0.0965,0.21998,0.24918,0.58625,0.51425,0.63499,0.58324,1556.28168,1502.60506,0.43864,0.56136,2.87467,2.20968,0.66667,,,,
240.0,43.66667,94.66667,0.46333,8.0,27.66667,0.28533,17.0,26.66667,0.677,15.66667,36.66667,52.33333,24.66667,8.0,3.0,12.33333,19.0,112.33333,240.0,44.0,89.33333,0.49267,11.0,29.33333,0.378,17.0,22.0,0.775,8.33333,33.66667,42.0,26.66667,5.66667,6.66667,11.0,22.0,116.0,1,0.04,-0.04,0.23798,0.46925,0.5541,0.50591,0.61495,0.55999,1402.34978,1548.4138,0.70556,0.29444,1.43861,3.63446,0.66667,240.0,43.0,99.0,0.43567,11.33333,37.66667,0.30467,16.0,19.66667,0.797,10.33333,38.33333,48.66667,26.33333,11.0,4.0,11.66667,18.0,113.33333,240.0,41.0,98.0,0.423,15.66667,44.66667,0.34633,15.33333,20.66667,0.75667,15.0,43.66667,58.66667,23.66667,5.33333,3.33333,16.33333,19.33333,113.0,1,0.0066,-0.0066,0.3875,0.23563,0.50139,0.49252,0.55484,0.54903,1473.42139,1622.36068,0.69921,0.30079,1.46775,3.76911,0.33333,,,,
240.0,39.66667,93.0,0.42767,10.66667,29.33333,0.369,16.0,23.66667,0.65967,9.0,28.66667,37.66667,23.66667,12.33333,3.66667,10.66667,23.0,106.0,240.0,44.0,86.33333,0.51,10.66667,29.66667,0.35767,17.66667,23.66667,0.656,13.0,40.66667,53.66667,27.33333,7.0,7.0,18.33333,19.33333,116.33333,0,0.13464,-0.13464,0.45079,0.21844,0.5717,0.48536,0.63722,0.54102,1649.9157,1581.44998,0.41696,0.58304,2.40321,1.71705,1.0,240.0,39.66667,88.66667,0.44833,11.33333,32.0,0.36333,15.33333,20.0,0.75233,8.33333,34.0,42.33333,24.33333,9.0,2.33333,10.0,17.33333,106.0,240.0,42.33333,87.33333,0.48633,10.0,27.0,0.36533,14.66667,18.0,0.80367,9.0,37.66667,46.66667,23.0,6.33333,3.66667,12.33333,17.66667,109.33333,0,0.04778,-0.04778,0.26071,0.2277,0.54483,0.51256,0.60213,0.57139,1548.77897,1429.40427,0.34029,0.65971,3.05032,1.52914,0.66667,,,,
240.0,41.66667,84.66667,0.489,8.0,24.66667,0.33133,17.33333,22.33333,0.781,11.33333,31.66667,43.0,25.33333,7.33333,5.33333,12.66667,16.66667,108.66667,240.0,40.0,84.66667,0.46967,9.66667,31.33333,0.307,15.33333,20.33333,0.72933,9.0,29.66667,38.66667,26.33333,7.33333,2.66667,13.33333,17.33333,105.0,1,-0.0362,0.0362,0.28648,0.40068,0.52688,0.53608,0.58776,0.6041,1431.54738,1542.15858,0.63527,0.36473,1.664,3.38264,0.33333,240.0,37.33333,86.0,0.43333,9.33333,29.33333,0.312,12.66667,17.0,0.729,10.0,29.66667,39.66667,21.0,7.0,3.0,11.66667,19.66667,96.66667,240.0,43.0,86.0,0.5,9.66667,31.0,0.30867,14.66667,19.33333,0.709,10.66667,35.66667,46.33333,30.33333,7.33333,3.66667,11.66667,17.0,110.33333,1,0.19458,-0.19458,0.35927,0.29908,0.55617,0.4867,0.61138,0.53808,1587.09796,1541.62118,0.45376,0.54624,2.31195,1.88855,1.0,,,,
240.0,38.0,84.66667,0.44867,13.66667,35.66667,0.38467,19.33333,23.33333,0.831,10.33333,32.66667,43.0,22.0,7.33333,5.0,14.0,23.33333,109.0,240.0,40.33333,85.0,0.47433,10.33333,27.0,0.38967,16.66667,23.0,0.725,10.66667,34.0,44.66667,26.66667,8.66667,5.66667,15.0,20.33333,107.66667,0,-0.02887,0.02887,0.37296,0.31391,0.53536,0.5298,0.59954,0.60757,1467.44504,1494.82064,0.53129,0.46871,2.05747,2.58787,0.66667,240.0,45.33333,98.66667,0.46,19.66667,48.0,0.40867,12.0,18.33333,0.64133,10.0,38.0,48.0,30.0,5.33333,2.0,11.0,22.33333,122.33333,240.0,44.0,93.0,0.47567,13.33333,40.33333,0.339,18.33333,25.33333,0.71533,9.33333,43.0,52.33333,24.66667,7.33333,5.0,14.0,18.33333,119.66667,0,-0.02732,0.02732,0.24187,0.23954,0.54725,0.5596,0.60975,0.59617,1727.89486,1469.99322,0.19202,0.80798,6.24275,1.25018,0.33333,,,,
248.33333,45.66667,101.0,0.45533,13.33333,41.0,0.32867,26.66667,32.0,0.856,12.0,41.66667,53.66667,28.0,8.66667,5.33333,13.33333,21.33333,131.33333,248.33333,45.33333,102.33333,0.44333,18.66667,47.0,0.40833,17.0,23.0,0.72,11.66667,40.33333,52.0,30.33333,6.66667,7.66667,15.0,21.66667,126.33333,1,-0.05773,0.05773,0.29065,0.2902,0.53411,0.52057,0.59038,0.6111,1459.01714,1728.76805,0.81371,0.18629,1.23647,6.12213,0.33333,240.0,38.0,83.0,0.459,8.66667,25.33333,0.342,17.0,22.0,0.77333,8.33333,35.33333,43.66667,24.33333,6.0,4.33333,12.33333,18.33333,101.66667,240.0,33.33333,86.66667,0.38533,10.33333,38.66667,0.26867,16.33333,22.33333,0.74933,14.33333,32.66667,47.0,19.0,7.33333,5.33333,12.0,21.33333,93.33333,1,-0.12237,0.12237,0.40414,0.25705,0.4449,0.51312,0.51009,0.58267,1485.5317,1484.85853,0.48182,0.51818,2.11288,1.96459,0.33333,,,,
240.0,44.0,93.0,0.474,14.33333,35.33333,0.408,10.0,13.33333,0.77467,9.66667,39.66667,49.33333,29.0,7.33333,4.33333,14.0,17.33333,112.33333,240.0,43.0,100.33333,0.43,12.66667,38.66667,0.31533,9.66667,14.0,0.668,13.33333,37.66667,51.0,26.33333,9.33333,2.66667,13.0,14.33333,108.33333,1,-0.06995,0.06995,0.35917,0.26118,0.49369,0.55061,0.52548,0.58611,1437.456,1665.73832,0.78925,0.21075,1.26843,4.81276,0.33333,248.33333,45.66667,96.66667,0.475,15.33333,35.0,0.43733,24.66667,29.66667,0.829,14.33333,39.0,53.33333,27.0,7.33333,9.33333,15.66667,25.66667,131.33333,248.33333,44.0,93.0,0.47067,10.0,27.66667,0.36067,23.0,30.66667,0.75033,9.33333,35.66667,45.0,30.0,8.33333,5.0,13.0,23.66667,121.0,1,-0.12962,0.12962,0.24024,0.4024,0.52425,0.55554,0.60428,0.63946,1534.56061,1590.42233,0.571,0.429,1.87362,2.53742,0.33333,,,,
240.0,42.0,85.33333,0.493,14.33333,28.0,0.51367,16.33333,21.66667,0.798,5.66667,39.66667,45.33333,27.33333,7.33333,3.66667,16.33333,23.0,114.66667,240.0,46.33333,92.33333,0.50167,12.33333,33.66667,0.363,18.33333,25.0,0.76267,8.0,38.0,46.0,27.0,11.33333,4.66667,9.0,20.33333,123.33333,0,0.10467,-0.10467,0.20687,0.14496,0.56952,0.57617,0.63241,0.63695,1625.88032,1530.22729,0.3794,0.6206,2.93847,1.69774,0.66667,240.0,39.0,90.66667,0.433,8.0,26.33333,0.33067,20.66667,27.0,0.77567,10.0,32.33333,42.33333,23.33333,11.66667,3.0,13.33333,16.0,106.66667,240.0,49.66667,92.0,0.53933,15.0,36.0,0.41567,8.0,10.33333,0.74733,9.33333,37.66667,47.0,33.0,9.66667,9.0,15.33333,21.33333,122.33333,0,0.19751,-0.19751,0.30291,0.26694,0.62202,0.47838,0.64921,0.55523,1663.15033,1459.11736,0.27564,0.72436,5.22476,1.42199,1.0,,,,
240.0,43.66667,90.0,0.485,20.66667,50.66667,0.41333,17.33333,22.0,0.783,9.66667,34.66667,44.33333,23.33333,7.0,5.66667,11.33333,23.33333,125.33333,240.0,40.0,91.0,0.44067,10.33333,30.0,0.334,16.33333,23.66667,0.70433,14.33333,34.0,48.33333,22.0,6.33333,2.66667,13.0,18.66667,106.66667,1,-0.2285,0.2285,0.41753,0.29307,0.49705,0.59937,0.55525,0.66029,1532.39769,1659.38616,0.65745,0.34255,1.52562,2.95494,0.33333,240.0,38.33333,90.0,0.42633,8.0,25.33333,0.317,18.0,25.33333,0.703,8.33333,32.33333,40.66667,18.66667,9.33333,2.0,12.0,23.66667,102.66667,240.0,41.0,80.66667,0.50833,13.33333,31.66667,0.418,20.66667,28.33333,0.72467,7.0,40.0,47.0,28.0,7.0,4.66667,16.0,24.0,116.0,1,0.17662,-0.17662,0.22283,0.20757,0.59053,0.47107,0.66759,0.53779,1653.66083,1503.42094,0.31291,0.68709,3.32595,1.46971,1.0,,,,
248.33333,43.0,89.0,0.48867,14.33333,36.33333,0.40333,21.0,26.33333,0.79033,11.33333,34.33333,45.66667,28.66667,7.0,8.0,16.0,19.0,121.33333,248.33333,47.33333,95.33333,0.496,8.0,24.66667,0.31567,15.0,21.33333,0.683,12.33333,31.66667,44.0,27.66667,6.33333,4.33333,12.66667,23.66667,117.66667,0,-0.0563,0.0563,0.39228,0.34874,0.53708,0.57151,0.58507,0.64601,1419.57612,1653.14294,0.77968,0.22032,1.29768,5.54263,0.66667,240.0,40.66667,89.66667,0.45333,10.66667,30.0,0.35433,13.66667,21.0,0.65167,9.66667,38.33333,48.0,25.33333,4.66667,3.33333,13.33333,17.33333,105.66667,240.0,45.0,94.66667,0.47533,22.0,56.0,0.39133,17.33333,21.66667,0.78567,8.33333,37.66667,46.0,26.33333,8.66667,3.0,8.0,18.0,129.33333,0,0.28695,-0.28695,0.22686,0.27398,0.59065,0.51197,0.65131,0.55986,1657.39265,1341.22199,0.16344,0.83656,8.07288,1.21257,1.0,,,,
240.0,44.66667,95.33333,0.469,16.33333,41.33333,0.39033,15.0,19.66667,0.737,11.66667,35.0,46.66667,28.0,7.0,3.66667,11.66667,25.0,120.66667,240.0,43.0,91.33333,0.47333,12.0,34.0,0.36467,21.0,27.0,0.772,10.0,37.33333,47.33333,29.0,8.0,3.0,12.66667,18.66667,119.0,0,-0.01294,0.01294,0.29526,0.34182,0.53875,0.554,0.61463,0.60564,1541.84587,1579.77543,0.55054,0.44946,2.1104,2.55795,0.33333,240.0,41.0,90.33333,0.45033,14.0,36.33333,0.382,13.33333,18.33333,0.735,9.33333,27.0,36.33333,23.0,8.0,4.66667,11.0,19.66667,109.33333,240.0,47.33333,91.33333,0.518,11.0,27.66667,0.409,16.66667,22.33333,0.72667,15.0,37.0,52.0,23.0,6.33333,3.33333,13.66667,15.66667,122.33333,0,0.17563,-0.17563,0.55845,0.26423,0.57814,0.52712,0.63571,0.57668,1633.95419,1492.32228,0.32111,0.67889,3.34505,1.50115,1.0,,,,
240.0,43.0,89.0,0.48267,12.0,32.0,0.38067,17.33333,22.0,0.79067,12.66667,32.33333,45.0,24.33333,6.66667,7.0,13.33333,18.0,115.33333,240.0,43.33333,91.33333,0.476,9.33333,28.33333,0.32767,18.0,21.66667,0.813,13.0,29.33333,42.33333,28.33333,8.0,4.33333,11.66667,19.0,114.0,0,-0.01414,0.01414,0.40476,0.44118,0.52639,0.5502,0.59464,0.61407,1505.61643,1630.58569,0.66829,0.33171,1.51576,3.15268,0.33333,240.0,37.66667,84.33333,0.44667,16.33333,44.33333,0.372,16.33333,20.33333,0.78533,5.66667,32.0,37.66667,21.33333,8.0,5.66667,15.33333,23.0,108.0,240.0,45.0,99.66667,0.451,13.66667,38.0,0.36633,14.33333,20.66667,0.694,18.66667,36.33333,55.0,27.66667,10.0,4.33333,13.66667,19.0,118.0,0,0.12747,-0.12747,0.59372,0.15444,0.51972,0.5434,0.56602,0.60813,1577.8355,1538.56999,0.4606,0.5394,2.28911,1.9548,1.0,,,,
240.0,44.0,90.33333,0.48767,11.66667,32.0,0.365,16.0,19.0,0.82767,10.33333,33.0,43.33333,28.33333,7.0,5.66667,11.0,18.0,115.66667,240.0,41.66667,83.66667,0.49933,13.0,32.33333,0.39233,18.0,21.0,0.85467,5.33333,31.33333,36.66667,26.66667,7.0,5.33333,11.66667,17.66667,114.33333,1,-0.01675,0.01675,0.16041,0.32937,0.57645,0.55235,0.64883,0.61256,1562.31265,1529.08077,0.45216,0.54784,2.31978,1.89543,0.33333,248.33333,41.0,93.0,0.44167,11.0,30.0,0.36467,14.0,18.0,0.77333,10.0,38.66667,48.66667,26.33333,8.0,4.0,14.0,19.66667,107.0,248.33333,41.0,85.66667,0.47867,15.66667,35.33333,0.44433,19.0,21.66667,0.89,4.0,37.66667,41.66667,28.33333,9.66667,6.66667,13.33333,17.66667,116.66667,1,0.12457,-0.12457,0.10569,0.2672,0.57049,0.50063,0.64533,0.55292,1637.24464,1454.87208,0.27251,0.72749,3.99484,1.38753,1.0,,,,
240.0,44.33333,91.0,0.49333,13.33333,33.66667,0.391,13.33333,17.0,0.78767,9.66667,40.0,49.66667,26.66667,7.0,3.66667,13.0,16.66667,115.33333,240.0,41.0,90.33333,0.45433,12.0,37.66667,0.31867,12.0,16.33333,0.754,7.33333,35.33333,42.66667,25.66667,6.33333,4.33333,10.66667,17.33333,106.0,1,-0.12284,0.12284,0.19135,0.25865,0.52038,0.56595,0.56427,0.61454,1460.45501,1647.12424,0.73654,0.26346,1.35783,3.79835,0.33333,240.0,38.33333,84.0,0.45867,7.33333,29.66667,0.24633,19.66667,26.0,0.76767,8.0,30.66667,38.66667,20.66667,10.0,3.66667,13.66667,19.0,103.66667,240.0,48.66667,92.66667,0.527,13.33333,32.66667,0.403,16.66667,22.66667,0.731,13.66667,37.33333,51.0,30.66667,8.33333,4.33333,13.0,19.33333,127.33333,1,0.28938,-0.28938,0.44276,0.21266,0.59903,0.50199,0.65389,0.58026,1530.01578,1396.97204,0.35792,0.64208,3.44546,1.69891,1.0,,,,
240.0,43.66667,90.66667,0.482,12.33333,35.0,0.347,12.66667,20.33333,0.648,9.66667,38.33333,48.0,25.66667,7.0,4.33333,9.66667,17.0,112.33333,240.0,37.66667,90.0,0.41867,11.66667,30.66667,0.387,14.0,20.0,0.69867,10.33333,37.33333,47.66667,24.0,5.33333,3.33333,11.66667,17.33333,101.0,1,-0.15418,0.15418,0.27056,0.25671,0.4833,0.5506,0.53559,0.59186,1507.32612,1585.01321,0.58854,0.41146,1.73219,2.53812,0.0,240.0,42.0,87.0,0.482,11.0,32.33333,0.33533,14.66667,20.0,0.74633,11.0,37.66667,48.66667,24.33333,6.0,4.66667,13.0,15.66667,109.66667,240.0,37.66667,86.0,0.43833,10.33333,26.66667,0.39067,10.66667,16.33333,0.62967,7.66667,31.66667,39.33333,23.66667,6.66667,3.33333,11.0,17.33333,96.33333,1,-0.18528,0.18528,0.20106,0.3628,0.49874,0.54619,0.53889,0.59995,1545.00406,1549.24258,0.48045,0.51955,2.15232,1.97591,0.0,,,,
240.0,38.66667,91.33333,0.41967,8.0,26.0,0.30267,20.33333,27.33333,0.71467,10.66667,32.33333,43.0,25.0,9.66667,5.33333,10.66667,22.0,105.66667,240.0,34.0,86.66667,0.38967,12.66667,36.66667,0.34667,21.66667,28.0,0.767,13.33333,40.66667,54.0,22.66667,6.33333,4.66667,17.33333,23.33333,102.33333,0,-0.03567,0.03567,0.42299,0.26885,0.46161,0.46315,0.54555,0.53615,1478.47553,1552.05571,0.59168,0.40832,1.76438,2.72527,0.33333,240.0,36.33333,87.33333,0.41467,9.33333,32.33333,0.28533,16.33333,20.33333,0.80133,9.66667,35.33333,45.0,26.0,8.66667,6.0,14.0,17.0,98.33333,240.0,35.33333,85.66667,0.41067,13.0,33.0,0.38967,17.0,20.0,0.85,9.0,38.66667,47.66667,23.66667,8.33333,2.66667,14.0,19.0,100.66667,0,0.04896,-0.04896,0.24919,0.25933,0.48564,0.46754,0.55696,0.53332,1575.17033,1524.72003,0.43054,0.56946,2.32545,1.7573,0.66667,,,,
240.0,42.0,91.0,0.46067,13.66667,35.66667,0.38367,19.66667,23.66667,0.82633,13.0,33.66667,46.66667,21.0,7.66667,2.0,12.0,19.66667,117.33333,240.0,41.66667,86.33333,0.482,9.66667,28.66667,0.32033,15.66667,23.33333,0.64267,9.0,33.0,42.0,25.0,6.33333,6.0,13.33333,20.0,108.66667,0,-0.11573,0.11573,0.26452,0.40853,0.53777,0.53472,0.59371,0.60847,1606.01146,1476.56842,0.32252,0.67748,3.58086,1.50957,0.0,240.0,41.66667,92.0,0.45267,10.66667,28.0,0.38367,22.0,28.0,0.778,9.0,35.66667,44.66667,20.66667,6.0,3.66667,9.33333,19.33333,116.0,240.0,44.0,91.33333,0.48,11.0,29.0,0.36067,17.33333,25.0,0.68933,9.66667,37.0,46.66667,28.66667,4.66667,9.66667,10.66667,20.33333,116.33333,0,0.00212,-0.00212,0.28413,0.24536,0.53883,0.5105,0.6003,0.59042,1545.04662,1513.63175,0.46048,0.53952,2.7285,2.26813,0.33333,,,,
240.0,43.66667,93.33333,0.47,8.33333,26.33333,0.31333,19.66667,25.66667,0.76967,12.0,39.33333,51.33333,24.33333,8.33333,3.33333,13.33333,20.66667,115.33333,240.0,41.0,90.66667,0.454,9.66667,30.33333,0.33533,19.33333,24.33333,0.78933,9.0,32.66667,41.66667,21.0,5.33333,5.0,12.33333,21.33333,111.0,1,-0.05319,0.05319,0.23081,0.37329,0.50776,0.51492,0.57905,0.5835,1437.23242,1553.3778,0.65455,0.34545,1.55014,3.10395,0.33333,240.0,42.33333,99.0,0.42867,11.33333,35.33333,0.33233,17.33333,21.33333,0.79367,13.33333,40.0,53.33333,25.66667,9.0,3.33333,12.33333,19.0,113.33333,240.0,41.0,98.66667,0.42,13.0,43.0,0.29333,16.0,21.0,0.76833,14.0,40.66667,54.66667,21.33333,5.33333,2.33333,13.66667,18.66667,111.0,1,-0.01786,0.01786,0.34175,0.35101,0.48403,0.48543,0.54094,0.54668,1473.8339,1567.94425,0.62935,0.37065,1.60987,2.82219,0.33333,,,,
240.0,41.66667,88.0,0.47567,13.33333,29.0,0.46367,11.33333,19.66667,0.57167,8.33333,28.33333,36.66667,26.33333,7.0,2.66667,10.0,25.0,108.0,240.0,42.0,85.33333,0.49367,8.66667,24.33333,0.36,24.33333,31.66667,0.77067,13.66667,36.66667,50.33333,23.33333,6.33333,4.0,12.33333,19.0,117.0,1,0.11537,-0.11537,0.48122,0.23431,0.5449,0.55191,0.6358,0.58738,1618.3614,1582.65802,0.46574,0.53426,2.18224,1.89788,1.0,240.0,40.66667,88.66667,0.461,12.66667,33.33333,0.389,10.33333,16.33333,0.643,9.33333,31.33333,40.66667,28.0,7.0,2.33333,10.33333,19.33333,104.33333,240.0,42.33333,85.66667,0.495,9.66667,24.0,0.39633,19.0,24.0,0.80533,9.0,38.66667,47.66667,23.0,7.0,3.33333,10.66667,17.0,113.33333,1,0.12112,-0.12112,0.30304,0.25239,0.55252,0.53314,0.62492,0.56773,1553.76929,1459.0552,0.38725,0.61275,2.84047,1.70483,1.0,,,,
240.0,44.66667,85.33333,0.522,8.66667,20.66667,0.42533,16.0,20.66667,0.77433,11.0,35.0,46.0,27.0,5.66667,4.33333,12.66667,17.66667,114.0,240.0,36.66667,85.0,0.42967,7.66667,29.66667,0.257,18.33333,24.33333,0.75733,10.66667,27.66667,38.33333,21.0,8.0,2.66667,12.0,16.66667,99.33333,0,-0.19754,0.19754,0.30484,0.40768,0.47533,0.57292,0.54918,0.63292,1429.81223,1549.4922,0.63505,0.36495,1.66504,3.38187,0.0,240.0,40.33333,86.66667,0.46633,10.0,25.33333,0.406,11.33333,15.33333,0.72233,9.66667,33.0,42.66667,22.66667,5.33333,2.0,11.66667,20.66667,102.0,240.0,39.66667,86.33333,0.46,7.66667,29.33333,0.25867,17.66667,23.33333,0.737,12.33333,33.66667,46.0,25.0,8.0,3.66667,10.33333,16.33333,104.66667,0,0.03324,-0.03324,0.37762,0.30607,0.50462,0.52354,0.57281,0.56691,1585.36281,1548.9548,0.45353,0.54647,2.31299,1.88778,0.66667,,,,
240.0,37.0,86.0,0.43133,12.33333,33.66667,0.362,17.33333,21.33333,0.79033,7.33333,37.33333,44.66667,22.33333,7.33333,4.0,13.33333,22.33333,103.66667,240.0,41.0,89.33333,0.45567,12.0,34.0,0.35433,17.0,24.33333,0.698,11.0,37.66667,48.66667,28.0,8.0,5.66667,12.66667,19.0,111.0,0,0.09467,-0.09467,0.34801,0.21225,0.52264,0.50444,0.58417,0.57425,1523.92799,1487.06695,0.45576,0.54424,2.8882,2.41877,0.66667,240.0,41.0,97.0,0.42167,16.0,42.0,0.36667,8.66667,15.0,0.58533,8.33333,40.66667,49.0,29.0,5.33333,2.66667,12.0,23.0,106.66667,240.0,42.33333,93.66667,0.453,13.0,43.33333,0.29833,19.66667,27.0,0.72367,10.0,46.0,56.0,25.66667,7.33333,6.33333,12.66667,17.66667,117.33333,0,0.15531,-0.15531,0.24573,0.18215,0.52208,0.50331,0.5901,0.53008,1726.70552,1476.6791,0.20279,0.79721,5.95055,1.26671,0.66667,,,,
240.0,43.66667,91.0,0.48,12.33333,35.33333,0.34833,26.33333,32.33333,0.82867,9.0,38.0,47.0,26.0,8.33333,6.33333,13.0,22.0,126.0,240.0,40.33333,95.0,0.42467,15.0,38.66667,0.39,19.66667,25.33333,0.774,11.66667,35.66667,47.33333,25.33333,6.33333,6.33333,15.0,25.33333,115.33333,1,-0.13071,0.13071,0.32019,0.26908,0.50371,0.54814,0.57369,0.64252,1496.14952,1732.96381,0.7877,0.2123,1.27235,4.83806,0.0,240.0,37.66667,81.0,0.466,11.33333,31.0,0.36933,18.66667,22.66667,0.82267,9.33333,36.66667,46.0,22.0,4.66667,5.0,13.66667,19.66667,105.33333,240.0,35.33333,92.0,0.38433,10.33333,37.0,0.28133,17.0,22.33333,0.777,15.66667,30.66667,46.33333,19.0,8.33333,5.66667,9.0,21.0,98.0,1,-0.09875,0.09875,0.42788,0.31124,0.44039,0.53638,0.50565,0.61408,1478.20867,1540.91083,0.56189,0.43811,1.94113,2.96999,0.33333,,,,
240.0,46.66667,91.33333,0.51033,13.33333,31.66667,0.42067,13.66667,17.66667,0.78567,10.0,39.0,49.0,30.66667,5.0,6.33333,13.33333,20.66667,120.33333,240.0,42.33333,97.0,0.43533,12.33333,37.0,0.31633,16.33333,20.66667,0.75233,12.66667,32.0,44.66667,25.0,8.0,1.0,11.0,19.33333,113.33333,1,-0.09232,0.09232,0.34965,0.31645,0.4988,0.58342,0.55785,0.63138,1457.20691,1671.80484,0.77254,0.22746,1.3,4.58513,0.33333,248.33333,47.0,98.33333,0.47967,14.33333,34.0,0.42233,22.0,26.0,0.84233,13.66667,40.33333,54.0,31.33333,6.66667,10.66667,14.33333,25.33333,130.33333,248.33333,43.0,97.0,0.44033,9.66667,29.66667,0.331,26.0,31.66667,0.82067,11.66667,35.0,46.66667,28.0,6.66667,5.0,11.66667,24.66667,121.66667,1,-0.10956,0.10956,0.29024,0.38793,0.49004,0.5531,0.58346,0.62796,1526.72283,1596.7823,0.5904,0.4096,1.83081,2.72115,0.33333,,,,
240.0,39.33333,88.66667,0.446,12.66667,27.33333,0.46933,17.33333,24.33333,0.72233,7.0,34.66667,41.66667,25.33333,8.0,4.66667,15.66667,21.66667,108.66667,240.0,47.66667,91.66667,0.51933,14.0,34.66667,0.40767,17.33333,20.66667,0.844,8.66667,41.0,49.66667,30.0,10.0,9.0,12.66667,21.66667,126.66667,1,0.22292,-0.22292,0.25864,0.17022,0.59658,0.51704,0.65891,0.57971,1689.94737,1526.09669,0.2997,0.7003,3.38225,1.4311,1.0,240.0,39.66667,90.33333,0.44133,9.33333,26.33333,0.37533,18.66667,24.66667,0.769,8.33333,34.0,42.33333,23.66667,8.66667,4.0,13.66667,18.33333,107.33333,240.0,48.0,92.0,0.52133,15.33333,34.66667,0.444,12.66667,14.33333,0.90567,9.0,37.66667,46.66667,31.33333,9.0,10.0,14.33333,21.66667,124.0,1,0.20847,-0.20847,0.26936,0.22726,0.60571,0.49386,0.6522,0.56279,1668.71562,1441.76615,0.24845,0.75155,5.4354,1.35502,1.0,,,,
240.0,39.33333,87.33333,0.45,17.0,45.33333,0.38233,21.0,27.66667,0.773,10.0,37.33333,47.33333,19.66667,8.0,6.0,13.33333,25.0,116.66667,240.0,36.66667,85.0,0.432,12.0,36.0,0.33033,20.0,29.66667,0.69033,11.33333,36.0,47.33333,22.66667,8.33333,5.0,14.0,21.0,105.33333,0,-0.13987,0.13987,0.31942,0.29005,0.5019,0.54713,0.5764,0.62404,1582.17859,1674.15325,0.61954,0.38046,1.61594,2.63634,0.33333,240.0,37.33333,88.66667,0.421,10.66667,30.33333,0.35033,18.0,27.0,0.664,8.0,35.33333,43.33333,20.0,9.0,2.66667,12.66667,25.33333,103.33333,240.0,39.0,80.0,0.48667,12.33333,33.66667,0.37267,22.33333,32.33333,0.68767,7.66667,39.66667,47.33333,25.0,7.66667,7.33333,15.0,23.0,112.66667,0,0.12188,-0.12188,0.22807,0.20138,0.56304,0.48175,0.64643,0.54683,1648.67172,1583.91981,0.42608,0.57392,2.57531,1.84292,0.66667,,,,
248.33333,38.33333,89.0,0.42833,11.33333,34.66667,0.323,24.0,29.33333,0.815,11.33333,33.0,44.33333,24.33333,8.33333,5.66667,15.33333,20.33333,112.0,248.33333,49.33333,96.66667,0.51033,11.33333,31.33333,0.35833,16.0,21.0,0.78367,12.0,35.66667,47.66667,29.0,6.0,5.33333,12.66667,22.66667,126.0,0,0.18424,-0.18424,0.39176,0.3113,0.56881,0.49142,0.62108,0.58395,1555.34706,1651.51221,0.64426,0.35574,1.61033,3.10709,1.0,240.0,36.66667,84.0,0.43433,8.0,29.33333,0.26833,18.33333,25.0,0.73567,6.66667,38.66667,45.33333,21.66667,5.66667,2.66667,15.33333,18.33333,99.66667,240.0,48.0,98.66667,0.487,21.33333,52.33333,0.40433,13.0,16.66667,0.795,9.0,38.33333,47.33333,28.33333,8.66667,4.33333,8.33333,19.0,130.33333,0,0.3866,-0.3866,0.24469,0.17594,0.59462,0.48146,0.63656,0.55572,1670.64783,1393.89659,0.22581,0.77419,7.64261,1.38544,1.0,,,,
240.0,44.33333,94.66667,0.46833,14.0,40.33333,0.33,16.66667,20.66667,0.777,13.66667,35.66667,49.33333,28.33333,7.66667,3.66667,13.66667,25.33333,119.33333,240.0,41.66667,90.33333,0.46333,12.0,31.33333,0.40033,20.0,25.66667,0.77333,10.0,34.33333,44.33333,23.33333,8.0,5.0,15.0,18.33333,115.33333,0,-0.04224,0.04224,0.28562,0.42234,0.52919,0.54119,0.60313,0.6012,1608.0756,1588.44808,0.46198,0.53802,2.39533,2.01984,0.33333,240.0,43.0,94.66667,0.45367,12.0,36.33333,0.32167,14.66667,19.66667,0.74433,14.0,28.0,42.0,22.33333,8.0,3.0,12.0,23.0,112.66667,240.0,43.33333,88.66667,0.48733,11.33333,25.66667,0.448,20.33333,26.0,0.77767,14.66667,35.33333,50.0,18.33333,6.0,5.33333,15.33333,16.66667,118.33333,0,0.07191,-0.07191,0.53157,0.40232,0.55104,0.51661,0.62598,0.56874,1633.66658,1551.71045,0.39011,0.60989,2.67308,1.66195,1.0,,,,
240.0,39.33333,86.33333,0.45633,11.0,32.33333,0.343,17.66667,22.0,0.80467,11.66667,30.33333,42.0,20.0,6.33333,4.33333,14.66667,23.33333,107.33333,240.0,40.0,85.0,0.473,10.66667,28.33333,0.37367,22.66667,28.33333,0.77967,12.33333,30.0,42.33333,27.66667,7.33333,5.0,13.66667,20.66667,113.33333,1,0.07441,-0.07441,0.40148,0.39392,0.53674,0.5203,0.62537,0.58946,1544.2145,1634.04939,0.63413,0.36587,1.59763,2.87093,0.66667,240.0,37.33333,84.0,0.44467,15.0,41.66667,0.36433,20.0,25.0,0.802,8.33333,30.0,38.33333,18.66667,7.33333,5.33333,14.33333,25.66667,109.66667,240.0,41.66667,91.33333,0.45767,14.33333,33.0,0.44033,20.66667,27.0,0.759,15.66667,35.0,50.66667,25.66667,7.0,3.66667,14.66667,22.33333,118.33333,1,0.1087,-0.1087,0.52377,0.25197,0.53753,0.53365,0.61331,0.61287,1582.69271,1597.58982,0.53504,0.46496,1.95515,2.24946,1.0,,,,
240.0,41.66667,89.33333,0.467,12.33333,30.66667,0.40467,18.33333,20.66667,0.88333,10.0,34.0,44.0,24.0,7.66667,4.33333,10.33333,17.33333,114.0,240.0,41.0,85.0,0.48433,10.66667,32.0,0.332,15.0,18.33333,0.79633,5.33333,33.33333,38.66667,24.0,5.33333,4.0,11.0,17.33333,107.66667,0,-0.08106,0.08106,0.1559,0.30372,0.54633,0.53598,0.60665,0.60753,1567.02106,1535.23842,0.44958,0.55042,2.34203,1.88949,0.0,248.33333,40.0,94.33333,0.424,13.0,32.0,0.40967,14.33333,18.0,0.79,11.0,38.66667,49.66667,26.0,7.0,4.66667,11.66667,20.66667,107.33333,248.33333,40.33333,86.33333,0.46767,15.66667,38.0,0.41233,16.66667,21.0,0.771,5.33333,38.33333,43.66667,26.66667,6.66667,5.66667,12.33333,18.66667,113.0,0,0.07021,-0.07021,0.14078,0.2896,0.55868,0.49322,0.62163,0.54664,1646.46768,1515.70453,0.32666,0.67334,3.07358,1.48644,0.66667,,,,
240.0,42.66667,85.0,0.503,12.0,30.33333,0.39033,12.33333,15.66667,0.802,6.66667,40.0,46.66667,25.66667,7.0,4.33333,15.0,19.0,109.66667,240.0,37.0,88.33333,0.41633,13.0,41.66667,0.31267,15.0,17.0,0.86667,6.66667,32.33333,39.0,24.33333,8.0,5.33333,11.33333,16.66667,102.0,1,-0.10427,0.10427,0.1723,0.20605,0.49,0.57296,0.55338,0.62031,1481.36161,1653.84873,0.72292,0.27708,1.38493,3.63679,0.33333,240.0,39.33333,88.66667,0.44367,9.0,31.33333,0.29033,16.0,20.66667,0.81133,8.66667,31.33333,40.0,22.66667,11.66667,4.0,13.0,20.66667,103.66667,240.0,43.33333,90.33333,0.47567,14.0,37.66667,0.375,18.0,22.66667,0.789,11.66667,38.66667,50.33333,27.66667,8.0,5.33333,16.0,19.0,118.66667,1,0.17082,-0.17082,0.37811,0.22434,0.55346,0.4944,0.62068,0.55588,1525.33383,1428.4952,0.39007,0.60993,3.36661,1.95204,0.66667,,,,
240.0,39.66667,86.0,0.462,13.66667,35.33333,0.39167,17.0,26.33333,0.621,9.66667,36.33333,46.0,22.66667,7.0,2.66667,11.33333,19.66667,110.0,240.0,37.0,88.66667,0.41733,11.66667,32.33333,0.361,18.33333,23.0,0.79133,10.66667,36.33333,47.0,22.0,5.33333,3.0,12.0,20.66667,104.0,1,-0.08185,0.08185,0.29304,0.26296,0.4828,0.54136,0.55513,0.60219,1499.926,1588.63529,0.61868,0.38132,1.62797,2.68171,0.0,240.0,40.0,96.66667,0.413,14.33333,39.0,0.35167,9.66667,14.33333,0.665,9.0,38.33333,47.33333,28.33333,6.33333,4.0,11.0,20.66667,104.0,240.0,44.66667,93.33333,0.48033,13.66667,38.33333,0.366,16.0,22.66667,0.70667,9.0,44.66667,53.66667,30.0,6.33333,6.66667,12.0,17.0,119.0,1,0.21314,-0.21314,0.23504,0.20186,0.55352,0.48642,0.60685,0.5195,1727.24687,1517.63907,0.2341,0.7659,4.4119,1.3102,0.66667,,,,
240.0,42.33333,86.0,0.49467,12.0,33.33333,0.35933,28.0,36.0,0.79167,10.33333,41.33333,51.66667,25.66667,5.33333,7.33333,14.0,20.33333,124.66667,240.0,41.0,97.0,0.423,14.0,35.33333,0.396,13.66667,18.0,0.75933,9.66667,31.33333,41.0,27.66667,7.0,5.0,10.66667,27.0,109.66667,1,-0.18861,0.18861,0.23908,0.34601,0.49538,0.5645,0.54384,0.66597,1495.87489,1737.99802,0.79081,0.20919,1.26771,4.93228,0.0,240.0,35.0,85.0,0.411,10.33333,31.33333,0.32267,13.33333,17.66667,0.72367,8.0,33.0,41.0,24.66667,9.33333,5.0,12.66667,16.66667,93.66667,240.0,36.66667,83.33333,0.43733,11.0,29.0,0.379,12.66667,15.0,0.85467,6.66667,40.66667,47.33333,22.66667,6.66667,3.66667,14.66667,18.33333,97.0,1,0.06711,-0.06711,0.20245,0.20613,0.50319,0.47199,0.55845,0.52531,1584.93869,1536.32267,0.43595,0.56405,2.29532,1.7736,0.66667,,,,
240.0,40.33333,88.66667,0.455,12.33333,32.66667,0.382,21.0,25.66667,0.81833,13.0,30.0,43.0,19.33333,6.33333,2.66667,13.33333,21.33333,114.0,240.0,43.66667,89.66667,0.48333,7.33333,25.0,0.29367,19.66667,27.0,0.69133,12.0,32.0,44.0,25.33333,6.66667,5.66667,12.66667,21.66667,114.33333,0,-0.01817,0.01817,0.45,0.41807,0.52425,0.52416,0.59345,0.60398,1547.02011,1482.2928,0.40771,0.59229,2.46383,1.69173,0.33333,240.0,42.0,91.0,0.46133,11.66667,28.66667,0.405,18.66667,23.33333,0.783,10.33333,28.33333,38.66667,18.66667,5.33333,2.33333,10.66667,21.33333,114.33333,240.0,47.33333,92.33333,0.509,8.0,24.66667,0.32433,21.33333,29.66667,0.701,13.33333,35.33333,48.66667,26.33333,6.0,8.0,10.33333,19.33333,124.0,0,0.10433,-0.10433,0.50238,0.29463,0.55174,0.52549,0.62491,0.5949,1546.66754,1430.17062,0.35916,0.64084,3.04708,1.59228,0.66667,,,,
240.0,41.0,86.0,0.478,14.0,28.33333,0.49367,15.0,21.0,0.694,8.0,29.66667,37.66667,26.66667,5.33333,2.0,9.0,23.66667,111.0,240.0,40.66667,82.0,0.496,7.33333,20.66667,0.351,24.33333,32.66667,0.74467,11.66667,34.66667,46.33333,23.66667,6.0,3.66667,10.0,21.0,113.0,0,0.02388,-0.02388,0.40017,0.24151,0.54115,0.55964,0.63437,0.61313,1591.3743,1581.34088,0.49278,0.50722,2.06626,2.0003,0.66667,240.0,39.66667,87.0,0.45833,13.66667,32.33333,0.43267,13.33333,17.66667,0.732,9.33333,32.0,41.33333,27.66667,4.0,2.33333,9.0,20.66667,106.33333,240.0,40.66667,85.33333,0.476,6.66667,19.66667,0.33867,20.66667,27.33333,0.76733,11.33333,36.66667,48.0,23.0,6.33333,2.66667,8.33333,18.66667,108.66667,0,0.03452,-0.03452,0.36922,0.26772,0.51502,0.53728,0.5946,0.58655,1555.78532,1534.28773,0.47659,0.52341,2.17872,1.95807,0.66667,,,,
240.0,40.66667,83.66667,0.48633,7.0,18.33333,0.38467,17.66667,22.33333,0.78433,10.66667,38.0,48.66667,22.33333,5.66667,4.0,13.0,18.33333,106.0,240.0,37.0,85.33333,0.43167,8.0,27.0,0.30233,18.0,25.66667,0.7,10.0,30.66667,40.66667,23.33333,9.0,2.0,10.66667,18.33333,100.0,0,-0.09004,0.09004,0.26467,0.35552,0.47897,0.52864,0.54871,0.59881,1479.91763,1551.96772,0.58135,0.41865,1.85263,3.11875,0.33333,240.0,39.33333,86.66667,0.45467,8.33333,21.66667,0.38367,13.33333,17.0,0.749,9.33333,36.66667,46.0,21.33333,4.33333,2.33333,10.33333,19.66667,100.33333,240.0,39.66667,88.0,0.45033,8.66667,28.33333,0.31133,15.0,22.33333,0.66867,10.66667,36.0,46.66667,25.66667,6.33333,3.0,9.0,17.0,103.0,0,0.03497,-0.03497,0.29459,0.26576,0.49987,0.50222,0.55396,0.55536,1583.37863,1522.63474,0.41796,0.58204,2.44917,1.7354,0.66667,,,,
240.0,46.33333,91.33333,0.50667,13.33333,32.0,0.41633,14.66667,17.0,0.86167,10.0,36.0,46.0,31.33333,4.0,6.0,13.0,24.0,120.66667,240.0,39.0,90.66667,0.429,13.66667,36.33333,0.365,22.33333,28.0,0.80233,11.66667,30.0,41.66667,22.66667,7.66667,2.0,11.0,21.33333,114.0,1,-0.08735,0.08735,0.33509,0.33813,0.50425,0.57967,0.58928,0.63411,1484.94492,1674.56652,0.74636,0.25364,1.34508,4.1054,0.33333,248.33333,46.66667,96.0,0.48767,13.66667,33.66667,0.40533,20.33333,23.33333,0.869,12.66667,39.33333,52.0,31.0,5.66667,8.0,14.0,26.33333,127.33333,248.33333,41.0,93.33333,0.43533,10.66667,30.33333,0.35567,25.0,32.0,0.78033,10.66667,32.0,42.66667,25.66667,7.0,3.66667,11.33333,24.33333,117.66667,1,-0.12475,0.12475,0.26842,0.39156,0.49395,0.55926,0.58517,0.63062,1518.24068,1672.97606,0.70398,0.29602,1.4212,3.38786,0.33333,,,,
240.0,41.33333,86.33333,0.482,11.66667,26.66667,0.44833,20.0,27.33333,0.73333,7.0,30.66667,37.66667,28.0,10.33333,4.0,18.33333,25.66667,114.33333,240.0,46.0,88.0,0.52267,12.33333,31.66667,0.39467,23.33333,26.66667,0.86867,10.0,36.66667,46.66667,32.0,12.0,9.33333,17.33333,25.0,127.66667,1,0.16934,-0.16934,0.32207,0.19563,0.59338,0.54975,0.68404,0.62167,1671.5802,1523.22886,0.31456,0.68544,3.18423,1.45939,0.66667,240.0,41.33333,86.33333,0.482,11.66667,26.66667,0.44833,20.0,27.33333,0.73333,7.0,30.66667,37.66667,28.0,10.33333,4.0,18.33333,25.66667,114.33333,240.0,46.0,88.0,0.52267,12.33333,31.66667,0.39467,23.33333,26.66667,0.86867,10.0,36.66667,46.66667,32.0,12.0,9.33333,17.33333,25.0,127.66667,1,0.16934,-0.16934,0.32207,0.19563,0.59338,0.54975,0.68404,0.62167,1671.5802,1523.22886,0.31456,0.68544,3.18423,1.45939,0.66667,,,,
240.0,33.0,84.33333,0.39,16.66667,48.0,0.34767,19.33333,26.0,0.75867,9.0,34.0,43.0,17.0,9.0,5.0,13.0,23.0,102.0,240.0,36.33333,86.33333,0.421,13.0,39.0,0.33233,21.0,28.0,0.768,13.66667,38.33333,52.0,21.66667,7.0,6.66667,13.33333,20.0,106.66667,0,0.06813,-0.06813,0.44121,0.23545,0.4959,0.48902,0.57756,0.5656,1619.00912,1679.43186,0.60249,0.39751,1.6605,2.51829,0.66667,240.0,44.0,88.33333,0.502,12.66667,31.66667,0.40033,22.0,26.33333,0.834,8.0,30.66667,38.66667,29.0,9.0,3.0,15.0,26.0,122.66667,240.0,42.66667,87.66667,0.49,13.33333,32.33333,0.415,25.66667,29.0,0.88267,11.33333,32.33333,43.66667,31.0,9.0,7.66667,17.0,25.33333,124.33333,0,0.02756,-0.02756,0.36247,0.26658,0.56598,0.5742,0.66635,0.65565,1673.10369,1519.70352,0.29655,0.70345,3.38766,1.42272,0.33333,,,,
248.33333,38.66667,93.66667,0.41033,9.66667,33.33333,0.29,21.33333,26.0,0.79933,13.0,35.66667,48.66667,25.0,10.0,5.33333,15.66667,23.33333,108.33333,248.33333,46.66667,93.66667,0.49633,14.66667,37.0,0.4,19.66667,24.0,0.839,9.33333,37.33333,46.66667,25.33333,7.0,6.66667,13.33333,21.66667,127.66667,0,0.25622,-0.25622,0.25924,0.34187,0.57717,0.46109,0.64701,0.54265,1635.75028,1642.64034,0.53827,0.46173,1.92369,2.3065,1.0,240.0,37.33333,89.33333,0.41667,8.66667,33.0,0.26467,17.0,22.0,0.76033,10.0,33.66667,43.66667,23.33333,10.0,1.66667,14.33333,21.33333,100.33333,240.0,46.33333,91.66667,0.50333,19.66667,46.66667,0.415,17.33333,21.0,0.83733,9.33333,37.33333,46.66667,25.33333,8.66667,6.66667,12.33333,18.0,129.66667,0,0.3686,-0.3686,0.27689,0.26687,0.61015,0.46512,0.67271,0.53397,1680.92768,1515.73805,0.34266,0.65734,4.82438,1.61722,1.0,,,,
240.0,40.0,92.66667,0.43,11.0,38.33333,0.25233,15.66667,21.33333,0.72133,13.33333,36.33333,49.66667,26.33333,7.66667,4.33333,14.66667,24.33333,106.66667,240.0,40.33333,92.0,0.43867,13.0,34.33333,0.39067,17.66667,23.0,0.76733,10.33333,38.0,48.33333,19.33333,8.0,5.33333,14.66667,19.33333,111.33333,0,0.07289,-0.07289,0.29175,0.35997,0.50882,0.48726,0.57413,0.54606,1667.21345,1587.56371,0.39229,0.60771,2.6391,1.66476,0.66667,240.0,40.66667,91.66667,0.442,9.33333,34.66667,0.25,17.33333,22.33333,0.78733,14.33333,29.33333,43.66667,21.33333,7.0,3.66667,14.0,23.33333,108.0,240.0,43.66667,89.0,0.48933,12.66667,27.0,0.47633,18.0,23.33333,0.77167,11.33333,34.0,45.33333,16.66667,7.33333,5.66667,14.0,20.33333,118.0,0,0.13447,-0.13447,0.41131,0.42188,0.56026,0.49179,0.62584,0.55764,1638.06933,1548.50575,0.38887,0.61113,2.67942,1.65796,1.0,,,,
240.0,38.0,86.33333,0.43833,11.33333,31.0,0.37167,15.33333,21.33333,0.73067,10.33333,33.66667,44.0,20.0,5.33333,3.33333,11.33333,18.66667,102.66667,240.0,41.0,84.33333,0.488,10.33333,33.33333,0.30767,16.33333,19.33333,0.82433,5.33333,34.33333,39.66667,23.0,5.66667,4.33333,9.0,18.66667,108.66667,0,0.09893,-0.09893,0.15768,0.30372,0.54854,0.50389,0.61505,0.56207,1595.67052,1532.83275,0.42032,0.57968,2.54655,1.81278,0.33333,248.33333,35.66667,90.33333,0.39333,12.0,32.33333,0.37667,15.0,21.0,0.72633,11.33333,38.0,49.33333,21.0,5.33333,3.33333,13.0,19.66667,98.33333,248.33333,40.33333,87.33333,0.462,13.0,37.33333,0.34567,16.0,19.33333,0.812,5.33333,39.33333,44.66667,24.66667,7.0,4.66667,10.0,19.66667,109.66667,0,0.16561,-0.16561,0.14425,0.2896,0.53631,0.45957,0.59851,0.51639,1654.54506,1518.49321,0.32407,0.67593,3.09582,1.48049,0.66667,,,,
240.0,43.0,93.33333,0.46233,8.0,26.0,0.305,20.0,24.0,0.83133,12.66667,39.0,51.66667,24.33333,8.66667,4.33333,16.0,24.0,114.0,240.0,40.33333,91.0,0.445,11.0,34.66667,0.334,23.33333,29.66667,0.78067,11.0,32.0,43.0,21.33333,7.0,5.33333,14.33333,22.66667,115.0,0,0.02033,-0.02033,0.27855,0.4037,0.50601,0.50545,0.59161,0.57875,1482.73597,1556.65908,0.60994,0.39006,1.64118,2.57031,0.33333,240.0,32.66667,84.66667,0.38533,10.66667,32.33333,0.33767,18.0,25.0,0.728,11.33333,35.66667,47.0,18.66667,6.0,4.33333,14.66667,19.33333,94.0,240.0,41.0,86.66667,0.47333,12.66667,35.66667,0.35467,14.33333,17.33333,0.81367,6.66667,38.33333,45.0,27.33333,7.33333,4.0,11.0,24.0,109.0,0,0.21839,-0.21839,0.18731,0.29658,0.54643,0.44782,0.60256,0.52015,1666.57568,1523.46133,0.32087,0.67913,3.13293,1.47409,0.66667,,,,
240.0,37.66667,87.66667,0.43067,12.66667,34.33333,0.371,19.66667,23.0,0.857,10.33333,34.66667,45.0,17.33333,7.66667,6.33333,14.0,23.0,107.66667,240.0,36.66667,86.33333,0.42733,13.33333,32.66667,0.41233,19.66667,26.0,0.73833,10.33333,33.66667,44.0,26.33333,6.33333,5.0,15.33333,21.66667,106.33333,0,-0.02331,0.02331,0.3074,0.31595,0.50562,0.50295,0.58186,0.58127,1540.81657,1638.64536,0.63563,0.36437,1.59299,2.87904,0.33333,240.0,35.66667,87.0,0.40967,6.0,21.66667,0.277,16.33333,20.0,0.79333,9.66667,36.0,45.66667,18.66667,4.0,3.66667,7.66667,20.0,93.66667,240.0,39.0,85.0,0.46033,8.66667,25.66667,0.31367,17.33333,23.0,0.75833,9.0,38.66667,47.66667,25.0,4.0,5.33333,8.0,20.33333,104.0,0,0.14909,-0.14909,0.24986,0.25387,0.51272,0.44419,0.58022,0.51236,1588.03874,1549.08745,0.46021,0.53979,2.17315,1.85269,1.0,,,,
240.0,41.66667,83.33333,0.50133,12.66667,31.0,0.406,12.33333,15.0,0.83167,7.33333,40.0,47.33333,24.33333,10.0,4.66667,15.0,20.0,108.33333,240.0,33.66667,84.0,0.40033,11.0,39.66667,0.27233,14.33333,16.66667,0.83733,6.33333,30.66667,37.0,21.66667,8.33333,5.33333,15.0,17.33333,92.66667,0,-0.22355,0.22355,0.16353,0.24039,0.46524,0.57727,0.52831,0.62697,1501.44362,1663.68738,0.70375,0.29625,1.42225,3.39427,0.0,240.0,39.0,90.33333,0.43233,11.66667,31.0,0.37667,21.66667,26.66667,0.814,10.33333,29.0,39.33333,20.33333,7.33333,2.66667,13.0,21.33333,111.33333,240.0,47.0,94.66667,0.49267,8.66667,27.0,0.31167,20.33333,27.66667,0.72333,14.0,37.66667,51.66667,28.0,8.0,5.66667,14.66667,22.66667,123.0,0,0.1341,-0.1341,0.51696,0.28235,0.53719,0.49697,0.60795,0.5793,1557.2327,1477.273,0.40549,0.59451,2.48033,1.68619,0.66667,,,,
240.0,40.33333,82.0,0.49033,13.0,31.0,0.41767,15.0,21.33333,0.67,6.33333,40.0,46.33333,22.0,5.0,5.33333,13.0,21.0,108.66667,240.0,33.66667,86.0,0.39233,11.33333,32.33333,0.35233,18.66667,25.0,0.74033,8.66667,33.66667,42.33333,19.0,6.33333,2.66667,10.0,18.33333,97.33333,0,-0.16147,0.16147,0.22454,0.19369,0.4583,0.56957,0.53264,0.62671,1596.58068,1599.93671,0.48548,0.51452,2.27783,2.06294,0.0,240.0,39.66667,92.66667,0.43133,11.0,31.33333,0.34933,8.66667,12.66667,0.66833,7.0,39.66667,46.66667,23.33333,5.33333,6.66667,10.33333,21.0,99.0,240.0,40.66667,89.66667,0.453,13.0,36.0,0.36833,16.0,23.66667,0.677,7.66667,43.0,50.66667,27.33333,5.66667,7.0,10.33333,16.0,110.33333,0,0.15154,-0.15154,0.20032,0.15746,0.52563,0.49107,0.58116,0.522,1727.89327,1524.99544,0.23368,0.76632,4.41673,1.30935,0.66667,,,,
240.0,42.33333,82.66667,0.51267,13.0,34.33333,0.37667,25.33333,33.66667,0.766,10.0,39.66667,49.66667,24.66667,6.33333,7.66667,15.66667,23.0,123.0,240.0,37.66667,92.33333,0.409,13.33333,36.66667,0.36267,19.0,22.66667,0.81267,10.33333,31.0,41.33333,23.66667,8.66667,3.33333,12.0,27.33333,107.66667,1,-0.1937,0.1937,0.26139,0.33903,0.48286,0.59125,0.55797,0.68323,1513.29123,1739.59749,0.77169,0.22831,1.30598,4.70686,0.0,240.0,35.33333,82.66667,0.42767,11.33333,32.66667,0.33633,14.0,22.33333,0.61267,6.66667,34.0,40.66667,22.66667,9.0,5.0,13.0,20.66667,96.0,240.0,34.33333,80.66667,0.424,12.33333,32.0,0.38333,18.66667,21.0,0.88167,6.66667,42.33333,49.0,21.33333,6.66667,3.33333,16.0,21.0,99.66667,1,0.0733,-0.0733,0.19768,0.15642,0.50037,0.49671,0.58257,0.54694,1592.72201,1603.79538,0.52062,0.47938,2.00157,2.23159,0.66667,,,,
240.0,42.0,88.66667,0.47533,12.0,28.0,0.417,13.33333,17.66667,0.732,11.0,28.66667,39.66667,27.33333,4.0,2.0,9.0,20.33333,109.33333,240.0,43.0,84.0,0.511,7.33333,19.66667,0.36667,20.33333,27.0,0.76433,12.0,32.0,44.0,24.0,5.33333,4.33333,7.33333,19.66667,113.66667,0,0.05476,-0.05476,0.42636,0.34491,0.55489,0.5448,0.63224,0.59328,1556.37566,1580.75054,0.55262,0.44738,1.813,2.24193,0.66667,240.0,39.66667,88.33333,0.45067,7.33333,29.33333,0.25833,16.0,22.0,0.71633,12.33333,32.66667,45.0,21.0,6.66667,6.0,15.66667,25.0,102.66667,240.0,41.0,90.66667,0.45167,12.33333,30.66667,0.40567,17.66667,23.66667,0.74667,11.0,34.66667,45.66667,17.66667,8.33333,6.66667,13.0,20.66667,112.0,0,0.12885,-0.12885,0.33973,0.35105,0.5193,0.49235,0.58394,0.55289,1641.62932,1584.00373,0.43026,0.56974,2.32675,1.75626,1.0,,,,
240.0,38.66667,86.33333,0.44867,6.33333,19.0,0.34567,15.0,20.0,0.72667,10.33333,36.0,46.33333,19.0,4.33333,3.33333,9.33333,19.0,98.66667,240.0,39.66667,85.0,0.46767,10.0,28.33333,0.35167,16.66667,23.33333,0.71967,9.0,36.33333,45.33333,26.33333,5.66667,3.66667,9.33333,20.0,106.0,0,0.10281,-0.10281,0.24986,0.28822,0.52787,0.48555,0.59056,0.54463,1588.62909,1548.49711,0.45852,0.54148,2.18103,1.84683,0.66667,240.0,38.66667,86.33333,0.44867,6.33333,19.0,0.34567,15.0,20.0,0.72667,10.33333,36.0,46.33333,19.0,4.33333,3.33333,9.33333,19.0,98.66667,240.0,39.66667,85.0,0.46767,10.0,28.33333,0.35167,16.66667,23.33333,0.71967,9.0,36.33333,45.33333,26.33333,5.66667,3.66667,9.33333,20.0,106.0,0,0.10281,-0.10281,0.24986,0.28822,0.52787,0.48555,0.59056,0.54463,1588.62909,1548.49711,0.45852,0.54148,2.18103,1.84683,0.66667,,,,
240.0,46.66667,90.33333,0.516,12.33333,32.0,0.383,19.0,22.66667,0.84467,9.33333,39.0,48.33333,31.33333,5.0,7.33333,11.66667,26.33333,124.66667,240.0,35.66667,90.0,0.39767,10.33333,31.66667,0.32733,25.0,31.33333,0.79833,12.0,29.66667,41.66667,21.66667,7.0,3.66667,12.0,24.0,106.66667,0,-0.22198,0.22198,0.30517,0.3206,0.45632,0.58421,0.55296,0.65339,1510.28146,1682.52575,0.7144,0.2856,1.39998,3.50465,0.0,240.0,34.66667,89.66667,0.38667,8.0,34.33333,0.23567,16.33333,21.33333,0.752,12.0,33.33333,45.33333,23.33333,10.0,3.0,15.0,22.66667,93.66667,240.0,40.66667,85.33333,0.47467,15.0,40.0,0.374,17.0,21.33333,0.81067,8.33333,36.33333,44.66667,19.66667,8.66667,9.0,15.0,19.66667,113.33333,0,0.2705,-0.2705,0.25015,0.32633,0.56338,0.43135,0.62951,0.49892,1685.35392,1638.2141,0.4621,0.5379,2.16708,1.86106,1.0,,,,
240.0,30.66667,79.66667,0.38567,15.33333,46.0,0.33367,21.66667,29.0,0.75133,7.0,30.66667,37.66667,15.66667,11.33333,3.66667,14.0,23.0,98.33333,240.0,35.66667,79.33333,0.451,10.0,32.66667,0.30833,22.66667,30.33333,0.76067,10.33333,35.66667,46.0,23.0,7.66667,7.0,16.0,21.66667,104.0,0,0.08268,-0.08268,0.37533,0.18984,0.51368,0.48216,0.60579,0.57273,1653.68585,1683.8581,0.55976,0.44024,1.80041,2.29658,0.66667,240.0,41.66667,81.33333,0.50833,13.66667,37.33333,0.37733,24.33333,28.66667,0.85233,6.66667,27.33333,34.0,25.66667,10.33333,1.66667,14.33333,25.66667,121.33333,240.0,40.33333,82.0,0.496,11.0,29.66667,0.36533,27.0,31.33333,0.85867,10.0,28.33333,38.33333,28.66667,8.33333,4.0,16.66667,26.0,118.66667,0,-0.02639,0.02639,0.3572,0.24435,0.56201,0.59274,0.6713,0.68939,1677.8551,1572.51497,0.3537,0.6463,3.0257,1.58844,0.33333,,,,
240.0,41.33333,90.33333,0.45733,10.0,28.33333,0.353,20.0,25.66667,0.762,13.33333,38.66667,52.0,24.66667,6.66667,5.0,16.0,24.66667,112.66667,240.0,38.66667,88.33333,0.44167,9.66667,34.66667,0.28467,23.33333,30.0,0.77033,9.33333,32.33333,41.66667,18.66667,6.0,4.0,13.0,24.66667,110.33333,1,-0.01846,0.01846,0.23149,0.41863,0.49684,0.51258,0.58431,0.58535,1541.52929,1567.70625,0.53115,0.46885,2.01977,2.2737,0.33333,240.0,32.33333,84.33333,0.383,9.66667,33.33333,0.29133,16.66667,25.33333,0.65033,12.33333,34.33333,46.66667,20.0,4.66667,3.66667,15.66667,20.0,91.0,240.0,41.33333,83.66667,0.49467,11.66667,32.66667,0.35467,17.0,20.66667,0.83533,5.33333,38.0,43.33333,26.66667,7.0,4.66667,10.33333,25.66667,111.33333,1,0.29414,-0.29414,0.15429,0.32515,0.56417,0.44025,0.63132,0.50566,1677.71242,1535.21067,0.32626,0.67374,3.08762,1.48665,1.0,,,,
240.0,39.0,84.0,0.46667,12.66667,31.66667,0.39833,20.0,24.66667,0.816,9.66667,33.66667,43.33333,18.0,7.0,4.66667,16.0,26.33333,110.66667,240.0,37.0,82.0,0.454,14.0,32.66667,0.43533,25.0,30.66667,0.813,7.0,31.33333,38.33333,24.0,8.33333,5.33333,13.66667,22.66667,113.0,1,0.02366,-0.02366,0.216,0.31922,0.53947,0.54174,0.63927,0.62024,1584.55511,1640.82677,0.58646,0.41354,1.70573,2.41972,0.66667,240.0,36.33333,84.66667,0.43167,8.0,25.33333,0.31067,15.66667,20.66667,0.747,9.0,33.33333,42.33333,18.66667,5.0,4.33333,10.33333,21.33333,96.33333,240.0,38.33333,82.33333,0.468,9.33333,27.33333,0.31267,20.33333,24.66667,0.818,9.0,36.33333,45.33333,22.66667,6.33333,7.0,10.33333,20.66667,106.33333,1,0.14244,-0.14244,0.2653,0.25714,0.52636,0.47954,0.60927,0.54282,1587.7524,1578.62492,0.50363,0.49637,2.01354,2.04943,1.0,,,,
240.0,38.0,81.66667,0.46767,9.66667,27.66667,0.34833,14.33333,17.0,0.85733,7.66667,33.33333,41.0,21.33333,9.0,4.33333,12.0,20.0,100.0,240.0,35.33333,81.66667,0.43167,10.0,33.33333,0.314,17.33333,19.66667,0.86533,7.66667,32.66667,40.33333,22.66667,6.33333,5.0,15.33333,17.66667,98.0,1,-0.03983,0.03983,0.23918,0.23668,0.49271,0.52734,0.56824,0.58876,1544.70633,1668.21676,0.6793,0.3207,1.47266,3.12329,0.33333,240.0,38.0,88.66667,0.429,10.33333,31.33333,0.322,19.66667,25.66667,0.76733,9.66667,26.33333,36.0,20.33333,6.66667,3.33333,12.33333,18.0,106.0,240.0,49.66667,94.0,0.52767,11.0,26.33333,0.41667,17.33333,21.33333,0.78333,11.66667,38.33333,50.0,31.0,7.33333,4.66667,14.66667,20.33333,127.66667,1,0.2708,-0.2708,0.47569,0.25839,0.58619,0.48682,0.64654,0.56171,1573.99167,1535.24388,0.48551,0.51449,2.19243,2.09333,1.0,,,,
240.0,39.0,83.66667,0.46567,11.33333,29.0,0.38967,18.66667,23.0,0.76933,5.66667,40.66667,46.33333,20.66667,5.33333,5.0,13.0,22.33333,108.0,240.0,35.33333,88.66667,0.39833,14.33333,38.0,0.372,21.33333,27.66667,0.76267,9.66667,37.33333,47.0,19.66667,5.33333,2.66667,10.66667,20.0,106.33333,0,-0.03295,0.03295,0.24695,0.15421,0.47927,0.53349,0.56067,0.60968,1663.29026,1603.5053,0.40933,0.59067,2.65729,1.78709,0.33333,240.0,39.33333,90.66667,0.43633,11.66667,31.66667,0.36967,14.0,17.33333,0.75967,7.0,39.33333,46.33333,22.33333,4.66667,7.0,10.33333,21.66667,104.33333,240.0,39.0,89.33333,0.436,14.66667,37.33333,0.394,18.33333,25.33333,0.715,8.66667,42.0,50.66667,24.33333,5.33333,5.66667,10.66667,18.66667,111.0,0,0.07737,-0.07737,0.22844,0.161,0.51841,0.50092,0.58442,0.55581,1729.93233,1565.04889,0.2801,0.7199,3.77807,1.39935,0.66667,,,,
273.33333,46.0,101.33333,0.45367,12.0,32.33333,0.36367,15.0,18.66667,0.789,15.66667,33.66667,49.33333,26.33333,6.66667,4.33333,11.33333,22.33333,119.0,273.33333,45.66667,95.66667,0.486,9.0,27.66667,0.33233,20.66667,25.66667,0.81033,15.0,34.66667,49.66667,23.66667,6.66667,5.33333,9.66667,21.0,121.0,1,0.02259,-0.02259,0.43165,0.44432,0.5329,0.51337,0.60673,0.5659,1584.15149,1582.22582,0.50723,0.49277,2.01355,2.07074,0.66667,273.33333,45.33333,97.0,0.46933,10.66667,32.33333,0.32667,14.0,21.0,0.65967,14.33333,36.33333,50.66667,24.33333,7.0,7.33333,17.0,25.33333,115.33333,273.33333,46.33333,103.33333,0.45167,12.66667,36.33333,0.35433,18.66667,24.0,0.773,14.66667,35.66667,50.33333,20.66667,10.0,5.33333,11.33333,23.0,124.0,1,0.11557,-0.11557,0.39042,0.39014,0.51436,0.52304,0.57467,0.56966,1644.79246,1580.58942,0.421,0.579,2.37773,1.7281,1.0,,,,
248.33333,43.66667,91.0,0.48067,12.0,31.33333,0.38133,21.66667,26.33333,0.83133,8.33333,35.0,43.33333,28.66667,5.66667,5.66667,10.33333,24.33333,121.0,248.33333,39.0,89.66667,0.435,14.0,35.0,0.39733,21.66667,28.66667,0.75433,12.33333,33.33333,45.66667,21.33333,6.33333,5.0,12.33333,23.66667,113.66667,0,-0.09246,0.09246,0.37422,0.25855,0.51334,0.54646,0.59324,0.62542,1564.91568,1685.45439,0.65267,0.34733,1.56965,3.07391,0.33333,248.33333,38.66667,95.66667,0.404,10.33333,36.33333,0.29067,16.33333,22.0,0.73233,12.0,31.33333,43.33333,26.66667,10.0,4.33333,11.66667,23.33333,104.0,248.33333,39.66667,84.66667,0.46767,16.0,40.33333,0.395,19.33333,26.0,0.73567,11.33333,37.66667,49.0,18.0,8.0,9.0,16.0,21.0,114.66667,0,0.14368,-0.14368,0.3741,0.31911,0.5622,0.45826,0.63398,0.51699,1683.77521,1653.76873,0.47277,0.52723,2.12461,1.90409,1.0,,,,
240.0,31.66667,76.66667,0.41367,16.0,44.33333,0.36433,20.66667,26.0,0.79267,7.33333,26.66667,34.0,15.0,9.33333,3.0,15.33333,21.66667,100.0,240.0,39.0,84.0,0.46633,9.66667,31.0,0.31267,21.0,25.66667,0.819,14.0,31.0,45.0,24.0,8.0,5.0,15.33333,22.0,108.66667,0,0.12252,-0.12252,0.51462,0.24012,0.52317,0.51782,0.60765,0.60751,1673.67985,1677.84002,0.526,0.474,1.91595,2.13302,1.0,240.0,37.66667,78.66667,0.476,14.66667,40.33333,0.36833,22.66667,26.66667,0.85033,7.33333,29.0,36.33333,20.0,7.33333,2.0,13.66667,21.66667,112.66667,240.0,41.0,87.33333,0.47233,11.0,32.33333,0.33633,20.33333,24.33333,0.84,13.66667,27.0,40.66667,26.33333,8.0,3.66667,13.33333,23.33333,113.33333,0,0.01384,-0.01384,0.46101,0.28179,0.53378,0.56969,0.61321,0.66454,1683.75509,1624.17784,0.41874,0.58126,2.58104,1.77068,0.66667,,,,
240.0,43.0,87.33333,0.49667,11.0,34.0,0.326,24.0,34.0,0.701,9.33333,42.0,51.33333,25.0,6.33333,7.33333,13.33333,24.0,121.0,240.0,36.66667,90.33333,0.40667,12.66667,38.33333,0.334,21.0,24.66667,0.82933,8.33333,35.33333,43.66667,25.0,7.0,3.0,12.66667,26.0,107.0,0,-0.17825,0.17825,0.19648,0.27691,0.47788,0.56133,0.56273,0.64446,1554.85392,1740.1273,0.72865,0.27135,1.3833,3.97633,0.0,240.0,30.33333,73.33333,0.41467,8.33333,28.66667,0.28967,22.0,25.33333,0.86867,6.33333,37.33333,43.66667,19.0,4.66667,5.66667,17.66667,21.66667,91.0,240.0,35.66667,87.33333,0.411,11.0,35.66667,0.301,19.66667,22.33333,0.88033,10.33333,32.0,42.33333,19.0,10.66667,3.33333,9.66667,20.66667,102.0,0,0.14763,-0.14763,0.27883,0.20791,0.47477,0.47207,0.55526,0.57907,1678.6752,1580.02003,0.37253,0.62747,2.6957,1.59591,0.66667,,,,
240.0,36.33333,84.33333,0.42933,9.66667,31.0,0.31267,18.0,22.66667,0.784,11.33333,40.33333,51.66667,23.33333,5.0,5.0,17.0,21.0,100.33333,240.0,36.66667,86.66667,0.42733,10.33333,34.0,0.30633,18.0,23.33333,0.783,8.0,31.33333,39.33333,21.33333,7.33333,4.66667,11.0,24.0,101.66667,0,0.0179,-0.0179,0.18856,0.36308,0.48673,0.48701,0.55679,0.56238,1614.38739,1569.57799,0.44287,0.55713,2.4505,1.93623,0.33333,240.0,32.33333,82.66667,0.39133,10.0,33.66667,0.29833,20.33333,26.0,0.77733,11.33333,38.0,49.33333,21.66667,5.33333,4.0,16.33333,20.0,95.0,240.0,38.33333,85.0,0.45467,11.33333,33.33333,0.34,16.0,20.0,0.81067,6.33333,35.0,41.33333,25.0,7.0,4.33333,11.0,25.33333,104.0,0,0.12223,-0.12223,0.16186,0.32515,0.52137,0.45178,0.58474,0.53897,1685.48018,1550.32898,0.32705,0.67295,3.08072,1.48845,0.66667,,,,
240.0,38.0,84.66667,0.45133,11.66667,31.0,0.37267,19.33333,23.33333,0.83267,8.0,37.33333,45.33333,18.0,7.0,6.33333,13.33333,22.66667,107.0,240.0,36.0,89.0,0.40933,11.0,32.66667,0.332,20.0,26.33333,0.753,12.0,33.33333,45.33333,21.66667,8.33333,5.33333,11.66667,21.0,103.0,0,-0.06303,0.06303,0.31572,0.24795,0.47268,0.51984,0.55019,0.59717,1582.5596,1642.57112,0.58061,0.41939,1.72263,2.38527,0.33333,240.0,36.0,83.0,0.436,8.66667,27.0,0.31667,18.0,22.33333,0.81367,8.0,36.0,44.0,19.0,4.66667,5.33333,11.33333,22.0,98.66667,240.0,36.66667,89.0,0.417,6.66667,26.0,0.24033,20.33333,26.66667,0.75633,14.33333,34.0,48.33333,21.0,7.0,6.66667,9.0,20.0,100.33333,0,0.01874,-0.01874,0.38405,0.24444,0.45563,0.48836,0.53544,0.56289,1582.30844,1613.32,0.54523,0.45477,1.85556,2.23063,0.66667,,,,
240.0,36.66667,78.0,0.472,9.33333,28.66667,0.325,18.33333,22.33333,0.82667,7.66667,33.33333,41.0,19.0,8.0,4.33333,12.0,20.33333,101.0,240.0,36.66667,82.33333,0.44467,9.66667,31.33333,0.321,16.0,20.33333,0.78633,9.0,31.66667,40.66667,23.66667,6.33333,5.33333,14.0,19.66667,99.0,0,-0.03907,0.03907,0.27728,0.24383,0.50333,0.53228,0.56887,0.61164,1566.43199,1669.37717,0.6524,0.3476,1.53694,2.90296,0.33333,240.0,35.33333,84.0,0.42333,8.66667,29.66667,0.29067,19.33333,24.66667,0.78367,8.33333,31.33333,39.66667,20.0,7.66667,3.66667,12.0,18.0,98.66667,240.0,42.33333,88.66667,0.47467,12.0,31.33333,0.39167,14.66667,19.0,0.75233,10.33333,37.66667,48.0,28.66667,7.33333,5.66667,14.66667,20.33333,111.33333,0,0.16725,-0.16725,0.33046,0.22407,0.54235,0.47522,0.59932,0.55499,1586.42976,1597.53563,0.5441,0.4559,1.96934,2.35644,0.66667,,,,
273.33333,46.0,102.33333,0.449,10.66667,30.33333,0.349,16.0,20.0,0.781,17.66667,31.66667,49.33333,25.0,7.66667,5.0,11.66667,22.33333,118.66667,273.33333,46.33333,96.66667,0.48867,11.33333,31.33333,0.37733,20.0,24.33333,0.82233,15.33333,33.33333,48.66667,22.0,6.66667,5.66667,11.33333,22.66667,124.0,0,0.067,-0.067,0.46667,0.52235,0.54916,0.50032,0.61895,0.55603,1614.30173,1581.32671,0.46969,0.53031,2.18685,1.93619,0.66667,273.33333,47.0,99.0,0.47867,12.66667,31.33333,0.41367,16.0,21.0,0.731,15.66667,34.33333,50.0,24.33333,7.33333,6.66667,14.33333,23.66667,122.66667,273.33333,45.33333,100.66667,0.45467,12.33333,35.0,0.362,20.33333,26.33333,0.765,16.33333,33.66667,50.0,21.0,8.33333,5.0,12.0,23.0,123.33333,0,0.00593,-0.00593,0.46465,0.45582,0.51766,0.54255,0.58561,0.59662,1643.55285,1581.57787,0.41175,0.58825,2.4287,1.69995,0.66667,,,,
248.33333,43.66667,91.33333,0.479,10.66667,32.0,0.333,21.33333,27.66667,0.765,7.33333,34.0,41.33333,27.66667,6.0,5.66667,9.66667,22.33333,119.33333,248.33333,40.66667,92.66667,0.43933,15.33333,41.33333,0.371,19.33333,26.0,0.74033,15.33333,36.0,51.33333,20.0,5.66667,5.66667,13.33333,24.33333,116.0,1,-0.03966,0.03966,0.46294,0.20418,0.52249,0.53706,0.59017,0.61265,1620.19427,1687.73866,0.58394,0.41606,1.75306,2.55794,0.66667,248.33333,39.66667,93.0,0.427,10.33333,34.66667,0.301,17.66667,23.66667,0.742,9.66667,32.0,41.66667,25.66667,6.66667,4.0,11.33333,21.66667,107.33333,248.33333,40.0,87.66667,0.45533,16.0,43.0,0.37333,16.66667,24.0,0.694,13.0,37.33333,50.33333,18.33333,7.33333,8.0,14.33333,22.66667,112.66667,1,0.07186,-0.07186,0.4171,0.2596,0.54635,0.48237,0.60487,0.54615,1677.75714,1673.76274,0.49735,0.50265,2.01767,1.99572,1.0,,,,
256.66667,41.33333,95.0,0.43967,12.33333,39.33333,0.313,21.0,31.33333,0.67133,10.33333,44.0,54.33333,23.33333,9.0,5.66667,14.33333,27.0,116.0,256.66667,36.33333,91.0,0.40067,14.0,42.0,0.33267,25.0,29.33333,0.84867,7.66667,42.33333,50.0,25.66667,8.0,6.0,15.0,25.66667,111.66667,0,-0.05707,0.05707,0.17405,0.2409,0.47804,0.50585,0.57643,0.57483,1619.33582,1745.10653,0.67127,0.32873,1.49043,3.04789,0.33333,256.66667,33.0,82.0,0.40733,9.66667,31.66667,0.30033,21.33333,27.66667,0.78333,7.66667,39.33333,47.0,19.0,8.0,5.66667,18.0,25.66667,97.0,256.66667,38.0,91.0,0.42067,13.33333,38.33333,0.337,22.33333,26.0,0.86067,10.0,38.66667,48.66667,21.66667,11.0,5.33333,12.33333,23.33333,111.66667,0,0.19902,-0.19902,0.26398,0.189,0.49407,0.46562,0.58053,0.5582,1669.61186,1642.57816,0.47639,0.52361,2.22534,2.0461,1.0,,,,
240.0,35.0,80.0,0.43833,8.66667,31.33333,0.27733,20.33333,26.0,0.78333,8.33333,29.0,37.33333,19.66667,7.33333,3.66667,11.33333,21.66667,99.0,240.0,39.0,85.0,0.45833,10.66667,29.66667,0.36933,19.33333,24.66667,0.78633,12.0,34.66667,46.66667,26.0,5.66667,5.66667,14.33333,20.66667,108.0,0,0.12134,-0.12134,0.42921,0.24074,0.5213,0.49261,0.59701,0.57843,1590.54869,1668.14654,0.63608,0.36392,1.57398,2.75757,0.66667,240.0,36.66667,88.66667,0.41567,10.0,32.66667,0.31833,18.33333,23.0,0.75967,7.33333,41.33333,48.66667,21.0,5.33333,5.0,12.33333,20.66667,101.66667,240.0,37.33333,90.66667,0.411,16.0,44.33333,0.35933,19.0,25.66667,0.73467,9.33333,42.0,51.33333,22.66667,6.33333,4.33333,11.33333,19.33333,109.66667,0,0.10159,-0.10159,0.23282,0.16825,0.4995,0.47263,0.56865,0.54615,1735.36856,1601.70516,0.31573,0.68427,3.18368,1.46312,0.66667,,,,
240.0,32.66667,81.33333,0.402,9.0,30.33333,0.29333,18.33333,22.33333,0.81333,9.0,36.66667,45.66667,21.33333,5.0,4.0,17.33333,21.66667,92.66667,240.0,38.0,84.0,0.45667,11.66667,34.66667,0.33433,19.66667,24.0,0.818,5.66667,33.66667,39.33333,21.0,8.33333,4.0,9.66667,21.33333,107.33333,0,0.19874,-0.19874,0.15029,0.27144,0.5263,0.45709,0.60427,0.53869,1684.55945,1574.13578,0.36149,0.63851,2.77669,1.5681,0.66667,240.0,32.66667,81.33333,0.402,9.0,30.33333,0.29333,18.33333,22.33333,0.81333,9.0,36.66667,45.66667,21.33333,5.0,4.0,17.33333,21.66667,92.66667,240.0,38.0,84.0,0.45667,11.66667,34.66667,0.33433,19.66667,24.0,0.818,5.66667,33.66667,39.33333,21.0,8.33333,4.0,9.66667,21.33333,107.33333,0,0.19874,-0.19874,0.15029,0.27144,0.5263,0.45709,0.60427,0.53869,1684.55945,1574.13578,0.36149,0.63851,2.77669,1.5681,0.66667,,,,
240.0,37.66667,87.33333,0.43667,10.0,31.66667,0.31967,17.33333,25.66667,0.69133,9.66667,34.0,43.66667,19.0,5.33333,5.66667,11.33333,23.0,102.66667,240.0,39.66667,89.66667,0.44733,8.66667,27.33333,0.318,23.66667,29.33333,0.79633,13.33333,38.0,51.33333,22.66667,7.33333,5.33333,9.33333,21.0,111.66667,1,0.11004,-0.11004,0.37446,0.26111,0.49704,0.49448,0.58771,0.55871,1588.58026,1636.2993,0.58586,0.41414,1.70702,2.41496,0.66667,240.0,37.66667,87.33333,0.43667,10.0,31.66667,0.31967,17.33333,25.66667,0.69133,9.66667,34.0,43.66667,19.0,5.33333,5.66667,11.33333,23.0,102.66667,240.0,39.66667,89.66667,0.44733,8.66667,27.33333,0.318,23.66667,29.33333,0.79633,13.33333,38.0,51.33333,22.66667,7.33333,5.33333,9.33333,21.0,111.66667,1,0.11004,-0.11004,0.37446,0.26111,0.49704,0.49448,0.58771,0.55871,1588.58026,1636.2993,0.58586,0.41414,1.70702,2.41496,0.66667,,,,
248.33333,42.0,90.0,0.46767,12.66667,34.66667,0.36233,19.0,25.0,0.75733,8.33333,29.33333,37.66667,25.33333,7.0,5.0,12.0,20.66667,115.66667,248.33333,42.0,90.33333,0.46467,17.33333,43.66667,0.40167,15.66667,22.33333,0.702,14.0,34.33333,48.33333,19.66667,6.33333,4.33333,13.66667,23.0,117.0,1,0.01614,-0.01614,0.48619,0.25252,0.56059,0.53838,0.61379,0.60665,1676.60856,1688.88724,0.51766,0.48234,1.93176,2.07324,0.66667,273.33333,42.33333,99.0,0.42433,12.66667,33.0,0.39067,23.0,26.66667,0.84367,19.0,32.66667,51.66667,23.66667,8.33333,5.0,11.33333,24.0,120.33333,273.33333,44.0,98.33333,0.452,13.0,34.33333,0.39,22.66667,28.66667,0.792,15.66667,33.66667,49.33333,19.66667,7.0,5.0,12.0,23.66667,123.66667,1,0.04019,-0.04019,0.46429,0.55999,0.52049,0.48829,0.59846,0.57546,1639.59299,1585.28657,0.42913,0.57087,2.33705,1.75478,0.66667,,,,
240.0,36.66667,92.0,0.4,7.66667,30.66667,0.24467,17.33333,24.66667,0.722,10.66667,38.0,48.66667,17.66667,5.0,6.33333,6.66667,25.33333,98.33333,240.0,37.0,92.33333,0.40233,5.33333,24.0,0.215,24.0,32.0,0.74533,15.33333,41.66667,57.0,20.33333,3.66667,6.0,7.0,21.33333,103.33333,0,0.05751,-0.05751,0.39997,0.25526,0.43097,0.44165,0.52204,0.50657,1591.16156,1633.718,0.57471,0.42529,1.74085,2.35343,0.33333,240.0,33.33333,76.66667,0.435,14.33333,42.66667,0.33867,21.66667,26.0,0.83433,7.0,28.33333,35.33333,16.66667,9.66667,2.66667,15.33333,20.66667,102.66667,240.0,39.66667,83.66667,0.476,10.33333,31.66667,0.325,18.0,23.0,0.77767,12.66667,29.0,41.66667,25.33333,7.66667,3.0,15.66667,22.0,107.66667,0,0.06832,-0.06832,0.43852,0.24568,0.53687,0.52837,0.60807,0.62333,1687.73866,1677.75714,0.48894,0.51106,2.04541,1.9569,1.0,,,,
256.66667,39.66667,94.0,0.42533,11.0,38.66667,0.28267,18.66667,28.0,0.667,10.33333,42.66667,53.0,25.66667,9.0,5.66667,13.33333,25.66667,109.0,256.66667,38.33333,93.0,0.41367,13.33333,42.33333,0.313,23.0,27.66667,0.83233,9.0,41.0,50.0,28.33333,8.0,6.66667,13.0,24.33333,113.0,0,0.04926,-0.04926,0.22101,0.24813,0.485,0.48414,0.57202,0.54768,1645.29468,1746.5163,0.65799,0.34201,1.52106,2.93344,0.66667,256.66667,34.33333,82.33333,0.42233,11.33333,35.33333,0.32167,21.33333,29.66667,0.718,8.33333,39.66667,48.0,22.66667,8.66667,6.33333,15.66667,24.33333,101.33333,256.66667,38.33333,92.66667,0.415,12.66667,38.66667,0.31733,20.66667,24.0,0.864,11.33333,38.0,49.33333,25.0,10.0,6.33333,12.66667,25.0,110.0,0,0.11382,-0.11382,0.30249,0.21133,0.48285,0.49081,0.56232,0.57866,1669.62286,1696.06196,0.55862,0.44138,1.89707,2.42066,1.0,,,,
240.0,34.66667,83.0,0.421,11.33333,36.33333,0.31,20.0,25.0,0.80567,8.33333,32.66667,41.0,20.33333,8.0,3.66667,12.33333,23.0,100.66667,240.0,37.0,88.0,0.42033,11.0,36.66667,0.30767,20.33333,26.0,0.78033,14.0,37.66667,51.66667,23.33333,7.0,6.66667,14.0,20.33333,105.33333,0,0.06231,-0.06231,0.44967,0.22593,0.48315,0.48835,0.56186,0.57152,1644.22308,1667.96695,0.54479,0.45521,1.9311,2.31872,0.66667,240.0,32.33333,90.33333,0.359,10.66667,36.33333,0.29767,22.33333,27.0,0.83467,9.0,38.0,47.0,18.33333,7.0,2.66667,13.0,20.66667,97.66667,240.0,39.33333,92.0,0.42767,15.33333,46.0,0.33167,21.66667,26.66667,0.81033,12.0,44.66667,56.66667,23.33333,7.33333,7.33333,12.33333,21.0,115.66667,0,0.24377,-0.24377,0.31579,0.20048,0.51138,0.41801,0.59147,0.50874,1745.12083,1619.32152,0.34633,0.65367,2.91556,1.53393,1.0,,,,
240.0,41.66667,86.33333,0.483,10.66667,32.33333,0.32367,18.0,23.0,0.783,8.33333,34.0,42.33333,25.33333,8.0,4.66667,13.66667,21.33333,112.0,240.0,38.33333,87.66667,0.43667,15.0,41.33333,0.36333,16.33333,24.66667,0.67333,11.66667,32.0,43.66667,20.33333,8.0,3.33333,13.0,22.66667,108.0,1,-0.054,0.054,0.36317,0.26639,0.52194,0.54502,0.57991,0.61358,1655.77611,1695.00581,0.55021,0.44979,1.82957,2.24865,0.33333,240.0,38.0,87.33333,0.43567,10.33333,27.66667,0.37433,25.0,27.66667,0.90033,13.33333,32.66667,46.0,23.33333,7.66667,4.0,9.0,23.0,111.33333,240.0,38.0,85.33333,0.44567,12.66667,32.0,0.39933,21.33333,30.33333,0.70833,11.0,31.33333,42.33333,19.33333,5.66667,4.33333,11.33333,23.33333,110.0,1,-0.0209,0.0209,0.35317,0.42473,0.51948,0.49459,0.59804,0.59628,1629.91138,1627.12638,0.49673,0.50327,2.0707,2.0539,0.33333,,,,
240.0,34.66667,91.33333,0.379,7.0,30.33333,0.22467,21.0,28.33333,0.74567,13.66667,35.0,48.66667,18.66667,5.0,6.0,10.33333,23.33333,97.33333,240.0,39.66667,87.66667,0.45333,9.0,25.33333,0.31767,23.66667,29.33333,0.818,11.33333,40.33333,51.66667,23.66667,6.0,7.0,8.66667,23.0,112.0,0,0.19466,-0.19466,0.32658,0.36064,0.50552,0.41736,0.59722,0.50016,1631.0779,1625.95987,0.52147,0.47853,1.95998,2.13541,0.66667,240.0,33.0,79.66667,0.41567,12.0,36.33333,0.32267,22.66667,26.66667,0.84867,11.33333,31.0,42.33333,19.0,6.66667,3.33333,17.66667,19.0,100.66667,240.0,41.0,86.66667,0.47367,13.66667,35.33333,0.39067,16.0,20.0,0.796,13.66667,29.33333,43.0,27.33333,9.66667,4.66667,13.66667,22.0,111.66667,0,0.15059,-0.15059,0.44086,0.38439,0.55282,0.49174,0.61371,0.5904,1693.08235,1657.69957,0.4647,0.5353,2.16282,1.87464,1.0,,,,
240.0,35.33333,86.66667,0.409,11.33333,36.66667,0.30667,19.33333,24.66667,0.78967,7.66667,32.33333,40.0,20.33333,7.0,4.66667,12.33333,25.0,101.33333,240.0,40.33333,91.33333,0.442,11.33333,37.66667,0.308,23.0,29.33333,0.788,14.0,41.0,55.0,25.0,6.33333,6.0,12.33333,21.33333,115.0,1,0.17982,-0.17982,0.45276,0.19021,0.50396,0.47383,0.58796,0.55112,1701.69248,1663.99234,0.46867,0.53133,2.26108,2.00586,1.0,240.0,33.33333,90.66667,0.369,10.66667,37.66667,0.283,20.66667,26.33333,0.79167,8.66667,36.66667,45.33333,18.33333,6.33333,3.66667,13.0,23.0,98.0,240.0,40.66667,93.0,0.43733,13.0,44.0,0.29533,22.0,28.0,0.78933,12.0,44.33333,56.33333,25.0,7.33333,7.33333,11.0,21.66667,116.33333,1,0.24683,-0.24683,0.32714,0.19383,0.50721,0.42777,0.58649,0.50942,1755.18728,1636.6237,0.35681,0.64319,2.83629,1.55982,1.0,,,,
248.33333,43.0,89.33333,0.48233,12.0,34.33333,0.34567,17.66667,21.66667,0.814,10.66667,36.0,46.66667,27.33333,9.33333,5.66667,15.0,20.0,115.66667,248.33333,41.0,90.66667,0.45067,14.66667,38.33333,0.38,13.0,20.0,0.67067,9.33333,30.33333,39.66667,24.66667,7.66667,3.33333,12.66667,20.0,109.66667,0,-0.07964,0.07964,0.28815,0.35057,0.53112,0.54973,0.57653,0.61645,1634.94366,1701.12439,0.58796,0.41204,1.71399,2.46069,0.0,256.66667,35.0,85.66667,0.412,12.33333,37.66667,0.32833,20.33333,30.0,0.677,10.66667,37.66667,48.33333,23.66667,9.66667,6.33333,14.33333,24.66667,102.66667,256.66667,39.0,87.66667,0.44967,14.33333,37.66667,0.38767,20.33333,25.0,0.808,8.0,37.66667,45.66667,26.66667,9.0,6.33333,12.66667,25.66667,112.66667,0,0.13301,-0.13301,0.22101,0.28583,0.53159,0.48414,0.60916,0.56064,1675.54234,1743.63727,0.62156,0.37844,1.61363,2.66195,1.0,,,,
240.0,34.0,87.66667,0.388,14.33333,39.0,0.363,20.33333,25.33333,0.80533,8.0,35.66667,43.66667,18.33333,6.0,4.66667,10.33333,22.33333,102.66667,240.0,39.33333,89.66667,0.439,11.33333,38.66667,0.29667,20.66667,26.66667,0.77233,11.33333,44.0,55.33333,24.66667,5.33333,5.66667,10.0,21.33333,110.66667,1,0.10181,-0.10181,0.31561,0.18095,0.50231,0.47001,0.57847,0.55117,1750.60951,1668.5701,0.39328,0.60672,2.54614,1.64918,0.66667,240.0,33.66667,82.66667,0.407,12.33333,36.0,0.335,21.66667,24.33333,0.89667,11.33333,29.66667,41.0,21.0,7.66667,3.0,16.33333,19.33333,101.33333,240.0,41.0,83.66667,0.49033,13.0,33.0,0.392,16.33333,21.0,0.77767,11.66667,33.0,44.66667,29.33333,7.66667,6.0,15.0,21.33333,111.33333,1,0.13765,-0.13765,0.39546,0.34865,0.56785,0.48127,0.6307,0.57585,1697.27746,1638.79059,0.42885,0.57115,2.35215,1.75988,1.0,,,,
240.0,42.66667,89.33333,0.48,15.0,39.0,0.384,28.66667,34.0,0.84167,12.66667,38.66667,51.33333,24.66667,5.0,3.33333,16.0,22.66667,129.0,240.0,42.33333,93.33333,0.45067,13.33333,39.66667,0.33133,22.33333,26.66667,0.834,8.66667,32.33333,41.0,23.33333,7.0,4.0,11.0,24.33333,120.33333,1,-0.11226,0.11226,0.22443,0.39187,0.52084,0.56355,0.60392,0.66834,1499.94594,1520.73316,0.50878,0.49122,1.9676,2.03819,0.33333,248.33333,42.0,98.66667,0.426,12.66667,36.0,0.34633,22.0,29.0,0.74667,15.33333,37.0,52.33333,24.33333,7.0,4.0,16.33333,20.0,118.66667,248.33333,45.66667,97.33333,0.469,16.0,39.33333,0.40833,19.66667,24.0,0.826,11.66667,37.33333,49.0,27.33333,10.0,5.33333,15.0,22.0,127.0,1,0.10441,-0.10441,0.31687,0.42542,0.55101,0.48983,0.61871,0.56403,1524.56853,1498.55651,0.47707,0.52293,2.10385,1.91771,0.66667,2.30667,1.74667,2.8,1.59667
240.0,39.0,87.33333,0.448,13.66667,36.0,0.38167,18.66667,23.0,0.80733,11.33333,34.33333,45.66667,31.33333,8.33333,5.0,17.0,23.33333,110.33333,240.0,42.33333,87.0,0.49,13.0,36.33333,0.36233,17.0,26.66667,0.64533,11.33333,35.0,46.33333,31.0,9.0,6.0,15.0,18.0,114.66667,1,0.05082,-0.05082,0.32344,0.34169,0.56603,0.52636,0.62274,0.59825,1518.93499,1496.83252,0.47353,0.52647,2.11432,1.90131,0.66667,240.0,41.33333,91.33333,0.45433,9.0,30.33333,0.297,18.0,22.0,0.81333,14.33333,32.0,46.33333,23.0,8.66667,4.0,12.66667,22.33333,109.66667,240.0,38.33333,84.66667,0.45333,13.66667,35.0,0.381,18.66667,24.66667,0.728,11.0,33.33333,44.33333,25.33333,6.0,4.66667,15.0,21.0,109.0,1,-0.01645,0.01645,0.34535,0.42689,0.53449,0.50273,0.60519,0.57063,1535.30446,1490.85991,0.43944,0.56056,2.27843,1.78523,0.33333,4.3,1.25667,3.83333,1.31667
240.0,39.66667,80.66667,0.492,8.66667,25.33333,0.35267,17.33333,25.0,0.66,8.33333,34.0,42.33333,20.66667,11.66667,7.0,17.0,17.66667,105.33333,240.0,41.33333,86.66667,0.47733,10.0,31.0,0.319,12.33333,17.0,0.732,8.0,32.33333,40.33333,22.66667,9.66667,4.66667,16.33333,20.33333,105.0,1,-0.00145,0.00145,0.22955,0.25878,0.53535,0.54587,0.58169,0.61101,1507.05708,1490.64487,0.47649,0.52351,2.11242,1.92174,0.66667,256.66667,41.66667,86.0,0.485,11.66667,31.33333,0.37167,17.33333,26.66667,0.61833,6.0,39.0,45.0,23.33333,11.0,7.66667,18.66667,24.0,112.33333,256.66667,37.0,92.66667,0.399,13.33333,38.0,0.35033,19.66667,27.0,0.72067,12.66667,37.33333,50.0,21.0,8.66667,4.33333,18.66667,20.66667,107.0,1,-0.06315,0.06315,0.33201,0.16044,0.47082,0.55356,0.54155,0.61246,1481.77781,1495.33552,0.50874,0.49126,1.96968,2.03985,0.33333,1.65333,2.70667,1.59,2.83667
240.0,46.33333,95.66667,0.488,14.66667,34.33333,0.427,22.33333,30.0,0.74667,10.0,32.33333,42.33333,29.66667,9.0,2.66667,12.0,22.66667,129.66667,240.0,44.0,83.33333,0.52933,15.0,32.33333,0.47333,21.0,28.33333,0.72367,6.33333,36.66667,43.0,25.0,7.66667,6.0,18.66667,22.33333,124.0,0,-0.07129,0.07129,0.1824,0.27005,0.61993,0.56557,0.69393,0.6382,1506.4829,1497.02733,0.47231,0.52769,2.12542,1.90083,0.33333,240.0,42.33333,86.33333,0.49333,12.66667,32.33333,0.39667,19.66667,24.66667,0.79733,11.33333,35.66667,47.0,22.0,5.66667,6.33333,17.66667,18.33333,117.0,240.0,44.66667,96.66667,0.46367,14.0,35.33333,0.38533,11.0,14.66667,0.756,13.33333,28.66667,42.0,24.33333,10.33333,7.33333,12.33333,21.66667,114.33333,0,-0.04166,0.04166,0.38155,0.39275,0.53637,0.56851,0.57478,0.6432,1495.42913,1499.94828,0.50711,0.49289,1.97274,2.02975,0.66667,2.93667,1.53,2.22333,2.1
240.0,38.0,79.66667,0.47833,15.33333,35.66667,0.44367,21.0,25.66667,0.82367,6.33333,37.33333,43.66667,23.33333,5.0,6.33333,18.0,17.33333,112.33333,240.0,41.66667,97.33333,0.42833,10.33333,31.0,0.332,11.66667,16.66667,0.70967,15.0,33.33333,48.33333,29.0,9.33333,4.66667,13.0,23.33333,105.33333,1,-0.09368,0.09368,0.40967,0.20161,0.48129,0.57473,0.5217,0.65974,1484.89403,1532.0517,0.55369,0.44631,1.81105,2.25048,0.66667,240.0,41.0,87.33333,0.471,13.33333,37.66667,0.357,9.66667,14.66667,0.654,9.66667,39.33333,49.0,19.66667,6.0,6.66667,12.33333,19.66667,105.0,240.0,37.0,85.66667,0.43433,7.66667,23.33333,0.32767,15.0,21.33333,0.699,10.0,34.33333,44.33333,20.0,7.33333,4.33333,10.66667,17.0,96.66667,1,-0.12538,0.12538,0.26267,0.28182,0.47908,0.54716,0.53905,0.58143,1481.007,1499.29214,0.51295,0.48705,1.95852,2.06278,0.33333,1.59,3.22,1.69,2.72333
240.0,42.0,88.66667,0.475,14.66667,37.66667,0.392,16.0,20.66667,0.74267,11.33333,29.33333,40.66667,31.0,10.33333,5.0,16.66667,21.0,114.66667,240.0,42.33333,84.33333,0.505,14.0,35.66667,0.40333,17.0,25.66667,0.678,10.0,34.66667,44.66667,31.0,10.66667,5.33333,17.66667,18.33333,115.66667,0,0.00467,-0.00467,0.34267,0.34332,0.58839,0.55793,0.64684,0.61659,1505.99732,1501.46519,0.48908,0.51092,2.04572,1.9582,0.66667,240.0,36.33333,89.0,0.40933,14.33333,35.66667,0.41,17.0,21.0,0.81267,9.66667,32.66667,42.33333,27.66667,11.33333,5.33333,16.66667,24.0,104.0,240.0,40.0,83.33333,0.48233,10.66667,31.33333,0.33367,22.66667,29.0,0.77433,8.66667,40.0,48.66667,26.0,10.33333,8.33333,18.33333,19.0,113.33333,0,0.12158,-0.12158,0.26606,0.24193,0.54734,0.48966,0.63499,0.55556,1512.71865,1493.93455,0.48641,0.51359,2.05687,1.94795,1.0,3.57,1.56,3.51667,1.44333
240.0,42.66667,93.66667,0.45467,15.66667,40.33333,0.38733,24.66667,29.0,0.85133,13.33333,38.66667,52.0,24.66667,5.66667,3.33333,12.0,19.66667,125.66667,240.0,42.0,93.0,0.44833,13.0,40.33333,0.318,20.66667,25.0,0.82367,9.33333,34.33333,43.66667,23.0,5.66667,5.0,11.0,22.33333,117.66667,0,-0.11032,0.11032,0.24197,0.39515,0.51681,0.53801,0.59357,0.62684,1509.67022,1529.18797,0.50678,0.49322,1.9757,2.03029,0.33333,240.0,39.33333,86.66667,0.45333,13.66667,40.66667,0.333,14.66667,19.66667,0.75733,8.33333,41.0,49.33333,27.33333,8.0,6.0,16.66667,18.66667,107.0,240.0,38.33333,91.66667,0.41767,10.66667,32.33333,0.33,14.66667,23.33333,0.62667,12.0,35.0,47.0,28.33333,9.33333,5.0,14.33333,20.66667,102.0,0,-0.07166,0.07166,0.29235,0.24368,0.47568,0.53247,0.52643,0.58808,1498.76928,1502.74336,0.49772,0.50228,2.02513,2.0058,0.33333,2.75,1.51333,2.00667,2.91667
240.0,40.0,85.0,0.47067,12.0,36.66667,0.33,21.66667,26.33333,0.822,6.66667,33.33333,40.0,20.66667,9.66667,1.66667,8.66667,19.66667,113.66667,240.0,38.33333,82.0,0.461,11.33333,34.0,0.325,17.66667,23.66667,0.754,9.33333,36.33333,45.66667,22.33333,6.0,4.33333,15.33333,22.66667,105.66667,0,-0.14861,0.14861,0.33548,0.19368,0.52796,0.54116,0.5982,0.62579,1502.15063,1495.27382,0.48919,0.51081,2.04734,1.96032,0.66667,240.0,45.66667,92.33333,0.50033,13.66667,36.0,0.37633,21.0,26.0,0.78667,9.0,36.33333,45.33333,27.66667,12.66667,3.66667,16.33333,26.0,126.0,240.0,38.0,88.0,0.43333,13.66667,38.33333,0.35133,23.0,28.0,0.82633,9.33333,34.66667,44.0,23.33333,7.0,5.33333,19.66667,19.66667,112.66667,0,-0.16762,0.16762,0.25378,0.27002,0.51059,0.5743,0.59897,0.64803,1475.6467,1502.39238,0.51062,0.48938,1.96013,2.04548,0.0,2.55,1.61,1.6,2.51667
256.66667,41.0,90.66667,0.45133,10.66667,27.33333,0.39867,15.0,23.66667,0.64667,11.0,35.66667,46.66667,23.33333,9.33333,4.0,17.0,22.33333,107.66667,256.66667,39.0,90.0,0.43433,14.33333,37.33333,0.38567,17.33333,25.0,0.679,11.33333,38.33333,49.66667,24.66667,10.0,3.66667,18.66667,20.66667,109.66667,0,0.0277,-0.0277,0.3308,0.30592,0.51366,0.51031,0.57381,0.55995,1521.95942,1504.77441,0.48635,0.51365,2.06352,1.9528,0.33333,240.0,41.33333,86.66667,0.47733,11.66667,31.33333,0.374,16.0,18.33333,0.87133,6.66667,43.0,49.66667,23.33333,7.66667,5.66667,15.33333,20.33333,110.33333,240.0,38.33333,97.0,0.398,9.0,31.33333,0.29,15.66667,21.0,0.76267,12.0,36.0,48.0,20.33333,8.0,3.0,11.33333,17.33333,101.33333,0,-0.12708,0.12708,0.28147,0.18918,0.44499,0.54386,0.50213,0.60821,1503.68031,1499.79215,0.47914,0.52086,2.08956,1.92185,0.33333,2.87,1.54333,1.88333,2.27333
248.33333,41.66667,93.66667,0.44567,11.0,33.66667,0.32567,16.0,21.33333,0.75967,13.33333,36.66667,50.0,26.66667,9.33333,4.33333,18.66667,16.0,110.33333,248.33333,41.66667,92.33333,0.45167,13.0,37.33333,0.34433,13.66667,17.33333,0.802,11.0,33.66667,44.66667,26.0,13.0,7.0,17.0,18.66667,110.0,1,-0.01449,0.01449,0.30022,0.39414,0.52189,0.50455,0.57259,0.5615,1511.10028,1478.28478,0.45932,0.54068,2.18529,1.85492,0.33333,240.0,37.33333,82.66667,0.44933,14.0,35.33333,0.416,12.33333,19.33333,0.62633,10.0,32.0,42.0,25.33333,9.33333,5.0,20.33333,19.0,101.0,240.0,42.0,88.66667,0.47333,10.0,28.33333,0.359,14.33333,19.33333,0.74833,11.66667,34.33333,46.0,29.0,12.66667,6.33333,15.66667,20.33333,108.33333,1,0.09015,-0.09015,0.37099,0.30602,0.52984,0.53385,0.5831,0.57986,1514.81997,1499.12133,0.49202,0.50798,2.03722,1.97272,0.66667,2.61667,1.65333,1.84333,2.27333
248.33333,45.33333,86.33333,0.52933,16.33333,35.0,0.46233,15.33333,18.66667,0.84367,7.0,38.0,45.0,27.66667,7.0,4.33333,19.33333,22.33333,122.33333,248.33333,44.66667,92.66667,0.484,15.66667,37.33333,0.42433,19.66667,25.33333,0.773,9.66667,30.66667,40.33333,25.0,9.33333,5.0,12.0,19.0,124.66667,1,0.02715,-0.02715,0.2681,0.21831,0.56888,0.62521,0.63845,0.68178,1504.92063,1469.1318,0.449,0.551,2.24632,1.82608,1.0,240.0,36.66667,83.66667,0.437,9.33333,32.66667,0.28233,17.0,22.66667,0.75233,9.0,35.66667,44.66667,22.33333,9.0,3.33333,15.33333,22.66667,99.66667,240.0,35.0,81.33333,0.43167,14.66667,39.66667,0.37,16.66667,24.66667,0.69767,7.66667,36.33333,44.0,22.33333,8.0,5.66667,15.66667,19.33333,101.33333,1,0.03449,-0.03449,0.21168,0.2786,0.5224,0.49284,0.58667,0.56165,1494.55617,1500.12824,0.50828,0.49172,1.96826,2.03458,0.66667,4.59,1.48,3.02333,1.53667
240.0,44.66667,87.66667,0.51067,14.0,35.33333,0.393,14.66667,18.66667,0.79367,11.66667,30.66667,42.33333,29.66667,8.0,5.33333,17.0,13.66667,118.0,240.0,44.33333,94.0,0.47467,12.33333,33.0,0.374,11.33333,16.0,0.687,13.66667,26.66667,40.33333,28.66667,9.33333,4.0,13.33333,18.0,112.33333,1,-0.0749,0.0749,0.44722,0.4324,0.5406,0.59006,0.57919,0.64376,1491.73201,1499.5656,0.50428,0.49572,1.99631,2.03006,0.33333,240.0,39.66667,91.0,0.43633,10.66667,38.66667,0.27533,13.66667,20.33333,0.64533,12.66667,36.66667,49.33333,20.0,4.66667,7.0,12.0,18.33333,103.66667,240.0,41.66667,89.33333,0.47067,11.0,25.33333,0.43,16.0,22.0,0.71733,10.0,37.66667,47.66667,22.66667,7.66667,5.33333,10.33333,19.66667,110.33333,1,0.07401,-0.07401,0.28524,0.3357,0.53318,0.49497,0.59072,0.54297,1489.51278,1491.56118,0.51883,0.48117,1.9386,2.09098,0.66667,1.42667,4.63667,1.56667,4.59
240.0,42.66667,92.0,0.465,14.0,37.33333,0.38833,9.0,11.33333,0.79267,7.66667,34.0,41.66667,28.33333,6.33333,4.66667,11.66667,20.0,108.33333,240.0,36.66667,82.0,0.448,9.0,26.66667,0.335,18.0,25.66667,0.70033,9.33333,37.66667,47.0,19.0,5.66667,5.33333,15.33333,20.0,100.33333,1,-0.11026,0.11026,0.28704,0.20167,0.50338,0.54254,0.57349,0.57566,1497.60314,1517.17771,0.50688,0.49312,1.97358,2.02869,0.33333,248.33333,41.66667,87.33333,0.48267,15.0,36.0,0.411,20.33333,26.0,0.782,10.66667,32.66667,43.33333,28.0,7.33333,4.66667,15.66667,28.66667,118.66667,248.33333,43.33333,88.66667,0.48867,11.0,32.0,0.34467,20.33333,29.0,0.71267,10.33333,33.0,43.33333,28.0,7.0,6.33333,14.0,21.0,118.0,1,-0.00922,0.00922,0.31865,0.34368,0.55143,0.57305,0.62161,0.64745,1497.60378,1501.08807,0.50524,0.49476,1.97941,2.02134,0.33333,1.91333,2.13,2.82333,1.7
240.0,43.66667,96.33333,0.454,12.66667,38.66667,0.32367,12.0,14.66667,0.75,10.0,31.0,41.0,26.66667,7.0,3.66667,9.33333,20.66667,112.0,240.0,42.33333,85.0,0.49867,15.0,39.0,0.38533,21.66667,25.33333,0.84833,9.0,38.33333,47.33333,29.0,5.66667,5.33333,14.33333,18.66667,121.33333,0,0.11654,-0.11654,0.28746,0.26559,0.58763,0.51916,0.67142,0.56174,1519.34934,1483.30852,0.46486,0.53514,2.15733,1.87297,1.0,240.0,38.33333,94.66667,0.40633,11.0,37.0,0.29267,15.66667,19.0,0.84667,7.33333,31.33333,38.66667,19.66667,8.0,5.66667,13.0,20.0,103.33333,240.0,47.0,86.66667,0.542,18.66667,38.33333,0.48567,17.0,24.0,0.724,7.66667,43.33333,51.0,28.0,9.33333,4.66667,17.66667,18.0,129.66667,0,0.33059,-0.33059,0.25074,0.16693,0.64967,0.46357,0.70489,0.5234,1519.48428,1467.68728,0.45885,0.54115,2.18169,1.84936,1.0,6.63333,1.23,9.0,1.09333
240.0,38.0,80.66667,0.47467,16.33333,33.33333,0.49333,18.66667,22.33333,0.83233,9.66667,29.66667,39.33333,25.0,6.66667,4.66667,12.0,23.33333,111.0,240.0,38.33333,81.66667,0.47033,12.0,37.0,0.322,18.33333,24.33333,0.73533,10.0,29.33333,39.33333,25.33333,4.66667,2.33333,13.0,20.66667,107.0,1,-0.0486,0.0486,0.33519,0.33838,0.54321,0.57716,0.61656,0.6531,1513.52641,1517.07578,0.5015,0.4985,1.99698,2.00895,0.33333,240.0,38.33333,93.33333,0.41033,14.66667,40.33333,0.359,25.66667,34.0,0.75767,10.33333,37.33333,47.66667,19.66667,7.66667,3.66667,12.0,24.66667,117.0,240.0,43.66667,88.0,0.49167,14.33333,37.33333,0.37233,22.33333,27.0,0.83367,5.66667,42.66667,48.33333,27.66667,4.0,7.33333,13.66667,26.66667,124.0,1,0.06987,-0.06987,0.1786,0.24176,0.57057,0.48887,0.65664,0.58029,1473.95954,1481.80582,0.5196,0.4804,1.92701,2.08456,0.66667,1.63667,2.36667,1.66667,2.35
248.33333,41.0,84.66667,0.48367,11.66667,34.66667,0.33033,21.0,27.0,0.776,6.66667,33.0,39.66667,23.66667,6.66667,6.66667,15.66667,23.0,114.66667,248.33333,45.0,92.66667,0.48733,14.0,33.0,0.42167,18.0,27.0,0.67433,9.66667,35.33333,45.0,26.33333,9.33333,7.0,12.0,19.66667,122.0,1,0.09131,-0.09131,0.29432,0.19245,0.56186,0.55261,0.61962,0.63211,1508.21851,1492.4802,0.48774,0.51226,2.06529,1.96373,1.0,240.0,45.33333,90.66667,0.506,16.33333,33.33333,0.49133,13.0,18.33333,0.714,10.66667,43.33333,54.0,27.0,5.33333,7.0,16.33333,20.66667,120.0,240.0,40.0,92.33333,0.43433,9.66667,25.66667,0.37167,16.66667,23.33333,0.715,9.66667,33.33333,43.0,23.66667,8.0,5.33333,10.0,18.0,106.33333,1,-0.17109,0.17109,0.21905,0.31384,0.48829,0.59671,0.54867,0.63975,1493.39489,1529.50612,0.52817,0.47183,1.89399,2.12037,0.0,3.16667,1.45,1.35333,3.43333
240.0,44.66667,92.0,0.48333,9.0,26.0,0.34433,24.33333,27.66667,0.86,11.33333,37.0,48.33333,23.33333,8.66667,1.66667,11.33333,19.33333,122.66667,240.0,45.33333,93.0,0.48767,10.66667,34.33333,0.30833,12.0,20.0,0.636,10.0,35.66667,45.66667,25.0,4.66667,4.66667,15.66667,23.0,113.33333,0,-0.11445,0.11445,0.27975,0.3178,0.54529,0.53276,0.58189,0.62556,1489.27511,1515.43509,0.52053,0.47947,1.92166,2.0863,0.0,240.0,39.66667,89.33333,0.44467,12.0,33.33333,0.35467,17.33333,21.66667,0.80467,12.66667,35.0,47.66667,19.33333,6.66667,4.0,14.66667,24.33333,108.66667,240.0,37.0,81.33333,0.45233,12.33333,39.0,0.31767,21.66667,28.0,0.76833,7.66667,35.0,42.66667,19.33333,8.33333,6.66667,14.33333,18.33333,108.0,0,-0.00752,0.00752,0.22504,0.36349,0.52819,0.5127,0.61602,0.57938,1492.10066,1491.73308,0.49542,0.50458,2.01895,1.98228,0.66667,1.75667,2.32333,2.35667,1.72333
248.33333,48.0,94.33333,0.50933,13.66667,36.66667,0.367,12.0,16.66667,0.719,8.0,34.66667,42.66667,30.66667,13.0,5.0,14.0,24.66667,121.66667,248.33333,41.66667,92.0,0.45667,13.33333,32.66667,0.404,19.66667,24.0,0.81833,12.0,35.33333,47.33333,26.0,6.0,6.66667,18.66667,17.66667,116.33333,1,-0.06819,0.06819,0.3389,0.23788,0.53018,0.5817,0.60265,0.62094,1472.56383,1531.28496,0.57003,0.42997,1.76293,2.34813,0.33333,240.0,38.33333,86.66667,0.444,12.66667,34.33333,0.37267,16.66667,20.0,0.82733,11.66667,32.66667,44.33333,20.66667,6.66667,6.0,15.66667,21.33333,106.0,240.0,39.0,87.0,0.45,13.66667,39.0,0.346,15.66667,18.66667,0.839,9.66667,31.66667,41.33333,26.66667,8.33333,5.0,14.33333,19.33333,107.33333,1,0.01608,-0.01608,0.29947,0.3742,0.52942,0.51752,0.59143,0.58545,1489.56134,1515.41146,0.54204,0.45796,1.84621,2.18569,0.66667,1.68667,2.43333,1.51667,2.73333
240.0,42.66667,90.66667,0.476,13.33333,31.33333,0.435,14.0,18.33333,0.76667,11.66667,39.66667,51.33333,25.33333,7.0,5.0,13.33333,19.66667,112.66667,240.0,38.33333,89.0,0.43167,10.66667,30.33333,0.35733,14.0,19.0,0.76867,9.66667,35.0,44.66667,23.66667,5.66667,5.0,11.33333,18.66667,101.33333,1,-0.15313,0.15313,0.24795,0.32817,0.49171,0.54989,0.54485,0.6004,1489.99335,1533.98172,0.54702,0.45298,1.83128,2.21334,0.0,240.0,42.33333,91.0,0.46433,11.66667,32.0,0.368,24.0,28.66667,0.82233,11.0,39.33333,50.33333,25.0,7.0,6.0,11.66667,17.66667,120.33333,240.0,41.66667,94.33333,0.44167,10.66667,34.33333,0.315,14.33333,18.33333,0.78267,9.33333,36.66667,46.0,23.33333,5.66667,5.66667,10.66667,21.66667,108.33333,1,-0.1541,0.1541,0.24096,0.3003,0.49802,0.52866,0.55016,0.61738,1483.50664,1522.93103,0.5365,0.4635,1.87036,2.16777,0.0,1.27,4.13333,1.83333,2.82667
240.0,39.0,84.66667,0.45767,10.0,32.0,0.31133,18.0,23.33333,0.777,7.33333,41.0,48.33333,25.66667,8.0,3.0,17.33333,23.0,106.0,240.0,39.33333,88.33333,0.44367,12.33333,35.0,0.352,19.0,27.0,0.70733,7.33333,35.66667,43.0,22.0,11.0,2.66667,13.0,22.66667,110.0,0,0.06568,-0.06568,0.18464,0.21898,0.51382,0.51517,0.58222,0.58633,1496.88707,1496.54327,0.51029,0.48971,1.96008,2.04246,0.66667,240.0,42.66667,90.0,0.473,13.66667,36.33333,0.37633,18.33333,24.0,0.779,10.66667,31.66667,42.33333,28.33333,8.0,4.33333,15.33333,21.0,117.33333,240.0,46.33333,93.0,0.506,13.33333,32.0,0.42633,14.66667,22.0,0.64967,11.66667,34.33333,46.0,30.0,8.0,5.0,14.0,20.33333,120.66667,0,0.03918,-0.03918,0.3547,0.33185,0.58046,0.54865,0.62599,0.61362,1536.96547,1495.54865,0.44574,0.55426,2.24414,1.80455,0.66667,1.51333,3.55,2.73,3.55667
240.0,40.0,97.66667,0.41033,10.66667,34.0,0.32033,12.0,16.33333,0.72967,13.33333,29.0,42.33333,22.33333,9.0,5.66667,13.33333,22.33333,102.66667,240.0,44.33333,90.66667,0.491,13.0,33.33333,0.39367,19.0,23.66667,0.81233,10.33333,39.33333,49.66667,26.33333,5.66667,9.33333,16.0,20.0,120.66667,0,0.23777,-0.23777,0.36329,0.33749,0.56298,0.46557,0.63221,0.50868,1517.06036,1492.65,0.49339,0.50661,2.02686,1.974,0.66667,240.0,39.0,78.66667,0.498,16.0,37.33333,0.427,18.66667,22.66667,0.82567,7.33333,30.33333,37.66667,27.0,6.0,3.66667,16.66667,25.66667,112.66667,240.0,40.66667,84.66667,0.47967,12.33333,32.0,0.39067,18.0,26.33333,0.706,9.66667,31.0,40.66667,28.0,7.33333,3.0,12.66667,21.0,111.66667,0,-0.01521,0.01521,0.31801,0.2659,0.55238,0.60044,0.61649,0.67667,1495.07282,1513.26578,0.52629,0.47371,1.90463,2.11773,0.33333,5.16667,1.19,2.42333,1.8
240.0,41.66667,92.33333,0.45067,15.66667,37.0,0.421,10.66667,12.0,0.88933,7.0,36.66667,43.66667,25.66667,6.0,5.33333,10.33333,17.0,109.66667,240.0,40.66667,88.66667,0.461,10.0,29.66667,0.32333,15.33333,21.0,0.75533,9.66667,40.0,49.66667,21.66667,6.33333,5.0,11.33333,17.33333,106.66667,1,-0.0358,0.0358,0.25972,0.17878,0.51831,0.5352,0.57513,0.57631,1518.37587,1492.34788,0.45895,0.54105,2.19381,1.858,0.33333,240.0,46.33333,91.33333,0.508,14.33333,37.66667,0.37867,11.33333,16.66667,0.617,9.33333,34.0,43.33333,32.66667,6.66667,3.0,14.33333,16.66667,118.33333,240.0,41.33333,87.0,0.47567,11.33333,36.0,0.31733,15.66667,21.66667,0.70533,10.66667,31.66667,42.33333,24.0,8.66667,4.66667,15.0,18.33333,109.66667,1,-0.10133,0.10133,0.31287,0.30864,0.54064,0.58657,0.59784,0.62297,1475.51993,1496.26679,0.51622,0.48378,1.9396,2.07021,0.33333,3.53333,1.36667,2.03,2.45333
240.0,35.66667,84.33333,0.42133,12.0,41.66667,0.28867,19.0,24.0,0.80033,7.0,41.0,48.0,22.33333,7.0,5.33333,13.66667,17.66667,102.33333,240.0,41.0,94.0,0.44533,13.0,34.66667,0.38,13.0,20.66667,0.64367,10.66667,39.0,49.66667,27.33333,8.33333,3.0,11.0,20.0,108.0,1,0.07951,-0.07951,0.24666,0.18475,0.51703,0.49272,0.55888,0.56998,1500.75726,1482.62751,0.48437,0.51563,2.06769,1.94193,0.33333,248.33333,40.33333,91.0,0.443,14.66667,43.0,0.34,14.33333,16.0,0.885,6.33333,36.66667,43.0,26.33333,7.0,7.33333,12.66667,26.33333,109.66667,248.33333,38.33333,92.66667,0.41367,9.33333,29.66667,0.303,25.33333,33.33333,0.76067,14.33333,40.0,54.33333,22.33333,7.33333,5.0,12.66667,18.0,111.33333,1,0.02303,-0.02303,0.40047,0.16425,0.46527,0.5231,0.55889,0.57905,1500.41343,1516.13403,0.52256,0.47744,1.91648,2.09844,0.66667,3.1,1.5,2.20667,1.76
240.0,35.0,84.0,0.41767,9.66667,29.66667,0.35733,15.33333,21.33333,0.71933,9.33333,38.33333,47.66667,23.0,7.66667,5.66667,18.66667,23.0,95.0,240.0,37.33333,88.33333,0.421,10.66667,39.33333,0.26033,17.0,24.0,0.70667,11.0,37.66667,48.66667,23.66667,8.66667,8.33333,14.0,21.0,102.33333,1,0.10087,-0.10087,0.28598,0.27077,0.48246,0.47636,0.54551,0.53708,1510.19638,1491.24694,0.4911,0.5089,2.04069,1.96882,0.66667,240.0,39.0,80.33333,0.48567,10.0,22.66667,0.44067,19.33333,28.33333,0.674,9.66667,32.33333,42.0,21.33333,9.33333,5.33333,16.66667,18.33333,107.33333,240.0,43.33333,86.33333,0.502,11.66667,31.33333,0.36333,14.33333,18.33333,0.77933,7.0,32.0,39.0,26.0,10.66667,4.33333,14.66667,22.33333,112.66667,1,0.07177,-0.07177,0.21519,0.29873,0.56973,0.54798,0.62346,0.61999,1526.48765,1491.67047,0.46429,0.53571,2.15865,1.86999,0.66667,3.36667,1.4,2.46333,1.77333
240.0,35.66667,84.0,0.423,15.0,45.0,0.33367,16.66667,21.33333,0.78633,5.33333,37.33333,42.66667,23.33333,7.0,4.66667,13.0,16.66667,103.0,240.0,43.33333,92.66667,0.47733,10.0,31.33333,0.30533,12.33333,17.66667,0.69633,9.33333,42.0,51.33333,26.66667,8.33333,0.33333,11.66667,18.66667,109.0,1,0.08407,-0.08407,0.2386,0.12752,0.5334,0.51192,0.57552,0.5796,1502.17021,1471.49859,0.46637,0.53363,2.1467,1.8757,0.33333,240.0,40.66667,91.33333,0.446,10.66667,37.66667,0.28567,14.33333,20.66667,0.66533,13.0,31.33333,44.33333,21.33333,7.0,6.66667,12.33333,18.33333,106.33333,240.0,41.0,85.0,0.48133,10.66667,26.0,0.411,17.66667,23.0,0.76367,10.66667,35.0,45.66667,22.66667,7.0,4.33333,14.33333,21.0,110.33333,1,0.03735,-0.03735,0.33716,0.37255,0.54408,0.50444,0.61142,0.55492,1487.84221,1506.02324,0.53579,0.46421,1.86789,2.15645,0.66667,3.58333,1.37,1.22667,5.36667
248.33333,41.0,95.66667,0.42867,12.33333,32.33333,0.37667,16.0,20.0,0.78,9.0,35.33333,44.33333,23.66667,5.33333,3.66667,7.33333,16.66667,110.33333,248.33333,41.66667,87.66667,0.47333,11.33333,28.66667,0.393,14.33333,20.33333,0.69733,9.66667,41.33333,51.0,23.0,3.0,4.66667,14.0,19.0,109.0,1,-0.00799,0.00799,0.27342,0.21629,0.53719,0.49329,0.59025,0.55051,1472.57852,1485.47883,0.51843,0.48157,1.96864,2.1172,0.33333,240.0,45.33333,91.0,0.498,11.0,31.33333,0.34667,12.0,16.33333,0.74367,11.33333,37.66667,49.0,24.33333,10.0,4.0,13.33333,19.33333,113.66667,240.0,37.66667,84.33333,0.44467,13.66667,40.0,0.344,9.66667,17.66667,0.532,8.0,33.33333,41.33333,21.66667,6.0,5.0,18.0,18.0,98.66667,1,-0.21753,0.21753,0.21774,0.33841,0.52618,0.55913,0.5571,0.60129,1490.09698,1512.35486,0.51042,0.48958,1.96086,2.04444,0.0,2.48667,2.1,1.38333,3.38333
240.0,39.33333,86.0,0.456,12.66667,33.66667,0.378,15.0,19.66667,0.77367,9.0,37.66667,46.66667,22.33333,8.33333,7.0,15.66667,20.33333,106.33333,240.0,37.66667,89.66667,0.42,8.0,26.66667,0.30567,16.33333,20.0,0.819,11.33333,34.0,45.33333,22.33333,7.0,5.0,14.33333,20.0,99.66667,0,-0.09961,0.09961,0.31301,0.27317,0.46496,0.52934,0.53043,0.58756,1502.00222,1514.05901,0.50324,0.49676,1.98971,2.01561,0.33333,240.0,39.66667,94.33333,0.41967,13.0,35.33333,0.366,18.66667,25.0,0.76533,10.66667,35.33333,46.0,22.66667,7.66667,3.0,10.33333,20.0,111.0,240.0,42.33333,86.66667,0.48667,11.66667,35.0,0.33867,19.66667,23.33333,0.82633,8.33333,40.66667,49.0,25.0,7.33333,6.66667,15.66667,20.66667,116.0,0,0.05923,-0.05923,0.23587,0.26349,0.55411,0.48907,0.63172,0.55567,1519.34085,1515.91303,0.49538,0.50462,2.021,1.98395,0.33333,1.42333,3.18333,2.78667,1.76667
240.0,38.0,92.33333,0.41067,15.33333,44.66667,0.34533,16.33333,18.66667,0.851,10.0,34.33333,44.33333,24.66667,8.66667,6.66667,13.0,26.66667,107.66667,240.0,38.0,89.0,0.42433,12.0,34.33333,0.346,25.0,32.0,0.76733,12.33333,40.0,52.33333,27.66667,6.66667,6.66667,15.33333,17.66667,113.0,0,0.07184,-0.07184,0.36627,0.25214,0.49153,0.49365,0.58849,0.5573,1504.72744,1495.36674,0.4898,0.5102,2.04277,1.96099,1.0,240.0,37.66667,81.66667,0.46233,9.66667,30.0,0.318,15.0,21.0,0.699,7.0,32.0,39.0,19.66667,6.33333,1.66667,12.33333,19.66667,100.0,240.0,37.33333,79.33333,0.47133,13.33333,36.66667,0.358,20.0,24.66667,0.824,8.33333,35.33333,43.66667,22.66667,6.0,4.66667,13.66667,22.0,108.0,0,0.11925,-0.11925,0.25871,0.2037,0.55473,0.52027,0.63752,0.57855,1521.95857,1501.85716,0.48484,0.51516,2.06352,1.94201,0.66667,1.87,2.0,1.90667,1.97667
240.0,39.0,94.33333,0.41567,10.0,35.66667,0.279,14.66667,19.33333,0.74833,12.66667,30.33333,43.0,23.33333,8.66667,5.33333,15.0,23.33333,102.66667,240.0,46.0,85.66667,0.53633,12.33333,30.33333,0.40233,20.33333,26.33333,0.79533,7.33333,37.33333,44.66667,28.66667,7.0,8.66667,14.66667,22.33333,124.66667,0,0.28714,-0.28714,0.24126,0.3364,0.60747,0.4696,0.68169,0.52392,1512.84046,1474.49323,0.47639,0.52361,2.10621,1.91473,1.0,248.33333,42.66667,90.66667,0.47133,15.33333,42.0,0.36133,18.33333,23.0,0.801,11.0,40.0,51.0,26.0,4.33333,4.33333,14.0,19.0,119.0,248.33333,41.0,96.0,0.426,16.66667,43.0,0.38633,13.33333,19.0,0.70767,9.0,34.66667,43.66667,24.33333,8.0,3.66667,10.0,18.0,112.0,0,-0.09328,0.09328,0.23844,0.31754,0.51242,0.55548,0.55751,0.62184,1483.96549,1494.7106,0.50107,0.49893,1.99784,2.00645,0.33333,5.5,1.16667,3.50667,1.53333
240.0,42.66667,90.0,0.47333,12.0,34.33333,0.33667,16.0,21.0,0.76433,8.66667,37.33333,46.0,26.33333,8.0,4.66667,16.66667,22.33333,113.33333,240.0,41.0,87.66667,0.46967,18.33333,41.66667,0.44833,21.0,29.33333,0.698,8.0,34.33333,42.33333,25.66667,10.66667,4.33333,14.0,20.66667,121.33333,0,0.10662,-0.10662,0.21331,0.26028,0.57427,0.53943,0.64634,0.59722,1494.28412,1468.22739,0.47568,0.52432,2.10413,1.90856,0.33333,240.0,43.66667,91.0,0.48333,12.0,35.66667,0.34767,12.0,14.66667,0.826,8.33333,32.66667,41.0,28.66667,7.0,4.33333,13.0,20.33333,111.33333,240.0,40.33333,85.33333,0.472,10.33333,26.33333,0.379,19.33333,26.66667,0.73,10.0,34.0,44.0,24.66667,6.0,5.0,14.33333,21.0,110.33333,0,-0.01747,0.01747,0.31944,0.24871,0.53217,0.54981,0.60471,0.59515,1492.60956,1502.46904,0.5073,0.4927,1.97201,2.03056,0.66667,5.91667,1.20667,1.71667,2.23667
240.0,43.33333,93.33333,0.46333,13.66667,33.66667,0.402,13.66667,16.0,0.863,7.66667,38.66667,46.33333,25.66667,7.33333,7.0,11.66667,18.0,114.0,240.0,42.66667,91.66667,0.46633,10.0,28.66667,0.33567,14.66667,20.0,0.75267,8.33333,39.33333,47.66667,23.66667,7.66667,6.33333,10.66667,17.33333,110.0,1,-0.04385,0.04385,0.21315,0.19957,0.52173,0.53639,0.57508,0.58625,1504.13802,1499.24651,0.48583,0.51417,2.06558,1.9506,0.33333,240.0,40.66667,92.66667,0.44333,11.66667,37.66667,0.30833,14.0,18.33333,0.75967,9.0,31.0,40.0,23.66667,11.0,5.0,11.66667,20.66667,107.0,240.0,47.33333,89.33333,0.529,14.0,33.66667,0.40933,15.33333,20.0,0.773,9.33333,37.33333,46.66667,28.33333,7.0,7.66667,15.66667,18.66667,124.0,1,0.2133,-0.2133,0.34251,0.23266,0.60712,0.50823,0.66022,0.56013,1520.22636,1488.81464,0.47989,0.52011,2.09129,1.92812,0.66667,2.8,1.54,3.73333,1.33667
240.0,36.33333,86.0,0.422,13.33333,39.0,0.34,21.0,26.66667,0.78167,10.66667,36.33333,47.0,28.33333,8.33333,5.0,13.0,19.33333,107.0,240.0,40.0,89.33333,0.451,11.0,36.66667,0.30467,16.33333,22.33333,0.73867,12.0,37.33333,49.33333,29.33333,6.33333,3.33333,14.0,21.0,107.33333,0,0.00177,-0.00177,0.33216,0.32943,0.51482,0.49953,0.57491,0.58218,1525.23271,1486.53356,0.45025,0.54975,2.22819,1.8229,0.33333,240.0,38.33333,84.0,0.459,12.33333,35.66667,0.35067,18.33333,24.66667,0.71767,9.66667,40.0,49.66667,23.33333,7.33333,6.33333,19.33333,22.33333,107.33333,240.0,36.0,87.33333,0.41233,14.66667,45.0,0.32733,17.66667,23.66667,0.74233,8.0,33.66667,41.66667,22.33333,10.0,5.0,15.33333,23.33333,104.33333,0,-0.02213,0.02213,0.20059,0.30135,0.49663,0.53394,0.56344,0.60241,1497.9716,1499.54832,0.50257,0.49743,1.99026,2.01084,0.33333,3.43333,1.35333,3.16667,1.43
240.0,45.0,89.66667,0.50267,17.66667,42.33333,0.41767,12.33333,17.33333,0.718,9.66667,43.33333,53.0,25.66667,5.33333,6.66667,15.33333,17.66667,120.0,240.0,40.33333,94.33333,0.42867,11.0,30.0,0.35833,14.33333,19.0,0.75833,9.0,31.66667,40.66667,22.33333,9.33333,4.0,9.33333,16.66667,106.0,0,-0.1768,0.1768,0.20644,0.30331,0.48911,0.60088,0.54126,0.64204,1489.24651,1518.61711,0.51407,0.48593,1.946,2.05877,0.0,240.0,44.33333,98.66667,0.45,15.33333,39.33333,0.38833,22.0,27.66667,0.807,13.33333,37.0,50.33333,26.0,7.33333,2.66667,9.33333,20.33333,126.0,240.0,43.0,89.0,0.48033,13.33333,36.66667,0.36333,21.66667,25.66667,0.83733,8.66667,36.66667,45.33333,24.66667,5.66667,6.0,14.33333,21.33333,121.0,0,-0.07312,0.07312,0.23362,0.37652,0.55431,0.5284,0.63727,0.60189,1519.23283,1520.85876,0.48778,0.51222,2.05077,1.95287,0.33333,1.49,3.1,3.25,1.37667
240.0,41.33333,93.66667,0.43967,16.0,43.33333,0.37067,21.33333,25.66667,0.83567,14.66667,35.0,49.66667,25.33333,7.66667,3.0,11.66667,20.33333,120.0,240.0,43.0,87.66667,0.48867,13.66667,37.0,0.369,18.33333,23.33333,0.78633,8.33333,33.66667,42.0,25.33333,7.66667,5.33333,12.66667,19.66667,118.0,0,-0.03388,0.03388,0.23547,0.43994,0.56652,0.52491,0.63463,0.6019,1512.60205,1532.62547,0.51792,0.48208,1.93869,2.08517,0.66667,240.0,39.66667,90.0,0.44067,14.33333,31.66667,0.45233,13.66667,17.33333,0.76567,9.66667,31.66667,41.33333,22.0,6.66667,6.33333,10.66667,20.33333,107.33333,240.0,37.33333,89.0,0.42033,12.33333,36.66667,0.33467,17.0,23.33333,0.70367,14.0,35.66667,49.66667,19.66667,5.33333,3.33333,14.66667,18.33333,104.0,0,-0.04586,0.04586,0.45857,0.27277,0.48974,0.5213,0.55254,0.57376,1511.42666,1521.39486,0.51095,0.48905,1.95896,2.04677,0.33333,2.51667,1.86,2.95667,1.73667
240.0,43.66667,92.66667,0.47433,13.66667,31.0,0.44333,19.0,26.0,0.731,8.66667,35.33333,44.0,30.0,8.33333,3.33333,14.0,22.33333,120.0,240.0,41.0,85.33333,0.48067,11.66667,32.0,0.36167,21.0,27.33333,0.747,9.33333,37.66667,47.0,21.33333,8.33333,6.66667,18.66667,23.66667,114.66667,0,-0.06242,0.06242,0.26481,0.22686,0.54954,0.54897,0.62889,0.61334,1493.54523,1496.85155,0.49392,0.50608,2.02615,1.97732,0.33333,240.0,35.33333,89.33333,0.396,14.33333,39.66667,0.36067,17.0,20.66667,0.823,10.66667,34.0,44.66667,28.33333,10.33333,5.33333,15.66667,23.33333,102.0,240.0,41.66667,86.0,0.48667,11.66667,32.66667,0.353,20.0,26.66667,0.736,10.0,41.33333,51.33333,30.0,9.0,7.33333,16.33333,17.66667,115.0,0,0.17015,-0.17015,0.29048,0.26192,0.55563,0.47596,0.63032,0.54285,1525.65632,1489.30188,0.47086,0.52914,2.12547,1.89105,1.0,3.03667,1.51333,3.65,1.43
240.0,39.33333,85.66667,0.45767,12.0,32.0,0.375,15.66667,19.0,0.83133,6.33333,40.33333,46.66667,23.33333,7.33333,7.0,18.33333,22.33333,106.33333,240.0,41.66667,94.33333,0.44267,10.33333,29.33333,0.34867,17.0,22.0,0.791,10.66667,36.33333,47.0,26.0,8.66667,6.0,13.0,18.0,110.66667,0,0.05206,-0.05206,0.27447,0.17587,0.49735,0.52753,0.55867,0.59064,1521.82714,1519.56404,0.50402,0.49598,1.98678,2.01897,0.66667,240.0,37.66667,87.0,0.43333,8.33333,28.66667,0.29333,20.0,25.0,0.79433,11.33333,35.33333,46.66667,22.33333,10.0,5.0,13.0,18.66667,103.66667,240.0,37.0,89.33333,0.41567,9.33333,34.33333,0.28067,14.33333,20.0,0.714,12.33333,36.0,48.33333,23.66667,6.33333,2.66667,15.0,22.0,97.66667,0,-0.08677,0.08677,0.35689,0.333,0.46839,0.48143,0.52232,0.56125,1539.00558,1491.10568,0.42772,0.57228,2.34041,1.74846,0.0,1.51667,2.71667,3.2,1.38333
240.0,40.33333,91.33333,0.43967,7.0,27.33333,0.26267,14.33333,18.0,0.805,10.33333,33.33333,43.66667,20.0,9.33333,2.0,10.66667,17.33333,102.0,240.0,44.33333,85.66667,0.516,17.66667,40.33333,0.43067,10.66667,16.0,0.677,7.66667,39.0,46.66667,26.33333,4.66667,7.66667,15.0,17.66667,117.0,0,0.20134,-0.20134,0.22935,0.26726,0.61968,0.47817,0.65609,0.5338,1499.64653,1509.32093,0.53034,0.46966,1.88769,2.1324,0.66667,240.0,40.66667,85.66667,0.47833,11.66667,30.33333,0.38967,19.33333,24.0,0.81133,10.0,32.33333,42.33333,23.0,7.33333,5.66667,18.0,19.66667,112.33333,240.0,42.33333,91.66667,0.46433,12.0,32.66667,0.36033,15.66667,21.0,0.758,13.66667,32.33333,46.0,23.66667,11.33333,6.66667,17.33333,23.33333,112.33333,0,-0.00678,0.00678,0.41852,0.31835,0.53042,0.54835,0.58695,0.62343,1499.29938,1497.8283,0.50174,0.49826,1.99493,2.00894,0.66667,2.66667,1.94667,2.56333,1.72333
240.0,39.0,84.66667,0.46,15.66667,39.33333,0.40467,16.33333,21.0,0.77933,7.33333,37.33333,44.66667,26.0,4.33333,4.66667,15.0,14.0,110.0,240.0,44.0,95.33333,0.46167,11.33333,31.33333,0.36433,10.66667,14.33333,0.75933,12.33333,34.66667,47.0,28.66667,8.66667,4.0,11.0,19.66667,110.0,0,0.0006,-0.0006,0.33124,0.21953,0.52118,0.55249,0.5587,0.61629,1473.80273,1533.85708,0.5828,0.4172,1.71938,2.4061,0.66667,240.0,40.66667,81.33333,0.50033,12.66667,30.0,0.381,13.0,16.33333,0.79567,8.0,34.33333,42.33333,26.0,9.0,8.0,14.33333,18.0,107.0,240.0,36.0,83.66667,0.432,9.33333,28.0,0.338,13.33333,20.66667,0.60233,12.0,30.66667,42.66667,23.0,9.0,5.66667,14.66667,17.33333,94.66667,0,-0.17881,0.17881,0.35211,0.26545,0.48809,0.5768,0.53833,0.62955,1459.00022,1487.42282,0.52113,0.47887,1.92715,2.10004,0.33333,1.59,3.22,1.51667,3.95
240.0,39.0,85.33333,0.45867,7.33333,28.0,0.28667,15.33333,19.33333,0.78967,10.0,38.0,48.0,23.33333,6.33333,4.0,15.0,19.33333,100.66667,240.0,36.0,84.66667,0.425,15.33333,44.33333,0.34333,16.0,20.66667,0.77667,8.0,33.66667,41.66667,22.33333,5.66667,4.0,12.0,21.33333,103.33333,0,0.04934,-0.04934,0.21561,0.31386,0.51572,0.50202,0.57901,0.56358,1527.08884,1482.92147,0.45166,0.54834,2.23358,1.83599,0.33333,240.0,37.33333,87.0,0.429,15.0,43.66667,0.344,16.0,21.0,0.767,11.0,36.0,47.0,27.33333,8.0,5.0,16.0,19.0,105.66667,240.0,39.33333,86.33333,0.458,11.33333,32.66667,0.34633,14.0,20.66667,0.66833,9.66667,35.33333,45.0,28.33333,9.33333,4.66667,15.0,19.66667,104.0,0,-0.02744,0.02744,0.26272,0.31735,0.5254,0.51557,0.57706,0.57722,1498.02945,1513.51918,0.51796,0.48204,1.95428,2.09999,0.66667,4.08333,1.27667,1.75667,3.27
240.0,37.33333,83.66667,0.446,11.0,31.66667,0.34533,16.66667,24.0,0.69,9.0,37.33333,46.33333,21.33333,6.33333,9.0,18.66667,19.33333,102.33333,240.0,41.33333,93.66667,0.443,7.66667,26.0,0.29633,17.0,21.66667,0.78033,11.33333,34.33333,45.66667,22.0,10.0,6.66667,10.33333,19.66667,107.33333,0,0.07206,-0.07206,0.2994,0.25885,0.4843,0.51176,0.5472,0.57572,1509.09685,1476.50165,0.46304,0.53696,2.16504,1.86556,0.66667,240.0,44.33333,95.33333,0.467,12.66667,38.33333,0.33033,19.33333,25.33333,0.74533,10.0,33.66667,43.66667,27.33333,12.66667,4.0,14.33333,25.33333,120.66667,240.0,39.0,87.33333,0.44833,15.33333,39.0,0.392,24.0,28.66667,0.84067,10.33333,37.33333,47.66667,22.0,7.33333,5.0,20.0,20.33333,117.33333,0,-0.04045,0.04045,0.30582,0.27716,0.53577,0.53264,0.62761,0.59837,1470.3573,1492.49894,0.52621,0.47379,1.90311,2.11426,0.33333,3.11667,1.44667,1.54,2.65
240.0,36.0,86.0,0.419,9.66667,26.66667,0.37333,11.0,17.66667,0.63,11.66667,29.66667,41.33333,20.33333,9.0,4.0,15.66667,19.0,92.66667,240.0,38.33333,86.66667,0.44233,14.0,33.66667,0.414,13.66667,18.66667,0.747,14.0,34.66667,48.66667,24.0,10.0,4.33333,17.66667,19.0,104.33333,0,0.16658,-0.16658,0.48581,0.33961,0.52274,0.47583,0.57393,0.51577,1531.2419,1498.69055,0.48196,0.51804,2.08047,1.93455,0.66667,240.0,38.33333,87.33333,0.438,12.66667,34.0,0.37633,13.0,16.0,0.785,7.33333,39.66667,47.0,21.66667,8.0,6.33333,12.66667,18.0,102.33333,240.0,37.0,97.0,0.383,10.66667,33.33333,0.318,13.33333,15.33333,0.85933,14.33333,38.0,52.33333,20.0,6.0,4.33333,12.0,16.0,98.0,0,-0.0495,0.0495,0.41039,0.19474,0.43931,0.51014,0.49199,0.56149,1508.16639,1497.17137,0.48002,0.51998,2.08605,1.92539,0.33333,3.2,1.39,2.34,1.85667
240.0,41.33333,90.0,0.45733,16.66667,44.0,0.368,9.66667,15.33333,0.614,12.0,39.66667,51.66667,22.66667,4.66667,7.33333,12.33333,16.66667,109.0,240.0,39.33333,90.66667,0.433,10.33333,35.33333,0.304,16.33333,20.33333,0.80133,10.33333,33.66667,44.0,20.33333,8.33333,5.66667,10.33333,19.66667,105.33333,1,-0.04866,0.04866,0.2676,0.37316,0.48978,0.54814,0.55281,0.58129,1491.06574,1509.85558,0.52062,0.47938,1.93646,2.10421,0.33333,240.0,35.66667,78.66667,0.45367,10.33333,27.33333,0.378,15.0,21.33333,0.70267,9.66667,35.0,44.66667,26.33333,9.33333,5.66667,20.33333,19.0,96.66667,240.0,39.0,87.0,0.44733,9.0,27.0,0.34433,11.33333,17.33333,0.64133,11.66667,31.0,42.66667,24.33333,12.33333,7.66667,15.33333,20.0,98.33333,1,0.01135,-0.01135,0.33311,0.31713,0.49954,0.51918,0.54072,0.57996,1502.84993,1493.65175,0.49077,0.50923,2.04227,1.96775,0.33333,1.85667,3.10667,1.85333,2.25667
240.0,38.0,89.0,0.427,14.33333,37.66667,0.38033,14.33333,21.33333,0.67567,9.33333,36.66667,46.0,23.0,7.0,7.0,17.66667,22.66667,104.66667,240.0,38.0,91.33333,0.415,13.33333,33.66667,0.37367,20.66667,27.0,0.788,13.66667,39.66667,53.33333,19.66667,8.33333,6.0,16.0,20.33333,110.0,1,0.07451,-0.07451,0.36946,0.2294,0.4902,0.50765,0.56762,0.55934,1483.1755,1467.63332,0.48454,0.51546,2.06481,1.94086,0.66667,240.0,36.66667,84.0,0.435,6.66667,29.66667,0.22867,19.33333,26.66667,0.72467,6.66667,37.0,43.66667,23.0,11.66667,3.33333,12.0,21.0,99.33333,240.0,37.33333,83.33333,0.44833,13.33333,36.0,0.36067,14.0,20.0,0.69867,7.33333,39.33333,46.66667,20.33333,6.66667,4.33333,16.33333,21.66667,102.0,1,0.0482,-0.0482,0.19288,0.17238,0.53043,0.4748,0.58484,0.55108,1497.66672,1491.55425,0.48999,0.51001,2.05274,1.97023,0.66667,2.54,1.70333,2.77333,1.57
240.0,45.0,88.66667,0.50833,15.33333,37.66667,0.405,12.33333,16.0,0.777,12.0,31.66667,43.66667,28.33333,9.33333,5.0,14.66667,16.0,117.66667,240.0,39.66667,87.33333,0.45567,9.0,29.0,0.30767,12.0,17.0,0.68267,12.33333,27.66667,40.0,24.0,7.66667,3.66667,15.33333,17.0,100.33333,0,-0.23405,0.23405,0.39841,0.4343,0.50677,0.59469,0.55499,0.63863,1483.79654,1509.09017,0.50849,0.49151,1.98124,2.04895,0.0,240.0,41.0,87.66667,0.46633,11.66667,33.0,0.35167,17.66667,21.33333,0.84833,5.33333,35.33333,40.66667,21.33333,8.0,4.33333,15.0,21.66667,111.33333,240.0,46.33333,91.66667,0.50633,13.0,35.66667,0.36267,17.0,23.0,0.746,8.33333,39.0,47.33333,28.0,8.33333,4.66667,13.66667,19.0,122.66667,0,0.1489,-0.1489,0.23312,0.13283,0.57668,0.53281,0.63531,0.60214,1531.91153,1509.45601,0.48185,0.51815,2.10013,1.94719,0.66667,1.27333,4.96667,2.34,2.16333
240.0,41.33333,97.66667,0.42333,14.33333,40.66667,0.353,19.66667,22.0,0.914,12.66667,29.33333,42.0,23.66667,7.33333,4.0,8.33333,20.66667,116.66667,240.0,46.0,85.66667,0.536,17.66667,39.66667,0.44333,18.0,23.0,0.769,8.0,39.0,47.0,32.33333,5.33333,5.0,15.33333,20.66667,127.66667,1,0.13009,-0.13009,0.2731,0.33235,0.63953,0.49646,0.70393,0.5691,1527.41923,1474.18791,0.43922,0.56078,2.27855,1.78408,1.0,240.0,37.0,93.33333,0.39433,13.66667,41.33333,0.33467,14.0,17.33333,0.848,12.66667,33.33333,46.0,22.66667,9.0,5.0,11.66667,21.0,101.66667,240.0,40.33333,81.33333,0.496,14.66667,36.33333,0.40567,18.66667,24.33333,0.74333,6.66667,40.33333,47.0,28.33333,4.66667,4.0,14.66667,17.66667,114.0,1,0.16783,-0.16783,0.20325,0.32164,0.58609,0.46827,0.65769,0.52371,1501.58813,1493.29451,0.5098,0.4902,1.96425,2.04309,0.66667,8.16667,1.11333,2.69333,2.05
240.0,41.33333,84.66667,0.488,14.66667,34.33333,0.42867,12.0,14.0,0.838,7.0,33.66667,40.66667,28.0,4.0,4.33333,13.66667,19.0,109.33333,240.0,36.66667,82.0,0.448,11.33333,28.66667,0.40067,14.66667,20.0,0.739,7.0,34.0,41.0,21.66667,6.66667,2.66667,13.0,21.0,99.33333,0,-0.13787,0.13787,0.21232,0.20926,0.51694,0.57516,0.57582,0.6246,1495.07218,1529.35543,0.52793,0.47207,1.89881,2.12508,0.0,240.0,42.0,82.0,0.511,12.33333,32.33333,0.379,14.0,21.0,0.638,7.66667,34.0,41.66667,25.33333,8.0,8.0,18.33333,23.33333,110.33333,240.0,37.33333,88.66667,0.422,13.33333,35.0,0.37967,19.33333,24.66667,0.77433,12.0,30.0,42.0,22.66667,8.33333,5.0,14.33333,19.33333,107.33333,0,-0.03603,0.03603,0.34821,0.27079,0.49748,0.58653,0.57132,0.63672,1478.11132,1493.25251,0.51425,0.48575,1.94959,2.06422,0.33333,2.17333,1.87,1.38,3.53333
240.0,38.0,93.0,0.41567,14.0,41.66667,0.343,24.66667,30.33333,0.82067,8.0,33.33333,41.33333,20.0,10.0,6.0,14.0,24.33333,114.66667,240.0,43.0,89.33333,0.48267,16.66667,37.33333,0.44733,21.33333,28.66667,0.74233,11.33333,41.66667,53.0,24.33333,6.0,5.33333,18.66667,21.33333,124.0,0,0.11263,-0.11263,0.33453,0.18493,0.57607,0.49214,0.6497,0.58267,1487.81139,1473.25718,0.48532,0.51468,2.06136,1.94371,0.33333,248.33333,40.33333,84.66667,0.47733,13.33333,36.33333,0.365,21.33333,26.33333,0.819,8.33333,32.66667,41.0,25.0,7.0,5.0,14.66667,24.0,115.33333,248.33333,41.0,87.33333,0.47167,11.66667,32.66667,0.35833,20.66667,27.33333,0.76933,9.0,33.33333,42.33333,25.0,8.0,1.33333,12.66667,26.33333,114.33333,0,-0.01357,0.01357,0.2772,0.25446,0.53783,0.55635,0.61425,0.63885,1497.83138,1495.40107,0.49599,0.50401,2.0376,2.00568,0.33333,2.9,2.04,3.46667,1.48667
240.0,36.33333,83.0,0.438,13.66667,32.0,0.43467,20.33333,22.66667,0.888,10.66667,32.0,42.66667,20.66667,5.66667,4.33333,12.33333,21.33333,106.66667,240.0,39.0,83.33333,0.469,11.0,35.0,0.309,15.66667,20.33333,0.751,9.33333,31.0,40.33333,25.33333,5.66667,2.66667,13.0,21.0,104.66667,0,-0.02617,0.02617,0.29432,0.35017,0.53498,0.52046,0.59826,0.60682,1510.66717,1521.20768,0.51559,0.48441,1.94598,2.07187,0.33333,240.0,37.0,89.66667,0.41333,11.66667,37.33333,0.312,26.33333,32.33333,0.83533,11.66667,35.0,46.66667,18.33333,6.0,3.66667,15.0,24.33333,112.0,240.0,46.33333,90.33333,0.512,14.66667,35.66667,0.39467,17.66667,22.33333,0.80367,7.33333,38.0,45.33333,29.66667,6.0,5.0,13.0,24.33333,125.0,0,0.14691,-0.14691,0.22942,0.32487,0.59167,0.47849,0.65396,0.58048,1480.85251,1492.92231,0.53713,0.46287,1.86225,2.16122,0.66667,1.59,2.5,1.60333,2.51667
240.0,40.0,84.33333,0.474,12.33333,34.0,0.357,16.66667,22.66667,0.72633,6.66667,35.33333,42.0,23.0,7.0,7.0,16.33333,21.0,109.0,240.0,43.33333,89.33333,0.486,10.66667,28.33333,0.37767,17.0,24.66667,0.707,9.33333,34.33333,43.66667,26.0,9.33333,6.66667,11.0,18.66667,114.33333,0,0.06575,-0.06575,0.26521,0.20194,0.5457,0.54711,0.60356,0.61025,1509.99929,1484.41191,0.47357,0.52643,2.12198,1.90689,0.66667,240.0,44.0,92.0,0.48167,16.0,35.66667,0.44333,12.0,18.0,0.67467,11.66667,43.0,54.66667,27.0,6.0,8.0,16.66667,18.0,116.0,240.0,40.66667,94.0,0.43333,9.33333,28.0,0.32933,15.0,21.0,0.71867,10.66667,33.0,43.66667,24.0,8.66667,5.33333,10.0,17.66667,105.66667,0,-0.12994,0.12994,0.24618,0.34845,0.48435,0.56925,0.53816,0.60778,1490.0674,1511.5274,0.51398,0.48602,1.95078,2.06341,0.0,3.0,1.46667,2.08,2.67667
240.0,40.0,92.33333,0.43467,11.66667,33.0,0.35233,12.0,15.33333,0.78933,12.33333,40.66667,53.0,25.0,8.0,6.66667,13.33333,16.33333,103.66667,240.0,37.0,89.0,0.41633,10.66667,31.0,0.34667,11.66667,15.66667,0.77867,9.0,35.33333,44.33333,23.33333,7.66667,5.0,12.33333,17.33333,96.33333,1,-0.10434,0.10434,0.22838,0.34616,0.47639,0.49728,0.52178,0.54219,1480.73004,1537.164,0.57143,0.42857,1.75261,2.33931,0.0,240.0,36.0,87.0,0.41567,11.0,32.0,0.33567,16.0,19.0,0.84633,11.0,35.66667,46.66667,17.33333,4.66667,3.0,13.66667,21.66667,99.0,240.0,39.0,83.0,0.46467,15.33333,42.66667,0.35333,18.0,23.33333,0.75733,6.66667,37.33333,44.0,22.0,7.0,7.33333,11.0,19.66667,111.33333,1,0.16468,-0.16468,0.18822,0.30159,0.55568,0.47968,0.6293,0.54568,1495.24302,1496.51761,0.5137,0.4863,1.95324,2.06464,0.66667,1.23667,4.53333,2.55667,1.68333
248.33333,43.66667,92.66667,0.47067,13.66667,37.33333,0.35867,13.66667,18.66667,0.735,8.33333,34.66667,43.0,28.0,11.0,6.66667,13.33333,21.66667,114.66667,248.33333,41.66667,91.33333,0.45933,12.33333,32.33333,0.38133,17.0,23.0,0.737,11.0,38.0,49.0,26.66667,6.33333,7.0,17.0,19.33333,112.66667,1,-0.03243,0.03243,0.3139,0.22333,0.52802,0.54396,0.5883,0.59194,1478.66709,1537.10337,0.58005,0.41995,1.72947,2.39708,0.33333,240.0,39.66667,91.0,0.436,16.33333,43.0,0.37833,17.33333,21.0,0.86367,11.0,36.66667,47.66667,26.0,7.33333,4.66667,15.33333,20.0,113.0,240.0,42.0,89.0,0.47233,17.0,44.66667,0.38167,17.33333,21.66667,0.78433,8.0,36.0,44.0,22.0,9.0,5.0,13.0,17.66667,118.33333,1,0.05995,-0.05995,0.21598,0.30206,0.56752,0.52609,0.63178,0.59119,1495.54803,1472.11473,0.47951,0.52049,2.0879,1.92314,0.66667,1.99667,1.98333,4.16667,1.30667
240.0,45.0,91.66667,0.49067,13.33333,35.66667,0.375,13.33333,15.66667,0.854,10.0,35.33333,45.33333,26.66667,6.0,3.33333,13.66667,21.0,116.66667,240.0,42.33333,88.66667,0.479,15.0,39.0,0.38833,18.0,23.66667,0.74667,10.66667,31.66667,42.33333,24.66667,6.33333,4.66667,11.0,15.66667,117.66667,0,0.01038,-0.01038,0.30668,0.31906,0.5632,0.56335,0.62852,0.61315,1496.88678,1469.1318,0.46044,0.53956,2.18829,1.86254,0.66667,240.0,37.66667,87.0,0.43167,15.0,38.66667,0.386,17.0,20.66667,0.80133,9.0,32.33333,41.33333,19.66667,7.0,4.33333,13.66667,15.0,107.33333,240.0,45.66667,89.66667,0.50967,16.33333,34.66667,0.473,14.0,17.0,0.84167,8.33333,37.66667,46.0,30.33333,8.33333,7.66667,12.0,20.66667,121.66667,0,0.18131,-0.18131,0.25589,0.2368,0.60056,0.51709,0.65143,0.58758,1517.89106,1478.44093,0.47114,0.52886,2.12658,1.89377,0.66667,4.25,1.26333,4.08333,1.30667
240.0,41.0,87.0,0.47367,9.33333,30.66667,0.294,14.0,18.66667,0.76067,10.33333,34.33333,44.66667,30.66667,9.33333,5.0,17.33333,16.0,105.33333,240.0,40.33333,86.33333,0.46533,12.0,32.0,0.37433,10.66667,16.33333,0.651,10.0,31.33333,41.33333,23.33333,12.33333,7.33333,17.0,19.0,103.33333,1,-0.04344,0.04344,0.2929,0.32778,0.53466,0.52631,0.57252,0.58002,1490.51263,1476.48686,0.479,0.521,2.09458,1.92433,0.33333,248.33333,41.66667,95.66667,0.436,13.33333,35.66667,0.365,15.66667,21.33333,0.70433,11.33333,34.0,45.33333,25.66667,6.0,4.0,10.33333,15.33333,112.33333,248.33333,42.0,87.33333,0.47933,11.33333,29.0,0.38967,13.66667,18.66667,0.72033,9.66667,37.33333,47.0,26.0,6.0,5.33333,14.33333,18.0,109.0,1,-0.03184,0.03184,0.28519,0.3255,0.5433,0.50597,0.59501,0.55899,1446.20632,1489.63514,0.55941,0.44059,1.78845,2.27137,0.33333,2.59667,1.68667,1.48,3.01667
240.0,35.66667,87.0,0.41,7.0,27.66667,0.25067,12.66667,18.33333,0.68,12.33333,29.66667,42.0,21.0,10.33333,3.33333,13.0,18.0,91.0,240.0,37.66667,84.66667,0.446,12.66667,31.66667,0.39967,11.66667,16.66667,0.72367,13.66667,34.66667,48.33333,21.33333,7.33333,5.33333,18.0,19.0,99.66667,1,0.13132,-0.13132,0.47539,0.35866,0.52047,0.45005,0.56498,0.49942,1527.05696,1491.36743,0.46981,0.53019,2.1338,1.89,0.66667,240.0,39.0,88.33333,0.44167,11.33333,34.0,0.33133,18.66667,22.66667,0.80767,11.33333,40.33333,51.66667,23.66667,6.66667,6.0,14.0,16.33333,108.0,240.0,37.33333,91.66667,0.40767,10.66667,34.0,0.32,14.0,16.66667,0.83533,9.33333,35.33333,44.66667,22.33333,8.33333,4.33333,11.33333,19.66667,99.33333,1,-0.11824,0.11824,0.23806,0.31914,0.46563,0.50553,0.52038,0.57722,1476.8516,1533.52374,0.56813,0.43187,1.76403,2.32392,0.0,2.9,1.45,1.54,3.83667
248.33333,41.0,91.66667,0.443,14.0,44.0,0.30767,19.0,25.0,0.76033,9.66667,39.66667,49.33333,26.33333,6.33333,3.66667,16.0,23.0,115.0,248.33333,42.0,93.0,0.448,15.33333,44.0,0.348,18.66667,25.33333,0.73633,9.0,37.66667,46.66667,25.0,9.33333,3.66667,13.0,23.33333,118.0,0,0.05009,-0.05009,0.24946,0.27083,0.53024,0.51673,0.59554,0.58614,1499.56437,1499.00758,0.50662,0.49338,1.97507,2.02812,0.66667,248.33333,46.66667,96.0,0.48733,15.66667,42.0,0.37833,19.33333,24.66667,0.80067,12.66667,29.33333,42.0,27.33333,8.66667,4.33333,16.0,20.0,128.33333,248.33333,47.66667,95.33333,0.508,16.0,39.66667,0.42667,15.66667,22.66667,0.67233,12.33333,32.66667,45.0,29.33333,9.0,5.33333,16.33333,20.33333,127.0,0,-0.02499,0.02499,0.40171,0.39644,0.5942,0.56822,0.64184,0.63268,1526.7051,1502.64564,0.45762,0.54238,2.19053,1.8471,0.66667,2.40333,3.07,2.83,3.54667
240.0,43.0,84.66667,0.507,12.66667,31.0,0.41,15.0,20.33333,0.68167,10.33333,36.66667,47.0,24.66667,6.33333,8.33333,18.33333,23.66667,113.66667,240.0,37.66667,88.0,0.42867,13.33333,35.66667,0.373,21.33333,27.66667,0.76433,9.33333,30.0,39.33333,22.33333,10.0,4.33333,12.66667,19.33333,110.0,1,-0.04081,0.04081,0.26067,0.36275,0.50453,0.58163,0.58491,0.6359,1484.37947,1503.16796,0.51973,0.48027,1.9264,2.08499,0.33333,240.0,40.0,91.0,0.43767,19.33333,46.66667,0.41,14.66667,18.33333,0.83133,10.66667,32.66667,43.33333,26.0,11.33333,4.0,15.0,20.66667,114.0,240.0,41.0,80.66667,0.508,14.0,36.66667,0.38433,15.33333,21.66667,0.68367,5.66667,37.33333,43.0,27.33333,7.0,3.66667,19.0,18.66667,111.33333,1,-0.0131,0.0131,0.17776,0.29695,0.59464,0.54397,0.65076,0.60009,1496.61014,1494.90879,0.50463,0.49537,1.98506,2.02253,0.66667,1.85,3.17333,2.43333,2.48
240.0,44.0,96.33333,0.45933,17.33333,43.33333,0.381,15.33333,19.0,0.838,14.33333,31.0,45.33333,27.33333,11.66667,4.33333,13.66667,22.66667,120.66667,240.0,41.0,82.0,0.499,14.0,34.33333,0.425,19.33333,24.66667,0.77,7.0,35.66667,42.66667,25.0,6.33333,5.0,19.33333,19.66667,115.33333,1,-0.06302,0.06302,0.23486,0.39956,0.58418,0.55032,0.65754,0.60433,1493.49236,1505.30037,0.52584,0.47416,1.90644,2.11512,0.66667,240.0,35.66667,85.33333,0.418,9.0,31.66667,0.276,14.66667,19.66667,0.72667,9.33333,34.66667,44.0,22.0,8.66667,4.33333,11.33333,16.66667,95.0,240.0,39.33333,92.33333,0.432,12.33333,33.66667,0.37267,11.33333,14.33333,0.79833,13.66667,37.0,50.66667,21.0,6.66667,4.0,13.33333,18.33333,102.33333,1,0.1152,-0.1152,0.4228,0.25714,0.50054,0.47052,0.54405,0.52917,1514.22843,1483.88487,0.47384,0.52616,2.11421,1.90349,0.66667,1.29333,4.9,2.75,1.5
240.0,40.66667,88.66667,0.45833,15.33333,39.66667,0.38467,12.0,19.0,0.60933,9.33333,37.33333,46.66667,22.0,5.0,7.66667,16.0,17.0,108.66667,240.0,47.0,95.0,0.49833,9.33333,25.66667,0.35633,13.66667,18.66667,0.73367,11.0,37.0,48.0,25.33333,11.33333,4.66667,10.33333,18.33333,117.0,1,0.11557,-0.11557,0.29514,0.25663,0.54842,0.54423,0.59493,0.58496,1501.14289,1512.81839,0.52561,0.47439,1.90322,2.10889,0.66667,240.0,39.66667,94.0,0.42267,12.0,35.66667,0.32433,17.33333,20.66667,0.85567,9.0,31.0,40.0,21.66667,8.33333,4.66667,12.33333,19.33333,108.66667,240.0,46.66667,86.66667,0.538,18.33333,40.66667,0.44767,15.33333,22.33333,0.69967,7.0,39.66667,46.66667,31.33333,9.0,4.66667,16.66667,19.66667,127.0,1,0.22983,-0.22983,0.23338,0.23048,0.64412,0.48518,0.6936,0.55051,1525.26991,1465.85093,0.4404,0.5596,2.27284,1.78805,1.0,1.44333,3.03333,9.66667,1.07
248.33333,43.66667,96.33333,0.45367,16.33333,35.66667,0.45433,16.0,19.0,0.832,9.66667,34.33333,44.0,24.33333,7.0,3.0,7.33333,15.66667,119.66667,248.33333,44.66667,89.33333,0.5,13.33333,31.66667,0.42067,12.0,17.0,0.72967,9.0,39.66667,48.66667,26.33333,3.0,6.0,14.0,18.66667,114.66667,0,-0.06244,0.06244,0.26079,0.24301,0.57449,0.53895,0.61628,0.59587,1498.21269,1485.44926,0.4779,0.5221,2.12854,1.94772,0.0,248.33333,46.0,94.0,0.492,16.0,36.66667,0.43767,18.33333,23.66667,0.768,11.0,33.66667,44.66667,30.33333,7.66667,3.33333,12.33333,16.33333,126.33333,248.33333,44.66667,89.66667,0.49833,12.66667,32.33333,0.39467,11.33333,18.0,0.63533,10.33333,33.66667,44.0,25.33333,7.0,5.33333,16.66667,19.66667,113.33333,0,-0.15841,0.15841,0.30661,0.33907,0.56858,0.57761,0.60523,0.63934,1452.77763,1494.36816,0.53888,0.46112,1.85981,2.17512,0.0,3.17333,1.65667,1.60333,2.77
240.0,37.33333,82.0,0.454,8.66667,31.66667,0.25733,15.66667,23.33333,0.64,10.66667,36.0,46.66667,19.66667,8.33333,3.0,16.0,16.66667,99.0,240.0,35.0,79.66667,0.44067,16.66667,44.0,0.383,14.0,19.0,0.702,7.66667,31.66667,39.33333,25.66667,8.0,3.0,15.33333,21.0,100.66667,0,0.01654,-0.01654,0.21512,0.33496,0.54522,0.50549,0.60094,0.56648,1503.68868,1495.30717,0.49443,0.50557,2.02458,1.97992,0.66667,240.0,41.0,83.0,0.49633,16.66667,37.0,0.45367,17.33333,20.66667,0.82067,6.33333,34.66667,41.0,22.33333,6.66667,3.0,16.33333,16.33333,116.0,240.0,45.0,91.0,0.49467,17.66667,37.0,0.47633,16.0,20.0,0.81667,10.0,32.33333,42.33333,29.0,10.66667,6.0,11.0,20.0,123.66667,0,0.09388,-0.09388,0.28684,0.18627,0.5915,0.59659,0.64784,0.66823,1519.6463,1475.56126,0.4503,0.5497,2.22315,1.8205,0.66667,1.95,2.07333,4.66667,1.29
240.0,35.33333,87.66667,0.40267,12.33333,36.66667,0.33667,22.0,27.0,0.81,10.0,35.33333,45.33333,28.66667,10.0,5.33333,12.33333,18.66667,105.0,240.0,43.0,90.0,0.48467,11.33333,35.66667,0.32533,15.66667,21.66667,0.731,11.0,41.33333,52.33333,31.33333,7.66667,4.33333,14.66667,21.0,113.0,1,0.09597,-0.09597,0.30696,0.24711,0.54992,0.47302,0.60443,0.56059,1535.77112,1488.49435,0.44822,0.55178,2.23712,1.81549,0.66667,248.33333,41.0,90.33333,0.454,17.33333,46.33333,0.37567,15.66667,18.66667,0.80167,6.33333,33.66667,40.0,27.0,8.66667,5.66667,12.33333,24.66667,115.0,248.33333,41.0,91.0,0.45067,9.0,29.0,0.29433,24.33333,31.33333,0.78033,13.0,40.0,53.0,25.66667,7.33333,3.66667,15.0,18.66667,115.33333,1,0.00373,-0.00373,0.38793,0.16425,0.50103,0.54983,0.59109,0.60897,1500.73883,1502.5051,0.50253,0.49747,2.00335,2.02381,0.33333,4.0,1.29667,2.54,1.68333
240.0,42.0,87.33333,0.48067,11.0,30.66667,0.35767,15.33333,20.66667,0.75733,10.0,42.0,52.0,26.0,10.0,9.33333,17.66667,18.33333,110.33333,240.0,37.0,91.33333,0.40567,11.33333,35.66667,0.326,12.66667,17.33333,0.73833,9.33333,31.66667,41.0,23.0,11.66667,5.66667,15.66667,18.33333,98.0,1,-0.164,0.164,0.22563,0.3166,0.46755,0.54409,0.51527,0.59974,1478.84547,1549.74578,0.57639,0.42361,1.73716,2.36598,0.0,240.0,44.66667,94.0,0.47533,10.0,31.0,0.32167,15.0,19.0,0.78467,11.0,39.0,50.0,25.0,9.66667,3.66667,9.33333,19.66667,114.33333,240.0,36.33333,83.33333,0.43433,11.0,36.0,0.302,12.66667,21.0,0.55067,8.0,38.33333,46.33333,20.66667,3.33333,5.0,17.33333,19.33333,96.33333,1,-0.25812,0.25812,0.2109,0.30137,0.50071,0.52868,0.54585,0.58245,1482.08574,1504.13564,0.50292,0.49708,1.98969,2.01313,0.0,1.45667,3.3,1.54667,2.66667
240.0,44.66667,87.33333,0.512,15.0,35.0,0.42633,10.66667,14.33333,0.74733,10.66667,29.33333,40.0,26.33333,11.33333,5.33333,14.0,18.33333,115.0,240.0,41.0,85.33333,0.48567,11.0,29.33333,0.36667,11.66667,16.66667,0.67567,12.0,29.66667,41.66667,24.33333,6.0,3.66667,16.66667,17.33333,104.66667,1,-0.1478,0.1478,0.41435,0.36472,0.5509,0.59798,0.59683,0.63598,1509.10802,1515.18505,0.49074,0.50926,2.04817,1.97306,0.33333,240.0,38.66667,79.66667,0.48567,11.33333,29.33333,0.37033,15.66667,23.0,0.66933,8.33333,31.66667,40.0,20.0,6.33333,3.33333,12.66667,18.33333,104.33333,240.0,38.0,80.66667,0.47167,16.66667,40.0,0.41067,21.0,23.66667,0.895,9.0,32.33333,41.33333,25.66667,5.0,3.33333,11.0,21.0,113.66667,1,0.1331,-0.1331,0.28144,0.25709,0.574,0.55554,0.66174,0.61392,1535.17049,1499.79487,0.46592,0.53408,2.14891,1.87404,0.66667,1.54667,4.22333,2.00667,1.92333
240.0,37.66667,88.66667,0.42467,15.33333,41.33333,0.369,26.0,32.33333,0.80267,8.33333,35.66667,44.0,17.66667,7.66667,3.0,13.0,23.66667,116.66667,240.0,42.33333,87.33333,0.48133,12.66667,35.66667,0.352,23.66667,29.66667,0.79033,8.33333,39.66667,48.0,24.0,7.0,7.33333,13.33333,25.66667,121.0,1,0.04175,-0.04175,0.25606,0.20658,0.55229,0.51109,0.64217,0.61071,1486.17486,1482.22653,0.50104,0.49896,2.00208,2.01071,0.66667,240.0,48.66667,88.33333,0.55067,15.0,35.66667,0.41867,15.33333,19.0,0.806,9.66667,32.33333,42.0,28.0,6.0,4.0,15.0,19.66667,127.66667,240.0,46.33333,88.66667,0.52433,15.0,34.66667,0.43467,17.66667,25.66667,0.695,9.0,25.0,34.0,33.0,8.66667,4.33333,9.33333,17.33333,125.33333,1,-0.02044,0.02044,0.27746,0.3907,0.60946,0.63519,0.66605,0.68946,1475.26771,1489.82607,0.51489,0.48511,1.9439,2.06342,0.66667,2.03333,2.15,2.41333,1.74667
240.0,43.66667,88.66667,0.494,15.66667,37.33333,0.41833,18.33333,25.33333,0.72433,11.66667,33.0,44.66667,22.66667,7.33333,6.66667,11.33333,20.33333,121.33333,240.0,41.33333,85.66667,0.48633,16.33333,40.0,0.41633,18.33333,23.66667,0.79433,7.66667,31.66667,39.33333,32.0,5.0,7.0,12.0,19.66667,117.33333,0,-0.0389,0.0389,0.22887,0.38603,0.58247,0.58285,0.64921,0.64672,1497.13433,1503.23058,0.49826,0.50174,2.02006,2.00458,0.66667,248.33333,41.33333,90.33333,0.45867,13.66667,39.0,0.34833,21.66667,27.66667,0.79067,12.0,35.33333,47.33333,26.0,7.0,4.66667,15.66667,20.0,118.0,248.33333,45.0,95.33333,0.47333,18.66667,45.66667,0.41133,15.0,21.0,0.70833,9.0,36.0,45.0,25.0,9.33333,4.66667,13.0,19.66667,123.66667,0,0.06321,-0.06321,0.25649,0.33147,0.57144,0.53419,0.62012,0.61262,1487.51651,1469.4683,0.48725,0.51275,2.0581,1.95541,0.66667,1.93333,1.99,4.58333,1.23333
240.0,38.0,92.0,0.412,10.0,32.0,0.31333,20.33333,28.0,0.72733,13.0,35.0,48.0,18.0,7.0,5.0,14.33333,20.66667,106.33333,240.0,44.0,88.0,0.49767,16.33333,40.0,0.40433,16.0,20.66667,0.78533,6.33333,40.66667,47.0,27.33333,8.0,7.33333,14.0,21.33333,120.33333,0,0.17462,-0.17462,0.19252,0.32593,0.58929,0.46609,0.64791,0.54061,1491.78367,1485.23425,0.50906,0.49094,1.96544,2.03812,1.0,240.0,42.0,84.66667,0.501,13.0,33.0,0.397,12.66667,16.33333,0.77333,7.0,32.66667,39.66667,25.33333,7.66667,2.66667,15.66667,19.0,109.66667,240.0,42.66667,84.33333,0.50467,19.0,38.0,0.49967,19.0,24.0,0.784,8.0,33.0,41.0,27.0,7.0,4.66667,12.0,18.0,123.33333,0,0.17548,-0.17548,0.25317,0.2112,0.61778,0.57963,0.68888,0.62813,1524.32734,1500.97791,0.48197,0.51803,2.09062,1.94369,1.0,2.12333,1.87667,5.75,1.17667
240.0,36.33333,86.66667,0.42267,15.0,42.66667,0.35667,20.33333,24.33333,0.84633,10.0,33.0,43.0,20.0,8.0,5.33333,13.33333,25.33333,108.0,240.0,35.66667,83.33333,0.42833,14.33333,36.33333,0.38367,28.66667,34.66667,0.84367,10.33333,38.0,48.33333,25.66667,6.66667,6.66667,13.33333,18.66667,114.33333,1,0.08354,-0.08354,0.31997,0.26768,0.51434,0.50893,0.62911,0.58872,1515.43936,1495.80445,0.47806,0.52194,2.09809,1.92059,1.0,240.0,46.33333,89.33333,0.51967,13.0,34.33333,0.381,12.66667,15.33333,0.83633,8.33333,33.66667,42.0,29.33333,5.33333,3.33333,14.0,19.66667,118.33333,240.0,43.0,87.0,0.493,13.33333,31.0,0.43267,18.33333,24.66667,0.74467,9.0,29.33333,38.33333,28.0,7.33333,3.0,10.66667,19.0,117.66667,1,-0.01601,0.01601,0.27399,0.29086,0.56912,0.59236,0.63534,0.63955,1483.793,1492.17964,0.50518,0.49482,1.9806,2.02218,0.66667,2.07333,1.80667,2.34333,1.88
240.0,38.33333,86.33333,0.44333,14.0,37.66667,0.372,18.66667,23.33333,0.78933,12.66667,33.33333,46.0,29.0,10.66667,5.33333,13.66667,16.33333,109.33333,240.0,38.0,87.0,0.44133,14.0,42.66667,0.32333,15.0,19.0,0.80333,11.66667,32.66667,44.33333,29.0,8.33333,3.66667,16.33333,19.33333,105.0,0,-0.05986,0.05986,0.35695,0.43723,0.52352,0.52445,0.58197,0.59768,1513.77481,1492.53603,0.46229,0.53771,2.17395,1.86602,0.33333,240.0,38.33333,86.33333,0.445,11.0,33.33333,0.343,18.0,22.0,0.801,11.66667,37.66667,49.33333,24.0,6.66667,5.66667,17.33333,21.66667,105.66667,240.0,36.66667,87.0,0.42167,16.66667,46.33333,0.35933,18.33333,24.0,0.77433,10.0,33.33333,43.33333,24.66667,11.0,5.33333,14.33333,21.33333,108.33333,0,0.05465,-0.05465,0.28197,0.37895,0.51748,0.50901,0.58699,0.58007,1503.11803,1497.25146,0.49905,0.50095,2.00463,1.99707,0.66667,3.88333,1.31667,4.08333,1.29333
240.0,42.66667,86.33333,0.49433,10.0,26.33333,0.389,14.33333,19.33333,0.68133,12.0,35.66667,47.66667,21.33333,4.0,3.33333,14.0,18.33333,109.66667,240.0,40.33333,86.0,0.46933,15.33333,37.66667,0.408,19.33333,23.66667,0.824,8.0,29.66667,37.66667,26.66667,7.33333,6.33333,8.66667,18.66667,115.33333,0,0.08217,-0.08217,0.22333,0.41541,0.56084,0.55243,0.63639,0.60413,1510.17172,1489.23624,0.48154,0.51846,2.12828,1.97181,0.66667,240.0,37.33333,87.0,0.42967,11.66667,31.33333,0.36267,13.0,16.33333,0.76933,8.33333,33.33333,41.66667,22.0,5.66667,5.0,12.66667,16.33333,99.33333,240.0,39.66667,88.33333,0.44833,15.66667,40.0,0.38833,10.66667,15.66667,0.68033,11.66667,36.66667,48.33333,23.66667,6.0,4.0,15.0,17.66667,105.66667,0,0.08681,-0.08681,0.35359,0.23255,0.53638,0.49807,0.57476,0.55046,1521.6095,1529.33531,0.52282,0.47718,1.91272,2.09568,0.66667,3.98,1.54667,2.37333,1.80333
240.0,39.33333,91.0,0.43233,12.66667,37.66667,0.33567,20.0,25.66667,0.78667,12.0,31.0,43.0,23.33333,8.66667,4.66667,14.66667,21.66667,111.33333,240.0,45.66667,85.66667,0.53233,14.0,32.33333,0.425,22.0,28.0,0.81133,7.66667,36.33333,44.0,26.33333,8.33333,6.0,14.0,23.66667,127.33333,0,0.19566,-0.19566,0.24811,0.32976,0.61302,0.50179,0.6931,0.57544,1502.56752,1456.69118,0.46456,0.53544,2.15841,1.87157,1.0,240.0,37.33333,87.33333,0.428,8.66667,31.0,0.287,19.66667,23.66667,0.847,9.33333,38.66667,48.0,22.66667,7.33333,8.33333,11.0,17.33333,103.0,240.0,37.66667,94.0,0.403,11.33333,38.33333,0.29467,18.0,22.66667,0.798,12.0,39.66667,51.66667,23.0,5.66667,2.0,11.0,19.66667,104.66667,0,0.02321,-0.02321,0.30942,0.24966,0.46277,0.47796,0.53013,0.55752,1541.23943,1493.71064,0.44233,0.55767,2.27395,1.80043,0.33333,5.5,1.16667,3.2,1.38333
240.0,39.0,84.66667,0.46167,8.33333,27.66667,0.312,15.0,19.33333,0.774,11.66667,32.66667,44.33333,22.0,8.0,7.33333,14.33333,21.66667,101.33333,240.0,38.0,81.33333,0.46767,10.66667,30.0,0.354,21.0,26.66667,0.796,9.66667,32.0,41.66667,26.0,7.0,5.33333,12.33333,17.33333,107.66667,1,0.09496,-0.09496,0.29596,0.36793,0.53347,0.51076,0.61853,0.57047,1501.08726,1463.46854,0.45948,0.54052,2.1873,1.8566,0.66667,240.0,39.66667,91.66667,0.43333,9.0,30.0,0.30067,15.33333,21.0,0.74367,12.0,31.33333,43.33333,20.66667,7.33333,2.66667,16.66667,17.66667,103.66667,240.0,45.0,88.33333,0.50867,15.0,37.66667,0.39667,17.0,21.0,0.82833,9.0,36.33333,45.33333,24.33333,11.66667,6.33333,15.66667,20.33333,122.0,1,0.23554,-0.23554,0.28696,0.33544,0.59361,0.4828,0.6562,0.53947,1512.58281,1478.67435,0.48218,0.51782,2.07595,1.93282,1.0,2.63667,1.68667,2.86667,1.49333
256.66667,43.33333,92.66667,0.46867,15.0,37.33333,0.406,18.66667,21.66667,0.849,9.66667,37.0,46.66667,28.33333,5.66667,6.66667,14.0,16.33333,120.33333,256.66667,48.33333,99.66667,0.48367,14.66667,33.33333,0.433,12.33333,15.66667,0.80133,12.0,34.33333,46.33333,26.66667,9.33333,5.0,11.66667,18.33333,123.66667,0,0.0324,-0.0324,0.32547,0.28228,0.55635,0.55019,0.59721,0.61919,1462.95689,1533.53456,0.60614,0.39386,1.65027,2.54068,0.66667,256.66667,43.33333,90.66667,0.48033,16.0,37.0,0.41967,15.66667,18.33333,0.838,10.0,36.33333,46.33333,25.33333,8.33333,9.66667,14.66667,20.33333,118.33333,256.66667,42.33333,92.66667,0.453,12.33333,32.66667,0.36367,16.33333,23.0,0.69733,12.66667,33.33333,46.0,26.0,8.66667,5.33333,13.66667,17.33333,113.33333,0,-0.08771,0.08771,0.35366,0.30171,0.51717,0.56971,0.5757,0.6268,1457.79109,1503.52081,0.56143,0.43857,1.79556,2.30899,0.66667,1.59,3.22,1.32667,5.06667
248.33333,40.0,86.0,0.46567,14.33333,40.33333,0.35733,20.66667,26.0,0.80933,9.33333,36.0,45.33333,24.66667,7.33333,4.66667,14.33333,26.33333,115.0,248.33333,37.33333,86.33333,0.43067,13.0,40.33333,0.32233,24.0,29.0,0.82267,9.0,34.33333,43.33333,19.33333,8.0,2.33333,13.66667,23.33333,111.66667,1,-0.04413,0.04413,0.26021,0.27955,0.50565,0.54929,0.60286,0.62785,1485.33202,1491.66896,0.50608,0.49392,1.98212,2.03183,0.33333,240.0,37.0,88.66667,0.417,12.33333,40.33333,0.30433,14.0,18.33333,0.756,14.66667,33.33333,48.0,26.33333,8.66667,5.33333,15.0,21.0,100.33333,240.0,37.66667,80.33333,0.471,12.33333,32.0,0.38367,17.33333,22.66667,0.76233,7.0,33.0,40.0,26.0,9.33333,6.33333,14.33333,15.66667,105.0,1,0.06632,-0.06632,0.20647,0.44315,0.5489,0.48625,0.61865,0.54076,1501.92677,1488.77186,0.49016,0.50984,2.06389,1.98549,0.66667,2.11333,1.92667,2.26667,1.94667
240.0,42.33333,90.33333,0.468,12.0,35.66667,0.32367,13.66667,17.66667,0.77767,9.0,36.66667,45.66667,24.0,6.0,4.33333,16.33333,20.33333,110.33333,240.0,42.66667,90.0,0.475,18.33333,44.33333,0.41333,17.0,24.66667,0.685,9.0,34.0,43.0,26.66667,10.66667,4.0,11.66667,17.0,120.66667,0,0.13286,-0.13286,0.24881,0.27659,0.57763,0.53363,0.63349,0.58448,1491.39443,1466.39798,0.4772,0.5228,2.09781,1.91446,0.66667,240.0,41.33333,95.66667,0.43433,12.66667,38.66667,0.32533,12.66667,15.33333,0.817,10.0,34.33333,44.33333,26.33333,8.0,5.0,10.66667,18.33333,108.0,240.0,44.66667,87.66667,0.509,11.0,30.66667,0.358,14.0,19.0,0.74333,6.66667,38.33333,45.0,24.33333,4.66667,7.66667,14.66667,17.66667,114.33333,0,0.08747,-0.08747,0.19463,0.25616,0.57155,0.50225,0.6218,0.54951,1528.08051,1489.46638,0.45132,0.54868,2.22616,1.82874,0.33333,5.91667,1.20667,4.08333,1.29333
240.0,43.33333,89.0,0.487,16.66667,35.33333,0.47033,16.0,21.33333,0.759,9.66667,38.0,47.66667,25.66667,8.0,8.66667,13.0,16.0,119.33333,240.0,39.66667,90.0,0.44267,10.33333,33.0,0.31467,12.0,15.66667,0.763,8.0,35.33333,43.33333,24.33333,7.66667,5.33333,12.66667,19.33333,101.66667,1,-0.2298,0.2298,0.20679,0.28458,0.49982,0.58047,0.54586,0.63677,1494.5868,1573.75103,0.58693,0.41307,1.70737,2.4313,0.0,240.0,42.33333,93.66667,0.455,15.33333,43.0,0.35667,19.0,24.66667,0.75033,7.66667,31.66667,39.33333,24.33333,10.33333,3.0,14.66667,23.33333,119.0,240.0,42.0,87.66667,0.47933,16.66667,41.0,0.40333,23.0,27.33333,0.849,9.33333,40.33333,49.66667,22.0,8.33333,3.66667,19.0,21.33333,123.66667,1,0.05847,-0.05847,0.29553,0.18804,0.57395,0.53657,0.66016,0.602,1475.35766,1474.85861,0.50711,0.49289,1.97864,2.03646,0.66667,1.58667,3.27667,1.65667,2.35
240.0,39.66667,85.0,0.46767,9.33333,28.33333,0.34,13.66667,18.33333,0.73867,12.66667,35.66667,48.33333,23.0,6.33333,5.0,15.33333,20.0,102.33333,240.0,37.33333,83.0,0.45067,14.0,37.66667,0.36967,17.66667,21.33333,0.82867,6.66667,29.66667,36.33333,24.66667,6.0,4.66667,10.0,18.33333,106.33333,0,0.06266,-0.06266,0.19077,0.42276,0.5352,0.52263,0.60751,0.5755,1528.31981,1473.65126,0.43514,0.56486,2.30297,1.77271,0.33333,240.0,38.66667,80.33333,0.481,14.33333,30.0,0.44767,12.66667,18.0,0.71033,10.33333,37.33333,47.66667,27.0,9.0,6.66667,18.66667,18.0,104.33333,240.0,34.66667,86.66667,0.40133,8.66667,29.66667,0.3,10.0,16.66667,0.58467,12.0,29.0,41.0,21.66667,10.33333,7.0,14.0,17.0,88.0,0,-0.24048,0.24048,0.32009,0.35774,0.45168,0.56891,0.48843,0.61816,1480.29511,1502.73817,0.50893,0.49107,1.98056,2.05515,0.0,3.65,1.36,1.74667,3.75667
240.0,40.33333,86.0,0.46933,13.66667,40.66667,0.33767,20.66667,24.66667,0.84767,10.66667,38.0,48.66667,24.0,6.66667,3.0,12.0,24.0,115.0,240.0,31.66667,79.33333,0.397,9.33333,36.66667,0.249,24.33333,28.66667,0.852,7.66667,32.0,39.66667,15.33333,6.0,2.66667,13.33333,20.66667,97.0,1,-0.27098,0.27098,0.21789,0.33643,0.45492,0.54929,0.56229,0.62994,1484.01671,1493.11301,0.49806,0.50194,2.01778,2.00273,0.33333,240.0,39.33333,84.33333,0.46733,13.33333,36.0,0.36833,19.0,23.66667,0.80733,7.66667,31.33333,39.0,24.33333,5.66667,3.66667,15.33333,25.33333,111.0,240.0,42.0,84.0,0.50033,11.33333,28.33333,0.39533,21.33333,31.0,0.703,9.66667,34.33333,44.0,27.0,8.0,3.33333,13.0,23.33333,116.66667,1,0.06763,-0.06763,0.30723,0.23371,0.56736,0.54695,0.64212,0.62173,1498.32774,1493.96752,0.50401,0.49599,2.00533,2.0376,0.66667,2.16333,1.90333,3.8,1.38333
265.0,45.66667,96.0,0.47567,13.0,33.0,0.378,17.66667,22.33333,0.78433,10.33333,36.33333,46.66667,27.33333,9.33333,3.0,12.66667,17.66667,122.0,265.0,45.33333,91.66667,0.50333,16.33333,43.0,0.396,13.0,16.0,0.815,8.0,37.33333,45.33333,29.0,7.0,4.66667,14.33333,24.0,120.0,1,-0.02396,0.02396,0.25088,0.27652,0.59323,0.54522,0.63906,0.60563,1528.8292,1531.58509,0.50397,0.49603,1.98514,2.0169,0.33333,240.0,42.66667,86.66667,0.49333,9.66667,31.0,0.302,21.0,28.0,0.749,9.33333,38.0,47.33333,25.66667,10.0,4.33333,12.0,22.33333,116.0,240.0,39.0,85.0,0.46033,11.0,32.0,0.31933,18.0,25.66667,0.694,9.33333,33.0,42.33333,19.33333,6.0,4.66667,14.33333,21.0,107.0,1,-0.10663,0.10663,0.24131,0.30201,0.52668,0.54909,0.5943,0.62537,1490.94073,1489.04292,0.47328,0.52672,2.12223,1.90556,0.33333,1.91667,1.98333,3.36667,1.35667
240.0,42.33333,95.33333,0.44533,16.0,42.33333,0.37767,16.0,19.0,0.84467,10.33333,28.66667,39.0,27.0,8.0,5.33333,9.33333,21.66667,116.66667,240.0,43.33333,80.66667,0.53267,15.0,35.33333,0.42267,16.66667,21.33333,0.77367,7.0,35.33333,42.33333,30.66667,4.0,4.33333,18.33333,20.33333,118.33333,0,0.01138,-0.01138,0.24455,0.3074,0.62533,0.52956,0.69284,0.58754,1509.95461,1469.66865,0.43905,0.56095,2.2794,1.7835,0.66667,240.0,39.0,89.66667,0.432,14.33333,43.0,0.335,13.33333,18.0,0.76267,10.66667,32.66667,43.33333,25.33333,7.33333,5.66667,11.0,22.0,105.66667,240.0,37.66667,76.33333,0.49267,13.66667,33.0,0.41533,18.66667,23.66667,0.76367,5.0,35.0,40.0,28.33333,3.33333,4.0,14.66667,18.66667,107.66667,0,0.03351,-0.03351,0.15319,0.32286,0.58206,0.51287,0.66178,0.56414,1493.5255,1482.40674,0.48234,0.51766,2.0778,1.93537,0.33333,7.48333,1.19,3.21667,1.46
240.0,40.66667,91.33333,0.443,16.66667,43.66667,0.37133,11.0,17.0,0.62133,9.66667,34.66667,44.33333,22.66667,5.66667,6.66667,13.0,17.0,109.0,240.0,47.0,92.66667,0.50833,11.66667,33.33333,0.35433,14.33333,18.66667,0.76567,9.33333,38.66667,48.0,23.66667,8.66667,5.0,12.0,19.33333,120.0,1,0.15004,-0.15004,0.27292,0.25245,0.57098,0.53273,0.62085,0.57107,1514.75485,1507.66488,0.50463,0.49537,1.99124,2.0282,0.66667,248.33333,43.0,87.0,0.49467,13.33333,38.66667,0.34667,7.33333,13.33333,0.55133,9.33333,35.66667,45.0,26.33333,8.66667,7.66667,19.0,22.33333,106.66667,248.33333,38.0,88.0,0.43233,12.66667,34.66667,0.364,20.0,24.66667,0.79733,9.66667,32.66667,42.33333,23.33333,10.0,4.33333,14.0,15.33333,108.66667,1,0.02969,-0.02969,0.27323,0.3059,0.50453,0.57048,0.58196,0.59279,1473.78693,1513.63872,0.55678,0.44322,1.80267,2.27081,0.66667,1.96,2.54,1.28333,3.93333
240.0,39.33333,87.0,0.45767,14.33333,36.33333,0.39533,23.33333,30.0,0.77667,6.33333,35.0,41.33333,25.0,11.33333,5.33333,16.66667,25.33333,116.33333,240.0,40.0,89.33333,0.44933,13.66667,37.66667,0.361,22.33333,29.0,0.771,11.0,38.66667,49.66667,25.66667,7.66667,5.66667,17.33333,23.33333,116.0,1,-0.00295,0.00295,0.31114,0.15857,0.52607,0.53984,0.60745,0.62567,1491.17665,1477.17107,0.47898,0.52102,2.09022,1.92122,0.33333,240.0,43.33333,89.66667,0.483,11.66667,30.0,0.384,11.0,13.0,0.79,8.33333,34.33333,42.66667,25.33333,5.66667,3.66667,12.66667,19.66667,109.33333,240.0,41.0,86.66667,0.475,12.33333,32.0,0.384,18.33333,24.66667,0.734,10.66667,34.0,44.66667,24.33333,5.33333,6.0,11.33333,17.0,112.66667,1,0.04931,-0.04931,0.30952,0.25256,0.54613,0.54795,0.61385,0.58956,1551.59891,1480.41388,0.40614,0.59386,2.46391,1.68446,0.66667,1.96667,2.16,4.43333,1.24333
240.0,43.33333,87.0,0.498,16.0,40.66667,0.40167,22.33333,27.0,0.83333,10.66667,31.33333,42.0,23.0,6.66667,4.66667,11.0,22.66667,125.0,240.0,40.33333,82.33333,0.49067,16.66667,37.33333,0.44467,24.66667,33.0,0.75133,8.33333,30.66667,39.0,30.66667,6.33333,6.0,11.0,19.66667,122.0,0,-0.02716,0.02716,0.27014,0.36752,0.59165,0.5897,0.68169,0.67262,1499.93291,1502.08383,0.49259,0.50741,2.04155,1.98056,0.66667,240.0,36.66667,84.66667,0.43467,11.66667,33.33333,0.354,21.33333,25.66667,0.85467,11.0,34.66667,45.66667,20.66667,5.66667,4.66667,17.0,20.66667,106.33333,240.0,43.33333,88.33333,0.489,17.0,38.0,0.43,14.0,17.0,0.82633,6.66667,33.66667,40.33333,30.33333,9.0,3.66667,13.0,22.66667,117.66667,0,0.13489,-0.13489,0.20958,0.34457,0.5847,0.50398,0.63779,0.59112,1487.83583,1503.94846,0.54315,0.45685,1.84214,2.19062,0.66667,2.0,1.87333,1.56,2.65
240.0,41.66667,89.0,0.46767,10.33333,31.66667,0.326,13.66667,18.0,0.76833,10.33333,39.66667,50.0,25.33333,9.66667,7.0,14.33333,17.33333,107.33333,240.0,37.33333,90.66667,0.412,10.33333,33.33333,0.317,11.0,14.66667,0.78,10.66667,33.0,43.66667,23.0,9.0,5.0,15.0,18.0,96.0,1,-0.15526,0.15526,0.276,0.31313,0.46898,0.52568,0.51138,0.57611,1477.75872,1542.44341,0.57335,0.42665,1.74615,2.3486,0.0,240.0,39.66667,87.33333,0.45433,11.33333,32.33333,0.34367,17.0,20.0,0.85833,9.66667,37.66667,47.33333,23.0,7.33333,4.33333,14.33333,22.33333,107.66667,240.0,39.33333,86.0,0.45367,15.0,42.66667,0.34533,17.66667,23.33333,0.743,9.0,33.33333,42.33333,24.33333,6.0,6.66667,13.66667,19.66667,111.33333,1,0.04725,-0.04725,0.23873,0.30159,0.54005,0.52019,0.61059,0.58783,1492.69692,1516.33435,0.52946,0.47054,1.8958,2.13447,0.33333,1.32667,4.13333,2.48667,1.85
240.0,43.33333,92.33333,0.46867,10.33333,32.33333,0.318,15.33333,20.33333,0.76367,11.0,34.66667,45.66667,27.0,11.33333,5.66667,12.66667,17.0,112.33333,240.0,37.66667,86.66667,0.43667,13.66667,37.66667,0.371,14.0,18.33333,0.80633,10.33333,34.0,44.33333,23.33333,7.33333,7.33333,17.0,20.0,103.0,0,-0.14137,0.14137,0.29588,0.33211,0.51546,0.52435,0.56895,0.57957,1477.79743,1542.57603,0.57594,0.42406,1.74332,2.37721,0.33333,240.0,44.33333,87.0,0.515,16.0,33.66667,0.46733,11.66667,14.66667,0.78633,8.66667,34.66667,43.33333,23.66667,6.33333,3.0,13.66667,17.0,116.33333,240.0,41.0,84.0,0.48733,17.66667,36.66667,0.48033,18.33333,21.66667,0.85833,7.33333,31.33333,38.66667,27.66667,7.66667,6.0,11.0,17.0,118.0,0,0.02079,-0.02079,0.21277,0.26118,0.59321,0.60795,0.66559,0.65163,1516.70043,1482.98954,0.45169,0.54831,2.2169,1.8255,0.66667,2.04667,1.95333,5.61667,1.19
240.0,44.33333,91.33333,0.48767,9.0,28.0,0.30967,11.33333,14.66667,0.777,10.66667,34.33333,45.0,33.0,10.33333,5.66667,12.33333,19.66667,109.0,240.0,37.0,86.0,0.43033,9.66667,31.33333,0.31867,13.33333,19.66667,0.643,10.33333,33.0,43.33333,23.33333,7.66667,5.66667,15.66667,18.0,97.0,1,-0.16911,0.16911,0.30331,0.31708,0.48698,0.53662,0.53648,0.57963,1469.14632,1481.92249,0.49668,0.50332,2.03057,2.00339,0.0,240.0,40.66667,89.33333,0.45967,12.66667,34.33333,0.37267,11.33333,16.0,0.71667,10.66667,31.33333,42.0,21.0,7.66667,4.66667,13.0,14.33333,105.33333,240.0,46.0,86.33333,0.53467,11.0,27.33333,0.40167,13.66667,17.66667,0.78067,7.66667,36.0,43.66667,26.0,8.0,3.33333,13.0,16.0,116.66667,1,0.14691,-0.14691,0.25924,0.2926,0.59761,0.53166,0.64798,0.57229,1514.81868,1521.26754,0.53219,0.46781,1.88104,2.14077,1.0,2.19667,1.8,2.03333,2.22333
248.33333,44.66667,92.66667,0.48367,15.66667,44.33333,0.35467,18.33333,25.33333,0.72533,11.0,38.33333,49.33333,29.0,4.33333,3.33333,18.0,21.33333,123.33333,248.33333,46.0,94.33333,0.49033,17.0,44.0,0.393,19.66667,25.66667,0.76767,9.33333,32.66667,42.0,28.0,11.33333,3.66667,13.66667,22.33333,128.66667,1,0.06568,-0.06568,0.2645,0.3338,0.58126,0.56714,0.64762,0.62803,1510.45803,1499.00285,0.49759,0.50241,2.01087,1.99159,0.66667,240.0,37.0,85.33333,0.43267,13.0,35.66667,0.36533,17.66667,22.66667,0.77467,11.33333,32.0,43.33333,26.33333,7.66667,4.66667,16.0,17.0,104.66667,240.0,40.0,87.33333,0.458,17.66667,44.0,0.39767,16.66667,19.0,0.87333,9.66667,33.33333,43.0,28.0,9.0,6.66667,15.33333,20.33333,114.33333,1,0.13205,-0.13205,0.30926,0.35602,0.55902,0.50829,0.62463,0.57874,1512.75477,1493.96117,0.48682,0.51318,2.05428,1.94873,1.0,3.11333,2.84667,3.63333,1.4
240.0,45.66667,95.0,0.48367,19.33333,42.33333,0.44333,13.66667,16.0,0.86333,12.33333,32.66667,45.0,27.66667,14.33333,5.0,14.66667,21.33333,124.33333,240.0,38.66667,84.0,0.46167,12.33333,35.66667,0.34567,15.33333,20.0,0.75467,9.33333,32.66667,42.0,24.0,6.33333,5.0,20.33333,16.33333,105.0,1,-0.23986,0.23986,0.29235,0.37688,0.53542,0.58649,0.59508,0.63488,1490.57173,1520.65568,0.52315,0.47685,1.91538,2.10196,0.33333,248.33333,41.66667,86.66667,0.48033,14.33333,40.0,0.36533,10.0,16.0,0.612,12.33333,39.0,51.33333,25.33333,5.66667,5.66667,17.0,21.33333,107.66667,248.33333,35.66667,87.66667,0.407,12.33333,37.33333,0.33533,21.66667,25.0,0.86633,9.33333,30.0,39.33333,24.33333,10.33333,6.0,10.0,17.66667,105.33333,1,-0.03848,0.03848,0.24314,0.43156,0.4776,0.56243,0.56524,0.59697,1467.28633,1519.06513,0.56758,0.43242,1.76677,2.32384,0.33333,1.33333,3.73333,1.27667,4.0
240.0,35.0,83.0,0.42267,9.0,28.0,0.31467,11.33333,18.0,0.61267,9.66667,29.33333,39.0,22.66667,10.66667,3.66667,13.0,15.66667,90.33333,240.0,38.0,84.0,0.45333,12.66667,31.33333,0.40333,10.66667,13.0,0.84,12.33333,36.0,48.33333,23.0,8.66667,5.66667,17.33333,18.0,99.33333,0,0.13613,-0.13613,0.43632,0.27021,0.52832,0.47736,0.57188,0.52039,1504.44711,1484.04431,0.49174,0.50826,2.0383,1.97156,0.66667,240.0,43.33333,97.33333,0.44533,18.33333,44.66667,0.40467,15.33333,18.33333,0.82733,10.33333,32.33333,42.66667,26.0,7.0,5.33333,9.0,18.33333,120.33333,240.0,47.33333,91.0,0.523,15.33333,39.66667,0.388,14.33333,19.33333,0.74733,8.33333,38.66667,47.0,28.33333,5.33333,4.33333,15.0,19.66667,124.33333,0,0.0488,-0.0488,0.26208,0.27179,0.60804,0.53943,0.65598,0.59409,1526.88287,1482.33775,0.44086,0.55914,2.27062,1.78962,0.66667,2.9,1.45,7.5,1.18667
240.0,41.0,85.33333,0.48067,8.66667,29.33333,0.281,11.0,17.66667,0.62733,11.0,38.0,49.0,19.66667,7.0,3.66667,12.66667,16.33333,101.66667,240.0,34.0,79.33333,0.42933,17.33333,44.0,0.401,15.33333,20.33333,0.71067,7.33333,32.33333,39.66667,24.66667,5.66667,4.33333,13.0,18.0,100.66667,0,-0.0212,0.0212,0.19846,0.3379,0.53897,0.52968,0.60129,0.56795,1507.26786,1494.41872,0.48058,0.51942,2.08117,1.92554,0.66667,240.0,44.0,91.66667,0.47967,14.0,35.66667,0.39667,14.0,15.33333,0.91233,7.33333,34.66667,42.0,27.0,7.66667,4.0,9.0,18.0,116.0,240.0,41.66667,84.66667,0.49233,10.66667,28.66667,0.37233,17.0,22.0,0.768,8.33333,35.33333,43.66667,20.66667,3.66667,5.66667,14.0,16.33333,111.0,0,-0.06454,0.06454,0.24503,0.2117,0.55571,0.55638,0.62082,0.61026,1530.99439,1481.61724,0.42199,0.57801,2.37239,1.73114,0.33333,3.1,1.9,3.91667,1.30667
240.0,37.66667,88.33333,0.426,10.0,32.33333,0.30133,13.33333,17.66667,0.75233,10.33333,35.66667,46.0,21.33333,7.0,4.0,17.0,20.0,98.66667,240.0,42.0,90.0,0.46567,13.0,33.33333,0.39433,17.66667,23.33333,0.78867,8.0,37.66667,45.66667,21.33333,11.66667,4.33333,14.0,17.66667,114.66667,0,0.21973,-0.21973,0.23231,0.27508,0.53776,0.48202,0.60264,0.53476,1506.9755,1489.44897,0.50795,0.49205,1.97095,2.03471,1.0,248.33333,42.0,89.0,0.47167,18.0,44.33333,0.40533,13.66667,18.0,0.74733,8.33333,33.33333,41.66667,31.0,10.0,5.66667,14.0,21.66667,115.66667,248.33333,42.0,89.0,0.47467,9.33333,29.0,0.30333,18.66667,24.33333,0.76867,11.66667,36.66667,48.33333,26.66667,7.33333,2.66667,17.33333,18.33333,112.0,0,-0.04633,0.04633,0.34732,0.27679,0.52932,0.57274,0.59845,0.62215,1499.52498,1497.7788,0.49399,0.50601,2.03859,1.9906,0.0,2.65,1.53667,3.01667,1.49
240.0,35.66667,84.33333,0.42133,14.33333,42.66667,0.336,15.0,21.33333,0.707,7.0,39.0,46.0,21.33333,6.0,5.33333,13.33333,17.33333,100.66667,240.0,41.33333,88.66667,0.472,9.66667,27.66667,0.32867,13.33333,20.33333,0.64633,8.0,41.33333,49.33333,26.0,8.66667,2.33333,11.0,19.0,105.66667,1,0.06509,-0.06509,0.2018,0.17401,0.52819,0.50611,0.57413,0.5647,1495.87274,1469.28851,0.46818,0.53182,2.13826,1.88193,0.33333,240.0,39.0,92.33333,0.42267,10.66667,31.0,0.34467,20.66667,27.0,0.77967,8.66667,37.0,45.66667,22.33333,7.0,4.0,14.0,21.66667,109.33333,240.0,45.33333,90.33333,0.50233,14.33333,35.0,0.41067,19.66667,25.33333,0.76933,8.66667,41.33333,50.0,28.66667,9.0,7.0,14.66667,21.0,124.66667,1,0.19606,-0.19606,0.23342,0.20429,0.58186,0.48061,0.6527,0.55668,1527.09974,1513.97167,0.50344,0.49656,1.98952,2.017,0.66667,3.5,1.40333,2.27333,2.16667
240.0,47.33333,87.0,0.54733,14.0,33.0,0.42667,13.33333,15.33333,0.87033,7.33333,33.33333,40.66667,27.66667,6.33333,2.33333,16.0,21.0,122.0,240.0,44.33333,88.0,0.50367,15.33333,34.66667,0.43933,21.0,26.33333,0.79767,11.33333,27.33333,38.66667,26.33333,8.0,5.33333,10.66667,16.66667,125.0,0,0.03479,-0.03479,0.33966,0.26069,0.59049,0.62995,0.66658,0.68049,1507.91293,1469.1318,0.44469,0.55531,2.26354,1.80884,1.0,240.0,44.0,93.66667,0.47033,13.33333,36.0,0.36867,16.33333,21.0,0.77133,11.0,40.33333,51.33333,25.0,7.66667,5.0,8.66667,17.33333,117.66667,240.0,34.33333,83.0,0.413,10.66667,35.0,0.30167,14.33333,21.0,0.63833,7.66667,37.0,44.66667,21.66667,3.66667,4.66667,14.33333,20.33333,93.66667,0,-0.33461,0.33461,0.19181,0.31448,0.47768,0.54112,0.53323,0.59851,1472.67526,1521.21975,0.53622,0.46378,1.88649,2.19595,0.0,5.16667,1.22333,1.47,3.46667
240.0,40.66667,90.0,0.45233,10.66667,31.66667,0.341,14.33333,16.0,0.89667,6.66667,43.66667,50.33333,22.0,5.0,9.33333,14.33333,21.66667,106.33333,240.0,38.0,97.0,0.39167,13.0,36.33333,0.347,19.66667,25.66667,0.77933,11.66667,39.66667,51.33333,22.33333,6.66667,5.0,10.33333,15.0,108.66667,0,0.02697,-0.02697,0.27001,0.16562,0.45824,0.51152,0.52848,0.56894,1530.0592,1522.55979,0.49578,0.50422,2.0193,1.98548,0.66667,240.0,37.33333,82.33333,0.454,12.0,30.66667,0.39167,12.66667,16.0,0.77767,6.66667,37.0,43.66667,24.66667,8.0,5.0,17.33333,13.66667,99.33333,240.0,39.0,89.33333,0.43567,11.33333,29.66667,0.382,9.66667,11.66667,0.83367,9.33333,34.66667,44.0,26.66667,13.66667,5.33333,14.33333,16.33333,99.0,0,-0.00988,0.00988,0.26625,0.19319,0.49892,0.52735,0.53722,0.57918,1472.5349,1519.49176,0.56683,0.43317,1.77251,2.32533,0.33333,2.04333,2.19,2.04333,2.71
248.33333,39.66667,83.66667,0.47533,15.66667,40.0,0.40433,10.66667,14.66667,0.689,7.33333,35.33333,42.66667,24.66667,5.33333,5.66667,17.66667,20.66667,105.66667,248.33333,37.0,86.66667,0.427,11.66667,32.33333,0.36367,17.0,21.33333,0.78633,9.0,34.33333,43.33333,22.33333,9.33333,2.66667,12.66667,18.0,102.66667,1,-0.04412,0.04412,0.25772,0.21627,0.49452,0.56854,0.56154,0.61053,1488.45157,1537.56735,0.56313,0.43687,1.78257,2.30358,0.33333,240.0,39.33333,82.0,0.47933,10.66667,26.66667,0.411,14.66667,21.0,0.70633,8.66667,35.66667,44.33333,21.33333,5.33333,7.0,16.33333,20.0,104.0,240.0,39.33333,86.66667,0.45333,14.66667,36.0,0.40933,18.33333,22.66667,0.811,7.0,31.0,38.0,23.66667,9.33333,4.66667,10.33333,21.33333,111.66667,1,0.10046,-0.10046,0.20303,0.28198,0.53835,0.54452,0.60879,0.60045,1537.40859,1490.57978,0.45012,0.54988,2.23267,1.82519,0.66667,2.06667,2.30333,3.56667,1.40333
248.33333,47.33333,91.66667,0.517,13.0,32.66667,0.382,12.33333,15.66667,0.774,9.0,30.33333,39.33333,27.66667,11.66667,3.33333,11.33333,19.33333,120.0,248.33333,42.33333,82.33333,0.51333,13.0,32.33333,0.39067,14.66667,18.33333,0.809,8.33333,32.33333,40.66667,26.66667,5.66667,3.66667,16.66667,18.66667,112.33333,1,-0.10983,0.10983,0.28304,0.27874,0.59075,0.59032,0.64947,0.6327,1509.99724,1525.14245,0.51166,0.48834,1.95699,2.05074,0.33333,248.33333,44.0,88.33333,0.497,12.33333,30.0,0.40567,18.66667,23.33333,0.81833,9.33333,31.33333,40.66667,24.66667,7.66667,2.66667,10.33333,18.66667,119.0,248.33333,41.33333,84.0,0.49167,16.0,39.0,0.40467,20.0,22.33333,0.91267,8.0,34.0,42.0,27.66667,5.0,3.33333,13.0,22.66667,118.66667,1,-0.00465,0.00465,0.2547,0.27441,0.58629,0.5701,0.66777,0.63903,1535.03565,1516.95114,0.47704,0.52296,2.10344,1.91764,0.33333,1.85,2.16667,1.99,1.93333
240.0,41.66667,96.66667,0.431,17.0,42.33333,0.402,23.0,28.66667,0.80833,9.66667,37.33333,47.0,21.66667,9.33333,3.33333,10.0,27.0,123.33333,240.0,37.66667,82.66667,0.452,9.33333,33.0,0.283,26.66667,34.0,0.786,6.66667,41.33333,48.0,21.0,4.0,7.0,15.0,24.0,111.33333,1,-0.16565,0.16565,0.20299,0.23345,0.50806,0.51942,0.61451,0.59938,1460.23156,1493.6539,0.52832,0.47168,1.89695,2.12561,0.33333,240.0,48.0,96.0,0.50233,16.66667,39.66667,0.42033,17.66667,21.0,0.84033,10.33333,33.33333,43.66667,27.33333,10.66667,4.33333,10.66667,22.66667,130.33333,240.0,42.0,82.0,0.51167,12.66667,32.0,0.39233,19.66667,28.66667,0.68933,5.33333,33.66667,39.0,28.66667,6.33333,7.33333,14.66667,18.33333,116.33333,1,-0.16863,0.16863,0.16645,0.33717,0.5887,0.58962,0.65889,0.65012,1450.46313,1517.65192,0.56923,0.43077,1.76584,2.34461,0.33333,1.56,2.6,1.63333,2.43333
240.0,36.0,88.66667,0.40667,10.66667,30.33333,0.357,16.0,24.0,0.61633,9.66667,36.33333,46.0,18.66667,7.0,4.66667,15.33333,18.66667,98.66667,240.0,42.66667,88.0,0.48233,17.33333,39.66667,0.43633,15.33333,18.33333,0.84667,5.0,43.0,48.0,26.66667,9.33333,7.33333,13.33333,21.66667,118.0,1,0.24949,-0.24949,0.14214,0.22434,0.5796,0.4671,0.63875,0.52529,1512.12473,1461.23796,0.45695,0.54305,2.26769,1.87893,1.0,240.0,42.33333,89.33333,0.47333,12.66667,36.33333,0.34967,14.66667,21.0,0.689,10.33333,32.0,42.33333,25.0,10.0,6.0,13.33333,18.0,112.0,240.0,40.0,88.66667,0.45133,15.66667,35.33333,0.43867,11.0,16.0,0.699,12.0,33.33333,45.33333,27.33333,6.33333,3.66667,16.0,17.33333,106.66667,1,-0.07169,0.07169,0.3752,0.3142,0.54007,0.54458,0.57873,0.59584,1473.5388,1508.55567,0.5408,0.4592,1.84915,2.17776,0.33333,3.10667,1.76667,1.62667,3.00333
248.33333,42.33333,93.33333,0.45467,14.66667,40.66667,0.36233,13.0,20.0,0.59967,10.33333,39.33333,49.66667,23.66667,8.33333,8.33333,10.66667,19.66667,112.33333,248.33333,41.33333,97.66667,0.42367,13.0,39.66667,0.32733,11.66667,20.0,0.58067,13.33333,39.0,52.33333,24.33333,7.0,3.66667,11.33333,19.33333,107.33333,0,-0.06865,0.06865,0.33637,0.26487,0.49048,0.53348,0.52617,0.57637,1515.28936,1506.84709,0.47718,0.52282,2.09911,1.91524,0.33333,240.0,40.33333,86.0,0.46933,15.0,33.33333,0.45433,20.0,25.0,0.78733,12.66667,36.66667,49.33333,25.66667,6.66667,6.33333,17.0,21.33333,115.66667,240.0,37.33333,88.0,0.42467,18.0,45.33333,0.39333,21.0,25.66667,0.83133,9.33333,30.66667,40.0,27.0,10.33333,6.0,14.0,21.33333,113.66667,0,-0.02235,0.02235,0.26987,0.42188,0.52703,0.55644,0.60756,0.63205,1504.26479,1503.14743,0.49112,0.50888,2.03622,1.96513,0.66667,2.50667,1.77,3.85,1.32333
240.0,43.0,88.66667,0.48633,8.66667,25.66667,0.347,13.66667,19.0,0.65367,11.33333,33.0,44.33333,21.0,5.33333,3.0,13.66667,17.0,108.33333,240.0,43.0,89.66667,0.48033,16.33333,41.0,0.395,15.33333,20.33333,0.75567,10.66667,33.0,43.66667,27.33333,7.33333,6.66667,10.0,19.0,117.66667,0,0.13008,-0.13008,0.3265,0.37171,0.57244,0.5358,0.62659,0.58404,1524.50455,1481.1641,0.4615,0.5385,2.23032,1.90673,0.66667,240.0,38.0,90.66667,0.418,8.0,29.0,0.268,14.0,18.0,0.75833,10.0,30.66667,40.66667,19.0,6.66667,4.0,10.33333,15.66667,98.0,240.0,42.33333,88.66667,0.478,18.66667,44.33333,0.41967,10.0,15.0,0.668,12.0,39.0,51.0,27.66667,4.66667,5.33333,15.33333,18.33333,113.33333,0,0.20957,-0.20957,0.39195,0.26377,0.58348,0.46304,0.61682,0.51845,1538.33083,1508.11788,0.48733,0.51267,2.07731,1.96931,1.0,3.09667,1.63,2.57333,1.74
240.0,43.66667,95.33333,0.45967,13.0,33.0,0.39167,21.66667,28.33333,0.78433,9.66667,31.0,40.66667,25.33333,9.0,3.0,12.33333,24.33333,122.0,240.0,43.66667,82.66667,0.52933,14.66667,31.0,0.478,24.33333,31.33333,0.77767,6.33333,38.66667,45.0,26.33333,8.33333,6.33333,19.0,22.33333,126.33333,0,0.05228,-0.05228,0.19591,0.24812,0.61838,0.52822,0.70658,0.60162,1522.69887,1495.89825,0.46481,0.53519,2.15604,1.87137,0.66667,240.0,39.33333,87.66667,0.447,13.0,34.66667,0.376,15.66667,22.0,0.72067,9.66667,37.66667,47.33333,22.66667,5.0,5.66667,15.0,19.0,107.33333,240.0,41.0,93.66667,0.43933,8.66667,27.66667,0.309,17.66667,23.0,0.76667,12.0,37.33333,49.33333,22.0,7.66667,5.33333,9.66667,18.66667,108.33333,0,0.02146,-0.02146,0.31648,0.26342,0.48617,0.52119,0.55058,0.57884,1494.76154,1477.92271,0.48267,0.51733,2.07204,1.93319,0.33333,3.15,1.41667,2.94667,1.6
248.33333,41.33333,87.0,0.47567,15.33333,42.66667,0.36267,14.0,17.0,0.789,7.0,35.33333,42.33333,27.0,5.66667,4.33333,13.33333,20.66667,112.0,248.33333,40.0,89.33333,0.44733,11.66667,30.66667,0.384,18.33333,23.0,0.79433,10.0,35.33333,45.33333,24.66667,7.33333,3.0,11.66667,19.33333,110.0,0,-0.02324,0.02324,0.2855,0.20416,0.51299,0.5636,0.58244,0.61873,1497.82239,1539.76749,0.55636,0.44364,1.80857,2.2753,0.33333,240.0,44.66667,90.66667,0.49167,15.0,38.33333,0.39267,21.0,27.66667,0.75967,8.0,39.33333,47.33333,30.66667,6.33333,3.0,15.0,24.66667,125.33333,240.0,41.0,89.0,0.46133,13.0,35.33333,0.376,25.33333,31.66667,0.805,8.0,33.0,41.0,25.66667,7.66667,4.0,13.0,26.33333,120.33333,0,-0.06091,0.06091,0.2148,0.25404,0.53451,0.5744,0.62822,0.64726,1486.02628,1484.37768,0.49413,0.50587,2.02565,1.9786,0.0,2.0,2.33,2.58,2.91
240.0,38.33333,91.33333,0.419,11.66667,37.33333,0.3,15.33333,19.0,0.80367,11.66667,33.66667,45.33333,23.33333,8.0,2.66667,12.66667,19.33333,103.66667,240.0,39.33333,85.0,0.46433,14.0,38.0,0.36633,15.66667,20.33333,0.76333,9.33333,37.0,46.33333,24.33333,8.0,6.33333,16.33333,17.66667,108.33333,0,0.06414,-0.06414,0.2756,0.32218,0.54688,0.48309,0.60794,0.54255,1518.00064,1534.67109,0.5282,0.4718,1.89907,2.1279,0.66667,240.0,41.0,91.33333,0.44867,14.0,39.33333,0.34833,17.0,21.0,0.84533,11.66667,35.33333,47.0,26.66667,9.33333,4.66667,14.33333,18.0,113.0,240.0,39.66667,86.66667,0.45667,15.0,42.0,0.358,17.0,19.33333,0.902,9.33333,33.66667,43.0,19.66667,9.0,5.66667,15.33333,19.66667,111.33333,0,-0.04403,0.04403,0.26081,0.34963,0.54305,0.52599,0.61017,0.58916,1500.95916,1500.01113,0.49857,0.50143,2.01447,2.00285,0.66667,2.53333,1.85667,3.31667,1.47
240.0,40.66667,90.0,0.45333,14.66667,41.33333,0.353,18.0,23.0,0.76133,11.66667,27.66667,39.33333,26.0,7.66667,4.66667,12.0,23.66667,114.0,240.0,41.33333,77.33333,0.53167,14.33333,34.0,0.41867,17.33333,22.33333,0.76567,6.33333,31.66667,38.0,27.66667,4.66667,5.0,18.0,23.33333,114.33333,0,-0.00248,0.00248,0.22698,0.36731,0.6235,0.53528,0.69534,0.60142,1493.59561,1468.80308,0.45825,0.54175,2.19236,1.85223,0.66667,240.0,35.0,89.33333,0.39133,11.0,36.33333,0.302,16.66667,20.66667,0.80967,8.66667,37.33333,46.0,21.33333,9.66667,8.33333,12.0,17.33333,97.66667,240.0,36.66667,91.33333,0.40567,11.66667,37.33333,0.318,19.66667,23.33333,0.84367,11.0,43.33333,54.33333,25.66667,9.33333,4.0,15.0,18.33333,104.66667,0,0.09663,-0.09663,0.28916,0.20061,0.46968,0.45312,0.54763,0.52046,1538.80742,1476.39044,0.42698,0.57302,2.37264,1.75843,0.66667,4.51667,1.31,3.2,1.38333
240.0,44.0,90.0,0.49167,14.0,32.33333,0.43833,16.33333,19.66667,0.82067,13.33333,36.66667,50.0,25.33333,4.66667,6.33333,14.33333,24.66667,118.33333,240.0,37.33333,85.66667,0.43633,14.0,36.33333,0.38533,24.33333,29.66667,0.82967,7.33333,30.0,37.33333,25.0,7.66667,6.0,9.0,19.0,113.0,0,-0.06515,0.06515,0.20661,0.44608,0.51811,0.57055,0.61355,0.63129,1492.97334,1505.69573,0.51102,0.48898,1.95874,2.04725,0.0,248.33333,44.33333,91.66667,0.48533,14.33333,41.0,0.352,16.0,21.66667,0.758,12.66667,31.33333,44.0,27.66667,7.0,4.0,18.33333,17.33333,119.0,248.33333,45.66667,95.66667,0.48133,15.66667,42.33333,0.37267,14.66667,19.66667,0.71767,13.66667,31.33333,45.0,27.33333,11.0,4.33333,17.0,20.66667,121.66667,0,0.02795,-0.02795,0.44097,0.4082,0.56482,0.56248,0.61428,0.61736,1521.33481,1500.04409,0.47556,0.52444,2.10624,1.90925,0.66667,2.16,2.37667,3.09667,3.51333
240.0,36.0,83.66667,0.43133,8.0,27.33333,0.28533,12.66667,19.33333,0.64767,11.33333,31.66667,43.0,21.33333,8.66667,3.66667,13.33333,17.0,92.66667,240.0,37.66667,82.66667,0.456,11.66667,32.0,0.36733,11.33333,14.66667,0.79167,10.0,35.33333,45.33333,24.0,9.33333,4.66667,16.0,17.66667,98.33333,0,0.08297,-0.08297,0.31667,0.32413,0.5266,0.47969,0.57243,0.52825,1508.85331,1479.54717,0.47089,0.52911,2.13255,1.89668,0.66667,240.0,39.0,87.33333,0.44833,10.0,29.33333,0.33867,15.0,19.66667,0.77367,10.66667,35.0,45.66667,19.33333,8.33333,4.0,14.66667,22.66667,103.0,240.0,37.0,86.0,0.42867,12.0,40.0,0.31067,19.0,26.0,0.74967,10.33333,35.33333,45.66667,20.33333,9.33333,3.33333,16.0,20.66667,105.0,0,-0.00488,0.00488,0.29132,0.30455,0.49792,0.50663,0.57129,0.56523,1514.8315,1478.67185,0.44769,0.55231,2.2501,1.81861,0.66667,3.43333,1.38,2.91667,1.48333
256.66667,44.66667,94.66667,0.47333,15.0,41.33333,0.364,17.0,20.33333,0.82567,10.33333,32.0,42.33333,27.33333,5.33333,8.0,11.0,20.33333,121.33333,256.66667,48.33333,96.0,0.503,13.0,31.0,0.40433,17.33333,21.66667,0.797,12.33333,35.33333,47.66667,25.0,7.0,4.0,11.66667,18.33333,127.0,1,0.05956,-0.05956,0.40862,0.29712,0.56892,0.55274,0.62912,0.61262,1463.05774,1527.55482,0.60591,0.39409,1.65092,2.53931,0.66667,248.33333,38.66667,92.33333,0.418,10.66667,31.33333,0.33633,15.66667,19.0,0.81567,9.66667,32.66667,42.33333,22.33333,12.0,4.33333,14.33333,22.66667,103.66667,248.33333,39.33333,86.33333,0.457,10.0,25.66667,0.38967,24.33333,29.33333,0.85467,13.0,39.33333,52.33333,24.33333,9.33333,9.0,17.0,16.33333,113.0,1,0.12584,-0.12584,0.38773,0.24862,0.51599,0.47571,0.61273,0.5363,1537.22774,1484.80386,0.43753,0.56247,2.33835,1.80658,1.0,1.41333,3.65,3.06667,1.42667
248.33333,44.33333,84.33333,0.52967,15.33333,34.66667,0.42733,19.0,25.0,0.77633,5.66667,41.33333,47.0,29.66667,8.33333,5.33333,19.66667,22.33333,123.0,248.33333,44.66667,96.66667,0.46233,14.33333,38.0,0.37233,15.66667,22.66667,0.682,10.33333,31.66667,42.0,24.0,10.33333,3.0,12.33333,21.66667,119.33333,1,-0.05186,0.05186,0.25917,0.17218,0.53676,0.62075,0.58738,0.68941,1491.55315,1474.74491,0.45989,0.54011,2.1852,1.85873,0.66667,240.0,36.0,90.66667,0.39667,12.66667,42.66667,0.29333,14.33333,20.33333,0.677,15.66667,34.33333,50.0,22.33333,8.0,7.33333,13.33333,20.0,99.0,240.0,38.66667,85.0,0.462,12.66667,34.33333,0.37467,15.0,20.33333,0.70667,8.66667,35.0,43.66667,27.0,9.0,7.33333,12.0,16.33333,105.0,1,0.08447,-0.08447,0.2407,0.45302,0.53913,0.466,0.59798,0.5197,1501.02729,1499.79625,0.50799,0.49201,1.98209,2.04861,0.66667,4.17333,1.52667,1.95667,2.19333
240.0,41.66667,92.66667,0.45067,12.0,32.66667,0.369,13.33333,17.33333,0.789,12.0,31.33333,43.33333,22.33333,6.66667,3.33333,11.33333,24.33333,108.66667,240.0,38.66667,80.0,0.48333,11.33333,30.33333,0.37433,26.0,31.66667,0.82633,9.0,33.66667,42.66667,23.0,7.66667,5.66667,12.0,19.33333,114.66667,1,0.07478,-0.07478,0.31033,0.3545,0.55374,0.51547,0.65931,0.56417,1523.29012,1503.14096,0.48088,0.51912,2.08249,1.92879,0.66667,240.0,40.33333,85.33333,0.47233,10.66667,33.66667,0.29933,18.33333,25.0,0.719,6.0,33.66667,39.66667,22.66667,7.0,3.0,16.66667,21.66667,109.66667,240.0,38.33333,87.0,0.43967,13.66667,35.66667,0.37167,20.66667,24.33333,0.844,10.33333,36.33333,46.66667,19.0,9.66667,2.0,17.0,23.66667,111.0,1,0.00676,-0.00676,0.31035,0.16474,0.51729,0.53344,0.59917,0.60375,1481.12165,1515.64778,0.55116,0.44884,1.83905,2.27541,0.66667,2.51667,1.59,1.52,3.2
240.0,40.33333,88.0,0.45833,9.0,32.33333,0.26667,17.0,21.66667,0.76367,9.33333,34.33333,43.66667,25.33333,5.66667,7.0,13.66667,21.0,106.66667,240.0,42.0,87.66667,0.47867,12.0,30.33333,0.39567,17.0,23.33333,0.74033,10.0,34.0,44.0,25.66667,9.0,3.66667,12.66667,19.0,113.0,1,0.0771,-0.0771,0.29407,0.28074,0.54692,0.5093,0.60819,0.57488,1487.74783,1526.98676,0.5696,0.4304,1.75621,2.32481,0.66667,240.0,43.33333,83.33333,0.51967,12.66667,32.33333,0.38033,23.0,30.0,0.76867,10.66667,38.66667,49.33333,28.33333,9.33333,5.0,14.33333,23.66667,122.33333,240.0,39.66667,86.66667,0.45833,8.0,29.33333,0.26733,20.0,27.66667,0.71233,10.0,29.0,39.0,19.66667,8.0,3.33333,12.33333,22.66667,107.33333,1,-0.18758,0.18758,0.2569,0.39377,0.50445,0.59595,0.58024,0.68029,1480.59916,1502.66093,0.49995,0.50005,2.03523,2.04148,0.0,1.45,2.91667,2.89,1.59667
240.0,40.0,81.33333,0.49167,12.33333,33.0,0.37567,19.33333,26.66667,0.72667,4.66667,33.66667,38.33333,27.0,8.33333,5.0,17.0,26.66667,111.66667,240.0,38.66667,88.33333,0.43933,11.0,33.66667,0.326,22.66667,29.66667,0.766,12.66667,35.66667,48.33333,24.33333,8.33333,5.33333,14.66667,23.66667,111.0,0,-0.00764,0.00764,0.38402,0.1315,0.5013,0.56795,0.58627,0.64098,1528.97651,1481.08497,0.43157,0.56843,2.35583,1.77382,0.33333,240.0,41.0,90.66667,0.45333,7.33333,26.33333,0.28333,14.66667,20.0,0.72233,9.33333,30.66667,40.0,21.66667,7.66667,2.0,13.33333,16.66667,104.0,240.0,43.33333,88.33333,0.491,19.33333,43.33333,0.446,15.0,18.66667,0.77367,10.33333,38.33333,48.66667,27.33333,6.33333,7.0,16.0,20.66667,121.0,0,0.22441,-0.22441,0.33819,0.25009,0.6007,0.49442,0.65491,0.54854,1555.73145,1490.46135,0.43964,0.56036,2.31732,1.80805,1.0,3.01333,1.75,3.16667,1.39333
240.0,39.66667,86.0,0.46,14.0,35.0,0.398,13.33333,21.0,0.63633,8.0,37.33333,45.33333,23.33333,6.66667,5.33333,19.0,18.66667,106.66667,240.0,41.66667,94.66667,0.44133,11.33333,33.33333,0.314,16.33333,20.0,0.81267,12.33333,36.33333,48.66667,22.66667,10.0,4.66667,13.0,19.0,111.0,1,0.06122,-0.06122,0.32881,0.22311,0.50217,0.54125,0.56223,0.58809,1491.28066,1471.00436,0.47773,0.52227,2.09327,1.91474,0.66667,248.33333,39.0,86.0,0.45333,15.66667,43.33333,0.361,10.0,16.33333,0.59567,11.66667,42.0,53.66667,24.0,7.66667,7.0,16.0,20.66667,103.66667,248.33333,34.0,89.66667,0.37833,11.66667,37.0,0.32067,19.33333,24.0,0.80033,11.0,33.0,44.0,23.0,10.33333,4.66667,12.33333,18.66667,99.0,1,-0.07158,0.07158,0.26522,0.3696,0.44347,0.54399,0.52049,0.57884,1459.8997,1534.35572,0.59688,0.40312,1.67804,2.48884,0.33333,2.95667,1.58333,1.24,4.5
240.0,41.66667,89.66667,0.464,11.66667,34.66667,0.31833,17.0,21.0,0.79867,8.0,34.0,42.0,28.0,5.66667,4.0,8.66667,19.66667,112.0,240.0,44.33333,89.0,0.498,12.66667,29.66667,0.426,16.33333,24.0,0.68833,12.0,36.33333,48.33333,27.66667,6.0,3.33333,10.66667,19.0,117.66667,1,0.07252,-0.07252,0.35138,0.2316,0.56899,0.5285,0.62373,0.59307,1511.16112,1531.7186,0.54242,0.45758,1.84959,2.1947,0.66667,240.0,40.66667,88.0,0.46233,10.66667,30.0,0.353,17.0,22.33333,0.77633,10.0,38.66667,48.66667,23.66667,9.33333,7.33333,16.0,18.0,109.0,240.0,42.0,92.66667,0.45433,15.33333,42.66667,0.35367,12.0,16.66667,0.72433,10.0,34.66667,44.66667,26.33333,9.0,7.0,14.0,19.66667,111.33333,1,0.03052,-0.03052,0.25758,0.29712,0.53757,0.52358,0.58013,0.58667,1488.58944,1539.04716,0.56327,0.43673,1.77686,2.29312,0.33333,1.73333,2.50667,2.18333,2.15333
240.0,40.0,89.66667,0.44567,9.66667,32.0,0.30333,14.0,19.66667,0.71533,9.66667,34.66667,44.33333,27.66667,11.0,5.33333,14.0,16.33333,103.66667,240.0,38.0,87.66667,0.434,15.0,40.0,0.377,12.66667,17.33333,0.77867,11.0,36.0,47.0,22.66667,6.66667,5.33333,16.33333,20.66667,103.66667,1,-0.0186,0.0186,0.32057,0.28853,0.5195,0.49967,0.56651,0.55111,1510.14728,1542.83694,0.54614,0.45386,1.83185,2.20474,0.33333,240.0,41.0,93.0,0.43933,13.0,42.0,0.306,10.0,15.0,0.681,15.0,33.66667,48.66667,25.0,8.33333,7.33333,13.33333,19.66667,105.0,240.0,39.33333,87.66667,0.45367,10.0,34.0,0.296,15.33333,20.66667,0.71,10.66667,34.66667,45.33333,25.33333,8.0,5.33333,14.0,14.0,104.0,1,-0.00456,0.00456,0.31689,0.43818,0.51194,0.50862,0.57166,0.54363,1500.53165,1486.9494,0.47905,0.52095,2.08889,1.9207,0.33333,2.85,1.54667,2.24,1.82667
240.0,38.66667,82.33333,0.46933,14.0,31.33333,0.454,17.0,19.0,0.87833,10.0,30.66667,40.66667,22.0,5.66667,3.33333,15.66667,21.33333,108.33333,240.0,38.66667,81.0,0.478,12.66667,34.66667,0.35267,17.66667,21.66667,0.81433,8.0,29.66667,37.66667,24.33333,9.0,2.66667,13.66667,20.66667,107.66667,1,-0.01044,0.01044,0.26564,0.3439,0.55659,0.55432,0.62937,0.62603,1504.29136,1519.48217,0.52671,0.47329,1.90779,2.12438,0.33333,240.0,45.0,95.66667,0.47133,17.66667,42.66667,0.409,18.66667,22.66667,0.827,10.33333,31.33333,41.66667,26.66667,11.0,5.33333,9.33333,24.0,126.33333,240.0,41.33333,83.0,0.497,14.0,33.33333,0.412,20.66667,28.0,0.74267,7.0,37.33333,44.33333,28.33333,4.66667,5.33333,15.33333,18.33333,117.33333,1,-0.1152,0.1152,0.23776,0.28091,0.58083,0.5644,0.65775,0.62901,1445.02558,1518.99405,0.58947,0.41053,1.701,2.44939,0.33333,1.51667,2.73333,1.52333,2.68333
240.0,47.0,91.66667,0.515,10.0,26.66667,0.352,12.0,16.33333,0.73267,10.66667,33.33333,44.0,33.0,9.33333,6.0,12.0,21.33333,116.0,240.0,38.33333,85.0,0.45133,11.0,30.66667,0.37133,15.66667,21.33333,0.69,9.66667,32.33333,42.0,24.0,7.0,6.0,14.0,18.33333,103.33333,1,-0.16516,0.16516,0.29178,0.32402,0.51661,0.56938,0.57583,0.6124,1469.35854,1490.04496,0.50029,0.49971,2.01246,2.01517,0.0,240.0,44.66667,89.0,0.505,13.66667,32.0,0.42367,11.66667,16.33333,0.72467,10.0,30.33333,40.33333,24.66667,8.33333,5.33333,13.0,17.33333,114.66667,240.0,43.0,82.0,0.52467,10.33333,26.66667,0.38967,17.33333,22.66667,0.747,8.66667,33.0,41.66667,25.33333,6.66667,3.33333,14.66667,16.66667,113.66667,1,-0.00793,0.00793,0.29158,0.30114,0.58763,0.58294,0.65348,0.62324,1512.12254,1523.96797,0.50925,0.49075,1.97858,2.05346,0.66667,2.16333,1.81,1.86667,2.28
248.33333,42.33333,88.33333,0.48133,16.33333,43.33333,0.38067,16.66667,22.33333,0.763,10.33333,34.0,44.33333,28.0,4.66667,3.33333,18.66667,19.66667,117.66667,248.33333,43.0,90.66667,0.475,17.33333,47.0,0.377,18.0,22.33333,0.814,11.0,31.66667,42.66667,28.66667,11.0,4.0,15.66667,21.33333,121.33333,0,0.04028,-0.04028,0.32401,0.32158,0.57074,0.5736,0.63596,0.63285,1518.71935,1491.12127,0.47069,0.52931,2.13127,1.89363,0.66667,240.0,36.0,83.0,0.43433,14.0,37.33333,0.37233,19.66667,24.33333,0.81867,9.33333,34.66667,44.0,25.33333,5.33333,4.66667,16.0,18.33333,105.66667,240.0,38.33333,87.33333,0.439,16.33333,43.66667,0.37333,18.33333,20.66667,0.88767,9.33333,34.0,43.33333,26.0,7.33333,5.66667,13.66667,22.0,111.33333,0,0.07821,-0.07821,0.27008,0.27514,0.53251,0.51864,0.60589,0.59886,1516.24968,1487.1741,0.46835,0.53165,2.14122,1.88481,0.66667,3.58333,1.37,2.73333,1.53
240.0,42.33333,92.66667,0.45967,16.0,39.66667,0.401,12.33333,15.66667,0.78867,12.33333,33.66667,46.0,27.33333,13.0,7.33333,13.66667,20.66667,113.0,240.0,38.33333,88.33333,0.436,13.33333,35.0,0.38,16.33333,21.33333,0.75967,12.66667,35.0,47.66667,24.66667,6.0,4.0,18.66667,16.66667,106.33333,0,-0.09091,0.09091,0.37781,0.35146,0.51189,0.54721,0.57403,0.59119,1479.56922,1531.80422,0.56634,0.43366,1.77351,2.32526,0.33333,240.0,45.66667,91.0,0.50233,15.66667,40.66667,0.39167,13.0,16.33333,0.793,7.0,27.66667,34.66667,26.66667,12.33333,4.33333,11.66667,19.66667,120.0,240.0,44.33333,80.66667,0.55067,14.0,33.66667,0.417,17.33333,21.33333,0.79333,6.0,35.66667,41.66667,26.0,6.0,4.33333,18.0,16.66667,120.0,0,0.00159,-0.00159,0.22644,0.19902,0.6382,0.58896,0.70473,0.63515,1532.76065,1490.01852,0.4367,0.5633,2.30553,1.78331,0.66667,1.25,4.56667,3.58333,1.42667
248.33333,40.33333,88.33333,0.45867,15.66667,41.66667,0.37867,17.33333,22.33333,0.76233,10.0,39.66667,49.66667,24.33333,8.0,7.33333,12.66667,22.33333,113.66667,248.33333,37.0,91.33333,0.40433,12.0,40.66667,0.293,17.33333,23.66667,0.68933,10.33333,34.66667,45.0,22.66667,7.0,4.0,12.0,21.0,103.33333,0,-0.14048,0.14048,0.25994,0.29449,0.47055,0.54756,0.53852,0.61243,1495.82455,1500.54588,0.48866,0.51134,2.04656,1.95578,0.0,240.0,41.0,93.66667,0.437,15.0,40.0,0.35267,15.0,19.66667,0.72333,13.0,35.0,48.0,22.33333,6.0,5.0,11.33333,18.66667,112.0,240.0,43.33333,90.66667,0.47767,14.66667,40.33333,0.36167,14.66667,20.0,0.73567,9.66667,36.0,45.66667,26.0,7.0,4.33333,13.66667,18.33333,116.0,0,0.05937,-0.05937,0.27986,0.36143,0.55907,0.5156,0.61011,0.56936,1528.4873,1483.55839,0.4403,0.5597,2.27355,1.7878,0.66667,2.14,1.86,5.0,1.25333
240.0,39.0,91.66667,0.42567,13.0,37.33333,0.34767,19.0,25.33333,0.74133,11.33333,31.66667,43.0,23.33333,11.66667,4.66667,16.0,23.66667,110.0,240.0,42.33333,82.66667,0.51033,12.33333,31.33333,0.384,25.0,31.0,0.82633,7.66667,37.0,44.66667,26.33333,11.33333,5.33333,17.66667,22.33333,122.0,0,0.14865,-0.14865,0.24255,0.30892,0.58401,0.49638,0.68031,0.56497,1510.35392,1441.08787,0.42292,0.57708,2.38364,1.73975,1.0,240.0,37.33333,88.0,0.426,8.0,28.33333,0.3,24.66667,32.33333,0.75533,11.0,38.33333,49.33333,22.33333,7.0,6.66667,11.66667,20.33333,107.33333,240.0,37.66667,88.66667,0.42367,12.33333,38.0,0.32467,19.0,27.0,0.69333,9.66667,39.0,48.66667,27.66667,6.33333,4.33333,13.0,23.0,106.66667,0,-0.01182,0.01182,0.25904,0.2826,0.493,0.47281,0.56338,0.56694,1492.87903,1505.80051,0.52347,0.47653,1.92363,2.11441,0.33333,4.75,1.22667,2.38333,1.65333
240.0,37.0,91.66667,0.40133,11.0,37.33333,0.29,13.66667,18.0,0.77467,11.33333,33.66667,45.0,20.0,7.33333,4.66667,11.33333,19.66667,98.66667,240.0,39.33333,84.33333,0.46833,12.66667,34.66667,0.349,21.0,26.0,0.827,7.66667,38.66667,46.33333,21.33333,7.33333,4.33333,11.66667,16.0,112.33333,1,0.185,-0.185,0.21618,0.29262,0.54468,0.46177,0.62824,0.5145,1512.36986,1468.81361,0.45709,0.54291,2.20165,1.84991,1.0,248.33333,43.33333,100.33333,0.43033,9.66667,29.0,0.331,14.0,18.66667,0.72267,12.0,34.66667,46.66667,25.33333,7.66667,4.33333,7.66667,19.66667,110.33333,248.33333,40.33333,89.0,0.451,11.0,31.0,0.363,16.66667,21.33333,0.76867,10.33333,40.66667,51.0,25.0,3.33333,5.33333,13.66667,18.33333,108.33333,1,-0.0169,0.0169,0.29977,0.30014,0.51226,0.47832,0.57695,0.52575,1439.68777,1485.4771,0.56293,0.43707,1.77672,2.28855,0.33333,3.04,1.62667,1.80333,2.24667
240.0,42.33333,88.33333,0.47933,10.66667,31.0,0.34267,9.33333,14.33333,0.62733,12.0,39.0,51.0,21.0,5.33333,4.33333,14.0,18.66667,104.66667,240.0,34.66667,82.33333,0.42233,16.0,40.66667,0.40133,15.66667,22.66667,0.63867,7.66667,32.33333,40.0,27.0,7.0,5.0,11.66667,17.33333,101.0,1,-0.06475,0.06475,0.19793,0.37015,0.52111,0.53937,0.58057,0.57132,1525.61021,1494.38061,0.45224,0.54776,2.23201,1.83606,0.66667,240.0,47.66667,92.0,0.51933,18.0,40.66667,0.442,17.33333,21.66667,0.80367,11.33333,29.33333,40.66667,27.66667,11.0,4.66667,9.66667,21.33333,130.66667,240.0,43.66667,84.33333,0.51833,14.0,32.0,0.42567,16.33333,22.0,0.74,8.0,31.33333,39.33333,29.0,4.66667,4.33333,15.0,17.0,117.66667,1,-0.15795,0.15795,0.2747,0.38165,0.60112,0.61787,0.65954,0.67696,1440.08824,1524.93447,0.60614,0.39386,1.65082,2.54289,0.33333,3.91667,1.71333,1.47333,2.91667
240.0,42.33333,94.33333,0.45,15.33333,41.66667,0.365,16.0,21.33333,0.73567,11.66667,37.66667,49.33333,27.33333,9.33333,4.66667,11.0,16.33333,116.0,240.0,40.0,90.0,0.44767,17.0,40.33333,0.428,14.33333,18.33333,0.79067,10.0,37.33333,47.33333,25.66667,6.0,5.33333,14.66667,19.33333,111.33333,0,-0.06349,0.06349,0.26589,0.31497,0.54186,0.53357,0.59517,0.58819,1504.85457,1549.0715,0.55716,0.44284,1.80655,2.28413,0.33333,240.0,39.33333,88.66667,0.44433,16.0,42.0,0.37867,17.0,20.66667,0.81833,10.33333,30.33333,40.66667,30.0,10.33333,3.66667,13.0,19.33333,111.66667,240.0,42.66667,85.0,0.50167,12.0,34.33333,0.324,17.33333,24.33333,0.713,10.33333,35.66667,46.0,27.0,8.0,2.66667,16.0,17.33333,114.66667,0,0.03731,-0.03731,0.34603,0.33263,0.57337,0.535,0.63575,0.59983,1490.80465,1473.53205,0.48695,0.51305,2.06269,1.95722,0.33333,1.38,3.71667,3.66667,1.31667
240.0,40.0,92.66667,0.43133,9.0,35.0,0.24933,14.33333,20.0,0.72533,11.33333,31.0,42.33333,19.66667,9.66667,2.33333,10.66667,17.0,103.33333,240.0,42.0,81.66667,0.51433,17.66667,39.0,0.454,17.66667,20.66667,0.851,5.33333,38.0,43.33333,24.66667,7.0,5.66667,15.33333,16.33333,119.33333,0,0.21073,-0.21073,0.1711,0.29701,0.62308,0.47967,0.69272,0.53217,1522.50257,1480.12109,0.46285,0.53715,2.1792,1.87357,1.0,240.0,42.33333,87.33333,0.48567,14.0,36.33333,0.38433,11.66667,16.66667,0.70767,10.33333,40.0,50.33333,22.66667,5.33333,5.33333,9.66667,18.66667,110.33333,240.0,36.66667,87.33333,0.42133,8.66667,25.33333,0.33733,13.66667,19.0,0.731,10.33333,32.33333,42.66667,20.0,5.33333,3.66667,9.66667,16.66667,95.66667,0,-0.20981,0.20981,0.26573,0.32076,0.47069,0.56548,0.52628,0.6071,1468.12734,1510.12961,0.53613,0.46387,1.88795,2.19145,0.0,3.51667,1.38667,1.81333,2.27333
240.0,42.33333,88.0,0.48033,15.0,39.66667,0.374,14.0,18.0,0.786,6.0,38.66667,44.66667,22.66667,8.0,5.33333,11.66667,19.66667,113.66667,240.0,40.33333,90.0,0.45133,7.66667,27.66667,0.26967,16.66667,22.33333,0.73867,8.66667,39.33333,48.0,22.33333,7.33333,3.0,12.0,18.33333,105.0,0,-0.11626,0.11626,0.22465,0.15453,0.4942,0.56558,0.5568,0.61746,1504.11117,1474.91088,0.44219,0.55781,2.26781,1.79573,0.0,248.33333,39.66667,81.33333,0.48833,14.0,35.33333,0.39467,19.0,27.66667,0.68433,6.33333,34.66667,41.0,26.66667,9.33333,5.66667,15.0,22.33333,112.33333,248.33333,41.33333,95.66667,0.433,13.33333,39.33333,0.33867,16.0,21.0,0.75767,14.0,35.66667,49.66667,26.33333,8.33333,4.0,11.66667,24.33333,112.0,0,-0.00177,0.00177,0.43317,0.18353,0.50243,0.57453,0.55934,0.64229,1515.88129,1508.19261,0.49212,0.50788,2.03912,1.97561,0.33333,3.3,1.42,2.24,1.77333
265.0,47.33333,97.0,0.489,13.33333,38.66667,0.34533,18.66667,21.33333,0.87367,10.0,29.0,39.0,27.33333,6.66667,9.66667,12.0,24.66667,126.66667,265.0,48.66667,96.66667,0.50333,13.66667,32.66667,0.40467,22.33333,27.0,0.817,12.33333,33.33333,45.66667,27.33333,6.66667,5.33333,11.66667,19.0,133.33333,1,0.07469,-0.07469,0.45097,0.31476,0.5722,0.55785,0.65016,0.6234,1493.16188,1524.59284,0.56155,0.43845,1.80403,2.32289,0.66667,248.33333,43.66667,93.66667,0.46667,16.0,39.33333,0.40067,18.33333,23.0,0.80067,9.33333,41.33333,50.66667,26.33333,6.33333,6.33333,12.33333,20.33333,121.66667,248.33333,40.33333,91.33333,0.44033,10.66667,34.0,0.30833,18.0,24.0,0.74967,7.66667,38.33333,46.0,22.33333,5.66667,4.33333,11.66667,21.33333,109.33333,1,-0.16089,0.16089,0.18842,0.25415,0.49762,0.55211,0.5651,0.61653,1468.37104,1510.68408,0.54195,0.45805,1.86338,2.21869,0.33333,1.32667,3.88333,1.56,3.25
240.0,36.66667,90.66667,0.40433,7.0,29.33333,0.24,14.66667,20.0,0.746,11.33333,32.33333,43.66667,16.0,7.0,1.66667,10.66667,15.0,95.0,240.0,45.0,86.0,0.52167,19.66667,43.0,0.45767,13.0,16.0,0.8,6.33333,39.66667,46.0,28.0,6.0,6.66667,11.66667,17.66667,122.66667,0,0.36649,-0.36649,0.19583,0.28735,0.63651,0.44304,0.6847,0.49975,1510.54407,1492.84266,0.5112,0.4888,1.96718,2.05809,1.0,240.0,44.66667,88.33333,0.505,14.0,34.0,0.40567,14.66667,17.66667,0.822,5.33333,32.33333,37.66667,25.0,10.0,5.0,14.33333,21.66667,118.0,240.0,45.0,87.0,0.52267,13.66667,34.33333,0.39967,16.33333,22.66667,0.71833,8.33333,35.66667,44.0,28.0,6.66667,5.0,15.66667,17.66667,120.0,0,0.02735,-0.02735,0.26573,0.15397,0.6015,0.58435,0.6579,0.63936,1532.69638,1511.85946,0.47259,0.52741,2.13677,1.90969,0.66667,3.06667,1.43333,2.52,1.88667
240.0,40.33333,87.0,0.46367,15.33333,37.66667,0.409,17.0,22.0,0.76967,14.0,31.66667,45.66667,30.33333,9.0,4.66667,15.33333,18.33333,113.0,240.0,38.0,83.66667,0.456,18.66667,45.66667,0.408,17.66667,21.66667,0.82067,10.0,29.66667,39.66667,30.0,8.0,6.0,17.0,18.33333,112.33333,1,-0.00798,0.00798,0.3242,0.48908,0.5666,0.55172,0.63603,0.6151,1504.32529,1497.17964,0.48623,0.51377,2.05683,1.94654,0.66667,240.0,38.33333,87.0,0.439,9.0,29.66667,0.294,13.66667,19.33333,0.69167,11.0,30.0,41.0,23.0,12.0,5.0,12.66667,16.66667,99.33333,240.0,39.0,86.66667,0.45167,12.66667,31.33333,0.40333,11.66667,14.66667,0.80467,13.66667,33.33333,47.0,22.0,6.0,5.0,17.33333,16.66667,102.33333,1,0.06054,-0.06054,0.47035,0.33358,0.52465,0.49035,0.57071,0.54193,1508.86138,1504.74639,0.50203,0.49797,2.00148,2.01789,0.66667,3.95,1.30667,2.3,2.64333
240.0,38.33333,87.66667,0.43767,8.0,29.0,0.28267,17.66667,21.66667,0.84733,9.33333,40.66667,50.0,22.0,4.33333,9.66667,17.0,19.66667,102.33333,240.0,41.33333,98.33333,0.42067,13.33333,36.66667,0.35567,17.33333,24.66667,0.7,12.0,37.66667,49.66667,25.66667,11.0,4.33333,10.33333,18.33333,113.33333,1,0.1476,-0.1476,0.29558,0.26047,0.48842,0.48359,0.54615,0.55431,1523.77148,1524.09146,0.52197,0.47803,1.9208,2.0986,1.0,240.0,37.66667,87.33333,0.43267,14.66667,39.66667,0.36567,13.0,18.66667,0.69167,13.33333,40.66667,54.0,24.0,6.66667,8.33333,13.66667,21.66667,103.0,240.0,32.0,87.0,0.36733,13.0,36.33333,0.369,19.33333,26.66667,0.73833,12.66667,34.33333,47.0,21.0,7.66667,6.0,14.0,21.0,96.33333,1,-0.09864,0.09864,0.31818,0.40234,0.44257,0.51706,0.51887,0.56509,1460.19595,1509.70447,0.56151,0.43849,1.79495,2.30969,0.0,2.22,1.93,1.55667,3.83
240.0,42.0,88.66667,0.475,13.0,39.0,0.32767,13.33333,20.66667,0.67067,8.33333,32.66667,41.0,23.66667,6.66667,3.0,9.66667,19.66667,110.33333,240.0,43.33333,91.33333,0.47567,12.66667,40.0,0.316,17.33333,20.66667,0.824,10.66667,37.33333,48.0,21.33333,6.0,4.0,10.33333,17.33333,116.66667,1,0.08498,-0.08498,0.33543,0.22517,0.54466,0.54991,0.61005,0.59372,1535.5521,1445.15227,0.38059,0.61941,2.65758,1.62219,0.66667,265.0,44.0,93.0,0.47367,11.66667,32.33333,0.34933,22.0,27.66667,0.81567,10.66667,39.33333,50.0,24.0,7.33333,3.0,12.33333,18.0,121.66667,265.0,42.66667,93.0,0.46133,18.0,45.66667,0.40433,17.0,19.0,0.89833,8.0,37.33333,45.33333,28.66667,6.33333,3.66667,11.66667,25.66667,120.33333,1,-0.01587,0.01587,0.21827,0.28663,0.55975,0.53855,0.62421,0.61715,1531.36399,1523.67025,0.4887,0.5113,2.05556,1.96325,0.33333,6.83333,1.21667,1.98333,1.95
240.0,43.0,96.0,0.449,18.0,44.0,0.40667,22.33333,27.66667,0.812,11.0,31.66667,42.66667,23.33333,8.66667,5.0,9.33333,26.0,126.33333,240.0,42.0,84.33333,0.496,13.33333,34.0,0.383,23.33333,31.66667,0.73667,8.33333,39.0,47.33333,26.33333,4.0,4.66667,14.33333,20.66667,120.66667,0,-0.07875,0.07875,0.2823,0.28606,0.57479,0.54382,0.65922,0.62078,1453.49575,1500.98558,0.56002,0.43998,1.7883,2.27859,0.33333,240.0,39.0,86.0,0.45333,9.0,30.66667,0.28833,17.66667,23.0,0.77933,10.33333,39.66667,50.0,23.33333,7.66667,8.66667,19.0,20.33333,104.66667,240.0,37.33333,91.0,0.41067,11.33333,36.0,0.31567,17.33333,22.33333,0.77933,8.33333,33.33333,41.66667,18.66667,12.66667,4.66667,14.0,18.33333,103.33333,0,-0.00872,0.00872,0.209,0.30903,0.47317,0.50594,0.53966,0.57463,1479.58667,1523.22891,0.5625,0.4375,1.78327,2.29639,0.33333,1.50333,2.75,1.81333,2.34
240.0,39.33333,89.33333,0.44,12.33333,32.0,0.39133,16.66667,25.66667,0.59633,10.66667,36.33333,47.0,25.0,8.0,4.33333,15.66667,17.66667,107.66667,240.0,44.0,93.0,0.47333,16.33333,34.66667,0.459,15.33333,16.66667,0.915,8.66667,39.0,47.66667,30.0,8.66667,6.66667,13.66667,22.0,119.66667,1,0.15108,-0.15108,0.25325,0.30212,0.56095,0.50921,0.61961,0.56609,1500.46119,1442.59738,0.43555,0.56445,2.36559,1.80287,0.66667,240.0,37.33333,83.33333,0.449,13.66667,38.33333,0.34667,14.0,17.66667,0.80433,8.66667,37.0,45.66667,26.0,8.66667,4.0,17.0,15.66667,102.33333,240.0,37.33333,88.66667,0.422,18.33333,48.0,0.384,10.66667,13.0,0.79633,11.33333,32.66667,44.0,25.0,9.0,4.66667,14.66667,19.0,103.66667,1,0.03526,-0.03526,0.32219,0.26199,0.52513,0.53005,0.5669,0.58553,1523.72547,1500.44285,0.47259,0.52741,2.13564,1.91206,0.33333,3.21667,1.65667,2.03333,2.13667
240.0,42.33333,92.0,0.456,10.0,33.0,0.30233,14.0,19.0,0.70033,9.33333,36.66667,46.0,25.0,5.33333,5.33333,11.0,18.66667,108.66667,240.0,42.66667,92.0,0.46467,14.0,36.33333,0.384,14.0,21.33333,0.67867,11.0,36.0,47.0,22.0,6.66667,4.0,11.33333,19.0,113.33333,1,0.07038,-0.07038,0.3,0.2615,0.54054,0.51029,0.58734,0.56333,1532.301,1493.99306,0.45067,0.54933,2.22582,1.82422,0.66667,240.0,40.66667,86.33333,0.46933,15.33333,35.33333,0.427,13.33333,21.66667,0.61367,10.33333,42.0,52.33333,24.66667,5.33333,8.66667,19.66667,18.0,110.0,240.0,42.0,99.0,0.42533,6.66667,24.66667,0.27133,15.0,20.0,0.749,13.66667,34.33333,48.0,22.66667,11.0,5.0,9.66667,18.0,105.66667,1,-0.04314,0.04314,0.32799,0.30186,0.45935,0.55766,0.51233,0.6026,1490.20346,1490.08514,0.49293,0.50707,2.0318,1.97515,0.33333,2.55333,1.72333,2.85,1.85
240.0,42.33333,91.33333,0.46333,13.66667,36.0,0.38133,16.33333,21.66667,0.75367,9.33333,31.66667,41.0,24.0,7.66667,3.66667,14.66667,21.66667,114.66667,240.0,46.33333,87.66667,0.53133,15.0,30.66667,0.49333,18.33333,24.66667,0.77967,5.66667,37.0,42.66667,27.0,10.33333,5.0,15.0,19.0,126.0,0,0.14308,-0.14308,0.17496,0.2522,0.61768,0.53784,0.67995,0.59478,1521.98555,1495.27028,0.47991,0.52009,2.09504,1.9314,1.0,240.0,43.33333,88.0,0.49233,10.66667,31.66667,0.33933,18.0,23.33333,0.783,9.66667,40.0,49.66667,26.33333,9.66667,10.33333,17.66667,20.66667,115.33333,240.0,37.33333,91.66667,0.40767,11.33333,37.33333,0.30533,15.66667,20.33333,0.77,10.0,31.33333,41.33333,20.66667,10.66667,6.0,16.66667,20.0,101.66667,0,-0.18089,0.18089,0.24993,0.30903,0.46955,0.55354,0.52954,0.6195,1476.56118,1546.29909,0.57205,0.42795,1.7497,2.34035,0.0,2.91667,1.45667,1.53333,2.66667
240.0,39.33333,84.33333,0.467,11.66667,34.66667,0.32933,22.0,26.66667,0.821,8.33333,35.0,43.33333,24.0,7.0,7.33333,12.66667,20.33333,112.33333,240.0,43.33333,95.66667,0.45567,11.0,35.66667,0.30467,15.33333,19.66667,0.79567,14.33333,34.66667,49.0,26.66667,8.0,6.0,12.0,19.0,113.0,1,0.00063,-0.00063,0.46,0.25214,0.51289,0.53661,0.56637,0.62361,1491.09417,1537.66028,0.56626,0.43374,1.78489,2.35288,0.66667,240.0,45.0,90.66667,0.49533,11.33333,35.33333,0.303,21.33333,27.0,0.78733,9.0,40.0,49.0,29.0,5.0,4.66667,12.33333,24.33333,122.66667,240.0,44.66667,91.66667,0.48867,14.66667,34.33333,0.433,23.33333,32.33333,0.71233,10.0,33.0,43.0,27.0,6.66667,3.0,9.0,24.66667,127.33333,1,0.05994,-0.05994,0.26872,0.27969,0.56893,0.55716,0.64678,0.63398,1495.54067,1501.50803,0.52486,0.47514,1.91316,2.11588,0.33333,3.79,1.88,2.01333,3.47667
240.0,36.66667,89.33333,0.41067,8.33333,34.33333,0.23,19.33333,23.66667,0.80367,10.66667,34.66667,45.33333,23.33333,6.66667,3.66667,14.0,20.0,101.0,240.0,41.0,90.66667,0.458,16.66667,40.33333,0.417,15.0,19.33333,0.77133,11.66667,38.0,49.66667,24.0,8.0,7.0,13.66667,19.0,113.66667,1,0.17326,-0.17326,0.32609,0.28835,0.55138,0.45739,0.60604,0.53443,1513.93076,1530.37894,0.54607,0.45393,1.833,2.20598,1.0,240.0,40.66667,97.33333,0.41533,8.66667,28.66667,0.30333,11.0,16.0,0.68467,12.33333,34.33333,46.66667,26.66667,6.66667,6.0,9.33333,19.0,101.0,240.0,36.33333,85.33333,0.42567,11.0,32.66667,0.33933,16.0,20.33333,0.76733,9.33333,38.33333,47.66667,23.66667,4.66667,7.0,12.66667,18.33333,99.66667,1,-0.0102,0.0102,0.27411,0.32871,0.49014,0.46021,0.55474,0.49906,1436.91703,1478.3865,0.5568,0.4432,1.79636,2.25705,0.33333,2.4,1.9,1.78333,2.31333
240.0,42.66667,84.33333,0.50333,14.33333,33.33333,0.43,17.33333,19.33333,0.882,11.33333,32.66667,44.0,23.66667,7.33333,3.66667,15.33333,20.33333,117.0,240.0,39.66667,84.33333,0.47067,12.0,32.33333,0.35433,14.0,18.0,0.776,8.66667,26.33333,35.0,24.33333,9.0,2.33333,14.0,18.66667,105.33333,0,-0.14337,0.14337,0.2709,0.437,0.54247,0.588,0.59745,0.65817,1469.17051,1521.73697,0.56855,0.43145,1.7619,2.32517,0.33333,248.33333,39.0,93.33333,0.41733,10.66667,34.66667,0.30767,13.33333,16.0,0.83533,8.33333,35.33333,43.66667,21.33333,9.0,7.0,13.33333,22.0,102.0,248.33333,39.33333,92.66667,0.42733,12.33333,31.66667,0.39,23.33333,30.0,0.794,14.66667,41.66667,56.33333,24.33333,9.33333,7.0,15.0,15.0,114.33333,0,0.16826,-0.16826,0.41065,0.19969,0.49419,0.47444,0.58008,0.52563,1538.68783,1469.50655,0.42399,0.57601,2.39014,1.74976,1.0,1.40333,3.13333,3.06667,1.42667
240.0,41.66667,90.66667,0.46133,13.0,32.33333,0.408,17.66667,22.0,0.80667,12.66667,38.66667,51.33333,21.0,4.33333,4.66667,14.0,27.0,114.0,240.0,35.66667,83.0,0.43133,11.66667,33.33333,0.34833,29.0,36.33333,0.803,8.33333,31.66667,40.0,22.0,9.0,4.66667,9.0,20.33333,112.0,0,-0.02314,0.02314,0.21942,0.39719,0.50127,0.53385,0.61681,0.59952,1510.10715,1506.84088,0.49121,0.50879,2.03741,1.96687,0.33333,248.33333,43.33333,91.33333,0.476,14.33333,41.0,0.352,16.0,23.33333,0.68567,11.0,33.0,44.0,25.66667,4.33333,1.66667,18.0,23.0,117.0,248.33333,43.33333,87.33333,0.49633,15.0,39.66667,0.379,24.66667,31.33333,0.78433,10.66667,32.0,42.66667,26.33333,12.33333,4.0,14.66667,21.0,126.33333,0,0.11501,-0.11501,0.32351,0.34074,0.58094,0.55337,0.67294,0.60644,1522.4156,1499.06375,0.48366,0.51634,2.0681,1.9371,1.0,2.65,1.54333,3.65,1.34667
240.0,39.66667,87.0,0.45633,10.0,28.0,0.35833,15.0,21.66667,0.68567,11.0,29.33333,40.33333,22.0,4.66667,4.0,11.66667,19.66667,104.33333,240.0,40.33333,86.0,0.469,10.66667,27.33333,0.39267,16.0,20.33333,0.82633,9.0,31.0,40.0,23.33333,7.33333,4.0,12.0,22.33333,107.33333,1,0.04695,-0.04695,0.32735,0.35814,0.53099,0.51359,0.59318,0.56798,1487.13804,1591.84472,0.65223,0.34777,1.53914,2.91063,0.66667,240.0,36.66667,86.33333,0.42633,9.66667,30.66667,0.31333,18.66667,25.66667,0.727,12.0,32.33333,44.33333,20.0,8.66667,5.33333,14.66667,22.33333,101.66667,240.0,40.66667,88.33333,0.456,12.66667,38.66667,0.35233,19.33333,25.0,0.78933,11.0,36.66667,47.66667,22.0,10.33333,4.66667,14.0,21.0,113.33333,1,0.1073,-0.1073,0.36145,0.33045,0.52722,0.48344,0.60002,0.556,1514.65357,1467.08658,0.44143,0.55857,2.27792,1.79593,0.66667,1.33667,4.21667,3.1,1.42667
240.0,42.33333,94.33333,0.44933,19.0,43.33333,0.43633,15.66667,19.33333,0.79933,10.33333,35.33333,45.66667,23.33333,8.33333,6.66667,10.33333,22.33333,119.33333,240.0,38.33333,85.0,0.451,13.33333,38.33333,0.348,19.66667,26.33333,0.75933,8.0,37.33333,45.33333,25.0,5.33333,4.66667,13.66667,16.66667,109.66667,1,-0.12044,0.12044,0.23681,0.28091,0.52938,0.55081,0.60456,0.60525,1462.12566,1502.61068,0.54222,0.45778,1.8565,2.20375,0.33333,240.0,42.0,84.66667,0.495,12.0,29.33333,0.38433,17.33333,22.66667,0.751,4.33333,36.33333,40.66667,24.33333,8.0,3.66667,15.66667,18.66667,113.33333,240.0,39.0,88.0,0.442,15.0,36.33333,0.4,13.0,17.66667,0.67733,9.66667,34.66667,44.33333,23.0,7.33333,3.66667,17.66667,21.0,106.0,1,-0.10526,0.10526,0.26708,0.12814,0.52635,0.56409,0.57478,0.63115,1482.82625,1528.90567,0.5465,0.4535,1.85505,2.2534,0.33333,1.89333,2.36,1.51333,3.21667
240.0,39.66667,86.0,0.46133,11.0,30.66667,0.369,17.66667,22.0,0.77633,9.66667,34.0,43.66667,25.66667,7.66667,5.0,16.0,20.0,108.0,240.0,40.66667,84.66667,0.48133,10.0,28.66667,0.352,14.0,18.66667,0.72833,7.0,31.66667,38.66667,23.33333,9.66667,4.0,15.33333,20.0,105.33333,1,-0.0358,0.0358,0.20732,0.30612,0.54062,0.52505,0.59415,0.59502,1469.26486,1532.31894,0.58432,0.41568,1.71426,2.41387,0.33333,240.0,41.33333,82.0,0.50333,13.66667,31.33333,0.43867,24.0,29.33333,0.81667,12.0,35.66667,47.66667,25.0,7.66667,3.0,14.33333,22.33333,120.33333,240.0,40.66667,83.33333,0.488,8.33333,28.66667,0.28467,19.0,26.0,0.70967,7.66667,28.0,35.66667,21.0,7.66667,4.0,12.0,23.66667,108.66667,1,-0.14358,0.14358,0.21217,0.4399,0.53794,0.58644,0.61032,0.67959,1467.33334,1521.33977,0.55869,0.44131,1.81747,2.31324,0.0,1.62,2.52,2.44333,1.77333
240.0,42.0,87.66667,0.47733,20.0,44.33333,0.43967,10.66667,15.66667,0.68233,12.0,41.66667,53.66667,24.66667,5.66667,7.0,13.0,17.0,114.66667,240.0,36.0,91.66667,0.39033,10.33333,38.33333,0.26867,14.66667,18.66667,0.77,10.66667,30.66667,41.33333,20.66667,7.33333,5.33333,10.33333,18.33333,97.0,1,-0.24563,0.24563,0.25828,0.40212,0.44648,0.59026,0.50387,0.62796,1478.96344,1519.03804,0.531,0.469,1.90274,2.15667,0.0,248.33333,40.66667,86.33333,0.47133,12.66667,34.33333,0.36767,20.66667,27.33333,0.75333,7.33333,35.66667,43.0,26.66667,9.66667,5.0,15.33333,25.66667,114.66667,248.33333,41.66667,88.66667,0.47267,11.33333,35.33333,0.31933,23.33333,31.0,0.75767,9.66667,36.66667,46.33333,25.33333,9.33333,2.66667,13.33333,25.66667,118.0,1,0.04438,-0.04438,0.27297,0.20724,0.53564,0.54458,0.62053,0.62061,1508.51186,1477.35298,0.4614,0.5386,2.1713,1.85921,0.66667,1.78333,4.40667,3.56667,1.45667
248.33333,42.66667,90.0,0.474,13.66667,38.0,0.355,15.0,19.33333,0.77067,9.0,28.66667,37.66667,26.66667,8.66667,4.66667,13.33333,26.33333,114.0,248.33333,39.66667,80.66667,0.497,11.0,27.33333,0.40167,21.66667,28.0,0.78733,11.0,32.33333,43.33333,23.0,5.0,7.0,17.66667,21.0,112.0,0,-0.0291,0.0291,0.35228,0.29407,0.5685,0.55074,0.65554,0.60584,1495.00208,1469.09932,0.45345,0.54655,2.22013,1.83816,0.66667,256.66667,44.0,93.33333,0.473,13.0,38.66667,0.335,20.0,24.0,0.84033,11.33333,29.0,40.33333,24.66667,6.66667,8.66667,13.33333,24.0,121.0,256.66667,47.0,94.0,0.49867,12.33333,28.66667,0.41633,20.33333,25.0,0.80733,13.33333,34.66667,48.0,24.0,8.33333,4.0,14.33333,21.33333,126.66667,0,0.05929,-0.05929,0.49097,0.3405,0.56205,0.54234,0.63532,0.61429,1464.49068,1547.70746,0.63093,0.36907,1.59085,2.74174,0.66667,2.91667,1.45333,1.22333,5.06667
240.0,41.33333,87.0,0.47567,12.33333,35.0,0.354,14.0,19.66667,0.70833,4.66667,32.0,36.66667,30.0,7.66667,5.0,14.33333,24.33333,109.0,240.0,42.0,89.0,0.47233,13.33333,38.66667,0.33567,20.66667,27.33333,0.75933,12.0,40.33333,52.33333,26.66667,7.66667,4.66667,15.0,21.66667,118.0,0,0.11365,-0.11365,0.38641,0.11653,0.54597,0.54621,0.62085,0.59751,1561.46137,1481.18217,0.40439,0.59561,2.49928,1.68754,0.66667,265.0,43.66667,95.0,0.458,12.33333,34.0,0.34933,17.66667,21.66667,0.814,9.0,43.0,52.0,25.0,7.66667,4.0,13.0,18.0,117.33333,265.0,41.33333,97.0,0.427,16.0,46.66667,0.34567,13.0,15.0,0.87033,8.33333,39.66667,48.0,25.0,7.33333,3.66667,12.66667,23.33333,111.66667,0,-0.07238,0.07238,0.2047,0.22728,0.50957,0.52485,0.55757,0.58739,1526.65812,1507.18225,0.46938,0.53062,2.16871,1.9068,0.0,3.65,1.36,2.45,1.82667
240.0,41.66667,93.0,0.44933,11.0,32.66667,0.336,14.0,17.33333,0.785,9.33333,37.0,46.33333,26.66667,6.0,5.33333,8.66667,17.66667,108.33333,240.0,36.33333,84.66667,0.429,8.66667,29.0,0.30033,19.33333,23.66667,0.82033,8.0,38.0,46.0,19.0,5.33333,4.66667,13.0,17.33333,100.66667,0,-0.09158,0.09158,0.21724,0.27547,0.48003,0.5088,0.56016,0.56081,1468.66233,1495.29685,0.52022,0.47978,1.93008,2.09525,0.33333,240.0,39.33333,89.0,0.44367,12.0,32.33333,0.37167,14.0,20.0,0.72067,11.0,34.0,45.0,23.0,7.66667,8.0,14.0,18.33333,104.66667,240.0,37.33333,88.0,0.42633,15.33333,41.66667,0.371,15.33333,19.66667,0.788,10.33333,34.66667,45.0,26.66667,7.66667,7.0,15.0,19.33333,105.33333,0,0.00478,-0.00478,0.30873,0.31865,0.51444,0.51151,0.57349,0.56275,1491.32199,1520.63313,0.54706,0.45294,1.8299,2.21103,0.66667,1.69333,2.28333,1.80667,2.35
240.0,42.0,89.66667,0.46833,12.0,36.0,0.32967,11.66667,15.33333,0.76633,10.0,33.33333,43.33333,30.33333,8.33333,5.33333,13.33333,17.0,107.66667,240.0,39.0,88.0,0.44367,15.0,40.0,0.377,14.33333,17.0,0.86833,11.33333,33.33333,44.66667,23.66667,5.0,3.66667,15.0,18.33333,107.33333,0,-0.01842,0.01842,0.33909,0.32689,0.52893,0.53566,0.5845,0.57902,1507.89361,1543.87108,0.54754,0.45246,1.82743,2.21218,0.33333,240.0,44.66667,93.33333,0.47933,15.33333,43.0,0.35833,9.66667,13.33333,0.743,13.0,35.0,48.0,29.66667,6.66667,8.33333,12.0,18.33333,114.33333,240.0,39.0,91.66667,0.42833,10.0,36.0,0.27467,15.0,20.0,0.72167,12.66667,33.33333,46.0,25.33333,6.33333,3.66667,14.33333,14.33333,103.0,0,-0.15083,0.15083,0.36666,0.39205,0.48288,0.56187,0.53966,0.59529,1491.97393,1515.94165,0.51335,0.48665,1.95834,2.06828,0.0,2.63,1.74667,1.90333,2.06667
240.0,38.66667,91.66667,0.41967,12.33333,39.33333,0.31233,12.33333,18.66667,0.61333,10.66667,37.0,47.66667,21.66667,6.33333,7.33333,11.66667,18.0,102.0,240.0,41.66667,94.66667,0.44267,12.0,36.0,0.335,11.66667,19.0,0.623,13.33333,38.66667,52.0,23.66667,7.33333,5.33333,11.66667,18.0,107.0,1,0.06557,-0.06557,0.35528,0.27554,0.50634,0.48622,0.54451,0.53235,1523.16903,1501.52186,0.47549,0.52451,2.10634,1.90888,0.66667,240.0,42.33333,86.0,0.492,12.0,32.66667,0.367,16.0,18.66667,0.859,6.33333,37.0,43.33333,25.0,5.66667,5.66667,11.0,18.33333,112.66667,240.0,40.0,88.33333,0.45167,13.33333,34.0,0.395,17.66667,22.66667,0.783,8.33333,32.33333,40.66667,22.0,6.0,5.66667,9.0,20.33333,111.0,1,-0.01983,0.01983,0.22965,0.21141,0.52794,0.56122,0.59431,0.62455,1537.24822,1503.71864,0.45163,0.54837,2.22657,1.8312,0.33333,2.54,1.75667,3.1,1.52667
240.0,45.0,90.0,0.5,13.66667,32.66667,0.414,18.0,24.33333,0.74233,11.0,40.33333,51.33333,26.66667,9.66667,8.66667,15.0,19.0,121.66667,240.0,37.33333,91.0,0.411,11.33333,37.33333,0.30533,14.33333,19.33333,0.745,10.66667,31.66667,42.33333,22.66667,8.33333,6.33333,15.0,20.66667,100.33333,1,-0.27721,0.27721,0.26582,0.34691,0.47325,0.57599,0.52761,0.63821,1476.19165,1560.84577,0.58484,0.41516,1.71426,2.4209,0.0,240.0,43.33333,93.66667,0.461,15.0,38.33333,0.36733,8.33333,14.0,0.58833,11.66667,37.66667,49.33333,23.0,5.66667,6.0,11.33333,19.66667,110.0,240.0,41.33333,92.66667,0.44567,13.0,38.33333,0.34033,14.33333,21.33333,0.68933,12.0,37.0,49.0,21.66667,7.0,4.0,12.33333,15.66667,110.0,1,0.01346,-0.01346,0.31944,0.31928,0.51601,0.53966,0.56503,0.56627,1533.4214,1499.16249,0.44941,0.55059,2.22571,1.81655,0.66667,1.44,3.53333,3.7,1.32667
240.0,51.0,96.66667,0.53033,13.33333,30.0,0.43533,11.33333,15.33333,0.738,11.66667,36.66667,48.33333,34.66667,9.66667,7.66667,10.0,21.0,126.66667,240.0,38.33333,87.33333,0.43967,11.66667,34.33333,0.34733,18.66667,24.0,0.77433,9.66667,33.0,42.66667,26.66667,6.0,6.0,13.0,15.66667,107.0,0,-0.24264,0.24264,0.26829,0.35041,0.50676,0.60102,0.57873,0.63727,1476.46668,1502.77283,0.50121,0.49879,2.00875,2.0188,0.0,240.0,40.0,91.66667,0.43633,12.33333,33.0,0.36833,21.0,28.0,0.75267,13.0,29.66667,42.66667,22.66667,10.0,7.33333,12.66667,21.33333,113.33333,240.0,38.66667,83.0,0.46767,11.66667,32.0,0.368,24.66667,29.66667,0.83467,9.33333,35.0,44.33333,23.33333,7.0,7.66667,16.0,24.33333,113.66667,0,-0.00139,0.00139,0.31096,0.37415,0.53812,0.50364,0.63606,0.57904,1534.04479,1532.37036,0.50146,0.49854,1.99442,2.00612,0.33333,2.43333,1.61667,2.35,1.65667
248.33333,42.0,90.66667,0.46267,12.33333,40.0,0.28833,16.0,20.0,0.765,7.0,37.0,44.0,26.0,6.33333,5.0,9.66667,21.33333,112.33333,248.33333,43.0,91.33333,0.47033,12.66667,32.33333,0.393,19.66667,27.0,0.72567,12.0,38.33333,50.33333,25.0,6.0,3.66667,10.33333,18.66667,118.33333,0,0.07674,-0.07674,0.3308,0.18365,0.53965,0.5299,0.608,0.59013,1503.94087,1536.26015,0.55889,0.44111,1.8007,2.28879,0.66667,240.0,37.0,81.33333,0.455,11.33333,28.66667,0.38833,17.33333,23.0,0.74467,8.66667,35.33333,44.0,24.33333,7.33333,6.0,19.0,14.66667,102.66667,240.0,41.33333,93.33333,0.44233,10.66667,30.66667,0.34567,10.33333,13.33333,0.79967,11.33333,34.33333,45.66667,27.66667,14.0,5.0,13.66667,20.0,103.66667,0,0.00963,-0.00963,0.32398,0.25853,0.50009,0.52522,0.53818,0.59437,1477.28957,1515.1331,0.55402,0.44598,1.8112,2.25405,0.66667,1.66667,2.82333,2.33667,1.7
240.0,37.33333,79.33333,0.47033,12.33333,35.0,0.343,13.0,17.66667,0.76567,7.0,32.66667,39.66667,25.33333,7.0,3.33333,19.0,17.33333,100.0,240.0,39.33333,84.66667,0.46633,16.66667,42.0,0.40367,14.0,17.0,0.79633,9.66667,30.66667,40.33333,25.33333,11.33333,3.0,17.0,19.66667,109.33333,0,0.13576,-0.13576,0.3002,0.23236,0.56479,0.54731,0.61934,0.59894,1525.46954,1478.78689,0.45611,0.54389,2.19821,1.84221,0.66667,240.0,44.66667,96.0,0.467,14.33333,40.33333,0.35967,14.33333,18.66667,0.757,9.66667,27.33333,37.0,25.66667,11.33333,3.66667,10.0,17.33333,118.0,240.0,45.33333,80.33333,0.56467,15.66667,32.66667,0.48033,16.66667,20.33333,0.80133,6.33333,37.33333,43.66667,27.0,5.66667,5.33333,18.0,17.0,123.0,0,0.06042,-0.06042,0.2397,0.25929,0.66226,0.5432,0.72566,0.59168,1535.77202,1511.02906,0.47076,0.52924,2.14375,1.90191,1.0,2.9,1.53,2.80667,1.84667
265.0,44.33333,93.0,0.47767,12.0,32.33333,0.359,21.66667,26.33333,0.838,12.0,40.33333,52.33333,26.33333,8.33333,2.66667,13.66667,18.33333,122.33333,265.0,43.0,93.33333,0.46333,14.66667,43.0,0.344,16.33333,19.0,0.87033,8.0,35.0,43.0,27.33333,8.66667,4.0,12.0,25.33333,117.0,1,-0.06494,0.06494,0.21112,0.3651,0.54146,0.54488,0.60294,0.62337,1509.26646,1539.1688,0.53936,0.46064,1.86355,2.188,0.0,240.0,42.0,90.66667,0.464,14.33333,39.33333,0.36167,13.0,17.0,0.778,12.0,29.33333,41.33333,26.66667,8.0,5.33333,11.33333,24.66667,111.33333,240.0,36.66667,74.33333,0.49433,12.33333,31.66667,0.39167,20.33333,24.0,0.84133,5.33333,31.0,36.33333,24.66667,3.66667,6.0,16.0,21.0,106.0,1,-0.07051,0.07051,0.18728,0.38388,0.57761,0.54398,0.66815,0.59187,1484.32336,1483.16486,0.48597,0.51403,2.06294,1.94953,0.33333,1.80667,2.09333,2.75,1.51333
240.0,44.33333,93.66667,0.475,14.33333,38.66667,0.36733,15.0,19.33333,0.75867,10.66667,33.33333,44.0,25.66667,11.33333,6.0,11.0,17.33333,118.0,240.0,40.33333,89.0,0.456,13.33333,32.33333,0.413,14.33333,18.66667,0.76933,11.66667,35.0,46.66667,25.0,5.0,4.0,17.0,17.0,108.33333,1,-0.1298,0.1298,0.34806,0.31178,0.5311,0.55384,0.58471,0.60543,1493.12382,1545.62594,0.55904,0.44096,1.80011,2.2931,0.33333,240.0,34.33333,79.66667,0.43167,11.33333,35.66667,0.30867,15.0,18.0,0.83233,6.66667,32.0,38.66667,23.0,7.66667,4.33333,17.66667,16.33333,95.0,240.0,39.33333,86.66667,0.454,15.0,40.66667,0.372,12.66667,15.0,0.815,11.0,33.0,44.0,24.0,9.33333,4.0,15.66667,20.0,106.33333,1,0.17173,-0.17173,0.34812,0.20443,0.54076,0.50232,0.59088,0.56763,1524.1974,1475.93423,0.45362,0.54638,2.20878,1.83282,0.66667,1.31333,4.35,2.35,1.65333
240.0,38.0,92.66667,0.41,12.0,34.0,0.35067,19.33333,24.66667,0.77533,13.33333,31.33333,44.66667,24.0,11.66667,5.0,17.33333,22.66667,107.33333,240.0,43.33333,86.0,0.502,14.33333,33.0,0.433,23.33333,28.33333,0.83433,9.33333,36.66667,46.0,26.0,12.66667,8.0,18.0,19.66667,124.33333,0,0.20964,-0.20964,0.29967,0.37679,0.58515,0.47487,0.67276,0.54644,1506.78344,1428.74605,0.41975,0.58025,2.40051,1.72988,1.0,240.0,37.33333,90.0,0.41667,7.66667,27.0,0.304,26.33333,32.33333,0.822,13.0,35.33333,48.33333,22.33333,6.66667,5.33333,13.0,24.0,108.66667,240.0,41.0,88.66667,0.461,12.66667,35.33333,0.36633,23.66667,32.0,0.73367,11.33333,37.33333,48.66667,26.33333,8.0,5.0,13.0,22.33333,118.33333,0,0.12087,-0.12087,0.337,0.36205,0.53233,0.46052,0.6177,0.56246,1493.66206,1464.80685,0.4789,0.5211,2.10851,1.93614,0.66667,4.2,1.26667,2.96667,1.52667
240.0,43.33333,89.66667,0.48633,15.66667,39.33333,0.39933,16.33333,22.0,0.73,9.66667,36.66667,46.33333,25.66667,6.66667,5.66667,15.0,25.33333,118.66667,240.0,37.0,85.66667,0.43033,13.33333,34.0,0.371,24.33333,32.66667,0.76867,11.33333,34.66667,46.0,18.33333,7.33333,5.0,15.33333,21.0,111.66667,1,-0.08519,0.08519,0.30964,0.29851,0.50717,0.574,0.6003,0.63066,1475.11373,1471.99796,0.48017,0.51983,2.08438,1.92515,0.33333,240.0,42.0,91.66667,0.45767,14.0,38.33333,0.36467,18.66667,22.66667,0.826,13.0,31.33333,44.33333,30.33333,8.66667,3.66667,12.33333,19.66667,116.66667,240.0,43.0,87.33333,0.49333,17.66667,43.0,0.40933,18.0,26.0,0.69,11.33333,32.33333,43.66667,29.33333,6.66667,3.66667,14.0,16.66667,121.66667,1,0.06038,-0.06038,0.36591,0.42283,0.5938,0.53458,0.65455,0.60371,1482.08432,1502.72449,0.5408,0.4592,1.86779,2.21046,0.66667,2.55667,1.7,2.88667,2.01667
240.0,35.33333,83.66667,0.42333,10.0,29.66667,0.335,15.0,22.0,0.662,10.66667,28.66667,39.33333,21.33333,9.0,5.0,15.66667,18.33333,95.66667,240.0,41.66667,86.66667,0.47767,12.33333,31.66667,0.396,14.66667,17.66667,0.835,11.66667,37.66667,49.33333,26.0,12.66667,6.0,16.0,18.0,110.33333,0,0.18077,-0.18077,0.42174,0.28762,0.54877,0.48361,0.60397,0.54119,1504.59622,1471.92605,0.47282,0.52718,2.12355,1.90334,0.66667,240.0,39.33333,87.0,0.45233,14.33333,37.66667,0.38167,11.66667,15.0,0.777,10.0,36.66667,46.66667,23.33333,6.0,6.0,9.66667,20.33333,104.66667,240.0,35.66667,84.33333,0.422,7.33333,25.33333,0.288,17.66667,23.66667,0.76633,11.0,33.0,44.0,18.66667,4.66667,2.66667,10.33333,15.66667,96.33333,0,-0.11049,0.11049,0.29953,0.3076,0.46536,0.53447,0.53907,0.57976,1465.12177,1507.09403,0.54711,0.45289,1.84051,2.23233,0.33333,3.53333,1.35333,1.63667,2.41667
240.0,41.0,87.66667,0.46667,13.33333,38.66667,0.345,15.0,20.33333,0.75333,7.66667,38.0,45.66667,20.66667,7.33333,5.0,13.33333,18.66667,110.33333,240.0,41.0,95.33333,0.43267,11.0,34.33333,0.32,15.0,19.33333,0.78733,11.66667,38.33333,50.0,23.66667,7.33333,4.0,11.66667,19.66667,108.0,0,-0.03304,0.03304,0.32391,0.19852,0.49017,0.54259,0.5454,0.59795,1516.16117,1470.08419,0.43007,0.56993,2.33263,1.758,0.33333,240.0,39.33333,87.66667,0.44867,11.33333,31.33333,0.37,9.33333,14.66667,0.61833,7.33333,32.66667,40.0,23.66667,9.33333,3.33333,14.33333,17.66667,99.33333,240.0,41.33333,82.33333,0.50067,17.66667,37.0,0.47667,18.0,21.66667,0.832,6.0,39.33333,45.33333,25.66667,7.33333,5.0,14.0,16.66667,118.33333,0,0.2511,-0.2511,0.19603,0.19947,0.60843,0.51356,0.67971,0.54648,1537.12335,1484.88058,0.45196,0.54804,2.29127,1.86275,1.0,3.73333,1.38667,5.16667,1.19333
240.0,43.0,91.0,0.475,16.66667,41.33333,0.40267,18.0,23.0,0.781,11.33333,38.0,49.33333,28.0,6.66667,7.0,14.0,26.66667,120.66667,240.0,36.33333,85.33333,0.425,10.66667,32.66667,0.32067,24.0,35.33333,0.674,11.33333,35.0,46.33333,19.66667,7.66667,6.33333,14.33333,19.33333,107.33333,1,-0.16147,0.16147,0.29932,0.34189,0.4873,0.56684,0.57636,0.6305,1468.97911,1483.89278,0.49937,0.50063,2.00851,2.0034,0.0,248.33333,49.0,95.33333,0.51267,19.0,42.66667,0.446,16.33333,21.0,0.78933,10.33333,41.66667,52.0,28.66667,6.0,6.0,14.66667,22.0,133.33333,248.33333,41.66667,92.33333,0.45067,13.66667,38.0,0.359,20.0,25.66667,0.76967,7.33333,33.33333,40.66667,24.0,6.66667,4.0,11.33333,18.66667,117.0,1,-0.19388,0.19388,0.17859,0.3134,0.52503,0.61237,0.59777,0.66623,1453.98428,1526.37867,0.58068,0.41932,1.73727,2.41959,0.33333,2.68333,1.58,1.44,3.6
240.0,40.66667,87.33333,0.46567,14.66667,35.66667,0.41167,13.33333,19.0,0.69067,11.66667,33.33333,45.0,28.66667,9.0,5.0,14.66667,17.33333,109.33333,240.0,38.33333,87.0,0.44067,19.33333,45.66667,0.42533,14.33333,17.33333,0.80767,10.33333,31.66667,42.0,29.33333,7.33333,6.0,15.66667,18.66667,110.33333,0,0.0121,-0.0121,0.3171,0.3777,0.55162,0.54959,0.60729,0.59735,1493.80364,1498.00413,0.50602,0.49398,1.98032,2.02909,0.66667,240.0,41.33333,88.0,0.46867,10.33333,32.33333,0.30467,14.33333,20.66667,0.685,11.0,32.66667,43.66667,25.66667,11.33333,5.33333,12.0,17.66667,107.33333,240.0,39.33333,86.33333,0.457,13.33333,32.66667,0.40533,10.66667,14.66667,0.72767,11.33333,32.0,43.33333,23.66667,4.33333,4.0,16.0,17.66667,102.66667,0,-0.05696,0.05696,0.34743,0.344,0.5343,0.52693,0.57467,0.57894,1491.71941,1506.13171,0.51419,0.48581,1.95658,2.07098,0.33333,3.44,1.55,1.92333,2.86
240.0,37.33333,86.33333,0.43333,7.66667,28.0,0.28333,21.66667,27.66667,0.81033,12.0,38.66667,50.66667,19.0,5.66667,10.0,15.33333,19.33333,104.0,240.0,39.0,94.66667,0.41267,13.0,35.33333,0.362,18.33333,25.0,0.726,11.0,37.0,48.0,24.0,10.33333,4.66667,11.33333,22.0,109.33333,0,0.07624,-0.07624,0.28238,0.33872,0.48199,0.47794,0.54745,0.56352,1499.96394,1524.73289,0.54925,0.45075,1.83307,2.24012,0.66667,240.0,38.66667,87.66667,0.443,13.66667,35.66667,0.377,18.0,24.0,0.72733,12.0,37.33333,49.33333,23.0,9.0,9.0,14.33333,24.0,109.0,240.0,34.66667,86.66667,0.39967,14.33333,33.33333,0.431,20.66667,29.66667,0.697,11.66667,36.66667,48.33333,22.33333,7.33333,6.33333,16.66667,22.66667,104.33333,0,-0.06292,0.06292,0.31223,0.32615,0.48284,0.5211,0.56041,0.58882,1462.6684,1516.21955,0.57326,0.42674,1.76028,2.37717,0.0,2.12,2.46333,1.56,3.79667
248.33333,40.33333,96.66667,0.417,10.33333,32.33333,0.31967,17.33333,21.66667,0.76933,9.33333,37.0,46.33333,23.0,6.66667,4.33333,6.66667,18.33333,108.33333,248.33333,39.33333,86.66667,0.45133,10.33333,27.33333,0.37167,17.66667,23.0,0.75533,9.0,43.33333,52.33333,22.0,2.66667,5.0,14.0,19.0,106.66667,1,-0.01482,0.01482,0.24501,0.21686,0.50978,0.46991,0.57998,0.53206,1452.82943,1486.65824,0.54501,0.45499,1.84167,2.20855,0.33333,240.0,40.66667,89.33333,0.45467,11.33333,35.66667,0.30133,16.66667,19.33333,0.87833,9.0,38.0,47.0,26.66667,7.0,5.33333,13.33333,19.0,109.33333,240.0,36.66667,91.0,0.40467,14.0,43.0,0.32533,16.33333,18.33333,0.91,13.0,33.66667,46.66667,17.33333,7.66667,6.33333,12.66667,18.66667,103.66667,1,-0.08637,0.08637,0.33841,0.27946,0.48195,0.51821,0.54728,0.5843,1503.06255,1529.4161,0.52825,0.47175,1.89624,2.12407,0.66667,1.63333,2.4,2.55,1.58
240.0,42.33333,85.33333,0.49767,14.33333,32.33333,0.444,15.33333,23.0,0.615,10.66667,31.66667,42.33333,28.66667,8.66667,4.0,18.33333,19.33333,114.33333,240.0,41.0,89.33333,0.46067,13.0,31.0,0.416,20.33333,23.0,0.902,11.66667,31.66667,43.33333,23.0,12.0,5.33333,15.0,21.66667,115.33333,0,0.02002,-0.02002,0.37701,0.38006,0.53416,0.58271,0.61307,0.63446,1511.72898,1429.21461,0.38582,0.61418,2.61677,1.63465,0.33333,240.0,38.66667,87.0,0.44467,14.66667,40.66667,0.36067,16.33333,19.0,0.88633,11.66667,33.66667,45.33333,25.0,11.0,3.66667,13.66667,18.33333,108.33333,240.0,37.66667,81.66667,0.464,12.66667,36.0,0.361,12.0,15.0,0.80233,6.33333,33.33333,39.66667,23.66667,6.33333,3.33333,15.66667,19.33333,100.0,0,-0.12862,0.12862,0.1933,0.34964,0.54208,0.52893,0.59124,0.59453,1458.03061,1526.0782,0.58785,0.41215,1.72316,2.48278,0.33333,3.58333,1.45667,2.32333,2.00333
240.0,44.0,92.0,0.479,17.33333,41.33333,0.41967,14.66667,18.66667,0.818,10.66667,34.33333,45.0,25.66667,7.33333,6.66667,12.33333,21.33333,120.0,240.0,40.66667,85.66667,0.47833,14.0,40.66667,0.35233,18.33333,24.0,0.782,7.66667,32.0,39.66667,28.0,6.66667,8.0,13.0,16.66667,113.66667,1,-0.06693,0.06693,0.21961,0.35365,0.56039,0.57415,0.62792,0.62584,1486.95393,1507.9393,0.51663,0.48337,1.9369,2.07034,0.66667,248.33333,46.66667,95.0,0.49067,13.66667,35.0,0.38167,15.33333,19.33333,0.81633,8.66667,37.33333,46.0,31.33333,6.0,3.66667,8.0,16.0,122.33333,248.33333,43.66667,92.33333,0.473,13.33333,34.0,0.39233,15.66667,21.0,0.75467,9.66667,35.0,44.66667,24.0,5.66667,4.0,10.0,19.33333,116.33333,1,-0.07267,0.07267,0.26111,0.25456,0.54508,0.56312,0.59992,0.61639,1530.64418,1499.34331,0.4438,0.5562,2.27075,1.80782,0.33333,2.08333,1.93333,2.23667,1.8
240.0,37.66667,87.33333,0.433,9.33333,25.0,0.36633,24.0,30.33333,0.79333,13.33333,39.66667,53.0,21.0,5.33333,5.0,11.33333,23.33333,108.66667,240.0,36.66667,86.66667,0.424,12.66667,39.33333,0.32,21.66667,27.66667,0.79033,10.0,36.66667,46.66667,22.33333,5.33333,8.33333,9.0,22.33333,107.66667,0,-0.00822,0.00822,0.25398,0.36757,0.49728,0.48777,0.58234,0.58118,1467.46122,1479.26268,0.51294,0.48706,1.96954,2.07984,0.66667,240.0,42.33333,91.0,0.46633,10.33333,30.0,0.34333,14.33333,20.0,0.70033,8.0,30.0,38.0,24.66667,7.66667,4.33333,12.0,18.33333,109.33333,240.0,44.0,89.0,0.495,19.33333,45.33333,0.42767,17.33333,21.33333,0.79333,11.0,39.0,50.0,27.66667,6.0,6.33333,15.0,21.33333,124.66667,0,0.19087,-0.19087,0.36751,0.21605,0.6037,0.52331,0.66572,0.57456,1565.73724,1472.94382,0.39685,0.60315,2.52298,1.65885,1.0,2.6,1.55333,3.33333,1.36333
248.33333,50.33333,95.0,0.528,14.66667,40.0,0.364,15.33333,17.66667,0.869,9.0,29.33333,38.33333,28.33333,6.33333,7.33333,10.33333,25.0,130.66667,248.33333,43.33333,89.0,0.487,12.33333,32.0,0.37833,27.0,31.33333,0.86333,10.33333,30.66667,41.0,25.33333,4.66667,4.66667,11.0,16.0,126.0,0,-0.04423,0.04423,0.39841,0.31183,0.55641,0.60498,0.65739,0.65907,1482.77639,1527.60647,0.56091,0.43909,1.80571,2.31857,0.33333,240.0,41.33333,89.0,0.46367,10.66667,35.66667,0.28133,23.66667,30.0,0.789,10.0,40.0,50.0,23.0,3.66667,5.0,11.66667,25.33333,117.0,240.0,41.0,92.0,0.44367,12.33333,34.0,0.35533,23.0,31.33333,0.72433,11.33333,35.0,46.33333,22.33333,6.0,3.0,8.33333,24.66667,117.33333,0,-0.00047,0.00047,0.30682,0.29019,0.50978,0.52305,0.59238,0.61126,1485.47316,1528.07857,0.56577,0.43423,1.77643,2.32215,0.33333,1.39667,3.11667,1.38333,3.85
240.0,38.0,87.33333,0.436,8.66667,31.0,0.26933,20.0,24.33333,0.80767,9.33333,38.66667,48.0,22.0,6.33333,6.33333,14.66667,18.0,104.66667,240.0,41.0,96.0,0.42833,14.33333,40.0,0.34867,12.33333,15.33333,0.799,13.0,36.33333,49.33333,25.0,9.0,7.33333,13.0,19.66667,108.66667,0,0.05686,-0.05686,0.33879,0.27089,0.50346,0.48656,0.54792,0.56631,1489.29048,1535.11321,0.57302,0.42698,1.75932,2.38163,0.66667,240.0,40.66667,90.66667,0.448,13.0,33.0,0.38133,9.66667,14.66667,0.65,10.33333,35.0,45.33333,21.0,6.33333,6.0,11.33333,18.33333,104.0,240.0,41.33333,89.0,0.46467,11.66667,33.66667,0.344,11.66667,18.33333,0.66933,10.66667,38.66667,49.33333,24.66667,7.0,4.0,13.0,15.33333,106.0,0,0.03297,-0.03297,0.29653,0.27547,0.53007,0.5196,0.57047,0.55391,1540.02688,1524.86215,0.4816,0.5184,2.09885,1.9497,0.66667,2.37333,1.98333,3.36667,1.46333
240.0,44.0,89.0,0.49833,17.33333,35.66667,0.49233,23.33333,27.66667,0.85267,10.0,30.33333,40.33333,26.66667,8.33333,4.0,10.66667,22.66667,128.66667,240.0,40.33333,84.66667,0.48167,14.66667,38.66667,0.38467,24.66667,28.33333,0.86733,11.66667,32.0,43.66667,28.0,5.0,5.66667,15.66667,21.0,120.0,0,-0.10228,0.10228,0.37477,0.30934,0.57069,0.59802,0.66788,0.68377,1478.16564,1536.53829,0.57297,0.42703,1.76844,2.4062,0.33333,240.0,36.33333,83.0,0.43833,10.33333,31.66667,0.32667,18.33333,24.66667,0.743,11.33333,32.66667,44.0,22.0,9.66667,6.33333,15.66667,22.0,101.33333,240.0,39.0,86.33333,0.44833,9.0,31.66667,0.31267,16.66667,23.33333,0.70533,12.0,34.66667,46.66667,21.66667,11.33333,5.33333,15.66667,20.33333,103.66667,0,-0.01583,0.01583,0.39068,0.33356,0.49936,0.50096,0.56192,0.57388,1514.51886,1504.81643,0.48229,0.51771,2.12714,1.97946,0.33333,1.66,2.36667,2.77,1.72333
240.0,37.0,87.66667,0.42333,9.0,26.0,0.337,17.33333,22.33333,0.76867,12.66667,36.66667,49.33333,18.0,5.66667,3.33333,11.33333,20.66667,100.33333,240.0,38.0,88.66667,0.43,14.66667,42.66667,0.34533,18.33333,22.0,0.83033,12.66667,36.33333,49.0,21.33333,5.66667,9.0,7.66667,18.33333,109.0,0,0.12334,-0.12334,0.3477,0.35181,0.51317,0.4756,0.58495,0.5439,1497.57758,1476.07759,0.47912,0.52088,2.17009,1.98071,1.0,240.0,41.66667,84.66667,0.491,12.0,30.0,0.37767,19.0,23.33333,0.816,6.66667,33.66667,40.33333,22.66667,9.0,3.66667,12.66667,17.66667,114.33333,240.0,39.0,85.66667,0.455,15.33333,36.33333,0.40767,11.66667,15.66667,0.709,10.0,33.0,43.0,25.66667,5.66667,3.33333,17.0,19.33333,105.0,0,-0.12882,0.12882,0.31006,0.20387,0.54413,0.56031,0.58944,0.63553,1478.91774,1534.95994,0.56083,0.43917,1.79682,2.31003,0.0,3.66667,1.44,1.62333,3.10667
240.0,41.33333,87.33333,0.47233,13.33333,31.0,0.39467,18.0,22.66667,0.793,7.66667,35.66667,43.33333,23.66667,7.0,6.0,12.33333,16.0,114.0,240.0,38.0,85.66667,0.443,9.0,28.0,0.32133,13.33333,17.66667,0.75533,8.0,36.33333,44.33333,22.66667,5.66667,4.0,14.33333,22.33333,98.33333,1,-0.20975,0.20975,0.22112,0.21761,0.49544,0.54636,0.54889,0.6161,1498.74243,1584.36085,0.60206,0.39794,1.66652,2.53057,0.0,256.66667,43.33333,91.66667,0.47467,12.66667,36.33333,0.35067,17.66667,20.0,0.882,8.66667,31.33333,40.0,24.33333,7.33333,9.66667,13.0,23.33333,117.0,256.66667,45.66667,91.66667,0.49567,12.33333,30.66667,0.38433,22.33333,29.0,0.76433,13.0,36.33333,49.33333,26.33333,8.66667,5.0,13.66667,19.0,126.0,1,0.10329,-0.10329,0.4368,0.23672,0.56046,0.54316,0.64145,0.60929,1463.83511,1500.08961,0.56848,0.43152,1.77468,2.34918,1.0,1.45667,4.11,1.42,3.63333
240.0,41.33333,93.0,0.44733,12.33333,38.0,0.324,10.33333,14.33333,0.72233,7.0,31.33333,38.33333,27.33333,7.33333,4.0,12.33333,22.33333,105.33333,240.0,42.0,88.33333,0.47567,13.33333,37.0,0.35133,20.66667,26.0,0.80433,11.66667,43.0,54.66667,28.33333,6.33333,3.33333,15.33333,18.66667,118.0,1,0.16741,-0.16741,0.38202,0.1582,0.54989,0.51366,0.62698,0.55045,1566.41586,1481.62847,0.40452,0.59548,2.49864,1.68799,0.66667,240.0,40.0,84.0,0.47667,12.66667,30.66667,0.41833,19.66667,23.66667,0.83,11.33333,34.0,45.33333,22.0,8.33333,2.33333,15.0,21.0,112.33333,240.0,40.66667,84.33333,0.48267,10.0,31.0,0.32233,17.33333,21.0,0.788,6.66667,31.0,37.66667,21.33333,8.33333,5.0,13.33333,21.66667,108.66667,1,-0.04788,0.04788,0.19532,0.378,0.54209,0.55261,0.61097,0.63159,1461.32349,1541.44136,0.61078,0.38922,1.63782,2.57144,0.0,3.45,1.44,1.96,1.90667
248.33333,39.66667,87.0,0.456,11.33333,31.66667,0.36033,19.0,24.0,0.80133,10.0,28.0,38.0,25.0,8.0,3.66667,17.0,24.0,109.66667,248.33333,44.66667,87.33333,0.51767,10.66667,24.66667,0.43833,19.33333,26.66667,0.73733,12.0,33.33333,45.33333,22.66667,9.33333,7.66667,15.66667,21.33333,119.33333,0,0.12167,-0.12167,0.39357,0.31529,0.58059,0.52204,0.64791,0.59553,1492.2612,1467.34851,0.47816,0.52184,2.11634,1.9334,1.0,240.0,38.0,87.66667,0.43433,11.0,28.0,0.39333,25.66667,33.0,0.78567,12.66667,34.33333,47.0,24.33333,8.33333,7.0,15.33333,26.33333,112.66667,240.0,40.66667,86.66667,0.469,12.66667,34.0,0.38167,25.0,33.0,0.76133,11.66667,34.33333,46.0,26.66667,9.66667,6.0,15.33333,24.33333,119.0,0,0.07373,-0.07373,0.36042,0.3759,0.54224,0.49789,0.63394,0.59507,1493.27094,1436.03939,0.42867,0.57133,2.34374,1.7549,0.66667,2.63333,1.56667,3.8,1.33
240.0,37.33333,83.0,0.45133,10.0,31.0,0.33,14.0,18.0,0.77733,11.33333,35.66667,47.0,20.66667,8.66667,7.66667,14.66667,24.0,98.66667,240.0,33.0,80.33333,0.41367,9.66667,35.0,0.297,21.0,28.66667,0.742,11.0,31.66667,42.66667,23.0,9.0,5.33333,14.0,17.66667,96.66667,1,-0.04508,0.04508,0.30644,0.36065,0.47415,0.51174,0.56131,0.56917,1490.09454,1459.32288,0.45222,0.54778,2.23113,1.83592,0.66667,240.0,37.66667,92.66667,0.407,8.66667,33.0,0.26133,18.66667,26.0,0.70733,11.66667,35.33333,47.0,21.0,8.0,7.0,11.33333,18.0,102.66667,240.0,39.33333,91.0,0.432,13.66667,40.66667,0.34,15.0,20.33333,0.74367,10.66667,39.66667,50.33333,28.66667,5.33333,6.66667,14.66667,20.33333,107.33333,1,0.05753,-0.05753,0.30515,0.29461,0.50715,0.45396,0.56191,0.52258,1493.43932,1514.44608,0.54279,0.45721,1.84402,2.18994,0.66667,2.67,1.68333,2.00667,1.92667
240.0,41.33333,88.0,0.47,12.66667,37.66667,0.33433,10.33333,13.66667,0.76333,8.66667,31.0,39.66667,30.66667,7.0,5.0,14.66667,17.0,105.66667,240.0,42.66667,87.33333,0.48967,16.0,38.0,0.42033,13.0,16.66667,0.75733,9.66667,34.66667,44.33333,30.0,4.66667,3.66667,14.66667,15.33333,114.33333,0,0.11228,-0.11228,0.31296,0.26837,0.58142,0.54193,0.62889,0.58098,1502.68992,1540.29328,0.56291,0.43709,1.77868,2.29243,0.66667,240.0,40.66667,91.66667,0.449,16.0,39.33333,0.41,14.0,16.66667,0.85767,8.33333,28.33333,36.66667,23.66667,8.0,6.0,10.0,15.66667,111.33333,240.0,49.0,91.33333,0.53567,13.33333,33.66667,0.38133,11.66667,17.0,0.679,10.0,40.33333,50.33333,32.33333,6.33333,4.66667,14.0,15.66667,123.0,0,0.13722,-0.13722,0.39128,0.20114,0.60778,0.53711,0.64528,0.5898,1550.67295,1533.57388,0.49184,0.50816,2.06194,1.99208,0.66667,2.43667,1.97667,4.75,1.38
240.0,36.33333,91.0,0.397,12.0,38.33333,0.31433,14.0,17.66667,0.80067,10.66667,35.0,45.66667,24.0,7.33333,7.0,11.33333,20.0,98.66667,240.0,36.33333,83.33333,0.43933,12.0,32.33333,0.357,18.33333,24.33333,0.743,8.33333,37.33333,45.66667,21.33333,6.66667,7.0,12.66667,16.66667,103.0,0,0.06192,-0.06192,0.22786,0.28822,0.51262,0.46316,0.58569,0.51826,1480.85765,1466.69406,0.48599,0.51401,2.08805,1.96937,0.66667,240.0,45.33333,90.66667,0.49867,10.66667,32.66667,0.31767,17.33333,20.0,0.87733,6.0,36.66667,42.66667,28.0,6.0,6.66667,8.66667,18.66667,118.66667,240.0,42.33333,91.0,0.46533,12.33333,30.33333,0.405,17.33333,23.66667,0.72767,9.33333,33.33333,42.66667,21.66667,6.0,5.33333,9.66667,20.0,114.33333,0,-0.05028,0.05028,0.25566,0.18795,0.53285,0.55745,0.59424,0.62394,1534.44898,1505.86616,0.45044,0.54956,2.23329,1.82762,0.33333,2.69333,1.97333,2.08667,1.85333
240.0,42.66667,87.0,0.49,13.33333,30.66667,0.42467,15.33333,18.33333,0.83667,11.66667,31.66667,43.33333,25.0,9.0,4.0,13.0,18.0,114.0,240.0,39.0,82.33333,0.474,12.66667,31.0,0.39367,17.0,20.0,0.833,9.0,29.66667,38.66667,22.66667,8.0,4.66667,14.33333,17.33333,107.66667,1,-0.0693,0.0693,0.28773,0.40597,0.5508,0.56703,0.62131,0.6259,1488.73313,1533.10485,0.5634,0.4366,1.77959,2.30087,0.66667,240.0,42.0,88.33333,0.475,15.0,42.0,0.356,13.0,16.66667,0.80567,10.66667,29.33333,40.0,29.0,10.33333,5.0,13.33333,21.0,112.0,240.0,35.0,74.0,0.47533,12.33333,34.66667,0.36767,16.0,19.0,0.832,5.33333,29.66667,35.0,24.0,5.0,4.66667,18.66667,20.33333,98.33333,1,-0.19832,0.19832,0.18728,0.36073,0.55892,0.5599,0.63217,0.60882,1465.99327,1497.73143,0.52151,0.47849,1.94839,2.13545,0.33333,1.91,2.67333,2.49,1.94333
240.0,41.0,83.0,0.49633,14.33333,36.33333,0.40233,15.33333,19.66667,0.812,11.0,34.0,45.0,26.33333,10.33333,4.33333,14.66667,15.66667,111.66667,240.0,38.33333,81.66667,0.46867,11.33333,33.33333,0.356,16.66667,20.33333,0.81967,7.66667,30.0,37.66667,26.33333,8.33333,2.66667,13.0,17.66667,104.66667,0,-0.11139,0.11139,0.23024,0.3774,0.53825,0.58309,0.60547,0.64185,1480.87869,1545.26594,0.5884,0.4116,1.70222,2.43715,0.33333,240.0,43.66667,88.0,0.496,10.33333,30.66667,0.33967,10.66667,14.0,0.72633,8.0,32.0,40.0,26.33333,7.0,3.66667,15.0,23.66667,108.33333,240.0,40.0,85.66667,0.469,12.0,31.66667,0.37633,22.0,28.66667,0.77,11.66667,33.66667,45.33333,25.0,6.66667,6.33333,12.33333,17.66667,114.0,0,0.07902,-0.07902,0.36943,0.24514,0.5388,0.55474,0.62204,0.59384,1567.98427,1478.94214,0.38547,0.61453,2.60191,1.62905,0.66667,1.58667,2.55,4.58333,1.23333
240.0,48.33333,92.33333,0.52367,13.66667,30.0,0.44867,15.66667,19.0,0.801,10.0,34.66667,44.66667,32.66667,9.66667,8.33333,13.0,20.33333,126.0,240.0,41.66667,84.66667,0.49467,14.0,31.66667,0.45033,18.66667,25.66667,0.72667,9.0,31.66667,40.66667,27.66667,7.66667,6.66667,15.0,16.0,116.0,0,-0.12621,0.12621,0.26909,0.31629,0.57736,0.59788,0.64426,0.65333,1515.17565,1508.55616,0.47389,0.52611,2.1137,1.90335,0.33333,240.0,41.66667,87.33333,0.47633,14.0,41.33333,0.33,17.66667,22.0,0.80633,10.33333,35.0,45.33333,29.66667,4.66667,6.33333,16.0,20.0,115.0,240.0,42.33333,94.0,0.45267,11.66667,34.66667,0.339,18.33333,24.66667,0.75467,13.0,33.0,46.0,26.33333,9.66667,5.0,10.33333,18.66667,114.66667,0,-3e-05,3e-05,0.37588,0.32541,0.51532,0.55561,0.57928,0.62252,1471.11313,1488.40748,0.53147,0.46853,1.91068,2.1768,0.33333,2.55,1.57333,2.01667,1.92667
240.0,42.33333,93.33333,0.451,20.0,48.0,0.41133,11.66667,14.66667,0.80033,7.33333,38.0,45.33333,27.66667,9.0,5.0,15.0,20.66667,116.33333,240.0,38.66667,87.66667,0.441,11.66667,36.0,0.326,18.33333,24.66667,0.752,7.66667,40.33333,48.0,22.33333,10.66667,6.66667,17.0,13.66667,107.33333,1,-0.09066,0.09066,0.20068,0.18773,0.50723,0.55632,0.57666,0.59809,1442.76154,1505.92498,0.58934,0.41066,1.70585,2.46018,0.33333,240.0,38.33333,84.33333,0.45467,12.0,30.66667,0.383,17.33333,23.0,0.74467,10.33333,36.0,46.33333,26.33333,6.33333,6.33333,20.0,16.66667,106.0,240.0,43.0,93.33333,0.46233,10.66667,29.0,0.36833,13.0,17.33333,0.758,10.66667,32.33333,43.0,29.0,14.0,4.0,12.66667,19.33333,109.66667,1,0.04869,-0.04869,0.2955,0.3245,0.52017,0.52582,0.56716,0.59391,1482.04425,1529.88759,0.56833,0.43167,1.76107,2.3203,1.0,1.68333,2.53,1.83667,2.14333
240.0,38.0,82.0,0.463,12.66667,39.0,0.31967,16.66667,19.66667,0.842,4.66667,31.66667,36.33333,25.66667,8.0,3.33333,15.0,18.66667,105.33333,240.0,39.33333,85.0,0.464,17.33333,42.0,0.422,14.33333,17.66667,0.788,11.0,33.33333,44.33333,27.66667,6.33333,4.0,16.33333,21.0,110.33333,0,0.08072,-0.08072,0.35157,0.1499,0.56623,0.53966,0.6211,0.60656,1523.23892,1471.3426,0.43472,0.56528,2.30116,1.76943,0.66667,240.0,44.0,96.33333,0.45767,12.66667,43.33333,0.292,20.0,24.0,0.83,7.33333,29.33333,36.66667,26.0,9.66667,2.33333,8.33333,19.0,120.66667,240.0,44.0,81.66667,0.53867,16.66667,34.33333,0.485,20.33333,24.0,0.84833,6.66667,39.0,45.66667,28.0,3.66667,5.33333,17.33333,19.66667,125.0,0,0.05144,-0.05144,0.2272,0.18593,0.64084,0.52409,0.71906,0.59562,1531.59832,1494.13977,0.44936,0.55064,2.24672,1.82912,1.0,2.83333,1.53333,3.37333,1.68667
240.0,37.33333,90.66667,0.412,12.0,32.33333,0.36667,18.66667,24.66667,0.755,12.0,29.66667,41.66667,23.66667,12.0,6.0,17.66667,23.66667,105.33333,240.0,42.0,84.33333,0.497,13.33333,30.66667,0.43367,23.0,28.33333,0.82,11.0,35.66667,46.66667,28.33333,13.0,7.66667,20.0,21.33333,120.33333,0,0.19018,-0.19018,0.37002,0.34998,0.57622,0.47857,0.66369,0.54821,1507.40633,1419.02549,0.39785,0.60215,2.52208,1.66326,1.0,240.0,40.33333,85.33333,0.47233,11.66667,34.0,0.34867,19.33333,24.66667,0.797,11.33333,25.0,36.33333,24.33333,6.33333,6.66667,15.33333,23.0,111.66667,240.0,44.0,86.66667,0.50733,9.33333,22.33333,0.42433,21.0,25.66667,0.81567,12.0,31.66667,43.66667,22.33333,9.66667,4.33333,15.0,21.66667,118.33333,0,0.08142,-0.08142,0.48717,0.37589,0.56137,0.54058,0.64056,0.61507,1464.6925,1527.2894,0.60068,0.39932,1.68397,2.57492,0.66667,4.03333,1.28,1.53333,3.82333
240.0,43.33333,88.33333,0.492,9.33333,24.33333,0.39033,20.0,26.33333,0.74267,11.33333,31.0,42.33333,22.66667,7.33333,2.0,12.66667,16.33333,116.0,240.0,44.66667,88.0,0.50733,17.0,41.66667,0.40533,17.0,20.0,0.832,9.0,33.0,42.0,26.0,6.33333,7.33333,13.0,22.66667,123.33333,0,0.09377,-0.09377,0.29541,0.37171,0.60464,0.54572,0.66745,0.61832,1517.60547,1475.12281,0.45713,0.54287,2.2596,1.89511,0.66667,240.0,41.33333,93.66667,0.44033,11.0,30.33333,0.35733,16.66667,21.33333,0.772,13.66667,36.33333,50.0,26.66667,8.33333,8.33333,11.33333,19.0,110.33333,240.0,38.33333,89.33333,0.429,10.66667,34.66667,0.30733,13.0,16.66667,0.76967,9.66667,34.0,43.66667,27.33333,7.33333,8.66667,12.66667,19.66667,100.33333,0,-0.13313,0.13313,0.27014,0.40339,0.48941,0.50109,0.5396,0.56376,1429.28728,1499.62051,0.58301,0.41699,1.72498,2.42877,0.0,2.73,1.67,1.74333,2.43
240.0,43.0,85.0,0.50733,15.66667,38.0,0.41533,15.33333,22.66667,0.62767,13.33333,29.66667,43.0,27.66667,9.0,3.66667,18.0,21.33333,117.0,240.0,39.33333,86.33333,0.45767,11.33333,30.0,0.37833,22.0,25.66667,0.86933,12.66667,27.66667,40.33333,23.33333,9.0,4.66667,14.66667,21.33333,112.0,1,-0.06222,0.06222,0.42331,0.48164,0.52389,0.60047,0.61156,0.65223,1476.90888,1433.40201,0.43027,0.56973,2.34656,1.76445,0.33333,240.0,43.33333,93.33333,0.46367,15.33333,39.66667,0.38267,17.33333,21.0,0.826,10.0,34.33333,44.33333,30.0,8.0,4.0,12.33333,21.0,119.33333,240.0,44.0,92.0,0.479,16.66667,44.0,0.37533,17.66667,27.0,0.65333,11.33333,36.33333,47.66667,28.66667,8.33333,4.66667,12.33333,15.66667,122.33333,1,0.0375,-0.0375,0.33868,0.27911,0.56899,0.54612,0.62461,0.60894,1472.24099,1507.38226,0.55842,0.44158,1.79885,2.28292,0.66667,2.73333,1.53333,2.50333,2.14
240.0,39.33333,90.0,0.43567,12.66667,35.0,0.35467,16.66667,18.33333,0.92433,11.66667,38.33333,50.0,23.33333,10.0,4.33333,11.66667,18.0,108.0,240.0,36.33333,86.33333,0.42233,11.0,30.66667,0.36067,17.33333,19.33333,0.883,9.66667,37.0,46.66667,21.33333,6.0,4.0,14.66667,15.66667,101.0,1,-0.09818,0.09818,0.2544,0.31532,0.4858,0.50648,0.55945,0.57415,1480.50251,1561.06878,0.60622,0.39378,1.66303,2.58247,0.33333,240.0,34.0,87.0,0.38867,12.0,34.66667,0.34133,13.66667,17.0,0.80467,12.0,34.66667,46.66667,20.66667,5.0,6.33333,10.33333,18.66667,93.66667,240.0,38.0,86.33333,0.44067,8.66667,27.33333,0.316,16.0,20.66667,0.80467,11.0,34.66667,45.66667,19.0,6.0,4.33333,9.33333,18.66667,100.66667,1,0.11942,-0.11942,0.31529,0.35378,0.49103,0.45709,0.55603,0.51394,1471.15008,1483.40311,0.53183,0.46817,1.89904,2.1681,0.66667,2.25,2.24333,1.83667,2.05
240.0,42.0,87.66667,0.478,14.33333,41.33333,0.348,13.66667,17.66667,0.78733,5.33333,29.33333,34.66667,23.33333,9.33333,3.0,13.33333,19.33333,112.0,240.0,44.0,91.33333,0.48533,11.33333,36.33333,0.31,19.0,21.0,0.90733,11.0,38.66667,49.66667,24.33333,7.33333,4.0,14.66667,19.66667,118.33333,0,0.08744,-0.08744,0.37202,0.13622,0.54697,0.55983,0.62112,0.61082,1541.41154,1460.79069,0.39452,0.60548,2.546,1.65447,0.66667,240.0,39.0,87.33333,0.44667,12.66667,36.0,0.362,8.66667,13.66667,0.62467,4.66667,29.0,33.66667,25.66667,10.66667,2.33333,15.0,18.33333,99.33333,240.0,44.0,85.66667,0.51367,15.0,35.66667,0.41567,18.33333,21.0,0.868,8.0,41.33333,49.33333,24.0,8.66667,5.33333,15.0,17.66667,121.33333,0,0.28859,-0.28859,0.28825,0.11245,0.60071,0.51944,0.67175,0.55004,1551.71089,1468.10101,0.41329,0.58671,2.51877,1.74814,1.0,5.88333,1.19,6.16667,1.17
240.0,47.0,93.33333,0.50533,21.33333,45.0,0.46833,16.33333,20.0,0.834,10.0,39.0,49.0,30.0,7.0,5.33333,13.0,24.0,131.66667,240.0,39.0,87.66667,0.445,10.0,33.33333,0.29167,20.66667,29.33333,0.71167,9.33333,33.66667,43.0,21.0,8.66667,6.33333,13.33333,16.66667,108.66667,0,-0.27662,0.27662,0.23986,0.31816,0.50121,0.61834,0.57736,0.67487,1453.91999,1500.74874,0.53335,0.46665,1.89539,2.17376,0.0,248.33333,49.66667,97.66667,0.50767,22.66667,47.66667,0.47233,14.0,17.33333,0.83467,9.66667,42.33333,52.0,30.0,6.66667,6.0,15.33333,23.33333,136.0,248.33333,42.33333,93.33333,0.45333,14.66667,39.0,0.37867,20.0,25.66667,0.76967,7.0,34.66667,41.66667,23.33333,8.0,4.66667,13.0,16.0,119.33333,0,-0.19018,0.19018,0.16631,0.28228,0.53265,0.62352,0.6044,0.66963,1439.40965,1507.60261,0.57441,0.42559,1.75405,2.37821,0.33333,2.43333,1.93333,1.55,2.68333
240.0,38.33333,87.0,0.44133,8.0,25.33333,0.31633,22.66667,30.0,0.75267,13.33333,32.66667,46.0,17.33333,9.0,7.0,15.33333,22.33333,107.33333,240.0,38.33333,85.0,0.45467,13.0,33.33333,0.38233,22.0,28.66667,0.74733,10.0,34.33333,44.33333,24.66667,10.0,5.66667,14.66667,24.33333,111.66667,1,0.05678,-0.05678,0.32798,0.39091,0.53593,0.48719,0.62268,0.57451,1475.95091,1530.0438,0.58549,0.41451,1.71013,2.41821,0.66667,240.0,38.0,87.33333,0.43633,11.66667,33.0,0.35167,20.0,26.33333,0.75367,12.0,36.33333,48.33333,22.66667,6.33333,8.0,15.66667,19.0,107.66667,240.0,38.33333,89.66667,0.42767,11.66667,33.66667,0.344,16.33333,21.0,0.76233,10.66667,33.66667,44.33333,26.0,11.0,8.0,12.33333,21.0,104.66667,1,-0.04423,0.04423,0.30139,0.36085,0.49313,0.5037,0.55417,0.57989,1426.7283,1490.2466,0.58773,0.41227,1.70992,2.45314,0.33333,1.63,2.89,1.41667,3.23333
240.0,35.0,84.0,0.41567,9.66667,30.0,0.33,21.33333,27.0,0.803,10.66667,30.66667,41.33333,21.33333,7.0,4.66667,17.0,18.66667,101.0,240.0,44.0,86.0,0.51033,14.66667,33.0,0.459,16.33333,20.66667,0.767,8.0,34.66667,42.66667,27.0,9.66667,6.0,14.33333,20.66667,119.0,0,0.24008,-0.24008,0.26322,0.32037,0.59601,0.4737,0.65715,0.56192,1518.54707,1462.44447,0.44813,0.55187,2.33099,1.85384,1.0,256.66667,38.66667,93.66667,0.41433,14.0,38.0,0.36867,13.66667,18.0,0.74833,9.66667,44.0,53.66667,21.33333,6.33333,4.0,14.33333,19.33333,105.0,256.66667,39.33333,95.0,0.41567,14.0,42.66667,0.33167,15.0,17.66667,0.84133,8.33333,43.66667,52.0,26.33333,7.33333,2.66667,12.0,20.33333,107.66667,0,0.04056,-0.04056,0.19713,0.21802,0.4889,0.49009,0.54591,0.53907,1530.11611,1489.4619,0.45217,0.54783,2.24191,1.84157,0.33333,4.16667,1.44,2.48333,1.80667
240.0,42.66667,90.33333,0.473,19.0,43.66667,0.433,14.33333,18.0,0.79,10.33333,30.33333,40.66667,21.33333,8.66667,5.33333,10.33333,19.0,118.66667,240.0,41.66667,86.33333,0.484,17.66667,43.33333,0.41467,16.33333,19.66667,0.85467,9.66667,34.33333,44.0,28.33333,5.66667,3.66667,13.66667,14.66667,117.33333,0,-0.01222,0.01222,0.32906,0.30149,0.58692,0.57846,0.64881,0.62934,1471.54665,1495.16974,0.53091,0.46909,1.89606,2.15138,0.33333,240.0,42.66667,89.33333,0.47867,15.33333,37.33333,0.41133,11.66667,16.66667,0.67833,7.33333,31.33333,38.66667,24.66667,7.0,6.0,9.33333,20.0,112.33333,240.0,45.66667,91.33333,0.501,11.0,32.0,0.34067,13.33333,21.33333,0.64467,12.33333,39.33333,51.66667,27.0,4.66667,3.33333,13.33333,16.0,115.66667,0,0.03755,-0.03755,0.42784,0.18451,0.5609,0.56505,0.60278,0.6064,1546.95447,1546.13425,0.50307,0.49693,2.00213,2.0271,0.66667,2.1,2.01667,4.28333,1.42
240.0,37.33333,85.33333,0.44033,9.33333,25.66667,0.35733,22.0,29.0,0.75667,12.33333,42.66667,55.0,21.66667,6.0,7.33333,12.66667,26.0,106.0,240.0,32.0,87.0,0.36667,9.33333,39.33333,0.24733,20.66667,29.66667,0.693,11.66667,36.33333,48.0,21.0,7.0,6.33333,11.0,24.33333,94.0,0,-0.18263,0.18263,0.27427,0.33807,0.41962,0.49669,0.5011,0.58216,1474.33272,1476.79328,0.48263,0.51737,2.12652,1.98193,0.33333,240.0,43.33333,89.66667,0.48267,10.0,31.0,0.31833,17.33333,20.66667,0.83667,10.66667,38.0,48.66667,28.66667,7.0,5.66667,12.33333,17.33333,114.0,240.0,37.0,93.33333,0.39633,12.66667,40.66667,0.30967,14.33333,16.33333,0.89733,13.0,31.0,44.0,18.0,7.66667,6.33333,12.66667,19.0,101.0,0,-0.17913,0.17913,0.33841,0.36467,0.46419,0.53837,0.52041,0.6052,1495.62162,1531.00965,0.52668,0.47332,1.90263,2.11787,0.33333,2.95,1.47,2.23333,1.76333
240.0,42.33333,88.66667,0.478,13.0,30.66667,0.427,15.0,20.0,0.75,8.66667,31.66667,40.33333,24.33333,7.33333,3.66667,13.0,22.66667,112.66667,240.0,40.66667,82.33333,0.49467,12.66667,31.33333,0.39933,20.0,26.33333,0.67767,10.0,32.33333,42.33333,23.66667,8.33333,5.66667,15.33333,19.66667,114.0,0,0.01441,-0.01441,0.33522,0.26885,0.57045,0.55117,0.64783,0.60571,1513.40767,1508.76425,0.48973,0.51027,2.04967,1.96716,0.66667,240.0,38.33333,89.66667,0.42567,13.33333,37.66667,0.35567,14.66667,20.33333,0.72433,10.33333,37.33333,47.66667,22.0,4.66667,5.33333,13.66667,18.33333,104.66667,240.0,43.0,95.0,0.45367,10.66667,27.66667,0.37367,17.0,21.33333,0.81967,10.33333,40.0,50.33333,22.33333,8.0,5.66667,9.0,17.66667,113.66667,0,0.12633,-0.12633,0.27487,0.25846,0.5104,0.49987,0.57228,0.55444,1501.99172,1484.37214,0.49652,0.50348,2.01649,1.98867,0.66667,2.30667,1.87,2.78,1.63
240.0,38.66667,91.66667,0.422,15.66667,40.0,0.39167,14.66667,20.0,0.776,10.66667,34.66667,45.33333,23.66667,8.66667,7.66667,13.66667,20.66667,107.66667,240.0,37.0,87.66667,0.423,13.33333,42.33333,0.31633,19.33333,22.0,0.87967,10.66667,36.0,46.66667,23.66667,7.0,8.0,15.33333,18.33333,106.66667,0,-0.01414,0.01414,0.30957,0.29402,0.49922,0.50819,0.57782,0.56173,1509.81432,1515.88702,0.50873,0.49127,1.96643,2.03643,0.66667,248.33333,43.66667,93.66667,0.46467,13.33333,33.0,0.39467,15.66667,22.33333,0.71367,11.33333,36.33333,47.66667,28.33333,8.0,5.66667,12.66667,16.33333,116.33333,248.33333,40.66667,90.66667,0.44767,13.66667,37.33333,0.36533,16.33333,20.33333,0.80667,9.33333,33.66667,43.0,24.0,8.33333,5.33333,12.66667,20.66667,111.33333,0,-0.06388,0.06388,0.26195,0.33466,0.52292,0.53644,0.58457,0.58955,1528.00532,1495.5596,0.44551,0.55449,2.26399,1.81473,0.33333,2.35667,1.78,2.35333,1.75667
240.0,42.33333,90.66667,0.46267,10.33333,34.0,0.30167,18.0,21.33333,0.84633,8.0,35.0,43.0,25.33333,4.66667,4.0,9.66667,18.0,113.0,240.0,42.0,89.66667,0.469,13.33333,33.33333,0.401,17.66667,23.0,0.77433,8.66667,35.66667,44.33333,21.66667,6.0,4.66667,10.33333,20.33333,115.0,0,0.0372,-0.0372,0.25238,0.23041,0.54296,0.51969,0.60741,0.59017,1515.6016,1486.46426,0.46382,0.53618,2.16625,1.87111,0.33333,240.0,40.0,87.0,0.46,11.66667,30.33333,0.38967,15.0,20.66667,0.71333,7.66667,32.33333,40.0,24.0,7.0,4.66667,13.0,20.33333,106.66667,240.0,42.0,91.33333,0.46033,17.33333,45.66667,0.383,20.0,23.0,0.86567,13.0,36.66667,49.66667,26.33333,6.66667,5.66667,12.33333,20.33333,121.33333,0,0.18756,-0.18756,0.39846,0.22187,0.55513,0.52656,0.62997,0.58223,1573.41653,1472.79931,0.3798,0.6202,2.63635,1.61317,1.0,1.93333,2.0,4.3,1.27667
240.0,36.33333,89.66667,0.40467,10.66667,35.33333,0.289,15.0,19.33333,0.76233,11.66667,34.66667,46.33333,23.66667,7.66667,3.33333,15.0,18.66667,98.33333,240.0,43.66667,91.0,0.479,14.66667,37.0,0.401,15.33333,21.33333,0.75267,8.33333,37.66667,46.0,23.33333,10.33333,4.33333,11.66667,16.0,117.33333,1,0.25632,-0.25632,0.25689,0.31017,0.55971,0.46349,0.61306,0.52275,1494.6312,1479.45654,0.52333,0.47667,1.91099,2.0981,1.0,248.33333,40.0,89.0,0.44967,18.33333,42.66667,0.43167,15.66667,19.66667,0.73667,12.66667,34.0,46.66667,25.0,9.66667,3.66667,13.33333,21.0,114.0,248.33333,39.66667,86.0,0.46167,14.33333,37.0,0.38367,16.66667,22.0,0.762,9.0,35.0,44.0,25.66667,6.0,4.0,14.33333,19.33333,110.33333,1,-0.04417,0.04417,0.27447,0.36449,0.54418,0.55234,0.60811,0.60955,1447.87847,1495.14759,0.56335,0.43665,1.8037,2.35351,0.33333,3.13333,1.44,3.08333,1.43667
240.0,41.0,95.0,0.435,16.33333,41.66667,0.39233,11.66667,13.33333,0.864,11.0,32.0,43.0,18.33333,8.33333,4.66667,11.33333,14.33333,110.0,240.0,44.66667,90.33333,0.49333,18.33333,44.66667,0.41467,12.33333,15.0,0.80533,10.0,37.66667,47.66667,29.33333,7.66667,5.33333,13.33333,13.0,120.0,1,0.12287,-0.12287,0.32327,0.2899,0.5951,0.52194,0.64116,0.56536,1509.73196,1482.60429,0.47321,0.52679,2.13078,1.91019,0.66667,240.0,42.66667,87.33333,0.488,11.66667,33.33333,0.33333,26.0,32.33333,0.80533,9.0,35.66667,44.66667,23.33333,4.66667,5.0,12.0,25.33333,123.0,240.0,45.0,95.0,0.46867,11.33333,33.66667,0.333,24.33333,32.66667,0.73467,12.66667,33.66667,46.33333,22.0,6.33333,3.0,8.66667,24.0,125.66667,1,0.02458,-0.02458,0.35756,0.26936,0.52774,0.55488,0.61172,0.6506,1471.59874,1539.2563,0.60102,0.39898,1.66607,2.51355,0.66667,3.26667,1.5,1.47667,2.85
240.0,38.0,86.0,0.442,9.66667,27.66667,0.35067,12.33333,18.66667,0.66367,10.33333,31.66667,42.0,21.66667,5.0,3.0,12.0,17.0,98.0,240.0,40.33333,84.66667,0.47667,9.66667,27.33333,0.345,12.66667,17.66667,0.75267,7.0,32.33333,39.33333,25.0,8.0,5.0,11.33333,19.33333,103.0,1,0.07211,-0.07211,0.2211,0.31704,0.5333,0.49819,0.58113,0.54369,1509.94512,1588.46261,0.6194,0.3806,1.62112,2.65999,0.66667,256.66667,44.0,94.66667,0.463,9.66667,29.66667,0.325,17.66667,20.33333,0.86967,10.33333,31.0,41.33333,24.66667,9.0,5.66667,11.33333,24.0,115.33333,256.66667,42.0,91.33333,0.46067,10.66667,27.33333,0.39,25.0,30.33333,0.84567,14.66667,34.0,48.66667,23.33333,5.33333,8.66667,12.0,16.66667,119.66667,1,0.05939,-0.05939,0.46996,0.32212,0.51929,0.51378,0.6127,0.58011,1540.43352,1516.44456,0.47213,0.52787,2.14287,1.91171,0.66667,1.5,2.86667,2.37667,1.96667
256.66667,39.33333,92.66667,0.424,10.66667,35.0,0.30267,19.33333,25.33333,0.776,12.66667,29.33333,42.0,23.0,9.33333,5.0,16.0,22.66667,108.66667,256.66667,43.66667,86.0,0.50567,12.33333,31.0,0.41,20.66667,24.33333,0.844,9.0,36.0,45.0,27.0,9.33333,4.66667,19.0,22.33333,120.33333,1,0.15544,-0.15544,0.31286,0.34653,0.57852,0.48122,0.65744,0.55214,1577.41146,1448.84996,0.34085,0.65915,2.99207,1.52569,1.0,240.0,37.33333,84.0,0.44467,9.33333,30.66667,0.30467,17.66667,24.0,0.736,9.0,28.0,37.0,23.33333,8.33333,6.66667,14.66667,21.33333,101.66667,240.0,43.66667,87.0,0.5,13.33333,29.33333,0.433,18.0,23.0,0.76033,12.0,36.66667,48.66667,26.66667,10.66667,6.66667,16.0,20.33333,118.66667,1,0.20564,-0.20564,0.44308,0.24719,0.57619,0.50035,0.64063,0.56972,1520.18066,1527.11319,0.53087,0.46913,1.90101,2.15515,0.66667,7.16667,1.14667,2.32,1.84667
248.33333,53.0,95.33333,0.55633,16.33333,37.66667,0.43133,19.33333,23.0,0.84767,9.33333,34.33333,43.66667,31.66667,6.66667,6.33333,12.33333,24.66667,141.66667,248.33333,47.0,96.0,0.48767,13.66667,36.66667,0.37433,26.33333,31.33333,0.84233,9.66667,27.66667,37.33333,25.33333,5.66667,4.33333,9.33333,17.33333,134.0,0,-0.08298,0.08298,0.30649,0.34111,0.56003,0.64262,0.65172,0.70695,1475.83619,1533.57841,0.57052,0.42948,1.77953,2.38059,0.33333,240.0,42.33333,91.33333,0.464,11.0,28.33333,0.384,16.66667,22.66667,0.741,11.66667,29.0,40.66667,20.0,7.66667,4.0,11.0,19.66667,112.33333,240.0,41.66667,82.33333,0.50633,9.33333,26.66667,0.34933,18.66667,24.66667,0.76033,8.33333,31.66667,40.0,22.0,8.33333,5.66667,16.0,20.66667,111.33333,0,-0.0139,0.0139,0.30522,0.37815,0.56321,0.52366,0.63507,0.58297,1530.13536,1530.4418,0.49008,0.50992,2.09026,2.0124,0.66667,1.41,3.05,3.05667,1.77
240.0,44.66667,98.0,0.456,13.33333,39.0,0.34133,18.66667,24.0,0.779,12.33333,37.33333,49.66667,26.66667,7.66667,3.33333,10.33333,16.0,121.33333,240.0,43.0,91.33333,0.47367,19.33333,44.66667,0.44067,16.0,20.33333,0.80133,9.66667,37.0,46.66667,28.0,5.66667,5.33333,12.33333,18.33333,121.33333,0,-0.00373,0.00373,0.25996,0.33814,0.57877,0.52477,0.63506,0.58829,1511.06337,1551.63103,0.5546,0.4454,1.81328,2.26676,0.66667,240.0,45.33333,90.33333,0.50133,14.0,39.33333,0.35433,10.0,12.33333,0.81167,11.66667,31.33333,43.0,32.33333,6.33333,5.66667,14.0,17.66667,114.66667,240.0,40.66667,86.66667,0.47033,12.0,35.66667,0.331,14.66667,18.33333,0.77733,10.66667,31.66667,42.33333,28.33333,6.0,3.0,16.33333,13.0,108.0,0,-0.08352,0.08352,0.34471,0.36892,0.53954,0.57893,0.59623,0.61587,1485.94373,1525.98737,0.54349,0.45651,1.85416,2.21188,0.33333,1.44333,3.01667,1.88667,2.1
240.0,37.33333,85.33333,0.43733,9.33333,28.33333,0.33033,19.0,22.66667,0.824,11.0,34.33333,45.33333,18.66667,7.0,3.33333,11.33333,20.0,103.0,240.0,39.33333,87.66667,0.44967,14.33333,42.66667,0.33567,18.33333,21.66667,0.84233,11.0,33.0,44.0,24.33333,4.66667,4.66667,9.66667,16.33333,111.33333,1,0.11568,-0.11568,0.31877,0.33889,0.53192,0.49233,0.60383,0.56979,1515.20001,1476.03286,0.45348,0.54652,2.2557,1.85391,1.0,240.0,42.0,87.33333,0.48067,12.66667,33.33333,0.37633,18.0,21.66667,0.82933,8.66667,32.66667,41.33333,23.0,8.66667,4.33333,10.33333,18.0,114.66667,240.0,42.0,87.0,0.483,16.33333,39.33333,0.409,11.33333,15.0,0.71667,9.0,32.33333,41.33333,29.66667,4.0,3.33333,15.0,16.33333,111.66667,1,-0.03705,0.03705,0.2886,0.26736,0.57723,0.55323,0.61901,0.62273,1475.43605,1496.54121,0.52033,0.47967,1.92247,2.08558,0.33333,3.65,1.44333,2.02333,1.98
240.0,33.0,85.33333,0.38633,8.33333,28.33333,0.29333,17.0,22.66667,0.752,13.0,28.33333,41.33333,18.33333,8.0,5.66667,15.33333,20.33333,91.33333,240.0,42.66667,85.66667,0.49567,12.0,30.33333,0.401,17.0,20.33333,0.835,10.66667,36.33333,47.0,23.66667,11.0,6.0,14.33333,20.33333,114.33333,0,0.31254,-0.31254,0.39147,0.36597,0.56544,0.43523,0.63054,0.50481,1509.45365,1461.31286,0.46462,0.53538,2.15623,1.8704,1.0,240.0,39.0,85.66667,0.45533,11.0,28.0,0.41067,25.66667,32.0,0.79633,11.66667,37.66667,49.33333,20.66667,8.33333,7.33333,15.33333,19.0,114.66667,240.0,38.0,88.66667,0.42867,10.0,33.0,0.302,18.0,22.33333,0.80733,9.33333,33.33333,42.66667,24.33333,10.33333,5.33333,14.0,24.0,104.0,0,-0.1486,0.1486,0.25939,0.35468,0.48514,0.5199,0.55477,0.6188,1416.4059,1514.26328,0.62545,0.37455,1.60637,2.70144,0.33333,3.21667,1.48,1.3,4.0
240.0,43.66667,93.66667,0.46967,15.66667,40.0,0.38667,13.0,16.66667,0.75633,6.66667,36.0,42.66667,29.33333,6.66667,5.0,10.66667,19.66667,116.0,240.0,41.33333,91.33333,0.45267,17.0,44.0,0.38133,19.33333,22.66667,0.852,11.0,41.0,52.0,29.33333,5.0,2.66667,13.33333,19.33333,119.0,0,0.06195,-0.06195,0.31517,0.15601,0.54508,0.5543,0.61751,0.5988,1520.43229,1491.42739,0.47057,0.52943,2.16586,1.91917,0.66667,240.0,43.66667,87.33333,0.499,15.0,33.33333,0.446,20.0,23.33333,0.852,8.0,36.0,44.0,26.0,7.33333,3.0,12.33333,20.66667,122.33333,240.0,39.66667,87.0,0.45767,13.0,37.0,0.341,17.33333,20.66667,0.80033,7.33333,33.0,40.33333,21.33333,5.33333,4.66667,13.0,22.33333,109.66667,0,-0.14505,0.14505,0.20043,0.24018,0.53148,0.5844,0.59921,0.66067,1452.34873,1531.93365,0.59754,0.40246,1.67789,2.49783,0.0,2.71667,1.55667,2.22,1.73
256.66667,40.66667,89.33333,0.45833,14.66667,38.0,0.39067,19.33333,23.66667,0.85567,12.66667,41.66667,54.33333,25.33333,9.0,3.66667,15.0,17.33333,115.33333,256.66667,37.33333,88.66667,0.42167,13.33333,43.33333,0.31167,14.33333,17.66667,0.80967,7.0,33.66667,40.66667,25.33333,8.33333,3.66667,12.0,22.0,102.33333,0,-0.18678,0.18678,0.17427,0.39751,0.49674,0.54119,0.55293,0.61362,1482.58799,1544.18025,0.57316,0.42684,1.7557,2.36672,0.0,240.0,42.0,94.33333,0.44567,12.66667,37.0,0.34167,13.0,16.0,0.8,10.66667,33.0,43.66667,20.33333,6.0,3.66667,9.66667,16.33333,109.66667,240.0,45.0,89.0,0.50733,11.66667,29.0,0.39967,14.33333,19.0,0.767,7.66667,38.66667,46.33333,23.33333,6.33333,4.66667,11.33333,16.0,116.0,0,0.08457,-0.08457,0.24496,0.27801,0.57199,0.51291,0.62325,0.56058,1506.82653,1503.20027,0.50976,0.49024,1.96324,2.04147,0.66667,1.61333,2.48333,2.09,2.09
240.0,38.66667,80.66667,0.48,16.66667,39.0,0.41733,13.33333,20.66667,0.66767,11.0,38.0,49.0,22.33333,6.0,6.33333,14.0,18.0,107.33333,240.0,34.66667,92.33333,0.374,10.66667,36.66667,0.29133,12.66667,16.66667,0.74433,15.33333,28.33333,43.66667,23.0,7.66667,5.66667,9.33333,19.66667,92.66667,0,-0.21335,0.21335,0.44765,0.38998,0.43138,0.58287,0.48163,0.63043,1479.2545,1530.75729,0.5552,0.4448,1.80303,2.2517,0.0,240.0,37.66667,81.0,0.467,13.33333,36.33333,0.37,16.0,25.0,0.64367,7.0,33.0,40.0,25.0,8.0,4.66667,17.0,20.33333,104.66667,240.0,42.33333,98.33333,0.43133,13.0,38.66667,0.336,15.0,18.66667,0.81333,17.0,36.33333,53.33333,27.66667,9.33333,4.66667,12.0,22.66667,112.66667,0,0.10504,-0.10504,0.53959,0.19713,0.49714,0.54963,0.55096,0.60687,1528.59534,1493.35686,0.46813,0.53187,2.15798,1.89579,0.66667,1.37333,4.63333,3.15667,1.61
248.33333,36.66667,85.33333,0.42733,10.0,31.33333,0.32667,21.0,26.66667,0.80133,9.0,31.0,40.0,22.66667,7.66667,4.0,16.33333,21.0,104.33333,248.33333,46.0,92.0,0.50267,12.33333,26.66667,0.46233,16.66667,23.66667,0.70767,13.0,36.0,49.0,26.33333,8.66667,7.33333,14.33333,20.0,121.0,0,0.22038,-0.22038,0.40383,0.26759,0.57068,0.48617,0.6257,0.57168,1499.6488,1465.23793,0.47526,0.52474,2.12817,1.92203,1.0,240.0,38.33333,86.66667,0.442,10.33333,31.66667,0.32867,12.66667,17.66667,0.754,7.0,33.0,40.0,19.0,5.33333,5.0,10.0,20.0,99.66667,240.0,39.0,90.0,0.43367,17.0,45.66667,0.37333,19.66667,23.0,0.84967,15.0,38.0,53.0,21.66667,7.0,5.66667,10.0,19.0,114.66667,0,0.20217,-0.20217,0.45357,0.1859,0.52829,0.50134,0.60377,0.55013,1587.87176,1466.1841,0.34969,0.65031,2.86248,1.53817,1.0,2.56667,1.58333,3.55,1.49
240.0,41.33333,93.0,0.44567,9.66667,33.66667,0.28733,19.66667,23.0,0.86333,10.33333,35.33333,45.66667,25.33333,7.0,4.33333,8.66667,17.33333,112.0,240.0,40.33333,88.0,0.45733,10.66667,33.0,0.31667,17.66667,22.66667,0.77833,8.33333,38.33333,46.66667,23.0,5.33333,4.33333,13.33333,19.0,109.0,1,-0.03692,0.03692,0.24143,0.29661,0.51757,0.49816,0.58563,0.57339,1487.14437,1499.82535,0.51207,0.48793,1.95647,2.05394,0.33333,240.0,38.0,89.0,0.42633,10.0,33.66667,0.28067,13.33333,16.66667,0.79467,10.0,38.0,48.0,20.0,6.33333,7.0,17.33333,19.66667,99.33333,240.0,37.33333,88.66667,0.42067,11.66667,38.33333,0.308,18.33333,23.0,0.807,8.33333,35.0,43.33333,17.33333,10.66667,5.33333,14.0,16.0,104.66667,1,0.08086,-0.08086,0.21871,0.28453,0.48678,0.48175,0.55833,0.53546,1486.74925,1498.42442,0.52869,0.47131,1.90218,2.13777,0.66667,1.84667,2.01,2.18333,2.01667
240.0,43.33333,90.0,0.48233,12.66667,36.33333,0.346,11.0,13.33333,0.823,9.33333,34.66667,44.0,30.66667,5.0,6.33333,14.0,15.0,110.33333,240.0,42.66667,92.33333,0.46267,16.66667,41.0,0.404,12.66667,14.66667,0.83367,10.33333,34.33333,44.66667,32.0,7.66667,5.0,13.33333,12.66667,114.66667,0,0.05053,-0.05053,0.29834,0.28535,0.55229,0.55293,0.59985,0.59455,1512.49639,1540.68639,0.54811,0.45189,1.83459,2.22937,0.66667,240.0,41.66667,93.33333,0.443,13.0,37.0,0.35967,13.0,16.0,0.815,10.33333,31.33333,41.66667,21.0,8.33333,6.0,10.0,21.33333,109.33333,240.0,39.33333,81.33333,0.486,13.66667,37.0,0.371,20.66667,25.66667,0.81033,6.66667,37.66667,44.33333,26.0,5.66667,5.0,13.66667,18.0,113.0,0,0.06016,-0.06016,0.21744,0.28351,0.57012,0.51233,0.65149,0.56096,1532.39587,1523.63303,0.49023,0.50977,2.06363,1.98238,0.66667,2.53667,1.96667,2.81,1.58333
240.0,41.33333,88.33333,0.46733,14.33333,34.33333,0.409,18.33333,21.33333,0.85767,12.66667,36.66667,49.33333,24.66667,10.66667,3.66667,11.0,19.33333,115.33333,240.0,39.0,85.0,0.45933,10.33333,28.33333,0.36233,16.0,19.0,0.822,8.66667,32.33333,41.0,22.33333,5.33333,4.0,13.66667,17.0,104.33333,1,-0.13103,0.13103,0.24012,0.40815,0.51977,0.54878,0.58591,0.61989,1474.25299,1547.25448,0.59505,0.40495,1.69225,2.50542,0.33333,240.0,42.0,89.66667,0.468,13.0,35.66667,0.36733,15.0,23.0,0.64033,12.33333,32.33333,44.66667,26.66667,7.66667,4.66667,13.66667,18.33333,112.0,240.0,40.33333,90.33333,0.44733,15.33333,33.66667,0.44867,13.33333,17.66667,0.75733,12.66667,33.66667,46.33333,27.66667,7.33333,5.0,14.66667,20.66667,109.33333,1,-0.03432,0.03432,0.39067,0.37666,0.53332,0.54068,0.58134,0.59082,1465.23092,1471.73838,0.50494,0.49506,2.00014,2.03816,0.33333,2.26,2.17667,1.92667,1.92667
240.0,34.0,87.0,0.39,8.33333,33.0,0.259,19.66667,26.66667,0.75233,12.0,31.0,43.0,18.33333,7.33333,5.0,14.0,17.0,96.0,240.0,42.33333,85.33333,0.495,15.0,36.66667,0.40933,15.0,18.33333,0.79167,8.66667,38.33333,47.0,27.66667,7.33333,4.66667,16.0,22.0,114.66667,0,0.25853,-0.25853,0.2835,0.31261,0.58309,0.4383,0.64151,0.51796,1542.31333,1455.22203,0.40803,0.59197,2.51857,1.71128,1.0,240.0,40.33333,88.33333,0.458,9.66667,31.33333,0.30667,10.66667,14.33333,0.70567,10.33333,30.0,40.33333,24.0,6.66667,3.33333,16.0,23.66667,101.0,240.0,41.66667,85.66667,0.48967,10.66667,30.0,0.34933,19.0,27.0,0.698,11.0,33.66667,44.66667,27.66667,9.0,6.0,12.66667,19.0,113.0,0,0.16864,-0.16864,0.36783,0.31805,0.55114,0.51286,0.61909,0.55276,1590.15297,1502.14768,0.39954,0.60046,2.52456,1.67201,0.66667,4.8,1.27667,4.0,1.32
240.0,44.66667,92.0,0.485,12.33333,31.33333,0.39767,17.66667,20.33333,0.85933,10.33333,34.33333,44.66667,30.33333,9.0,7.66667,11.33333,18.33333,119.33333,240.0,43.66667,86.0,0.51033,14.66667,33.0,0.45267,16.0,24.0,0.66367,9.0,33.0,42.0,28.33333,6.33333,8.0,13.0,15.66667,118.0,0,-0.0201,0.0201,0.27134,0.31302,0.59578,0.55215,0.64851,0.61823,1509.09196,1505.09264,0.49688,0.50312,2.01599,1.99087,0.66667,273.33333,45.0,101.33333,0.44667,11.66667,37.0,0.30767,16.33333,20.33333,0.805,10.33333,35.0,45.33333,28.66667,10.0,4.0,15.0,25.66667,118.0,273.33333,45.66667,91.66667,0.49833,9.33333,30.66667,0.33233,22.0,27.0,0.81633,8.33333,39.33333,47.66667,27.33333,8.33333,7.66667,18.0,19.33333,122.66667,0,0.05525,-0.05525,0.25,0.25885,0.5495,0.50476,0.62874,0.56085,1605.05145,1439.7507,0.28169,0.71831,3.55137,1.39224,1.0,2.32667,1.71,7.58333,1.10667
240.0,43.33333,92.33333,0.47,15.33333,38.33333,0.39733,20.33333,24.33333,0.84733,10.66667,29.0,39.66667,26.0,11.0,5.0,9.0,23.33333,122.33333,240.0,40.66667,81.0,0.50567,16.66667,38.66667,0.43367,21.0,25.33333,0.83167,7.0,36.0,43.0,28.0,3.33333,6.66667,17.33333,22.0,119.0,1,-0.04475,0.04475,0.23574,0.29871,0.60967,0.55476,0.69196,0.62949,1504.43172,1532.54488,0.53805,0.46195,1.87765,2.20028,0.33333,240.0,39.33333,86.33333,0.45533,13.66667,35.33333,0.373,15.33333,21.66667,0.702,11.66667,35.33333,47.0,26.33333,7.0,6.0,18.0,18.66667,107.66667,240.0,40.33333,89.66667,0.451,10.33333,30.0,0.34733,14.66667,20.66667,0.70833,10.33333,31.66667,42.0,28.66667,12.66667,4.0,13.0,18.33333,105.66667,1,-0.02569,0.02569,0.29209,0.36862,0.50975,0.53413,0.56357,0.59101,1490.03249,1519.03139,0.53423,0.46577,1.87854,2.15627,0.66667,2.03667,2.21667,2.01667,2.04333
240.0,35.33333,83.33333,0.42333,10.33333,40.0,0.255,15.66667,19.66667,0.78333,4.66667,31.33333,36.0,22.66667,7.66667,4.0,13.0,19.33333,96.66667,240.0,39.0,84.0,0.46467,15.66667,38.33333,0.40933,15.33333,19.0,0.77967,9.0,38.0,47.0,26.66667,5.66667,4.66667,14.66667,20.0,109.0,1,0.18983,-0.18983,0.30036,0.11996,0.55825,0.4845,0.61804,0.5471,1525.72524,1464.76556,0.43166,0.56834,2.31778,1.76002,1.0,240.0,36.66667,84.66667,0.43467,14.0,37.0,0.37233,15.66667,20.66667,0.73,10.66667,30.0,40.66667,18.66667,5.66667,5.33333,10.66667,16.33333,103.0,240.0,41.33333,84.33333,0.49,11.0,28.0,0.391,15.33333,19.0,0.796,8.66667,34.0,42.66667,20.33333,6.0,5.33333,11.33333,21.0,109.0,1,0.10628,-0.10628,0.28837,0.31643,0.55501,0.51741,0.61557,0.57849,1484.71767,1505.0205,0.54467,0.45533,1.85262,2.2273,0.66667,3.21667,1.44333,1.7,2.85
240.0,38.66667,94.33333,0.41067,11.0,32.66667,0.337,17.33333,23.0,0.73767,14.0,29.66667,43.66667,23.0,8.0,4.33333,14.33333,23.66667,105.66667,240.0,41.33333,86.0,0.48,12.0,28.66667,0.40867,23.0,30.33333,0.76067,13.66667,34.33333,48.0,26.33333,9.33333,9.0,16.33333,19.66667,117.66667,0,0.14824,-0.14824,0.45891,0.41194,0.54967,0.46976,0.63418,0.53359,1479.68622,1408.70308,0.41673,0.58327,2.40371,1.71587,1.0,240.0,48.0,87.33333,0.54833,15.33333,32.0,0.47933,12.33333,17.66667,0.69833,9.0,36.0,45.0,32.0,8.66667,7.66667,12.66667,18.0,123.66667,240.0,40.0,84.33333,0.47633,12.0,29.66667,0.41133,19.0,24.66667,0.766,9.0,31.33333,40.33333,27.33333,7.66667,4.33333,13.0,15.66667,111.0,0,-0.15337,0.15337,0.25371,0.28819,0.5473,0.63634,0.62026,0.67708,1504.41634,1521.69514,0.50265,0.49735,2.00406,2.0261,0.33333,3.68333,1.37333,2.20667,1.90333
240.0,40.66667,87.33333,0.46533,10.33333,30.33333,0.35367,18.0,20.66667,0.86633,9.33333,34.66667,44.0,22.0,7.33333,4.66667,15.33333,21.33333,109.66667,240.0,39.33333,85.66667,0.46,9.66667,30.66667,0.31533,17.0,20.33333,0.79833,6.33333,33.0,39.33333,18.33333,8.33333,5.33333,15.0,20.66667,105.33333,0,-0.05838,0.05838,0.1822,0.28185,0.51666,0.52447,0.58493,0.59758,1458.76977,1537.65112,0.60634,0.39366,1.65065,2.54518,0.0,240.0,45.0,92.0,0.48867,15.66667,41.33333,0.37733,17.66667,22.66667,0.78067,10.66667,38.0,48.66667,30.66667,5.33333,6.0,15.33333,20.33333,123.33333,240.0,42.0,96.0,0.43867,14.0,39.66667,0.34367,19.33333,27.0,0.72267,13.0,33.33333,46.33333,27.0,9.66667,5.0,11.0,17.33333,117.33333,0,-0.07608,0.07608,0.34113,0.33204,0.51173,0.57412,0.57634,0.63594,1468.62311,1498.57636,0.53208,0.46792,1.90906,2.18082,0.33333,1.85333,2.17333,1.92,2.27667
240.0,38.66667,81.33333,0.47533,10.66667,26.66667,0.40167,21.0,26.0,0.82167,9.33333,39.66667,49.0,22.0,8.33333,8.66667,13.0,26.0,109.0,240.0,31.33333,83.0,0.37933,8.33333,37.0,0.24067,24.0,34.0,0.7,12.33333,33.33333,45.66667,22.66667,8.0,3.66667,14.0,22.0,95.0,0,-0.21279,0.21279,0.32254,0.28267,0.42933,0.54106,0.52586,0.62544,1484.2513,1468.2868,0.45247,0.54753,2.22995,1.83681,0.33333,240.0,47.0,88.0,0.534,17.33333,35.0,0.49767,21.33333,27.0,0.79067,12.66667,31.66667,44.33333,27.0,8.0,4.0,10.0,19.33333,132.66667,240.0,43.66667,86.66667,0.50367,13.33333,34.33333,0.38033,15.66667,20.33333,0.77533,8.33333,27.33333,35.66667,27.0,5.0,3.66667,12.33333,19.33333,116.33333,0,-0.19642,0.19642,0.26671,0.47823,0.58082,0.63206,0.63776,0.70624,1435.15089,1508.06241,0.5897,0.4103,1.69628,2.4387,0.0,2.70333,1.66667,1.50667,2.83333
240.0,42.66667,99.0,0.43233,16.33333,39.66667,0.411,18.0,19.66667,0.92767,15.66667,31.66667,47.33333,18.33333,7.33333,4.0,10.33333,15.66667,119.66667,240.0,46.0,86.66667,0.529,14.66667,36.33333,0.38633,13.33333,17.66667,0.727,7.66667,35.33333,43.0,29.66667,6.0,5.0,14.33333,16.33333,120.0,0,0.00267,-0.00267,0.24187,0.46587,0.61225,0.51544,0.66174,0.58087,1509.71358,1484.84459,0.45307,0.54693,2.23846,1.84917,0.33333,240.0,34.0,83.66667,0.40833,12.33333,34.0,0.357,17.66667,20.66667,0.855,10.33333,33.66667,44.0,19.66667,4.66667,6.0,10.66667,19.33333,98.0,240.0,37.0,84.0,0.442,8.33333,27.0,0.30833,20.33333,26.0,0.80067,10.33333,33.0,43.33333,18.66667,6.33333,5.0,8.66667,20.0,102.66667,0,0.09411,-0.09411,0.30517,0.31449,0.49208,0.48266,0.57432,0.55654,1480.80227,1496.52548,0.5338,0.4662,1.89377,2.1812,0.66667,4.06667,1.37,1.68,2.88333
240.0,39.66667,89.33333,0.444,11.66667,40.0,0.28633,11.33333,16.66667,0.688,8.33333,32.0,40.33333,22.66667,7.66667,2.33333,13.33333,18.33333,102.33333,240.0,43.33333,93.66667,0.46533,12.66667,40.33333,0.31333,16.33333,18.33333,0.87967,11.66667,39.0,50.66667,25.33333,7.66667,4.0,12.33333,17.0,115.66667,1,0.17554,-0.17554,0.37588,0.21445,0.53264,0.51022,0.59541,0.55139,1552.25779,1447.74695,0.3724,0.6276,2.70256,1.59723,1.0,240.0,41.66667,87.66667,0.47433,11.0,30.66667,0.35633,20.33333,23.0,0.884,10.66667,37.0,47.66667,25.66667,6.33333,4.0,12.33333,19.66667,114.66667,240.0,39.33333,92.0,0.43033,14.0,41.66667,0.33233,18.0,20.66667,0.86833,11.33333,31.33333,42.66667,19.0,6.66667,7.33333,10.33333,17.0,110.66667,1,-0.04937,0.04937,0.30052,0.35969,0.50745,0.53706,0.5774,0.61824,1491.83559,1506.03356,0.50949,0.49051,1.96813,2.04517,0.66667,7.58333,1.11667,2.35,1.71667
240.0,40.0,94.33333,0.42467,12.66667,35.66667,0.35733,13.0,18.33333,0.717,11.66667,32.66667,44.33333,21.66667,7.33333,5.66667,11.66667,21.33333,105.66667,240.0,41.0,88.33333,0.46467,9.66667,27.33333,0.34267,19.66667,26.0,0.75833,11.0,36.66667,47.66667,28.66667,6.66667,7.66667,13.66667,17.66667,111.33333,1,0.07226,-0.07226,0.35595,0.31884,0.52012,0.49281,0.5938,0.53937,1478.78135,1403.36623,0.39876,0.60124,2.51558,1.66556,1.0,240.0,46.33333,96.0,0.478,19.66667,47.66667,0.407,11.0,13.33333,0.82533,8.33333,38.66667,47.0,28.0,8.66667,4.66667,14.0,21.0,123.33333,240.0,38.33333,86.0,0.44567,13.0,35.0,0.36867,22.0,26.33333,0.82933,6.33333,37.66667,44.0,21.0,8.33333,5.66667,16.33333,13.0,111.66667,1,-0.11198,0.11198,0.16296,0.23743,0.52112,0.57871,0.60783,0.61692,1431.17444,1516.96921,0.61687,0.38313,1.62183,2.61329,0.33333,3.58333,1.38,1.42667,3.01667
240.0,39.0,88.0,0.444,8.33333,22.33333,0.38967,25.66667,32.0,0.79367,12.33333,33.0,45.33333,16.33333,11.0,5.33333,11.33333,22.33333,112.0,240.0,35.66667,79.33333,0.45233,13.66667,34.66667,0.39133,22.66667,28.66667,0.78433,7.66667,35.0,42.66667,22.33333,6.0,6.0,17.0,25.66667,107.66667,1,-0.06174,0.06174,0.26568,0.3523,0.54029,0.49123,0.63334,0.59036,1447.01582,1533.83721,0.62092,0.37908,1.61407,2.65504,0.33333,248.33333,39.33333,92.33333,0.42567,15.33333,36.66667,0.41867,19.0,25.66667,0.73533,12.66667,31.66667,44.33333,25.66667,9.33333,5.66667,13.33333,19.0,113.0,248.33333,40.33333,86.0,0.47,12.33333,34.0,0.36667,24.0,28.33333,0.85833,9.0,36.33333,45.33333,25.66667,8.0,7.0,13.66667,22.33333,117.0,1,0.04451,-0.04451,0.28503,0.34869,0.54196,0.50873,0.63597,0.57644,1530.53249,1507.1719,0.47397,0.52603,2.12992,1.91397,0.66667,1.33333,3.93333,2.5,1.60333
240.0,40.33333,86.66667,0.465,13.33333,35.0,0.37867,19.66667,25.66667,0.77,10.66667,32.66667,43.33333,21.66667,6.66667,2.66667,11.33333,19.0,113.66667,240.0,40.66667,85.33333,0.478,14.0,35.33333,0.398,17.33333,22.33333,0.77733,9.33333,33.0,42.33333,26.33333,7.0,3.33333,12.33333,19.66667,112.66667,0,-0.0129,0.0129,0.30226,0.329,0.5601,0.54193,0.62556,0.61556,1506.56152,1525.09335,0.52604,0.47396,1.95483,2.17879,0.33333,240.0,36.66667,91.66667,0.40167,11.33333,38.0,0.29433,11.0,16.66667,0.69033,11.33333,35.66667,47.0,20.66667,7.66667,5.0,13.33333,18.0,95.66667,240.0,39.66667,89.33333,0.44633,12.66667,35.66667,0.356,14.66667,17.0,0.853,9.33333,42.66667,52.0,26.33333,7.0,2.33333,16.0,18.66667,106.66667,0,0.15528,-0.15528,0.27215,0.26667,0.517,0.46422,0.57497,0.50465,1533.56564,1457.84688,0.41705,0.58295,2.41099,1.72055,0.66667,2.14,1.86333,3.26667,1.45
240.0,42.0,83.66667,0.50333,15.66667,41.33333,0.38267,16.33333,22.66667,0.666,12.0,31.66667,43.66667,28.0,7.33333,5.33333,19.66667,21.33333,116.0,240.0,39.33333,88.0,0.45067,11.0,31.33333,0.35,23.0,27.66667,0.83233,12.66667,27.33333,40.0,22.33333,10.0,3.66667,13.33333,21.0,112.66667,1,-0.04125,0.04125,0.3969,0.44218,0.5145,0.59767,0.60409,0.6557,1477.8656,1434.68304,0.43509,0.56491,2.32205,1.78005,0.33333,240.0,42.0,90.66667,0.46367,12.33333,38.33333,0.318,12.0,16.0,0.74067,8.33333,29.66667,38.0,22.33333,7.66667,1.33333,9.0,18.66667,108.33333,240.0,42.0,85.66667,0.49233,12.66667,37.0,0.34833,17.66667,20.66667,0.84,9.0,38.0,47.0,24.33333,5.66667,4.33333,13.0,15.33333,114.33333,1,0.08022,-0.08022,0.32171,0.22053,0.56604,0.53245,0.63576,0.57614,1567.95822,1472.06702,0.37285,0.62715,2.69991,1.59857,0.66667,2.78333,1.50667,6.85,1.21
240.0,38.33333,90.66667,0.423,16.0,40.0,0.40033,18.0,21.66667,0.86033,10.66667,31.66667,42.33333,25.0,9.0,6.33333,13.66667,21.66667,110.66667,240.0,37.66667,82.66667,0.45767,13.0,36.66667,0.36,26.0,30.66667,0.85533,9.0,35.66667,44.66667,22.33333,8.0,7.33333,14.66667,20.66667,114.33333,1,0.04074,-0.04074,0.28503,0.29695,0.53631,0.5115,0.64062,0.58022,1524.22891,1521.30755,0.50307,0.49693,1.98789,2.01244,0.66667,240.0,43.33333,91.66667,0.472,12.66667,36.0,0.35467,15.66667,21.33333,0.786,12.33333,34.33333,46.66667,25.66667,7.0,4.66667,13.33333,17.66667,115.0,240.0,38.0,91.0,0.418,13.0,32.0,0.40067,15.66667,19.33333,0.823,13.0,35.33333,48.33333,25.33333,8.0,4.33333,15.33333,18.66667,104.66667,1,-0.14268,0.14268,0.38283,0.36399,0.4899,0.54124,0.5498,0.59648,1460.02652,1496.92675,0.53706,0.46294,1.90641,2.22936,0.33333,2.51667,1.59333,1.77,2.46
240.0,46.0,93.66667,0.49067,11.33333,33.66667,0.33267,13.33333,15.33333,0.871,6.66667,35.66667,42.33333,25.66667,4.0,5.0,7.0,16.66667,116.66667,240.0,41.33333,90.66667,0.45633,14.66667,36.0,0.40967,17.66667,24.0,0.732,9.33333,36.33333,45.66667,20.66667,5.33333,5.0,8.66667,18.66667,115.0,0,-0.01656,0.01656,0.26696,0.19252,0.53672,0.55121,0.59936,0.60033,1536.89261,1482.2746,0.41991,0.58009,2.42688,1.74085,0.33333,240.0,40.0,89.0,0.44933,12.0,33.66667,0.35733,10.0,13.66667,0.754,5.66667,32.66667,38.33333,22.33333,5.33333,6.33333,10.0,18.0,102.0,240.0,41.33333,92.33333,0.44767,17.0,46.33333,0.36767,17.33333,21.66667,0.79967,14.0,39.33333,53.33333,24.0,6.33333,5.33333,10.33333,17.33333,117.0,0,0.19721,-0.19721,0.42703,0.14853,0.53942,0.51611,0.60221,0.55395,1580.94531,1473.10393,0.36977,0.63023,2.71185,1.58828,1.0,1.86667,2.03,3.88333,1.40333
240.0,35.0,87.0,0.40233,11.0,33.66667,0.313,18.0,23.0,0.788,12.33333,33.66667,46.0,22.66667,8.0,3.33333,16.0,19.66667,99.0,240.0,39.66667,86.66667,0.457,13.66667,38.33333,0.354,17.33333,25.0,0.692,9.66667,36.33333,46.0,22.33333,10.33333,3.33333,13.33333,18.33333,110.33333,0,0.15522,-0.15522,0.29875,0.34094,0.53567,0.46548,0.5979,0.53751,1472.56359,1462.74092,0.51605,0.48395,1.93902,2.0678,0.66667,248.33333,39.66667,88.0,0.45067,17.66667,41.0,0.43167,15.0,20.66667,0.67367,13.0,31.66667,44.66667,24.33333,8.0,4.0,15.0,20.0,112.0,248.33333,38.33333,83.66667,0.45833,14.0,37.66667,0.36667,18.0,24.33333,0.73767,9.33333,34.33333,43.66667,25.66667,8.0,4.33333,14.33333,20.33333,108.66667,0,-0.0404,0.0404,0.29669,0.3807,0.54064,0.55049,0.61028,0.60355,1446.85427,1457.67184,0.51252,0.48748,1.96016,2.06269,0.33333,3.63333,1.38,3.76667,1.31333
240.0,44.0,90.33333,0.491,15.33333,35.66667,0.42967,20.66667,24.66667,0.84833,11.0,27.66667,38.66667,24.66667,10.0,4.33333,10.0,25.33333,124.0,240.0,39.33333,80.33333,0.49367,16.33333,39.0,0.422,25.66667,30.33333,0.845,10.33333,31.33333,41.66667,29.0,4.33333,6.66667,17.0,20.66667,120.66667,1,-0.04215,0.04215,0.35862,0.34611,0.59657,0.57906,0.69817,0.65575,1520.40979,1533.45193,0.5161,0.4839,1.94216,2.0724,0.33333,240.0,44.33333,90.0,0.493,17.33333,39.66667,0.43633,25.33333,30.0,0.861,11.0,34.33333,45.33333,22.66667,5.66667,3.33333,13.0,24.33333,131.33333,240.0,44.33333,92.0,0.47933,11.66667,35.66667,0.31933,23.0,29.0,0.78733,10.0,31.66667,41.66667,23.0,6.0,3.66667,10.66667,23.33333,123.33333,1,-0.10344,0.10344,0.28697,0.34239,0.54352,0.58902,0.62688,0.67994,1449.67674,1524.34914,0.58809,0.41191,1.70863,2.44923,0.33333,2.13333,1.91667,1.74333,2.38667
240.0,39.66667,84.33333,0.47067,13.66667,37.0,0.37067,22.66667,28.66667,0.79033,10.0,33.0,43.0,21.33333,7.33333,6.66667,12.66667,23.0,115.66667,240.0,40.33333,89.66667,0.448,8.33333,30.33333,0.27433,20.0,25.66667,0.78433,13.0,33.33333,46.33333,25.0,8.0,4.66667,13.66667,21.33333,109.0,0,-0.09722,0.09722,0.4456,0.30839,0.49447,0.55193,0.57109,0.6386,1474.44537,1546.60817,0.58765,0.41235,1.72103,2.4747,0.33333,240.0,46.33333,88.66667,0.52333,20.0,43.33333,0.46167,21.0,26.0,0.812,5.66667,36.33333,42.0,30.33333,8.66667,5.0,11.0,23.33333,133.66667,240.0,42.33333,91.66667,0.46267,17.66667,43.66667,0.4,23.33333,27.66667,0.84533,11.66667,34.0,45.66667,27.66667,3.66667,3.0,12.66667,21.66667,125.66667,0,-0.08735,0.08735,0.3264,0.16557,0.55855,0.63608,0.643,0.70893,1446.41891,1474.52166,0.52734,0.47266,1.93103,2.15728,0.66667,3.42667,2.18667,3.48333,1.43
240.0,41.33333,90.0,0.45867,11.66667,35.66667,0.325,14.66667,18.66667,0.81867,6.33333,33.0,39.33333,21.66667,4.33333,4.33333,8.0,20.0,109.0,240.0,40.33333,89.0,0.45333,16.0,39.0,0.412,21.0,25.66667,0.81733,12.33333,39.33333,51.66667,20.66667,6.0,5.66667,10.33333,20.33333,117.66667,1,0.11528,-0.11528,0.37738,0.1609,0.54309,0.52306,0.62187,0.57827,1559.67258,1471.823,0.39197,0.60803,2.62474,1.66827,0.66667,248.33333,42.66667,88.0,0.48467,8.66667,27.0,0.31867,18.66667,22.0,0.849,9.33333,28.33333,37.66667,25.33333,9.33333,7.0,10.66667,21.33333,112.66667,248.33333,39.66667,84.0,0.472,11.33333,29.33333,0.386,21.0,23.33333,0.89233,9.0,30.66667,39.66667,25.33333,6.0,6.33333,13.33333,18.66667,111.66667,1,-0.01032,0.01032,0.32498,0.30823,0.53925,0.5337,0.62538,0.60741,1545.50402,1557.19278,0.51729,0.48271,1.93982,2.07922,0.33333,2.13,1.82667,1.92,2.62333
240.0,42.33333,91.66667,0.46367,12.33333,29.66667,0.41667,14.66667,18.0,0.819,9.66667,28.66667,38.33333,22.0,9.66667,5.0,11.0,17.66667,111.66667,240.0,44.0,83.66667,0.52767,12.33333,31.66667,0.38367,11.33333,16.66667,0.61933,9.33333,34.66667,44.0,24.33333,6.0,6.0,18.66667,18.33333,111.66667,1,-0.00183,0.00183,0.34585,0.27486,0.60063,0.53126,0.64036,0.58598,1507.58105,1515.77016,0.50501,0.49499,1.9874,2.02741,0.66667,240.0,35.0,86.0,0.40567,10.33333,32.0,0.324,23.0,30.0,0.77567,11.33333,30.0,41.33333,22.0,9.0,5.33333,16.33333,21.33333,103.33333,240.0,45.33333,87.66667,0.517,15.33333,33.33333,0.46,17.66667,23.33333,0.74667,11.33333,35.0,46.33333,29.0,10.0,6.66667,16.66667,23.33333,123.66667,1,0.26348,-0.26348,0.37826,0.33663,0.60476,0.46609,0.66632,0.55764,1495.86664,1429.55714,0.43741,0.56259,2.30536,1.78697,1.0,1.9,2.27,3.83333,1.32
240.0,40.66667,89.0,0.46033,11.66667,31.33333,0.36967,12.33333,16.33333,0.76767,12.0,30.0,42.0,24.66667,6.66667,5.33333,13.0,18.66667,105.33333,240.0,44.66667,84.33333,0.53167,10.66667,27.33333,0.38933,17.33333,24.0,0.71733,9.0,33.0,42.0,29.33333,7.66667,5.0,11.66667,16.0,117.33333,0,0.16076,-0.16076,0.3006,0.36339,0.59422,0.52703,0.65604,0.57296,1519.78499,1540.35424,0.54916,0.45084,1.86104,2.28812,1.0,240.0,37.33333,82.0,0.45467,11.0,32.33333,0.33533,17.66667,22.66667,0.76867,7.33333,33.0,40.33333,23.66667,6.0,6.0,13.0,20.33333,103.33333,240.0,38.33333,83.33333,0.46,11.33333,29.0,0.365,17.66667,24.0,0.72067,10.0,35.0,45.0,23.0,9.0,4.66667,14.33333,21.0,105.66667,0,0.02713,-0.02713,0.31607,0.21394,0.52732,0.52252,0.59499,0.59437,1523.16993,1522.49647,0.50312,0.49688,2.05722,2.07123,0.33333,2.04,2.03333,2.58667,1.81
240.0,48.66667,92.0,0.527,17.66667,40.66667,0.43867,18.66667,22.0,0.85833,8.33333,34.66667,43.0,29.0,6.33333,4.0,15.0,22.33333,133.66667,240.0,48.0,96.0,0.49833,12.66667,34.66667,0.36633,24.0,29.33333,0.81733,10.0,32.0,42.0,24.66667,8.66667,3.33333,11.33333,16.33333,132.66667,0,-0.00175,0.00175,0.31316,0.26462,0.56535,0.62318,0.64782,0.68832,1475.53971,1531.13707,0.58213,0.41787,1.73177,2.42583,0.66667,240.0,38.0,88.33333,0.431,9.66667,26.33333,0.366,17.66667,23.33333,0.73533,12.33333,30.66667,43.0,18.0,8.0,4.33333,11.66667,22.0,103.33333,240.0,37.33333,81.0,0.46333,15.0,35.66667,0.42,22.33333,27.0,0.85833,8.0,34.66667,42.66667,24.66667,6.33333,5.33333,13.66667,22.0,112.0,0,0.12025,-0.12025,0.28358,0.35587,0.55776,0.48557,0.64955,0.55329,1472.77706,1549.66992,0.62548,0.37452,1.6039,2.69682,0.66667,2.08333,2.51333,1.37,3.5
240.0,39.66667,88.0,0.45067,13.33333,36.66667,0.365,16.66667,24.0,0.67533,10.66667,33.33333,44.0,25.33333,7.0,5.33333,13.33333,19.0,109.33333,240.0,39.0,87.0,0.448,19.0,41.33333,0.46333,15.33333,20.33333,0.73767,9.33333,35.66667,45.0,28.66667,6.33333,5.0,15.0,20.33333,112.33333,1,0.03742,-0.03742,0.28377,0.29888,0.5573,0.5266,0.61372,0.58614,1480.926,1494.14084,0.52259,0.47741,1.91754,2.0995,0.66667,240.0,39.66667,88.0,0.451,16.0,43.33333,0.36967,12.0,14.66667,0.788,12.33333,36.0,48.33333,24.33333,12.33333,3.66667,14.0,17.66667,107.33333,240.0,35.33333,82.33333,0.429,12.33333,36.66667,0.34233,14.33333,17.33333,0.82133,7.66667,33.0,40.66667,24.33333,5.33333,2.66667,14.66667,15.0,97.33333,1,-0.15026,0.15026,0.22099,0.37545,0.50396,0.54215,0.56494,0.58849,1448.90266,1514.24967,0.58062,0.41938,1.75349,2.4551,0.33333,2.32667,1.79333,2.35667,1.99667
240.0,41.33333,91.0,0.45433,8.33333,23.33333,0.37633,22.66667,29.66667,0.75633,13.0,30.66667,43.66667,18.33333,10.66667,5.66667,10.33333,21.33333,113.66667,240.0,37.0,78.66667,0.47167,12.33333,33.0,0.369,21.33333,26.0,0.81267,8.0,34.0,42.0,21.0,5.0,5.66667,17.66667,24.66667,107.66667,1,-0.08238,0.08238,0.29361,0.38385,0.55228,0.50009,0.64172,0.58309,1471.18759,1535.39157,0.58542,0.41458,1.73394,2.47983,0.33333,240.0,42.33333,85.66667,0.494,15.0,40.0,0.37133,12.0,16.33333,0.75633,9.33333,34.66667,44.0,28.66667,4.66667,6.33333,14.33333,16.33333,111.66667,240.0,41.33333,89.0,0.465,16.66667,39.66667,0.417,14.0,16.66667,0.80733,9.0,31.66667,40.66667,31.66667,6.0,4.33333,12.33333,15.66667,113.33333,1,0.01832,-0.01832,0.26326,0.30029,0.55857,0.58194,0.6115,0.62574,1485.52732,1543.11339,0.58441,0.41559,1.71217,2.40906,0.66667,1.66333,3.09667,1.51667,3.05
248.33333,45.0,90.66667,0.49633,14.33333,38.0,0.362,17.33333,23.33333,0.76,9.66667,39.0,48.66667,30.66667,10.0,6.0,17.0,23.0,121.66667,248.33333,43.66667,94.33333,0.464,10.0,36.0,0.27,15.33333,22.66667,0.66867,10.33333,35.33333,45.66667,22.0,8.66667,1.66667,16.0,19.33333,112.66667,0,-0.1168,0.1168,0.28774,0.27576,0.51591,0.5745,0.56773,0.63508,1484.15938,1482.96329,0.47473,0.52527,2.11385,1.90911,0.33333,240.0,43.66667,89.66667,0.48667,15.66667,38.33333,0.40633,17.0,20.66667,0.858,10.66667,35.66667,46.33333,29.0,10.0,4.0,12.33333,17.0,120.0,240.0,37.66667,91.33333,0.41267,11.33333,32.33333,0.352,15.0,16.66667,0.89667,12.66667,34.66667,47.33333,23.0,6.0,4.66667,15.66667,19.0,101.66667,0,-0.24372,0.24372,0.35995,0.32402,0.4746,0.57538,0.53525,0.63852,1449.65465,1511.48635,0.56309,0.43691,1.82817,2.37697,0.0,2.45667,1.71,1.59333,2.89
240.0,34.0,87.66667,0.38867,10.66667,36.66667,0.29067,19.66667,25.66667,0.76967,12.66667,33.0,45.66667,20.33333,6.33333,6.33333,16.0,18.33333,98.33333,240.0,40.33333,89.33333,0.45267,14.33333,35.66667,0.40133,18.66667,23.66667,0.78867,12.0,38.33333,50.33333,24.0,8.66667,5.0,13.33333,22.0,113.66667,1,0.20438,-0.20438,0.35952,0.33346,0.53302,0.44982,0.60243,0.52787,1466.92099,1430.75356,0.47477,0.52523,2.11773,1.91157,0.66667,240.0,41.66667,88.0,0.473,11.33333,31.0,0.37067,16.0,20.0,0.785,10.33333,32.0,42.33333,20.0,7.33333,3.66667,12.0,18.0,110.66667,240.0,42.66667,87.0,0.49067,12.66667,38.33333,0.31933,13.66667,17.0,0.81267,8.0,32.33333,40.33333,28.66667,6.33333,2.0,12.0,15.66667,111.66667,1,0.01406,-0.01406,0.26521,0.31944,0.56397,0.53756,0.61626,0.59895,1476.62651,1480.76293,0.50938,0.49062,1.9636,2.03869,0.33333,3.25,1.54333,2.18333,1.73
240.0,34.66667,84.33333,0.411,7.33333,25.0,0.287,19.33333,25.0,0.78367,11.66667,32.33333,44.0,19.66667,7.0,5.33333,16.66667,19.0,96.0,240.0,44.0,88.0,0.49933,13.33333,31.66667,0.42333,16.0,19.33333,0.82,9.33333,34.0,43.33333,23.33333,10.66667,8.33333,12.0,24.0,117.33333,0,0.28446,-0.28446,0.33221,0.35217,0.57429,0.45453,0.63371,0.53373,1466.05927,1452.90014,0.50837,0.49163,1.98224,2.05268,1.0,240.0,35.0,94.33333,0.371,11.66667,39.33333,0.28967,10.33333,16.0,0.67467,14.0,30.66667,44.66667,20.0,7.33333,3.0,10.33333,15.33333,92.0,240.0,41.0,85.0,0.48267,10.33333,31.0,0.33167,15.33333,17.0,0.90867,9.33333,43.0,52.33333,28.33333,6.0,3.0,15.0,18.33333,107.66667,0,0.22481,-0.22481,0.30952,0.33069,0.54323,0.43257,0.60631,0.47023,1538.14566,1483.63112,0.45013,0.54987,2.23378,1.82493,1.0,2.25667,1.86667,2.78333,1.58
240.0,43.66667,93.66667,0.466,13.66667,36.33333,0.37567,9.66667,14.0,0.75067,10.66667,33.33333,44.0,25.33333,9.33333,5.33333,12.66667,17.0,110.66667,240.0,42.66667,90.33333,0.47267,10.66667,31.0,0.33833,15.33333,20.33333,0.752,7.66667,36.33333,44.0,27.0,7.66667,4.66667,13.0,13.0,111.33333,0,0.00745,-0.00745,0.23791,0.29535,0.53248,0.53925,0.58798,0.57176,1456.21663,1399.99366,0.42016,0.57984,2.39481,1.72973,0.66667,240.0,46.66667,89.0,0.525,18.33333,41.0,0.44233,17.66667,20.66667,0.85167,7.0,36.33333,43.33333,27.66667,8.0,4.33333,13.33333,22.33333,129.33333,240.0,39.66667,91.33333,0.43367,17.0,43.0,0.38667,23.0,26.0,0.88767,10.66667,33.0,43.66667,23.0,5.33333,3.33333,12.66667,20.0,119.33333,0,-0.1111,0.1111,0.29699,0.20893,0.52594,0.62861,0.61358,0.69161,1449.38382,1521.85965,0.59022,0.40978,1.69795,2.45117,0.33333,2.55333,1.74333,2.46667,1.60667
240.0,45.66667,88.33333,0.51667,13.66667,33.66667,0.39633,15.33333,23.0,0.66767,9.0,38.66667,47.66667,25.0,7.33333,5.0,11.33333,18.33333,120.33333,240.0,41.33333,90.0,0.459,12.66667,34.66667,0.345,14.66667,19.0,0.77133,7.0,32.0,39.0,25.33333,6.33333,5.0,11.0,19.33333,110.0,1,-0.13624,0.13624,0.18226,0.28538,0.52873,0.59621,0.58313,0.64594,1447.90552,1572.66799,0.6629,0.3371,1.51557,3.01512,0.33333,240.0,35.66667,79.0,0.453,16.33333,42.33333,0.38567,21.33333,30.0,0.68967,8.66667,29.66667,38.33333,24.66667,6.0,4.66667,15.33333,19.0,109.0,240.0,44.33333,97.33333,0.45933,15.33333,35.66667,0.45133,13.33333,16.0,0.83467,16.0,33.66667,49.66667,27.33333,8.33333,3.66667,10.33333,24.0,117.33333,1,0.1041,-0.1041,0.5352,0.25963,0.53948,0.55728,0.58688,0.63928,1537.84465,1528.46543,0.50679,0.49321,2.01171,2.06421,0.66667,1.17667,5.41667,2.80667,1.88333
240.0,39.66667,84.0,0.472,7.33333,25.0,0.28567,20.66667,28.0,0.732,8.66667,31.0,39.66667,20.33333,6.33333,4.33333,14.0,20.33333,107.33333,240.0,38.0,85.0,0.44667,8.66667,23.66667,0.36967,17.0,23.33333,0.73533,10.66667,31.66667,42.33333,20.33333,8.66667,3.66667,15.33333,25.66667,101.66667,0,-0.08114,0.08114,0.36536,0.28455,0.49774,0.51483,0.56357,0.59496,1490.79958,1594.48945,0.63732,0.36268,1.57405,2.78547,0.33333,240.0,38.33333,90.66667,0.42433,10.33333,30.66667,0.33667,20.0,26.0,0.763,13.0,32.33333,45.33333,17.66667,9.66667,7.0,12.66667,26.0,107.0,240.0,34.33333,79.33333,0.436,15.33333,34.33333,0.44667,26.33333,35.0,0.75033,11.0,37.33333,48.33333,21.33333,6.66667,7.33333,17.33333,23.0,110.33333,0,0.04292,-0.04292,0.35762,0.34848,0.53419,0.48086,0.63969,0.55682,1469.02689,1509.87043,0.5665,0.4335,1.77844,2.33268,0.33333,1.29667,4.68333,1.68,2.86333
240.0,45.0,91.33333,0.49733,17.66667,42.0,0.415,16.33333,19.33333,0.824,7.33333,37.0,44.33333,28.33333,8.33333,3.66667,12.33333,20.66667,124.0,240.0,41.0,92.0,0.44567,17.33333,43.0,0.397,22.0,25.33333,0.872,11.33333,37.33333,48.66667,29.0,4.66667,1.33333,12.66667,19.0,121.33333,0,-0.00876,0.00876,0.31169,0.1875,0.53929,0.59573,0.62103,0.65349,1477.38329,1502.43303,0.53608,0.46392,1.8872,2.18584,0.66667,240.0,48.66667,92.66667,0.52533,15.0,32.66667,0.46,11.0,14.66667,0.75433,9.66667,39.33333,49.0,31.0,8.0,9.0,11.0,20.0,123.33333,240.0,39.66667,89.33333,0.44467,11.0,30.66667,0.356,18.0,24.0,0.74667,8.33333,33.33333,41.66667,27.0,6.66667,6.0,11.33333,14.0,108.33333,0,-0.1824,0.1824,0.21204,0.29423,0.50711,0.60674,0.57422,0.6433,1493.92435,1473.83774,0.44185,0.55815,2.29526,1.80651,0.33333,2.43333,1.62667,2.95,1.48333
240.0,37.66667,85.33333,0.441,12.33333,41.33333,0.30333,18.33333,23.0,0.78333,5.33333,34.66667,40.0,24.66667,5.33333,3.0,10.33333,19.66667,106.0,240.0,38.66667,84.33333,0.459,15.33333,39.0,0.39467,17.0,21.0,0.80167,8.33333,38.33333,46.66667,27.0,4.66667,4.33333,11.66667,21.33333,109.66667,1,0.05648,-0.05648,0.24522,0.13838,0.55015,0.51324,0.61667,0.58451,1509.11953,1463.98387,0.43796,0.56204,2.28728,1.78123,0.66667,240.0,36.33333,88.33333,0.41067,10.0,30.66667,0.309,17.33333,22.33333,0.765,9.66667,38.0,47.66667,19.0,6.33333,5.66667,15.0,18.66667,100.0,240.0,37.66667,88.66667,0.42467,12.33333,40.66667,0.30567,18.0,24.0,0.759,8.0,37.66667,45.66667,18.66667,8.66667,5.66667,12.66667,18.0,105.66667,1,0.08592,-0.08592,0.2097,0.25953,0.49436,0.46655,0.56238,0.5354,1499.81555,1485.08316,0.49375,0.50625,2.02806,1.97797,0.66667,2.97333,1.86333,2.36667,1.66
240.0,40.33333,91.33333,0.44233,12.33333,35.66667,0.34433,10.0,13.0,0.75733,9.0,33.66667,42.66667,28.0,6.0,5.0,12.66667,15.66667,103.0,240.0,41.0,87.66667,0.466,15.33333,38.66667,0.38667,16.66667,19.33333,0.82733,9.66667,37.33333,47.0,29.33333,7.33333,5.66667,13.66667,14.66667,114.0,1,0.1425,-0.1425,0.2874,0.24449,0.55126,0.50978,0.62023,0.54718,1524.16208,1535.69163,0.5382,0.4618,1.86714,2.18003,1.0,240.0,39.66667,89.33333,0.445,10.66667,28.66667,0.37233,12.33333,16.0,0.764,11.0,27.0,38.0,23.33333,7.33333,4.0,11.66667,21.33333,102.33333,240.0,40.66667,80.33333,0.50667,14.66667,34.33333,0.428,20.0,24.0,0.852,7.66667,33.0,40.66667,25.66667,6.66667,4.66667,13.0,18.0,116.0,1,0.18287,-0.18287,0.30125,0.33047,0.59952,0.50488,0.68101,0.55198,1468.28024,1540.66911,0.62763,0.37237,1.59799,2.71048,1.0,2.59667,1.86667,1.42667,3.08333
240.0,40.0,89.33333,0.44867,11.33333,32.33333,0.34933,18.0,23.33333,0.78567,12.0,33.0,45.0,19.66667,7.33333,3.66667,12.66667,18.33333,109.33333,240.0,42.0,85.66667,0.492,12.0,34.0,0.34733,15.0,20.66667,0.71567,9.0,33.0,42.0,25.0,7.0,3.33333,13.33333,19.33333,111.0,1,0.02135,-0.02135,0.28431,0.36503,0.56171,0.5129,0.61608,0.58073,1482.57578,1525.09335,0.56028,0.43972,1.79616,2.30066,0.66667,240.0,40.66667,89.33333,0.45533,11.33333,35.0,0.33233,8.0,13.0,0.60967,6.66667,33.0,39.66667,23.66667,8.66667,2.33333,13.0,18.33333,100.66667,240.0,41.66667,87.33333,0.47833,13.33333,38.0,0.35467,17.66667,19.66667,0.88467,7.66667,39.66667,47.33333,23.66667,8.66667,5.0,13.0,14.66667,114.33333,1,0.18351,-0.18351,0.24552,0.1712,0.55431,0.51991,0.62496,0.54704,1557.74916,1437.31583,0.34896,0.65104,2.8667,1.53616,1.0,1.71667,2.27,7.83333,1.1
240.0,39.66667,84.66667,0.46833,11.0,29.33333,0.346,19.33333,24.66667,0.78533,8.66667,31.33333,40.0,22.0,7.33333,6.33333,13.66667,18.33333,109.66667,240.0,39.0,85.66667,0.45467,8.66667,24.66667,0.35667,14.66667,18.66667,0.78033,10.0,35.0,45.0,21.33333,7.0,3.0,16.33333,23.66667,101.33333,0,-0.11641,0.11641,0.34217,0.26881,0.50513,0.5317,0.56408,0.60817,1496.10866,1591.91043,0.62331,0.37669,1.61644,2.7076,0.0,240.0,41.0,86.66667,0.474,12.0,32.33333,0.37233,15.0,22.0,0.68833,9.66667,29.66667,39.33333,24.33333,5.66667,2.0,15.66667,23.0,109.0,240.0,41.66667,80.33333,0.51833,12.66667,30.66667,0.407,25.33333,31.0,0.822,8.66667,31.66667,40.33333,23.33333,12.0,4.33333,15.33333,21.66667,121.33333,0,0.15415,-0.15415,0.30836,0.30635,0.59637,0.54315,0.69621,0.59628,1530.72652,1496.80736,0.47514,0.52486,2.10568,1.90604,1.0,1.44,4.44333,3.11667,1.44667
240.0,41.0,88.0,0.467,13.66667,38.33333,0.35,13.33333,21.0,0.65233,8.66667,38.66667,47.33333,22.66667,6.33333,5.33333,10.66667,19.0,109.0,240.0,41.0,95.0,0.43133,14.33333,43.33333,0.33133,12.66667,16.33333,0.78167,10.66667,37.66667,48.33333,20.66667,5.66667,2.66667,10.33333,16.33333,109.0,0,0.00116,-0.00116,0.2852,0.23264,0.50682,0.54639,0.55216,0.59013,1524.47897,1444.34912,0.38958,0.61042,2.59248,1.64497,0.33333,256.66667,41.66667,91.0,0.45867,12.0,35.66667,0.33033,17.0,21.0,0.81267,10.0,26.33333,36.33333,27.0,10.0,3.0,16.0,27.0,112.33333,256.66667,45.66667,85.0,0.53667,8.66667,24.0,0.37233,20.66667,27.66667,0.74,9.66667,34.0,43.66667,28.0,9.33333,5.66667,18.33333,21.66667,120.66667,0,0.11134,-0.11134,0.3661,0.30428,0.58777,0.52444,0.66158,0.587,1596.611,1488.19231,0.36491,0.63509,2.82927,1.59174,0.66667,5.15,1.29,5.83333,1.26
240.0,40.33333,87.66667,0.46133,11.33333,31.0,0.369,18.0,20.66667,0.863,9.0,29.0,38.0,28.33333,8.33333,4.66667,14.0,21.33333,110.0,240.0,45.66667,84.66667,0.54033,12.33333,30.66667,0.40233,18.66667,27.66667,0.66867,10.0,33.66667,43.66667,27.66667,6.66667,7.0,14.33333,16.66667,122.33333,1,0.15127,-0.15127,0.35431,0.26768,0.61325,0.52639,0.6751,0.5975,1549.79839,1497.93727,0.44896,0.55104,2.28637,1.84251,1.0,240.0,44.0,91.0,0.48367,12.33333,29.66667,0.42067,18.33333,23.0,0.79533,11.66667,37.66667,49.33333,26.33333,5.0,5.33333,12.0,18.33333,118.66667,240.0,43.33333,91.0,0.47867,13.33333,36.66667,0.36567,14.0,20.66667,0.67467,8.66667,33.33333,42.0,29.0,6.33333,5.33333,12.0,19.0,114.0,1,-0.05788,0.05788,0.23811,0.35088,0.55195,0.55138,0.59941,0.61868,1432.98414,1503.47253,0.58876,0.41124,1.73225,2.51181,0.33333,2.81,1.61333,2.17667,2.07667
248.33333,41.33333,90.66667,0.456,15.33333,38.33333,0.39667,16.66667,23.0,0.70433,11.0,31.66667,42.66667,27.0,7.0,5.0,12.33333,19.66667,114.66667,248.33333,41.33333,88.66667,0.466,18.33333,40.33333,0.458,13.0,20.0,0.656,10.33333,36.33333,46.66667,28.66667,7.33333,4.66667,15.0,21.66667,114.0,0,-0.00597,0.00597,0.32648,0.3018,0.56938,0.53999,0.61191,0.59791,1460.22293,1492.14336,0.54645,0.45355,1.83062,2.20601,0.33333,240.0,41.0,84.0,0.49033,18.0,39.33333,0.46,15.66667,19.66667,0.77,9.0,32.66667,41.66667,28.0,9.0,3.0,15.33333,21.0,115.66667,240.0,38.33333,85.66667,0.448,12.0,33.33333,0.36633,19.33333,24.33333,0.785,13.0,28.66667,41.66667,28.66667,10.0,4.33333,14.33333,16.0,108.0,0,-0.09479,0.09479,0.40671,0.31381,0.51816,0.59852,0.59366,0.65852,1489.80783,1522.10384,0.53254,0.46746,1.88405,2.14777,0.33333,2.42667,1.77667,1.87333,2.22
240.0,42.66667,90.33333,0.47267,15.66667,41.33333,0.37833,17.33333,24.0,0.72367,11.33333,40.0,51.33333,27.0,6.66667,4.66667,13.66667,16.66667,118.33333,240.0,42.33333,94.0,0.45033,21.33333,49.0,0.43833,15.66667,20.0,0.799,9.66667,34.33333,44.0,30.0,7.66667,5.33333,9.66667,18.66667,121.66667,1,0.03664,-0.03664,0.24359,0.32927,0.56393,0.56047,0.61782,0.62009,1495.69739,1551.18203,0.58425,0.41575,1.71718,2.41953,0.66667,240.0,40.33333,87.66667,0.46667,14.0,33.0,0.428,14.0,19.0,0.72,12.0,31.66667,43.66667,23.66667,5.0,4.0,14.66667,20.66667,108.66667,240.0,41.0,87.66667,0.46767,7.33333,17.66667,0.414,17.66667,23.66667,0.74867,11.33333,30.66667,42.0,23.66667,8.66667,8.33333,12.33333,16.0,107.0,1,-0.0237,0.0237,0.36192,0.38712,0.50972,0.54931,0.57673,0.60194,1451.51001,1483.70495,0.54219,0.45781,1.90724,2.30204,0.66667,1.33333,3.66667,1.93,2.62667
240.0,41.66667,89.0,0.469,9.0,28.0,0.32467,17.66667,24.33333,0.716,10.0,30.33333,40.33333,21.66667,7.33333,3.0,15.0,19.33333,110.0,240.0,42.0,88.0,0.47833,16.66667,40.0,0.412,21.66667,26.33333,0.806,11.0,36.66667,47.66667,26.0,8.66667,6.33333,13.33333,22.0,122.33333,1,0.15478,-0.15478,0.36281,0.27764,0.5735,0.52009,0.6533,0.58444,1516.83672,1466.24664,0.45369,0.54631,2.2701,1.87635,1.0,240.0,41.66667,92.66667,0.45,10.33333,29.66667,0.34533,22.66667,27.33333,0.84133,12.33333,27.33333,39.66667,23.66667,9.66667,7.0,12.66667,22.66667,116.33333,240.0,43.33333,81.33333,0.533,12.66667,28.66667,0.441,25.0,32.0,0.77667,8.33333,34.33333,42.66667,25.66667,6.33333,7.66667,16.0,23.0,124.33333,1,0.091,-0.091,0.30513,0.36088,0.61083,0.50549,0.70366,0.58945,1542.26575,1523.15919,0.48994,0.51006,2.04284,1.96209,0.66667,2.59,2.28667,2.33333,1.66333
240.0,41.33333,96.66667,0.42833,13.33333,37.0,0.361,8.0,10.33333,0.781,11.33333,34.33333,45.66667,23.0,6.66667,4.66667,11.0,19.0,104.0,240.0,39.0,88.33333,0.44133,9.0,27.33333,0.323,17.66667,24.0,0.73267,10.0,37.0,47.0,27.33333,6.33333,8.33333,12.33333,10.66667,104.66667,0,0.00908,-0.00908,0.30581,0.30668,0.49267,0.49798,0.55962,0.52717,1459.56339,1399.99366,0.41543,0.58457,2.41976,1.71485,0.66667,240.0,41.0,94.0,0.43333,18.66667,46.0,0.39967,9.0,11.0,0.83,8.33333,36.33333,44.66667,26.0,9.66667,4.66667,15.33333,17.66667,109.66667,240.0,38.0,85.66667,0.44367,12.0,33.66667,0.35567,16.33333,20.66667,0.78033,7.0,39.66667,46.66667,22.66667,10.33333,6.66667,18.0,11.33333,104.33333,0,-0.04782,0.04782,0.19377,0.21891,0.5135,0.5308,0.57842,0.56432,1433.52838,1471.15839,0.55942,0.44058,1.8327,2.34527,0.33333,2.65333,1.7,1.53667,2.68333
248.33333,36.0,90.66667,0.395,13.0,35.33333,0.366,14.66667,20.33333,0.738,12.0,37.33333,49.33333,24.33333,5.33333,6.66667,12.0,18.33333,99.66667,248.33333,37.66667,88.33333,0.425,10.66667,32.0,0.32233,16.33333,22.0,0.746,9.66667,37.0,46.66667,22.66667,6.66667,7.0,9.66667,18.33333,102.33333,0,0.04159,-0.04159,0.25596,0.32751,0.48532,0.46683,0.54845,0.5218,1477.64531,1465.53232,0.48618,0.51382,2.08694,1.96991,0.66667,240.0,38.66667,82.66667,0.47,13.0,37.0,0.34467,17.0,22.33333,0.76833,9.66667,33.33333,43.0,26.66667,9.66667,4.0,18.33333,17.66667,107.33333,240.0,39.66667,88.0,0.452,17.33333,42.33333,0.41033,14.33333,18.0,0.77267,11.33333,30.66667,42.0,22.66667,11.0,4.33333,15.66667,21.0,111.0,0,0.06823,-0.06823,0.36508,0.32945,0.55024,0.548,0.60364,0.61219,1524.57411,1484.82745,0.45343,0.54657,2.25283,1.85777,0.33333,2.01,2.07667,2.15,2.09667
240.0,42.66667,95.66667,0.44967,17.66667,43.33333,0.40633,17.33333,18.33333,0.94733,12.33333,29.0,41.33333,19.33333,8.33333,2.66667,9.33333,15.33333,120.33333,240.0,47.33333,88.0,0.53733,19.33333,42.33333,0.45567,11.66667,14.66667,0.78267,8.66667,36.33333,45.0,33.66667,5.66667,4.66667,13.33333,16.0,125.66667,1,0.06695,-0.06695,0.30447,0.34122,0.64716,0.54292,0.68918,0.60758,1492.30319,1480.77691,0.48892,0.51108,2.06991,1.97532,0.33333,240.0,41.33333,88.33333,0.46833,10.66667,29.0,0.36567,15.0,21.66667,0.69667,8.66667,29.33333,38.0,21.66667,6.0,2.33333,12.66667,23.33333,108.33333,240.0,40.66667,81.33333,0.5,10.0,26.66667,0.374,24.0,31.66667,0.74933,9.33333,32.0,41.33333,22.33333,10.33333,5.66667,13.0,22.33333,115.33333,1,0.08837,-0.08837,0.33155,0.27087,0.56138,0.52827,0.65409,0.58179,1531.14735,1532.14208,0.5109,0.4891,1.98303,2.07941,1.0,3.1,1.56,2.30667,1.87
248.33333,37.33333,89.33333,0.41667,13.33333,34.66667,0.381,17.66667,24.33333,0.72,10.66667,35.66667,46.33333,25.66667,6.66667,5.33333,11.66667,16.33333,105.66667,248.33333,41.0,89.33333,0.45833,13.0,36.0,0.36333,15.33333,18.0,0.829,8.33333,36.66667,45.0,26.66667,7.33333,7.33333,11.33333,20.33333,110.33333,0,0.06079,-0.06079,0.2336,0.29546,0.53104,0.49174,0.59002,0.55825,1495.3078,1458.33217,0.45326,0.54674,2.25255,1.86082,0.66667,240.0,43.33333,86.66667,0.49933,15.0,34.0,0.43967,19.33333,25.33333,0.79833,11.33333,34.66667,46.0,26.0,6.66667,4.0,10.66667,18.66667,121.0,240.0,41.33333,90.33333,0.45733,13.66667,40.66667,0.33233,17.66667,21.0,0.839,10.66667,30.33333,41.0,18.66667,6.66667,5.66667,10.66667,18.0,114.0,0,-0.08753,0.08753,0.30937,0.384,0.534,0.58632,0.60173,0.65579,1486.77177,1478.3206,0.47336,0.52664,2.1183,1.90276,0.33333,2.42,1.85,2.36667,1.70667
240.0,43.0,89.0,0.48267,13.66667,39.0,0.34967,12.0,17.33333,0.65233,12.0,36.33333,48.33333,26.0,6.66667,5.0,16.33333,19.0,111.66667,240.0,39.0,92.33333,0.426,9.33333,30.0,0.31,20.66667,24.33333,0.84967,14.0,32.0,46.0,22.0,8.0,4.66667,11.33333,17.33333,108.0,0,-0.04649,0.04649,0.37883,0.38186,0.47803,0.56057,0.55867,0.60168,1498.87233,1435.96406,0.40975,0.59025,2.54601,1.72192,0.33333,240.0,42.66667,83.0,0.51267,11.33333,31.33333,0.36,17.66667,21.66667,0.81367,6.33333,31.0,37.33333,20.66667,10.33333,3.33333,11.33333,15.33333,114.33333,240.0,43.0,83.66667,0.51533,15.0,35.66667,0.39767,12.33333,16.66667,0.76167,7.66667,33.0,40.66667,29.33333,5.33333,5.33333,14.0,18.66667,113.33333,0,-0.01427,0.01427,0.24898,0.20018,0.60583,0.58113,0.65165,0.65101,1492.63812,1514.54785,0.52729,0.47271,1.93253,2.17001,0.66667,3.15,1.45,1.78,2.45667
240.0,40.0,90.33333,0.44333,9.0,30.33333,0.29867,22.66667,27.66667,0.829,10.33333,34.66667,45.0,24.0,6.33333,5.0,10.66667,16.66667,111.66667,240.0,41.0,89.66667,0.45667,12.33333,37.0,0.33233,16.0,21.33333,0.754,8.0,36.66667,44.66667,24.0,6.66667,4.66667,13.0,20.66667,110.33333,1,-0.01411,0.01411,0.23566,0.30309,0.5256,0.49385,0.58438,0.58133,1496.78259,1499.34933,0.50473,0.49527,1.98731,2.02592,0.33333,240.0,42.66667,93.66667,0.45633,13.0,35.0,0.38267,20.0,24.0,0.84367,13.0,32.0,45.0,23.33333,8.0,5.33333,10.0,22.0,118.33333,240.0,39.66667,87.33333,0.465,14.0,35.0,0.39533,19.66667,23.0,0.844,11.66667,34.33333,46.0,27.0,5.0,5.0,15.0,20.0,113.0,1,-0.08226,0.08226,0.34097,0.38,0.54872,0.52563,0.62541,0.59833,1540.53175,1531.36608,0.4783,0.5217,2.16302,1.96452,0.33333,1.93333,1.90333,1.60667,2.95
240.0,38.33333,88.66667,0.434,16.33333,39.33333,0.41367,21.66667,26.0,0.83367,10.33333,31.0,41.33333,26.66667,11.66667,6.0,12.33333,20.33333,114.66667,240.0,38.66667,84.66667,0.45867,13.0,35.33333,0.37167,22.66667,27.0,0.84767,9.33333,36.66667,46.0,24.33333,6.33333,6.66667,15.66667,23.33333,113.0,1,-0.02611,0.02611,0.29919,0.28237,0.53536,0.52691,0.62518,0.60998,1500.59431,1529.56056,0.54271,0.45729,1.85902,2.2189,0.33333,240.0,39.33333,90.66667,0.432,13.0,41.66667,0.31867,18.0,22.0,0.81067,7.0,31.33333,38.33333,23.33333,7.33333,4.33333,9.33333,20.66667,109.66667,240.0,41.0,82.33333,0.5,14.33333,35.33333,0.40733,20.33333,24.66667,0.82667,7.0,39.66667,46.66667,27.66667,4.0,5.0,13.0,20.33333,116.66667,1,0.09948,-0.09948,0.22893,0.17605,0.58706,0.50326,0.6662,0.57132,1527.60647,1500.51431,0.46744,0.53256,2.17237,1.90421,1.0,2.06,2.16,3.11,1.53
240.0,37.66667,78.33333,0.48,19.66667,43.0,0.45467,19.33333,26.33333,0.72233,9.0,31.66667,40.66667,26.0,6.0,6.0,14.33333,19.33333,114.33333,240.0,40.66667,92.33333,0.443,13.33333,32.0,0.42633,12.0,16.0,0.73933,14.0,29.66667,43.66667,25.33333,7.0,4.0,9.66667,21.0,106.66667,1,-0.11724,0.11724,0.45296,0.30367,0.51567,0.6049,0.55916,0.67949,1510.45016,1554.35568,0.55874,0.44126,1.79214,2.27085,0.33333,248.33333,45.0,89.33333,0.504,10.33333,31.66667,0.32433,20.0,23.0,0.86767,9.33333,28.0,37.33333,26.66667,8.33333,8.0,10.0,21.33333,120.33333,248.33333,42.33333,87.33333,0.48433,12.66667,33.33333,0.38033,17.0,20.66667,0.80767,10.33333,29.33333,39.66667,29.0,5.66667,4.66667,14.0,19.66667,114.33333,1,-0.07642,0.07642,0.36949,0.32242,0.55684,0.56131,0.6211,0.63801,1546.84179,1524.63659,0.46182,0.53818,2.22513,1.89249,0.0,1.50667,3.98333,1.51,2.85
240.0,35.0,88.33333,0.39667,12.0,36.0,0.32967,19.33333,23.33333,0.83333,12.33333,30.33333,42.66667,22.66667,8.0,5.33333,15.0,19.0,101.33333,240.0,41.66667,86.0,0.48367,15.0,38.0,0.394,17.0,23.0,0.74067,10.0,37.33333,47.33333,26.0,9.0,4.33333,14.33333,19.33333,115.33333,0,0.1815,-0.1815,0.33571,0.33239,0.57047,0.46484,0.63224,0.54259,1460.40067,1446.23062,0.50921,0.49079,1.96545,2.03939,0.66667,240.0,43.0,82.66667,0.51967,18.0,39.66667,0.44567,19.33333,24.66667,0.78967,8.0,35.33333,43.33333,25.66667,6.66667,7.0,16.33333,19.0,123.33333,240.0,43.66667,94.33333,0.46267,15.33333,38.66667,0.38967,16.66667,20.0,0.83333,10.33333,29.0,39.33333,28.66667,7.33333,3.66667,10.66667,19.66667,119.33333,0,-0.0445,0.0445,0.29532,0.27881,0.54518,0.627,0.60598,0.69912,1488.15498,1568.40815,0.60892,0.39108,1.64855,2.582,0.33333,3.98333,1.28667,1.28,4.03333
240.0,39.0,87.66667,0.44433,9.0,26.33333,0.35467,14.66667,19.0,0.75433,11.0,35.0,46.0,20.66667,6.33333,5.0,14.0,20.66667,101.66667,240.0,37.0,82.0,0.44567,10.33333,34.33333,0.305,19.33333,25.0,0.753,6.33333,32.33333,38.66667,25.33333,6.33333,3.33333,10.33333,15.66667,103.66667,1,0.02791,-0.02791,0.18133,0.34028,0.51131,0.49582,0.59384,0.55331,1473.39288,1479.16078,0.51172,0.48828,1.95499,2.04892,0.66667,240.0,47.66667,92.0,0.51933,19.66667,38.0,0.52633,23.33333,26.33333,0.896,10.0,35.0,45.0,26.66667,5.66667,3.66667,12.66667,20.0,138.33333,240.0,48.0,94.66667,0.50833,13.33333,40.0,0.33367,19.0,24.0,0.79067,9.66667,31.66667,41.33333,27.33333,6.33333,3.33333,11.33333,21.0,128.33333,1,-0.11624,0.11624,0.27127,0.31298,0.58027,0.62628,0.64382,0.70816,1434.71981,1521.40693,0.60543,0.39457,1.66594,2.58208,0.33333,2.48333,1.61333,1.7,2.50333
240.0,40.33333,86.0,0.46967,13.33333,38.33333,0.34733,22.0,28.0,0.78633,8.66667,30.0,38.66667,23.33333,6.66667,4.0,10.33333,24.33333,116.0,240.0,41.33333,86.66667,0.47533,10.33333,31.33333,0.32433,22.66667,28.33333,0.80667,11.0,34.33333,45.33333,23.33333,4.33333,3.0,12.33333,22.33333,115.66667,0,-0.01204,0.01204,0.40664,0.25485,0.53517,0.54723,0.62278,0.62992,1483.13178,1544.84004,0.58316,0.41684,1.73201,2.44005,0.66667,240.0,36.66667,86.66667,0.42433,12.66667,41.66667,0.30633,16.33333,22.0,0.711,9.66667,34.0,43.66667,19.0,6.0,4.33333,10.33333,15.66667,102.33333,240.0,42.33333,86.33333,0.49,13.66667,33.33333,0.41433,13.0,17.0,0.75033,7.33333,39.0,46.33333,21.33333,5.66667,3.66667,11.0,20.0,111.33333,0,0.11994,-0.11994,0.21582,0.24409,0.56935,0.49731,0.61765,0.56062,1491.82281,1470.73925,0.48715,0.51285,2.06056,1.95721,0.66667,3.73667,1.73667,1.69333,2.33333
240.0,41.66667,89.66667,0.46633,12.66667,31.0,0.41067,16.0,20.33333,0.79933,10.33333,34.33333,44.66667,19.66667,7.33333,4.66667,12.33333,17.33333,112.0,240.0,41.66667,84.33333,0.495,13.33333,34.66667,0.37567,10.0,16.33333,0.57367,8.0,33.0,41.0,26.66667,6.0,5.0,16.0,18.33333,106.66667,0,-0.06928,0.06928,0.24561,0.31295,0.57348,0.53774,0.60721,0.59747,1494.90928,1525.09335,0.52995,0.47005,1.88744,2.12806,0.33333,240.0,44.33333,89.33333,0.49867,11.33333,26.33333,0.41367,20.0,26.33333,0.758,14.0,36.66667,50.66667,24.0,5.66667,3.33333,11.0,18.33333,120.0,240.0,41.66667,89.0,0.46833,11.0,33.0,0.33133,14.33333,18.66667,0.76967,9.66667,30.33333,40.0,22.33333,5.66667,7.66667,10.0,21.66667,108.66667,0,-0.13008,0.13008,0.26171,0.48461,0.52969,0.56303,0.58323,0.63439,1429.09695,1496.70476,0.58879,0.41121,1.6989,2.43335,0.33333,1.60333,2.48333,1.82333,2.45333
240.0,38.33333,86.66667,0.44233,12.33333,36.33333,0.33867,26.0,31.33333,0.83067,10.66667,33.0,43.66667,20.0,5.66667,4.66667,11.0,23.0,115.0,240.0,38.66667,84.0,0.461,12.66667,32.33333,0.38333,23.66667,28.33333,0.84367,9.0,33.0,42.0,20.0,4.66667,4.33333,9.66667,24.33333,113.66667,1,-0.02223,0.02223,0.27174,0.32314,0.53652,0.51319,0.63149,0.61453,1471.36441,1537.54716,0.58988,0.41012,1.70661,2.46859,0.66667,240.0,37.66667,82.0,0.45867,11.0,33.33333,0.327,18.0,21.33333,0.85167,6.66667,31.33333,38.0,25.33333,7.33333,5.66667,14.0,21.33333,104.33333,240.0,38.0,83.0,0.45767,14.33333,36.0,0.38867,21.0,26.33333,0.808,10.33333,35.0,45.33333,23.66667,8.0,3.0,16.0,23.0,111.33333,1,0.0915,-0.0915,0.34578,0.19374,0.54388,0.52649,0.62691,0.60193,1520.98787,1511.46261,0.49873,0.50127,2.07032,2.04647,0.66667,1.92,2.05,2.75,1.58333
240.0,44.0,87.33333,0.50367,15.0,35.66667,0.42033,18.66667,22.0,0.85833,7.66667,30.0,37.66667,28.0,6.66667,4.66667,16.33333,21.33333,121.66667,240.0,50.33333,95.33333,0.53,11.66667,31.66667,0.37533,19.33333,25.0,0.771,10.33333,32.0,42.33333,26.33333,10.66667,4.0,11.66667,17.66667,131.66667,1,0.12166,-0.12166,0.3529,0.2424,0.5916,0.5895,0.6544,0.65831,1482.11652,1521.81577,0.5792,0.4208,1.73961,2.40651,1.0,240.0,35.33333,86.0,0.411,12.33333,34.33333,0.36233,19.33333,25.66667,0.75633,10.66667,35.33333,46.0,17.33333,5.66667,4.66667,14.66667,17.0,102.33333,240.0,42.0,86.66667,0.484,17.33333,41.0,0.42567,10.66667,15.0,0.71533,7.66667,35.33333,43.0,31.0,7.0,5.0,14.0,22.0,112.0,1,0.13402,-0.13402,0.22064,0.31028,0.58378,0.48193,0.62226,0.5595,1508.39439,1469.07223,0.46132,0.53868,2.23756,1.89322,0.66667,2.1,2.43,2.93667,1.63667
240.0,38.33333,80.66667,0.47467,16.0,37.0,0.43733,20.0,26.66667,0.75433,9.66667,32.33333,42.0,23.66667,5.66667,4.66667,13.66667,20.66667,112.66667,240.0,39.66667,95.0,0.42233,13.66667,32.0,0.437,15.0,17.66667,0.84067,16.0,30.66667,46.66667,24.0,7.33333,3.0,9.33333,21.66667,108.0,1,-0.07462,0.07462,0.4977,0.31366,0.49538,0.5756,0.55181,0.6533,1536.7718,1579.63859,0.55714,0.44286,1.7971,2.26226,0.33333,240.0,41.0,82.66667,0.49667,13.0,34.66667,0.377,17.33333,23.0,0.74967,9.0,32.66667,41.66667,25.0,7.33333,5.33333,16.33333,17.0,112.33333,240.0,42.0,88.0,0.47733,17.0,39.33333,0.429,14.0,17.33333,0.781,8.66667,31.33333,40.0,31.66667,6.66667,4.66667,14.0,18.33333,115.0,1,0.03227,-0.03227,0.27251,0.2928,0.57371,0.57527,0.62574,0.64101,1488.54863,1543.80485,0.58438,0.41562,1.71225,2.40891,0.66667,1.54667,3.06667,1.39333,3.5
240.0,46.0,92.33333,0.49833,10.33333,32.66667,0.30967,17.33333,21.66667,0.82,10.0,33.33333,43.33333,30.66667,11.33333,5.0,11.66667,22.0,119.66667,240.0,41.66667,86.33333,0.48467,8.66667,30.0,0.29467,19.33333,27.0,0.69867,11.33333,36.0,47.33333,22.33333,6.33333,1.66667,17.33333,19.0,111.33333,1,-0.10854,0.10854,0.34921,0.28015,0.53519,0.55388,0.60577,0.61673,1475.36516,1485.85834,0.49147,0.50853,2.05449,1.98565,0.33333,240.0,44.0,91.0,0.48333,14.0,37.33333,0.365,17.33333,18.66667,0.94,8.33333,34.66667,43.0,28.0,10.33333,4.66667,10.0,18.33333,119.33333,240.0,38.33333,86.33333,0.44667,11.66667,32.66667,0.35933,18.66667,23.0,0.83433,10.33333,37.66667,48.0,23.66667,5.0,2.66667,16.0,18.66667,107.0,1,-0.16869,0.16869,0.29935,0.22061,0.51383,0.56232,0.58682,0.62969,1442.10022,1526.29133,0.60318,0.39682,1.66322,2.53749,0.33333,2.44667,1.72667,1.47333,3.01667
240.0,41.0,82.66667,0.49767,11.33333,27.66667,0.421,20.66667,28.0,0.73733,10.33333,34.0,44.33333,23.66667,6.33333,4.0,18.66667,20.0,114.0,240.0,41.33333,90.66667,0.45667,16.33333,38.33333,0.42167,21.66667,26.0,0.81967,10.66667,31.33333,42.0,27.0,10.33333,6.0,12.0,23.33333,120.66667,0,0.08047,-0.08047,0.31732,0.33592,0.54649,0.56702,0.62681,0.644,1510.14025,1469.30232,0.45575,0.54425,2.25829,1.8824,0.66667,240.0,38.66667,87.33333,0.44233,7.66667,25.66667,0.31267,19.66667,25.66667,0.75433,10.66667,35.66667,46.33333,21.0,6.33333,4.66667,13.66667,19.33333,104.66667,240.0,40.33333,87.0,0.46333,8.66667,33.33333,0.26367,15.33333,20.0,0.757,7.66667,35.0,42.66667,26.0,6.66667,2.33333,12.33333,19.66667,104.66667,0,-0.00069,0.00069,0.21427,0.30903,0.51299,0.48607,0.57244,0.56289,1482.24915,1457.58288,0.46845,0.53155,2.16347,1.89829,0.33333,2.24,2.42,2.38333,1.65
240.0,38.0,84.66667,0.44833,6.66667,22.0,0.297,16.66667,22.0,0.76533,11.0,34.66667,45.66667,19.33333,5.33333,4.33333,14.33333,18.0,99.33333,240.0,42.33333,87.0,0.487,12.33333,30.33333,0.40933,13.0,16.66667,0.78167,9.66667,29.0,38.66667,24.33333,8.33333,7.66667,10.33333,23.0,110.0,0,0.15832,-0.15832,0.29936,0.37598,0.55726,0.48763,0.60678,0.55393,1476.23924,1439.70706,0.46565,0.53435,2.25483,1.93223,1.0,240.0,37.66667,83.33333,0.45067,16.66667,43.33333,0.384,22.33333,28.0,0.78733,10.0,33.0,43.0,24.66667,6.0,5.0,14.33333,18.33333,114.33333,240.0,44.66667,95.33333,0.47133,15.66667,35.33333,0.46433,14.66667,16.33333,0.903,11.0,34.0,45.0,26.33333,8.0,3.0,10.33333,21.33333,119.66667,0,0.06927,-0.06927,0.33921,0.30139,0.5548,0.55184,0.60889,0.64018,1540.48332,1545.69117,0.52149,0.47851,1.96348,2.13772,0.66667,2.22333,1.87333,2.80667,1.88333
240.0,45.0,91.33333,0.49567,15.0,37.0,0.405,16.66667,18.66667,0.913,9.0,33.0,42.0,24.0,7.33333,4.66667,8.66667,15.66667,121.66667,240.0,39.33333,84.33333,0.47067,11.0,30.33333,0.364,20.0,24.0,0.83933,9.33333,33.66667,43.0,22.0,5.66667,3.66667,13.33333,16.33333,109.66667,1,-0.16152,0.16152,0.27896,0.26732,0.53627,0.57899,0.61555,0.64185,1489.55838,1572.21026,0.60099,0.39901,1.66983,2.52506,0.33333,240.0,39.66667,90.33333,0.442,10.66667,32.33333,0.33633,16.66667,22.66667,0.715,14.33333,27.33333,41.66667,23.33333,6.0,4.33333,14.33333,21.66667,106.66667,240.0,40.66667,85.66667,0.474,9.0,21.33333,0.42367,19.66667,25.33333,0.78167,12.66667,31.66667,44.33333,23.0,8.66667,7.33333,15.33333,19.66667,110.0,1,0.0426,-0.0426,0.46543,0.45697,0.52641,0.50153,0.60253,0.56394,1457.04938,1487.45052,0.54634,0.45366,1.89821,2.34202,0.66667,1.45,3.48333,1.89,3.29333
240.0,39.66667,87.33333,0.458,12.0,34.0,0.35467,12.33333,15.33333,0.839,11.66667,31.0,42.66667,24.33333,10.33333,3.66667,14.33333,16.66667,103.66667,240.0,40.0,80.66667,0.49533,10.33333,30.66667,0.35233,14.66667,19.66667,0.754,7.66667,32.0,39.66667,27.33333,8.0,3.66667,14.66667,16.66667,105.0,0,0.00324,-0.00324,0.25662,0.36458,0.55949,0.52759,0.61586,0.57552,1523.67085,1544.74583,0.53943,0.46057,1.88578,2.21787,0.66667,240.0,40.0,88.33333,0.455,9.0,25.66667,0.35333,22.0,29.33333,0.74433,13.66667,36.33333,50.0,23.66667,5.33333,3.33333,12.33333,19.0,111.0,240.0,42.33333,91.33333,0.46367,12.66667,36.66667,0.34567,16.66667,20.66667,0.80967,10.66667,33.33333,44.0,22.33333,6.66667,7.66667,8.66667,22.66667,114.0,0,0.046,-0.046,0.29364,0.42528,0.53287,0.50704,0.5946,0.58839,1431.12178,1496.09727,0.59607,0.40393,1.67952,2.48194,0.66667,1.91333,2.35,2.01667,1.92333
240.0,45.0,87.0,0.51667,18.33333,41.66667,0.43567,18.0,21.66667,0.81833,5.33333,39.33333,44.66667,31.0,7.0,5.33333,14.66667,20.66667,126.33333,240.0,40.33333,94.66667,0.42567,17.33333,42.66667,0.40067,20.33333,24.0,0.84833,11.66667,33.33333,45.0,25.66667,6.33333,3.0,11.33333,19.66667,118.33333,1,-0.0832,0.0832,0.30588,0.15972,0.51766,0.62174,0.59155,0.68629,1460.58403,1511.78565,0.56043,0.43957,1.78779,2.28236,0.66667,240.0,44.33333,91.0,0.486,13.66667,33.33333,0.415,11.33333,14.66667,0.77633,8.33333,42.0,50.33333,29.33333,7.0,8.66667,13.0,18.66667,113.66667,240.0,39.66667,93.66667,0.42333,10.33333,31.33333,0.325,16.33333,21.66667,0.758,9.0,35.33333,44.33333,26.66667,8.33333,6.33333,10.33333,14.0,106.0,1,-0.09098,0.09098,0.21337,0.23867,0.47889,0.56127,0.53851,0.60194,1488.91428,1476.68473,0.46887,0.53113,2.18303,1.91202,0.66667,2.4,1.64667,2.78333,1.56333
248.33333,43.66667,96.0,0.456,11.66667,31.66667,0.371,15.33333,17.66667,0.852,12.33333,37.33333,49.66667,25.66667,5.66667,6.0,13.0,18.66667,114.33333,248.33333,39.0,91.33333,0.428,7.33333,27.0,0.276,20.0,24.0,0.86633,13.0,36.0,49.0,19.33333,6.33333,10.33333,15.0,17.0,105.33333,1,-0.12184,0.12184,0.37953,0.34281,0.46846,0.5173,0.54584,0.57357,1501.82701,1490.40967,0.47012,0.52988,2.16168,1.91552,0.33333,240.0,36.66667,86.33333,0.42467,13.33333,36.0,0.364,17.66667,21.33333,0.81867,8.33333,39.0,47.33333,20.66667,6.0,5.66667,15.0,18.33333,104.33333,240.0,36.0,87.0,0.41333,13.33333,45.0,0.29767,16.0,21.0,0.76767,8.0,37.0,45.0,21.33333,6.66667,4.66667,12.66667,19.0,101.33333,1,-0.04263,0.04263,0.20456,0.22685,0.49012,0.50244,0.55268,0.57438,1490.94083,1481.27619,0.48265,0.51735,2.07205,1.93303,0.33333,2.54333,1.64333,2.15667,1.82
240.0,41.0,91.0,0.452,13.33333,34.33333,0.39033,9.66667,12.0,0.801,9.33333,34.0,43.33333,26.66667,7.0,5.33333,9.66667,17.33333,105.0,240.0,39.33333,87.66667,0.44633,11.66667,35.66667,0.30233,19.33333,22.66667,0.85067,11.66667,35.66667,47.33333,24.66667,6.66667,5.66667,11.66667,14.66667,109.66667,1,0.0541,-0.0541,0.34869,0.27263,0.51009,0.52546,0.59082,0.56218,1510.22488,1534.63994,0.54514,0.45486,1.84757,2.22238,0.66667,240.0,43.33333,91.0,0.47867,12.66667,32.0,0.40333,20.0,25.0,0.81067,11.33333,34.0,45.33333,23.33333,7.33333,5.0,11.0,24.0,119.33333,240.0,37.66667,87.33333,0.44267,13.0,33.0,0.38733,24.0,28.33333,0.86133,10.66667,33.66667,44.33333,24.0,6.33333,5.0,13.66667,19.0,112.33333,1,-0.10231,0.10231,0.29327,0.33471,0.52095,0.54821,0.61452,0.62043,1535.73583,1539.38597,0.4917,0.5083,2.07263,2.00006,0.33333,2.58,1.91667,1.73333,2.83
240.0,42.0,87.33333,0.482,15.66667,39.0,0.401,18.33333,20.33333,0.922,9.66667,37.66667,47.33333,24.33333,7.0,4.33333,10.0,16.33333,118.0,240.0,37.66667,88.0,0.42867,11.0,31.0,0.35567,17.0,20.33333,0.83667,10.0,33.33333,43.33333,21.66667,5.33333,2.66667,12.33333,16.66667,103.33333,0,-0.19527,0.19527,0.27102,0.28794,0.49119,0.57272,0.55918,0.64499,1460.05056,1566.63952,0.63388,0.36612,1.57847,2.73585,0.0,240.0,39.66667,92.66667,0.42633,11.66667,42.33333,0.276,19.66667,24.33333,0.79433,7.0,32.0,39.0,23.33333,6.33333,3.33333,8.33333,19.66667,110.66667,240.0,41.33333,84.0,0.49267,15.0,35.33333,0.429,19.33333,23.0,0.843,7.33333,41.0,48.33333,28.0,2.66667,5.33333,13.33333,21.0,117.0,0,0.09146,-0.09146,0.23528,0.16686,0.58206,0.48998,0.65735,0.56254,1527.67854,1491.30628,0.45415,0.54585,2.21927,1.84324,1.0,1.65667,3.35333,3.02333,1.71333
248.33333,41.33333,93.0,0.45,15.33333,39.33333,0.38867,15.0,22.66667,0.68367,9.66667,39.0,48.66667,23.0,6.0,6.0,11.33333,20.33333,113.0,248.33333,42.0,96.0,0.437,12.66667,40.66667,0.309,16.0,20.66667,0.78467,11.33333,41.33333,52.66667,21.33333,6.66667,6.0,12.0,19.33333,112.66667,0,-0.0067,0.0067,0.30016,0.22942,0.50308,0.53523,0.55935,0.58368,1539.33174,1442.20149,0.36825,0.63175,2.81359,1.59979,0.33333,265.0,41.33333,98.66667,0.42033,12.0,36.0,0.32767,16.66667,20.66667,0.80833,13.33333,30.66667,44.0,24.33333,9.33333,3.33333,15.66667,25.66667,111.33333,265.0,47.0,89.0,0.53033,8.66667,27.0,0.348,20.0,26.33333,0.75067,9.0,37.66667,46.66667,29.66667,9.66667,8.0,18.0,20.66667,122.66667,0,0.14893,-0.14893,0.30128,0.36246,0.57923,0.48136,0.64855,0.54079,1603.7229,1473.36476,0.33922,0.66078,3.0859,1.53619,1.0,4.15,1.31333,6.25,1.23333
240.0,43.0,88.0,0.488,11.33333,29.66667,0.392,15.33333,19.0,0.80667,8.66667,31.66667,40.33333,29.66667,8.0,3.0,12.0,20.66667,112.66667,240.0,43.0,84.66667,0.50767,9.66667,32.0,0.299,18.66667,26.66667,0.695,8.66667,32.0,40.66667,25.0,6.66667,6.0,13.66667,16.66667,114.33333,0,0.02429,-0.02429,0.28794,0.27381,0.56447,0.55298,0.6314,0.61128,1505.88498,1497.49448,0.49174,0.50826,2.13474,2.04426,0.66667,240.0,44.33333,87.66667,0.50567,16.33333,38.66667,0.42267,17.66667,23.33333,0.748,9.33333,29.33333,38.66667,24.33333,6.33333,3.0,11.0,20.66667,122.66667,240.0,44.66667,84.33333,0.52867,17.66667,40.33333,0.43233,19.33333,22.0,0.874,6.33333,30.0,36.33333,24.66667,4.0,3.66667,9.0,22.33333,126.33333,0,0.03785,-0.03785,0.22608,0.31799,0.63236,0.59905,0.70716,0.66115,1452.08732,1510.37827,0.59065,0.40935,1.69732,2.4569,0.66667,2.62667,1.69333,2.48333,1.6
240.0,43.0,87.0,0.49433,13.0,36.0,0.359,20.33333,25.66667,0.78933,12.0,27.0,39.0,27.0,7.0,2.0,10.33333,16.0,119.33333,240.0,48.0,84.33333,0.56967,22.33333,42.33333,0.52467,13.33333,17.33333,0.763,7.0,29.33333,36.33333,33.33333,3.66667,5.33333,11.0,21.66667,131.66667,1,0.14197,-0.14197,0.2626,0.41518,0.7018,0.56955,0.74696,0.64499,1469.04355,1484.6918,0.54587,0.45413,1.83525,2.20746,1.0,240.0,42.66667,82.0,0.52167,17.66667,37.0,0.482,16.0,18.33333,0.86,7.66667,31.0,38.66667,25.66667,10.0,3.0,15.33333,19.0,119.0,240.0,40.33333,89.33333,0.45,16.0,41.0,0.38167,18.66667,23.66667,0.77567,16.33333,27.33333,43.66667,29.66667,9.0,4.0,14.66667,17.0,115.33333,1,-0.04978,0.04978,0.54753,0.28355,0.53886,0.62998,0.60889,0.6936,1494.92053,1511.29693,0.52506,0.47494,1.90927,2.11159,0.33333,1.82,2.25667,2.10667,1.87333
240.0,35.0,82.0,0.427,13.0,40.0,0.328,15.33333,19.0,0.802,7.33333,38.66667,46.0,23.0,5.0,3.66667,14.33333,19.0,98.33333,240.0,34.66667,84.33333,0.411,14.0,43.33333,0.32333,15.0,19.0,0.78233,8.0,37.0,45.0,23.66667,7.0,2.66667,10.66667,19.33333,98.33333,0,0.00667,-0.00667,0.20681,0.19927,0.49393,0.50669,0.55547,0.57116,1492.83567,1464.40145,0.45836,0.54164,2.18852,1.85022,0.33333,240.0,39.66667,90.33333,0.43933,11.33333,29.66667,0.38167,18.66667,23.33333,0.81,9.66667,28.33333,38.0,18.33333,5.66667,4.33333,11.0,24.66667,109.33333,240.0,40.33333,82.66667,0.48767,16.0,42.66667,0.37467,26.0,30.0,0.868,8.33333,35.33333,43.66667,24.33333,5.66667,6.0,13.33333,20.33333,122.66667,0,0.1659,-0.1659,0.30374,0.28067,0.58469,0.50231,0.68699,0.57304,1615.90506,1521.39746,0.38425,0.61575,2.65656,1.63855,1.0,2.29667,2.13333,4.16667,1.43
240.0,46.0,91.66667,0.501,12.66667,34.0,0.363,16.33333,22.66667,0.72233,11.0,38.66667,49.66667,26.33333,5.66667,6.0,12.66667,18.0,121.0,240.0,43.33333,93.33333,0.46433,17.66667,41.33333,0.41967,16.33333,21.33333,0.77133,8.33333,32.33333,40.66667,29.0,7.33333,5.66667,9.66667,18.33333,120.66667,1,-0.00925,0.00925,0.21829,0.34409,0.55865,0.57227,0.61477,0.62724,1465.54359,1560.45086,0.63204,0.36796,1.58699,2.74498,0.66667,240.0,44.66667,92.66667,0.488,12.66667,31.33333,0.39833,12.0,16.66667,0.70933,12.0,36.33333,48.33333,23.33333,4.66667,4.66667,11.0,19.66667,114.0,240.0,39.0,89.33333,0.43633,7.33333,21.33333,0.354,16.0,21.33333,0.75233,10.66667,31.0,41.66667,23.33333,6.33333,9.0,10.66667,15.0,101.33333,1,-0.16288,0.16288,0.31194,0.38214,0.47705,0.56039,0.53906,0.60145,1440.15687,1521.99361,0.594,0.406,1.76289,2.64585,0.33333,1.24667,4.63333,1.61,4.03667
240.0,44.0,84.33333,0.522,16.0,32.33333,0.48533,19.66667,22.66667,0.86067,6.33333,32.0,38.33333,27.33333,7.66667,5.0,13.0,22.33333,123.66667,240.0,39.33333,88.66667,0.44333,15.0,39.66667,0.37967,22.33333,26.66667,0.83633,15.0,30.66667,45.66667,27.66667,7.33333,4.33333,15.66667,20.0,116.0,1,-0.08446,0.08446,0.48014,0.21826,0.52863,0.61752,0.61416,0.69339,1472.54757,1539.43311,0.58574,0.41426,1.72167,2.46238,0.33333,240.0,41.33333,94.0,0.44467,13.33333,38.33333,0.34667,14.33333,16.66667,0.88,9.0,30.33333,39.33333,24.66667,7.66667,5.33333,11.33333,15.33333,110.33333,240.0,50.33333,96.33333,0.524,17.33333,40.33333,0.42033,13.0,17.66667,0.73867,12.0,40.66667,52.66667,34.33333,9.0,5.33333,13.33333,13.33333,131.0,1,0.2483,-0.2483,0.43569,0.21585,0.61313,0.516,0.65439,0.57003,1560.35953,1517.03863,0.47136,0.52864,2.13694,1.90146,1.0,1.8,2.26333,5.51667,1.18667
240.0,44.33333,86.33333,0.51833,17.33333,36.0,0.484,17.33333,20.66667,0.83467,8.66667,32.33333,41.0,23.0,6.0,5.0,9.66667,17.33333,123.33333,240.0,42.33333,85.33333,0.49933,9.0,22.66667,0.39633,19.0,23.66667,0.798,9.0,30.0,39.0,22.33333,6.33333,5.0,10.33333,17.0,112.66667,1,-0.13598,0.13598,0.27545,0.2888,0.55349,0.62067,0.62654,0.68507,1486.26999,1577.42074,0.613,0.387,1.64169,2.62536,0.33333,240.0,40.0,86.0,0.46533,7.33333,21.66667,0.351,23.33333,29.66667,0.77967,10.66667,38.66667,49.33333,20.33333,6.33333,4.33333,16.33333,18.33333,110.66667,240.0,38.33333,88.0,0.43567,12.66667,35.66667,0.352,18.33333,23.33333,0.774,8.33333,32.33333,40.66667,22.33333,9.0,6.33333,12.33333,25.33333,107.66667,1,-0.04493,0.04493,0.23187,0.3337,0.50692,0.5078,0.57664,0.59766,1409.61722,1482.05588,0.60035,0.39965,1.67429,2.53577,0.66667,1.43,3.75,1.36667,3.8
240.0,36.33333,86.33333,0.42067,14.66667,46.0,0.32,11.33333,15.33333,0.73467,7.0,34.33333,41.33333,22.33333,9.33333,3.66667,15.0,18.33333,98.66667,240.0,39.0,86.66667,0.44933,13.66667,36.33333,0.36967,17.0,21.0,0.82567,9.0,39.33333,48.33333,25.0,9.33333,5.66667,16.0,14.66667,108.66667,0,0.14625,-0.14625,0.26643,0.18623,0.52756,0.5055,0.59498,0.54941,1481.98995,1497.17661,0.54648,0.45352,1.8527,2.25219,0.66667,240.0,40.0,86.66667,0.46133,11.66667,39.0,0.296,17.66667,21.66667,0.82033,11.66667,33.66667,45.33333,28.0,3.66667,6.33333,14.33333,17.66667,109.33333,240.0,43.66667,92.66667,0.47467,12.66667,32.0,0.393,16.66667,22.0,0.754,12.33333,31.66667,44.0,26.33333,7.0,5.66667,8.0,19.0,116.66667,0,0.09477,-0.09477,0.36659,0.37185,0.54431,0.52856,0.60224,0.59757,1477.15518,1484.59438,0.52752,0.47248,1.92491,2.15917,0.66667,1.88333,2.25333,1.91,2.01333
240.0,38.0,88.0,0.432,15.0,45.0,0.33367,12.33333,18.0,0.69433,9.33333,30.66667,40.0,23.33333,7.33333,3.66667,12.33333,20.0,103.33333,240.0,42.66667,89.66667,0.475,14.33333,35.66667,0.39767,17.66667,21.66667,0.82933,12.33333,37.33333,49.66667,29.0,7.33333,6.0,12.0,16.66667,117.33333,0,0.1818,-0.1818,0.42013,0.25,0.55493,0.51734,0.62034,0.56228,1502.31874,1489.51825,0.50362,0.49638,1.98648,2.01547,0.66667,240.0,40.33333,84.33333,0.48033,15.66667,40.0,0.39333,16.0,21.33333,0.719,8.0,33.0,41.0,22.0,5.0,4.0,9.66667,14.66667,112.33333,240.0,41.0,86.0,0.47633,13.0,33.0,0.39467,14.33333,18.66667,0.74867,9.33333,34.33333,43.66667,21.33333,6.0,4.0,11.0,19.66667,109.33333,0,-0.03181,0.03181,0.28414,0.23384,0.55207,0.57321,0.60644,0.63287,1483.00371,1509.89938,0.53651,0.46349,1.88857,2.19754,0.33333,2.51667,1.67667,1.49,3.25
240.0,43.33333,88.66667,0.48967,14.66667,36.66667,0.39867,20.0,26.33333,0.767,9.0,31.66667,40.66667,22.0,7.0,4.33333,9.66667,22.66667,121.33333,240.0,43.33333,87.66667,0.49633,14.66667,35.0,0.423,20.66667,25.0,0.837,9.0,34.66667,43.66667,23.0,5.33333,3.66667,12.33333,18.66667,122.0,0,0.0063,-0.0063,0.29273,0.26874,0.58022,0.57241,0.65692,0.64333,1568.32925,1594.91866,0.5384,0.4616,1.87806,2.19457,0.66667,240.0,40.33333,91.0,0.44167,13.33333,40.66667,0.33133,9.66667,14.66667,0.70867,9.33333,32.0,41.33333,25.0,11.0,3.66667,16.0,16.0,103.66667,240.0,40.33333,86.0,0.468,11.66667,33.33333,0.34967,16.66667,21.0,0.784,7.0,39.0,46.0,24.0,10.33333,4.33333,17.66667,13.33333,109.0,0,0.08011,-0.08011,0.22587,0.25263,0.53568,0.51489,0.60068,0.54825,1439.86781,1432.40631,0.50656,0.49344,2.03115,2.10721,0.66667,1.84333,2.13667,1.75333,2.34667
240.0,41.66667,86.0,0.48533,8.66667,22.0,0.40833,26.33333,33.66667,0.77733,12.0,33.0,45.0,21.0,9.66667,6.66667,13.33333,19.66667,118.33333,240.0,38.33333,84.33333,0.45433,11.33333,32.66667,0.346,17.0,21.0,0.80733,7.66667,31.0,38.66667,23.0,4.66667,5.0,17.0,25.33333,105.0,1,-0.17658,0.17658,0.2453,0.38694,0.52139,0.53638,0.58957,0.63551,1476.70619,1540.95735,0.57427,0.42573,1.76675,2.4155,0.0,240.0,40.0,92.33333,0.43333,9.66667,30.0,0.31033,16.66667,22.66667,0.74167,13.33333,36.33333,49.66667,25.66667,4.66667,6.0,11.0,20.0,106.33333,240.0,41.33333,91.33333,0.453,13.0,35.33333,0.368,17.0,22.66667,0.74933,11.33333,36.66667,48.0,24.66667,6.0,7.66667,7.66667,18.33333,112.66667,1,0.0858,-0.0858,0.31325,0.36242,0.52371,0.48598,0.58472,0.54756,1433.14661,1513.9115,0.61766,0.38234,1.62127,2.62463,1.0,1.59333,3.39667,2.05333,1.85667
240.0,47.33333,90.66667,0.52267,13.0,32.0,0.39633,16.33333,22.33333,0.73333,10.0,39.0,49.0,25.66667,7.66667,5.33333,9.66667,19.0,124.0,240.0,40.33333,90.66667,0.445,10.66667,32.0,0.325,14.0,17.66667,0.80067,7.33333,30.66667,38.0,22.0,5.33333,4.66667,11.0,17.66667,105.33333,0,-0.23718,0.23718,0.18923,0.32917,0.50325,0.59553,0.5567,0.65026,1461.51226,1590.02159,0.6538,0.3462,1.54189,2.96144,0.0,240.0,37.0,90.0,0.41367,10.66667,34.66667,0.30433,14.0,21.66667,0.65133,13.0,28.66667,41.66667,20.66667,6.33333,4.33333,9.33333,15.66667,98.66667,240.0,43.0,85.66667,0.50133,10.33333,28.33333,0.36967,13.0,15.66667,0.85,11.0,36.0,47.0,26.66667,6.0,4.66667,13.66667,20.33333,109.33333,0,0.15177,-0.15177,0.38175,0.35847,0.56154,0.47215,0.61273,0.52222,1538.91393,1462.15686,0.40918,0.59082,2.4981,1.7106,1.0,1.35333,4.61667,3.08333,1.46333
240.0,42.33333,85.33333,0.49667,9.0,23.33333,0.39167,25.0,32.66667,0.76333,12.0,35.66667,47.66667,22.33333,7.33333,6.33333,15.66667,21.33333,118.66667,240.0,41.0,90.0,0.45667,12.66667,35.66667,0.356,16.0,21.33333,0.741,9.0,30.0,39.0,24.33333,5.66667,6.33333,14.66667,25.0,110.66667,0,-0.1007,0.1007,0.26785,0.39832,0.52714,0.55006,0.58662,0.64323,1488.29752,1543.18782,0.56871,0.43129,1.77973,2.36896,0.0,240.0,39.66667,86.0,0.46167,13.66667,34.66667,0.39267,18.66667,27.33333,0.68833,10.66667,37.0,47.66667,22.33333,7.0,3.0,10.0,16.66667,111.66667,240.0,40.0,90.33333,0.44267,16.33333,44.33333,0.36733,18.33333,21.0,0.874,11.0,36.66667,47.66667,18.0,5.66667,5.66667,9.0,18.66667,114.66667,0,0.04359,-0.04359,0.30506,0.30423,0.534,0.54175,0.60527,0.60715,1489.13425,1448.09807,0.44415,0.55585,2.26409,1.80564,0.66667,1.68333,2.69667,2.8,1.49
240.0,44.0,93.33333,0.47167,10.66667,33.66667,0.31567,16.33333,21.0,0.77333,12.0,36.33333,48.33333,26.0,5.33333,5.0,13.0,18.0,115.0,240.0,43.33333,94.0,0.46933,9.33333,27.0,0.35467,17.66667,20.66667,0.85667,11.66667,34.0,45.66667,21.66667,8.0,6.0,11.0,20.33333,113.66667,0,-0.01848,0.01848,0.29837,0.35964,0.51992,0.52972,0.58549,0.58816,1512.99628,1428.13323,0.38135,0.61865,2.69745,1.63242,0.33333,240.0,38.33333,84.66667,0.45233,13.66667,39.33333,0.346,16.0,21.66667,0.73167,6.0,36.33333,42.33333,23.66667,6.0,5.66667,11.33333,20.66667,106.33333,240.0,36.66667,85.66667,0.429,11.66667,35.0,0.332,17.33333,24.33333,0.712,10.33333,41.0,51.33333,23.66667,7.0,4.33333,14.66667,19.33333,102.33333,0,-0.0417,0.0417,0.28564,0.14543,0.49725,0.53277,0.56324,0.59493,1577.67541,1508.20865,0.39217,0.60783,2.62724,1.66233,0.33333,2.70667,1.64,4.1,1.29
240.0,39.0,88.66667,0.442,8.0,29.66667,0.276,25.66667,31.66667,0.811,9.0,35.33333,44.33333,22.0,6.33333,5.0,11.0,19.33333,111.66667,240.0,41.0,89.66667,0.45667,12.66667,36.0,0.35167,19.0,26.0,0.726,8.66667,38.33333,47.0,24.66667,7.0,4.0,12.66667,21.33333,113.66667,1,0.03004,-0.03004,0.2493,0.23526,0.52745,0.48829,0.59569,0.58709,1511.96243,1489.71431,0.47542,0.52458,2.13366,1.92853,0.33333,240.0,38.0,91.66667,0.41333,12.66667,42.66667,0.29733,13.0,19.33333,0.65767,9.66667,32.66667,42.33333,23.33333,8.33333,4.33333,11.0,18.0,101.66667,240.0,43.33333,93.0,0.46733,15.66667,37.66667,0.41367,17.0,19.33333,0.89733,13.66667,41.33333,55.0,23.0,5.0,5.0,15.0,19.0,119.33333,1,0.23638,-0.23638,0.41398,0.234,0.55185,0.4819,0.61534,0.52926,1499.96467,1434.09262,0.43607,0.56393,2.33847,1.79517,1.0,2.05,1.8,1.93333,1.93667
240.0,42.33333,91.0,0.46533,15.66667,38.33333,0.406,19.66667,22.0,0.88867,10.33333,29.66667,40.0,26.0,11.0,5.33333,10.33333,22.66667,120.0,240.0,40.0,82.33333,0.48733,14.33333,36.33333,0.39567,23.66667,29.33333,0.81267,8.0,35.66667,43.66667,26.33333,4.66667,6.0,15.66667,22.0,118.0,0,-0.02715,0.02715,0.26993,0.29309,0.57427,0.55282,0.66583,0.62851,1502.55203,1531.0484,0.53863,0.46137,1.87538,2.20262,0.33333,240.0,42.33333,87.0,0.48833,11.0,30.0,0.37,18.0,20.66667,0.86633,9.66667,33.0,42.66667,23.33333,8.33333,6.0,11.66667,19.66667,113.66667,240.0,38.0,88.66667,0.43367,11.33333,32.66667,0.34567,14.66667,17.66667,0.82567,12.33333,31.33333,43.66667,25.66667,7.33333,2.66667,14.66667,18.66667,102.0,0,-0.16148,0.16148,0.35949,0.30479,0.49837,0.55071,0.55653,0.62205,1543.83665,1551.22648,0.49178,0.50822,2.11385,2.02408,0.0,2.14333,2.13,1.44,3.45
240.0,44.66667,94.33333,0.474,15.33333,39.66667,0.384,13.33333,21.33333,0.61,9.66667,30.66667,40.33333,27.33333,10.33333,4.0,10.0,20.0,118.0,240.0,45.0,89.0,0.50567,12.33333,34.33333,0.35933,20.0,23.0,0.87767,10.0,38.66667,48.66667,25.0,5.33333,3.33333,16.33333,19.33333,122.33333,1,0.05207,-0.05207,0.32584,0.25498,0.57503,0.55523,0.65036,0.59641,1460.81317,1398.53876,0.41417,0.58583,2.43206,1.71261,1.0,240.0,38.66667,84.33333,0.461,15.0,38.66667,0.38967,22.0,28.33333,0.77533,10.33333,36.0,46.33333,27.66667,8.0,4.33333,15.33333,19.0,114.33333,240.0,40.33333,90.0,0.44933,15.66667,42.0,0.37133,19.33333,22.33333,0.86867,10.33333,32.66667,43.0,24.33333,10.0,5.0,12.33333,23.0,115.66667,1,0.01979,-0.01979,0.30556,0.34033,0.53582,0.55056,0.60996,0.63457,1522.9657,1477.17481,0.43806,0.56194,2.33934,1.81164,0.33333,3.2,1.54333,2.43333,1.99
240.0,38.33333,89.66667,0.42867,14.66667,38.33333,0.38,15.66667,20.66667,0.74533,11.0,29.0,40.0,22.66667,7.66667,2.0,8.0,16.0,107.0,240.0,41.33333,85.0,0.488,11.66667,32.66667,0.355,16.0,18.66667,0.87867,10.33333,36.66667,47.0,24.66667,5.33333,3.66667,12.0,17.0,110.33333,0,0.0501,-0.0501,0.35812,0.30136,0.55623,0.51012,0.61996,0.56845,1520.16448,1523.96285,0.50811,0.49189,2.02355,2.10349,0.66667,240.0,39.33333,90.0,0.437,10.0,31.66667,0.31633,14.66667,18.66667,0.81867,8.0,32.66667,40.66667,20.0,5.66667,5.33333,11.33333,20.0,103.33333,240.0,39.33333,86.66667,0.454,17.33333,43.66667,0.396,21.66667,25.33333,0.849,12.0,38.0,50.0,21.33333,8.0,6.0,12.33333,20.0,117.66667,0,0.18745,-0.18745,0.3701,0.21368,0.55405,0.49259,0.63853,0.54918,1591.74263,1461.2505,0.33778,0.66222,2.96274,1.51037,1.0,2.32,1.69333,4.05,1.47667
240.0,38.0,89.66667,0.425,15.33333,37.0,0.41833,14.66667,18.66667,0.76767,11.0,25.66667,36.66667,19.33333,5.33333,1.66667,6.33333,17.33333,106.0,240.0,40.66667,82.33333,0.49433,13.33333,36.33333,0.363,17.66667,20.0,0.89967,9.66667,36.33333,46.0,26.33333,4.33333,5.33333,12.0,18.0,112.33333,0,0.08753,-0.08753,0.37937,0.30505,0.57495,0.51012,0.64685,0.56586,1582.44444,1521.01222,0.42152,0.57848,2.40488,1.74157,0.66667,240.0,45.66667,95.33333,0.47967,15.33333,34.0,0.43367,19.33333,22.66667,0.85067,12.66667,39.0,51.66667,23.0,7.33333,3.33333,10.66667,19.33333,126.0,240.0,40.66667,88.33333,0.46267,12.33333,38.33333,0.31933,15.33333,20.0,0.76367,9.0,34.66667,43.66667,26.0,4.66667,4.33333,13.66667,19.66667,109.0,0,-0.21282,0.21282,0.23477,0.36478,0.53311,0.56077,0.59034,0.62937,1415.82328,1506.8596,0.60061,0.39939,1.67876,2.54985,0.0,2.61667,1.55,1.78333,2.27
240.0,40.0,83.33333,0.48333,11.0,32.0,0.34167,26.0,30.33333,0.85533,9.33333,31.0,40.33333,21.0,6.66667,4.0,11.33333,19.0,117.0,240.0,41.66667,84.33333,0.49433,13.66667,33.33333,0.40767,21.33333,24.66667,0.868,8.33333,30.33333,38.66667,23.0,5.66667,4.0,11.0,24.33333,118.33333,0,0.01653,-0.01653,0.27437,0.30806,0.57564,0.54857,0.65962,0.65249,1492.3696,1526.30283,0.55191,0.44809,1.83126,2.2738,0.66667,240.0,38.66667,80.0,0.48433,10.66667,32.0,0.331,21.66667,25.33333,0.86833,8.33333,31.33333,39.66667,23.0,7.66667,3.66667,14.33333,18.66667,109.66667,240.0,38.33333,83.0,0.46167,11.0,33.33333,0.32533,21.66667,26.0,0.84233,9.33333,32.0,41.33333,21.0,8.33333,2.0,15.33333,24.66667,109.33333,0,-0.00077,0.00077,0.3113,0.26773,0.52838,0.55155,0.61655,0.64187,1517.87478,1505.87056,0.48403,0.51597,2.12481,1.98251,0.33333,2.08333,1.82333,2.7,1.61
240.0,44.0,89.0,0.49367,14.0,36.66667,0.381,15.66667,17.66667,0.88567,8.0,29.66667,37.66667,28.66667,7.66667,4.66667,15.0,18.33333,117.66667,240.0,46.33333,89.33333,0.52,10.66667,30.0,0.361,17.66667,22.66667,0.77733,8.33333,33.33333,41.66667,26.66667,9.33333,5.33333,13.66667,15.33333,121.0,1,0.04664,-0.04664,0.30146,0.2424,0.57987,0.57201,0.64272,0.63216,1502.38415,1520.33394,0.53387,0.46613,1.89039,2.1748,0.66667,240.0,45.66667,90.0,0.50633,11.0,25.0,0.44,19.66667,24.66667,0.79633,10.33333,37.66667,48.0,26.66667,7.33333,3.0,12.33333,19.0,122.0,240.0,42.33333,88.0,0.484,11.33333,36.0,0.313,15.0,21.33333,0.695,7.0,31.0,38.0,26.33333,7.33333,4.66667,15.0,21.66667,111.0,1,-0.13613,0.13613,0.18909,0.33421,0.54806,0.56766,0.60241,0.63933,1427.5451,1491.49657,0.57448,0.42552,1.76936,2.41227,0.0,2.16667,2.23,2.26,1.99333
248.33333,42.33333,88.66667,0.48,15.33333,36.0,0.428,17.0,21.66667,0.79433,10.66667,29.33333,40.0,25.33333,7.33333,4.66667,14.33333,18.66667,117.0,248.33333,44.0,91.0,0.48333,20.33333,44.0,0.46533,14.33333,21.66667,0.666,13.0,34.66667,47.66667,31.0,9.33333,4.0,15.33333,21.66667,122.66667,0,0.07086,-0.07086,0.45321,0.30682,0.59483,0.56577,0.6402,0.62754,1472.4245,1492.40895,0.54465,0.45535,1.8369,2.19761,0.66667,240.0,41.33333,90.66667,0.45467,10.66667,30.66667,0.34833,17.33333,22.66667,0.76167,8.66667,30.66667,39.33333,20.66667,8.33333,4.33333,13.0,23.33333,110.66667,240.0,42.33333,84.33333,0.502,14.66667,43.0,0.343,25.66667,31.33333,0.817,8.0,35.33333,43.33333,22.0,8.0,5.33333,14.33333,20.33333,125.0,0,0.18069,-0.18069,0.25944,0.25939,0.58902,0.51368,0.68516,0.57676,1638.44263,1528.44234,0.36816,0.63184,2.82863,1.60497,1.0,2.57,1.64667,3.26667,1.44333
240.0,47.33333,94.33333,0.50167,13.0,34.33333,0.383,12.33333,15.0,0.80833,12.0,31.33333,43.33333,29.33333,8.66667,6.33333,10.66667,18.33333,120.0,240.0,40.33333,87.0,0.46733,8.0,28.66667,0.28267,19.66667,24.66667,0.839,12.33333,35.0,47.33333,22.0,6.0,4.33333,15.66667,14.66667,108.33333,1,-0.15751,0.15751,0.39286,0.34711,0.51426,0.57116,0.58959,0.6149,1451.95951,1487.57248,0.53084,0.46916,1.89333,2.14388,0.33333,240.0,40.33333,87.0,0.468,11.66667,30.66667,0.39667,18.66667,23.66667,0.78533,12.33333,36.33333,48.66667,24.0,6.0,5.66667,16.33333,18.66667,111.0,240.0,42.33333,89.33333,0.479,14.66667,33.33333,0.43467,14.66667,21.0,0.7,9.0,32.33333,41.33333,28.0,8.66667,6.66667,12.33333,20.66667,114.0,1,0.02625,-0.02625,0.26146,0.38096,0.56146,0.53623,0.61112,0.60689,1541.90305,1534.94046,0.50054,0.49946,2.04701,2.06062,0.33333,1.97333,1.93333,2.03333,2.08667
240.0,43.33333,86.66667,0.504,15.66667,31.0,0.509,17.66667,21.0,0.83633,10.0,34.33333,44.33333,22.0,8.33333,5.0,12.33333,19.33333,120.0,240.0,42.33333,88.66667,0.48267,10.66667,27.33333,0.395,16.33333,20.66667,0.78733,11.0,30.33333,41.33333,25.0,7.33333,6.0,13.0,18.33333,111.66667,1,-0.10989,0.10989,0.31206,0.33486,0.54327,0.59567,0.60449,0.66281,1458.55716,1581.3062,0.65557,0.34443,1.54847,3.05457,0.33333,240.0,40.0,85.33333,0.46933,10.0,28.0,0.364,19.33333,25.66667,0.74167,10.0,33.0,43.0,23.0,8.0,3.0,14.0,17.0,109.33333,240.0,42.33333,84.66667,0.502,13.33333,37.66667,0.333,13.0,17.0,0.74933,7.66667,33.33333,41.0,28.0,7.0,4.0,13.66667,20.0,111.0,1,0.01408,-0.01408,0.23539,0.30506,0.58204,0.52828,0.63176,0.60248,1489.25141,1462.71136,0.46973,0.53027,2.15862,1.90364,0.33333,1.43333,3.7,2.15333,1.84333
240.0,40.33333,88.0,0.461,6.66667,25.66667,0.26633,16.66667,22.66667,0.73767,12.33333,35.33333,47.66667,22.66667,5.0,5.0,15.33333,17.33333,104.0,240.0,46.33333,88.66667,0.52433,14.33333,33.33333,0.434,13.33333,18.33333,0.728,8.33333,29.66667,38.0,28.0,9.66667,8.66667,9.66667,21.0,120.33333,0,0.20927,-0.20927,0.25042,0.406,0.6053,0.49853,0.65058,0.56136,1494.75308,1426.07799,0.41703,0.58297,2.54507,1.78755,1.0,240.0,40.66667,86.0,0.47333,11.66667,34.0,0.32867,19.0,28.66667,0.65767,10.0,37.33333,47.33333,22.33333,6.0,4.66667,9.0,16.66667,112.0,240.0,40.33333,93.66667,0.42933,16.33333,41.66667,0.393,18.33333,21.0,0.874,13.0,37.33333,50.33333,16.66667,5.66667,3.66667,8.0,20.33333,115.33333,0,0.04757,-0.04757,0.35968,0.27437,0.51707,0.54175,0.58628,0.607,1491.49672,1470.22508,0.47242,0.52758,2.16264,1.93449,0.66667,3.20667,1.67333,2.42667,1.95
240.0,40.66667,81.33333,0.50167,12.0,31.33333,0.39467,20.0,26.66667,0.751,10.0,32.33333,42.33333,23.66667,7.0,3.66667,17.0,17.66667,113.33333,240.0,42.66667,88.33333,0.48767,19.0,41.0,0.45367,16.33333,21.33333,0.742,10.33333,30.33333,40.66667,30.0,9.0,5.33333,12.33333,21.0,120.66667,0,0.08869,-0.08869,0.32105,0.33554,0.5966,0.57622,0.65459,0.65223,1488.52403,1477.95636,0.50044,0.49956,2.02943,2.03071,0.66667,240.0,42.66667,88.33333,0.484,17.33333,42.0,0.41067,21.0,26.33333,0.80167,7.33333,33.66667,41.0,27.0,9.0,4.33333,11.33333,23.66667,123.66667,240.0,44.0,89.0,0.49567,15.66667,38.66667,0.4,22.66667,26.66667,0.85533,9.66667,34.33333,44.0,27.33333,4.0,3.0,12.33333,21.66667,126.33333,0,0.03064,-0.03064,0.2855,0.21481,0.58305,0.5819,0.66629,0.65797,1446.41891,1484.33507,0.55324,0.44676,1.85739,2.31608,1.0,1.67667,2.7,3.41667,1.45667
256.66667,42.66667,98.33333,0.436,11.66667,36.33333,0.314,12.0,15.66667,0.76933,9.0,40.66667,49.66667,25.33333,8.0,5.33333,13.0,21.66667,109.0,256.66667,40.66667,93.0,0.438,11.33333,38.66667,0.29067,17.33333,21.66667,0.80833,8.33333,42.0,50.33333,23.0,6.66667,7.0,14.66667,16.66667,110.0,0,0.00922,-0.00922,0.20438,0.20677,0.49884,0.49721,0.56274,0.5392,1578.97626,1440.05386,0.31373,0.68627,3.26379,1.46556,0.66667,240.0,37.66667,86.0,0.43867,14.66667,41.33333,0.34733,22.33333,27.0,0.82,13.0,32.66667,45.66667,25.66667,5.66667,6.0,13.66667,19.33333,112.33333,240.0,46.33333,88.66667,0.52533,16.33333,33.33333,0.50133,15.33333,18.66667,0.83133,6.33333,32.33333,38.66667,27.0,8.33333,5.0,9.33333,20.0,124.33333,0,0.15221,-0.15221,0.19472,0.39782,0.61792,0.52701,0.67272,0.61623,1542.40328,1531.32041,0.49753,0.50247,2.13201,2.07544,0.66667,5.48333,1.18667,2.80667,1.88333
240.0,42.0,87.66667,0.47967,16.66667,40.66667,0.40667,14.66667,19.0,0.76233,7.33333,39.0,46.33333,27.33333,7.66667,4.66667,15.33333,20.66667,115.33333,240.0,38.33333,92.66667,0.412,13.33333,34.0,0.37833,20.0,23.33333,0.86,11.0,35.0,46.0,23.66667,6.33333,3.66667,12.66667,17.0,110.0,0,-0.07767,0.07767,0.29124,0.20815,0.48328,0.57452,0.55972,0.62786,1470.07783,1516.45698,0.5529,0.4471,1.81323,2.2461,0.66667,240.0,42.0,91.33333,0.458,10.33333,29.0,0.353,14.33333,17.33333,0.81133,10.33333,34.0,44.33333,23.66667,7.33333,6.66667,11.33333,16.0,108.66667,240.0,40.33333,89.33333,0.455,11.0,29.33333,0.36667,15.66667,19.66667,0.819,11.66667,37.0,48.66667,23.66667,6.66667,6.33333,12.66667,15.66667,107.33333,0,-0.01522,0.01522,0.34259,0.28339,0.51698,0.51483,0.57633,0.56976,1433.17155,1488.48372,0.58382,0.41618,1.71991,2.42469,0.66667,2.18667,1.76,1.73,2.18333
240.0,41.0,91.66667,0.445,19.66667,47.66667,0.407,11.0,13.66667,0.80833,7.66667,37.33333,45.0,25.66667,9.0,4.33333,15.0,19.0,112.66667,240.0,37.33333,86.33333,0.43233,11.66667,34.0,0.34267,18.0,23.0,0.781,8.0,38.33333,46.33333,22.66667,10.33333,6.33333,16.66667,14.0,104.33333,0,-0.08701,0.08701,0.21481,0.20966,0.49982,0.55053,0.571,0.59148,1452.40565,1506.12081,0.57515,0.42485,1.76023,2.40063,0.33333,240.0,41.0,85.33333,0.483,15.0,38.0,0.38733,20.66667,26.0,0.80533,9.33333,34.66667,44.0,25.66667,6.66667,6.66667,16.0,19.33333,117.66667,240.0,43.0,96.66667,0.44467,13.33333,36.0,0.36967,17.66667,22.0,0.80633,14.0,31.33333,45.33333,25.0,6.66667,4.0,11.33333,21.33333,117.0,0,0.00567,-0.00567,0.40058,0.29794,0.51439,0.5704,0.57753,0.64956,1489.01979,1525.76369,0.55058,0.44942,1.87576,2.32653,0.33333,1.78333,2.48667,1.46667,3.21667
240.0,42.0,89.33333,0.47133,9.0,27.0,0.34567,14.0,19.0,0.73667,9.33333,33.0,42.33333,26.33333,8.66667,1.66667,13.33333,22.66667,107.0,240.0,39.66667,82.33333,0.48133,9.66667,34.66667,0.26933,20.0,28.33333,0.70667,7.66667,35.33333,43.0,21.66667,7.66667,4.33333,16.66667,17.66667,109.0,1,0.03576,-0.03576,0.25337,0.26445,0.5404,0.52261,0.61506,0.57456,1498.33916,1491.959,0.49891,0.50109,2.10935,2.07694,0.66667,240.0,40.0,85.66667,0.46433,12.66667,34.33333,0.36467,18.0,22.0,0.802,7.66667,41.66667,49.33333,23.33333,5.66667,5.0,13.66667,18.66667,110.66667,240.0,35.66667,89.0,0.401,13.33333,42.66667,0.31367,15.33333,21.33333,0.718,8.33333,36.33333,44.66667,21.66667,6.33333,3.66667,11.33333,20.33333,100.0,1,-0.14438,0.14438,0.19711,0.21296,0.47634,0.53915,0.53457,0.61133,1470.15109,1487.15834,0.50831,0.49169,1.97784,2.04676,0.0,2.9,1.54,1.89333,1.94667
240.0,41.66667,89.0,0.46967,13.66667,33.33333,0.41133,13.0,16.0,0.796,9.0,33.33333,42.33333,28.66667,7.33333,5.33333,8.0,20.0,110.0,240.0,37.66667,83.66667,0.44867,7.66667,30.0,0.253,21.0,25.66667,0.802,10.33333,32.0,42.33333,25.33333,4.0,4.66667,11.33333,19.0,104.0,1,-0.07477,0.07477,0.31701,0.28441,0.49484,0.54629,0.58275,0.59511,1494.39242,1537.44181,0.55071,0.44929,1.82537,2.24478,0.33333,240.0,41.33333,81.0,0.511,9.0,21.66667,0.39833,20.0,24.33333,0.81833,9.0,38.0,47.0,21.0,6.66667,5.0,17.33333,16.0,111.66667,240.0,40.33333,93.0,0.434,15.66667,38.33333,0.41233,12.0,15.66667,0.76367,11.33333,27.0,38.33333,26.33333,9.66667,7.66667,12.66667,25.33333,108.33333,1,-0.04221,0.04221,0.31058,0.33333,0.51812,0.56732,0.56168,0.64774,1397.37123,1543.5065,0.69032,0.30968,1.47261,3.44458,0.33333,1.77,2.15,1.41,3.41667
240.0,39.33333,89.0,0.444,8.0,28.0,0.299,19.33333,27.33333,0.711,12.33333,30.66667,43.0,22.66667,6.0,5.0,12.66667,19.66667,106.0,240.0,47.0,86.0,0.54667,13.33333,31.66667,0.42433,19.66667,24.33333,0.78667,9.0,32.66667,41.66667,25.33333,7.33333,6.33333,11.66667,22.33333,127.0,0,0.26331,-0.26331,0.29534,0.37513,0.62461,0.48881,0.69613,0.55944,1529.84437,1408.64614,0.35334,0.64666,2.8382,1.54781,1.0,240.0,43.66667,93.0,0.46967,11.0,34.0,0.322,12.33333,16.66667,0.72867,10.66667,35.0,45.66667,22.66667,6.66667,2.33333,9.33333,17.66667,110.66667,240.0,41.33333,90.66667,0.45967,12.0,35.33333,0.34267,16.33333,20.0,0.81,11.33333,37.33333,48.66667,23.66667,5.66667,3.66667,11.66667,14.33333,111.0,0,0.00763,-0.00763,0.33179,0.28544,0.52707,0.52939,0.58848,0.5731,1576.37576,1468.89585,0.3536,0.6464,2.87873,1.55567,0.33333,3.55,1.38667,5.26667,1.27667
256.66667,42.0,100.0,0.42033,9.66667,33.66667,0.285,13.0,16.66667,0.78633,11.33333,39.0,50.33333,27.0,8.33333,3.66667,12.33333,21.66667,106.66667,256.66667,42.0,90.33333,0.465,9.66667,37.66667,0.25767,16.33333,21.0,0.764,7.66667,40.0,47.66667,24.66667,6.33333,8.0,14.66667,16.0,110.0,0,0.04341,-0.04341,0.19602,0.28275,0.51862,0.46867,0.5784,0.5151,1584.68645,1437.90623,0.3032,0.6968,3.34109,1.43905,1.0,240.0,47.66667,83.33333,0.56967,17.66667,34.66667,0.508,15.66667,18.33333,0.84033,8.66667,31.0,39.66667,28.0,12.0,3.33333,17.0,19.0,128.66667,240.0,42.0,89.66667,0.46733,16.33333,39.66667,0.407,18.33333,21.66667,0.836,15.66667,24.33333,40.0,28.0,9.0,2.0,16.66667,18.0,118.66667,0,-0.11336,0.11336,0.52901,0.35963,0.55783,0.67642,0.62766,0.7357,1491.64645,1507.1477,0.51567,0.48433,1.95073,2.07739,0.33333,6.75,1.12,1.91333,1.98667
240.0,36.33333,82.66667,0.43967,13.33333,37.66667,0.35367,15.33333,19.0,0.802,7.33333,38.0,45.33333,24.33333,7.66667,2.33333,16.0,19.0,101.33333,240.0,36.33333,84.33333,0.43067,14.33333,46.0,0.314,16.0,21.33333,0.74733,9.33333,35.33333,44.66667,24.33333,8.66667,3.33333,13.33333,20.33333,103.0,0,0.02249,-0.02249,0.248,0.20743,0.5155,0.52077,0.57794,0.58427,1530.69079,1464.12924,0.41054,0.58946,2.58847,1.73453,0.33333,240.0,44.0,92.33333,0.47633,11.0,30.66667,0.34867,15.33333,20.33333,0.75433,10.33333,31.66667,42.0,23.66667,5.66667,3.0,11.0,20.33333,114.33333,240.0,41.66667,89.33333,0.47,11.66667,30.0,0.38567,22.66667,26.66667,0.847,12.66667,36.33333,49.0,25.33333,7.0,4.66667,11.66667,18.0,117.66667,0,0.03915,-0.03915,0.40135,0.28494,0.53687,0.53641,0.62245,0.59099,1590.77259,1450.90922,0.31912,0.68088,3.29472,1.48642,0.33333,2.19667,2.15333,3.91667,1.32
240.0,45.33333,89.0,0.50867,15.0,34.33333,0.43667,16.66667,21.0,0.791,6.66667,34.0,40.66667,26.33333,6.66667,6.33333,13.33333,20.33333,122.33333,240.0,40.33333,87.33333,0.46233,15.33333,39.0,0.39467,20.0,25.33333,0.79067,10.33333,35.0,45.33333,27.0,8.33333,4.66667,16.33333,19.66667,116.0,1,-0.0692,0.0692,0.31532,0.19088,0.55072,0.59204,0.62528,0.65163,1504.39611,1542.96283,0.54341,0.45659,1.90254,2.29846,0.33333,240.0,42.66667,96.66667,0.44433,14.33333,39.66667,0.35867,13.66667,16.33333,0.86033,10.0,35.0,45.0,24.0,7.66667,6.0,13.33333,13.66667,113.33333,240.0,47.0,93.66667,0.50167,18.66667,42.33333,0.43867,13.0,17.0,0.75733,8.33333,40.66667,49.0,32.0,11.0,6.33333,13.66667,13.66667,125.66667,1,0.14839,-0.14839,0.23956,0.24363,0.60042,0.51885,0.64541,0.56796,1570.59654,1519.38733,0.44466,0.55534,2.26164,1.80784,0.66667,2.27667,1.96333,4.13333,1.28333
240.0,39.0,82.66667,0.473,7.33333,27.33333,0.26933,17.33333,24.0,0.724,8.33333,32.33333,40.66667,23.66667,7.33333,5.0,11.66667,20.33333,102.66667,240.0,38.66667,81.66667,0.47367,12.0,32.33333,0.35633,16.0,21.66667,0.734,8.0,33.66667,41.66667,26.33333,8.0,4.33333,13.66667,20.33333,105.33333,1,0.02976,-0.02976,0.24677,0.24593,0.54662,0.51775,0.60783,0.58559,1545.59919,1588.82358,0.57559,0.42441,1.74012,2.36282,0.33333,240.0,40.33333,84.33333,0.47867,8.0,18.33333,0.424,25.0,30.0,0.829,11.0,40.33333,51.33333,21.0,7.66667,4.33333,14.66667,17.0,113.66667,240.0,39.0,89.33333,0.43667,13.66667,38.0,0.35633,13.33333,17.33333,0.76667,9.0,29.33333,38.33333,24.33333,7.0,7.66667,13.66667,26.0,105.0,1,-0.11592,0.11592,0.23018,0.37691,0.51226,0.52644,0.56311,0.62527,1399.3929,1524.42762,0.65887,0.34113,1.5353,3.06064,0.33333,1.53667,2.75,1.35333,3.96667
240.0,41.33333,90.0,0.461,18.33333,44.66667,0.41267,10.66667,17.33333,0.61033,12.0,31.66667,43.66667,18.66667,6.66667,5.66667,12.0,20.33333,111.66667,240.0,40.33333,84.66667,0.47633,12.33333,34.66667,0.359,17.66667,21.66667,0.79767,8.33333,35.66667,44.0,20.66667,5.33333,4.66667,12.33333,18.66667,110.66667,1,-0.00976,0.00976,0.27692,0.34681,0.54941,0.56273,0.61974,0.59664,1457.49328,1502.53876,0.56606,0.43394,1.77067,2.31325,0.33333,240.0,38.66667,87.66667,0.44167,11.33333,39.0,0.288,15.0,20.0,0.75433,11.33333,29.0,40.33333,25.66667,4.33333,5.0,11.66667,19.33333,103.66667,240.0,46.0,89.66667,0.513,13.66667,32.33333,0.422,18.0,23.33333,0.762,11.66667,35.33333,47.0,29.33333,5.66667,6.0,7.66667,18.33333,123.66667,1,0.25431,-0.25431,0.42129,0.32243,0.58947,0.50596,0.65204,0.56377,1489.53184,1496.93152,0.54564,0.45436,1.8454,2.22591,1.0,2.02667,2.12667,2.26,1.90667
240.0,42.33333,90.66667,0.468,16.0,39.33333,0.41033,13.0,19.33333,0.65567,13.33333,30.0,43.33333,15.66667,7.33333,4.66667,12.33333,18.66667,113.66667,240.0,41.0,83.33333,0.49167,11.33333,32.66667,0.34433,17.66667,20.66667,0.82833,8.66667,32.33333,41.0,19.33333,5.33333,4.66667,14.66667,18.33333,111.0,1,-0.02961,0.02961,0.29553,0.437,0.5596,0.55735,0.63196,0.60015,1489.03808,1498.41991,0.50431,0.49569,2.02317,2.05414,0.33333,240.0,44.33333,94.66667,0.46833,13.66667,38.0,0.35833,8.66667,13.33333,0.70033,11.66667,31.66667,43.33333,26.0,10.33333,4.0,14.0,15.33333,111.0,240.0,43.33333,90.0,0.48133,13.33333,34.33333,0.38767,12.33333,17.66667,0.68967,9.33333,36.0,45.33333,28.33333,8.66667,3.0,15.0,13.33333,112.33333,1,0.01584,-0.01584,0.29386,0.32451,0.55523,0.5407,0.59817,0.56861,1439.21395,1463.43058,0.53066,0.46934,1.97731,2.33138,0.66667,3.21,1.56,1.65333,3.81333
248.33333,37.66667,88.0,0.42633,13.66667,36.0,0.378,16.66667,24.66667,0.66367,9.66667,38.33333,48.0,24.33333,7.33333,3.66667,11.33333,14.33333,105.66667,248.33333,40.66667,91.0,0.44667,14.0,39.66667,0.35067,18.33333,19.66667,0.93033,8.66667,40.0,48.66667,24.33333,7.66667,5.33333,9.66667,19.33333,113.66667,0,0.10844,-0.10844,0.22717,0.24573,0.52342,0.50418,0.59595,0.56506,1516.27391,1443.83885,0.40539,0.59461,2.46711,1.68189,1.0,240.0,35.0,82.66667,0.422,12.0,35.33333,0.34033,22.33333,30.66667,0.72933,10.0,32.66667,42.66667,18.66667,7.33333,5.0,15.33333,18.66667,104.33333,240.0,43.33333,85.66667,0.505,15.66667,35.66667,0.43933,13.66667,18.66667,0.72633,8.33333,34.66667,43.0,32.0,8.66667,4.66667,15.33333,24.66667,116.0,0,0.15667,-0.15667,0.26826,0.29792,0.59648,0.49416,0.64578,0.58243,1498.14013,1465.9202,0.47395,0.52605,2.14704,1.92545,0.66667,2.93333,1.45,3.03667,1.63
240.0,39.33333,85.0,0.46233,10.33333,30.66667,0.35167,18.0,21.0,0.85133,10.33333,31.66667,42.0,22.33333,6.33333,3.0,14.33333,20.33333,107.0,240.0,42.33333,86.33333,0.49033,11.0,31.33333,0.349,16.33333,20.0,0.78033,8.0,33.0,41.0,22.66667,7.0,4.66667,12.0,21.0,112.0,1,0.06361,-0.06361,0.26199,0.3131,0.55387,0.52292,0.61668,0.59744,1464.22507,1535.89975,0.61598,0.38402,1.62352,2.60443,0.33333,240.0,41.33333,90.33333,0.45767,14.66667,41.0,0.358,14.66667,19.33333,0.76733,10.0,27.66667,37.66667,25.66667,5.33333,5.33333,10.0,19.66667,112.0,240.0,45.0,89.33333,0.50367,14.0,32.0,0.437,20.0,26.0,0.75633,13.66667,35.66667,49.33333,27.66667,5.0,5.33333,9.0,16.66667,124.0,1,0.15184,-0.15184,0.52843,0.27855,0.58232,0.53893,0.65206,0.59244,1492.99362,1492.814,0.51777,0.48223,1.93196,2.07445,0.66667,1.92,1.99,2.54333,1.65333
240.0,41.33333,83.33333,0.49633,8.33333,23.66667,0.363,26.0,32.0,0.81367,11.0,37.33333,48.33333,22.33333,6.33333,5.33333,14.66667,21.0,117.0,240.0,40.66667,93.0,0.43733,15.0,39.0,0.386,17.0,21.66667,0.77267,11.0,30.0,41.0,22.33333,5.33333,4.66667,11.66667,23.66667,113.33333,0,-0.04629,0.04629,0.31071,0.36707,0.51843,0.54694,0.58081,0.6482,1473.40318,1544.23649,0.59489,0.40511,1.68701,2.48973,0.33333,240.0,40.0,88.0,0.45767,13.66667,35.0,0.38367,15.66667,22.33333,0.69333,10.66667,29.0,39.66667,21.66667,5.66667,2.33333,8.0,17.33333,109.33333,240.0,44.33333,86.33333,0.513,11.33333,28.0,0.406,14.66667,18.66667,0.819,11.66667,34.33333,46.0,26.33333,6.0,4.33333,10.33333,18.0,114.66667,0,0.0741,-0.0741,0.40063,0.31204,0.57829,0.53479,0.63273,0.59003,1540.83064,1512.74421,0.46693,0.53307,2.25262,1.94177,1.0,1.41,3.11667,2.27,1.90333
240.0,42.0,94.0,0.446,17.0,41.33333,0.41267,16.33333,20.66667,0.761,14.66667,31.33333,46.0,17.0,7.0,4.33333,10.33333,17.33333,117.33333,240.0,43.0,84.0,0.51167,12.0,32.33333,0.364,14.0,18.0,0.76333,7.33333,35.0,42.33333,23.66667,4.33333,4.33333,15.0,18.33333,112.0,1,-0.05938,0.05938,0.23399,0.44508,0.58305,0.53681,0.6371,0.59389,1485.72976,1490.42727,0.49099,0.50901,2.06696,1.98763,0.33333,240.0,43.33333,89.66667,0.48333,16.33333,39.33333,0.41567,20.0,26.33333,0.758,8.33333,32.0,40.33333,28.33333,7.0,4.0,9.0,22.0,123.0,240.0,46.33333,86.33333,0.53633,17.0,38.0,0.43633,19.66667,23.66667,0.83167,6.33333,34.33333,40.66667,28.33333,3.66667,3.66667,9.66667,22.66667,129.33333,1,0.06924,-0.06924,0.19591,0.24606,0.63435,0.5741,0.70594,0.6443,1449.25312,1475.28697,0.54452,0.45548,1.88331,2.26667,1.0,3.01,1.63667,3.3,1.5
240.0,44.66667,97.33333,0.45933,10.0,30.33333,0.32833,14.66667,19.0,0.767,12.33333,33.0,45.33333,25.33333,6.33333,3.33333,10.33333,20.66667,114.0,240.0,44.66667,90.33333,0.50033,10.0,26.33333,0.38567,20.66667,24.66667,0.84767,10.66667,38.33333,49.0,21.66667,7.0,6.0,13.33333,19.33333,120.0,0,0.07118,-0.07118,0.31399,0.32132,0.55639,0.51078,0.63242,0.5619,1552.44933,1417.64431,0.32282,0.67718,3.16864,1.4853,0.66667,240.0,43.33333,96.0,0.45033,14.33333,35.33333,0.406,11.33333,14.0,0.79167,11.0,30.0,41.0,23.0,8.66667,5.33333,8.66667,21.33333,112.33333,240.0,38.66667,78.33333,0.493,13.0,34.66667,0.37133,24.66667,30.0,0.81767,7.66667,35.66667,43.33333,24.66667,4.33333,5.0,15.33333,18.66667,115.0,0,0.04034,-0.04034,0.25429,0.31158,0.5753,0.5251,0.67678,0.56543,1529.60683,1545.82843,0.52758,0.47242,1.89987,2.12262,0.66667,3.79,1.46667,2.2,1.8
240.0,43.33333,89.33333,0.48467,10.0,30.0,0.33367,22.66667,27.66667,0.823,8.33333,36.0,44.33333,26.66667,8.33333,5.66667,10.66667,18.66667,119.33333,240.0,40.66667,91.0,0.44633,11.66667,34.66667,0.33767,17.0,23.0,0.735,9.33333,36.0,45.33333,22.0,7.0,5.33333,13.33333,20.66667,110.0,0,-0.11626,0.11626,0.26299,0.23444,0.51043,0.54112,0.57249,0.6264,1508.52625,1488.10343,0.45499,0.54501,2.2116,1.84209,0.0,240.0,41.0,91.33333,0.44867,16.0,41.66667,0.381,12.66667,17.0,0.718,12.33333,36.33333,48.66667,26.66667,7.33333,6.33333,12.33333,19.66667,110.66667,240.0,38.0,84.66667,0.447,13.0,36.0,0.35967,15.0,20.66667,0.71533,8.0,36.33333,44.33333,25.0,6.66667,1.66667,13.66667,18.0,104.0,0,-0.09355,0.09355,0.22173,0.33732,0.52459,0.53654,0.58385,0.5838,1433.26928,1522.17525,0.6106,0.3894,1.66068,2.66824,0.33333,1.91333,2.02333,1.30333,4.6
240.0,42.33333,84.33333,0.503,7.0,22.33333,0.32733,24.33333,28.66667,0.85033,10.33333,30.66667,41.0,19.33333,6.33333,3.33333,11.33333,18.66667,116.0,240.0,44.33333,86.0,0.52033,15.0,36.0,0.41567,20.33333,23.66667,0.85867,8.66667,29.66667,38.33333,19.33333,7.33333,3.0,10.66667,21.0,124.0,0,0.09527,-0.09527,0.27002,0.34775,0.60677,0.54477,0.68289,0.64266,1561.29202,1540.11429,0.47918,0.52082,2.16599,1.97289,1.0,240.0,39.66667,80.66667,0.49233,15.0,37.0,0.405,20.33333,26.0,0.77733,7.33333,32.66667,40.0,27.0,7.0,6.0,16.66667,23.0,114.66667,240.0,40.33333,89.0,0.454,11.66667,34.66667,0.339,24.66667,28.66667,0.87067,10.33333,30.0,40.33333,23.66667,9.33333,3.33333,12.33333,23.66667,117.0,0,0.03312,-0.03312,0.32672,0.27023,0.51957,0.58583,0.61452,0.66475,1528.43399,1424.32095,0.36079,0.63921,2.80737,1.5702,0.33333,2.52667,2.02667,3.26667,1.38667
240.0,41.33333,84.33333,0.48767,19.66667,41.33333,0.47567,20.0,23.33333,0.86033,9.33333,35.33333,44.66667,26.33333,5.0,5.66667,14.66667,20.0,122.33333,240.0,42.33333,96.33333,0.443,12.66667,31.33333,0.41567,16.0,18.33333,0.871,13.0,29.66667,42.66667,24.33333,8.33333,1.66667,8.66667,19.66667,113.33333,1,-0.11986,0.11986,0.35614,0.31012,0.51018,0.60536,0.56958,0.68505,1522.40156,1603.08825,0.59986,0.40014,1.67476,2.52864,0.33333,240.0,42.66667,87.0,0.49333,10.0,25.33333,0.396,21.0,27.0,0.78867,11.66667,31.66667,43.33333,23.33333,8.33333,7.0,15.66667,20.0,116.33333,240.0,43.66667,86.33333,0.509,15.33333,33.0,0.46167,16.33333,22.33333,0.732,9.33333,30.66667,40.0,27.33333,7.66667,7.0,15.0,21.66667,119.0,1,0.02731,-0.02731,0.30085,0.38265,0.59704,0.55254,0.65418,0.62992,1543.03147,1509.10819,0.46157,0.53843,2.17637,1.86313,0.33333,1.38333,3.7,2.3,1.68333
240.0,45.0,86.66667,0.51967,16.0,37.0,0.43433,18.33333,25.0,0.73533,9.0,35.0,44.0,24.0,7.66667,3.0,9.0,20.0,124.33333,240.0,42.0,89.0,0.47267,12.0,31.66667,0.37167,16.0,20.66667,0.79067,9.33333,32.33333,41.66667,22.66667,5.33333,2.33333,11.0,17.66667,112.0,0,-0.15723,0.15723,0.27838,0.27996,0.53976,0.61168,0.59872,0.67458,1498.54836,1595.09783,0.61964,0.38036,1.62836,2.70625,0.33333,240.0,38.0,88.33333,0.43033,10.33333,29.66667,0.35133,18.33333,23.33333,0.79767,10.33333,30.0,40.33333,18.66667,5.0,3.66667,11.33333,24.33333,104.66667,240.0,38.66667,84.33333,0.45867,18.0,46.0,0.391,24.33333,27.33333,0.89133,11.66667,35.33333,47.0,24.0,7.0,6.0,12.66667,21.33333,119.66667,0,0.19355,-0.19355,0.3944,0.29777,0.56534,0.48925,0.66242,0.56043,1604.35137,1477.29907,0.34251,0.65749,2.92558,1.52181,1.0,1.49333,3.48333,4.26667,1.39
240.0,34.33333,88.33333,0.38933,7.66667,33.0,0.23267,22.66667,29.33333,0.77967,11.33333,33.66667,45.0,21.33333,7.0,6.0,14.66667,19.66667,99.0,240.0,40.33333,90.0,0.44933,13.33333,34.0,0.387,20.0,24.33333,0.824,12.33333,40.0,52.33333,23.66667,7.0,5.33333,14.33333,23.66667,114.0,1,0.19992,-0.19992,0.3639,0.28346,0.52316,0.43233,0.59915,0.52239,1482.01548,1421.49857,0.44025,0.55975,2.29281,1.79769,0.66667,240.0,39.0,87.0,0.44833,8.33333,28.33333,0.29467,20.66667,29.33333,0.692,10.33333,36.33333,46.66667,20.66667,6.33333,3.66667,10.0,17.33333,107.0,240.0,39.33333,88.66667,0.44567,16.0,39.66667,0.403,23.0,25.0,0.923,11.0,37.66667,48.66667,16.33333,4.66667,4.0,10.0,22.33333,117.66667,1,0.13588,-0.13588,0.3094,0.28125,0.53559,0.49632,0.62634,0.57251,1497.66198,1454.64622,0.45277,0.54723,2.28033,1.87792,1.0,2.65,1.64,2.39333,1.96333
240.0,35.33333,88.33333,0.4,11.33333,44.33333,0.255,16.0,22.33333,0.69733,10.66667,30.0,40.66667,20.33333,6.33333,4.33333,10.66667,19.33333,98.0,240.0,45.33333,89.33333,0.50767,14.33333,33.33333,0.42633,18.33333,21.33333,0.86867,10.0,40.0,50.0,26.66667,5.33333,5.33333,10.0,18.66667,123.33333,0,0.3313,-0.3313,0.3575,0.26667,0.58785,0.46401,0.65578,0.52547,1506.08127,1473.44316,0.49586,0.50414,2.02041,1.98694,1.0,240.0,41.66667,93.66667,0.444,11.33333,30.33333,0.367,17.66667,25.0,0.71733,12.66667,41.0,53.66667,21.33333,7.0,3.66667,13.33333,22.0,112.33333,240.0,36.33333,88.33333,0.41067,9.33333,35.0,0.26367,21.33333,26.33333,0.79567,10.0,38.66667,48.66667,23.33333,7.0,3.66667,14.66667,21.0,103.33333,0,-0.10676,0.10676,0.25144,0.32707,0.46282,0.50473,0.54849,0.56651,1402.62761,1516.41722,0.64734,0.35266,1.54809,2.85436,0.33333,2.31,1.80667,1.50333,2.83333
248.33333,46.0,90.66667,0.50767,13.0,29.33333,0.44633,18.33333,21.33333,0.868,9.0,36.0,45.0,30.33333,7.66667,6.0,10.0,19.0,123.33333,248.33333,42.0,94.0,0.44867,9.66667,33.0,0.28133,18.33333,22.33333,0.81333,11.0,30.66667,41.66667,31.0,7.33333,5.66667,11.0,19.0,112.0,0,-0.14542,0.14542,0.31554,0.29533,0.4983,0.57941,0.56529,0.64614,1452.49974,1543.17198,0.60551,0.39449,1.67984,2.64096,0.0,240.0,40.0,83.66667,0.48167,9.0,29.33333,0.31033,21.0,23.66667,0.89733,10.66667,28.0,38.66667,21.66667,11.33333,3.66667,14.66667,16.66667,110.0,240.0,43.0,85.66667,0.50067,13.0,36.0,0.36,16.66667,19.33333,0.83133,10.0,31.33333,41.33333,24.66667,8.0,5.33333,18.0,23.33333,115.66667,0,0.07694,-0.07694,0.35704,0.33748,0.57689,0.5357,0.6434,0.62181,1518.74405,1528.51871,0.52607,0.47393,1.90808,2.12077,0.66667,1.64667,2.41667,2.31667,1.68
240.0,48.0,89.33333,0.537,18.0,38.66667,0.45033,13.0,16.0,0.786,8.33333,29.66667,38.0,32.0,8.0,5.0,14.33333,17.66667,127.0,240.0,47.33333,90.0,0.52667,11.33333,32.0,0.359,15.33333,19.66667,0.78667,9.0,29.33333,38.33333,25.66667,7.33333,6.0,13.0,14.66667,121.33333,1,-0.06036,0.06036,0.3271,0.28761,0.58985,0.63744,0.64437,0.6833,1460.37414,1526.86172,0.58228,0.41772,1.74584,2.46231,0.33333,240.0,38.0,82.33333,0.466,9.66667,29.66667,0.33833,22.66667,28.33333,0.79967,9.0,31.66667,40.66667,18.33333,5.66667,2.33333,10.66667,16.0,108.33333,240.0,45.0,86.0,0.52767,12.33333,31.0,0.40267,15.66667,19.33333,0.82733,9.0,37.0,46.0,24.66667,7.0,2.33333,10.66667,20.0,118.0,1,0.13346,-0.13346,0.28133,0.25298,0.5989,0.52433,0.65713,0.61597,1547.33552,1518.4219,0.47331,0.52669,2.22682,1.96681,1.0,1.52667,2.68333,3.25333,1.86667
248.33333,43.0,88.66667,0.48767,15.33333,35.33333,0.43367,16.33333,19.66667,0.82967,9.66667,28.33333,38.0,24.0,10.0,3.33333,15.0,17.66667,117.66667,248.33333,45.0,90.0,0.50067,23.33333,50.0,0.46367,14.33333,20.0,0.72867,12.33333,34.0,46.33333,32.0,8.33333,5.33333,17.66667,21.0,127.66667,1,0.12005,-0.12005,0.44086,0.28487,0.63113,0.57326,0.67807,0.63377,1538.12979,1489.46437,0.45605,0.54395,2.43804,1.93304,0.66667,240.0,39.0,85.0,0.46133,12.66667,38.0,0.32633,15.33333,18.66667,0.82933,8.66667,35.0,43.66667,18.66667,4.66667,5.33333,12.0,13.33333,106.0,240.0,46.33333,93.0,0.49867,14.66667,35.66667,0.41367,14.33333,15.33333,0.94233,9.33333,36.0,45.33333,27.0,6.33333,3.33333,7.0,15.0,121.66667,1,0.21036,-0.21036,0.26573,0.25139,0.5777,0.53717,0.63187,0.59895,1567.31053,1483.46763,0.40303,0.59697,2.53077,1.69072,0.66667,4.35,1.38,4.35,1.27667
248.33333,45.66667,96.33333,0.47533,12.33333,31.0,0.398,15.33333,18.33333,0.81867,11.33333,37.66667,49.0,26.66667,7.0,5.66667,12.0,19.33333,119.0,248.33333,39.33333,89.33333,0.444,8.66667,29.0,0.30067,21.66667,26.66667,0.85433,11.0,36.66667,47.66667,20.66667,6.33333,8.66667,15.0,18.33333,109.0,0,-0.13697,0.13697,0.30674,0.31116,0.49343,0.54001,0.57591,0.59427,1468.42931,1486.8397,0.50992,0.49008,1.99826,2.07511,0.33333,240.0,42.0,92.66667,0.453,14.33333,39.66667,0.368,15.66667,19.33333,0.81433,12.0,30.0,42.0,21.33333,9.0,4.66667,15.33333,20.0,114.0,240.0,42.0,85.33333,0.491,9.66667,26.66667,0.36367,22.0,26.0,0.842,9.33333,35.66667,45.0,23.0,10.0,4.33333,17.66667,17.0,115.66667,0,0.01905,-0.01905,0.32288,0.36357,0.54803,0.53065,0.6353,0.58815,1534.53174,1488.53039,0.43271,0.56729,2.34898,1.78166,0.66667,2.09,1.89333,4.25,1.26333
256.66667,37.66667,88.0,0.42767,12.66667,38.66667,0.32333,21.66667,28.66667,0.75367,10.66667,30.66667,41.33333,25.33333,8.0,5.33333,15.0,22.33333,109.66667,256.66667,43.0,86.0,0.49767,9.66667,26.0,0.38167,19.66667,24.66667,0.801,8.66667,36.33333,45.0,24.33333,9.33333,3.33333,18.0,25.0,115.33333,0,0.07592,-0.07592,0.29584,0.28947,0.55413,0.50041,0.62868,0.58275,1553.21841,1444.64582,0.35904,0.64096,2.8465,1.56944,0.66667,240.0,42.33333,84.33333,0.502,10.66667,30.66667,0.34167,20.0,25.66667,0.786,7.66667,32.0,39.66667,23.33333,10.0,4.0,11.33333,15.33333,115.33333,240.0,41.33333,83.66667,0.496,15.33333,36.33333,0.40233,14.0,16.66667,0.831,8.33333,33.66667,42.0,27.33333,4.66667,4.0,15.0,20.66667,112.0,0,-0.04688,0.04688,0.26064,0.23088,0.58819,0.56563,0.64426,0.64256,1492.47976,1502.49658,0.51062,0.48938,2.02722,2.12034,0.33333,5.96667,1.21,1.91333,2.41
240.0,39.66667,91.0,0.43567,10.0,32.33333,0.30733,12.66667,14.66667,0.862,13.33333,29.0,42.33333,24.66667,8.0,4.66667,13.66667,19.66667,102.0,240.0,43.0,84.33333,0.511,12.33333,33.66667,0.36333,16.66667,22.33333,0.74967,9.33333,33.33333,42.66667,28.33333,7.33333,5.0,14.33333,17.33333,115.0,0,0.17789,-0.17789,0.32406,0.40159,0.58393,0.49055,0.64536,0.5415,1519.17063,1543.15859,0.55421,0.44579,1.8452,2.31479,1.0,240.0,39.66667,93.0,0.426,7.66667,32.0,0.241,19.33333,28.66667,0.67233,12.66667,39.33333,52.0,19.66667,8.33333,3.66667,15.33333,23.66667,106.33333,240.0,38.33333,88.0,0.434,9.33333,31.33333,0.29933,22.66667,29.0,0.76767,9.33333,39.66667,49.0,23.0,9.33333,3.33333,15.0,22.33333,108.66667,0,0.02362,-0.02362,0.2475,0.31992,0.48643,0.46721,0.57397,0.53505,1404.91485,1483.93467,0.61714,0.38286,1.62745,2.64388,0.66667,2.21667,1.77333,1.69333,2.5
240.0,37.66667,83.0,0.456,9.33333,27.33333,0.341,13.66667,18.33333,0.728,9.66667,30.33333,40.0,23.0,6.66667,4.66667,12.0,17.0,98.33333,240.0,39.0,82.33333,0.474,10.33333,28.66667,0.35133,12.0,14.66667,0.82233,6.66667,32.0,38.66667,26.0,7.33333,3.66667,13.33333,18.33333,100.33333,0,0.03023,-0.03023,0.21991,0.29697,0.5365,0.51209,0.58642,0.56735,1517.83712,1586.14418,0.60201,0.39799,1.67471,2.56551,0.33333,240.0,39.0,91.0,0.42967,11.33333,36.33333,0.30967,15.66667,19.66667,0.793,13.66667,36.0,49.66667,25.0,7.33333,5.66667,13.0,18.66667,105.0,240.0,44.0,88.66667,0.49867,13.66667,37.33333,0.37033,12.33333,15.66667,0.784,6.33333,33.0,39.33333,25.66667,7.66667,6.33333,11.0,15.66667,114.0,0,0.11902,-0.11902,0.17279,0.4113,0.57577,0.4922,0.62,0.55182,1539.22068,1481.3843,0.42363,0.57637,2.49518,1.80617,0.66667,1.42,3.18333,4.75667,1.46667
240.0,43.33333,82.33333,0.526,14.33333,32.66667,0.44667,19.0,25.0,0.75933,9.66667,31.33333,41.0,27.0,7.0,3.33333,13.33333,16.0,120.0,240.0,46.66667,87.33333,0.538,23.33333,44.66667,0.52133,11.66667,16.0,0.72567,7.33333,29.0,36.33333,32.33333,5.66667,4.66667,10.66667,21.0,128.33333,0,0.09268,-0.09268,0.23268,0.3367,0.6723,0.61307,0.71018,0.68337,1497.20976,1486.61108,0.50039,0.49961,2.02957,2.03047,0.66667,240.0,41.0,86.66667,0.47367,12.33333,29.66667,0.416,10.33333,12.66667,0.814,10.0,29.66667,39.66667,27.0,6.66667,4.66667,11.0,18.66667,104.66667,240.0,41.66667,85.33333,0.489,10.66667,31.0,0.33867,14.0,17.66667,0.817,9.0,30.33333,39.33333,25.33333,6.33333,4.33333,10.66667,15.66667,108.0,0,0.04322,-0.04322,0.30312,0.32915,0.5512,0.54475,0.60544,0.58558,1456.84033,1544.49174,0.62952,0.37048,1.59277,2.72251,0.66667,2.02,1.89,1.44,3.03333
240.0,42.0,91.33333,0.45933,16.33333,39.66667,0.40933,11.0,16.33333,0.67233,8.33333,39.66667,48.0,30.66667,6.66667,3.33333,14.33333,19.0,111.33333,240.0,39.0,92.0,0.42233,12.33333,32.66667,0.369,16.33333,19.0,0.857,8.66667,38.66667,47.33333,24.66667,7.0,6.33333,12.33333,17.0,106.66667,0,-0.06913,0.06913,0.21826,0.21541,0.48908,0.54818,0.5535,0.58566,1466.7481,1521.05962,0.56377,0.43623,1.78394,2.31739,0.66667,240.0,42.66667,93.66667,0.454,13.0,40.66667,0.32033,11.66667,16.33333,0.70033,9.0,31.66667,40.66667,26.33333,10.66667,4.0,9.33333,16.33333,110.0,240.0,44.33333,91.66667,0.484,14.66667,37.0,0.39233,13.0,14.33333,0.88333,11.66667,40.0,51.66667,23.66667,5.0,5.0,16.66667,17.33333,116.33333,0,0.08828,-0.08828,0.36852,0.22652,0.56413,0.52333,0.61413,0.5641,1498.04725,1458.87579,0.45459,0.54541,2.24848,1.85755,0.66667,1.80333,2.16333,1.86333,2.08667
248.33333,40.33333,95.0,0.42467,7.66667,26.33333,0.29333,18.66667,24.66667,0.75967,13.0,34.0,47.0,22.66667,8.66667,3.33333,16.0,25.66667,107.0,248.33333,42.0,86.33333,0.486,13.33333,31.66667,0.41633,24.66667,30.66667,0.82333,8.33333,35.66667,44.0,30.0,8.66667,8.33333,14.33333,23.33333,122.0,1,0.18764,-0.18764,0.25533,0.36586,0.56284,0.46517,0.65483,0.5327,1557.24726,1382.87056,0.28275,0.71725,3.59678,1.39798,0.66667,240.0,44.33333,88.0,0.5,13.33333,36.0,0.369,16.0,19.33333,0.807,9.0,44.33333,53.33333,25.0,9.0,3.66667,16.33333,23.0,118.0,240.0,30.66667,87.33333,0.34933,10.66667,45.0,0.238,20.66667,26.66667,0.75433,10.33333,31.66667,42.0,18.0,7.0,3.66667,15.0,20.0,92.66667,1,-0.34321,0.34321,0.23194,0.29565,0.41008,0.5771,0.49776,0.63774,1435.20855,1489.81726,0.5505,0.4495,1.83132,2.25029,0.0,5.48333,1.17,1.75667,2.17
240.0,49.33333,88.0,0.56133,21.0,42.0,0.49467,13.0,15.66667,0.80533,7.0,32.0,39.0,31.33333,6.66667,4.33333,12.66667,14.0,132.66667,240.0,47.66667,91.33333,0.52167,12.33333,34.66667,0.35367,14.33333,16.66667,0.882,8.0,29.33333,37.33333,25.66667,6.33333,5.0,10.66667,14.33333,122.0,1,-0.12107,0.12107,0.27776,0.24316,0.58967,0.68117,0.64293,0.72674,1494.61071,1536.42175,0.5386,0.4614,1.89736,2.25072,0.0,256.66667,43.0,96.66667,0.44967,10.33333,32.66667,0.31867,13.66667,17.33333,0.79433,9.33333,35.33333,44.66667,28.66667,8.66667,3.33333,14.0,23.66667,110.0,256.66667,43.0,89.66667,0.48033,8.33333,34.33333,0.241,21.66667,28.66667,0.763,9.66667,40.0,49.66667,25.33333,7.33333,7.33333,16.33333,16.66667,116.0,1,0.07714,-0.07714,0.29511,0.22393,0.5266,0.50432,0.60491,0.55408,1607.4814,1457.54041,0.30371,0.69629,3.33699,1.44029,1.0,2.28333,2.13333,5.58333,1.18
240.0,45.66667,94.0,0.486,8.33333,27.33333,0.31867,16.66667,22.0,0.74733,11.0,39.0,50.0,25.0,11.0,2.0,13.66667,24.66667,116.33333,240.0,33.0,81.66667,0.405,9.0,39.66667,0.23233,23.66667,31.0,0.75067,7.33333,32.66667,40.0,16.33333,7.0,5.0,18.33333,20.33333,98.66667,1,-0.22898,0.22898,0.18177,0.34665,0.46041,0.53014,0.55946,0.58799,1428.0124,1491.98642,0.58171,0.41829,1.72318,2.4009,0.33333,240.0,44.0,92.66667,0.47567,12.0,36.66667,0.32567,19.66667,27.0,0.741,10.33333,34.0,44.33333,23.0,8.33333,7.33333,15.66667,25.66667,119.66667,240.0,45.33333,92.0,0.49433,13.33333,32.0,0.41633,25.66667,33.0,0.77667,11.33333,38.33333,49.66667,27.66667,9.0,3.66667,14.66667,22.66667,129.66667,1,0.11787,-0.11787,0.3295,0.26891,0.56703,0.54003,0.65497,0.60784,1417.40564,1456.08125,0.5737,0.4263,1.79146,2.46827,1.0,2.09667,1.94667,2.04,1.98
256.66667,38.66667,85.0,0.45333,13.0,36.0,0.354,22.66667,27.33333,0.829,7.0,32.66667,39.66667,23.66667,8.33333,4.0,15.0,24.0,113.0,256.66667,42.66667,86.0,0.49367,8.33333,24.66667,0.352,20.33333,27.33333,0.73833,8.0,35.66667,43.66667,25.33333,9.66667,4.66667,15.33333,23.0,114.0,0,0.00832,-0.00832,0.25522,0.20044,0.54237,0.52972,0.61729,0.61971,1538.45904,1447.28637,0.37209,0.62791,2.77433,1.60905,0.66667,240.0,45.33333,83.66667,0.53767,17.33333,36.0,0.482,15.66667,19.0,0.81833,8.33333,32.0,40.33333,27.0,10.0,3.66667,18.33333,19.33333,123.66667,240.0,43.66667,88.33333,0.49433,16.0,35.33333,0.45,18.33333,23.0,0.79967,11.66667,29.0,40.66667,29.33333,11.33333,2.0,15.66667,18.0,121.66667,0,-0.01657,0.01657,0.38861,0.31224,0.58393,0.64148,0.65125,0.70159,1492.81462,1471.63795,0.47245,0.52755,2.13658,1.91079,0.66667,5.4,1.34,2.44,1.68
240.0,38.33333,85.33333,0.44733,11.66667,38.0,0.304,16.0,19.66667,0.808,8.33333,35.33333,43.66667,25.0,8.0,4.0,15.0,21.0,104.33333,240.0,39.33333,84.33333,0.466,14.0,42.66667,0.34333,17.66667,23.0,0.76967,8.33333,34.66667,43.0,27.0,7.66667,2.66667,13.33333,21.0,110.33333,0,0.07743,-0.07743,0.23806,0.24236,0.54883,0.51717,0.61656,0.58162,1572.18875,1461.80727,0.35684,0.64316,2.97014,1.59071,0.66667,240.0,41.66667,95.0,0.43967,13.0,34.0,0.37733,16.0,19.33333,0.826,12.0,35.66667,47.66667,24.33333,8.66667,4.66667,15.0,18.66667,112.33333,240.0,43.66667,88.66667,0.49267,15.33333,40.33333,0.37467,16.33333,19.33333,0.834,6.33333,34.33333,40.66667,29.33333,7.0,7.33333,14.66667,19.33333,119.0,0,0.09365,-0.09365,0.1774,0.34751,0.57925,0.5081,0.64042,0.56695,1521.28222,1444.33823,0.39008,0.60992,2.63479,1.66149,0.66667,2.19667,2.15333,3.77333,1.61
240.0,38.66667,86.33333,0.44733,9.0,26.0,0.359,14.66667,19.33333,0.73967,10.33333,35.0,45.33333,18.33333,5.66667,4.66667,13.0,19.33333,101.0,240.0,40.66667,89.33333,0.456,10.66667,39.33333,0.268,15.0,19.33333,0.76733,10.0,33.66667,43.66667,26.33333,6.66667,3.0,9.0,15.66667,107.0,0,0.08476,-0.08476,0.28609,0.30903,0.5154,0.49956,0.57186,0.55717,1512.21507,1475.98812,0.45771,0.54229,2.23833,1.8704,0.66667,248.33333,37.0,89.33333,0.41367,14.66667,37.0,0.38633,20.33333,25.0,0.81367,13.0,31.33333,44.33333,23.33333,6.33333,6.0,15.0,19.66667,109.0,248.33333,40.66667,86.66667,0.469,15.66667,39.0,0.4,17.33333,23.33333,0.74567,9.33333,37.33333,46.66667,26.33333,9.33333,5.33333,14.66667,22.33333,114.33333,0,0.07529,-0.07529,0.30038,0.34993,0.55866,0.49495,0.62202,0.57321,1450.81808,1456.54867,0.51955,0.48045,1.93065,2.08955,0.33333,3.48333,1.52,3.85,1.3
248.33333,39.33333,89.33333,0.43967,12.0,34.66667,0.334,16.33333,19.66667,0.82633,8.33333,36.66667,45.0,27.66667,8.0,3.33333,14.33333,22.33333,107.0,248.33333,41.33333,86.33333,0.47933,10.66667,33.66667,0.33267,17.66667,22.33333,0.77367,6.66667,36.0,42.66667,25.66667,8.66667,5.33333,13.66667,15.66667,111.0,0,0.05111,-0.05111,0.18339,0.23476,0.54121,0.51036,0.60804,0.57539,1545.99451,1434.9009,0.35037,0.64963,2.94196,1.55238,1.0,240.0,42.33333,88.0,0.48167,13.33333,37.33333,0.354,16.66667,19.66667,0.846,6.0,36.33333,42.33333,26.33333,7.0,6.0,12.66667,17.33333,114.66667,240.0,41.0,91.0,0.45033,15.0,39.66667,0.37,16.0,20.66667,0.795,10.33333,38.33333,48.66667,27.0,9.66667,4.66667,14.66667,17.0,113.0,0,-0.0298,0.0298,0.28564,0.15558,0.53145,0.55784,0.59093,0.62336,1575.84189,1546.05614,0.45536,0.54464,2.20442,1.84113,0.33333,5.83333,1.2,3.7,1.31667
240.0,43.33333,92.66667,0.46767,15.33333,39.33333,0.38733,13.33333,19.66667,0.716,10.0,31.33333,41.33333,27.0,10.33333,4.0,12.33333,19.0,115.33333,240.0,43.33333,87.33333,0.49567,12.33333,33.66667,0.36633,17.66667,22.33333,0.77967,8.66667,36.33333,45.0,27.66667,7.33333,4.66667,15.33333,16.0,116.66667,0,0.01359,-0.01359,0.27761,0.27781,0.56643,0.55054,0.63145,0.59435,1442.05151,1399.99366,0.43977,0.56023,2.27413,1.7851,0.66667,240.0,39.0,87.66667,0.44567,16.0,45.66667,0.34067,15.66667,20.66667,0.76367,8.66667,35.0,43.66667,24.66667,6.66667,6.0,13.66667,18.33333,109.66667,240.0,44.66667,97.66667,0.45833,15.0,37.33333,0.398,15.33333,18.66667,0.83867,14.33333,35.66667,50.0,25.0,6.66667,4.66667,10.66667,19.0,119.66667,0,0.14849,-0.14849,0.40775,0.24115,0.53629,0.53716,0.59016,0.59599,1495.02636,1507.51546,0.53355,0.46645,1.93407,2.24546,0.66667,3.03667,1.70667,1.62667,2.7
240.0,43.33333,90.66667,0.48033,16.66667,40.66667,0.40967,14.0,20.33333,0.674,7.0,33.33333,40.33333,27.66667,8.33333,5.66667,11.66667,23.66667,117.33333,240.0,42.33333,89.33333,0.47467,11.66667,34.33333,0.339,23.33333,26.66667,0.89067,10.66667,36.33333,47.0,24.66667,4.66667,4.0,15.0,20.33333,119.66667,0,0.02711,-0.02711,0.32231,0.19069,0.53995,0.57258,0.62933,0.61974,1493.3155,1397.08386,0.36876,0.63124,2.7665,1.59505,0.66667,240.0,36.33333,85.33333,0.427,10.66667,37.0,0.29667,23.33333,27.33333,0.84633,9.66667,34.33333,44.0,19.66667,5.33333,4.0,10.33333,17.0,106.66667,240.0,41.66667,84.66667,0.492,15.0,34.66667,0.43667,17.33333,21.66667,0.79133,8.0,35.33333,43.33333,22.0,5.66667,4.0,9.0,21.0,115.66667,0,0.11433,-0.11433,0.23446,0.27341,0.58088,0.48964,0.64637,0.58509,1501.80333,1479.4281,0.48522,0.51478,2.06752,1.94853,0.66667,3.78333,1.39333,1.68333,2.35
248.33333,43.0,92.33333,0.46467,11.0,32.66667,0.33333,11.66667,15.0,0.80433,8.33333,39.33333,47.66667,29.33333,8.0,3.33333,14.33333,19.0,108.66667,248.33333,39.66667,90.66667,0.436,15.33333,46.0,0.33367,13.33333,18.0,0.73567,9.33333,35.0,44.33333,28.66667,7.33333,3.33333,15.0,18.0,108.0,1,-0.01071,0.01071,0.23983,0.23917,0.52021,0.52338,0.56926,0.56733,1508.11899,1456.80043,0.42883,0.57117,2.44893,1.80551,0.33333,240.0,44.66667,95.33333,0.469,15.0,40.33333,0.367,9.66667,16.0,0.61967,13.33333,33.66667,47.0,25.66667,9.0,5.33333,12.33333,18.0,114.0,240.0,42.66667,90.0,0.47333,12.33333,34.0,0.36133,15.0,21.0,0.70133,9.0,37.0,46.0,26.66667,7.33333,1.66667,13.0,16.33333,112.66667,1,-0.0187,0.0187,0.27288,0.36012,0.54151,0.5475,0.59532,0.57671,1436.53881,1500.54315,0.58162,0.41838,1.78417,2.55764,0.66667,2.09,1.81,1.56667,4.04667
240.0,36.0,89.0,0.40467,13.0,34.66667,0.37667,16.33333,22.66667,0.71467,9.66667,38.33333,48.0,21.0,7.33333,4.66667,11.66667,15.33333,101.33333,240.0,39.0,89.33333,0.437,16.66667,45.0,0.36633,16.0,17.66667,0.884,9.0,40.33333,49.33333,24.66667,6.66667,5.66667,12.0,19.66667,110.66667,1,0.12708,-0.12708,0.23643,0.24247,0.53022,0.47791,0.59378,0.5403,1516.36697,1428.51724,0.3867,0.6133,2.59519,1.63269,1.0,240.0,41.66667,89.33333,0.46633,11.0,29.33333,0.38467,20.33333,26.0,0.78167,12.0,38.33333,50.33333,27.33333,5.33333,5.66667,13.0,20.33333,114.66667,240.0,43.0,94.0,0.45833,13.66667,38.0,0.36133,15.66667,22.0,0.70433,10.0,32.66667,42.66667,25.66667,6.0,5.66667,9.33333,19.33333,115.33333,1,0.00836,-0.00836,0.27242,0.36743,0.53089,0.52789,0.58448,0.60406,1436.41927,1536.03851,0.63731,0.36269,1.56946,2.75912,0.66667,3.43333,1.36,1.73,2.25333
240.0,41.33333,91.33333,0.45233,9.0,24.66667,0.369,12.33333,17.66667,0.69967,12.33333,40.33333,52.66667,21.0,8.0,4.33333,14.0,21.66667,104.0,240.0,34.33333,82.33333,0.414,9.66667,34.33333,0.28533,19.0,25.0,0.73633,7.0,33.66667,40.66667,22.0,7.0,4.66667,11.0,15.33333,97.33333,0,-0.0952,0.0952,0.1727,0.3643,0.47558,0.50243,0.55781,0.54662,1445.89631,1484.50265,0.54367,0.45633,1.85166,2.21449,0.33333,240.0,44.33333,90.0,0.49233,14.66667,35.0,0.41467,16.66667,19.33333,0.83733,9.0,33.33333,42.33333,29.0,9.66667,6.33333,9.66667,17.33333,120.0,240.0,40.0,88.33333,0.45633,10.33333,30.66667,0.33233,17.33333,21.0,0.87133,11.33333,36.0,47.33333,22.66667,4.66667,5.33333,14.0,18.0,107.66667,0,-0.16634,0.16634,0.33824,0.25411,0.5156,0.57578,0.5825,0.63871,1433.75857,1500.54294,0.57694,0.42306,1.73738,2.37506,0.33333,2.24,1.84,1.65,2.45
240.0,38.0,90.0,0.422,9.66667,41.0,0.23467,20.66667,28.33333,0.713,11.0,30.33333,41.33333,21.33333,6.33333,4.66667,13.0,20.66667,106.33333,240.0,46.66667,90.0,0.51867,12.0,29.66667,0.40533,22.0,27.33333,0.80833,9.66667,39.0,48.66667,25.66667,8.33333,4.0,10.33333,21.66667,127.33333,0,0.26409,-0.26409,0.34338,0.28108,0.58536,0.47532,0.66313,0.55186,1474.21639,1459.65652,0.51512,0.48488,1.95524,2.08005,1.0,240.0,41.66667,90.66667,0.45967,12.0,32.0,0.37267,16.33333,21.66667,0.76833,11.0,30.33333,41.33333,19.33333,6.33333,3.33333,13.0,18.66667,111.66667,240.0,42.66667,86.66667,0.49133,8.66667,26.33333,0.32967,18.0,24.0,0.75533,9.33333,32.66667,42.0,23.33333,9.33333,4.66667,14.66667,18.0,112.0,0,0.00275,-0.00275,0.32037,0.35308,0.54127,0.52573,0.6085,0.58496,1531.91258,1537.58688,0.50581,0.49419,2.02379,2.07232,0.66667,2.39333,1.72333,3.34,1.69667
240.0,44.0,87.33333,0.50333,14.33333,36.33333,0.388,11.66667,14.66667,0.78333,8.66667,31.66667,40.33333,27.66667,6.0,4.33333,14.33333,19.66667,114.0,240.0,41.66667,86.0,0.48433,11.66667,32.33333,0.36033,20.0,23.33333,0.854,8.33333,32.66667,41.0,24.66667,9.0,4.33333,11.33333,17.66667,115.0,1,0.01983,-0.01983,0.27209,0.26236,0.55218,0.58493,0.63107,0.6295,1472.4925,1544.41834,0.60748,0.39252,1.64697,2.55069,0.33333,240.0,42.33333,85.0,0.49433,17.33333,41.33333,0.42467,15.33333,19.33333,0.77133,10.0,33.66667,43.66667,28.33333,9.0,4.66667,19.33333,22.0,117.33333,240.0,42.0,87.0,0.48333,10.0,25.66667,0.377,20.66667,24.66667,0.849,9.66667,32.0,41.66667,24.66667,12.0,2.66667,14.0,16.33333,114.66667,1,-0.01362,0.01362,0.28946,0.33384,0.5413,0.59676,0.62118,0.65529,1490.88559,1455.99615,0.44389,0.55611,2.25605,1.79979,0.66667,1.82,2.17,2.60667,1.62
240.0,40.33333,92.0,0.439,13.66667,34.0,0.40333,14.0,20.0,0.70767,11.0,37.0,48.0,22.0,7.33333,3.66667,11.66667,14.33333,108.33333,240.0,39.66667,87.0,0.45767,16.66667,43.0,0.385,13.66667,16.66667,0.81133,8.66667,38.66667,47.33333,26.66667,6.66667,4.33333,14.33333,18.33333,109.66667,0,0.02434,-0.02434,0.23643,0.28923,0.55293,0.51331,0.6058,0.56236,1483.02781,1423.00509,0.41303,0.58697,2.45724,1.71666,0.66667,240.0,41.66667,81.33333,0.513,10.33333,26.0,0.39233,22.33333,29.33333,0.75367,9.0,28.66667,37.66667,21.66667,6.0,2.0,10.66667,18.66667,116.0,240.0,47.0,85.33333,0.553,12.0,26.66667,0.44733,15.33333,20.33333,0.76033,10.0,30.0,40.0,26.33333,7.33333,3.66667,11.33333,21.0,121.33333,0,0.06623,-0.06623,0.34287,0.30159,0.62305,0.57554,0.67754,0.66195,1542.79244,1519.09259,0.47337,0.52663,2.22624,1.96696,1.0,3.51667,1.34667,2.17,1.96333
240.0,44.33333,95.0,0.46867,11.66667,31.0,0.37467,15.33333,20.33333,0.75067,10.33333,30.33333,40.66667,25.33333,6.66667,4.33333,11.33333,20.33333,115.66667,240.0,45.66667,87.0,0.527,13.0,30.33333,0.432,21.33333,27.33333,0.79433,8.66667,36.33333,45.0,25.33333,7.0,6.0,13.0,19.33333,125.66667,0,0.11947,-0.11947,0.28492,0.27599,0.60151,0.53108,0.67714,0.58403,1540.78833,1406.43802,0.32512,0.67488,3.14374,1.49005,1.0,240.0,36.33333,85.33333,0.425,13.33333,35.33333,0.37733,22.33333,25.66667,0.86367,8.33333,33.66667,42.0,23.66667,6.66667,5.66667,12.0,20.33333,108.33333,240.0,37.66667,86.0,0.44033,11.33333,27.0,0.404,24.0,29.0,0.83167,13.0,35.66667,48.66667,20.33333,4.33333,5.0,11.33333,23.33333,110.66667,0,0.02911,-0.02911,0.38585,0.23905,0.50614,0.50357,0.60275,0.59482,1501.83034,1479.24104,0.47339,0.52661,2.19289,1.94448,0.66667,3.49,1.50667,1.91333,2.06667
240.0,44.33333,89.0,0.498,10.33333,30.0,0.347,16.33333,20.66667,0.77667,8.0,36.33333,44.33333,26.0,9.66667,4.66667,11.33333,17.0,115.33333,240.0,40.33333,91.33333,0.441,13.66667,36.66667,0.36867,14.33333,18.33333,0.798,10.66667,36.66667,47.33333,22.0,7.33333,4.66667,15.0,17.0,108.66667,0,-0.07973,0.07973,0.29665,0.22373,0.51605,0.55651,0.5695,0.61627,1483.58568,1488.99238,0.49186,0.50814,2.0801,2.01301,0.33333,240.0,35.66667,89.0,0.40133,9.0,36.33333,0.24433,12.0,18.0,0.667,11.0,36.33333,47.33333,16.33333,6.33333,3.66667,13.0,21.33333,92.33333,240.0,36.33333,84.0,0.432,12.0,38.0,0.32,15.0,20.0,0.77,6.66667,40.0,46.66667,18.0,6.33333,2.66667,12.33333,16.0,99.66667,0,0.11543,-0.11543,0.18535,0.28979,0.50331,0.45237,0.56327,0.49768,1469.48078,1473.49486,0.51632,0.48368,1.97494,2.10779,1.0,1.88333,2.05,2.37,1.74667
240.0,39.33333,84.0,0.46967,8.66667,25.66667,0.35233,25.0,30.66667,0.822,10.33333,30.33333,40.66667,21.33333,7.0,4.0,11.66667,19.0,112.33333,240.0,44.33333,82.0,0.54167,14.0,34.66667,0.404,18.66667,22.0,0.85067,5.33333,30.33333,35.66667,22.66667,7.33333,4.0,12.66667,22.0,121.33333,1,0.1103,-0.1103,0.17618,0.34101,0.62635,0.52133,0.69812,0.62217,1582.54421,1537.03765,0.44754,0.55246,2.28188,1.83152,1.0,240.0,36.33333,83.0,0.438,13.33333,37.33333,0.356,21.0,27.33333,0.767,7.33333,35.0,42.33333,25.33333,7.33333,6.66667,12.66667,21.66667,107.0,240.0,39.66667,87.33333,0.456,12.0,35.33333,0.341,21.0,23.66667,0.89433,8.0,33.66667,41.66667,25.33333,6.33333,4.33333,12.0,22.66667,112.33333,1,0.07243,-0.07243,0.22759,0.21865,0.525,0.51887,0.60871,0.60235,1540.64927,1458.20156,0.39431,0.60569,2.62081,1.67304,0.66667,2.60667,1.81,2.85667,1.67
240.0,43.33333,90.0,0.483,17.33333,39.66667,0.437,13.66667,17.33333,0.80067,11.33333,40.66667,52.0,24.33333,4.66667,5.66667,14.66667,18.66667,117.66667,240.0,39.0,98.33333,0.39567,9.33333,31.66667,0.29333,15.0,18.0,0.831,13.33333,31.33333,44.66667,22.66667,8.66667,3.0,9.0,18.0,102.33333,1,-0.20196,0.20196,0.33341,0.3501,0.44258,0.57993,0.49891,0.62941,1516.72171,1613.39157,0.61154,0.38846,1.6415,2.59926,0.0,240.0,45.0,92.66667,0.48533,8.33333,30.0,0.28233,15.66667,20.66667,0.757,10.33333,33.33333,43.66667,25.66667,5.33333,4.66667,11.66667,22.0,114.0,240.0,43.33333,90.66667,0.48133,12.0,30.0,0.396,22.33333,26.33333,0.84367,11.66667,34.66667,46.33333,27.0,7.0,3.33333,10.33333,19.66667,121.0,1,0.0833,-0.0833,0.34579,0.29761,0.54895,0.53067,0.63162,0.58658,1598.26227,1428.40437,0.28147,0.71853,3.59329,1.39391,0.66667,1.31667,3.88333,3.45667,1.82667
240.0,38.33333,88.33333,0.43433,7.0,30.66667,0.229,23.0,31.0,0.741,11.33333,38.33333,49.66667,22.66667,7.33333,4.0,14.66667,19.33333,106.66667,240.0,38.33333,95.66667,0.40233,14.33333,40.33333,0.354,19.33333,25.0,0.774,15.0,38.0,53.0,21.0,7.33333,5.33333,13.0,24.33333,110.33333,1,0.05021,-0.05021,0.39168,0.30211,0.47598,0.47353,0.54636,0.56064,1497.37605,1417.64218,0.39515,0.60485,2.54157,1.65631,0.33333,240.0,37.66667,80.66667,0.46867,12.66667,32.0,0.38733,15.33333,22.0,0.70333,8.0,32.33333,40.33333,26.0,8.66667,2.66667,14.66667,21.0,103.33333,240.0,38.66667,84.0,0.46033,9.0,35.0,0.252,16.0,21.33333,0.76433,9.66667,33.33333,43.0,24.0,7.0,4.66667,16.0,16.33333,102.33333,1,-0.01753,0.01753,0.3193,0.24087,0.51385,0.54783,0.57605,0.60634,1594.41537,1500.50021,0.36591,0.63409,2.7645,1.58347,0.33333,2.35,1.71667,2.91667,1.52
240.0,39.33333,84.0,0.47233,9.66667,29.0,0.333,26.0,29.33333,0.88833,10.66667,29.33333,40.0,19.0,9.0,4.66667,12.66667,17.0,114.33333,240.0,44.0,86.33333,0.509,13.66667,33.33333,0.40767,17.66667,21.33333,0.80133,10.0,31.0,41.0,23.33333,7.33333,7.0,14.0,23.33333,119.33333,0,0.06266,-0.06266,0.34111,0.34096,0.58834,0.5298,0.65588,0.63562,1517.78082,1516.88704,0.5102,0.4898,1.96094,2.04268,0.66667,240.0,45.33333,81.66667,0.55533,14.66667,31.0,0.473,15.0,21.33333,0.708,5.66667,33.33333,39.0,23.66667,9.33333,2.33333,12.33333,18.33333,120.33333,240.0,39.0,84.33333,0.46233,8.66667,31.33333,0.27667,14.33333,20.66667,0.69433,11.66667,27.0,38.66667,24.33333,7.0,3.0,15.33333,17.0,101.0,0,-0.25246,0.25246,0.35769,0.21726,0.51415,0.64496,0.56842,0.69716,1384.51307,1529.35887,0.66934,0.33066,1.51064,3.14163,0.0,2.21667,1.77333,1.34667,4.26667
248.33333,45.0,90.0,0.50033,9.33333,23.66667,0.406,19.0,24.66667,0.765,7.0,35.33333,42.33333,27.0,7.66667,2.33333,13.33333,20.33333,118.33333,248.33333,46.66667,94.33333,0.49333,16.33333,40.0,0.412,13.33333,18.0,0.71233,10.33333,34.66667,45.0,26.0,7.33333,7.66667,16.0,23.66667,123.0,0,0.05278,-0.05278,0.29369,0.20595,0.58078,0.5521,0.62719,0.62024,1581.13472,1413.10555,0.28185,0.71815,3.55715,1.39303,0.33333,240.0,39.0,85.33333,0.462,11.0,33.33333,0.33067,25.33333,28.33333,0.89667,9.66667,29.66667,39.33333,22.0,10.0,4.66667,11.66667,18.0,114.33333,240.0,44.0,86.0,0.511,11.0,29.33333,0.37733,18.66667,22.0,0.817,9.0,33.0,42.0,24.0,6.66667,7.0,15.0,22.66667,117.66667,0,0.04271,-0.04271,0.3065,0.29655,0.57455,0.52623,0.64791,0.62852,1518.83619,1524.6923,0.51597,0.48403,1.94063,2.06922,0.66667,4.76667,1.25333,2.35,1.66
240.0,43.0,86.33333,0.49967,12.66667,33.66667,0.38333,17.33333,20.0,0.85633,8.33333,30.33333,38.66667,21.66667,10.66667,3.66667,15.66667,17.33333,116.0,240.0,45.33333,88.66667,0.51167,21.66667,47.33333,0.44867,15.33333,20.66667,0.75,11.33333,32.66667,44.0,31.33333,8.66667,5.0,17.33333,20.66667,127.66667,0,0.13906,-0.13906,0.3964,0.25907,0.63422,0.57304,0.68608,0.64031,1586.66622,1484.65398,0.38408,0.61592,2.80969,1.68266,0.66667,248.33333,43.66667,95.0,0.46033,12.33333,35.0,0.346,15.0,17.33333,0.87233,10.0,37.66667,47.66667,27.33333,9.0,4.33333,15.0,20.33333,114.66667,248.33333,44.33333,91.0,0.48833,14.66667,41.0,0.35667,18.66667,22.33333,0.838,6.33333,34.33333,40.66667,30.33333,8.33333,5.66667,14.33333,19.0,122.0,0,0.10011,-0.10011,0.16549,0.29346,0.56853,0.52528,0.63708,0.58096,1520.38524,1456.05828,0.40752,0.59248,2.51416,1.70711,0.66667,4.65,1.35333,2.99667,1.84
240.0,39.0,91.33333,0.42733,7.66667,28.33333,0.28133,19.66667,27.33333,0.72433,13.0,30.33333,43.33333,23.33333,5.66667,4.66667,14.33333,22.0,105.33333,240.0,45.33333,85.33333,0.53167,14.0,33.66667,0.416,25.33333,30.0,0.828,8.33333,35.33333,43.66667,26.0,7.66667,6.0,11.66667,22.66667,130.0,0,0.30696,-0.30696,0.27772,0.36878,0.61388,0.46943,0.70795,0.54142,1550.75125,1399.00755,0.32129,0.67871,3.23333,1.48413,1.0,240.0,42.33333,91.33333,0.46467,14.66667,35.33333,0.41567,17.33333,21.66667,0.80633,11.0,37.33333,48.33333,23.33333,6.33333,5.0,14.33333,17.33333,116.66667,240.0,41.0,87.0,0.471,14.66667,40.33333,0.35667,15.0,20.0,0.74867,6.66667,33.0,39.66667,28.0,7.0,5.33333,13.66667,19.33333,111.66667,0,-0.05617,0.05617,0.17966,0.33378,0.55554,0.5448,0.61081,0.60832,1513.18453,1492.54716,0.45925,0.54075,2.24627,1.88533,0.33333,4.2,1.31333,2.51,1.95333
240.0,43.66667,91.0,0.47933,13.0,35.66667,0.361,13.33333,15.66667,0.85067,11.33333,31.0,42.33333,26.0,7.33333,6.33333,12.33333,20.66667,113.66667,240.0,42.33333,86.0,0.49233,14.66667,36.66667,0.404,21.0,26.33333,0.80233,9.66667,34.66667,44.33333,29.0,6.33333,3.66667,13.33333,17.66667,120.33333,1,0.08743,-0.08743,0.31525,0.32751,0.57778,0.55034,0.65579,0.60117,1456.60001,1547.56876,0.63437,0.36563,1.58558,2.78154,1.0,240.0,47.0,87.33333,0.53967,14.33333,30.0,0.459,14.33333,20.66667,0.70033,9.0,38.66667,47.66667,25.0,6.66667,5.0,11.0,19.33333,122.66667,240.0,40.33333,90.0,0.44833,7.0,23.33333,0.31933,13.33333,18.0,0.743,8.33333,29.33333,37.66667,21.66667,6.33333,5.33333,10.66667,17.33333,101.0,1,-0.28087,0.28087,0.21734,0.30951,0.48707,0.62488,0.53763,0.67199,1430.74205,1585.60971,0.68617,0.31383,1.45797,3.19302,0.0,1.82333,2.12333,1.17667,5.41667
240.0,40.66667,90.0,0.45133,11.33333,36.0,0.31367,16.33333,20.33333,0.82533,8.33333,32.0,40.33333,23.0,6.0,6.0,9.66667,19.33333,109.0,240.0,41.66667,89.33333,0.46633,16.66667,42.33333,0.39167,17.33333,21.33333,0.797,13.66667,37.0,50.66667,24.0,7.0,5.33333,13.33333,21.0,117.33333,0,0.11115,-0.11115,0.42708,0.23388,0.55965,0.5141,0.62414,0.57594,1576.43434,1461.9534,0.35051,0.64949,2.85629,1.5402,0.66667,240.0,40.33333,91.66667,0.44033,12.33333,40.0,0.30133,15.66667,17.66667,0.88667,10.0,28.33333,38.33333,23.66667,8.0,5.0,15.33333,20.66667,108.66667,240.0,42.66667,87.33333,0.48767,9.66667,24.66667,0.38833,23.0,27.66667,0.82867,12.0,38.33333,50.33333,24.33333,9.66667,5.66667,16.66667,18.0,118.0,0,0.11829,-0.11829,0.42835,0.26229,0.54363,0.50812,0.63238,0.56931,1538.50076,1485.04774,0.44168,0.55832,2.29905,1.80869,1.0,2.14,1.81,3.61667,1.33
240.0,41.66667,90.0,0.463,16.66667,42.33333,0.391,13.66667,18.0,0.75767,11.66667,32.0,43.66667,22.33333,6.0,7.0,11.66667,19.66667,113.66667,240.0,43.33333,91.0,0.47433,13.66667,32.66667,0.419,19.66667,24.66667,0.80767,12.66667,34.0,46.66667,25.66667,5.66667,3.0,9.66667,14.66667,120.0,0,0.07747,-0.07747,0.44114,0.34336,0.54913,0.55489,0.62095,0.60467,1505.23834,1505.8768,0.50662,0.49338,2.03159,2.08227,0.33333,240.0,37.33333,90.33333,0.41433,8.0,32.33333,0.24767,15.66667,22.0,0.72333,12.66667,35.66667,48.33333,26.0,6.33333,4.66667,13.0,21.0,98.33333,240.0,43.33333,85.66667,0.50633,15.0,41.0,0.366,15.66667,21.66667,0.71633,6.66667,35.66667,42.33333,27.66667,8.0,6.33333,11.0,18.66667,117.33333,0,0.24399,-0.24399,0.18336,0.35925,0.59398,0.45845,0.64845,0.51722,1548.62034,1480.01527,0.43121,0.56879,2.47307,1.8504,1.0,2.35,1.96333,4.72333,1.53333
240.0,43.66667,90.66667,0.48367,13.0,33.0,0.397,17.66667,24.0,0.73067,9.0,29.33333,38.33333,26.33333,8.0,3.33333,14.33333,21.66667,118.0,240.0,46.33333,88.66667,0.523,15.66667,34.66667,0.44867,23.33333,29.33333,0.807,11.0,35.66667,46.66667,25.33333,8.0,4.0,13.66667,19.33333,131.66667,1,0.15699,-0.15699,0.37731,0.24331,0.61176,0.55605,0.69344,0.61786,1545.20502,1400.60636,0.31886,0.68114,3.18644,1.47359,1.0,240.0,42.33333,87.33333,0.48533,11.33333,32.0,0.35867,15.33333,18.0,0.86533,12.0,27.66667,39.66667,26.33333,7.66667,4.33333,10.66667,19.0,111.33333,240.0,43.33333,84.33333,0.51433,11.66667,30.66667,0.371,15.0,20.0,0.75033,10.33333,28.66667,39.0,27.66667,6.0,6.33333,11.66667,17.33333,113.33333,1,0.01564,-0.01564,0.36642,0.42222,0.58343,0.55047,0.63889,0.61053,1448.87633,1508.22826,0.58963,0.41037,1.69869,2.44439,0.66667,3.51667,1.48,1.48333,2.8
240.0,41.66667,91.0,0.457,16.33333,40.33333,0.40333,11.66667,17.0,0.683,9.33333,35.33333,44.66667,28.66667,8.66667,2.33333,12.33333,16.66667,111.33333,240.0,38.33333,85.0,0.45133,15.33333,35.66667,0.41733,13.66667,15.66667,0.87267,6.66667,40.0,46.66667,24.33333,5.33333,5.0,17.0,19.0,105.66667,1,-0.08307,0.08307,0.18519,0.23486,0.54346,0.54629,0.59965,0.58684,1466.57219,1525.66226,0.57059,0.42941,1.76079,2.3501,0.66667,240.0,34.0,85.0,0.40033,11.66667,37.0,0.32533,23.66667,27.66667,0.84967,10.0,33.66667,43.66667,19.33333,5.33333,4.66667,11.66667,20.0,103.33333,240.0,40.0,82.33333,0.484,11.66667,26.66667,0.42067,24.0,29.33333,0.819,8.33333,36.33333,44.66667,20.0,4.33333,4.66667,9.33333,22.66667,115.66667,1,0.1606,-0.1606,0.24859,0.27765,0.55433,0.46956,0.65074,0.56772,1506.65511,1455.19247,0.4484,0.5516,2.29172,1.8422,1.0,1.72667,2.25333,1.99333,1.9
248.33333,43.0,89.66667,0.48067,15.33333,39.33333,0.38867,13.66667,20.0,0.69133,10.0,33.33333,43.33333,26.33333,8.33333,5.0,8.0,16.66667,115.0,248.33333,41.33333,89.0,0.46533,12.66667,33.33333,0.375,11.0,15.66667,0.701,11.66667,34.66667,46.33333,25.0,4.0,3.66667,13.66667,16.33333,106.33333,1,-0.11332,0.11332,0.35852,0.2864,0.53568,0.56781,0.57541,0.61409,1554.77809,1546.68473,0.47401,0.52599,2.14938,1.93613,0.0,240.0,45.0,86.0,0.521,11.66667,32.0,0.361,16.33333,20.66667,0.771,8.33333,44.66667,53.0,24.66667,9.33333,4.66667,16.0,22.0,118.0,240.0,30.33333,85.0,0.35667,9.0,38.66667,0.24567,21.66667,28.0,0.75433,9.0,29.0,38.0,14.33333,9.0,4.66667,15.33333,19.33333,91.33333,1,-0.36412,0.36412,0.19865,0.29414,0.40934,0.58921,0.50306,0.65094,1409.01318,1462.34861,0.54448,0.45552,1.8578,2.22826,0.0,2.38,1.85,1.93333,2.02667
248.33333,43.0,91.66667,0.468,13.33333,34.33333,0.40433,24.33333,27.66667,0.87833,8.33333,36.33333,44.66667,30.33333,7.0,6.33333,10.33333,20.33333,123.66667,248.33333,43.33333,93.0,0.47033,11.0,31.0,0.358,22.0,25.66667,0.855,8.33333,34.0,42.33333,32.0,6.66667,6.0,11.0,21.33333,119.66667,0,-0.04547,0.04547,0.22716,0.24645,0.5285,0.54091,0.61027,0.6321,1478.53854,1543.69438,0.58428,0.41572,1.74449,2.52342,0.33333,240.0,38.33333,85.33333,0.44833,13.66667,36.0,0.38067,21.0,26.0,0.81433,7.33333,32.0,39.33333,26.33333,9.0,3.66667,13.66667,21.33333,111.33333,240.0,40.66667,87.33333,0.467,12.0,27.66667,0.41333,23.0,27.0,0.86167,12.66667,36.33333,49.0,21.0,5.33333,3.66667,14.0,23.66667,116.33333,0,0.0542,-0.0542,0.39371,0.2029,0.53513,0.52906,0.62693,0.6106,1498.11937,1437.68458,0.42307,0.57693,2.44951,1.77543,0.66667,1.85667,2.13667,1.96333,2.00667
248.33333,46.33333,94.33333,0.49167,11.0,35.33333,0.312,12.33333,14.66667,0.845,8.0,36.33333,44.33333,30.33333,7.66667,4.33333,12.33333,19.33333,116.0,248.33333,44.33333,91.0,0.48933,16.0,41.66667,0.39367,13.66667,19.0,0.70833,9.66667,33.33333,43.0,30.66667,7.33333,1.33333,14.33333,19.66667,118.33333,1,0.02713,-0.02713,0.26632,0.24283,0.57719,0.54967,0.62374,0.59488,1514.90329,1456.71443,0.42208,0.57792,2.51784,1.79118,0.66667,248.33333,41.33333,85.66667,0.484,12.33333,33.0,0.36733,14.0,19.0,0.757,7.0,32.33333,39.33333,28.66667,9.66667,3.0,14.33333,22.0,109.0,248.33333,41.66667,85.66667,0.48667,8.0,31.66667,0.251,17.66667,23.66667,0.748,9.66667,33.33333,43.0,23.0,7.33333,4.66667,16.66667,15.66667,109.0,1,-0.00317,0.00317,0.3193,0.21384,0.53313,0.5593,0.59902,0.61138,1600.94838,1493.85668,0.35002,0.64998,2.94273,1.55105,0.66667,1.74667,2.27333,4.35,1.35667
240.0,44.66667,94.33333,0.47367,9.66667,30.0,0.325,17.66667,23.33333,0.74533,11.0,39.33333,50.33333,23.33333,12.66667,1.66667,14.0,25.0,116.66667,240.0,33.0,81.33333,0.407,10.0,39.0,0.27,23.0,30.66667,0.73433,7.0,34.33333,41.33333,18.66667,7.0,4.33333,20.33333,20.66667,99.0,0,-0.22849,0.22849,0.17084,0.33042,0.46884,0.5246,0.56433,0.5857,1427.11907,1491.99437,0.58301,0.41699,1.71959,2.40906,0.33333,240.0,42.66667,87.0,0.489,14.66667,33.33333,0.44167,17.66667,23.66667,0.761,7.66667,35.66667,43.33333,24.33333,7.33333,4.66667,9.33333,19.33333,117.66667,240.0,38.33333,85.0,0.45267,11.66667,37.0,0.328,14.66667,18.66667,0.78233,9.33333,34.66667,44.0,23.66667,4.0,5.33333,13.66667,19.33333,103.0,0,-0.19471,0.19471,0.27681,0.22271,0.5203,0.57326,0.57843,0.63776,1421.33809,1519.68754,0.62131,0.37869,1.61395,2.66249,0.33333,2.08,1.95667,1.55667,2.7
248.33333,41.66667,91.33333,0.45533,11.0,36.0,0.30533,13.66667,17.0,0.81367,8.0,35.66667,43.66667,26.33333,8.66667,4.66667,13.33333,21.33333,108.0,248.33333,43.0,88.33333,0.48833,15.0,43.33333,0.35867,18.0,23.33333,0.77367,8.66667,35.66667,44.33333,29.66667,8.66667,2.66667,14.33333,20.66667,119.0,1,0.14515,-0.14515,0.24444,0.22699,0.57265,0.5156,0.63807,0.56712,1590.50036,1457.33565,0.3306,0.6694,3.10269,1.50458,1.0,240.0,49.0,91.33333,0.53667,17.0,34.0,0.48133,12.66667,17.0,0.724,9.33333,30.66667,40.0,29.0,8.33333,2.66667,11.66667,17.0,127.66667,240.0,45.0,87.0,0.51633,10.66667,33.0,0.32333,15.0,19.33333,0.784,9.33333,29.33333,38.66667,26.33333,7.33333,4.0,15.66667,16.66667,115.66667,1,-0.14322,0.14322,0.32466,0.32057,0.57763,0.63081,0.63385,0.67273,1421.21132,1489.45275,0.57775,0.42225,1.76165,2.43912,0.0,2.23,2.10333,2.27667,1.96
240.0,37.33333,84.66667,0.44033,13.66667,39.33333,0.346,18.33333,22.0,0.82967,8.33333,35.66667,44.0,22.33333,7.33333,6.0,13.0,18.33333,106.66667,240.0,35.66667,84.66667,0.422,11.0,36.33333,0.303,14.33333,19.66667,0.72767,8.66667,36.66667,45.33333,24.0,7.33333,5.33333,15.0,21.0,96.66667,0,-0.13894,0.13894,0.24471,0.22723,0.48686,0.521,0.54278,0.5964,1515.6373,1551.52006,0.53046,0.46954,1.99221,2.36638,0.0,240.0,35.0,86.66667,0.40433,11.0,32.66667,0.33467,17.0,21.66667,0.78167,12.33333,32.66667,45.0,20.33333,7.0,6.33333,16.0,20.66667,98.0,240.0,35.0,79.66667,0.435,14.0,34.66667,0.40367,22.66667,28.0,0.806,8.0,35.33333,43.33333,24.0,8.33333,5.0,13.0,18.33333,106.66667,0,0.11599,-0.11599,0.25,0.35048,0.52349,0.46815,0.62089,0.5365,1457.0563,1452.33146,0.50755,0.49245,1.9714,2.03197,0.66667,2.81667,1.68333,3.65,1.33333
240.0,41.66667,84.0,0.49533,12.66667,35.33333,0.353,17.33333,21.0,0.82,4.33333,33.33333,37.66667,25.66667,7.0,6.66667,12.33333,21.66667,113.33333,240.0,38.0,85.66667,0.44433,14.66667,36.66667,0.395,19.0,25.33333,0.74733,11.33333,36.0,47.33333,26.0,8.0,4.33333,16.66667,20.66667,109.66667,1,-0.05048,0.05048,0.35007,0.12066,0.53019,0.5704,0.60175,0.6395,1559.81525,1545.88641,0.47176,0.52824,2.14302,1.91175,0.33333,248.33333,44.0,85.33333,0.51667,12.0,25.0,0.48167,21.66667,25.66667,0.84133,9.0,36.66667,45.66667,24.66667,7.33333,6.33333,15.66667,17.33333,121.66667,248.33333,41.66667,98.33333,0.424,15.33333,38.33333,0.404,16.0,19.0,0.826,12.66667,29.0,41.66667,30.66667,10.33333,6.66667,13.66667,23.66667,114.66667,1,-0.08682,0.08682,0.34816,0.31089,0.50219,0.58741,0.55866,0.67007,1394.65262,1574.96841,0.73365,0.26635,1.36449,3.78294,0.0,3.01667,1.46333,1.37,3.53333
240.0,34.33333,89.66667,0.38433,13.0,36.0,0.36367,15.0,21.66667,0.69767,12.66667,29.33333,42.0,17.0,4.33333,2.0,10.0,21.0,96.66667,240.0,37.66667,83.0,0.454,11.0,35.66667,0.29467,22.33333,25.0,0.91667,9.33333,39.0,48.33333,25.66667,5.66667,5.0,12.0,20.66667,108.66667,0,0.16819,-0.16819,0.32937,0.32767,0.51989,0.45641,0.61363,0.51326,1522.91756,1515.9686,0.50689,0.49311,2.0996,2.18748,1.0,240.0,45.0,89.66667,0.503,17.66667,41.0,0.435,12.0,17.0,0.709,7.66667,27.33333,35.0,29.33333,6.33333,5.0,11.33333,19.66667,119.66667,240.0,44.0,87.66667,0.502,12.66667,31.66667,0.4,22.0,27.0,0.814,13.0,34.66667,47.66667,28.0,7.66667,3.33333,11.0,17.0,122.66667,0,0.04319,-0.04319,0.51061,0.21372,0.57426,0.60156,0.6551,0.64226,1491.13445,1517.71711,0.54065,0.45935,1.85743,2.19073,0.33333,2.13667,2.19,2.47,1.80333
240.0,40.33333,81.33333,0.497,7.33333,21.33333,0.36133,26.66667,32.33333,0.82533,10.33333,36.33333,46.66667,21.0,5.66667,3.66667,13.0,19.0,114.66667,240.0,43.66667,90.33333,0.49067,13.66667,35.0,0.39333,15.33333,19.66667,0.772,9.0,30.33333,39.33333,21.33333,6.33333,4.33333,10.66667,24.33333,116.33333,0,0.02061,-0.02061,0.24898,0.33885,0.56581,0.54235,0.62158,0.65012,1491.25681,1543.09817,0.57398,0.42602,1.76024,2.39253,0.66667,240.0,38.33333,88.0,0.43533,12.33333,32.66667,0.38167,16.66667,22.33333,0.74533,8.33333,28.66667,37.0,20.33333,7.0,3.66667,11.66667,24.66667,105.66667,240.0,40.66667,83.66667,0.48633,14.66667,44.0,0.33467,25.0,30.0,0.83367,9.0,36.0,45.0,25.33333,6.33333,6.33333,14.0,21.66667,121.0,0,0.19812,-0.19812,0.32055,0.23974,0.57417,0.50531,0.67063,0.56795,1631.5132,1522.08212,0.36895,0.63105,2.82263,1.60691,1.0,1.62,2.54,2.8,1.51667
240.0,45.0,85.33333,0.526,18.0,40.0,0.43833,12.33333,15.0,0.81333,6.66667,32.33333,39.0,33.0,5.33333,5.66667,12.33333,16.33333,120.33333,240.0,41.33333,88.33333,0.47,10.0,32.66667,0.30667,18.66667,22.66667,0.824,11.66667,31.66667,43.33333,25.66667,7.66667,3.33333,10.66667,16.0,111.33333,1,-0.1091,0.1091,0.36087,0.20968,0.52738,0.63039,0.59921,0.67763,1482.18199,1556.9262,0.60043,0.39957,1.66583,2.50388,0.33333,248.33333,42.66667,94.66667,0.45067,9.33333,31.66667,0.29267,19.33333,22.33333,0.86767,10.33333,30.33333,40.66667,21.66667,9.33333,3.0,12.33333,21.0,114.0,248.33333,48.33333,86.66667,0.557,9.66667,25.33333,0.388,13.66667,18.33333,0.76833,5.66667,36.66667,42.33333,27.0,8.0,6.66667,16.0,19.33333,120.0,1,0.07256,-0.07256,0.18475,0.28411,0.61307,0.4998,0.66187,0.57286,1496.53915,1415.09235,0.3905,0.6095,2.59668,1.64987,1.0,1.54667,2.66667,2.25667,1.72667
240.0,43.0,86.66667,0.49733,13.66667,35.66667,0.381,24.33333,28.66667,0.859,9.66667,30.66667,40.33333,27.0,7.33333,4.0,16.33333,21.33333,124.0,240.0,47.33333,86.0,0.55233,13.66667,32.66667,0.42333,17.33333,23.0,0.73733,6.66667,30.33333,37.0,32.0,8.33333,3.66667,15.66667,21.0,125.66667,0,0.01892,-0.01892,0.2164,0.31677,0.63129,0.5757,0.69274,0.66797,1505.22291,1478.17684,0.46508,0.53492,2.27805,1.97062,0.33333,240.0,41.66667,87.33333,0.477,6.66667,25.33333,0.267,24.0,31.66667,0.76333,11.0,36.0,47.0,21.0,6.66667,3.66667,12.33333,20.0,114.0,240.0,40.0,93.0,0.43567,16.33333,42.66667,0.38767,23.0,27.0,0.84733,13.66667,33.66667,47.33333,16.66667,6.0,4.33333,11.33333,24.0,119.33333,0,0.0638,-0.0638,0.37455,0.32839,0.52312,0.51511,0.60927,0.60456,1502.00085,1453.44989,0.43861,0.56139,2.37628,1.84047,0.66667,3.4,1.40333,2.21,2.02
240.0,42.0,88.33333,0.47433,10.33333,29.0,0.361,14.0,18.0,0.76967,7.33333,31.66667,39.0,23.0,11.0,3.33333,10.0,15.0,108.33333,240.0,41.66667,89.0,0.46933,14.33333,39.33333,0.36233,11.33333,13.66667,0.826,11.66667,39.0,50.66667,24.33333,5.0,3.66667,15.66667,17.66667,109.0,0,0.01291,-0.01291,0.38949,0.19034,0.55003,0.53322,0.594,0.58606,1469.5631,1492.24518,0.53247,0.46753,1.89032,2.15766,0.66667,256.66667,43.0,96.0,0.449,12.33333,32.33333,0.362,18.0,23.0,0.78433,11.0,35.0,46.0,24.33333,9.0,1.66667,17.0,23.0,116.33333,256.66667,45.33333,88.0,0.514,11.0,29.33333,0.36867,21.66667,28.66667,0.78867,7.33333,37.66667,45.0,24.66667,9.33333,7.33333,16.33333,20.66667,123.33333,0,0.08041,-0.08041,0.21197,0.29008,0.57687,0.51213,0.65385,0.57604,1556.08447,1524.77142,0.47725,0.52275,2.3836,2.10301,0.66667,2.03333,1.99,3.35,1.70333
240.0,40.33333,91.0,0.44333,11.0,39.0,0.27933,17.66667,23.0,0.779,9.0,28.66667,37.66667,22.33333,10.0,6.33333,14.33333,20.33333,109.33333,240.0,43.33333,86.0,0.503,13.33333,30.66667,0.43533,20.33333,26.0,0.76133,9.33333,40.33333,49.66667,24.0,10.0,6.0,17.0,21.66667,120.33333,0,0.14115,-0.14115,0.33472,0.22426,0.58084,0.50336,0.65572,0.56834,1442.36194,1437.60828,0.519,0.481,2.01505,2.16379,1.0,240.0,36.33333,82.33333,0.44167,14.66667,38.0,0.38467,22.0,28.0,0.78233,9.33333,37.0,46.33333,26.0,6.33333,7.66667,15.33333,20.66667,109.33333,240.0,39.33333,88.33333,0.44733,11.66667,34.66667,0.33733,17.66667,20.66667,0.858,7.66667,30.66667,38.33333,26.0,7.66667,6.33333,11.66667,22.0,108.0,0,-0.01718,0.01718,0.20775,0.3007,0.51401,0.53121,0.58396,0.6193,1549.62644,1489.81457,0.41711,0.58289,2.49863,1.74432,0.33333,2.64,1.86667,2.42,1.94667
240.0,42.66667,92.33333,0.46467,17.33333,44.0,0.385,15.66667,19.66667,0.802,13.0,39.33333,52.33333,24.33333,6.33333,5.33333,14.33333,17.0,118.33333,240.0,41.0,94.33333,0.434,9.33333,30.0,0.312,12.66667,17.33333,0.731,10.33333,33.66667,44.0,22.33333,7.66667,3.33333,10.66667,19.33333,104.0,0,-0.18474,0.18474,0.26675,0.37019,0.48316,0.55991,0.52877,0.61608,1536.53524,1630.91452,0.60799,0.39201,1.65281,2.58089,0.0,240.0,43.66667,94.0,0.46533,9.33333,33.66667,0.27567,17.66667,22.33333,0.796,12.33333,31.66667,44.0,23.66667,7.66667,4.33333,12.0,21.0,114.33333,240.0,42.33333,86.33333,0.49067,12.33333,29.33333,0.416,19.33333,24.33333,0.76933,9.33333,35.0,44.33333,26.66667,6.0,2.33333,12.66667,20.66667,116.33333,0,0.0136,-0.0136,0.29904,0.34763,0.56217,0.51478,0.63374,0.57857,1601.30253,1502.06317,0.36631,0.63369,3.08471,1.66651,0.66667,1.37,3.36667,2.58333,2.46667
248.33333,42.66667,90.33333,0.47167,7.0,25.66667,0.274,24.33333,32.66667,0.74533,9.0,41.0,50.0,23.66667,8.33333,3.66667,15.33333,21.66667,116.66667,248.33333,40.66667,97.33333,0.418,14.33333,43.0,0.32867,16.33333,22.0,0.73333,13.0,35.33333,48.33333,23.66667,8.33333,7.0,16.0,25.66667,112.0,0,-0.05958,0.05958,0.31592,0.25505,0.4904,0.50976,0.54878,0.59751,1528.03188,1418.05277,0.34487,0.65513,2.96867,1.53521,0.0,240.0,42.33333,92.0,0.46133,12.0,37.33333,0.32233,16.0,20.0,0.797,10.66667,33.0,43.66667,17.66667,9.66667,4.33333,9.66667,18.66667,112.66667,240.0,40.33333,87.33333,0.46167,11.33333,30.33333,0.36933,14.66667,19.0,0.75933,12.0,36.0,48.0,21.33333,4.33333,3.33333,14.33333,18.66667,106.66667,0,-0.08326,0.08326,0.36996,0.29128,0.5265,0.52648,0.58221,0.58562,1593.11091,1621.09934,0.52717,0.47283,1.93137,2.15614,0.33333,2.88333,1.48667,2.18,2.16333
248.33333,40.66667,94.66667,0.42767,15.66667,42.33333,0.375,15.33333,17.0,0.92067,9.0,33.33333,42.33333,29.0,7.0,4.0,15.33333,21.33333,112.33333,248.33333,47.0,90.0,0.51633,12.0,28.33333,0.403,19.0,24.0,0.78367,9.0,38.66667,47.66667,26.0,8.66667,4.66667,14.0,17.66667,125.0,0,0.14891,-0.14891,0.26852,0.2377,0.58102,0.51171,0.65345,0.57053,1530.95931,1386.04608,0.31271,0.68729,3.27096,1.46093,1.0,240.0,41.0,91.0,0.45033,11.33333,36.66667,0.30667,19.33333,27.33333,0.72267,11.0,33.33333,44.33333,20.0,7.0,4.66667,15.33333,25.0,112.66667,240.0,41.66667,87.0,0.47733,11.33333,31.0,0.36267,27.0,33.66667,0.799,9.33333,39.33333,48.66667,26.66667,10.0,2.66667,14.66667,23.0,121.66667,0,0.11787,-0.11787,0.28125,0.27738,0.54185,0.51206,0.64336,0.58071,1411.14171,1503.33293,0.6447,0.3553,1.56141,2.86868,1.0,3.65,1.45,1.66,2.58333
240.0,40.66667,85.33333,0.48067,10.66667,28.33333,0.37267,22.0,26.33333,0.83267,11.33333,28.33333,39.66667,20.66667,10.66667,4.0,12.66667,17.0,114.0,240.0,43.66667,84.66667,0.51567,13.0,31.33333,0.41967,15.33333,18.66667,0.79267,9.0,30.0,39.0,25.33333,8.0,8.33333,16.33333,22.33333,115.66667,0,0.02192,-0.02192,0.31691,0.3758,0.59279,0.54308,0.65253,0.62949,1465.74579,1516.84258,0.5727,0.4273,1.79368,2.49957,0.66667,240.0,39.33333,87.66667,0.449,14.66667,37.33333,0.387,14.0,19.0,0.718,10.33333,37.33333,47.66667,25.33333,7.66667,6.0,11.66667,18.66667,107.33333,240.0,35.33333,82.66667,0.42767,14.0,38.66667,0.357,15.33333,19.0,0.83067,7.33333,38.0,45.33333,21.33333,6.0,2.66667,15.0,18.0,100.0,0,-0.10076,0.10076,0.19517,0.27683,0.51267,0.53205,0.57695,0.58503,1430.6536,1489.26749,0.57105,0.42895,1.75596,2.34178,0.33333,2.05,2.32333,1.57333,2.73667
240.0,44.0,85.33333,0.51633,13.66667,34.33333,0.39867,14.0,16.66667,0.84367,9.0,30.0,39.0,24.0,9.33333,4.0,14.33333,20.33333,115.66667,240.0,40.66667,83.33333,0.48767,14.0,35.33333,0.39967,19.66667,25.33333,0.77267,10.66667,30.0,40.66667,29.0,7.33333,2.66667,17.0,19.0,115.0,0,-0.00667,0.00667,0.35699,0.29894,0.57169,0.59628,0.64572,0.65015,1434.95938,1554.69338,0.6632,0.3368,1.52394,3.07829,0.66667,240.0,43.66667,90.33333,0.486,12.33333,33.33333,0.372,24.0,29.66667,0.81267,9.66667,32.66667,42.33333,28.33333,7.66667,5.66667,9.33333,24.33333,123.66667,240.0,41.33333,84.66667,0.493,13.0,33.0,0.38733,24.0,29.66667,0.80667,7.0,33.66667,40.66667,29.33333,5.33333,6.0,13.66667,22.0,119.66667,0,-0.05099,0.05099,0.20809,0.28095,0.57272,0.55424,0.66421,0.64099,1532.83046,1519.59829,0.47298,0.52702,2.1376,1.91214,0.33333,1.63,3.02333,1.95,1.89667
240.0,39.33333,87.0,0.45567,13.33333,37.66667,0.357,12.33333,13.66667,0.892,8.33333,37.33333,45.66667,24.33333,5.66667,5.0,13.0,17.66667,104.33333,240.0,42.33333,91.33333,0.464,10.66667,28.33333,0.40533,13.33333,18.0,0.737,7.66667,36.66667,44.33333,24.0,8.0,3.33333,8.66667,14.0,108.66667,0,0.06036,-0.06036,0.2068,0.21935,0.52312,0.53274,0.57181,0.58437,1523.67381,1588.58934,0.59858,0.40142,1.69531,2.56519,0.66667,240.0,37.0,87.66667,0.42233,11.33333,36.0,0.31333,25.0,27.66667,0.90433,9.33333,29.66667,39.0,21.0,10.66667,5.66667,11.66667,19.33333,110.33333,240.0,44.66667,87.0,0.51333,11.0,29.0,0.38067,16.33333,21.0,0.75667,9.66667,36.33333,46.0,25.0,6.0,6.0,15.66667,22.0,116.66667,0,0.07967,-0.07967,0.32948,0.2588,0.57617,0.48709,0.63748,0.58878,1520.09992,1492.55985,0.47237,0.52763,2.17917,1.93202,1.0,1.55,3.08333,2.68333,1.53667
240.0,45.33333,82.66667,0.54667,21.66667,42.0,0.512,12.0,17.0,0.71367,7.0,30.0,37.0,27.33333,6.66667,3.66667,12.66667,15.0,124.33333,240.0,46.33333,89.0,0.51933,12.0,33.33333,0.35433,11.0,13.0,0.85333,9.66667,28.33333,38.0,24.33333,6.66667,4.33333,11.66667,14.66667,115.66667,1,-0.10699,0.10699,0.34024,0.25178,0.58674,0.67674,0.62849,0.71823,1519.03956,1541.04654,0.51682,0.48318,2.00463,2.17796,0.0,240.0,43.0,91.66667,0.47033,11.0,36.66667,0.3,17.66667,21.0,0.84167,10.66667,32.66667,43.33333,19.66667,8.66667,5.0,10.33333,19.33333,114.66667,240.0,42.66667,86.66667,0.49267,11.33333,29.33333,0.38267,15.66667,19.66667,0.78533,9.0,34.66667,43.66667,23.66667,5.0,2.0,13.0,20.33333,112.33333,1,-0.03805,0.03805,0.27569,0.3017,0.55823,0.53029,0.61735,0.59674,1597.56033,1591.3406,0.48359,0.51641,2.26277,2.0457,0.66667,2.51,1.89,1.57,2.70333
240.0,41.66667,88.66667,0.47033,13.66667,37.66667,0.36067,21.33333,26.66667,0.808,10.0,29.66667,39.66667,23.0,10.66667,2.66667,16.33333,20.33333,118.33333,240.0,45.66667,83.66667,0.54767,17.66667,39.0,0.445,18.66667,23.0,0.816,6.33333,34.66667,41.0,32.66667,8.66667,5.33333,19.66667,21.0,127.66667,1,0.1104,-0.1104,0.21516,0.29162,0.65251,0.54705,0.72131,0.62581,1596.55881,1479.18132,0.34967,0.65033,2.95948,1.55305,0.66667,240.0,50.0,92.66667,0.54033,16.0,34.0,0.452,10.0,13.66667,0.724,8.66667,32.33333,41.0,32.66667,8.33333,2.66667,13.0,17.0,126.0,240.0,45.0,90.33333,0.49767,11.66667,35.66667,0.324,13.33333,18.33333,0.726,11.0,28.33333,39.33333,25.0,7.0,4.66667,14.66667,16.66667,115.0,1,-0.13193,0.13193,0.35844,0.30855,0.56185,0.62782,0.60968,0.66017,1416.45046,1499.59988,0.60365,0.39635,1.6642,2.55086,0.0,4.98333,1.24333,1.84333,2.12333
248.33333,44.33333,96.0,0.46333,11.66667,33.66667,0.34333,14.66667,16.66667,0.85467,11.33333,41.0,52.33333,24.33333,5.33333,4.33333,13.33333,20.33333,115.0,248.33333,39.0,91.66667,0.42667,9.66667,31.33333,0.31033,20.33333,26.33333,0.761,11.66667,37.0,48.66667,20.33333,7.0,8.33333,14.33333,19.0,108.0,1,-0.08982,0.08982,0.31866,0.30442,0.47915,0.52462,0.55516,0.57863,1505.16682,1494.84456,0.47182,0.52818,2.15625,1.92427,0.33333,248.33333,44.0,96.0,0.46033,13.33333,38.66667,0.342,17.66667,22.66667,0.77167,10.33333,31.66667,42.0,26.33333,9.33333,8.0,10.33333,25.0,119.0,248.33333,48.0,92.0,0.52267,9.33333,23.33333,0.459,20.33333,29.66667,0.69333,11.33333,38.66667,50.0,26.66667,6.66667,6.0,12.66667,16.33333,125.66667,1,0.0786,-0.0786,0.36224,0.26785,0.57323,0.5299,0.63867,0.59118,1484.69071,1547.26436,0.58863,0.41137,1.76884,2.69363,1.0,2.57,1.61333,3.19,2.24
240.0,39.33333,87.33333,0.45167,17.0,42.66667,0.40633,13.33333,16.33333,0.849,6.33333,35.66667,42.0,29.0,5.33333,5.33333,15.66667,22.0,109.0,240.0,41.33333,89.33333,0.45867,12.0,31.0,0.37067,23.33333,29.0,0.79233,10.0,36.0,46.0,24.66667,7.0,4.0,10.66667,20.0,118.0,0,0.10603,-0.10603,0.28042,0.17685,0.52348,0.54915,0.61461,0.60153,1541.16613,1390.59502,0.30367,0.69633,3.35927,1.44136,0.66667,240.0,43.66667,88.66667,0.49367,9.66667,29.0,0.33167,16.66667,20.33333,0.817,7.33333,32.0,39.33333,19.0,9.33333,4.0,9.66667,17.33333,113.66667,240.0,43.33333,84.0,0.517,10.33333,27.66667,0.37967,14.0,18.0,0.80833,6.0,35.66667,41.66667,25.33333,5.66667,6.0,13.33333,19.66667,111.0,0,-0.03273,0.03273,0.18223,0.20415,0.57841,0.54892,0.63229,0.61282,1490.12169,1486.80303,0.48679,0.51321,2.13326,2.03283,0.66667,4.08333,1.36,1.83333,2.37333
240.0,39.33333,91.66667,0.42933,7.66667,26.0,0.29833,20.0,27.33333,0.741,12.0,31.33333,43.33333,21.33333,6.66667,3.33333,14.33333,24.0,106.33333,240.0,43.66667,86.33333,0.506,14.33333,34.0,0.421,27.0,30.0,0.90733,8.66667,35.0,43.66667,27.0,6.66667,6.33333,12.66667,24.33333,128.66667,1,0.27732,-0.27732,0.28372,0.34441,0.58895,0.47145,0.69274,0.54483,1544.11582,1389.48944,0.31727,0.68273,3.26875,1.475,1.0,240.0,38.0,88.33333,0.42933,11.66667,37.66667,0.30667,17.33333,19.66667,0.88267,10.66667,33.0,43.66667,22.33333,6.66667,7.0,15.66667,21.66667,105.0,240.0,39.66667,86.0,0.46167,10.33333,25.33333,0.403,24.0,28.66667,0.836,10.33333,36.0,46.33333,24.0,9.33333,6.33333,14.0,19.33333,113.66667,1,0.11669,-0.11669,0.32835,0.29964,0.52235,0.49651,0.617,0.56774,1539.45594,1464.58308,0.40237,0.59763,2.49504,1.67642,1.0,4.36667,1.30333,3.38333,1.38667
240.0,34.0,84.33333,0.40467,13.66667,37.66667,0.35867,16.0,22.0,0.71533,8.66667,36.33333,45.0,23.66667,5.66667,3.66667,13.33333,22.33333,97.66667,240.0,39.0,85.33333,0.45767,11.0,33.33333,0.34533,16.66667,22.66667,0.72267,8.33333,40.33333,48.66667,26.0,8.33333,5.33333,12.33333,16.66667,105.66667,1,0.11531,-0.11531,0.2286,0.22503,0.52216,0.48712,0.58502,0.55076,1536.74346,1430.37934,0.35955,0.64045,2.8321,1.57058,1.0,240.0,47.66667,87.66667,0.54567,12.66667,29.0,0.42433,14.33333,20.66667,0.70033,8.33333,36.33333,44.66667,25.66667,8.33333,3.66667,11.33333,18.33333,122.33333,240.0,39.66667,87.0,0.45633,9.66667,30.33333,0.315,13.33333,19.33333,0.69433,9.0,27.66667,36.66667,24.66667,6.33333,4.66667,14.0,17.66667,102.33333,1,-0.25783,0.25783,0.26064,0.30218,0.51199,0.61994,0.56121,0.66709,1408.16512,1577.65376,0.70518,0.29482,1.41911,3.40621,0.0,5.41667,1.21667,1.17,5.5
240.0,37.33333,85.66667,0.434,11.66667,35.66667,0.32667,20.33333,25.0,0.819,10.33333,34.66667,45.0,21.33333,5.33333,6.66667,13.0,22.33333,106.66667,240.0,40.66667,89.0,0.45667,15.33333,38.33333,0.39967,19.0,22.66667,0.823,12.66667,34.33333,47.0,26.0,8.33333,5.0,12.66667,21.33333,115.66667,1,0.12348,-0.12348,0.37917,0.30722,0.54317,0.5028,0.61566,0.58416,1562.56871,1458.30982,0.36481,0.63519,2.75221,1.57641,0.66667,240.0,38.66667,88.66667,0.43667,13.0,35.0,0.37633,11.0,15.0,0.729,6.33333,32.33333,38.66667,23.33333,6.0,4.33333,13.66667,16.0,101.33333,240.0,41.66667,85.66667,0.48267,15.33333,38.66667,0.38633,21.33333,26.66667,0.794,8.66667,37.33333,46.0,26.66667,7.0,4.0,11.0,18.0,120.0,1,0.24652,-0.24652,0.26719,0.17416,0.57049,0.5101,0.65411,0.55142,1541.89478,1451.05783,0.39428,0.60572,2.68986,1.705,1.0,2.34,1.73333,3.09,1.53333
248.33333,36.33333,91.33333,0.39867,10.66667,33.66667,0.325,21.33333,29.0,0.74,12.0,32.66667,44.66667,18.0,5.33333,5.0,11.66667,27.33333,104.66667,248.33333,38.33333,87.0,0.44033,12.0,38.0,0.30467,26.66667,33.33333,0.80867,10.33333,38.66667,49.0,24.66667,6.0,5.66667,13.0,23.66667,115.33333,0,0.1433,-0.1433,0.32749,0.31365,0.50947,0.45733,0.61253,0.53639,1503.20347,1516.28551,0.53236,0.46764,2.00588,2.30001,1.0,240.0,43.33333,89.66667,0.48533,13.66667,36.0,0.36767,14.0,20.33333,0.685,10.66667,31.0,41.66667,21.0,6.33333,2.0,12.33333,21.66667,114.33333,240.0,42.0,83.0,0.504,18.0,42.33333,0.421,19.0,24.0,0.792,6.66667,33.66667,40.33333,22.0,5.0,4.0,11.33333,20.33333,121.0,0,0.08338,-0.08338,0.22954,0.32557,0.61103,0.56287,0.683,0.61024,1457.633,1488.71886,0.56036,0.43964,1.78553,2.27654,0.66667,1.95667,2.36,2.58333,1.56333
248.33333,46.33333,91.0,0.51,8.66667,23.66667,0.38033,19.0,26.0,0.72467,7.66667,38.66667,46.33333,26.66667,7.33333,2.66667,15.33333,20.0,120.33333,248.33333,46.66667,100.33333,0.468,17.66667,45.66667,0.39533,12.33333,18.33333,0.66067,12.0,35.0,47.0,24.66667,8.66667,7.66667,14.0,24.33333,123.33333,1,0.03204,-0.03204,0.30361,0.223,0.55675,0.55746,0.59462,0.62242,1564.70991,1415.78445,0.30242,0.69758,3.36961,1.43932,0.33333,240.0,39.0,88.0,0.44367,10.0,33.66667,0.28933,14.0,18.66667,0.80667,9.0,38.66667,47.66667,24.66667,4.0,4.66667,10.33333,21.33333,102.0,240.0,39.66667,88.66667,0.44833,14.33333,41.0,0.34767,16.33333,20.66667,0.793,8.66667,34.0,42.66667,25.66667,6.66667,4.33333,7.66667,16.0,110.0,1,0.10435,-0.10435,0.22368,0.2656,0.52928,0.50051,0.58996,0.55437,1553.12085,1508.6642,0.45456,0.54544,2.30809,1.91091,1.0,4.31667,1.34667,4.09,1.6
240.0,35.66667,82.33333,0.43333,12.33333,37.0,0.33067,18.0,22.33333,0.786,8.33333,34.66667,43.0,22.33333,6.66667,5.0,15.33333,21.0,101.66667,240.0,39.66667,85.66667,0.46267,7.0,25.0,0.27733,19.0,25.66667,0.74267,9.33333,37.0,46.33333,21.33333,9.66667,4.33333,11.33333,19.33333,105.33333,0,0.05256,-0.05256,0.27525,0.22706,0.50389,0.50844,0.57682,0.58324,1502.66111,1448.36148,0.42505,0.57495,2.36555,1.74402,0.66667,240.0,42.0,91.66667,0.45633,13.66667,33.0,0.40367,11.33333,15.66667,0.71133,10.0,36.0,46.0,27.0,7.0,5.0,13.0,15.0,109.0,240.0,41.66667,93.66667,0.445,13.33333,34.66667,0.37067,11.0,13.0,0.84133,11.0,38.33333,49.33333,24.66667,7.33333,8.33333,12.0,14.66667,107.66667,0,-0.01535,0.01535,0.30556,0.26768,0.51655,0.5302,0.5578,0.57162,1432.58454,1504.40926,0.60675,0.39325,1.65408,2.56286,0.66667,2.96667,1.49667,1.65,2.38333
240.0,38.0,90.66667,0.41767,7.66667,26.33333,0.28867,14.33333,19.0,0.758,12.0,40.33333,52.33333,20.0,8.66667,4.66667,13.66667,20.33333,98.0,240.0,34.0,83.66667,0.40333,13.0,33.66667,0.38667,17.66667,23.0,0.74033,8.33333,36.33333,44.66667,22.66667,6.66667,6.0,12.0,15.66667,98.66667,1,0.0117,-0.0117,0.20974,0.33305,0.4825,0.46063,0.55955,0.51609,1432.10056,1490.7567,0.58966,0.41034,1.70743,2.46847,0.66667,240.0,40.33333,88.33333,0.45733,10.0,32.66667,0.30933,20.33333,26.33333,0.80933,14.0,30.66667,44.66667,24.33333,6.66667,4.33333,9.0,20.0,111.0,240.0,40.0,83.66667,0.478,11.33333,32.0,0.343,17.0,23.66667,0.731,11.33333,30.33333,41.66667,25.0,4.66667,6.33333,11.0,20.33333,108.33333,1,-0.0431,0.0431,0.37191,0.46667,0.54592,0.51417,0.60973,0.59091,1445.90897,1469.21237,0.52975,0.47025,1.93002,2.17894,0.33333,2.09667,2.04,1.63,2.46667
240.0,41.0,90.33333,0.45267,15.0,39.66667,0.37567,14.33333,18.66667,0.74667,8.33333,33.33333,41.66667,30.0,9.0,3.66667,12.33333,16.33333,111.33333,240.0,40.33333,88.66667,0.458,16.33333,37.33333,0.43267,13.66667,16.0,0.859,10.0,40.33333,50.33333,25.0,6.0,5.0,16.66667,21.33333,110.66667,1,-0.0097,0.0097,0.29499,0.20617,0.55341,0.53547,0.60576,0.58874,1472.70971,1526.66283,0.57355,0.42645,1.75055,2.36392,0.66667,248.33333,41.0,90.0,0.461,13.0,33.33333,0.408,17.33333,23.0,0.754,13.33333,43.33333,56.66667,23.33333,4.33333,4.0,17.0,19.33333,112.33333,248.33333,39.0,92.66667,0.421,12.33333,34.66667,0.34167,16.33333,21.66667,0.73867,8.66667,34.33333,43.0,24.0,9.0,8.66667,12.66667,22.0,106.66667,1,-0.0763,0.0763,0.20281,0.39106,0.48736,0.5346,0.54732,0.59737,1538.41465,1530.75369,0.48232,0.51768,2.14,2.00163,0.0,1.62,2.45,2.06667,2.07667
240.0,41.33333,90.66667,0.45667,11.0,36.66667,0.297,15.66667,21.0,0.74267,11.66667,28.66667,40.33333,20.33333,8.66667,7.33333,10.0,16.66667,109.33333,240.0,43.0,87.33333,0.49267,18.33333,39.0,0.46467,15.0,18.0,0.83633,10.33333,32.33333,42.66667,22.33333,4.0,3.66667,13.33333,20.66667,119.33333,1,0.12397,-0.12397,0.37605,0.36239,0.59829,0.51757,0.65437,0.57434,1516.50571,1517.78737,0.51545,0.48455,1.96127,2.09049,1.0,240.0,45.0,84.0,0.53367,12.33333,31.66667,0.384,19.66667,25.33333,0.77367,9.0,43.33333,52.33333,27.66667,9.33333,3.33333,17.0,24.33333,122.0,240.0,30.66667,83.33333,0.36767,10.66667,39.66667,0.277,24.0,31.0,0.76433,9.33333,25.66667,35.0,15.66667,10.0,5.0,15.33333,20.0,96.0,1,-0.34694,0.34694,0.21366,0.35128,0.43046,0.60774,0.53224,0.68004,1391.81773,1479.23902,0.59335,0.40665,1.73503,2.61091,0.0,1.90333,1.98667,1.68667,3.22333
248.33333,40.66667,90.0,0.45,13.0,33.33333,0.40633,23.33333,27.0,0.861,8.0,34.0,42.0,28.0,6.0,6.66667,12.66667,19.0,117.66667,248.33333,42.33333,90.0,0.47567,12.0,28.66667,0.428,22.0,25.33333,0.86667,7.33333,35.0,42.33333,29.0,9.0,5.33333,13.33333,20.66667,118.66667,0,0.01636,-0.01636,0.20832,0.23001,0.54188,0.52252,0.62573,0.61192,1471.72866,1541.76442,0.5983,0.4017,1.69461,2.58717,0.66667,248.33333,37.66667,90.0,0.418,9.33333,30.0,0.31133,20.0,23.33333,0.87633,12.0,36.0,48.0,21.66667,6.33333,6.0,15.0,22.33333,104.66667,248.33333,39.33333,86.66667,0.454,9.66667,26.0,0.368,22.33333,29.66667,0.76333,10.66667,35.33333,46.0,24.66667,8.33333,7.66667,13.66667,21.0,110.66667,0,0.08281,-0.08281,0.31895,0.33868,0.50986,0.4718,0.59391,0.55204,1542.56919,1441.14926,0.36895,0.63105,2.81544,1.60225,0.66667,1.87,2.12333,3.95,1.35
240.0,45.0,82.33333,0.546,15.0,29.0,0.51433,16.66667,20.33333,0.809,7.66667,36.0,43.66667,21.66667,8.0,5.66667,12.66667,17.66667,121.66667,240.0,40.66667,90.66667,0.44967,10.33333,27.66667,0.38033,14.0,17.0,0.829,11.66667,28.66667,40.33333,24.33333,6.66667,5.66667,12.0,18.0,105.66667,0,-0.20494,0.20494,0.32144,0.27877,0.50636,0.6379,0.56063,0.70144,1441.91578,1588.96558,0.67889,0.32111,1.48068,3.19272,0.0,240.0,39.0,83.33333,0.46767,19.0,44.0,0.432,15.0,18.0,0.824,8.0,33.66667,41.66667,29.0,6.0,5.66667,16.33333,20.33333,112.0,240.0,40.0,88.66667,0.45333,7.33333,26.33333,0.288,22.0,26.33333,0.84267,12.33333,35.0,47.33333,23.33333,10.33333,4.0,11.66667,14.33333,109.33333,0,-0.0304,0.0304,0.36353,0.22651,0.49558,0.58164,0.58125,0.64204,1490.12051,1485.02881,0.49028,0.50972,2.08895,2.01591,0.66667,1.26667,4.2,2.44333,2.03667
240.0,48.0,93.66667,0.51267,10.0,27.0,0.36633,20.66667,26.66667,0.776,10.33333,33.66667,44.0,26.66667,14.66667,2.33333,12.0,24.33333,126.66667,240.0,35.33333,79.0,0.45267,10.33333,35.66667,0.32,26.66667,33.33333,0.791,8.0,32.33333,40.33333,21.66667,7.33333,4.33333,23.0,21.33333,107.66667,0,-0.25502,0.25502,0.25397,0.32843,0.52007,0.56573,0.63109,0.6362,1412.14811,1501.28552,0.61331,0.38669,1.63135,2.58954,0.33333,240.0,42.33333,87.66667,0.48333,12.66667,33.0,0.38933,17.33333,21.33333,0.787,9.0,34.66667,43.66667,23.66667,8.66667,5.0,15.0,16.66667,114.66667,240.0,45.33333,91.33333,0.49633,12.66667,33.0,0.385,14.0,19.0,0.746,9.66667,34.66667,44.33333,28.33333,8.66667,4.66667,15.33333,19.33333,117.33333,0,0.04018,-0.04018,0.28469,0.26324,0.56586,0.55532,0.61456,0.6204,1607.40851,1505.59889,0.35904,0.64096,2.78836,1.56071,0.33333,1.61,2.91,4.83333,1.23
240.0,40.33333,92.0,0.43967,12.66667,38.66667,0.32933,16.33333,20.66667,0.79133,13.0,37.33333,50.33333,18.0,7.0,4.33333,12.33333,18.0,109.66667,240.0,39.33333,89.33333,0.441,9.0,28.33333,0.31833,14.66667,19.0,0.75933,9.33333,36.33333,45.66667,21.0,6.33333,4.0,12.0,20.33333,102.33333,0,-0.10465,0.10465,0.25852,0.35209,0.49146,0.50837,0.54761,0.56921,1573.79293,1645.02251,0.58603,0.41397,1.70908,2.42302,0.33333,240.0,35.66667,83.33333,0.432,12.66667,35.0,0.35133,15.66667,19.0,0.81633,8.66667,30.66667,39.33333,23.66667,6.66667,5.66667,15.0,23.33333,99.66667,240.0,35.33333,78.66667,0.44467,15.66667,35.66667,0.43833,25.66667,30.33333,0.851,8.66667,34.0,42.66667,26.33333,6.66667,5.66667,12.33333,18.33333,112.0,0,0.16457,-0.16457,0.29072,0.24941,0.5444,0.51121,0.65497,0.57624,1464.86874,1487.1697,0.54973,0.45027,1.83617,2.25662,1.0,1.58,2.67,2.81667,1.53
240.0,40.33333,87.66667,0.46033,16.0,38.33333,0.419,13.0,18.0,0.706,7.0,34.0,41.0,26.66667,7.33333,5.0,13.66667,22.66667,109.66667,240.0,38.33333,86.33333,0.44333,9.66667,29.0,0.33233,25.33333,29.33333,0.885,11.0,36.0,47.0,20.33333,4.66667,3.33333,14.66667,21.33333,111.66667,0,0.02684,-0.02684,0.32612,0.19235,0.49839,0.55243,0.60197,0.60095,1510.01609,1394.36525,0.34214,0.65786,2.94,1.52235,0.66667,240.0,37.66667,87.66667,0.43067,12.0,36.0,0.33567,16.0,21.33333,0.74367,8.0,34.0,42.0,25.0,5.33333,4.66667,10.33333,23.33333,103.33333,240.0,38.0,88.0,0.43133,10.66667,32.0,0.337,20.66667,28.0,0.72733,13.33333,43.0,56.33333,22.66667,6.33333,4.33333,14.66667,20.0,107.33333,0,0.05448,-0.05448,0.40027,0.18246,0.49183,0.4998,0.5683,0.56239,1577.813,1461.46521,0.34251,0.65749,3.05215,1.54325,0.66667,2.81667,1.55,4.9,1.21333
240.0,47.0,87.33333,0.53833,17.33333,35.66667,0.453,10.66667,13.33333,0.79667,4.0,32.0,36.0,36.0,8.0,5.0,10.0,14.0,122.0,240.0,39.0,84.33333,0.46633,9.33333,32.0,0.29433,15.33333,19.0,0.78733,9.66667,32.66667,42.33333,24.0,6.0,3.66667,14.0,14.66667,102.66667,1,-0.24653,0.24653,0.29209,0.12367,0.52339,0.63768,0.58413,0.6763,1489.52967,1580.39914,0.60334,0.39666,1.65814,2.52351,0.0,248.33333,39.66667,86.33333,0.45967,12.0,30.66667,0.40767,19.33333,23.33333,0.82667,10.33333,36.33333,46.66667,22.33333,7.0,7.0,15.66667,16.0,110.66667,248.33333,38.66667,94.33333,0.40867,13.33333,37.33333,0.361,13.66667,16.33333,0.80533,9.33333,32.33333,41.66667,29.0,9.66667,7.0,13.0,23.33333,104.33333,1,-0.08647,0.08647,0.25957,0.31022,0.4786,0.52968,0.52849,0.6052,1392.53477,1564.46286,0.7255,0.2745,1.37977,3.67074,0.0,1.46333,2.91667,1.51,2.78333
240.0,48.0,90.33333,0.53067,15.0,36.66667,0.40533,17.66667,22.66667,0.775,12.66667,30.33333,43.0,29.0,8.0,3.0,12.66667,18.33333,128.66667,240.0,46.0,86.66667,0.531,18.33333,37.0,0.487,16.0,19.66667,0.817,7.66667,27.66667,35.33333,29.0,5.66667,3.33333,12.0,21.0,126.33333,0,-0.02569,0.02569,0.25619,0.46746,0.63654,0.614,0.69402,0.67537,1464.99475,1484.45489,0.5285,0.4715,1.90843,2.14102,0.66667,240.0,39.0,94.33333,0.41133,14.33333,42.33333,0.33867,11.66667,16.66667,0.758,9.66667,34.33333,44.0,28.0,4.66667,4.33333,12.0,21.66667,104.0,240.0,44.0,91.66667,0.477,14.0,34.66667,0.39767,19.66667,26.33333,0.736,11.33333,45.0,56.33333,26.0,8.0,5.33333,12.33333,16.66667,121.66667,0,0.22381,-0.22381,0.34074,0.21871,0.55243,0.48693,0.62138,0.52837,1583.21281,1404.81272,0.27644,0.72356,3.63939,1.38327,1.0,1.87333,2.17333,5.66667,1.16
240.0,37.0,88.33333,0.41967,11.66667,39.66667,0.29333,13.0,16.66667,0.77167,10.0,37.66667,47.66667,24.66667,9.33333,6.66667,15.66667,20.66667,98.66667,240.0,36.66667,86.33333,0.42467,9.33333,29.33333,0.306,19.66667,24.66667,0.786,9.33333,40.0,49.33333,23.0,9.33333,6.0,11.33333,15.66667,102.33333,0,0.05084,-0.05084,0.25838,0.25576,0.47888,0.4856,0.55834,0.53673,1456.32697,1446.74111,0.48904,0.51096,2.0525,1.96332,0.66667,248.33333,45.33333,92.0,0.49633,16.66667,39.0,0.42433,17.0,21.33333,0.78333,7.33333,31.66667,39.0,28.66667,7.66667,7.33333,10.66667,22.0,124.33333,248.33333,42.33333,88.33333,0.48067,12.33333,33.33333,0.373,22.33333,30.0,0.75367,12.0,34.66667,46.66667,25.0,7.0,3.66667,12.33333,18.33333,119.33333,0,-0.05773,0.05773,0.41587,0.20538,0.55067,0.58821,0.63018,0.64793,1484.22171,1533.84912,0.55917,0.44083,1.7921,2.27599,0.33333,2.56667,1.57,1.94,2.08
240.0,39.0,92.33333,0.42267,12.0,34.0,0.35567,16.0,20.0,0.79867,10.66667,35.66667,46.33333,19.0,6.33333,4.66667,11.66667,14.66667,106.0,240.0,41.66667,87.66667,0.47667,14.66667,40.0,0.36267,12.66667,15.66667,0.80833,9.33333,39.66667,49.0,28.66667,6.66667,3.0,14.33333,18.33333,110.66667,0,0.07378,-0.07378,0.26068,0.27766,0.56026,0.48716,0.60841,0.54807,1503.49011,1421.41861,0.38996,0.61004,2.62602,1.6581,0.66667,240.0,43.33333,92.0,0.471,14.33333,33.66667,0.42833,10.66667,14.66667,0.72567,9.0,31.66667,40.66667,24.33333,6.66667,6.0,11.0,21.0,111.66667,240.0,38.33333,81.66667,0.46767,14.33333,37.66667,0.37333,25.0,31.66667,0.785,9.0,33.33333,42.33333,26.33333,5.0,5.33333,12.66667,18.33333,116.0,0,0.05991,-0.05991,0.28387,0.26885,0.55463,0.54948,0.65374,0.58645,1533.46716,1488.99182,0.44585,0.55415,2.38091,1.85883,0.66667,4.56667,1.25667,2.62333,1.6
240.0,44.33333,90.33333,0.49267,18.66667,42.66667,0.43833,13.33333,18.0,0.74,10.66667,29.66667,40.33333,22.33333,6.33333,5.66667,11.33333,21.66667,120.66667,240.0,40.0,85.0,0.47067,13.0,35.33333,0.371,22.33333,27.0,0.83133,11.66667,32.33333,44.0,22.33333,5.33333,3.33333,11.33333,17.33333,115.33333,0,-0.06812,0.06812,0.43803,0.33225,0.54726,0.59602,0.63464,0.6418,1459.73239,1509.31009,0.56495,0.43505,1.77463,2.30826,0.0,240.0,39.33333,81.33333,0.48833,11.0,30.66667,0.361,20.0,23.33333,0.86633,7.0,33.0,40.0,20.0,5.0,3.66667,11.0,12.66667,109.66667,240.0,45.66667,86.33333,0.533,12.66667,33.0,0.38533,13.66667,15.0,0.92067,6.33333,35.33333,41.66667,25.66667,7.0,2.66667,9.0,18.66667,117.66667,0,0.11433,-0.11433,0.1838,0.20218,0.60604,0.55604,0.65992,0.64045,1551.87861,1498.72741,0.43866,0.56134,2.35262,1.80979,0.66667,2.25,1.99,3.96667,1.43333
240.0,38.0,86.0,0.442,8.66667,32.66667,0.25633,20.66667,24.66667,0.82067,6.0,33.0,39.0,27.66667,9.66667,5.33333,16.0,22.66667,105.33333,240.0,38.33333,87.66667,0.44,9.66667,29.66667,0.325,23.66667,30.66667,0.787,13.0,38.66667,51.66667,21.33333,9.66667,5.66667,17.0,22.0,110.0,0,0.06822,-0.06822,0.39301,0.16648,0.49458,0.49199,0.5849,0.57568,1542.62765,1525.45567,0.48483,0.51517,2.07931,1.95561,0.33333,240.0,42.0,88.0,0.47733,9.66667,27.66667,0.34,19.33333,27.66667,0.68333,11.0,33.0,44.0,22.66667,8.66667,3.66667,14.66667,18.66667,113.0,240.0,42.0,90.66667,0.47067,18.66667,45.33333,0.41267,18.33333,22.66667,0.77633,11.33333,33.0,44.33333,20.33333,8.33333,6.0,13.66667,22.0,121.0,0,0.09658,-0.09658,0.33426,0.33603,0.57409,0.53198,0.64113,0.60055,1503.85775,1428.69122,0.40736,0.59264,2.49048,1.70051,0.66667,1.99667,1.97667,3.03333,1.46667
240.0,41.33333,87.0,0.47567,11.33333,32.66667,0.34867,22.33333,31.0,0.71633,9.0,31.33333,40.33333,24.66667,7.66667,4.33333,13.66667,21.33333,116.33333,240.0,44.0,86.0,0.51033,16.0,36.33333,0.439,20.66667,28.0,0.757,9.66667,33.33333,43.0,24.66667,7.33333,4.33333,11.66667,21.33333,124.66667,0,0.09219,-0.09219,0.31163,0.26553,0.60323,0.54107,0.67586,0.62131,1499.05534,1396.15177,0.36933,0.63067,2.75711,1.5951,0.66667,240.0,43.0,91.33333,0.47267,12.0,34.0,0.343,13.66667,20.0,0.66333,13.33333,35.0,48.33333,25.0,9.33333,3.0,14.66667,19.66667,111.66667,240.0,39.66667,91.66667,0.43767,19.0,50.0,0.38433,15.66667,20.33333,0.75533,11.0,34.0,45.0,20.0,9.0,6.0,12.33333,17.66667,114.0,0,0.02895,-0.02895,0.30956,0.38873,0.54196,0.53773,0.59918,0.58438,1501.91187,1469.07512,0.45653,0.54347,2.24549,1.86855,0.66667,2.30667,1.74,2.77333,1.60333
240.0,38.0,84.66667,0.449,8.33333,24.66667,0.32633,16.33333,22.0,0.73633,7.33333,28.0,35.33333,19.33333,9.33333,5.33333,10.0,15.0,100.66667,240.0,45.33333,90.0,0.50167,15.33333,37.66667,0.417,11.0,13.66667,0.79567,12.0,40.33333,52.33333,28.33333,5.33333,4.0,14.0,20.0,117.0,1,0.20828,-0.20828,0.46524,0.18155,0.58707,0.49821,0.62821,0.56279,1505.58429,1492.90755,0.50084,0.49916,2.05966,2.05794,1.0,240.0,40.33333,88.33333,0.45733,9.66667,31.0,0.32533,20.0,26.33333,0.776,12.66667,32.0,44.66667,23.33333,6.33333,5.0,10.33333,21.66667,110.33333,240.0,36.66667,79.33333,0.45867,12.66667,33.33333,0.377,20.66667,27.66667,0.754,8.66667,32.0,40.66667,23.33333,5.66667,6.0,12.33333,21.0,106.66667,1,-0.06035,0.06035,0.27729,0.40823,0.53756,0.51224,0.62249,0.58713,1442.75211,1461.87563,0.52344,0.47656,1.94779,2.14017,0.33333,2.43667,1.65,1.73,2.26667
240.0,49.0,94.33333,0.51967,13.66667,37.33333,0.36333,15.33333,19.66667,0.76667,13.66667,32.33333,46.0,29.33333,8.0,3.33333,12.66667,17.66667,127.0,240.0,46.33333,89.33333,0.51833,14.33333,32.33333,0.44133,14.66667,18.0,0.813,8.66667,28.33333,37.0,26.0,5.66667,5.33333,13.0,18.0,121.66667,0,-0.05638,0.05638,0.27491,0.49135,0.59914,0.59265,0.65274,0.64571,1509.88855,1485.2338,0.45837,0.54163,2.25549,1.88945,0.66667,240.0,41.0,90.33333,0.45367,14.33333,36.66667,0.39,11.0,15.0,0.745,8.33333,41.0,49.33333,25.66667,6.0,6.33333,13.33333,19.66667,107.33333,240.0,38.0,92.66667,0.40867,8.66667,27.0,0.319,17.66667,21.33333,0.83233,8.33333,37.0,45.33333,24.0,6.33333,5.66667,10.33333,15.0,102.33333,0,-0.07173,0.07173,0.20252,0.22459,0.45551,0.53299,0.52471,0.57294,1484.24295,1479.19298,0.48016,0.51984,2.14056,1.96027,0.66667,2.32333,2.05333,2.57,1.67667
240.0,40.66667,89.33333,0.456,11.33333,36.66667,0.31,13.66667,17.66667,0.77033,8.66667,36.66667,45.33333,26.0,9.33333,6.33333,13.0,21.0,106.33333,240.0,39.33333,86.33333,0.45433,11.0,30.33333,0.36767,19.0,26.66667,0.703,9.0,39.0,48.0,26.66667,8.66667,6.66667,11.66667,14.66667,108.66667,1,0.02385,-0.02385,0.2609,0.2263,0.51777,0.51931,0.58857,0.57111,1453.20303,1445.7309,0.49219,0.50781,2.03713,1.97384,0.66667,240.0,35.0,85.33333,0.41,14.66667,40.66667,0.36133,23.0,28.33333,0.82,10.0,35.33333,45.33333,24.33333,5.66667,6.66667,13.0,20.0,107.66667,240.0,40.0,87.66667,0.45767,13.66667,37.33333,0.36633,17.66667,19.33333,0.89933,8.0,33.66667,41.66667,27.66667,7.66667,8.0,12.0,21.33333,111.33333,1,0.04514,-0.04514,0.23473,0.30424,0.53627,0.49606,0.6073,0.58888,1555.26032,1495.25323,0.4208,0.5792,2.4608,1.7521,0.66667,3.83333,1.43333,2.23667,1.97
240.0,40.33333,92.0,0.438,12.0,33.66667,0.36167,17.0,21.66667,0.76867,15.0,30.33333,45.33333,21.33333,10.0,5.0,11.33333,15.33333,109.66667,240.0,45.66667,85.33333,0.535,15.0,35.0,0.439,10.66667,15.0,0.70467,7.0,32.66667,39.66667,28.33333,7.0,8.0,14.33333,19.0,117.0,0,0.09269,-0.09269,0.2381,0.45951,0.62292,0.50367,0.66076,0.56724,1438.89782,1516.69112,0.61765,0.38235,1.65099,2.74337,1.0,240.0,38.0,85.0,0.45033,15.0,39.33333,0.37933,15.66667,18.66667,0.829,7.66667,30.33333,38.0,25.33333,7.33333,3.66667,12.33333,23.66667,106.66667,240.0,35.66667,78.66667,0.44867,15.0,34.0,0.441,26.33333,31.0,0.85433,9.33333,34.0,43.33333,25.33333,5.33333,3.66667,12.0,18.66667,112.66667,0,0.07635,-0.07635,0.31938,0.22376,0.5444,0.54107,0.65754,0.60347,1469.48709,1568.03669,0.63974,0.36026,1.60146,3.03341,1.0,1.84333,2.66667,2.13333,2.11667
248.33333,37.33333,91.33333,0.41033,10.33333,37.0,0.27833,19.33333,27.33333,0.70533,12.33333,36.0,48.33333,18.33333,6.66667,6.33333,13.33333,26.0,104.33333,248.33333,39.0,88.66667,0.439,10.33333,33.0,0.311,23.0,29.33333,0.80133,9.66667,38.33333,48.0,21.66667,6.33333,3.66667,12.66667,22.0,111.33333,0,0.09798,-0.09798,0.26703,0.3287,0.49667,0.46702,0.58508,0.53695,1449.52714,1518.42254,0.606,0.394,1.66006,2.57896,1.0,240.0,44.33333,86.0,0.51567,13.33333,32.66667,0.406,19.66667,23.66667,0.82867,6.0,34.66667,40.66667,28.66667,7.33333,5.0,11.66667,23.33333,121.66667,240.0,41.33333,87.0,0.47667,10.66667,32.33333,0.329,23.33333,29.66667,0.78633,9.0,32.0,41.0,28.66667,7.0,4.0,11.33333,20.33333,116.66667,0,-0.06049,0.06049,0.26365,0.1907,0.53827,0.59339,0.62574,0.66697,1524.73868,1528.75159,0.49422,0.50578,2.06328,2.01109,0.33333,1.59333,2.6,1.90333,1.98
240.0,34.33333,79.0,0.43867,14.66667,39.66667,0.366,18.0,20.66667,0.86633,6.66667,33.33333,40.0,24.0,6.33333,5.0,12.66667,20.66667,101.33333,240.0,34.66667,83.66667,0.41567,12.0,36.66667,0.326,16.33333,21.0,0.76167,10.66667,35.0,45.66667,26.0,6.0,5.0,13.0,22.33333,97.66667,0,-0.05991,0.05991,0.32485,0.18541,0.48768,0.53308,0.55379,0.61181,1478.16957,1552.6876,0.59744,0.40256,1.73985,2.67699,0.33333,240.0,38.66667,86.66667,0.44633,14.0,38.66667,0.36033,20.0,22.33333,0.894,8.33333,28.66667,37.0,23.33333,7.0,5.33333,10.33333,21.0,111.33333,240.0,42.0,85.66667,0.49067,11.66667,28.0,0.414,19.66667,25.33333,0.76967,11.33333,34.33333,45.66667,24.66667,5.33333,3.33333,12.33333,19.0,115.33333,0,0.05045,-0.05045,0.40901,0.24993,0.55885,0.52706,0.63289,0.60834,1518.82359,1519.03233,0.50448,0.49552,2.07459,2.09694,1.0,2.45,1.82667,2.26,1.97
240.0,43.0,83.66667,0.515,16.33333,39.0,0.417,14.0,19.33333,0.74733,7.0,31.66667,38.66667,24.0,7.66667,3.66667,9.66667,16.0,116.33333,240.0,42.66667,86.0,0.49567,13.0,34.0,0.376,11.66667,14.66667,0.812,10.0,31.66667,41.66667,24.33333,5.66667,3.66667,12.66667,16.0,110.0,1,-0.08392,0.08392,0.31997,0.21973,0.57082,0.61452,0.61564,0.66497,1578.15443,1543.95079,0.44279,0.55721,2.26478,1.79803,0.0,240.0,40.0,89.33333,0.448,13.0,36.33333,0.35233,16.33333,21.66667,0.741,11.0,39.33333,50.33333,27.33333,5.0,4.0,13.33333,18.33333,109.33333,240.0,37.33333,89.33333,0.41833,10.33333,29.0,0.35433,19.33333,22.66667,0.856,8.66667,34.33333,43.0,22.66667,7.0,5.33333,10.66667,19.33333,104.33333,1,-0.07241,0.07241,0.22038,0.33453,0.47622,0.52047,0.55364,0.58049,1485.1319,1508.18779,0.5197,0.4803,1.92671,2.0851,0.66667,3.08333,1.45,1.88333,1.96333
240.0,45.66667,93.33333,0.49,11.33333,32.0,0.355,15.0,16.66667,0.86967,11.33333,36.0,47.33333,25.33333,5.33333,6.33333,12.0,19.33333,117.66667,240.0,41.33333,88.66667,0.47,8.66667,27.66667,0.31033,20.66667,28.66667,0.72033,11.33333,33.33333,44.66667,24.0,7.33333,5.66667,11.66667,17.66667,112.0,0,-0.07191,0.07191,0.33484,0.34807,0.51833,0.55108,0.59248,0.60727,1486.75853,1498.05139,0.50658,0.49342,1.99579,2.04842,0.33333,240.0,39.0,85.33333,0.457,15.66667,42.0,0.37067,15.0,19.0,0.81167,9.33333,30.66667,40.0,26.33333,8.0,4.33333,12.0,16.0,108.66667,240.0,44.66667,92.33333,0.48433,15.66667,37.66667,0.43,12.66667,16.66667,0.752,12.33333,35.66667,48.0,32.0,8.0,3.66667,11.66667,18.66667,117.66667,0,0.11008,-0.11008,0.40607,0.27065,0.5693,0.5486,0.61355,0.60739,1589.31067,1499.73247,0.38122,0.61878,2.64033,1.62043,0.66667,2.65333,1.58,2.65,1.56333
240.0,40.0,85.66667,0.465,13.33333,36.66667,0.36533,18.0,21.66667,0.81233,9.66667,34.0,43.66667,22.33333,7.33333,8.0,12.0,18.33333,111.33333,240.0,39.66667,88.66667,0.44667,13.33333,37.0,0.36667,15.66667,20.33333,0.761,11.66667,32.33333,44.0,26.0,7.33333,4.66667,14.0,18.33333,108.33333,1,-0.03634,0.03634,0.35764,0.29945,0.52205,0.5435,0.58108,0.61465,1543.74699,1464.45549,0.37184,0.62816,2.69373,1.59288,0.33333,240.0,40.0,88.0,0.45633,12.66667,39.66667,0.31567,15.66667,20.33333,0.777,9.0,41.0,50.0,25.33333,7.33333,5.33333,12.66667,18.0,108.33333,240.0,37.33333,88.33333,0.42167,12.33333,34.0,0.36,15.33333,19.66667,0.78767,7.33333,38.0,45.33333,25.33333,7.33333,5.66667,8.66667,17.33333,102.33333,1,-0.07727,0.07727,0.17852,0.2465,0.49115,0.52873,0.55306,0.58746,1430.73409,1523.02152,0.60919,0.39081,1.72079,3.09995,0.33333,2.17333,1.81333,2.06667,2.72667
240.0,36.33333,80.66667,0.45267,14.66667,36.33333,0.409,17.66667,24.33333,0.71033,6.33333,34.33333,40.66667,22.33333,6.0,3.66667,14.0,22.0,105.0,240.0,38.66667,84.33333,0.459,10.33333,31.66667,0.33833,19.33333,26.0,0.73933,10.66667,38.33333,49.0,25.33333,9.33333,4.66667,13.0,17.66667,107.0,0,0.03457,-0.03457,0.31303,0.16691,0.52038,0.54413,0.5942,0.61323,1475.71135,1430.11472,0.4331,0.5669,2.47001,1.83788,0.66667,240.0,41.0,88.33333,0.46667,12.0,36.66667,0.31733,12.66667,18.66667,0.67933,11.66667,32.66667,44.33333,17.0,6.66667,3.0,13.66667,22.33333,106.66667,240.0,39.0,83.33333,0.468,14.0,38.33333,0.367,18.0,22.0,0.827,7.66667,33.0,40.66667,18.33333,5.33333,3.66667,12.33333,18.66667,110.0,0,0.05085,-0.05085,0.2505,0.36515,0.55215,0.53578,0.62431,0.58055,1460.34448,1501.38926,0.56639,0.43361,1.76734,2.31009,0.66667,3.47333,1.61667,2.38667,1.74
240.0,45.66667,85.33333,0.53633,16.0,35.0,0.45833,13.66667,17.0,0.80367,6.33333,31.0,37.33333,24.0,8.0,4.0,13.0,22.33333,121.0,240.0,41.66667,83.33333,0.50033,13.0,32.66667,0.39833,22.33333,29.33333,0.74367,10.66667,30.33333,41.0,30.0,7.0,3.66667,14.0,18.33333,118.66667,1,-0.03367,0.03367,0.34465,0.21724,0.57787,0.63001,0.65997,0.68015,1434.42718,1556.08382,0.66158,0.33842,1.52895,3.0695,0.66667,240.0,39.66667,88.0,0.45067,12.0,35.0,0.345,14.0,19.0,0.718,11.66667,36.0,47.66667,23.66667,7.66667,5.0,11.66667,15.33333,105.33333,240.0,38.33333,83.66667,0.457,16.0,41.66667,0.383,12.0,15.33333,0.792,6.66667,36.33333,43.0,24.0,6.0,2.33333,14.66667,18.33333,104.66667,1,-0.01426,0.01426,0.18296,0.3349,0.55251,0.51988,0.60124,0.5732,1431.53565,1492.20513,0.58339,0.41661,1.72323,2.42489,0.66667,1.49333,3.18333,1.58333,2.70333
240.0,42.33333,86.0,0.49067,15.33333,38.66667,0.4,17.66667,24.33333,0.72333,6.33333,33.33333,39.66667,24.0,7.33333,7.66667,7.33333,16.33333,117.66667,240.0,41.0,90.66667,0.451,16.66667,39.0,0.43533,14.0,17.66667,0.78367,12.0,35.66667,47.66667,23.66667,4.0,3.66667,12.0,19.0,112.66667,1,-0.06529,0.06529,0.37888,0.17855,0.54228,0.57987,0.59449,0.64316,1460.76213,1480.62845,0.51199,0.48801,2.06438,2.14267,0.33333,240.0,40.66667,86.66667,0.46933,9.33333,31.66667,0.28767,17.0,21.33333,0.845,8.33333,36.66667,45.0,24.0,4.33333,4.33333,10.0,21.66667,107.66667,240.0,38.66667,88.0,0.44,16.0,40.33333,0.396,21.0,25.33333,0.85133,10.33333,33.33333,43.66667,25.33333,6.66667,4.66667,9.33333,18.0,114.33333,1,0.08566,-0.08566,0.28728,0.25212,0.53137,0.52308,0.61179,0.58947,1557.62137,1499.50433,0.43726,0.56274,2.47016,1.87258,0.66667,1.7,2.44333,2.89,1.66333
240.0,35.66667,86.33333,0.41467,11.0,37.66667,0.29067,15.33333,19.33333,0.77833,9.33333,35.33333,44.66667,21.66667,9.0,4.33333,15.0,21.33333,97.66667,240.0,39.33333,85.33333,0.46033,7.33333,26.0,0.27867,20.33333,25.33333,0.79733,8.66667,40.0,48.66667,24.33333,9.0,6.33333,11.66667,17.0,106.33333,1,0.12314,-0.12314,0.25551,0.23822,0.50384,0.47802,0.58522,0.54029,1475.99045,1447.70408,0.46933,0.53067,2.14025,1.89165,1.0,240.0,37.66667,91.66667,0.409,12.33333,36.33333,0.32867,14.0,18.33333,0.75067,9.33333,37.33333,46.66667,25.33333,8.33333,3.0,13.33333,18.0,101.66667,240.0,41.0,89.0,0.45933,14.33333,35.66667,0.39667,15.66667,18.66667,0.807,7.66667,43.0,50.66667,27.0,8.0,7.66667,12.0,17.33333,112.0,1,0.14744,-0.14744,0.20833,0.21832,0.53875,0.47526,0.60103,0.52941,1437.63075,1488.39204,0.59273,0.40727,1.70299,2.49768,1.0,2.48333,1.60333,1.85667,2.25333
240.0,38.66667,85.66667,0.45133,10.33333,34.33333,0.289,20.66667,24.0,0.84767,8.0,32.33333,40.33333,26.66667,9.66667,5.0,14.0,18.33333,108.33333,240.0,37.33333,84.33333,0.44733,12.66667,32.66667,0.37333,17.66667,21.0,0.85533,9.66667,36.66667,46.33333,21.66667,7.33333,4.33333,18.66667,22.33333,105.0,0,-0.04312,0.04312,0.29162,0.21974,0.52504,0.51141,0.59687,0.59531,1508.66441,1527.7321,0.52427,0.47573,1.91546,2.1119,0.33333,248.33333,38.33333,88.0,0.43333,9.33333,30.0,0.31433,19.33333,25.33333,0.77433,8.33333,39.33333,47.66667,22.66667,7.33333,4.0,15.0,22.0,105.33333,248.33333,39.66667,92.0,0.428,11.66667,38.66667,0.29633,15.66667,20.66667,0.75967,11.0,35.66667,46.66667,26.33333,7.66667,8.0,14.33333,23.0,106.66667,0,0.0228,-0.0228,0.28505,0.23069,0.49124,0.48628,0.55092,0.55999,1583.14608,1456.18515,0.3289,0.6711,3.09939,1.49716,0.33333,1.83667,2.11333,2.85,1.5
240.0,37.0,82.0,0.453,16.33333,41.0,0.395,19.66667,23.0,0.87133,9.66667,37.66667,47.33333,24.0,6.66667,6.66667,16.33333,23.0,110.0,240.0,35.33333,85.0,0.41333,13.0,35.0,0.36767,20.33333,24.0,0.836,9.33333,31.33333,40.66667,20.66667,10.0,4.33333,10.33333,17.66667,104.0,1,-0.09426,0.09426,0.24458,0.33827,0.48844,0.55256,0.57245,0.63219,1474.46695,1518.55304,0.55546,0.44454,1.82533,2.30332,0.0,240.0,45.33333,83.33333,0.541,15.0,34.0,0.435,16.66667,23.0,0.72233,8.66667,43.33333,52.0,28.33333,6.66667,3.33333,15.66667,21.33333,122.33333,240.0,34.66667,86.0,0.40367,14.66667,41.33333,0.354,19.66667,27.66667,0.71367,8.66667,26.0,34.66667,20.0,10.33333,4.66667,11.33333,18.33333,103.66667,1,-0.23416,0.23416,0.19884,0.33371,0.48757,0.6301,0.56241,0.68987,1377.65044,1488.47778,0.62629,0.37371,1.65735,2.89015,0.0,1.82,2.10667,1.53667,4.39
240.0,39.0,88.0,0.443,11.33333,34.33333,0.33167,21.66667,25.0,0.86267,7.33333,29.0,36.33333,26.66667,7.0,4.66667,14.33333,19.33333,111.0,240.0,44.0,83.66667,0.52467,12.0,27.0,0.446,19.33333,22.33333,0.87267,5.66667,35.0,40.66667,25.66667,8.33333,4.66667,16.0,20.33333,119.33333,1,0.10155,-0.10155,0.19582,0.20981,0.59613,0.50762,0.67284,0.59367,1527.61011,1535.55961,0.5292,0.4708,1.89405,2.12997,1.0,240.0,39.66667,86.0,0.46433,12.33333,30.66667,0.40633,16.33333,21.33333,0.771,9.0,28.0,37.0,20.66667,9.0,5.0,10.66667,17.33333,108.0,240.0,41.0,82.33333,0.49867,13.0,33.0,0.403,13.33333,18.0,0.73533,10.66667,33.66667,44.33333,24.66667,6.66667,8.0,15.33333,18.66667,108.33333,1,0.00773,-0.00773,0.38194,0.27713,0.5779,0.53674,0.62897,0.59874,1365.62022,1456.92434,0.63109,0.36891,1.59779,2.78893,0.66667,2.17,1.74667,1.51333,2.85
240.0,41.66667,84.0,0.49533,12.33333,29.0,0.436,17.0,20.0,0.84567,7.66667,34.33333,42.0,20.66667,8.0,5.0,12.66667,16.0,112.66667,240.0,43.66667,90.66667,0.482,12.66667,30.66667,0.44,13.33333,16.66667,0.80333,10.33333,33.66667,44.0,26.33333,6.33333,4.0,11.33333,19.0,113.33333,1,0.01694,-0.01694,0.29566,0.24125,0.55165,0.56878,0.60116,0.63671,1460.70418,1587.96092,0.67917,0.32083,1.48005,3.19536,0.33333,240.0,38.66667,85.33333,0.453,16.66667,41.66667,0.39533,11.66667,14.0,0.83,8.66667,33.66667,42.33333,27.0,5.66667,6.0,15.0,17.0,105.66667,240.0,42.66667,91.66667,0.46567,7.0,24.0,0.327,17.0,20.66667,0.80933,12.33333,36.33333,48.66667,22.0,8.0,3.0,9.66667,14.0,109.33333,1,0.05813,-0.05813,0.36353,0.23749,0.50389,0.5502,0.56884,0.59727,1492.38374,1535.72411,0.57383,0.42617,1.79431,2.45692,0.66667,1.28333,3.96667,1.79,2.84333
240.0,40.66667,80.33333,0.508,8.0,25.66667,0.31367,18.66667,24.66667,0.766,6.0,32.33333,38.33333,23.66667,7.33333,6.33333,13.0,20.0,108.0,240.0,38.33333,85.33333,0.45067,15.33333,36.66667,0.418,16.33333,21.33333,0.776,8.66667,31.66667,40.33333,27.0,8.33333,3.66667,13.66667,24.0,108.33333,0,-0.00084,0.00084,0.2676,0.18869,0.54028,0.55869,0.60255,0.63285,1501.87762,1592.06975,0.6328,0.3672,1.61106,2.93098,0.33333,240.0,41.0,89.66667,0.456,10.33333,31.66667,0.329,16.66667,20.66667,0.797,9.33333,30.66667,40.0,20.33333,10.0,3.0,15.0,19.66667,109.0,240.0,43.0,85.33333,0.50367,19.33333,48.66667,0.39,20.66667,25.66667,0.80733,8.33333,34.66667,43.0,26.0,9.0,6.0,16.0,19.33333,126.0,0,0.21313,-0.21313,0.27178,0.28018,0.61715,0.51392,0.6928,0.57689,1650.24794,1491.73613,0.30547,0.69453,3.32562,1.44478,1.0,1.46,3.01667,4.95,1.24333
240.0,41.33333,87.0,0.474,14.66667,40.33333,0.36267,13.33333,15.66667,0.87533,9.0,32.33333,41.33333,20.66667,4.0,6.66667,11.33333,18.33333,110.66667,240.0,44.33333,94.0,0.47133,15.0,33.66667,0.44767,18.66667,21.66667,0.87533,13.66667,31.0,44.66667,26.33333,6.33333,3.0,6.33333,12.66667,122.33333,0,0.14798,-0.14798,0.46465,0.29293,0.55109,0.55825,0.6192,0.61056,1546.6743,1500.42224,0.44565,0.55435,2.27946,1.82542,0.66667,248.33333,40.33333,86.0,0.46933,11.66667,30.66667,0.36933,18.33333,26.66667,0.68267,7.66667,38.0,45.66667,24.0,8.66667,3.33333,14.33333,21.0,110.66667,248.33333,40.66667,90.33333,0.44867,12.0,39.66667,0.299,12.0,16.0,0.74767,9.33333,33.0,42.33333,25.0,7.0,7.0,16.66667,20.66667,105.33333,0,-0.07278,0.07278,0.24972,0.23255,0.51454,0.53915,0.56012,0.60343,1586.10627,1474.38506,0.33946,0.66054,3.03439,1.52683,0.0,2.9,1.46333,2.71667,1.54667
240.0,44.0,91.33333,0.481,8.33333,24.66667,0.32767,19.0,26.0,0.733,10.0,28.33333,38.33333,22.66667,13.0,1.33333,9.33333,19.66667,115.33333,240.0,43.33333,79.0,0.549,13.0,30.66667,0.42367,20.66667,25.66667,0.811,5.66667,36.0,41.66667,27.66667,7.33333,4.0,20.0,19.66667,120.33333,1,0.06642,-0.06642,0.22255,0.27749,0.63252,0.52586,0.71277,0.59285,1486.21044,1500.19665,0.52873,0.47127,2.0318,2.26135,0.66667,240.0,42.0,88.0,0.47567,12.0,30.33333,0.38633,20.33333,28.0,0.73133,9.33333,28.33333,37.66667,23.33333,9.66667,4.66667,7.66667,21.0,116.33333,240.0,40.0,80.0,0.50433,13.33333,31.66667,0.422,20.33333,25.0,0.81267,9.66667,37.33333,47.0,24.33333,4.0,4.66667,17.0,20.66667,113.66667,1,-0.04085,0.04085,0.34953,0.25254,0.58762,0.54462,0.66826,0.61746,1419.20698,1499.02713,0.60962,0.39038,1.64157,2.56643,0.66667,2.28,2.51667,1.51667,3.03333
240.0,43.33333,91.33333,0.47567,13.66667,36.0,0.37933,15.66667,22.0,0.70133,9.33333,30.33333,39.66667,22.0,7.66667,3.66667,11.0,21.66667,116.0,240.0,44.66667,88.0,0.509,14.66667,35.0,0.423,18.66667,25.0,0.712,10.33333,37.0,47.33333,26.33333,6.33333,2.66667,13.66667,18.33333,122.66667,1,0.08068,-0.08068,0.33864,0.25463,0.59244,0.55089,0.65836,0.60486,1536.84313,1592.61154,0.58234,0.41766,1.76973,2.54612,1.0,240.0,41.33333,83.33333,0.49667,16.66667,38.33333,0.425,14.33333,15.66667,0.914,5.66667,37.33333,43.0,29.33333,5.0,6.33333,13.66667,16.0,113.66667,240.0,41.66667,94.0,0.444,8.33333,26.66667,0.35067,14.33333,18.33333,0.76933,10.66667,34.0,44.66667,23.33333,7.33333,3.0,9.0,14.33333,106.0,1,-0.09647,0.09647,0.29013,0.1631,0.48856,0.59604,0.54188,0.65531,1488.60022,1584.3011,0.63093,0.36907,1.58852,2.7287,0.33333,1.62,3.93667,1.32667,3.55
240.0,43.0,86.66667,0.49733,14.33333,35.0,0.40767,19.33333,25.33333,0.74633,10.33333,27.0,37.33333,27.33333,8.66667,4.0,17.33333,19.66667,119.66667,240.0,48.0,85.66667,0.562,17.0,35.33333,0.47467,13.33333,17.33333,0.736,7.0,29.0,36.0,32.0,9.33333,4.0,16.0,17.66667,126.33333,1,0.08007,-0.08007,0.2559,0.35076,0.66069,0.57949,0.70818,0.64963,1474.55308,1474.78083,0.50947,0.49053,2.00918,2.10054,0.66667,248.33333,40.33333,90.33333,0.44267,10.66667,31.0,0.353,21.33333,24.33333,0.876,11.0,38.66667,49.66667,24.66667,6.66667,6.0,15.0,17.33333,112.66667,248.33333,37.33333,94.33333,0.39433,10.66667,37.66667,0.28033,17.33333,20.0,0.84067,9.0,34.66667,43.66667,27.33333,10.0,7.0,13.0,21.66667,102.66667,1,-0.13526,0.13526,0.23046,0.31458,0.44992,0.50196,0.51556,0.5851,1381.81999,1566.36517,0.7351,0.2649,1.36363,3.85531,0.0,3.2,1.42,1.44,3.53333
240.0,42.0,88.33333,0.47733,14.66667,41.66667,0.35233,18.66667,22.66667,0.826,8.33333,33.66667,42.0,22.0,6.0,4.0,10.33333,19.0,117.33333,240.0,43.66667,90.33333,0.48433,12.66667,31.66667,0.399,16.33333,18.33333,0.888,9.66667,34.33333,44.0,24.33333,5.33333,2.66667,9.66667,19.66667,116.33333,0,-0.01306,0.01306,0.30594,0.24686,0.55453,0.56041,0.61772,0.63007,1495.77711,1668.78705,0.72331,0.27669,1.40833,4.00062,0.66667,248.33333,45.66667,91.66667,0.502,15.0,37.33333,0.39833,15.33333,20.66667,0.71633,8.0,33.33333,41.33333,30.33333,8.33333,7.0,12.0,23.33333,121.66667,248.33333,44.66667,88.66667,0.505,10.66667,30.33333,0.36167,20.66667,30.0,0.69633,10.0,34.66667,44.66667,27.0,8.66667,5.33333,12.66667,16.66667,120.66667,0,-0.01092,0.01092,0.3038,0.22559,0.56523,0.58488,0.63485,0.63699,1482.40332,1511.28344,0.53594,0.46406,1.88843,2.18543,0.66667,1.50333,3.33667,3.27333,1.92333
240.0,38.0,89.0,0.426,10.0,35.0,0.28733,15.66667,19.0,0.82833,7.66667,34.0,41.66667,19.0,6.66667,3.0,12.66667,12.33333,101.66667,240.0,44.33333,89.0,0.499,14.66667,38.33333,0.37733,13.33333,16.33333,0.82033,8.66667,42.0,50.66667,29.0,8.33333,1.66667,13.0,17.66667,116.66667,0,0.20961,-0.20961,0.25262,0.19084,0.58085,0.48214,0.63043,0.54454,1513.78239,1422.37744,0.38445,0.61555,2.67182,1.6452,0.66667,240.0,36.66667,84.0,0.43967,12.0,39.0,0.30533,17.66667,20.0,0.88133,12.0,32.0,44.0,24.0,8.66667,3.66667,16.0,19.66667,103.0,240.0,37.0,82.33333,0.446,11.33333,33.66667,0.34067,19.0,23.0,0.82367,9.33333,31.0,40.33333,22.0,9.66667,3.66667,12.0,18.0,104.33333,0,0.00079,-0.00079,0.30331,0.41314,0.5146,0.51184,0.59285,0.58569,1478.00507,1567.61811,0.62497,0.37503,1.63959,2.93452,0.66667,4.6,1.25333,1.9,2.19333
240.0,44.66667,87.66667,0.50967,12.33333,31.66667,0.35133,15.66667,17.33333,0.89367,5.33333,34.0,39.33333,32.33333,7.66667,5.33333,11.0,14.33333,117.33333,240.0,36.66667,88.0,0.421,8.33333,33.0,0.256,16.0,19.0,0.815,11.0,33.66667,44.66667,21.66667,6.33333,4.0,14.66667,16.66667,97.66667,1,-0.26046,0.26046,0.31695,0.15909,0.47009,0.58074,0.53433,0.64218,1450.08579,1591.38665,0.66883,0.33117,1.51676,3.26852,0.0,248.33333,38.0,88.33333,0.42767,9.33333,32.0,0.29733,18.33333,24.0,0.77033,6.0,37.0,43.0,23.33333,8.0,4.33333,17.0,23.66667,103.66667,248.33333,42.0,92.33333,0.454,11.0,34.0,0.31833,19.33333,27.66667,0.69367,13.66667,38.66667,52.33333,25.33333,10.66667,8.0,16.0,24.33333,114.33333,1,0.15378,-0.15378,0.3796,0.16233,0.51293,0.48058,0.58123,0.55051,1584.53607,1476.4943,0.36612,0.63388,2.83479,1.59452,0.66667,1.31667,3.93333,2.78333,1.52667
240.0,42.66667,92.33333,0.462,10.0,32.0,0.31367,21.33333,30.0,0.69667,13.33333,31.33333,44.66667,24.66667,6.66667,3.0,11.0,22.0,116.66667,240.0,43.33333,85.66667,0.50467,15.33333,35.66667,0.429,21.33333,26.0,0.84033,9.33333,33.66667,43.0,21.33333,6.66667,5.0,11.66667,20.66667,123.33333,0,0.07274,-0.07274,0.30153,0.39926,0.5941,0.5163,0.67421,0.59182,1482.5296,1392.41454,0.38374,0.61626,2.62342,1.62716,0.66667,240.0,43.33333,89.33333,0.48667,12.0,32.66667,0.363,18.66667,22.0,0.845,7.33333,30.0,37.33333,26.33333,8.66667,5.0,9.33333,20.33333,117.33333,240.0,43.33333,85.33333,0.50867,14.66667,35.66667,0.397,19.66667,24.33333,0.80833,9.66667,32.66667,42.33333,30.33333,5.0,4.33333,13.0,22.33333,121.0,0,0.04425,-0.04425,0.34259,0.22589,0.59503,0.5548,0.66891,0.62499,1522.15946,1539.15645,0.52839,0.47161,1.89755,2.128,0.66667,2.14,1.79333,1.78667,2.08333
240.0,40.33333,83.66667,0.48267,9.33333,24.66667,0.36633,14.0,18.66667,0.714,8.66667,27.0,35.66667,22.33333,7.0,7.0,13.0,18.33333,104.0,240.0,46.0,88.0,0.51967,11.66667,31.33333,0.374,12.33333,18.33333,0.67933,11.33333,35.0,46.33333,28.66667,6.33333,4.33333,11.0,18.33333,116.0,1,0.14765,-0.14765,0.45372,0.26214,0.58546,0.53858,0.62869,0.59403,1508.37671,1495.72195,0.49483,0.50517,2.07761,2.02408,0.66667,240.0,37.66667,86.66667,0.436,10.33333,33.33333,0.32,13.66667,18.0,0.77,7.0,33.66667,40.66667,21.66667,8.33333,7.33333,12.66667,16.66667,99.33333,240.0,42.0,94.33333,0.445,13.0,39.33333,0.33367,13.33333,16.0,0.872,12.66667,38.0,50.66667,28.0,6.33333,4.66667,12.66667,17.66667,110.33333,1,0.13884,-0.13884,0.38387,0.20394,0.51367,0.49583,0.56233,0.54985,1496.38274,1468.69535,0.48069,0.51931,2.12939,1.96081,0.66667,2.41,1.68,2.55667,1.68333
240.0,36.0,81.0,0.44667,14.0,38.66667,0.35233,16.66667,18.66667,0.89267,11.0,35.0,46.0,24.66667,8.0,4.33333,17.0,21.0,102.66667,240.0,34.33333,81.66667,0.41833,11.0,35.0,0.31367,20.66667,23.66667,0.86367,9.0,30.0,39.0,22.0,10.0,5.0,10.33333,16.0,100.33333,1,-0.04399,0.04399,0.2601,0.39177,0.48558,0.53359,0.57453,0.60544,1458.66841,1516.25796,0.58289,0.41711,1.72475,2.42531,0.33333,240.0,40.0,87.33333,0.45633,17.66667,42.0,0.425,18.66667,23.66667,0.77867,10.33333,36.33333,46.66667,28.66667,6.66667,5.66667,13.66667,22.33333,116.33333,240.0,38.0,86.33333,0.44033,13.0,38.0,0.34,20.66667,23.33333,0.88067,8.66667,31.33333,40.0,25.0,8.0,8.0,12.0,20.0,109.66667,1,-0.08547,0.08547,0.24878,0.34454,0.51602,0.55753,0.60084,0.62855,1547.447,1467.35101,0.37174,0.62826,2.77236,1.61208,0.33333,1.99,1.92667,2.91333,1.63667
240.0,41.0,92.66667,0.444,13.33333,40.0,0.33467,18.66667,21.33333,0.87333,10.66667,31.66667,42.33333,18.66667,9.33333,4.0,10.66667,19.33333,114.0,240.0,41.66667,87.0,0.479,11.0,29.0,0.377,17.66667,21.33333,0.812,10.33333,37.0,47.33333,21.33333,5.0,2.33333,14.0,20.0,112.0,1,-0.0337,0.0337,0.33372,0.28487,0.54218,0.51558,0.61018,0.5867,1553.62366,1663.02549,0.63883,0.36117,1.59658,3.00926,0.66667,240.0,40.33333,92.0,0.438,13.33333,38.66667,0.34033,13.0,17.33333,0.741,8.66667,39.0,47.66667,28.0,9.33333,4.33333,13.0,19.66667,107.0,240.0,38.0,87.66667,0.432,13.66667,37.0,0.36233,17.66667,22.66667,0.77067,7.66667,42.33333,50.0,26.33333,7.66667,7.33333,12.0,17.66667,107.33333,1,0.0005,-0.0005,0.19704,0.20516,0.5091,0.50965,0.57867,0.55795,1436.35357,1473.05065,0.54822,0.45178,1.84134,2.24967,0.66667,1.56333,2.73667,2.16667,1.97667
240.0,42.33333,88.0,0.48533,15.33333,39.0,0.39733,10.33333,11.33333,0.89667,9.0,34.66667,43.66667,27.33333,5.33333,5.33333,11.33333,19.0,110.33333,240.0,39.66667,89.33333,0.44567,12.33333,32.66667,0.379,15.33333,20.33333,0.754,10.0,32.66667,42.66667,23.33333,7.66667,4.33333,9.33333,12.33333,107.0,0,-0.04402,0.04402,0.32276,0.26925,0.51583,0.57325,0.57308,0.61514,1531.14196,1592.39593,0.57589,0.42411,1.75114,2.39018,0.66667,240.0,45.33333,94.0,0.483,13.66667,34.0,0.403,17.33333,23.33333,0.757,10.33333,35.0,45.33333,24.0,10.33333,6.0,13.33333,25.33333,121.66667,240.0,43.0,88.33333,0.489,13.0,32.33333,0.40133,24.0,31.0,0.76933,9.33333,37.0,46.33333,29.0,7.0,4.0,17.0,21.33333,123.0,0,0.01455,-0.01455,0.26342,0.27874,0.56274,0.55559,0.6479,0.61465,1418.81903,1474.3436,0.58367,0.41633,1.76264,2.52709,0.66667,1.61333,2.75,2.02333,1.99
240.0,39.66667,91.0,0.43533,11.33333,35.33333,0.327,15.66667,20.66667,0.75,16.0,32.0,48.0,21.66667,9.33333,5.0,12.33333,17.33333,106.33333,240.0,42.0,84.0,0.50067,14.0,35.66667,0.40467,15.0,19.0,0.77433,8.0,32.0,40.0,28.66667,7.0,6.0,13.0,18.66667,113.0,1,0.08874,-0.08874,0.25216,0.49732,0.58429,0.49767,0.64202,0.55668,1425.72218,1516.25422,0.63668,0.36332,1.5847,2.83231,1.0,240.0,37.66667,85.0,0.44667,14.33333,41.66667,0.33667,18.0,20.66667,0.867,9.33333,29.66667,39.0,25.33333,8.66667,4.0,13.0,22.0,107.66667,240.0,40.0,84.0,0.476,14.0,35.33333,0.39867,22.33333,25.33333,0.88367,11.33333,34.33333,45.66667,27.33333,6.33333,3.66667,13.33333,20.66667,116.33333,1,0.11271,-0.11271,0.38345,0.2708,0.55974,0.53341,0.64967,0.60637,1475.68074,1577.93751,0.65309,0.34691,1.55647,3.09805,1.0,1.66,2.73667,1.86667,2.21333
248.33333,43.66667,98.0,0.44533,17.66667,43.66667,0.40433,17.0,22.0,0.77633,13.66667,33.66667,47.33333,24.0,8.0,4.66667,12.66667,20.66667,122.0,248.33333,50.0,91.33333,0.54767,10.33333,22.33333,0.49067,20.0,25.33333,0.79567,7.66667,40.0,47.66667,27.33333,8.66667,4.33333,12.33333,19.33333,130.33333,1,0.09551,-0.09551,0.23622,0.35194,0.6047,0.53537,0.6732,0.59325,1519.4094,1669.49455,0.71442,0.28558,1.40387,3.56015,1.0,240.0,42.0,87.33333,0.48033,16.0,40.0,0.39167,15.66667,18.33333,0.85833,8.33333,24.66667,33.0,26.66667,6.33333,3.66667,12.0,22.0,115.66667,240.0,43.0,83.0,0.52267,13.0,30.33333,0.427,21.0,29.0,0.724,12.0,31.66667,43.66667,25.0,6.33333,3.66667,14.0,19.0,120.0,1,0.05156,-0.05156,0.48609,0.26865,0.60181,0.57118,0.67607,0.63253,1520.04178,1515.70619,0.49783,0.50217,2.09808,2.06658,1.0,1.44333,3.11667,2.87667,1.82333
240.0,44.66667,86.66667,0.51433,15.66667,37.66667,0.41267,12.0,17.33333,0.70233,9.0,29.66667,38.66667,31.0,8.33333,4.0,12.33333,21.33333,117.0,240.0,43.0,83.33333,0.51333,10.33333,28.66667,0.367,19.33333,26.0,0.74767,10.33333,31.66667,42.0,24.33333,8.66667,5.0,13.0,14.33333,115.66667,0,-0.01572,0.01572,0.37491,0.2962,0.57566,0.6045,0.64862,0.6455,1509.38385,1446.62135,0.4057,0.5943,2.51463,1.69634,0.66667,240.0,43.33333,93.33333,0.46333,13.0,38.0,0.339,12.33333,16.66667,0.726,9.33333,31.33333,40.66667,27.33333,11.0,3.66667,10.33333,14.33333,112.0,240.0,42.0,86.66667,0.48533,15.0,36.66667,0.40467,11.66667,13.0,0.872,9.33333,40.0,49.33333,22.0,5.66667,3.66667,20.0,19.66667,110.66667,0,-0.0156,0.0156,0.29469,0.23486,0.57487,0.53307,0.62138,0.57691,1490.97529,1470.93455,0.46722,0.53278,2.2042,1.91591,0.66667,4.55,1.25333,1.85333,2.10333
248.33333,48.0,91.66667,0.52367,14.66667,33.0,0.444,14.33333,18.33333,0.76833,10.0,37.33333,47.33333,28.0,5.66667,5.0,13.66667,19.33333,125.0,248.33333,43.66667,90.0,0.48867,11.0,32.0,0.33667,20.0,28.0,0.71533,9.0,32.33333,41.33333,26.0,9.0,4.33333,11.0,19.0,118.33333,1,-0.08803,0.08803,0.24184,0.31919,0.54929,0.604,0.6178,0.6531,1506.87705,1503.91092,0.48403,0.51597,2.13518,1.98484,0.33333,240.0,42.66667,85.0,0.50267,12.33333,30.33333,0.42667,12.33333,16.33333,0.72167,8.66667,30.0,38.66667,26.33333,6.33333,7.33333,13.66667,24.0,110.0,240.0,35.0,76.66667,0.45533,9.33333,28.66667,0.325,22.33333,29.33333,0.747,9.33333,33.33333,42.66667,20.33333,8.33333,4.66667,14.33333,18.0,101.66667,1,-0.12151,0.12151,0.35952,0.27011,0.5167,0.57525,0.61241,0.62167,1436.03651,1507.38336,0.58375,0.41625,1.71362,2.40395,0.33333,2.77,1.56,1.7,2.35
240.0,46.0,84.33333,0.546,15.33333,32.66667,0.47067,13.0,16.33333,0.797,5.0,34.66667,39.66667,26.33333,7.66667,2.66667,13.33333,19.0,120.33333,240.0,39.33333,84.0,0.46967,11.66667,37.33333,0.32467,17.0,23.0,0.72333,10.0,28.33333,38.33333,27.66667,7.0,4.66667,14.33333,17.0,107.33333,1,-0.17189,0.17189,0.30516,0.19132,0.53924,0.63691,0.60344,0.68481,1437.93672,1560.79163,0.65475,0.34525,1.54377,3.0034,0.33333,248.33333,45.0,96.66667,0.467,8.66667,29.66667,0.28833,16.66667,19.33333,0.85667,9.33333,28.0,37.33333,28.33333,10.0,3.66667,10.33333,17.66667,115.33333,248.33333,47.66667,84.33333,0.563,11.0,26.33333,0.42167,11.0,13.66667,0.79333,5.0,35.66667,40.66667,25.66667,6.0,5.66667,17.33333,18.0,117.33333,1,0.01595,-0.01595,0.1804,0.26005,0.62891,0.51117,0.66961,0.57159,1500.70659,1461.99815,0.44859,0.55141,2.38608,1.92509,0.66667,1.42333,3.46667,1.95667,2.20333
248.33333,38.0,88.33333,0.435,8.66667,28.0,0.311,19.0,24.33333,0.78367,11.33333,38.33333,49.66667,22.0,9.66667,4.0,17.33333,22.66667,103.66667,248.33333,38.33333,82.33333,0.463,12.33333,32.0,0.37967,20.33333,26.66667,0.78633,5.66667,32.66667,38.33333,24.0,10.33333,8.0,15.66667,22.33333,109.33333,0,0.06366,-0.06366,0.14914,0.33802,0.53702,0.48571,0.61697,0.55992,1486.4923,1381.31967,0.35848,0.64152,2.9247,1.58545,0.33333,240.0,45.0,87.33333,0.51367,13.66667,32.66667,0.41233,18.33333,21.0,0.87467,8.33333,33.0,41.33333,27.66667,7.66667,7.0,11.66667,20.33333,122.0,240.0,40.66667,89.0,0.459,7.66667,32.33333,0.239,18.33333,27.33333,0.67533,13.66667,29.66667,43.33333,28.33333,7.33333,5.0,13.66667,19.33333,107.33333,0,-0.18524,0.18524,0.41611,0.28515,0.5029,0.59098,0.56777,0.6629,1475.06141,1452.25955,0.44293,0.55707,2.35788,1.83475,0.0,4.6,1.32667,2.90667,1.60333
240.0,39.33333,90.33333,0.435,10.33333,42.33333,0.24033,21.33333,27.33333,0.782,10.0,32.0,42.0,22.0,9.0,5.33333,15.0,21.0,110.33333,240.0,44.0,86.33333,0.50867,12.0,28.0,0.43033,23.33333,28.66667,0.81433,7.0,39.0,46.0,23.0,10.0,4.0,14.0,22.0,123.33333,0,0.16353,-0.16353,0.22116,0.25608,0.57851,0.49166,0.66579,0.57208,1485.7057,1450.92346,0.47233,0.52767,2.17983,1.9412,1.0,240.0,43.0,82.66667,0.52267,14.0,30.0,0.46667,16.0,21.33333,0.75133,8.0,30.33333,38.33333,22.66667,9.33333,3.0,13.33333,18.0,116.0,240.0,39.66667,81.66667,0.48667,11.66667,31.33333,0.384,14.33333,20.0,0.71933,11.33333,26.0,37.33333,26.66667,8.0,6.0,16.0,17.0,105.33333,0,-0.13987,0.13987,0.36895,0.30419,0.55862,0.60781,0.61349,0.66689,1363.80932,1504.7284,0.67168,0.32832,1.50598,3.16921,0.33333,2.72667,1.68333,1.39667,3.58333
240.0,41.33333,84.66667,0.485,14.66667,38.66667,0.38033,16.66667,21.0,0.781,7.66667,36.33333,44.0,23.0,6.66667,7.66667,11.33333,16.0,114.0,240.0,40.33333,90.33333,0.445,15.33333,38.0,0.40667,15.0,19.33333,0.76367,9.33333,33.0,42.33333,24.0,7.0,3.66667,11.33333,17.33333,111.0,0,-0.03482,0.03482,0.2735,0.2348,0.52946,0.57164,0.58555,0.63614,1500.3937,1470.99654,0.44372,0.55628,2.3553,1.86333,0.33333,240.0,44.0,90.66667,0.48633,12.0,32.0,0.38133,11.33333,16.0,0.709,10.33333,38.66667,49.0,23.66667,7.33333,4.0,11.33333,14.0,111.33333,240.0,40.0,88.33333,0.453,15.0,44.33333,0.34133,10.33333,14.0,0.75567,7.33333,35.33333,42.66667,25.33333,6.33333,4.0,13.66667,15.66667,105.33333,0,-0.07826,0.07826,0.1896,0.30056,0.53781,0.55248,0.57609,0.59208,1429.69472,1525.94259,0.62955,0.37045,1.59286,2.7208,0.66667,2.03667,2.23,1.58333,2.70333
240.0,43.33333,86.0,0.505,9.66667,29.66667,0.33533,15.66667,19.33333,0.80567,7.66667,31.0,38.66667,24.66667,11.33333,6.0,14.0,20.33333,112.0,240.0,40.0,83.33333,0.47933,10.0,27.0,0.366,19.0,23.66667,0.82233,9.0,33.33333,42.33333,25.66667,9.0,3.33333,18.66667,18.33333,109.0,0,-0.0348,0.0348,0.31084,0.22939,0.53874,0.56127,0.61654,0.62148,1526.82586,1524.73628,0.48603,0.51397,2.22893,2.16257,0.33333,240.0,41.33333,86.33333,0.47867,13.33333,37.66667,0.34667,15.33333,17.0,0.91833,9.33333,36.33333,45.66667,23.66667,4.66667,4.0,9.33333,19.33333,111.33333,240.0,38.0,89.66667,0.424,15.0,38.33333,0.39133,17.0,20.0,0.847,11.33333,30.66667,42.0,25.0,6.33333,3.66667,9.66667,16.33333,108.0,0,-0.04366,0.04366,0.31644,0.30417,0.50784,0.556,0.57463,0.61803,1564.5691,1467.052,0.35597,0.64403,2.85553,1.56053,0.33333,2.52333,2.05333,3.03333,1.48667
240.0,38.66667,92.33333,0.41933,16.0,47.0,0.33767,14.66667,18.66667,0.79033,9.33333,28.33333,37.66667,28.0,7.0,4.66667,13.66667,21.0,108.0,240.0,42.66667,84.0,0.51433,15.33333,40.66667,0.38333,20.66667,27.33333,0.76567,10.33333,39.66667,50.0,30.0,7.33333,6.66667,18.0,20.66667,121.33333,0,0.17462,-0.17462,0.37897,0.24039,0.60751,0.50596,0.68145,0.56064,1503.20582,1519.22435,0.55059,0.44941,1.8189,2.22986,1.0,240.0,42.66667,86.0,0.498,10.66667,27.66667,0.39967,13.33333,18.66667,0.70233,10.0,35.0,45.0,25.33333,5.66667,7.33333,14.0,23.66667,109.33333,240.0,34.66667,79.0,0.43667,9.33333,30.0,0.30833,20.0,29.33333,0.674,8.33333,31.33333,39.66667,19.33333,7.66667,5.0,11.33333,16.33333,98.66667,0,-0.15168,0.15168,0.2381,0.32214,0.49594,0.56027,0.57703,0.60902,1437.76913,1469.78705,0.52772,0.47228,1.93429,2.16261,0.0,2.91667,1.52333,1.85667,1.96667
240.0,39.0,91.0,0.429,12.0,37.66667,0.31667,12.66667,19.0,0.65733,10.33333,35.66667,46.0,23.0,7.66667,3.66667,14.66667,19.33333,102.66667,240.0,43.0,92.66667,0.46233,14.66667,40.0,0.375,18.66667,22.66667,0.81433,10.33333,41.33333,51.66667,23.0,7.66667,4.66667,12.33333,18.0,119.33333,1,0.21369,-0.21369,0.29512,0.25734,0.54167,0.49432,0.61019,0.53951,1574.09182,1507.47002,0.42754,0.57246,2.39806,1.77674,1.0,240.0,48.0,87.66667,0.54733,17.33333,36.33333,0.477,15.0,20.33333,0.75,9.66667,39.0,48.66667,31.33333,7.0,3.33333,13.33333,21.33333,128.33333,240.0,38.33333,90.0,0.42667,15.66667,42.33333,0.37367,17.0,24.0,0.72,10.66667,26.33333,37.0,24.66667,8.0,5.33333,11.0,18.66667,109.33333,1,-0.22983,0.22983,0.28204,0.3679,0.51338,0.64637,0.57413,0.69638,1364.80633,1538.77859,0.7145,0.2855,1.40004,3.51018,0.0,3.92333,1.47667,1.19,5.23333
240.0,43.0,86.0,0.50067,9.0,27.33333,0.32967,16.66667,20.66667,0.80233,6.0,26.0,32.0,27.0,10.33333,5.33333,15.33333,17.33333,111.66667,240.0,44.33333,84.0,0.52667,12.66667,29.0,0.44067,15.66667,17.66667,0.89633,7.0,33.0,40.0,27.33333,10.0,3.0,20.66667,19.66667,117.0,0,0.06363,-0.06363,0.28232,0.1813,0.60188,0.55326,0.66469,0.61756,1483.24777,1530.6195,0.57892,0.42108,1.76134,2.48147,0.66667,240.0,35.0,82.0,0.429,11.66667,33.33333,0.36133,17.66667,21.33333,0.82133,6.0,32.33333,38.33333,25.0,6.66667,5.33333,16.0,20.66667,99.33333,240.0,39.0,84.0,0.46567,9.66667,29.66667,0.323,20.0,27.66667,0.733,11.33333,37.33333,48.66667,21.66667,9.66667,7.0,13.33333,22.33333,107.66667,0,0.12113,-0.12113,0.34425,0.1693,0.52382,0.5009,0.5989,0.57583,1583.4998,1539.60809,0.44575,0.55425,2.27407,1.82112,0.66667,1.89333,2.27667,2.26,1.74
240.0,49.33333,90.33333,0.546,12.0,29.33333,0.407,13.33333,16.0,0.84333,8.0,40.0,48.0,26.66667,6.66667,4.0,11.33333,17.66667,124.0,240.0,37.0,87.0,0.424,11.33333,41.66667,0.275,16.33333,22.66667,0.72333,10.66667,29.66667,40.33333,23.66667,6.0,4.33333,12.33333,17.33333,101.66667,1,-0.28923,0.28923,0.26994,0.27011,0.48943,0.61228,0.55248,0.66064,1499.81976,1573.31997,0.57564,0.42436,1.77408,2.44384,0.0,248.33333,40.33333,92.33333,0.438,10.33333,33.66667,0.29867,20.33333,24.66667,0.81133,12.33333,41.33333,53.66667,24.66667,6.0,3.33333,16.66667,22.0,111.33333,248.33333,37.66667,88.66667,0.42633,8.0,30.33333,0.26333,21.33333,27.0,0.78033,7.66667,36.0,43.66667,20.33333,9.66667,8.66667,15.66667,22.33333,104.66667,1,-0.08971,0.08971,0.18805,0.33859,0.47123,0.49293,0.55475,0.57084,1540.55125,1546.33818,0.50145,0.49855,2.04474,2.06482,0.0,2.20667,2.43333,2.1,2.05667
240.0,42.66667,83.33333,0.512,13.0,33.0,0.39533,14.33333,16.33333,0.873,5.33333,36.33333,41.66667,24.33333,7.0,6.33333,13.33333,15.66667,112.66667,240.0,43.0,91.33333,0.472,10.66667,26.33333,0.425,12.33333,15.66667,0.79033,7.66667,34.33333,42.0,24.66667,7.0,2.66667,9.33333,15.66667,109.0,0,-0.04239,0.04239,0.21353,0.15142,0.53096,0.59022,0.57709,0.64853,1489.64017,1590.16209,0.63811,0.36189,1.56934,2.77637,0.33333,240.0,45.66667,100.0,0.45633,14.66667,42.0,0.34967,11.33333,14.33333,0.82133,11.0,33.33333,44.33333,32.0,5.0,4.0,11.66667,19.66667,117.33333,240.0,49.66667,95.0,0.522,14.66667,33.66667,0.42933,18.0,23.33333,0.75933,10.33333,39.66667,50.0,25.33333,7.66667,6.0,11.33333,15.0,132.0,0,0.17051,-0.17051,0.32044,0.28302,0.59858,0.52975,0.65891,0.56855,1587.09639,1425.69157,0.29418,0.70582,3.47529,1.42283,1.0,1.31,3.65,5.05,1.20667
240.0,38.66667,83.0,0.46833,8.33333,29.0,0.293,16.33333,23.33333,0.705,8.66667,34.33333,43.0,21.33333,5.66667,5.33333,14.0,18.33333,102.0,240.0,39.66667,88.33333,0.44967,19.0,43.0,0.44433,15.0,20.66667,0.72367,11.33333,34.66667,46.0,27.33333,8.0,3.0,12.0,22.33333,113.33333,0,0.15558,-0.15558,0.33494,0.24681,0.55789,0.5194,0.6111,0.58203,1544.16915,1587.48367,0.58023,0.41977,1.86107,2.74304,0.66667,240.0,48.33333,89.0,0.54367,16.66667,37.0,0.43133,13.66667,16.33333,0.782,8.0,31.0,39.0,32.33333,6.0,4.0,15.0,17.0,127.0,240.0,48.0,93.66667,0.512,14.33333,36.66667,0.39133,10.0,15.33333,0.66567,12.33333,27.0,39.33333,28.33333,6.33333,3.66667,12.66667,16.66667,120.33333,0,-0.07812,0.07812,0.40942,0.29863,0.58907,0.63737,0.62002,0.68766,1406.94599,1491.05049,0.61045,0.38955,1.64588,2.59545,0.0,2.45,2.26667,1.99333,2.05333
240.0,44.0,92.66667,0.47433,7.66667,25.0,0.30067,16.66667,22.66667,0.754,11.66667,30.66667,42.33333,20.33333,12.0,4.33333,11.33333,16.0,112.33333,240.0,44.0,83.66667,0.53133,12.66667,32.0,0.40067,18.33333,23.0,0.78667,7.33333,36.66667,44.0,26.66667,9.0,5.66667,17.33333,16.33333,119.0,0,0.08471,-0.08471,0.25588,0.31991,0.60958,0.51491,0.67951,0.57444,1479.28713,1498.02702,0.53825,0.46175,2.00681,2.32647,0.66667,240.0,36.66667,98.0,0.37567,8.0,37.0,0.217,10.66667,16.0,0.666,14.66667,33.0,47.66667,17.0,8.33333,3.33333,11.0,14.66667,92.0,240.0,40.33333,86.33333,0.46767,20.0,47.66667,0.417,14.66667,18.0,0.812,10.33333,43.0,53.33333,25.33333,6.66667,5.66667,13.33333,16.0,115.33333,0,0.32797,-0.32797,0.31069,0.3396,0.5829,0.41674,0.6391,0.4558,1676.42472,1497.46922,0.29614,0.70386,4.03924,1.45001,1.0,2.06,3.05667,9.43333,1.12
240.0,40.33333,87.0,0.46133,11.66667,34.0,0.338,15.0,19.33333,0.77867,9.33333,37.0,46.33333,30.0,7.66667,3.66667,13.66667,18.33333,107.33333,240.0,36.0,83.66667,0.429,14.0,41.66667,0.338,13.33333,17.33333,0.76233,8.0,33.66667,41.66667,24.66667,6.0,3.33333,15.33333,19.66667,99.33333,1,-0.11065,0.11065,0.21602,0.27712,0.51343,0.52886,0.56889,0.58808,1476.27421,1460.18786,0.46966,0.53034,2.25972,1.95201,0.0,240.0,47.0,94.66667,0.498,14.0,35.66667,0.395,15.33333,18.66667,0.81,11.0,29.66667,40.66667,28.33333,8.33333,7.0,11.66667,22.0,123.33333,240.0,49.33333,88.33333,0.55833,7.66667,18.66667,0.448,20.66667,30.0,0.696,9.66667,34.66667,44.33333,29.0,8.33333,5.66667,12.0,14.66667,127.0,1,0.04286,-0.04286,0.3299,0.33094,0.60158,0.57173,0.66907,0.6253,1486.97809,1540.11653,0.57514,0.42486,1.81502,2.6296,0.66667,1.92,2.29333,3.60333,1.98333
240.0,43.0,94.66667,0.45433,11.66667,35.0,0.33333,14.33333,19.33333,0.72967,10.33333,33.66667,44.0,21.33333,9.33333,5.33333,13.33333,21.0,112.0,240.0,42.66667,92.66667,0.46467,12.33333,36.0,0.34,20.33333,24.66667,0.79133,12.0,38.33333,50.33333,25.0,8.33333,4.66667,14.0,18.66667,118.0,1,0.0725,-0.0725,0.346,0.2705,0.53268,0.5158,0.6072,0.5662,1523.91898,1584.7742,0.58943,0.41057,1.74938,2.58828,0.66667,240.0,44.66667,89.0,0.50067,13.33333,28.33333,0.47633,20.33333,22.66667,0.903,9.66667,36.33333,46.0,25.33333,10.66667,3.66667,14.66667,23.66667,123.0,240.0,40.33333,83.66667,0.483,9.33333,26.0,0.35967,20.33333,29.66667,0.675,7.0,29.66667,36.66667,22.66667,10.0,2.66667,16.33333,20.0,110.33333,1,-0.15913,0.15913,0.19414,0.33023,0.53878,0.57656,0.61168,0.65522,1413.54278,1560.02328,0.68481,0.31519,1.47145,3.2711,0.33333,1.57333,4.07,1.67,2.51
240.0,36.66667,84.66667,0.43233,12.33333,39.0,0.31533,14.0,16.33333,0.879,10.0,36.0,46.0,18.33333,3.66667,6.0,13.33333,19.0,99.66667,240.0,42.33333,93.66667,0.45033,12.33333,32.0,0.37767,18.0,21.33333,0.861,12.66667,32.33333,45.0,26.33333,7.66667,5.0,5.66667,15.33333,115.0,1,0.2001,-0.2001,0.3575,0.31231,0.51536,0.50515,0.58307,0.56441,1574.93845,1494.06354,0.39909,0.60091,2.50741,1.66465,1.0,240.0,41.0,90.66667,0.44767,12.0,35.33333,0.33167,19.0,22.33333,0.846,12.0,38.66667,50.66667,25.33333,9.66667,6.0,16.0,17.33333,113.0,240.0,35.33333,90.66667,0.38933,8.66667,37.66667,0.23033,14.66667,17.66667,0.81167,9.33333,34.66667,44.0,23.33333,9.66667,5.0,15.66667,21.0,94.0,1,-0.24803,0.24803,0.23859,0.34488,0.43741,0.51362,0.496,0.5874,1368.31099,1545.09098,0.71829,0.28171,1.40046,3.69412,0.0,2.96667,1.44333,1.52,3.33333
240.0,49.0,94.66667,0.51833,13.66667,36.33333,0.37133,16.0,20.66667,0.76167,13.33333,35.33333,48.66667,30.66667,7.33333,3.33333,12.66667,17.66667,127.66667,240.0,45.0,90.0,0.49867,12.66667,31.33333,0.40433,17.0,20.66667,0.82,8.33333,29.0,37.33333,22.66667,7.0,4.33333,12.0,19.0,119.66667,0,-0.08894,0.08894,0.23571,0.46596,0.56901,0.59084,0.63242,0.64582,1522.62046,1488.79648,0.43724,0.56276,2.3324,1.79538,0.66667,240.0,46.33333,94.33333,0.49633,13.0,31.66667,0.426,11.66667,16.33333,0.70333,13.33333,34.33333,47.66667,26.66667,5.66667,1.66667,10.33333,21.0,117.33333,240.0,40.33333,89.33333,0.451,15.66667,43.33333,0.36667,21.0,23.33333,0.90033,10.66667,32.33333,43.0,20.33333,6.33333,4.33333,9.66667,16.0,117.33333,0,0.00161,-0.00161,0.3145,0.3969,0.53856,0.56593,0.62091,0.60551,1498.64973,1510.85395,0.51471,0.48529,2.08285,2.21621,0.66667,2.42,1.80333,2.01,2.03667
240.0,45.33333,89.33333,0.507,14.33333,37.0,0.381,12.33333,17.66667,0.70667,9.66667,35.66667,45.33333,31.33333,9.66667,6.33333,13.33333,23.33333,117.33333,240.0,39.0,85.0,0.45767,12.0,32.33333,0.37867,18.66667,27.0,0.68167,9.66667,32.66667,42.33333,24.33333,8.33333,5.66667,12.66667,15.33333,108.66667,0,-0.11824,0.11824,0.28229,0.30923,0.52838,0.58707,0.59763,0.62863,1484.58404,1448.48934,0.43061,0.56939,2.3997,1.78444,0.33333,240.0,40.0,86.0,0.465,12.0,33.66667,0.35933,22.0,27.33333,0.811,7.0,29.66667,36.66667,27.33333,8.66667,5.0,14.0,19.0,114.0,240.0,43.0,88.33333,0.49067,14.0,29.66667,0.469,18.66667,21.66667,0.86233,10.33333,35.33333,45.66667,24.0,8.0,3.0,15.66667,22.66667,118.66667,0,0.04845,-0.04845,0.33783,0.19866,0.57059,0.53501,0.64173,0.61937,1500.78733,1487.23854,0.48902,0.51098,2.11154,2.003,0.66667,4.25,1.33,1.81667,2.09333
240.0,35.66667,90.66667,0.393,9.0,35.0,0.258,14.66667,17.33333,0.85067,9.66667,37.0,46.66667,18.0,6.0,3.66667,14.0,13.66667,95.0,240.0,43.66667,91.66667,0.47667,16.0,43.66667,0.365,13.0,17.33333,0.77167,9.0,42.33333,51.33333,27.0,8.33333,2.66667,10.33333,17.0,116.33333,0,0.29064,-0.29064,0.24246,0.24518,0.56355,0.44242,0.60934,0.50253,1533.73654,1417.84867,0.35984,0.64016,2.79915,1.56602,1.0,248.33333,39.0,88.66667,0.43733,14.66667,39.0,0.37733,15.33333,19.33333,0.791,10.33333,35.33333,45.66667,24.33333,5.66667,5.66667,12.33333,15.0,108.0,248.33333,42.33333,90.33333,0.46933,14.33333,36.0,0.39367,12.33333,16.0,0.79367,8.0,38.33333,46.33333,28.0,7.66667,4.0,12.0,18.0,111.33333,0,0.05087,-0.05087,0.22825,0.26944,0.5482,0.52029,0.59359,0.57966,1496.02995,1489.49382,0.50057,0.49943,2.05799,2.05092,0.33333,5.01667,1.20667,2.22,1.99
240.0,37.66667,86.33333,0.43367,12.0,32.66667,0.364,24.33333,29.66667,0.82833,11.66667,35.33333,47.0,23.0,6.33333,6.33333,13.33333,19.0,111.66667,240.0,41.66667,86.66667,0.48233,14.33333,38.66667,0.36967,17.66667,20.66667,0.858,6.66667,31.0,37.66667,24.0,8.66667,6.66667,11.66667,20.66667,115.33333,1,0.04089,-0.04089,0.19029,0.37911,0.5658,0.50475,0.63374,0.60145,1585.45925,1536.37895,0.43546,0.56454,2.3332,1.78576,0.66667,248.33333,45.66667,93.0,0.49367,9.33333,29.0,0.31967,16.0,18.66667,0.85067,8.33333,32.0,40.33333,28.33333,8.66667,4.66667,12.0,17.66667,116.66667,248.33333,45.33333,88.33333,0.51267,11.33333,31.33333,0.36767,12.0,16.0,0.74667,9.0,33.66667,42.66667,26.0,6.66667,4.0,16.0,16.33333,114.0,1,-0.04176,0.04176,0.27123,0.24894,0.57757,0.5433,0.6201,0.60201,1504.01813,1515.02305,0.51385,0.48615,2.10346,2.18603,0.33333,2.52,1.93667,1.85333,2.42
240.0,42.0,84.66667,0.496,9.66667,26.0,0.36133,19.0,21.33333,0.87933,5.33333,32.0,37.33333,30.66667,7.66667,5.33333,12.0,15.0,112.66667,240.0,38.0,83.33333,0.46067,10.33333,32.33333,0.32367,13.66667,17.0,0.78,7.0,32.66667,39.66667,21.33333,6.66667,5.33333,14.66667,20.33333,100.0,1,-0.17125,0.17125,0.2151,0.16447,0.52408,0.55507,0.57896,0.6324,1482.95757,1600.81115,0.64005,0.35995,1.60977,3.11987,0.0,240.0,44.33333,96.0,0.46267,13.66667,35.0,0.39233,9.66667,15.66667,0.61867,15.33333,32.0,47.33333,25.66667,7.66667,3.0,11.33333,19.66667,112.0,240.0,41.33333,86.66667,0.477,17.66667,44.33333,0.401,17.66667,20.33333,0.83533,8.33333,33.66667,42.0,20.33333,7.66667,6.0,11.0,15.0,118.0,1,0.07425,-0.07425,0.26555,0.45502,0.57897,0.53433,0.64793,0.56438,1499.42989,1460.39218,0.45226,0.54774,2.27898,1.85822,1.0,1.46667,3.53333,2.79,1.6
240.0,38.33333,88.66667,0.43333,9.33333,34.0,0.26133,16.66667,21.33333,0.74333,9.33333,34.0,43.33333,26.66667,9.33333,3.0,16.33333,24.66667,102.66667,240.0,37.66667,84.0,0.449,10.66667,36.33333,0.294,24.66667,32.0,0.781,9.66667,39.0,48.66667,19.0,10.0,5.33333,16.0,19.66667,110.66667,0,0.1122,-0.1122,0.28861,0.25037,0.51176,0.4845,0.60768,0.55068,1544.66665,1522.10996,0.48018,0.51982,2.09557,1.93412,0.66667,240.0,42.33333,84.66667,0.50067,15.0,38.33333,0.38967,17.66667,20.33333,0.86533,8.66667,34.33333,43.0,22.33333,6.0,5.0,13.0,16.33333,117.33333,240.0,47.33333,91.33333,0.51867,15.33333,36.0,0.42833,15.66667,19.0,0.86433,8.0,31.33333,39.33333,27.66667,7.33333,4.66667,9.0,17.66667,125.66667,0,0.10647,-0.10647,0.23478,0.27712,0.60281,0.58984,0.65867,0.6591,1579.37496,1504.43192,0.40583,0.59417,2.50668,1.69717,0.33333,2.09,1.79333,3.76667,1.31333
240.0,43.0,96.66667,0.44367,8.33333,32.33333,0.264,17.33333,24.33333,0.715,18.0,31.0,49.0,25.33333,4.33333,3.33333,9.66667,23.33333,111.66667,240.0,40.66667,84.66667,0.48,13.0,34.66667,0.37433,22.66667,30.0,0.771,10.66667,33.0,43.66667,20.33333,6.0,5.0,9.0,18.66667,117.0,0,0.06625,-0.06625,0.35948,0.55,0.55674,0.48622,0.64052,0.54725,1488.9297,1395.55984,0.3741,0.6259,2.69827,1.60365,0.66667,240.0,37.33333,88.66667,0.42233,14.33333,43.66667,0.32833,13.0,16.33333,0.79467,11.0,34.33333,45.33333,25.0,8.66667,4.66667,14.66667,16.33333,102.0,240.0,37.33333,82.0,0.458,17.0,39.66667,0.42067,15.33333,17.33333,0.87867,8.0,38.66667,46.66667,26.33333,8.66667,3.66667,20.0,19.33333,107.0,0,0.06761,-0.06761,0.22544,0.28689,0.56444,0.50353,0.62756,0.55422,1485.96734,1497.47813,0.52462,0.47538,1.92806,2.12919,1.0,2.39,1.68,2.22333,1.78
240.0,40.33333,85.66667,0.47233,8.0,25.66667,0.30933,16.0,22.0,0.69167,11.0,30.0,41.0,22.66667,5.33333,8.33333,13.0,14.66667,104.66667,240.0,45.0,90.66667,0.49367,11.0,29.0,0.37667,9.66667,15.0,0.695,11.66667,34.66667,46.33333,27.0,7.33333,5.0,12.0,19.33333,110.66667,1,0.06645,-0.06645,0.41457,0.32662,0.55334,0.51917,0.5863,0.58051,1513.66402,1499.07144,0.48101,0.51899,2.13152,1.96716,0.33333,240.0,41.0,87.0,0.47367,9.33333,32.0,0.29533,15.33333,20.66667,0.75467,9.33333,24.0,33.33333,21.33333,12.0,8.33333,10.0,19.33333,106.66667,240.0,42.0,80.66667,0.52167,12.33333,29.0,0.424,17.0,21.0,0.806,9.66667,36.33333,46.0,25.33333,6.0,4.66667,18.66667,18.33333,113.33333,1,0.09097,-0.09097,0.40553,0.26136,0.59748,0.52713,0.66574,0.58454,1376.21263,1486.59607,0.67197,0.32803,1.49591,3.10885,0.66667,2.22667,1.76,1.41,3.21667
240.0,40.33333,90.33333,0.44667,8.66667,25.66667,0.33633,13.0,17.0,0.77467,10.33333,40.33333,50.66667,20.33333,9.0,5.33333,12.66667,19.66667,102.33333,240.0,34.66667,84.33333,0.40933,11.33333,33.33333,0.339,15.33333,20.33333,0.73533,8.66667,36.66667,45.33333,21.0,7.66667,5.33333,13.66667,16.0,96.0,0,-0.09033,0.09033,0.21926,0.27907,0.47582,0.49545,0.542,0.5453,1420.99785,1502.40904,0.61022,0.38978,1.64068,2.57325,0.33333,248.33333,43.0,94.0,0.45733,14.33333,37.66667,0.37367,17.0,22.33333,0.75167,13.33333,37.66667,51.0,29.33333,5.66667,4.66667,8.33333,16.33333,117.33333,248.33333,39.0,89.66667,0.43433,11.66667,30.33333,0.379,17.33333,21.33333,0.79767,8.33333,35.33333,43.66667,24.66667,3.66667,4.33333,10.33333,19.33333,107.0,0,-0.14055,0.14055,0.2218,0.39009,0.49868,0.53299,0.56672,0.59307,1483.86616,1519.70729,0.53177,0.46823,1.88692,2.14503,0.33333,1.72,2.21667,1.74667,2.18667
240.0,41.0,89.66667,0.458,17.33333,45.0,0.386,20.0,27.0,0.749,13.0,32.33333,45.33333,22.0,7.33333,5.0,15.0,20.33333,119.33333,240.0,48.33333,91.0,0.533,11.0,25.66667,0.42433,16.0,20.0,0.79067,9.33333,33.33333,42.66667,28.0,8.66667,3.0,13.0,23.66667,123.66667,1,0.04637,-0.04637,0.3058,0.38822,0.59324,0.55578,0.64998,0.62726,1477.93086,1661.63577,0.74831,0.25169,1.34356,4.19849,0.66667,240.0,42.0,90.66667,0.463,17.0,43.33333,0.395,19.33333,25.33333,0.75633,10.33333,36.0,46.33333,27.33333,7.66667,7.33333,12.33333,26.0,120.33333,240.0,38.66667,87.33333,0.443,15.0,38.0,0.394,23.33333,26.66667,0.874,10.33333,33.66667,44.0,23.0,6.66667,5.66667,13.33333,21.66667,115.66667,1,-0.05754,0.05754,0.29098,0.31932,0.52828,0.55684,0.6214,0.62518,1539.65786,1460.61172,0.37681,0.62319,2.74988,1.6305,0.33333,1.36,4.0,2.91333,1.63667
240.0,38.66667,93.33333,0.41433,12.33333,41.66667,0.29567,14.33333,18.0,0.79333,8.66667,29.33333,38.0,21.66667,6.33333,6.33333,10.33333,20.33333,104.0,240.0,42.66667,88.66667,0.48133,14.33333,36.66667,0.389,20.0,23.33333,0.829,10.0,42.0,52.0,26.0,7.0,7.66667,13.33333,19.66667,119.66667,0,0.20342,-0.20342,0.35343,0.20532,0.56275,0.48058,0.63781,0.53494,1446.35155,1399.12487,0.47046,0.52954,2.28319,1.98592,1.0,240.0,40.66667,89.33333,0.45367,9.0,30.66667,0.29867,17.0,21.66667,0.77833,10.66667,30.0,40.66667,18.0,8.0,3.33333,14.0,17.66667,107.33333,240.0,43.66667,86.0,0.50767,22.66667,49.33333,0.45567,16.66667,21.0,0.77667,9.66667,35.0,44.66667,26.66667,7.66667,4.0,15.0,17.66667,126.66667,0,0.24792,-0.24792,0.31796,0.31257,0.63991,0.50403,0.69893,0.56823,1663.10356,1530.00707,0.34048,0.65952,3.00367,1.52419,1.0,2.57333,1.79667,5.25,1.20667
240.0,42.0,86.0,0.48767,9.33333,26.0,0.37967,19.33333,23.33333,0.81,7.66667,30.33333,38.0,24.0,8.0,2.66667,12.66667,19.33333,112.66667,240.0,44.33333,89.33333,0.49367,14.66667,35.33333,0.40933,15.33333,20.33333,0.73267,10.66667,35.66667,46.33333,24.66667,6.66667,4.0,15.33333,22.33333,118.66667,0,0.06863,-0.06863,0.3522,0.22026,0.57572,0.54193,0.63159,0.6181,1558.70716,1415.01821,0.31225,0.68775,3.25688,1.45938,0.66667,240.0,40.0,86.33333,0.46567,12.0,34.33333,0.349,16.33333,18.66667,0.879,8.33333,38.33333,46.66667,24.66667,7.0,5.66667,15.66667,17.66667,108.33333,240.0,43.0,96.66667,0.447,9.33333,27.0,0.37833,15.33333,18.66667,0.79867,10.66667,36.33333,47.0,24.0,10.0,4.33333,9.0,17.0,110.66667,0,0.03258,-0.03258,0.27802,0.22213,0.49579,0.53614,0.55108,0.6022,1494.75431,1582.36195,0.63077,0.36923,1.58896,2.7277,0.33333,4.66667,1.26667,1.34,3.48333
240.0,39.66667,89.33333,0.43867,12.66667,36.0,0.349,21.0,26.66667,0.781,12.0,36.0,48.0,25.0,8.0,7.33333,12.66667,17.33333,113.0,240.0,39.66667,85.66667,0.46467,13.0,33.33333,0.39733,13.33333,15.66667,0.84933,7.0,31.33333,38.33333,26.66667,6.66667,7.33333,14.33333,21.0,105.66667,1,-0.09178,0.09178,0.19585,0.38562,0.54124,0.5116,0.5954,0.59408,1533.46664,1550.07926,0.51142,0.48858,1.97692,2.07568,0.33333,240.0,42.0,90.66667,0.46333,13.33333,33.0,0.40633,20.66667,26.33333,0.788,10.33333,36.0,46.33333,24.33333,9.33333,5.0,15.33333,27.0,118.0,240.0,41.66667,89.0,0.47,11.0,29.0,0.38,25.0,33.66667,0.74267,10.0,35.0,45.0,25.33333,8.66667,4.0,15.66667,22.66667,119.33333,1,0.01524,-0.01524,0.27444,0.29726,0.53169,0.53787,0.62009,0.61408,1420.23242,1487.81593,0.59794,0.40206,1.73432,2.69786,0.66667,1.92,2.05667,1.95333,2.25667
240.0,37.66667,85.0,0.44533,11.0,37.0,0.29667,14.33333,18.0,0.79267,15.33333,34.66667,50.0,23.0,7.66667,4.33333,16.33333,17.0,100.66667,240.0,37.66667,83.0,0.44967,12.0,37.33333,0.317,15.0,20.0,0.73867,7.33333,29.33333,36.66667,24.33333,10.0,4.0,10.33333,16.66667,102.33333,1,0.00688,-0.00688,0.21513,0.52249,0.52147,0.51178,0.58188,0.57085,1464.61819,1516.78838,0.57961,0.42039,1.73282,2.40032,0.66667,240.0,44.33333,87.66667,0.50567,14.66667,41.66667,0.34733,16.33333,21.0,0.78233,8.33333,40.66667,49.0,27.33333,6.0,6.0,11.66667,15.0,119.66667,240.0,41.33333,93.0,0.44267,16.0,37.66667,0.42267,10.0,14.66667,0.72667,7.66667,34.33333,42.0,25.66667,6.66667,3.33333,7.66667,17.0,108.66667,1,-0.14309,0.14309,0.18814,0.24795,0.5286,0.5896,0.5635,0.64806,1422.93621,1535.12701,0.63132,0.36868,1.6468,3.20884,0.0,1.92667,2.09333,1.70333,3.30667
248.33333,35.66667,86.0,0.419,8.33333,28.66667,0.295,18.66667,24.33333,0.767,8.0,36.33333,44.33333,20.0,9.0,6.0,13.66667,20.66667,98.33333,248.33333,38.66667,86.66667,0.44367,8.66667,27.66667,0.31,19.0,26.0,0.74967,10.33333,38.33333,48.66667,21.0,8.0,7.0,15.33333,20.66667,105.0,0,0.0983,-0.0983,0.32631,0.22364,0.4956,0.46875,0.56865,0.54351,1469.19297,1379.11478,0.38028,0.61972,2.75832,1.6394,0.33333,240.0,42.66667,92.33333,0.46433,10.33333,34.33333,0.29867,15.33333,18.33333,0.832,12.33333,26.33333,38.66667,24.0,7.66667,3.33333,10.33333,22.0,111.0,240.0,43.33333,83.33333,0.52,15.66667,36.33333,0.42167,21.33333,27.66667,0.77967,11.66667,33.0,44.66667,25.66667,5.33333,3.66667,12.0,20.0,123.66667,0,0.15643,-0.15643,0.45111,0.37979,0.61354,0.52195,0.69177,0.57957,1521.74968,1491.01007,0.47348,0.52652,2.21012,1.95712,1.0,3.9,1.39,2.06333,1.94333
240.0,44.0,92.33333,0.47933,8.66667,33.33333,0.26233,17.66667,22.66667,0.763,10.66667,32.33333,43.0,26.66667,7.33333,3.66667,10.0,23.66667,114.33333,240.0,44.66667,90.66667,0.49333,9.33333,29.33333,0.308,22.0,28.66667,0.77267,11.0,36.66667,47.66667,25.33333,6.0,2.33333,10.33333,19.0,120.66667,1,0.07988,-0.07988,0.36083,0.31382,0.54551,0.52653,0.62335,0.58972,1471.29403,1400.09071,0.40765,0.59235,2.516,1.71195,0.66667,240.0,42.0,86.0,0.488,19.33333,43.66667,0.44533,14.66667,16.66667,0.87667,9.33333,24.33333,33.66667,29.0,5.0,4.0,12.33333,20.66667,118.0,240.0,45.0,86.0,0.52867,13.0,30.0,0.431,16.33333,22.33333,0.738,13.0,29.33333,42.33333,26.0,6.66667,5.33333,12.33333,16.66667,119.33333,1,0.01315,-0.01315,0.52714,0.31877,0.60605,0.60045,0.66357,0.65834,1521.24202,1595.7329,0.60485,0.39515,1.67445,2.60878,0.66667,2.35,1.67333,2.38333,2.15667
248.33333,46.66667,92.33333,0.508,15.0,38.0,0.39667,14.33333,20.0,0.719,10.66667,37.33333,48.0,29.66667,7.0,4.33333,8.33333,18.66667,122.66667,248.33333,40.66667,91.66667,0.444,16.0,37.66667,0.42567,14.33333,20.33333,0.701,12.33333,33.33333,45.66667,26.0,5.0,4.0,11.33333,17.0,111.66667,1,-0.13266,0.13266,0.34401,0.32778,0.53113,0.58984,0.58121,0.63698,1487.1851,1549.42954,0.57046,0.42954,1.8246,2.50572,0.0,248.33333,42.66667,87.33333,0.495,10.0,29.0,0.33833,19.33333,23.0,0.81833,9.0,38.33333,47.33333,26.33333,7.33333,3.66667,18.33333,20.66667,114.66667,248.33333,39.0,87.66667,0.44567,10.0,33.66667,0.291,19.33333,25.0,0.734,8.66667,31.33333,40.0,21.66667,10.66667,7.66667,17.33333,20.66667,107.33333,1,-0.09539,0.09539,0.23221,0.2814,0.50205,0.55248,0.57676,0.62706,1535.31393,1537.16592,0.49276,0.50724,2.06908,2.01119,0.0,2.00333,3.12667,2.14667,1.92333
240.0,46.33333,89.66667,0.517,14.33333,34.33333,0.41467,17.33333,21.66667,0.771,10.33333,32.33333,42.66667,29.33333,9.66667,6.0,16.33333,18.0,124.33333,240.0,45.0,91.33333,0.49467,16.33333,40.66667,0.397,10.66667,15.0,0.707,9.66667,29.0,38.66667,27.66667,9.66667,3.66667,14.66667,17.33333,117.0,0,-0.08923,0.08923,0.30013,0.35076,0.58599,0.59648,0.62184,0.6589,1414.38509,1475.88045,0.58293,0.41707,1.747,2.47004,0.33333,240.0,40.66667,87.33333,0.466,14.33333,38.0,0.368,15.66667,18.0,0.867,10.33333,32.66667,43.0,26.0,7.33333,4.66667,10.0,17.33333,111.33333,240.0,39.66667,90.66667,0.43667,15.33333,35.66667,0.44033,16.66667,20.33333,0.813,13.66667,33.0,46.66667,27.33333,6.0,5.0,12.66667,18.0,111.33333,0,-0.00218,0.00218,0.42851,0.31648,0.52159,0.54802,0.58509,0.61022,1575.11429,1476.29793,0.3601,0.6399,2.83196,1.57279,0.33333,2.71333,1.67667,2.88333,1.53333
240.0,36.66667,83.33333,0.44133,17.66667,44.66667,0.39167,15.33333,18.66667,0.822,8.66667,28.33333,37.0,27.33333,6.33333,3.33333,14.0,22.0,106.33333,240.0,38.0,79.0,0.48567,13.0,35.0,0.37733,20.66667,26.66667,0.77133,8.66667,32.66667,41.33333,26.66667,6.0,6.66667,13.33333,21.33333,109.66667,0,0.03176,-0.03176,0.33199,0.25628,0.56815,0.54834,0.64756,0.61098,1461.19446,1544.76944,0.62184,0.37816,1.63569,2.76965,0.66667,240.0,41.0,88.66667,0.46067,12.66667,39.66667,0.31767,13.33333,16.66667,0.79767,10.0,34.0,44.0,27.0,9.66667,4.0,12.33333,15.33333,108.0,240.0,39.33333,86.66667,0.45567,14.0,34.66667,0.39533,13.0,14.66667,0.858,9.33333,36.66667,46.0,24.0,7.33333,3.66667,16.33333,18.66667,105.66667,0,-0.02633,0.02633,0.26822,0.2762,0.53969,0.53305,0.59269,0.58379,1485.74811,1487.35574,0.49486,0.50514,2.03603,1.99503,0.66667,2.56667,1.81667,2.02,2.04333
248.33333,44.0,88.0,0.49867,14.33333,30.33333,0.47167,16.0,19.66667,0.82067,10.33333,36.0,46.33333,28.66667,6.66667,6.0,16.0,21.0,118.33333,248.33333,42.0,85.33333,0.49033,8.0,27.0,0.28167,21.66667,30.0,0.72733,8.0,30.33333,38.33333,26.0,10.33333,4.66667,12.66667,19.0,113.66667,0,-0.07289,0.07289,0.22584,0.34645,0.53646,0.58038,0.61525,0.63911,1507.8631,1506.53147,0.49287,0.50713,2.10847,2.03382,0.33333,240.0,39.0,86.0,0.453,14.0,33.0,0.424,18.66667,23.66667,0.81567,8.66667,38.33333,47.0,22.0,7.0,5.0,9.0,15.66667,110.66667,240.0,36.0,81.66667,0.441,8.66667,25.66667,0.33667,13.66667,16.33333,0.83733,4.33333,34.66667,39.0,18.33333,5.0,7.0,12.33333,20.0,94.33333,0,-0.21905,0.21905,0.11729,0.24585,0.49442,0.5341,0.55348,0.60545,1493.65589,1553.72416,0.56819,0.43181,1.80835,2.40467,0.0,2.69,1.69,2.05,2.15
240.0,41.0,87.0,0.47133,16.33333,38.66667,0.42667,16.33333,18.33333,0.88567,9.66667,27.66667,37.33333,25.0,6.33333,3.66667,12.66667,22.33333,114.66667,240.0,45.0,85.0,0.53233,12.33333,27.0,0.451,21.33333,28.66667,0.75433,9.66667,31.66667,41.33333,27.66667,8.66667,2.66667,11.66667,17.33333,123.66667,1,0.10626,-0.10626,0.3494,0.30939,0.60516,0.56557,0.6809,0.63081,1476.13052,1589.3731,0.6728,0.3272,1.49562,3.13405,1.0,240.0,36.0,85.33333,0.42267,11.0,35.33333,0.32267,13.33333,18.33333,0.723,8.66667,31.66667,40.33333,16.66667,7.33333,4.0,11.66667,20.0,96.33333,240.0,39.0,85.0,0.45867,11.33333,37.66667,0.30633,14.66667,17.66667,0.83267,9.33333,38.0,47.33333,22.0,5.33333,1.66667,11.66667,16.33333,104.0,1,0.11416,-0.11416,0.32205,0.24394,0.52502,0.48723,0.5848,0.53982,1478.54331,1479.27007,0.5114,0.4886,1.99213,2.08504,1.0,1.41333,3.08333,2.35333,1.75333
240.0,46.0,86.66667,0.53067,13.66667,31.33333,0.43267,14.0,17.33333,0.80867,6.0,38.0,44.0,25.66667,6.0,4.0,12.33333,19.33333,119.66667,240.0,40.33333,87.66667,0.462,11.66667,39.66667,0.301,18.0,23.33333,0.75933,10.33333,31.33333,41.66667,26.0,6.66667,4.33333,11.66667,18.0,110.33333,1,-0.12353,0.12353,0.2792,0.19608,0.52873,0.60939,0.59637,0.66115,1480.89868,1563.7456,0.608,0.392,1.65285,2.58507,0.33333,240.0,44.33333,99.0,0.447,15.33333,45.66667,0.33433,8.33333,10.0,0.857,10.66667,35.66667,46.33333,29.0,5.33333,4.0,10.33333,17.33333,112.33333,240.0,47.66667,93.33333,0.508,15.0,37.0,0.40367,14.0,18.66667,0.74833,8.33333,39.0,47.33333,25.0,7.33333,6.0,9.33333,12.33333,124.33333,1,0.14247,-0.14247,0.2336,0.28024,0.5878,0.52459,0.63583,0.5541,1589.6029,1487.89743,0.37038,0.62962,2.92634,1.63487,1.0,1.53667,2.75,3.9,1.41667
248.33333,45.0,95.33333,0.47467,18.33333,44.0,0.41667,15.33333,20.33333,0.75933,11.0,36.66667,47.66667,25.66667,6.66667,3.66667,12.0,20.0,123.66667,248.33333,48.0,93.66667,0.513,9.66667,23.33333,0.456,17.33333,22.0,0.80967,8.33333,38.33333,46.66667,25.33333,6.66667,4.66667,9.0,16.66667,123.0,0,-0.01269,0.01269,0.24127,0.29162,0.56455,0.57134,0.62416,0.62259,1490.21958,1673.96378,0.739,0.261,1.3625,4.04396,0.66667,248.33333,40.66667,93.66667,0.43467,12.66667,35.66667,0.34767,16.33333,21.33333,0.80167,11.66667,33.66667,45.33333,24.66667,9.66667,3.0,17.33333,23.0,110.33333,248.33333,45.66667,87.33333,0.528,15.33333,37.66667,0.421,19.66667,22.33333,0.878,6.0,34.66667,40.66667,34.66667,9.66667,4.66667,17.66667,20.33333,126.33333,0,0.19985,-0.19985,0.17378,0.34144,0.61463,0.50279,0.6893,0.56164,1526.71693,1437.45552,0.38952,0.61048,2.60049,1.64578,1.0,1.40333,3.58333,3.52333,1.5
240.0,37.66667,84.66667,0.44633,12.33333,38.0,0.32167,12.66667,16.33333,0.77867,9.66667,32.0,41.66667,25.33333,7.33333,5.0,12.66667,16.66667,100.33333,240.0,40.0,84.33333,0.47667,8.33333,28.0,0.296,18.0,21.66667,0.82467,9.66667,32.66667,42.33333,24.33333,9.0,4.66667,11.33333,14.33333,106.33333,1,0.08276,-0.08276,0.3255,0.30159,0.52565,0.51991,0.59806,0.57061,1516.45214,1444.89254,0.40545,0.59455,2.50528,1.69267,1.0,240.0,45.33333,89.33333,0.50733,17.0,39.66667,0.43367,12.66667,16.33333,0.79167,8.33333,38.66667,47.0,31.0,7.66667,4.33333,12.66667,22.0,120.33333,240.0,36.66667,86.33333,0.425,12.0,37.0,0.32033,17.33333,28.0,0.657,9.33333,31.33333,40.66667,23.0,7.0,4.66667,13.33333,17.66667,102.66667,1,-0.22609,0.22609,0.25251,0.28457,0.4933,0.60236,0.55501,0.647,1353.34469,1520.40296,0.7095,0.2905,1.41022,3.45416,0.0,4.05,1.33667,1.18,5.4
240.0,42.66667,87.33333,0.49,8.0,30.0,0.27267,16.0,19.33333,0.82133,7.33333,27.66667,35.0,25.33333,11.0,4.33333,15.33333,20.66667,109.33333,240.0,42.33333,82.33333,0.511,11.0,28.33333,0.38,19.66667,23.33333,0.88,7.66667,34.33333,42.0,25.33333,9.33333,4.0,19.66667,19.0,115.33333,1,0.0738,-0.0738,0.29517,0.21019,0.57706,0.53595,0.65802,0.59825,1509.40539,1523.60126,0.53157,0.46843,1.97093,2.30264,0.66667,240.0,39.33333,86.66667,0.45367,12.33333,36.66667,0.33733,16.33333,20.66667,0.76267,10.33333,33.66667,44.0,20.33333,7.66667,5.0,15.33333,16.33333,107.33333,240.0,47.66667,94.0,0.507,14.0,33.66667,0.41767,15.0,19.33333,0.78733,10.66667,34.66667,45.33333,28.66667,7.66667,5.0,12.33333,18.0,124.33333,1,0.21913,-0.21913,0.32341,0.30768,0.58166,0.5248,0.63297,0.58747,1600.64044,1494.22663,0.37223,0.62777,2.69538,1.59474,0.66667,2.15667,2.15,4.7,1.25333
240.0,38.0,90.33333,0.42067,11.66667,37.0,0.31167,10.66667,16.33333,0.65067,9.66667,33.33333,43.0,25.0,9.0,3.0,16.0,20.0,98.33333,240.0,41.66667,89.0,0.46667,12.33333,36.66667,0.347,19.33333,25.66667,0.76633,11.33333,41.66667,53.0,22.66667,9.0,4.66667,15.0,17.66667,115.0,0,0.22724,-0.22724,0.34694,0.24204,0.53607,0.4845,0.60742,0.52317,1569.5829,1515.01832,0.4458,0.5542,2.28766,1.82889,1.0,240.0,44.0,88.66667,0.49633,11.33333,30.66667,0.39733,14.0,18.66667,0.743,7.0,31.0,38.0,22.0,7.33333,3.66667,9.66667,19.0,113.33333,240.0,45.66667,90.0,0.50567,14.66667,34.33333,0.42067,13.66667,17.66667,0.74867,11.33333,36.33333,47.66667,24.0,5.0,4.33333,12.33333,19.66667,119.66667,0,0.07233,-0.07233,0.3644,0.19344,0.58694,0.56038,0.63621,0.61132,1595.78982,1538.50105,0.43144,0.56856,2.57513,1.86229,0.66667,3.54,1.58667,4.05333,1.46667
240.0,41.66667,85.0,0.49067,10.33333,28.66667,0.36967,13.33333,18.33333,0.72467,11.0,30.33333,41.33333,21.33333,6.66667,5.0,14.33333,16.0,107.0,240.0,42.66667,86.66667,0.49667,16.66667,35.66667,0.46967,11.66667,15.66667,0.74167,10.33333,30.0,40.33333,28.66667,7.66667,2.0,13.33333,20.66667,113.66667,1,0.09529,-0.09529,0.33292,0.38497,0.59269,0.55178,0.63475,0.60278,1488.11947,1584.10992,0.63108,0.36892,1.74748,3.24738,0.66667,248.33333,42.0,93.0,0.452,15.0,40.33333,0.37233,18.33333,24.33333,0.788,12.66667,33.33333,46.0,26.33333,8.33333,4.0,16.33333,20.33333,117.33333,248.33333,47.0,87.66667,0.541,15.0,35.66667,0.44,18.0,21.33333,0.83833,6.0,35.0,41.0,34.33333,10.66667,2.0,17.33333,21.33333,127.0,1,0.11388,-0.11388,0.17527,0.3658,0.62542,0.53277,0.69204,0.59689,1521.51637,1531.33284,0.52418,0.47582,2.04636,2.40441,1.0,2.77667,2.01333,2.13,2.31
240.0,43.0,94.33333,0.45533,9.33333,27.66667,0.328,14.33333,19.0,0.772,12.0,35.66667,47.66667,20.33333,8.66667,4.0,11.0,13.66667,109.66667,240.0,45.0,92.0,0.49267,11.33333,32.66667,0.35,14.0,17.66667,0.78967,9.33333,36.33333,45.66667,26.33333,8.33333,5.66667,11.66667,14.66667,115.33333,0,0.07411,-0.07411,0.25853,0.33153,0.55474,0.50376,0.60568,0.55595,1565.95246,1495.43182,0.41382,0.58618,2.76298,1.8681,0.66667,240.0,40.0,102.0,0.39367,9.33333,36.0,0.26967,11.0,15.33333,0.70867,14.66667,34.0,48.66667,20.33333,7.66667,2.66667,8.33333,14.33333,100.33333,240.0,41.66667,90.0,0.46367,16.66667,42.66667,0.38567,16.33333,19.0,0.86733,10.33333,42.33333,52.66667,24.33333,6.0,6.66667,11.66667,15.66667,116.33333,0,0.22141,-0.22141,0.29891,0.34515,0.55714,0.43954,0.61995,0.47807,1676.46601,1471.40995,0.25396,0.74604,4.45925,1.35713,1.0,3.31333,1.99,9.66667,1.10333
240.0,36.0,79.66667,0.45367,11.0,32.66667,0.33133,19.33333,24.33333,0.792,8.33333,36.66667,45.0,27.0,7.0,4.0,12.33333,20.0,102.33333,240.0,32.66667,80.66667,0.406,12.66667,42.33333,0.30133,15.66667,18.66667,0.84133,8.66667,33.0,41.66667,24.33333,5.33333,3.33333,14.33333,20.66667,93.66667,1,-0.126,0.126,0.23779,0.24857,0.4852,0.52309,0.55429,0.60444,1498.47062,1468.89963,0.4459,0.5541,2.34795,1.84822,0.0,240.0,47.66667,92.66667,0.51467,8.66667,27.33333,0.31533,13.0,16.66667,0.77767,8.33333,33.33333,41.66667,27.33333,8.66667,5.66667,9.66667,15.0,117.0,240.0,40.0,85.0,0.47233,12.66667,32.66667,0.39533,12.0,16.0,0.74667,9.33333,31.66667,41.0,25.33333,4.0,4.33333,15.33333,17.66667,104.66667,1,-0.15924,0.15924,0.27123,0.27302,0.54726,0.56113,0.5927,0.60779,1498.06515,1579.83668,0.59912,0.40088,1.67006,2.49784,0.0,1.86,2.37,1.78667,2.44
240.0,43.33333,97.0,0.44667,13.33333,39.0,0.338,15.33333,18.66667,0.78833,12.66667,39.33333,52.0,26.0,9.66667,4.33333,16.0,18.0,115.33333,240.0,42.66667,96.66667,0.44233,13.0,37.0,0.34733,16.33333,20.66667,0.76467,11.66667,37.0,48.66667,26.0,10.0,3.66667,13.33333,18.0,114.66667,1,-0.0064,0.0064,0.30504,0.34303,0.51028,0.51529,0.56758,0.56987,1447.68776,1583.90207,0.6823,0.3177,1.4774,3.25159,0.33333,240.0,43.33333,90.33333,0.48033,14.66667,33.66667,0.453,21.66667,23.33333,0.93533,11.0,39.33333,50.33333,27.66667,8.66667,4.33333,17.0,23.0,123.0,240.0,41.0,88.0,0.46667,11.0,29.33333,0.37133,20.0,28.66667,0.69267,7.66667,30.33333,38.0,21.33333,10.33333,2.33333,14.0,20.0,113.0,1,-0.12566,0.12566,0.2015,0.36313,0.52827,0.56224,0.59847,0.64638,1408.23101,1588.30449,0.73046,0.26954,1.36919,3.71346,0.33333,1.20667,6.0,1.37,4.4
240.0,38.66667,86.33333,0.44667,12.66667,39.33333,0.321,18.0,20.0,0.92233,8.0,34.0,42.0,22.0,3.66667,5.66667,10.66667,19.33333,108.0,240.0,40.33333,89.33333,0.45267,10.33333,29.66667,0.34433,20.33333,25.66667,0.812,14.66667,34.66667,49.33333,24.33333,7.33333,5.66667,9.33333,19.0,111.33333,0,0.05095,-0.05095,0.46076,0.23093,0.51,0.5199,0.58666,0.59332,1501.6578,1494.77078,0.49116,0.50884,2.16284,2.1317,0.66667,240.0,46.0,92.0,0.499,12.33333,35.33333,0.34,21.66667,25.0,0.86233,9.33333,35.66667,45.0,28.66667,9.0,5.66667,13.66667,18.0,126.0,240.0,39.33333,91.66667,0.43133,9.0,33.66667,0.27967,19.66667,24.33333,0.81667,13.66667,34.66667,48.33333,23.0,9.33333,4.33333,17.33333,21.33333,107.33333,0,-0.23487,0.23487,0.4176,0.27281,0.48075,0.56568,0.55522,0.64578,1361.5642,1526.02885,0.7033,0.2967,1.43147,3.53145,0.0,2.42667,1.91,1.46333,3.48333
240.0,45.66667,93.66667,0.48767,12.66667,34.66667,0.36633,17.0,21.66667,0.77333,13.0,33.66667,46.66667,32.33333,5.33333,3.0,11.66667,19.33333,121.0,240.0,43.66667,85.0,0.51333,14.33333,35.33333,0.40433,22.0,25.0,0.857,6.66667,30.66667,37.33333,21.66667,6.33333,7.0,11.33333,19.33333,123.66667,0,0.0315,-0.0315,0.19539,0.42558,0.59991,0.55546,0.68863,0.61616,1526.09114,1488.4254,0.44718,0.55282,2.28866,1.8317,1.0,240.0,48.0,91.33333,0.52967,13.33333,28.66667,0.46867,14.0,18.33333,0.75567,11.0,32.33333,43.33333,30.33333,5.66667,2.33333,12.0,21.0,123.33333,240.0,41.0,85.0,0.485,17.0,41.33333,0.411,24.0,25.0,0.95167,9.33333,28.66667,38.0,22.0,7.33333,5.66667,12.0,17.0,123.0,0,-0.00351,0.00351,0.28543,0.37065,0.58651,0.60381,0.68566,0.65265,1497.86956,1501.70587,0.50268,0.49732,2.12921,2.16608,0.66667,2.49667,1.74333,2.08667,1.97667
240.0,34.33333,87.66667,0.39033,10.33333,36.0,0.28867,11.66667,14.0,0.828,9.66667,36.33333,46.0,19.33333,5.66667,3.0,16.66667,15.0,90.66667,240.0,43.33333,90.66667,0.47767,15.33333,41.0,0.372,12.66667,18.0,0.71833,7.66667,39.0,46.66667,27.0,9.0,3.66667,10.66667,16.33333,114.66667,0,0.34308,-0.34308,0.2115,0.26163,0.56179,0.44926,0.60562,0.49797,1517.05079,1412.81554,0.37665,0.62335,2.67021,1.60738,1.0,240.0,39.66667,83.0,0.478,12.33333,33.0,0.375,19.0,24.33333,0.786,6.66667,26.0,32.66667,25.0,7.66667,3.0,14.66667,17.33333,110.66667,240.0,45.33333,83.66667,0.54067,13.33333,29.0,0.45367,17.33333,20.66667,0.83733,8.33333,34.33333,42.66667,25.0,10.0,2.66667,15.66667,19.33333,121.33333,0,0.12759,-0.12759,0.33527,0.1944,0.6199,0.55252,0.68619,0.62592,1505.34892,1459.26893,0.45165,0.54835,2.27208,1.86004,1.0,4.15,1.26667,2.43667,1.70667
240.0,34.33333,83.66667,0.414,11.33333,35.66667,0.33167,13.33333,20.66667,0.64033,7.0,35.66667,42.66667,18.33333,6.33333,4.0,12.33333,20.33333,93.33333,240.0,35.33333,84.33333,0.419,9.0,36.33333,0.251,15.66667,21.33333,0.73967,10.66667,41.33333,52.0,21.0,7.33333,4.33333,13.0,16.0,95.33333,1,0.05024,-0.05024,0.30539,0.17083,0.47219,0.48231,0.53525,0.53271,1473.27833,1427.67942,0.43309,0.56691,2.47003,1.83787,0.66667,248.33333,40.0,90.66667,0.439,13.66667,36.33333,0.371,16.66667,21.0,0.79033,13.0,35.0,48.0,26.66667,3.66667,5.0,10.33333,15.33333,110.33333,248.33333,42.66667,90.66667,0.47133,15.0,36.33333,0.411,16.0,21.33333,0.734,8.66667,35.0,43.66667,28.33333,7.0,4.0,8.33333,18.66667,116.33333,1,0.08637,-0.08637,0.24889,0.38333,0.5539,0.51467,0.61121,0.57732,1492.7282,1511.29174,0.53603,0.46397,1.87227,2.1651,0.66667,3.30667,1.65667,1.7,2.25
240.0,38.0,85.0,0.44633,13.66667,33.0,0.42267,11.33333,15.33333,0.75567,8.33333,31.66667,40.0,20.0,4.66667,5.66667,13.66667,19.33333,101.0,240.0,40.33333,82.66667,0.48233,15.0,37.33333,0.39467,18.66667,23.0,0.82033,7.0,35.66667,42.66667,25.33333,9.66667,5.66667,11.66667,15.66667,114.33333,1,0.1624,-0.1624,0.21994,0.23166,0.57127,0.52718,0.64828,0.57158,1506.19709,1504.10613,0.51251,0.48749,2.00175,2.1006,0.66667,240.0,42.33333,89.33333,0.47367,14.0,35.0,0.40833,15.66667,22.0,0.719,10.33333,36.33333,46.66667,23.66667,5.33333,5.66667,9.33333,17.0,114.33333,240.0,41.33333,89.0,0.46467,14.33333,40.33333,0.37167,13.0,17.0,0.75267,9.33333,34.33333,43.66667,26.66667,5.0,4.66667,11.0,19.0,110.0,1,-0.05826,0.05826,0.27393,0.30422,0.54502,0.55276,0.59279,0.60897,1428.26403,1524.10247,0.63285,0.36715,1.58344,2.74072,0.66667,3.13,1.73333,1.52667,2.78333
240.0,43.66667,93.33333,0.47,16.33333,44.66667,0.36633,17.66667,21.66667,0.818,10.0,32.33333,42.33333,26.33333,7.33333,4.33333,9.66667,19.0,121.33333,240.0,46.66667,91.33333,0.51167,11.66667,25.33333,0.5,15.66667,18.66667,0.846,9.33333,37.33333,46.66667,26.0,5.33333,3.0,10.33333,18.0,120.66667,0,-0.01092,0.01092,0.31041,0.27331,0.57584,0.55811,0.63321,0.62099,1460.3995,1674.54861,0.77493,0.22507,1.2918,4.50245,0.66667,248.33333,39.0,88.66667,0.439,9.66667,29.0,0.33033,20.0,24.33333,0.82867,10.33333,35.0,45.33333,22.66667,7.33333,4.33333,17.66667,22.0,107.66667,248.33333,42.33333,87.0,0.48633,12.33333,30.66667,0.4,19.66667,25.33333,0.81167,7.33333,34.0,41.33333,26.0,10.0,7.33333,15.0,21.33333,116.66667,0,0.11494,-0.11494,0.21197,0.30237,0.55716,0.49499,0.63075,0.57391,1549.60196,1453.53343,0.38782,0.61218,2.72809,1.66854,0.66667,1.32,3.83333,3.71667,1.42333
240.0,43.66667,83.0,0.526,12.0,26.66667,0.451,20.33333,22.66667,0.89333,6.0,34.0,40.0,28.33333,6.0,4.33333,14.0,18.0,119.66667,240.0,39.33333,88.66667,0.44633,12.33333,36.33333,0.33433,17.0,20.0,0.845,10.0,29.66667,39.66667,21.66667,8.66667,4.66667,12.66667,21.0,108.0,1,-0.15185,0.15185,0.29254,0.20001,0.51617,0.59993,0.58278,0.68169,1480.62372,1609.90457,0.65543,0.34457,1.57248,3.24074,0.0,248.33333,43.0,91.0,0.475,15.0,38.66667,0.39167,13.66667,17.66667,0.766,12.33333,34.0,46.33333,29.33333,7.33333,8.33333,14.66667,19.33333,114.66667,248.33333,40.66667,91.33333,0.44733,9.33333,32.66667,0.29267,19.0,21.33333,0.89367,13.0,32.0,45.0,26.33333,9.33333,5.33333,12.66667,18.0,109.66667,1,-0.05049,0.05049,0.40237,0.38567,0.49865,0.55751,0.57343,0.60581,1489.76357,1475.85181,0.47362,0.52638,2.25032,1.97427,0.33333,1.52,3.36667,3.5,1.45
240.0,46.66667,95.66667,0.491,9.0,32.0,0.28767,11.33333,16.33333,0.695,14.66667,32.66667,47.33333,26.66667,5.0,3.33333,9.66667,21.33333,113.66667,240.0,43.33333,88.66667,0.48933,13.0,33.66667,0.38633,22.33333,27.66667,0.819,10.66667,33.33333,44.0,23.66667,6.33333,4.0,8.0,15.33333,122.0,1,0.1038,-0.1038,0.34758,0.4537,0.5628,0.53803,0.64459,0.57565,1504.94621,1397.82528,0.35752,0.64248,2.80126,1.55722,1.0,240.0,48.0,94.33333,0.51033,13.0,31.33333,0.43167,19.33333,20.66667,0.94233,10.66667,40.0,50.66667,29.33333,9.33333,4.66667,16.66667,19.33333,128.33333,240.0,42.33333,87.66667,0.48367,13.33333,34.33333,0.38133,16.0,22.66667,0.70467,4.66667,30.66667,35.33333,26.0,8.0,1.66667,15.66667,18.0,114.0,1,-0.17533,0.17533,0.11475,0.34879,0.55895,0.57915,0.61485,0.65041,1401.63947,1588.01496,0.73462,0.26538,1.36153,3.77411,0.0,2.56667,1.57,1.34667,4.58333
240.0,42.0,86.66667,0.48633,9.0,24.66667,0.37567,17.33333,22.66667,0.717,13.33333,34.0,47.33333,22.33333,4.33333,6.33333,14.33333,18.66667,110.33333,240.0,39.33333,87.66667,0.44933,8.33333,28.33333,0.29067,15.66667,22.0,0.74333,12.33333,31.66667,44.0,21.66667,7.66667,4.0,11.66667,17.33333,102.66667,0,-0.10467,0.10467,0.36466,0.42241,0.49653,0.53872,0.55479,0.60376,1435.83762,1503.14745,0.58168,0.41832,1.75452,2.49613,0.0,240.0,43.33333,93.33333,0.46333,12.66667,37.0,0.34533,10.33333,13.33333,0.81367,10.66667,33.33333,44.0,22.33333,6.66667,3.66667,10.66667,19.0,109.66667,240.0,40.0,83.66667,0.47567,13.66667,38.66667,0.355,18.33333,23.33333,0.808,8.0,35.66667,43.66667,24.0,6.66667,6.0,12.0,15.66667,112.0,0,0.02606,-0.02606,0.23545,0.2995,0.55683,0.53155,0.62929,0.56937,1583.06165,1557.3708,0.45984,0.54016,2.19276,1.8618,0.66667,1.79333,2.18333,3.83333,1.41667
240.0,43.66667,86.66667,0.50833,11.0,31.66667,0.349,10.33333,13.33333,0.77933,9.33333,36.66667,46.0,26.33333,9.33333,5.66667,12.66667,12.0,108.66667,240.0,40.0,88.33333,0.453,13.0,33.66667,0.39433,8.33333,11.33333,0.76567,9.33333,29.33333,38.66667,27.0,8.66667,4.0,14.33333,14.66667,101.33333,0,-0.09992,0.09992,0.25576,0.3228,0.52642,0.57237,0.55799,0.61103,1473.62158,1594.84084,0.65438,0.34562,1.54835,3.07296,0.0,240.0,40.33333,85.0,0.473,15.66667,40.0,0.38967,25.33333,32.33333,0.75767,11.0,39.0,50.0,26.66667,8.66667,7.33333,13.0,23.33333,121.66667,240.0,38.66667,85.33333,0.454,16.66667,39.0,0.423,18.33333,22.33333,0.815,7.66667,30.66667,38.33333,23.66667,7.66667,4.33333,12.66667,24.33333,112.33333,0,-0.1157,0.1157,0.1944,0.3634,0.55132,0.56486,0.62408,0.66213,1523.3002,1542.80585,0.50671,0.49329,2.17184,2.28103,0.0,1.51667,2.9,2.31,2.06667
240.0,42.66667,88.33333,0.48333,9.33333,31.33333,0.301,23.0,30.0,0.764,11.33333,34.0,45.33333,23.66667,8.0,2.33333,10.66667,17.66667,117.66667,240.0,40.66667,86.0,0.47467,16.33333,42.33333,0.38367,18.33333,22.66667,0.80433,8.33333,32.33333,40.66667,26.66667,6.0,3.0,13.66667,22.66667,116.0,0,-0.02022,0.02022,0.2441,0.35753,0.56931,0.53598,0.63865,0.6198,1472.00282,1562.31751,0.62598,0.37402,1.61582,2.77544,0.33333,240.0,38.66667,95.33333,0.409,9.33333,37.33333,0.25233,12.66667,18.0,0.69167,13.0,30.33333,43.33333,16.66667,9.66667,3.66667,13.33333,17.0,99.33333,240.0,41.66667,84.33333,0.49367,21.66667,47.66667,0.44733,15.0,19.0,0.777,9.33333,40.33333,49.66667,28.66667,7.0,6.0,17.0,17.33333,120.0,0,0.27457,-0.27457,0.3047,0.31538,0.62196,0.45859,0.67798,0.5054,1672.51911,1473.72592,0.26973,0.73027,4.31324,1.39388,1.0,1.78333,3.09667,9.18333,1.12667
240.0,39.0,88.33333,0.443,9.33333,31.33333,0.29833,24.0,27.0,0.88933,7.66667,31.33333,39.0,21.0,9.33333,4.33333,11.33333,22.66667,111.33333,240.0,43.0,91.0,0.47067,11.0,30.33333,0.35867,19.0,25.66667,0.746,13.0,38.0,51.0,26.33333,5.66667,4.33333,17.0,23.66667,116.0,0,0.05613,-0.05613,0.41584,0.21246,0.53236,0.4957,0.60016,0.59178,1527.84245,1415.72228,0.34983,0.65017,2.88839,1.54224,0.66667,240.0,38.0,90.66667,0.419,12.0,38.0,0.31067,17.33333,23.0,0.746,12.0,29.66667,41.66667,21.33333,9.66667,6.66667,10.33333,17.0,105.33333,240.0,41.66667,81.33333,0.51467,12.33333,32.66667,0.36267,17.0,22.0,0.77267,6.33333,34.0,40.33333,24.0,4.66667,6.0,13.66667,19.0,112.66667,0,0.0959,-0.0959,0.21701,0.35521,0.58937,0.48504,0.65489,0.54967,1561.88755,1489.15738,0.40415,0.59585,2.5133,1.68915,1.0,3.13333,1.43667,4.03333,1.38
240.0,36.0,87.33333,0.41167,9.33333,33.0,0.29367,14.33333,18.66667,0.767,10.0,34.33333,44.33333,16.33333,8.0,5.66667,15.33333,17.0,95.66667,240.0,40.0,87.33333,0.456,10.0,35.66667,0.28533,14.0,16.33333,0.874,8.33333,38.66667,47.0,21.66667,8.33333,4.0,14.0,18.0,104.0,0,0.11953,-0.11953,0.25195,0.27742,0.51254,0.4655,0.56957,0.52291,1497.83992,1416.56797,0.39855,0.60145,2.51322,1.66391,0.66667,240.0,38.66667,91.33333,0.42133,7.66667,32.33333,0.23967,15.0,20.66667,0.735,16.0,23.0,39.0,22.0,6.33333,4.0,10.33333,20.0,100.0,240.0,40.0,80.0,0.49733,15.66667,34.66667,0.442,20.33333,25.33333,0.81467,12.33333,34.0,46.33333,23.0,4.66667,4.33333,13.33333,20.33333,116.0,0,0.21953,-0.21953,0.54,0.4765,0.59442,0.4636,0.67675,0.51938,1526.97547,1427.27627,0.38325,0.61675,2.74589,1.66053,1.0,3.15,1.41,2.46667,1.67667
248.33333,40.66667,93.0,0.439,10.0,35.66667,0.27867,20.0,25.0,0.79533,11.66667,32.0,43.66667,20.33333,8.33333,7.66667,9.66667,22.33333,111.33333,248.33333,43.0,89.33333,0.48267,15.66667,37.0,0.416,17.33333,23.0,0.789,10.66667,34.33333,45.0,22.66667,4.66667,4.33333,13.0,21.33333,119.0,0,0.09421,-0.09421,0.35036,0.34621,0.57166,0.49323,0.63296,0.5665,1489.2485,1520.11154,0.55135,0.44865,1.82004,2.24002,1.0,240.0,41.66667,86.66667,0.48067,12.66667,34.33333,0.37433,12.33333,17.0,0.73267,5.0,31.33333,36.33333,22.33333,8.66667,5.33333,13.66667,14.0,108.33333,240.0,42.66667,89.0,0.478,17.0,43.0,0.39567,15.66667,21.33333,0.74433,10.33333,36.0,46.33333,27.0,8.0,3.66667,13.33333,16.66667,118.0,0,0.12098,-0.12098,0.33183,0.14467,0.57319,0.55404,0.62814,0.59907,1549.34952,1434.17215,0.3344,0.6656,3.00197,1.50383,0.66667,1.74,2.15,3.13333,1.49333
240.0,34.33333,86.0,0.39867,10.66667,35.33333,0.30333,11.66667,14.33333,0.81,11.0,39.66667,50.66667,20.0,5.0,4.66667,14.0,16.0,91.0,240.0,39.33333,88.66667,0.44333,13.33333,37.33333,0.36133,11.0,17.0,0.638,7.0,37.0,44.0,25.0,7.33333,4.33333,8.66667,15.0,103.0,0,0.18567,-0.18567,0.17688,0.3015,0.51857,0.46052,0.55667,0.50941,1499.63019,1406.06539,0.38173,0.61827,2.62776,1.61927,1.0,240.0,40.0,84.0,0.47567,17.33333,41.0,0.42067,19.0,22.33333,0.84967,9.66667,27.33333,37.0,27.0,6.0,5.33333,14.0,19.66667,116.33333,240.0,44.0,87.66667,0.509,11.66667,29.66667,0.39333,12.66667,17.0,0.77733,12.33333,30.66667,43.0,25.0,7.33333,5.33333,14.33333,19.33333,112.33333,0,-0.06003,0.06003,0.45812,0.31494,0.57709,0.57817,0.62232,0.6542,1517.44798,1534.65695,0.51547,0.48453,2.11439,2.26849,0.33333,3.65,1.34333,3.02333,1.67667
248.33333,46.0,90.66667,0.50967,14.33333,34.33333,0.41133,20.33333,27.0,0.74933,12.66667,38.66667,51.33333,30.0,7.0,3.66667,11.66667,19.0,126.66667,248.33333,41.66667,90.66667,0.46133,14.0,36.66667,0.37633,16.66667,22.66667,0.727,8.33333,31.33333,39.66667,27.66667,7.33333,3.66667,11.33333,20.66667,114.0,0,-0.15141,0.15141,0.21007,0.41111,0.53763,0.58865,0.59748,0.65863,1462.68096,1555.47603,0.61123,0.38877,1.6556,2.66798,0.0,240.0,40.66667,88.0,0.46167,17.33333,47.0,0.37233,17.0,19.0,0.902,7.66667,36.0,43.66667,27.66667,9.33333,5.66667,10.33333,18.0,115.66667,240.0,38.66667,84.66667,0.45467,16.33333,38.66667,0.41967,17.33333,20.66667,0.80933,8.0,36.0,44.0,24.66667,5.0,2.33333,13.66667,16.66667,111.0,0,-0.05961,0.05961,0.22468,0.21231,0.55087,0.56055,0.62131,0.62703,1411.82395,1497.42626,0.61777,0.38223,1.62177,2.62836,0.0,1.58667,3.27667,1.45333,3.05
240.0,43.33333,88.66667,0.48633,14.66667,37.0,0.39767,15.33333,22.0,0.688,10.33333,31.0,41.33333,27.66667,12.33333,4.33333,16.66667,16.66667,116.66667,240.0,45.66667,90.66667,0.50633,16.33333,43.33333,0.37033,10.33333,13.66667,0.74167,9.33333,34.33333,43.66667,29.33333,11.66667,4.0,16.33333,18.33333,118.0,0,0.01817,-0.01817,0.30269,0.31187,0.59807,0.56867,0.63403,0.62209,1483.16005,1477.06641,0.4981,0.5019,2.12197,2.11877,0.66667,240.0,40.66667,85.0,0.47867,11.66667,33.33333,0.36267,18.66667,22.66667,0.82133,7.66667,30.0,37.66667,26.66667,7.0,5.66667,13.66667,21.33333,111.66667,240.0,41.33333,80.66667,0.50933,10.33333,26.33333,0.391,22.33333,28.0,0.797,7.0,33.33333,40.33333,25.0,6.33333,5.33333,13.33333,19.66667,115.33333,0,0.03904,-0.03904,0.24258,0.226,0.57293,0.54888,0.66149,0.62289,1589.0903,1497.44822,0.38035,0.61965,2.99934,1.67704,0.66667,2.94667,1.60667,2.81,1.60667
248.33333,41.66667,88.33333,0.47233,13.0,32.33333,0.407,14.0,18.33333,0.777,9.66667,37.66667,47.33333,28.66667,6.66667,4.33333,16.0,22.33333,110.33333,248.33333,42.0,86.0,0.486,9.33333,28.0,0.324,19.0,26.66667,0.71367,7.0,33.33333,40.33333,26.0,10.0,5.0,12.33333,17.66667,112.33333,0,0.0112,-0.0112,0.18896,0.29078,0.53968,0.54678,0.60843,0.59843,1512.79653,1500.43151,0.49189,0.50811,2.11211,2.02957,0.66667,240.0,44.66667,82.66667,0.543,10.33333,28.0,0.36433,20.33333,28.0,0.73633,9.33333,38.0,47.33333,27.33333,6.66667,4.0,14.0,24.0,120.0,240.0,36.33333,80.33333,0.45267,11.0,30.0,0.36667,17.33333,25.33333,0.68367,6.66667,27.0,33.66667,25.0,7.0,4.33333,15.0,22.66667,101.0,0,-0.24652,0.24652,0.1746,0.34177,0.5214,0.60597,0.58839,0.67907,1486.91313,1586.5428,0.61292,0.38708,1.63338,2.5911,0.0,2.37333,1.82333,1.56,2.66667
240.0,32.33333,80.66667,0.40567,8.33333,30.66667,0.273,15.33333,22.33333,0.688,8.33333,30.0,38.33333,18.33333,6.33333,6.66667,12.66667,18.0,88.33333,240.0,36.66667,82.66667,0.44133,9.33333,28.0,0.329,19.33333,23.0,0.83833,11.66667,38.0,49.66667,19.66667,6.33333,5.66667,14.0,19.0,102.0,0,0.20679,-0.20679,0.45794,0.23573,0.50131,0.45814,0.5856,0.52175,1465.18166,1374.84577,0.38696,0.61304,2.67695,1.65253,0.66667,240.0,36.33333,84.66667,0.433,11.0,35.0,0.31433,15.0,17.33333,0.866,14.33333,36.66667,51.0,23.33333,7.66667,4.0,17.66667,19.0,98.66667,240.0,36.0,84.0,0.42567,12.0,39.66667,0.299,16.0,22.0,0.72733,8.66667,29.66667,38.33333,23.0,10.66667,4.66667,10.33333,16.33333,100.0,0,0.00469,-0.00469,0.24068,0.4886,0.49641,0.49965,0.56002,0.56339,1482.05608,1481.34331,0.50346,0.49654,2.03051,2.05221,0.66667,2.86667,1.49333,2.93333,1.57333
240.0,44.66667,92.66667,0.48233,13.0,36.0,0.35633,16.0,22.0,0.72433,11.0,32.33333,43.33333,23.66667,9.33333,6.33333,10.33333,17.0,118.33333,240.0,40.66667,88.0,0.46367,19.33333,44.66667,0.44,17.66667,23.33333,0.773,11.0,31.33333,42.33333,23.66667,5.0,5.0,14.0,21.33333,118.33333,0,0.00246,-0.00246,0.37169,0.35251,0.57415,0.55279,0.63805,0.60725,1481.33752,1518.43895,0.55461,0.44539,1.86595,2.40757,0.66667,240.0,41.0,87.33333,0.47167,10.66667,29.66667,0.35833,14.33333,18.66667,0.771,8.66667,25.0,33.66667,22.33333,12.0,6.66667,9.66667,16.66667,107.0,240.0,42.33333,82.0,0.51667,14.0,30.66667,0.45767,13.0,16.33333,0.79633,9.66667,35.0,44.66667,27.0,6.33333,7.0,18.66667,19.0,111.66667,0,0.06562,-0.06562,0.39553,0.25927,0.60204,0.5327,0.65291,0.58697,1374.34828,1486.44668,0.67005,0.32995,1.49966,3.08522,0.66667,1.71333,3.25333,1.41333,3.18333
240.0,41.33333,86.0,0.479,16.66667,42.0,0.40067,18.66667,24.0,0.79933,8.0,35.66667,43.66667,25.0,5.0,6.0,7.33333,17.66667,118.0,240.0,41.66667,92.0,0.45233,17.33333,38.0,0.45933,13.66667,17.33333,0.77867,11.33333,34.66667,46.0,25.66667,4.0,2.66667,9.0,20.0,114.33333,0,-0.04552,0.04552,0.33143,0.24017,0.54615,0.57599,0.59607,0.64555,1474.60437,1487.06694,0.51065,0.48935,2.07501,2.13944,0.33333,240.0,42.66667,84.66667,0.50367,13.0,31.33333,0.43233,16.33333,21.33333,0.774,8.33333,32.66667,41.0,30.0,6.66667,3.0,13.66667,21.0,114.66667,240.0,38.0,84.66667,0.45233,16.66667,43.0,0.388,23.0,25.0,0.91167,11.0,30.0,41.0,19.0,8.0,6.0,13.66667,18.66667,115.66667,0,0.02027,-0.02027,0.33178,0.27574,0.55227,0.58005,0.64839,0.6416,1498.23669,1533.52706,0.54968,0.45032,1.85661,2.3085,0.66667,1.73333,2.42333,1.90333,2.05667
240.0,41.0,86.66667,0.47333,15.0,36.66667,0.41467,16.66667,19.0,0.862,9.33333,31.66667,41.0,23.33333,8.66667,2.0,12.66667,20.0,113.66667,240.0,44.0,82.66667,0.53433,12.66667,30.0,0.42267,17.0,22.66667,0.77467,6.33333,31.66667,38.0,27.33333,9.33333,2.66667,13.66667,18.66667,117.66667,0,0.03898,-0.03898,0.19877,0.29789,0.61178,0.56014,0.67274,0.62648,1466.5603,1588.2332,0.67916,0.32084,1.47873,3.17675,0.66667,240.0,36.66667,85.33333,0.43033,11.66667,33.0,0.366,12.0,16.0,0.755,7.66667,32.66667,40.33333,18.0,8.66667,2.0,10.33333,17.0,97.0,240.0,38.0,81.66667,0.466,12.66667,40.33333,0.31333,11.66667,14.33333,0.81033,8.0,37.66667,45.66667,23.66667,6.33333,2.66667,13.33333,16.0,100.33333,0,0.05459,-0.05459,0.27965,0.21405,0.5438,0.49886,0.59217,0.54705,1487.5623,1501.37795,0.52423,0.47577,1.95696,2.1671,0.66667,1.52,2.83333,2.38333,1.70333
240.0,40.33333,91.66667,0.44267,8.66667,34.0,0.25667,16.33333,21.66667,0.75,10.66667,34.0,44.66667,22.66667,7.66667,2.0,8.33333,14.33333,105.66667,240.0,40.0,88.33333,0.45433,21.0,50.0,0.42933,16.0,19.0,0.84733,10.66667,37.33333,48.0,25.0,4.66667,4.0,12.0,18.33333,117.0,1,0.15709,-0.15709,0.31077,0.28716,0.57313,0.49012,0.63354,0.55031,1524.84968,1557.79125,0.55813,0.44187,1.96186,2.53931,0.66667,240.0,40.33333,83.0,0.48633,12.66667,31.0,0.42667,13.66667,17.66667,0.74067,9.66667,32.66667,42.33333,27.33333,6.0,7.66667,16.0,23.66667,107.0,240.0,36.33333,80.0,0.45567,7.66667,26.33333,0.28467,20.0,27.33333,0.71833,9.66667,32.0,41.66667,21.66667,9.33333,5.0,14.0,18.33333,100.33333,1,-0.10193,0.10193,0.35487,0.31295,0.50445,0.56285,0.58591,0.61631,1438.24824,1505.83588,0.5843,0.4157,1.71204,2.40714,0.33333,3.78333,2.85,1.63333,2.46667
240.0,39.0,91.0,0.42867,13.66667,42.33333,0.32067,15.0,18.33333,0.81733,8.33333,28.0,36.33333,22.33333,8.33333,6.33333,12.0,21.0,106.66667,240.0,40.66667,85.0,0.47867,14.66667,34.33333,0.432,21.33333,24.66667,0.835,9.66667,40.33333,50.0,25.33333,7.33333,8.0,16.0,20.33333,117.33333,0,0.14039,-0.14039,0.35278,0.20624,0.56496,0.50336,0.64895,0.56087,1489.11815,1425.57081,0.43382,0.56618,2.48282,1.87128,1.0,240.0,47.66667,90.33333,0.52833,11.66667,30.33333,0.388,14.66667,17.0,0.82567,10.0,31.0,41.0,31.0,6.0,3.66667,13.66667,18.0,121.66667,240.0,47.0,88.33333,0.535,14.33333,34.0,0.43,11.33333,17.33333,0.64667,9.33333,26.33333,35.66667,31.0,6.0,2.0,12.66667,18.66667,119.66667,0,-0.02569,0.02569,0.29404,0.39158,0.61615,0.59293,0.65281,0.64848,1399.16207,1506.0022,0.64172,0.35828,1.58228,2.95858,0.33333,3.07333,1.72,2.36667,1.66667
240.0,37.66667,89.33333,0.42267,10.66667,31.33333,0.344,14.66667,18.33333,0.80133,11.0,31.0,42.0,18.0,7.66667,5.33333,14.0,14.66667,100.66667,240.0,45.0,88.66667,0.50733,11.0,33.33333,0.32967,12.66667,14.33333,0.893,8.0,38.0,46.0,24.33333,7.66667,5.33333,14.66667,19.0,113.66667,1,0.17329,-0.17329,0.26296,0.30278,0.56911,0.48231,0.61839,0.54024,1519.1533,1408.34107,0.36499,0.63501,2.76107,1.57844,0.66667,240.0,40.66667,87.0,0.46767,15.66667,37.0,0.43267,16.33333,18.66667,0.867,9.0,36.0,45.0,30.66667,7.33333,4.66667,12.33333,20.33333,113.33333,240.0,38.0,85.33333,0.44433,9.66667,31.0,0.30733,14.66667,23.0,0.70233,8.33333,32.66667,41.0,22.33333,6.66667,4.33333,14.0,17.0,100.33333,1,-0.17666,0.17666,0.2415,0.29014,0.50057,0.55752,0.55481,0.62245,1348.60511,1493.54926,0.68403,0.31597,1.46814,3.2253,0.0,3.45,1.34667,1.5,3.99
240.0,37.0,86.33333,0.42867,12.33333,35.66667,0.353,17.0,20.66667,0.80967,11.66667,36.66667,48.33333,27.0,7.66667,5.66667,13.0,18.0,103.33333,240.0,38.0,86.0,0.44367,8.33333,29.66667,0.27867,17.33333,20.66667,0.83267,8.0,31.33333,39.33333,23.0,8.0,4.66667,11.33333,15.66667,101.66667,0,-0.02017,0.02017,0.21465,0.37348,0.49162,0.50079,0.56223,0.56912,1461.89715,1444.61043,0.4709,0.5291,2.26191,1.99955,0.66667,240.0,42.0,82.33333,0.51233,8.66667,27.0,0.318,23.33333,29.0,0.78867,9.66667,34.33333,44.0,25.33333,8.66667,3.66667,17.66667,19.33333,116.0,240.0,40.33333,85.0,0.475,10.0,33.33333,0.29367,17.66667,23.0,0.732,7.33333,28.33333,35.66667,25.33333,11.0,4.0,16.33333,22.33333,108.33333,0,-0.09844,0.09844,0.21356,0.33696,0.53294,0.56561,0.60202,0.65559,1527.7791,1561.63455,0.53941,0.46059,1.86753,2.19123,0.0,3.6,1.48,1.91333,2.02333
240.0,42.66667,87.0,0.488,13.33333,35.33333,0.377,16.0,23.0,0.692,9.33333,34.33333,43.66667,28.0,10.66667,5.33333,17.66667,17.66667,114.66667,240.0,45.0,92.66667,0.48733,12.66667,41.0,0.30733,13.0,17.0,0.75833,10.33333,36.66667,47.0,28.33333,10.0,3.66667,15.0,19.66667,115.66667,0,0.01671,-0.01671,0.30198,0.26172,0.55623,0.56413,0.60215,0.62066,1518.77457,1478.97809,0.44972,0.55028,2.42558,1.9797,0.66667,240.0,43.0,89.33333,0.48133,10.33333,31.33333,0.363,14.33333,20.66667,0.692,6.66667,33.33333,40.0,24.33333,7.0,3.66667,11.66667,19.33333,110.66667,240.0,46.0,92.33333,0.49733,17.33333,38.0,0.456,15.0,20.0,0.72167,11.33333,40.0,51.33333,24.33333,6.66667,5.0,12.33333,20.33333,124.33333,0,0.16277,-0.16277,0.34384,0.17165,0.5912,0.5392,0.64181,0.58984,1599.35385,1484.46701,0.36065,0.63935,2.8893,1.58189,0.66667,2.81333,1.62,4.55,1.28333
240.0,44.0,85.33333,0.51833,10.33333,29.0,0.36433,14.0,19.66667,0.708,11.33333,32.66667,44.0,26.66667,7.0,3.33333,14.66667,19.66667,112.33333,240.0,41.0,82.0,0.50033,15.66667,36.66667,0.42967,13.66667,19.33333,0.70767,9.66667,28.0,37.66667,28.0,7.0,1.33333,15.66667,19.33333,111.33333,0,-0.00244,0.00244,0.29526,0.42201,0.59512,0.57906,0.64576,0.62957,1521.93147,1584.09475,0.5812,0.4188,1.85594,2.72426,0.66667,240.0,39.66667,86.33333,0.45933,9.66667,30.66667,0.304,18.66667,26.33333,0.71867,8.66667,30.0,38.66667,19.66667,11.0,3.33333,13.66667,17.33333,107.66667,240.0,45.0,84.66667,0.53167,13.66667,31.0,0.44533,14.33333,18.0,0.797,6.66667,36.33333,43.0,28.66667,7.0,4.0,18.0,22.66667,118.0,0,0.13855,-0.13855,0.22741,0.2356,0.61253,0.51614,0.66609,0.58444,1623.16722,1407.01115,0.24022,0.75978,4.5487,1.33112,0.66667,2.89667,1.64667,5.2,1.2
240.0,43.33333,97.66667,0.44367,10.66667,31.0,0.34667,16.0,20.33333,0.797,14.0,36.33333,50.33333,23.33333,10.33333,4.66667,12.33333,12.66667,113.33333,240.0,44.66667,95.0,0.47067,13.66667,37.66667,0.35733,13.66667,18.33333,0.74333,12.0,37.0,49.0,24.33333,8.66667,6.66667,14.0,15.66667,116.66667,1,0.03896,-0.03896,0.34084,0.37819,0.54298,0.49807,0.5897,0.55496,1587.18429,1493.73663,0.38382,0.61618,3.0929,1.80575,0.66667,240.0,40.0,86.0,0.46667,13.66667,39.0,0.35233,18.0,24.33333,0.74267,12.33333,36.33333,48.66667,22.66667,6.0,3.33333,14.0,21.66667,111.66667,240.0,37.66667,85.0,0.44467,14.66667,41.0,0.36133,18.66667,25.0,0.74367,9.33333,32.0,41.33333,24.66667,6.66667,4.33333,11.0,20.0,108.66667,1,-0.03845,0.03845,0.25673,0.39813,0.53079,0.54691,0.60145,0.61325,1353.83885,1448.67714,0.64066,0.35934,1.57149,2.84436,0.33333,3.61333,1.96333,1.85667,2.76667
240.0,48.0,86.33333,0.557,11.0,28.33333,0.38867,12.66667,16.0,0.80167,8.0,37.33333,45.33333,25.66667,6.66667,4.66667,13.66667,16.66667,119.66667,240.0,38.33333,87.66667,0.436,12.33333,39.0,0.31667,15.0,21.66667,0.67333,12.0,27.33333,39.33333,24.66667,7.66667,3.33333,12.33333,17.66667,104.0,1,-0.20302,0.20302,0.32043,0.2904,0.50622,0.62144,0.56254,0.66756,1531.45594,1581.65511,0.54768,0.45232,1.84569,2.24102,0.0,240.0,41.33333,90.0,0.464,11.66667,35.0,0.33333,20.0,22.33333,0.896,7.66667,38.33333,46.0,26.0,8.66667,6.33333,14.0,21.33333,114.33333,240.0,43.0,99.0,0.43433,8.33333,28.33333,0.30133,18.0,23.0,0.78767,13.0,38.0,51.0,25.33333,9.0,6.0,12.0,20.0,112.33333,1,-0.03236,0.03236,0.34873,0.20057,0.47652,0.53004,0.53908,0.60812,1498.79909,1526.21619,0.53351,0.46649,1.96901,2.24841,0.33333,2.28333,2.13333,1.71,2.75667
240.0,36.33333,78.0,0.46667,12.33333,35.0,0.35033,19.0,23.33333,0.81,5.33333,37.0,42.33333,27.66667,8.0,5.0,10.66667,17.66667,104.0,240.0,33.0,83.33333,0.39833,13.33333,40.0,0.33667,13.0,15.33333,0.88067,10.66667,33.33333,44.0,24.33333,5.33333,2.33333,15.0,20.33333,92.33333,1,-0.17133,0.17133,0.28651,0.16725,0.47882,0.54539,0.53609,0.62622,1463.55194,1481.06982,0.50378,0.49622,1.98781,2.01826,0.0,240.0,43.33333,86.66667,0.49933,18.33333,45.33333,0.405,18.0,22.0,0.827,7.66667,39.0,46.66667,28.0,5.0,4.66667,10.66667,17.0,123.0,240.0,42.33333,91.66667,0.46067,15.66667,36.66667,0.42367,14.66667,16.33333,0.863,7.66667,33.66667,41.33333,25.33333,5.66667,3.0,7.0,16.66667,115.0,1,-0.09744,0.09744,0.19943,0.23333,0.54573,0.60556,0.60409,0.67176,1417.61653,1557.81253,0.6774,0.3226,1.50462,3.46897,0.0,1.63333,2.53333,1.41,3.55
240.0,45.66667,96.0,0.47633,12.66667,35.66667,0.355,19.33333,22.0,0.88167,11.66667,40.0,51.66667,27.66667,8.66667,4.33333,16.66667,19.33333,123.33333,240.0,42.33333,94.0,0.453,13.33333,37.66667,0.34867,19.33333,23.33333,0.827,8.33333,35.0,43.33333,26.66667,9.0,3.66667,13.66667,19.33333,117.33333,1,-0.06948,0.06948,0.20877,0.33169,0.5253,0.54221,0.59507,0.6121,1434.54347,1584.30971,0.69489,0.30511,1.45343,3.41913,0.0,248.33333,39.0,89.66667,0.43467,11.0,29.66667,0.33333,17.0,24.0,0.705,10.33333,33.33333,43.66667,20.33333,7.33333,5.33333,12.33333,20.0,106.0,248.33333,47.0,93.66667,0.49933,11.33333,28.66667,0.39367,16.0,21.66667,0.71467,11.0,40.33333,51.33333,25.33333,8.0,7.66667,11.0,22.0,121.33333,1,0.19068,-0.19068,0.3689,0.25549,0.55977,0.49338,0.61441,0.55657,1585.66988,1557.11558,0.4741,0.5259,2.25629,2.05986,1.0,1.27,4.8,2.65,1.72
240.0,36.66667,84.66667,0.43267,11.66667,29.66667,0.392,12.0,14.66667,0.814,8.33333,34.33333,42.66667,19.0,6.0,5.66667,14.33333,17.66667,97.0,240.0,37.66667,84.33333,0.443,14.33333,36.0,0.39367,15.66667,20.66667,0.74,8.66667,36.33333,45.0,24.66667,10.0,5.0,11.66667,14.66667,105.33333,0,0.11502,-0.11502,0.25301,0.22727,0.52638,0.50225,0.59147,0.55252,1456.38424,1504.66532,0.59009,0.40991,1.70156,2.46078,0.66667,240.0,48.0,98.0,0.49,12.66667,37.66667,0.33933,9.0,11.0,0.82933,11.33333,35.66667,47.0,26.66667,7.33333,3.33333,9.0,18.33333,117.66667,240.0,40.66667,86.66667,0.46467,12.0,36.33333,0.33667,17.0,23.0,0.74433,9.0,34.33333,43.33333,21.33333,5.0,5.66667,11.0,14.0,110.33333,0,-0.09475,0.09475,0.25212,0.32943,0.5339,0.55468,0.59921,0.58589,1584.30652,1554.74912,0.44361,0.55639,2.30514,1.8194,0.66667,1.75333,2.15,3.13333,1.47
248.33333,43.33333,99.0,0.43767,14.0,42.33333,0.32733,16.0,19.66667,0.869,10.66667,34.0,44.66667,28.66667,8.0,6.33333,16.33333,23.0,116.66667,248.33333,50.66667,96.66667,0.525,14.33333,33.33333,0.42333,17.66667,22.66667,0.77633,10.33333,40.33333,50.66667,29.33333,9.33333,5.33333,15.0,17.33333,133.33333,1,0.19408,-0.19408,0.29825,0.26987,0.59894,0.5082,0.65692,0.56416,1506.85286,1378.1693,0.34785,0.65215,3.05464,1.56145,1.0,240.0,43.33333,89.33333,0.48633,13.0,33.66667,0.38567,18.66667,21.66667,0.86067,9.66667,32.0,41.66667,27.0,7.66667,6.0,10.66667,21.0,118.33333,240.0,43.66667,86.33333,0.504,8.0,25.33333,0.38833,20.0,27.0,0.75567,10.66667,33.33333,44.0,28.0,6.66667,4.66667,12.0,18.33333,115.33333,1,-0.04537,0.04537,0.33085,0.2975,0.55065,0.55857,0.62306,0.63142,1484.40085,1553.56246,0.58417,0.41583,1.77431,2.66187,0.33333,3.7,1.43,2.02667,2.31
240.0,39.33333,91.33333,0.43167,11.0,31.0,0.355,13.33333,18.0,0.75867,14.33333,30.0,44.33333,18.66667,7.33333,4.66667,14.0,16.33333,103.0,240.0,44.66667,86.66667,0.515,12.33333,35.66667,0.34467,15.33333,19.33333,0.80667,8.66667,34.66667,43.33333,24.0,7.0,5.0,13.66667,17.66667,117.0,1,0.18779,-0.18779,0.28822,0.43889,0.58673,0.49134,0.64418,0.54055,1466.43539,1400.11417,0.42816,0.57184,2.47795,1.82174,0.66667,240.0,44.33333,92.0,0.48033,15.66667,41.33333,0.37967,19.66667,24.0,0.813,9.66667,33.66667,43.33333,27.0,8.66667,5.0,12.0,21.66667,124.0,240.0,39.66667,85.0,0.47033,10.66667,34.66667,0.31733,22.33333,29.33333,0.773,12.0,36.66667,48.66667,24.0,7.33333,4.33333,16.33333,21.33333,112.33333,1,-0.14193,0.14193,0.38263,0.26938,0.53503,0.56568,0.62023,0.63656,1364.83524,1491.55001,0.66572,0.33428,1.50252,2.99436,0.33333,3.26667,1.39,1.58667,2.53333
240.0,39.66667,87.33333,0.45367,11.66667,34.0,0.34533,19.33333,25.33333,0.762,12.33333,33.33333,45.66667,29.66667,5.66667,3.33333,12.66667,20.0,110.33333,240.0,37.33333,82.0,0.459,14.66667,39.33333,0.37333,25.0,28.0,0.887,8.66667,31.33333,40.0,18.33333,7.66667,7.0,12.66667,21.33333,114.33333,1,0.05604,-0.05604,0.25646,0.40053,0.55004,0.52016,0.65457,0.59304,1496.4006,1488.72541,0.49226,0.50774,2.03146,1.96951,1.0,248.33333,40.66667,86.66667,0.46833,15.33333,38.33333,0.40233,15.66667,21.33333,0.752,8.66667,29.33333,38.0,28.33333,8.33333,4.0,14.66667,16.33333,112.33333,248.33333,48.33333,92.66667,0.523,15.0,35.33333,0.43733,15.33333,19.66667,0.77067,11.33333,37.0,48.33333,32.66667,9.66667,4.33333,12.66667,19.66667,127.0,1,0.18216,-0.18216,0.38888,0.23666,0.6041,0.55648,0.65607,0.61409,1595.08821,1503.18038,0.38672,0.61328,2.59825,1.63391,1.0,1.96333,1.90667,3.1,1.42
240.0,45.0,91.0,0.49067,12.66667,30.66667,0.42467,18.33333,21.0,0.86667,11.66667,37.66667,49.33333,25.0,9.66667,7.0,14.66667,16.66667,121.0,240.0,39.66667,86.0,0.46267,11.0,30.0,0.371,12.33333,17.0,0.75,7.33333,28.66667,36.0,24.66667,8.33333,6.33333,15.66667,18.33333,102.66667,1,-0.23356,0.23356,0.19811,0.40598,0.52668,0.56247,0.57345,0.63417,1482.30552,1566.67448,0.5923,0.4077,1.74143,2.62772,0.0,240.0,37.33333,82.0,0.45567,11.66667,32.66667,0.35867,15.0,18.66667,0.80433,6.66667,31.0,37.66667,23.66667,5.66667,5.0,12.66667,14.33333,101.33333,240.0,40.66667,83.33333,0.48867,11.66667,28.33333,0.415,13.0,17.33333,0.71733,7.0,35.66667,42.66667,25.0,9.33333,3.33333,12.66667,16.33333,106.0,1,0.06259,-0.06259,0.26054,0.18614,0.55864,0.52689,0.6087,0.58858,1506.14058,1462.5286,0.44498,0.55502,2.32252,1.84356,1.0,1.91333,2.07333,2.72,1.57667
240.0,36.33333,83.66667,0.43733,11.33333,35.66667,0.33167,16.66667,22.33333,0.735,7.33333,35.0,42.33333,18.33333,8.0,3.66667,14.33333,18.0,100.66667,240.0,37.0,84.0,0.44033,8.66667,35.33333,0.25067,14.0,17.0,0.84633,9.0,38.0,47.0,21.0,8.66667,4.0,15.33333,18.0,96.66667,0,-0.04122,0.04122,0.26445,0.19249,0.49168,0.50584,0.55072,0.57121,1447.78974,1426.76035,0.46101,0.53899,2.23215,1.90323,0.33333,240.0,41.33333,91.0,0.452,11.33333,37.66667,0.30433,13.66667,18.66667,0.73233,7.0,34.33333,41.33333,24.66667,9.0,6.66667,10.33333,17.0,107.66667,240.0,39.0,90.66667,0.43133,13.66667,37.0,0.38367,12.66667,15.33333,0.86533,11.33333,38.0,49.33333,28.66667,4.66667,5.33333,15.33333,18.33333,104.33333,0,-0.04267,0.04267,0.33387,0.20394,0.50692,0.51502,0.55532,0.56591,1489.44691,1525.32463,0.54823,0.45177,1.83332,2.2292,0.33333,2.57333,1.72333,2.22333,1.77
240.0,44.0,83.66667,0.52633,13.66667,30.0,0.47267,15.33333,17.66667,0.87033,6.0,31.33333,37.33333,29.0,5.33333,4.66667,10.66667,18.0,117.0,240.0,39.66667,86.33333,0.46067,14.0,36.66667,0.37833,15.0,17.66667,0.84733,12.33333,29.33333,41.66667,22.33333,5.66667,4.66667,12.0,18.0,108.33333,0,-0.11326,0.11326,0.38987,0.20238,0.54111,0.60884,0.60062,0.67027,1520.25641,1624.25834,0.62958,0.37042,1.61891,2.82679,0.0,240.0,41.66667,90.33333,0.46133,10.66667,39.0,0.27233,14.33333,17.0,0.865,10.66667,34.0,44.66667,25.66667,12.0,5.33333,9.66667,15.33333,108.33333,240.0,38.33333,82.33333,0.465,16.0,38.0,0.41633,13.0,18.33333,0.70933,8.33333,33.66667,42.0,26.0,5.33333,2.0,17.66667,16.66667,105.66667,0,-0.04194,0.04194,0.24662,0.32819,0.56308,0.52011,0.61234,0.57557,1400.76101,1552.2064,0.70343,0.29657,1.43071,3.48566,0.33333,1.72,2.23333,1.25667,4.38333
240.0,41.66667,91.0,0.45733,9.0,27.33333,0.337,19.33333,24.33333,0.817,11.66667,34.33333,46.0,22.33333,5.33333,4.66667,10.33333,14.66667,111.66667,240.0,41.33333,90.66667,0.45567,10.66667,32.66667,0.32,16.33333,19.66667,0.853,11.66667,37.33333,49.0,22.33333,6.33333,3.33333,12.66667,18.0,109.66667,0,-0.02949,0.02949,0.34403,0.33296,0.51425,0.50642,0.57677,0.57954,1487.7524,1504.18694,0.51817,0.48183,2.04866,2.25849,0.33333,240.0,40.33333,84.0,0.48067,13.0,35.0,0.37133,14.0,17.33333,0.813,7.33333,26.0,33.33333,24.0,9.66667,4.0,11.66667,18.66667,107.66667,240.0,46.0,87.66667,0.522,11.66667,30.33333,0.383,15.33333,19.0,0.829,13.66667,36.0,49.66667,29.66667,7.33333,5.33333,14.66667,16.66667,119.0,0,0.14283,-0.14283,0.53544,0.21019,0.58851,0.55822,0.6464,0.61375,1605.55765,1474.92629,0.33931,0.66069,3.31531,1.57718,1.0,3.35,1.89,6.88333,1.20667
240.0,44.66667,88.0,0.50967,12.0,31.33333,0.39967,14.66667,16.66667,0.88,7.66667,33.66667,41.33333,26.33333,6.66667,3.33333,9.0,17.66667,116.0,240.0,40.33333,90.0,0.44767,14.66667,38.66667,0.377,15.66667,18.33333,0.85533,13.66667,33.0,46.66667,22.33333,4.66667,3.66667,11.66667,16.33333,111.0,1,-0.0648,0.0648,0.41539,0.22824,0.52876,0.57822,0.58933,0.63503,1456.87935,1636.18584,0.72765,0.27235,1.3834,3.8847,0.33333,240.0,38.0,87.33333,0.43667,13.66667,40.66667,0.33567,26.0,31.33333,0.829,12.66667,36.33333,49.0,22.0,6.66667,6.66667,12.66667,20.33333,115.66667,240.0,42.33333,89.33333,0.47533,20.66667,43.0,0.47867,17.0,20.0,0.84167,8.33333,33.66667,42.0,28.33333,6.66667,4.66667,11.0,24.66667,122.33333,1,0.07743,-0.07743,0.23478,0.37266,0.59164,0.51567,0.65396,0.61873,1509.89293,1586.3577,0.62243,0.37757,1.65394,2.81598,0.33333,1.51667,3.15,1.67667,2.31667
240.0,39.33333,86.0,0.46133,9.0,29.66667,0.30667,21.66667,25.0,0.859,7.66667,31.66667,39.33333,21.0,8.0,5.0,14.0,23.33333,109.33333,240.0,45.33333,92.66667,0.48867,9.0,27.33333,0.33033,17.33333,25.0,0.69667,12.33333,35.66667,48.0,26.66667,7.33333,4.66667,13.33333,23.0,117.0,0,0.09555,-0.09555,0.39185,0.24163,0.53748,0.51327,0.59566,0.60017,1529.7901,1412.97977,0.34582,0.65418,2.93415,1.53417,1.0,248.33333,37.33333,81.33333,0.45933,11.66667,31.66667,0.37433,13.0,18.0,0.74067,7.33333,33.33333,40.66667,21.0,8.0,5.66667,13.66667,14.66667,99.33333,248.33333,40.0,85.66667,0.468,11.33333,28.33333,0.401,11.33333,17.66667,0.633,10.0,34.66667,44.66667,21.66667,9.66667,3.33333,12.33333,15.33333,102.66667,0,0.04451,-0.04451,0.33493,0.21334,0.53411,0.5311,0.57422,0.58268,1506.93224,1483.71743,0.47322,0.52678,2.24207,2.0167,0.66667,3.23333,1.42667,2.68333,1.62333
240.0,35.66667,83.0,0.42633,14.33333,34.33333,0.42,16.0,18.33333,0.886,8.66667,32.0,40.66667,22.0,5.33333,2.33333,17.66667,21.0,101.66667,240.0,46.33333,86.33333,0.53533,15.66667,37.33333,0.42067,20.66667,24.66667,0.83833,6.66667,36.0,42.66667,28.0,10.0,6.0,9.66667,17.33333,129.0,0,0.36337,-0.36337,0.21031,0.24997,0.62548,0.51239,0.70214,0.58113,1469.94515,1469.28556,0.53361,0.46639,1.90078,2.19259,1.0,240.0,36.0,90.66667,0.396,9.33333,33.33333,0.281,12.33333,18.33333,0.695,15.66667,24.0,39.66667,21.33333,4.66667,3.0,11.33333,19.0,93.66667,240.0,40.66667,80.66667,0.501,11.66667,31.66667,0.37033,19.33333,24.0,0.822,10.33333,37.66667,48.0,22.66667,5.33333,5.0,12.33333,18.0,112.33333,0,0.26536,-0.26536,0.44741,0.43863,0.574,0.44736,0.65337,0.49341,1534.2078,1387.90098,0.32087,0.67913,3.12824,1.4737,1.0,2.56667,1.57,3.08333,1.43
240.0,40.0,85.33333,0.46767,11.33333,32.66667,0.347,18.66667,25.0,0.749,11.33333,32.0,43.33333,29.33333,7.33333,5.0,14.66667,18.33333,110.0,240.0,38.33333,82.66667,0.46667,14.66667,40.0,0.366,20.0,22.0,0.88,9.33333,30.33333,39.66667,20.33333,8.33333,7.0,15.0,22.0,111.33333,1,0.02178,-0.02178,0.28779,0.38448,0.55726,0.53363,0.64254,0.60441,1532.12003,1489.02542,0.44302,0.55698,2.32018,1.82098,0.66667,240.0,35.66667,81.66667,0.43767,14.0,35.66667,0.38867,21.33333,26.66667,0.80833,10.0,32.33333,42.33333,21.66667,6.0,6.33333,11.66667,15.66667,106.66667,240.0,42.33333,92.33333,0.458,15.0,38.33333,0.38333,6.0,6.66667,0.869,11.66667,33.33333,45.0,25.66667,7.33333,4.0,12.0,19.66667,105.66667,1,-0.0121,0.0121,0.37479,0.305,0.54018,0.52368,0.56408,0.6109,1516.03221,1489.96113,0.46133,0.53867,2.40275,2.09157,0.33333,2.45,1.65,3.04,1.67667
240.0,44.66667,87.66667,0.51067,12.0,33.0,0.363,21.66667,29.0,0.74067,11.33333,36.0,47.33333,26.33333,8.0,2.0,12.66667,20.0,123.0,240.0,41.33333,86.33333,0.48067,16.0,38.33333,0.40833,18.0,24.33333,0.738,8.0,30.33333,38.33333,26.33333,8.0,3.0,14.0,22.0,116.66667,1,-0.07384,0.07384,0.22001,0.38333,0.57295,0.57948,0.63784,0.65547,1436.71634,1560.01626,0.66105,0.33895,1.53376,3.07871,0.33333,240.0,41.66667,83.33333,0.49967,16.0,38.66667,0.412,15.33333,19.33333,0.81767,7.66667,37.33333,45.0,24.0,4.66667,4.0,11.33333,17.33333,114.66667,240.0,37.0,89.66667,0.41133,15.0,43.66667,0.338,17.0,20.33333,0.837,12.0,30.0,42.0,15.0,6.66667,3.66667,8.33333,17.0,106.0,1,-0.11027,0.11027,0.33289,0.25926,0.49458,0.59564,0.56189,0.65501,1497.94577,1504.72463,0.50217,0.49783,1.99192,2.00932,0.66667,1.44,4.36,1.81,2.11667
240.0,41.66667,85.33333,0.48733,16.33333,41.0,0.401,12.0,16.66667,0.735,9.66667,33.0,42.66667,29.66667,7.66667,3.66667,12.66667,20.66667,111.66667,240.0,38.33333,83.33333,0.46133,10.33333,31.0,0.333,21.0,24.33333,0.86,10.33333,31.66667,42.0,22.66667,8.33333,4.0,12.0,15.66667,108.0,0,-0.0409,0.0409,0.33954,0.3164,0.52381,0.58255,0.61094,0.62594,1507.2149,1447.04075,0.40287,0.59713,2.52843,1.68686,0.66667,240.0,40.33333,88.0,0.45867,12.0,37.33333,0.32133,12.66667,18.0,0.71667,7.0,29.66667,36.66667,21.33333,10.0,6.33333,12.33333,12.66667,105.33333,240.0,42.0,88.66667,0.47233,17.66667,43.66667,0.40467,14.33333,18.33333,0.78033,10.66667,37.0,47.66667,24.0,6.33333,3.66667,15.33333,18.66667,116.0,0,0.13585,-0.13585,0.36178,0.19875,0.57163,0.52688,0.62446,0.57294,1553.64299,1471.52343,0.38299,0.61701,2.65326,1.63214,0.66667,3.28333,1.39,2.83333,1.59667
240.0,35.33333,86.0,0.413,11.33333,39.66667,0.286,14.0,17.66667,0.80167,6.33333,38.66667,45.0,23.66667,10.0,4.66667,10.0,17.0,96.0,240.0,32.33333,84.0,0.38767,13.66667,40.0,0.34433,13.66667,17.66667,0.82467,9.33333,39.0,48.33333,24.0,4.66667,2.66667,16.0,17.0,92.0,0,-0.05751,0.05751,0.24282,0.16235,0.46984,0.47879,0.52731,0.53602,1459.05607,1495.95707,0.54486,0.45514,1.85633,2.24008,0.33333,240.0,41.0,89.0,0.46333,13.0,41.0,0.314,12.33333,16.33333,0.75533,9.33333,37.66667,47.0,26.66667,7.66667,5.66667,13.33333,18.66667,107.33333,240.0,40.0,88.33333,0.45333,14.33333,36.33333,0.38733,19.33333,22.66667,0.849,10.0,37.33333,47.33333,28.66667,8.66667,4.0,14.66667,17.0,113.66667,0,0.08234,-0.08234,0.26433,0.24892,0.53641,0.53643,0.61108,0.58185,1487.06645,1455.35056,0.46587,0.53413,2.20962,1.91802,1.0,1.64333,2.53333,2.43333,1.62
240.0,40.66667,86.33333,0.473,9.33333,28.66667,0.32833,11.33333,14.33333,0.78733,9.33333,37.0,46.33333,29.0,7.33333,5.33333,17.0,21.66667,102.0,240.0,41.33333,86.33333,0.477,10.0,29.33333,0.327,14.66667,20.66667,0.75067,7.33333,31.66667,39.0,25.66667,9.66667,6.66667,12.66667,15.0,107.33333,0,0.05814,-0.05814,0.20558,0.2945,0.53386,0.52774,0.58892,0.57248,1471.54701,1490.08611,0.54285,0.45715,1.84839,2.19899,0.66667,240.0,37.66667,83.0,0.454,10.33333,30.66667,0.32567,16.0,22.33333,0.72367,6.0,32.66667,38.66667,24.0,6.66667,3.0,12.33333,18.0,101.66667,240.0,43.33333,87.0,0.498,11.66667,30.33333,0.39167,15.33333,19.33333,0.79367,8.66667,38.0,46.66667,28.66667,7.0,2.66667,13.66667,19.0,113.66667,0,0.1636,-0.1636,0.26928,0.15721,0.56514,0.51688,0.62287,0.57934,1636.77382,1497.81338,0.33856,0.66144,3.43577,1.56035,1.0,1.90667,1.97667,4.8,1.25333
240.0,39.66667,87.0,0.46,18.66667,46.66667,0.40033,14.33333,17.33333,0.827,8.0,27.66667,35.66667,30.33333,7.0,3.33333,14.33333,22.0,112.33333,240.0,40.33333,78.33333,0.51733,17.0,38.66667,0.44133,23.0,29.33333,0.792,9.33333,34.66667,44.0,28.66667,7.33333,5.66667,18.0,21.0,120.66667,0,0.10472,-0.10472,0.35487,0.22192,0.62527,0.56952,0.71257,0.62484,1493.5966,1533.99362,0.57299,0.42701,1.75473,2.36515,1.0,240.0,45.33333,90.0,0.50233,10.66667,31.66667,0.33867,14.0,18.33333,0.761,7.66667,37.66667,45.33333,24.33333,8.66667,6.33333,10.33333,15.66667,115.33333,240.0,38.33333,89.66667,0.429,13.66667,35.0,0.398,12.0,15.0,0.84667,11.33333,32.66667,44.0,25.33333,5.0,4.0,15.0,17.66667,102.33333,0,-0.17203,0.17203,0.29715,0.25322,0.50531,0.56227,0.55148,0.61374,1490.48492,1546.58488,0.55828,0.44172,1.80271,2.28444,0.0,2.75,1.60333,1.91,2.10667
240.0,33.33333,85.0,0.39233,8.33333,32.33333,0.25733,12.33333,19.0,0.662,11.33333,25.0,36.33333,18.33333,6.33333,6.66667,11.0,18.33333,87.33333,240.0,40.33333,85.66667,0.47,9.33333,26.66667,0.34467,19.66667,22.0,0.89,15.66667,40.0,55.66667,25.33333,5.66667,6.0,13.66667,19.0,109.66667,1,0.33073,-0.33073,0.62372,0.31506,0.52773,0.44147,0.6112,0.49007,1500.88294,1366.30684,0.33829,0.66171,3.00003,1.51762,1.0,240.0,41.66667,90.33333,0.461,10.66667,30.0,0.348,15.33333,19.33333,0.81533,12.0,33.0,45.0,20.0,7.66667,8.33333,11.66667,13.0,109.33333,240.0,42.33333,93.66667,0.45233,9.66667,31.66667,0.299,11.33333,13.0,0.87967,13.33333,34.0,47.33333,23.0,6.33333,3.33333,13.66667,17.66667,105.66667,1,-0.05517,0.05517,0.40438,0.3568,0.50399,0.51966,0.54724,0.57773,1506.35133,1525.90619,0.52395,0.47605,2.02422,2.29921,0.33333,3.93333,1.32667,2.21667,2.72
240.0,40.33333,83.0,0.486,17.33333,40.66667,0.428,16.33333,20.66667,0.83167,7.33333,34.0,41.33333,23.66667,4.33333,5.33333,8.66667,19.0,114.33333,240.0,40.66667,91.33333,0.445,18.0,40.0,0.45267,15.33333,18.33333,0.83467,13.66667,33.0,46.66667,23.0,4.0,2.33333,8.33333,19.33333,114.66667,1,0.00086,-0.00086,0.4076,0.22906,0.54329,0.5906,0.60071,0.65413,1503.76441,1495.83468,0.48779,0.51221,2.15172,2.02752,0.66667,240.0,41.0,84.0,0.488,15.0,37.33333,0.40233,15.0,19.33333,0.801,8.33333,33.0,41.33333,29.0,6.0,4.0,13.33333,19.66667,112.0,240.0,38.33333,84.33333,0.45767,18.0,44.33333,0.40433,22.33333,24.33333,0.90733,10.33333,31.33333,41.66667,16.0,7.0,5.33333,12.0,17.66667,117.0,1,0.0672,-0.0672,0.30772,0.2672,0.565,0.57732,0.65834,0.63531,1500.57999,1494.95991,0.49866,0.50134,2.00616,1.99542,1.0,1.81667,2.12333,1.92,2.00667
248.33333,45.0,99.33333,0.459,15.66667,43.66667,0.37633,14.0,17.0,0.83367,11.0,34.66667,45.66667,30.66667,7.66667,7.33333,12.0,18.33333,119.66667,248.33333,44.33333,94.33333,0.47067,14.0,36.66667,0.37433,16.0,19.33333,0.81433,10.33333,37.0,47.33333,28.0,6.66667,5.33333,13.33333,17.33333,118.66667,1,-0.01594,0.01594,0.29679,0.30743,0.54484,0.54012,0.60309,0.58818,1525.57024,1529.57928,0.50426,0.49574,2.02036,2.05136,0.33333,240.0,39.33333,85.66667,0.45933,11.66667,30.66667,0.38267,10.33333,14.0,0.721,7.66667,30.0,37.66667,21.0,10.66667,1.66667,10.0,15.33333,100.66667,240.0,40.66667,80.33333,0.506,15.0,38.33333,0.39367,10.0,12.0,0.825,7.66667,34.66667,42.33333,22.33333,6.0,4.0,15.33333,17.0,106.33333,1,0.08158,-0.08158,0.28556,0.22815,0.59964,0.5277,0.6402,0.56783,1496.54203,1550.78968,0.5965,0.4035,1.68856,2.5129,0.66667,2.76667,1.51667,2.03667,1.93667
240.0,37.0,89.33333,0.41467,12.33333,42.0,0.292,19.0,24.0,0.79867,9.0,28.0,37.0,21.66667,8.66667,4.66667,12.0,25.33333,105.33333,240.0,39.33333,80.66667,0.48967,14.33333,32.66667,0.43933,23.33333,28.66667,0.811,10.0,41.66667,51.66667,26.66667,7.66667,5.33333,19.0,23.33333,116.33333,0,0.14512,-0.14512,0.39259,0.2172,0.57896,0.48373,0.67186,0.55709,1392.10125,1491.21237,0.66468,0.33532,1.51335,3.04258,1.0,240.0,37.0,83.33333,0.44433,13.0,33.66667,0.398,21.33333,27.33333,0.79567,11.66667,32.0,43.66667,24.0,6.0,6.0,12.33333,25.0,108.33333,240.0,34.33333,76.66667,0.44967,9.0,28.33333,0.30967,26.66667,34.66667,0.77267,9.33333,33.0,42.33333,20.66667,8.33333,4.66667,14.33333,25.33333,104.33333,0,-0.06424,0.06424,0.34939,0.36866,0.50957,0.52262,0.62145,0.60617,1438.06002,1522.96634,0.61371,0.38629,1.63356,2.60683,0.33333,1.33,3.6,1.47,2.95
248.33333,46.66667,91.66667,0.50733,10.66667,26.33333,0.42233,14.33333,18.66667,0.78067,10.33333,35.66667,46.0,23.33333,12.0,7.33333,15.0,17.66667,118.33333,248.33333,39.0,84.33333,0.46333,11.0,25.66667,0.42467,13.0,20.33333,0.65633,9.0,29.0,38.0,20.33333,8.66667,3.33333,18.0,18.0,102.0,1,-0.20642,0.20642,0.25499,0.35867,0.52837,0.56638,0.5752,0.61775,1466.64246,1588.43958,0.64854,0.35146,1.55237,2.91817,0.0,240.0,43.66667,86.66667,0.51,14.33333,37.33333,0.38767,21.0,28.66667,0.73567,12.66667,32.33333,45.0,29.0,8.66667,3.33333,17.66667,21.33333,122.66667,240.0,44.0,82.33333,0.53333,13.33333,30.66667,0.44167,18.0,22.33333,0.80667,6.0,29.66667,35.66667,31.66667,10.33333,2.33333,19.33333,22.66667,119.33333,1,-0.05266,0.05266,0.18076,0.41385,0.61385,0.59213,0.6831,0.66504,1511.44007,1578.01479,0.5909,0.4091,1.77671,2.69119,0.66667,1.95,2.00667,2.08667,2.37667
240.0,36.0,90.33333,0.399,13.0,43.66667,0.29767,19.0,24.66667,0.77367,8.66667,26.33333,35.0,23.0,8.33333,5.33333,11.66667,24.66667,104.0,240.0,40.33333,83.0,0.489,13.66667,35.33333,0.40067,22.33333,27.66667,0.80267,11.33333,44.66667,56.0,29.0,7.33333,5.33333,19.0,23.0,116.66667,0,0.16905,-0.16905,0.45054,0.19586,0.573,0.47096,0.66084,0.54347,1436.63735,1501.7336,0.61568,0.38432,1.63783,2.66653,1.0,240.0,40.0,88.66667,0.451,14.33333,37.66667,0.39067,17.33333,21.66667,0.802,12.33333,37.33333,49.66667,27.33333,7.33333,3.33333,13.66667,21.33333,111.66667,240.0,37.0,82.33333,0.45,10.0,32.33333,0.30267,18.0,27.66667,0.693,7.66667,33.66667,41.33333,20.66667,7.0,3.66667,15.0,17.33333,102.0,0,-0.13405,0.13405,0.20736,0.39014,0.51095,0.53169,0.5783,0.59779,1345.20257,1446.97081,0.63199,0.36801,1.59135,2.76583,0.0,1.74333,2.73,1.99667,3.09
240.0,40.66667,88.33333,0.46067,12.66667,35.33333,0.36367,15.33333,18.33333,0.83767,9.66667,33.0,42.66667,25.0,8.0,6.33333,14.0,19.33333,109.33333,240.0,40.66667,88.0,0.46133,11.33333,27.0,0.41367,19.66667,25.0,0.792,11.0,35.0,46.0,26.66667,8.66667,5.33333,13.66667,17.33333,112.33333,1,0.04167,-0.04167,0.34682,0.27781,0.52437,0.53238,0.60149,0.59213,1594.17561,1523.74496,0.39739,0.60261,2.53047,1.66322,0.66667,240.0,37.33333,84.33333,0.446,11.66667,35.0,0.33333,12.0,14.66667,0.816,14.0,34.66667,48.66667,23.66667,6.0,4.0,17.0,18.66667,98.33333,240.0,37.0,83.66667,0.43933,11.66667,36.33333,0.32333,15.66667,21.66667,0.726,10.0,29.33333,39.33333,24.0,11.66667,4.33333,10.0,15.66667,101.33333,1,0.02691,-0.02691,0.317,0.48323,0.50825,0.51693,0.57018,0.56709,1487.40635,1430.82731,0.42241,0.57759,2.47604,1.77735,0.66667,2.95,1.46667,4.03333,1.39333
240.0,36.33333,87.33333,0.41667,11.0,37.0,0.29267,12.33333,18.33333,0.682,9.66667,36.0,45.66667,22.33333,6.66667,3.33333,10.66667,18.66667,96.0,240.0,34.0,81.33333,0.42,12.66667,40.33333,0.31167,15.0,21.33333,0.699,6.66667,37.66667,44.33333,22.33333,5.0,5.66667,12.66667,17.33333,95.66667,1,-0.00727,0.00727,0.18583,0.26111,0.49812,0.47961,0.55809,0.52587,1494.19193,1489.64191,0.4855,0.5145,2.06883,1.95062,0.66667,240.0,43.66667,82.33333,0.53233,10.66667,27.66667,0.385,18.0,25.0,0.69833,8.66667,35.33333,44.0,26.0,8.0,5.33333,16.66667,17.0,116.0,240.0,43.0,90.33333,0.47733,12.66667,35.0,0.36033,12.66667,17.0,0.723,8.66667,26.33333,35.0,27.0,9.66667,4.66667,13.33333,21.66667,111.33333,1,-0.05961,0.05961,0.24471,0.31773,0.54668,0.59774,0.59264,0.66183,1520.11522,1531.32469,0.50757,0.49243,2.04194,2.09254,0.33333,1.68667,2.28333,2.36333,1.88667
240.0,40.33333,88.66667,0.45633,16.0,39.0,0.41633,13.0,14.33333,0.89067,11.0,32.0,43.0,24.0,4.66667,4.0,11.33333,23.0,109.66667,240.0,40.0,86.33333,0.46333,12.33333,31.0,0.40233,21.33333,29.0,0.742,11.0,33.0,44.0,22.0,8.33333,4.0,9.33333,15.66667,113.66667,0,0.05262,-0.05262,0.3655,0.33439,0.53491,0.54774,0.6129,0.60066,1508.89149,1592.39593,0.6133,0.3867,1.66859,2.75618,1.0,240.0,39.0,85.33333,0.457,12.0,34.0,0.34233,16.66667,20.33333,0.82167,5.66667,31.66667,37.33333,22.66667,8.33333,7.33333,9.0,19.33333,106.66667,240.0,41.0,95.0,0.42933,7.66667,33.0,0.23133,15.0,21.0,0.728,17.66667,37.33333,55.0,27.0,4.66667,5.33333,14.33333,19.0,104.66667,0,-0.00316,0.00316,0.56938,0.16307,0.47113,0.52639,0.52537,0.59497,1469.68353,1409.80715,0.4015,0.5985,2.55885,1.69164,0.33333,1.63,2.65,3.05667,1.58
240.0,40.66667,91.33333,0.44767,15.0,38.66667,0.389,16.66667,20.0,0.85467,12.33333,34.33333,46.66667,26.0,9.66667,8.66667,11.33333,21.66667,113.0,240.0,39.33333,88.33333,0.445,12.66667,32.33333,0.383,15.66667,20.0,0.78167,12.0,34.33333,46.33333,22.66667,6.66667,4.33333,14.33333,20.0,107.0,0,-0.08003,0.08003,0.35195,0.35597,0.51544,0.53047,0.57575,0.593,1496.77835,1533.82088,0.54329,0.45671,1.94963,2.46033,0.0,240.0,38.66667,85.33333,0.45133,11.66667,32.33333,0.38867,17.0,23.66667,0.714,8.0,31.66667,39.66667,25.66667,5.33333,3.66667,14.33333,19.66667,106.0,240.0,47.66667,92.0,0.51833,16.33333,37.66667,0.43067,18.33333,21.66667,0.81433,9.0,39.0,48.0,25.0,8.66667,4.0,10.0,23.0,130.0,0,0.29728,-0.29728,0.28718,0.21963,0.60688,0.52027,0.67271,0.58533,1595.26819,1457.08147,0.33865,0.66135,3.02719,1.52041,1.0,1.83333,2.67333,5.13333,1.22333
240.0,44.33333,85.33333,0.52233,9.33333,26.33333,0.35033,16.0,22.33333,0.71767,9.66667,33.0,42.66667,27.66667,6.33333,2.66667,13.66667,20.66667,114.0,240.0,41.33333,82.0,0.50433,11.33333,31.33333,0.37067,16.33333,22.0,0.74633,8.0,29.0,37.0,28.66667,7.0,3.0,15.0,22.0,110.33333,0,-0.04155,0.04155,0.24208,0.375,0.57405,0.5771,0.6363,0.63551,1508.99724,1589.95101,0.61007,0.38993,1.698,2.81355,0.66667,240.0,41.0,91.66667,0.445,13.66667,38.33333,0.34767,15.0,18.33333,0.82233,7.0,27.33333,34.33333,21.33333,10.33333,7.0,9.66667,18.33333,110.66667,240.0,47.66667,94.0,0.51633,8.0,27.33333,0.3,15.33333,21.33333,0.73133,14.0,39.66667,53.66667,30.33333,5.66667,4.66667,16.33333,17.33333,118.66667,0,0.12306,-0.12306,0.48846,0.18893,0.56115,0.51852,0.61282,0.57557,1473.70807,1442.92559,0.46748,0.53252,2.35931,2.09489,0.66667,3.21333,1.62333,2.93333,1.91333
248.33333,46.33333,98.0,0.47367,14.0,37.66667,0.36833,17.66667,22.0,0.82733,10.66667,32.33333,43.0,26.33333,10.33333,8.0,15.33333,24.33333,124.33333,248.33333,47.33333,97.0,0.49,9.66667,30.0,0.32733,17.66667,24.66667,0.71633,13.66667,36.66667,50.33333,27.66667,8.0,5.66667,18.33333,19.0,122.0,0,-0.03064,0.03064,0.41921,0.28853,0.54016,0.54531,0.59813,0.60584,1463.30515,1373.92902,0.37222,0.62778,2.75428,1.60956,0.66667,240.0,36.66667,83.66667,0.44033,10.66667,33.0,0.33633,17.66667,21.66667,0.807,6.0,32.0,38.0,26.0,7.33333,5.0,16.33333,22.66667,101.66667,240.0,38.0,80.0,0.47467,9.66667,28.0,0.34267,23.0,31.33333,0.73933,8.33333,37.66667,46.0,20.0,10.0,6.33333,15.33333,21.33333,108.66667,0,0.10017,-0.10017,0.26021,0.16693,0.53489,0.5056,0.62527,0.57843,1585.42371,1548.67132,0.4531,0.5469,2.22773,1.84145,0.66667,3.03333,1.47667,2.26,1.74
240.0,43.0,93.0,0.46567,10.66667,31.33333,0.34267,18.0,24.0,0.751,11.66667,35.66667,47.33333,27.33333,9.0,2.66667,12.0,15.33333,114.66667,240.0,43.66667,94.66667,0.46167,14.0,40.0,0.34933,16.33333,20.0,0.81567,12.33333,36.0,48.33333,25.0,7.33333,5.66667,13.33333,18.33333,117.66667,1,0.03595,-0.03595,0.35275,0.31778,0.5359,0.52327,0.59458,0.58669,1574.82298,1492.78663,0.39667,0.60333,3.06255,1.91154,0.66667,248.33333,38.33333,88.0,0.438,10.33333,34.33333,0.307,22.0,29.0,0.747,7.33333,35.0,42.33333,22.33333,7.33333,2.66667,13.0,18.66667,109.0,248.33333,44.0,92.0,0.486,12.33333,30.66667,0.416,18.33333,24.66667,0.71367,10.0,41.0,51.0,26.0,9.33333,5.66667,14.0,23.0,118.66667,1,0.11787,-0.11787,0.28654,0.17679,0.55369,0.49793,0.61884,0.58256,1603.01772,1442.17682,0.30635,0.69365,3.92423,1.50681,0.66667,3.59,2.18,4.27333,1.84333
240.0,36.66667,80.66667,0.45733,12.0,38.33333,0.31867,16.66667,20.0,0.841,5.33333,36.33333,41.66667,27.0,10.66667,5.0,10.0,16.66667,102.0,240.0,33.33333,83.66667,0.401,14.0,40.33333,0.35033,12.66667,16.0,0.838,11.66667,34.66667,46.33333,26.0,4.66667,2.33333,17.0,18.33333,93.33333,0,-0.12874,0.12874,0.3197,0.15633,0.48536,0.53118,0.53875,0.60231,1454.26338,1490.88896,0.53704,0.46296,1.88807,2.20928,0.0,240.0,40.33333,94.0,0.42933,11.33333,35.66667,0.317,17.0,20.0,0.82367,9.33333,36.0,45.33333,23.66667,10.0,5.33333,11.33333,18.33333,109.0,240.0,43.33333,95.66667,0.45367,10.0,28.33333,0.361,16.66667,20.33333,0.871,13.0,40.66667,53.66667,26.33333,7.66667,6.33333,14.33333,20.33333,113.33333,0,0.05144,-0.05144,0.36079,0.23567,0.50711,0.48965,0.56646,0.55371,1506.65046,1525.7868,0.53261,0.46739,1.97138,2.2422,0.33333,1.62333,2.56667,1.83,2.30667
248.33333,45.33333,98.0,0.46433,12.33333,37.33333,0.334,19.33333,22.66667,0.859,11.33333,42.33333,53.66667,28.0,8.66667,3.0,18.66667,16.66667,122.33333,248.33333,43.33333,96.66667,0.45233,15.33333,40.0,0.384,13.33333,18.0,0.716,7.0,37.33333,44.33333,29.0,9.33333,3.33333,16.33333,20.33333,115.33333,0,-0.08315,0.08315,0.15768,0.30754,0.53299,0.52747,0.579,0.59607,1465.74538,1590.24757,0.659,0.341,1.57468,3.2419,0.0,240.0,37.66667,84.0,0.449,12.33333,33.66667,0.368,19.0,25.66667,0.74233,12.0,29.66667,41.66667,21.0,4.33333,3.0,12.33333,21.66667,106.66667,240.0,44.0,85.33333,0.51533,13.33333,32.66667,0.40767,20.66667,23.33333,0.89267,8.66667,32.66667,41.33333,26.0,7.33333,3.66667,9.66667,22.0,122.0,0,0.19597,-0.19597,0.29619,0.36216,0.59375,0.52282,0.67423,0.59719,1591.16993,1537.55047,0.44501,0.55499,2.29132,1.82364,1.0,1.27,4.8,3.71667,1.34
240.0,44.66667,84.33333,0.52967,18.66667,41.66667,0.45233,14.33333,16.33333,0.88267,8.0,38.33333,46.33333,24.66667,4.33333,3.33333,10.0,17.33333,122.33333,240.0,38.33333,90.66667,0.422,15.66667,43.0,0.35933,14.33333,18.0,0.79767,11.33333,28.0,39.33333,20.33333,5.66667,1.33333,7.33333,17.0,106.66667,1,-0.20712,0.20712,0.30374,0.28889,0.50799,0.64071,0.56261,0.69583,1524.90428,1507.35249,0.45603,0.54397,2.25756,1.86895,0.33333,240.0,41.0,88.33333,0.464,17.0,40.66667,0.42367,17.33333,20.33333,0.859,8.33333,32.66667,41.0,25.0,6.66667,6.0,11.0,20.33333,116.33333,240.0,39.33333,83.66667,0.47267,12.33333,34.33333,0.362,21.66667,29.33333,0.736,11.66667,36.0,47.66667,23.66667,7.33333,5.0,14.0,21.0,112.66667,1,-0.04741,0.04741,0.38156,0.23484,0.54703,0.56061,0.62906,0.62658,1367.45209,1464.74504,0.63196,0.36804,1.59688,2.77967,0.33333,1.82667,2.10667,1.90667,2.32667
240.0,32.0,82.0,0.39033,10.33333,35.33333,0.29367,14.33333,19.33333,0.75433,8.66667,37.66667,46.33333,19.33333,5.0,4.66667,11.33333,14.0,88.66667,240.0,39.0,87.66667,0.44467,15.66667,39.33333,0.39167,9.66667,12.66667,0.77433,6.33333,38.0,44.33333,25.0,6.66667,4.0,8.33333,16.66667,103.33333,0,0.22383,-0.22383,0.17038,0.22807,0.53416,0.45308,0.5711,0.51314,1510.10641,1400.27364,0.36685,0.63315,2.73012,1.58025,1.0,240.0,36.33333,86.0,0.42467,11.66667,36.0,0.307,13.66667,19.33333,0.745,11.0,30.66667,41.66667,24.66667,12.33333,6.66667,16.33333,22.0,98.0,240.0,35.33333,79.0,0.44767,7.66667,26.0,0.295,20.0,27.33333,0.73233,9.66667,36.66667,46.33333,21.0,10.33333,2.0,19.66667,19.33333,98.33333,0,0.01095,-0.01095,0.31534,0.29601,0.49612,0.49226,0.57862,0.54608,1583.02292,1508.84171,0.40308,0.59692,2.78437,1.75428,0.33333,3.51667,1.35333,2.20667,2.03667
240.0,39.33333,90.0,0.437,14.0,38.0,0.36933,18.0,23.33333,0.764,11.33333,29.33333,40.66667,19.33333,8.0,3.0,10.66667,20.33333,110.66667,240.0,43.66667,79.66667,0.547,12.66667,33.0,0.37933,16.0,20.0,0.80933,4.33333,37.0,41.33333,26.66667,5.0,6.33333,15.0,18.33333,116.0,0,0.05866,-0.05866,0.14707,0.30652,0.62518,0.51489,0.68787,0.58146,1520.48885,1502.88073,0.47493,0.52507,2.17083,1.96602,0.66667,248.33333,41.33333,92.0,0.44933,11.0,31.33333,0.31433,18.33333,23.66667,0.77867,10.0,29.33333,39.33333,23.0,7.66667,4.0,14.66667,18.66667,112.0,248.33333,51.33333,93.0,0.55167,12.66667,29.66667,0.422,16.33333,20.66667,0.78167,9.0,38.66667,47.66667,28.0,8.66667,6.33333,13.66667,21.0,131.66667,0,0.23904,-0.23904,0.34056,0.25735,0.62017,0.50651,0.67596,0.57518,1573.34723,1563.37553,0.51413,0.48587,2.03955,2.18623,1.0,3.74,1.66333,2.28333,1.81667
240.0,46.33333,93.33333,0.497,13.66667,36.66667,0.36767,16.33333,22.33333,0.75233,9.0,31.66667,40.66667,26.33333,9.66667,8.66667,13.66667,23.33333,122.66667,240.0,45.66667,95.0,0.48467,10.66667,30.33333,0.36067,21.33333,28.66667,0.731,14.66667,35.66667,50.33333,30.66667,5.33333,5.0,15.66667,19.33333,123.33333,1,0.00308,-0.00308,0.46409,0.24896,0.54158,0.56988,0.61357,0.62514,1494.81237,1368.29995,0.33323,0.66677,3.29334,1.53483,0.66667,240.0,40.66667,87.33333,0.466,10.0,28.66667,0.34133,15.0,21.0,0.709,9.33333,32.0,41.33333,20.66667,9.66667,3.33333,14.0,15.33333,106.33333,240.0,46.33333,90.0,0.51633,12.0,30.33333,0.39567,13.0,16.0,0.80767,9.0,35.66667,44.66667,29.0,8.0,4.33333,15.33333,17.33333,117.66667,1,0.15241,-0.15241,0.2791,0.26509,0.58331,0.52299,0.6314,0.57835,1617.67547,1510.07844,0.36062,0.63938,2.77528,1.56442,0.66667,3.46667,1.38667,4.53333,1.25667
240.0,38.0,87.0,0.43567,13.66667,40.66667,0.33333,20.33333,23.66667,0.859,8.66667,31.66667,40.33333,22.33333,5.66667,4.33333,11.33333,22.66667,110.0,240.0,39.0,82.33333,0.475,10.0,30.33333,0.32867,24.33333,32.66667,0.74533,13.0,38.0,51.0,24.0,6.66667,6.0,13.0,23.0,112.33333,1,0.03729,-0.03729,0.42793,0.22815,0.5374,0.5139,0.63071,0.59466,1440.1402,1495.47802,0.57792,0.42208,1.85064,2.58377,0.66667,248.33333,45.0,92.66667,0.489,15.66667,39.33333,0.40433,13.0,16.0,0.82433,10.0,35.33333,45.33333,31.33333,6.66667,8.33333,12.0,19.0,118.66667,248.33333,38.66667,91.66667,0.42233,10.33333,35.66667,0.28967,17.66667,20.0,0.886,13.33333,32.33333,45.66667,24.0,6.66667,5.0,12.66667,16.33333,105.33333,1,-0.16481,0.16481,0.38763,0.31023,0.47907,0.57378,0.549,0.61963,1483.59889,1570.34096,0.60243,0.39757,1.68551,2.6256,0.0,1.90667,2.32667,2.25667,1.76
240.0,42.0,86.66667,0.48533,10.33333,31.33333,0.331,20.33333,26.0,0.76133,7.0,35.33333,42.33333,25.0,7.66667,6.33333,10.66667,20.33333,114.66667,240.0,43.33333,93.0,0.46567,9.33333,28.66667,0.31567,16.33333,20.0,0.826,10.66667,37.0,47.66667,25.66667,6.66667,3.0,12.33333,20.0,112.33333,0,-0.03593,0.03593,0.30515,0.19577,0.5159,0.54532,0.57527,0.62134,1465.86623,1402.52992,0.40478,0.59522,2.54074,1.70535,0.33333,248.33333,38.0,90.0,0.42333,7.0,28.0,0.25133,18.33333,25.66667,0.70933,10.33333,35.33333,45.66667,20.33333,8.66667,5.33333,14.33333,15.66667,101.33333,248.33333,45.33333,99.0,0.45867,13.33333,34.0,0.40067,8.66667,12.66667,0.666,12.66667,41.66667,54.33333,27.33333,9.66667,8.0,14.0,24.0,112.66667,0,0.1424,-0.1424,0.39644,0.2472,0.5263,0.46188,0.55559,0.53073,1596.45013,1530.66504,0.41806,0.58194,2.42828,1.73384,0.66667,2.58333,1.61667,2.57333,1.93667
240.0,41.66667,91.66667,0.45433,8.33333,25.0,0.33433,16.66667,21.33333,0.795,11.0,33.66667,44.66667,23.66667,7.33333,4.0,12.0,18.33333,108.33333,240.0,41.33333,90.66667,0.45567,9.66667,30.33333,0.31167,19.66667,24.66667,0.80667,11.0,38.66667,49.66667,23.0,7.66667,4.33333,12.66667,16.66667,112.0,0,0.05102,-0.05102,0.33165,0.30527,0.50875,0.4993,0.58281,0.56207,1524.13342,1490.27229,0.45733,0.54267,2.46101,2.0885,0.66667,240.0,41.33333,87.0,0.47767,11.33333,31.33333,0.35,14.0,19.33333,0.72433,9.33333,26.66667,36.0,25.66667,8.66667,3.33333,12.66667,19.0,108.0,240.0,46.33333,91.0,0.50833,10.33333,28.66667,0.35667,16.66667,21.33333,0.80433,14.66667,35.66667,50.33333,29.66667,7.66667,5.33333,13.66667,17.33333,119.66667,0,0.14695,-0.14695,0.56103,0.25994,0.5645,0.54377,0.62535,0.59546,1610.82803,1428.47068,0.26951,0.73049,3.76357,1.37143,1.0,3.58333,1.79,6.83333,1.22333
240.0,36.0,81.0,0.444,12.66667,36.0,0.35367,17.66667,25.33333,0.688,9.33333,29.33333,38.66667,25.33333,7.66667,4.33333,16.66667,18.33333,102.33333,240.0,47.0,89.33333,0.52633,13.66667,39.0,0.35,15.66667,18.66667,0.814,9.33333,36.66667,46.0,28.66667,9.33333,3.33333,11.66667,22.0,123.33333,1,0.26853,-0.26853,0.3198,0.26172,0.60287,0.52216,0.66087,0.59097,1595.28894,1473.72048,0.35537,0.64463,2.81971,1.55218,1.0,240.0,33.0,82.0,0.40167,12.33333,38.0,0.32667,14.0,17.66667,0.786,9.0,35.0,44.0,18.33333,4.66667,4.33333,16.66667,16.0,92.33333,240.0,41.0,87.66667,0.46767,12.66667,34.0,0.36567,13.66667,17.0,0.83067,7.33333,38.0,45.33333,26.0,9.66667,4.66667,12.0,17.66667,108.33333,1,0.24009,-0.24009,0.21237,0.23728,0.53977,0.47696,0.59228,0.53573,1502.72055,1441.44362,0.43994,0.56006,2.33315,1.82135,0.66667,3.9,1.30333,2.90667,1.59333
240.0,41.0,88.66667,0.46233,18.33333,43.66667,0.421,16.0,20.33333,0.79067,9.66667,33.0,42.66667,22.33333,5.33333,6.33333,12.33333,20.33333,116.33333,240.0,41.66667,84.0,0.49833,13.66667,33.0,0.419,16.66667,23.0,0.732,7.0,34.33333,41.33333,29.0,5.33333,5.33333,11.66667,19.33333,113.66667,1,-0.03421,0.03421,0.20791,0.28798,0.58074,0.56571,0.64423,0.62428,1414.19744,1492.67223,0.60685,0.39315,1.67073,2.61684,0.33333,240.0,39.33333,87.33333,0.45167,11.66667,38.66667,0.3,19.66667,22.66667,0.89567,11.66667,35.33333,47.0,24.0,5.33333,3.33333,12.33333,17.0,110.0,240.0,40.66667,87.33333,0.46633,19.0,45.66667,0.41467,15.33333,17.66667,0.858,6.33333,31.66667,38.0,27.33333,5.66667,4.66667,9.66667,22.0,115.66667,1,0.06256,-0.06256,0.19049,0.36132,0.57555,0.51937,0.63428,0.60076,1497.70384,1628.03577,0.69582,0.30418,1.4377,3.29363,0.33333,1.47,3.38333,1.64333,2.4
240.0,39.33333,84.33333,0.471,9.0,26.66667,0.34333,22.66667,27.0,0.83833,7.66667,32.33333,40.0,24.0,6.33333,5.0,14.66667,23.66667,110.33333,240.0,47.0,93.66667,0.50167,11.0,27.33333,0.397,18.66667,25.0,0.75233,12.0,33.66667,45.66667,26.0,7.0,7.33333,10.66667,24.0,123.66667,0,0.16228,-0.16228,0.37146,0.25459,0.56072,0.52394,0.62388,0.61454,1529.35267,1402.10845,0.34137,0.65863,2.96848,1.52327,1.0,248.33333,37.0,81.0,0.457,10.0,27.33333,0.375,18.33333,24.66667,0.74067,7.66667,36.0,43.66667,21.66667,7.66667,6.66667,15.0,18.0,102.33333,248.33333,40.66667,88.66667,0.45767,13.66667,29.33333,0.46767,13.33333,19.33333,0.66167,10.0,33.0,43.0,21.0,8.33333,4.66667,11.33333,20.33333,108.33333,0,0.07144,-0.07144,0.29005,0.23397,0.53459,0.51876,0.58072,0.59182,1510.43679,1465.94903,0.44791,0.55209,2.40858,1.94805,0.66667,2.96667,1.51667,2.3,1.73333
240.0,40.33333,87.0,0.464,17.66667,41.33333,0.42767,20.0,23.33333,0.874,9.0,35.33333,44.33333,26.0,7.66667,8.0,12.66667,23.0,118.33333,240.0,40.0,89.33333,0.448,14.33333,35.33333,0.404,18.66667,21.0,0.865,11.0,33.33333,44.33333,24.66667,6.66667,5.0,12.33333,19.66667,113.0,1,-0.06782,0.06782,0.31323,0.27477,0.52771,0.56591,0.60172,0.64289,1433.56692,1524.5817,0.61933,0.38067,1.66417,2.82368,0.0,240.0,41.66667,87.0,0.47867,10.0,33.33333,0.305,15.33333,21.0,0.728,8.66667,32.0,40.66667,25.33333,7.66667,6.0,15.66667,22.33333,108.66667,240.0,42.66667,85.0,0.5,11.0,29.0,0.38367,23.0,29.0,0.792,9.0,36.0,45.0,26.66667,6.66667,4.66667,13.0,18.33333,119.33333,1,0.1311,-0.1311,0.28888,0.2406,0.56392,0.53649,0.65256,0.59281,1596.84897,1453.42424,0.31982,0.68018,3.35229,1.48999,1.0,1.54,2.91667,3.36667,1.38333
240.0,41.33333,86.0,0.48133,13.33333,32.0,0.41133,20.66667,31.66667,0.65433,12.66667,36.33333,49.0,27.33333,9.33333,6.0,15.0,20.0,116.66667,240.0,41.66667,90.0,0.46367,14.0,39.0,0.35967,13.33333,17.66667,0.76567,10.33333,33.33333,43.66667,25.33333,5.66667,5.66667,15.33333,25.66667,110.66667,0,-0.07595,0.07595,0.28701,0.38802,0.54137,0.55881,0.58979,0.62794,1490.07274,1501.71026,0.50864,0.49136,2.13935,2.27738,0.0,240.0,36.0,88.66667,0.40533,10.33333,34.66667,0.29967,13.0,20.0,0.662,11.33333,27.66667,39.0,20.66667,7.0,4.66667,12.66667,19.0,95.33333,240.0,38.0,79.66667,0.47433,11.66667,31.33333,0.374,23.33333,28.0,0.849,9.33333,40.0,49.33333,22.0,6.66667,5.33333,14.66667,18.66667,111.0,0,0.22703,-0.22703,0.36667,0.28638,0.54828,0.46311,0.64691,0.51086,1544.81419,1405.36329,0.3276,0.6724,3.07472,1.48989,1.0,2.38333,1.8,2.85,1.53
240.0,45.33333,92.66667,0.48733,14.0,39.66667,0.35033,14.66667,19.66667,0.737,10.66667,34.0,44.66667,25.33333,6.0,4.33333,8.33333,21.0,119.33333,240.0,39.33333,82.66667,0.47667,10.0,30.0,0.336,20.0,29.33333,0.68667,8.0,34.0,42.0,20.33333,5.33333,3.66667,11.33333,19.0,108.66667,1,-0.12834,0.12834,0.24176,0.32065,0.5368,0.56209,0.61004,0.61401,1413.14987,1524.77303,0.63884,0.36116,1.59625,2.91166,0.33333,240.0,36.66667,82.33333,0.446,13.0,31.66667,0.41333,19.66667,28.66667,0.69167,9.33333,36.0,45.33333,24.0,6.66667,5.0,11.33333,16.66667,106.0,240.0,39.66667,90.66667,0.438,16.33333,43.0,0.377,10.0,11.66667,0.882,10.33333,35.0,45.33333,23.33333,6.33333,5.33333,12.33333,22.0,105.66667,1,-0.00381,0.00381,0.28688,0.26849,0.52837,0.52495,0.56729,0.59857,1516.93628,1440.05733,0.39002,0.60998,2.62126,1.65668,0.33333,1.71,3.81,3.26667,1.43333
240.0,38.0,86.33333,0.43867,14.0,36.0,0.38933,14.33333,19.33333,0.74667,10.0,31.0,41.0,20.0,5.66667,4.0,13.33333,18.33333,104.33333,240.0,43.33333,84.0,0.515,14.66667,37.33333,0.38433,15.33333,19.66667,0.78967,6.33333,36.33333,42.66667,27.33333,8.0,5.66667,12.66667,16.66667,116.66667,0,0.15621,-0.15621,0.20378,0.27581,0.60063,0.52033,0.6585,0.57474,1500.35513,1500.76521,0.5163,0.4837,1.99094,2.12344,0.66667,240.0,40.66667,88.66667,0.45933,11.66667,36.0,0.32133,13.33333,19.66667,0.67767,9.66667,30.66667,40.33333,23.66667,10.66667,8.66667,10.33333,14.66667,106.33333,240.0,38.66667,84.66667,0.45733,13.0,37.66667,0.33067,16.0,21.0,0.76067,10.0,32.33333,42.33333,21.33333,5.33333,5.33333,15.0,18.0,106.33333,0,-0.00203,0.00203,0.33553,0.30178,0.53287,0.52536,0.59479,0.57265,1554.55173,1479.00628,0.38274,0.61726,2.65546,1.63156,0.66667,3.03,1.93333,3.4,1.56
240.0,42.66667,90.33333,0.47233,10.66667,35.33333,0.30233,12.33333,13.33333,0.93267,9.0,35.33333,44.33333,25.66667,6.0,4.0,9.0,16.33333,108.33333,240.0,38.33333,88.66667,0.43233,12.66667,39.33333,0.32633,14.66667,17.33333,0.84867,11.0,34.66667,45.66667,20.33333,3.66667,4.33333,11.33333,16.0,104.0,1,-0.06038,0.06038,0.32528,0.26092,0.50362,0.53126,0.56214,0.58069,1455.83423,1643.58724,0.74009,0.25991,1.35682,4.00989,0.33333,240.0,41.66667,89.66667,0.46767,13.0,40.0,0.32167,12.0,18.33333,0.66,8.66667,34.66667,43.33333,27.0,8.66667,5.0,12.0,17.33333,108.33333,240.0,41.0,84.66667,0.48467,17.0,40.66667,0.416,16.33333,21.0,0.77533,8.0,38.33333,46.33333,30.0,7.66667,5.33333,17.0,17.66667,115.33333,1,0.09077,-0.09077,0.22843,0.22115,0.58709,0.53999,0.64782,0.58031,1485.40537,1467.28051,0.48537,0.51463,2.12404,1.98987,1.0,1.52667,3.11667,2.07,1.92667
240.0,42.66667,92.66667,0.46333,8.33333,30.33333,0.27267,13.66667,16.66667,0.80333,12.33333,33.33333,45.66667,29.33333,6.66667,4.0,14.0,21.0,107.33333,240.0,46.0,86.0,0.53633,12.33333,29.33333,0.42033,14.66667,20.33333,0.76067,6.0,31.33333,37.33333,28.66667,8.0,7.33333,11.0,16.66667,119.0,0,0.15096,-0.15096,0.18523,0.40534,0.60759,0.5077,0.65885,0.55845,1540.95236,1477.68258,0.4374,0.5626,2.50731,1.84708,1.0,240.0,37.33333,92.33333,0.40167,9.33333,32.33333,0.293,15.66667,21.33333,0.72333,11.33333,33.66667,45.0,22.66667,8.0,3.0,10.0,15.33333,99.66667,240.0,43.0,90.66667,0.474,16.66667,39.66667,0.41633,16.33333,20.33333,0.803,12.0,40.66667,52.66667,25.33333,6.33333,5.66667,13.33333,17.0,119.0,0,0.27916,-0.27916,0.35765,0.28834,0.56765,0.45183,0.62733,0.50963,1684.71675,1449.46727,0.21926,0.78074,4.98086,1.28746,1.0,2.75,1.63,7.16667,1.16
240.0,37.33333,86.33333,0.431,9.66667,31.33333,0.31067,10.0,15.66667,0.67867,13.66667,27.0,40.66667,23.33333,6.33333,6.0,12.33333,17.66667,94.33333,240.0,37.0,79.66667,0.46367,10.0,28.0,0.35667,18.33333,20.33333,0.895,12.66667,34.66667,47.33333,24.0,7.0,5.0,14.33333,17.0,102.33333,0,0.11995,-0.11995,0.49557,0.39666,0.52738,0.48668,0.60939,0.5244,1510.07977,1365.45554,0.31049,0.68951,3.22439,1.45063,0.66667,240.0,39.66667,87.0,0.46,13.66667,37.0,0.36933,11.33333,16.66667,0.71867,10.33333,33.66667,44.0,25.33333,11.0,8.0,15.66667,22.0,104.33333,240.0,37.33333,83.66667,0.44467,10.0,30.33333,0.329,19.0,25.66667,0.74233,10.33333,37.0,47.33333,21.0,7.66667,3.0,15.66667,18.0,103.66667,0,-0.01367,0.01367,0.30608,0.27549,0.50388,0.53943,0.57957,0.57995,1594.04304,1544.86362,0.43345,0.56655,2.40782,1.81436,0.33333,4.01667,1.31,2.49,1.96667
240.0,36.0,90.66667,0.39767,13.0,43.66667,0.29767,18.66667,24.33333,0.77067,10.0,28.33333,38.33333,25.0,7.33333,6.33333,12.33333,21.33333,103.66667,240.0,40.33333,84.33333,0.48067,15.0,40.66667,0.372,20.33333,24.66667,0.81567,11.66667,43.33333,55.0,29.33333,8.0,6.0,19.33333,24.0,116.0,0,0.16529,-0.16529,0.44564,0.2328,0.57108,0.46933,0.65141,0.54042,1475.19192,1510.78507,0.57487,0.42513,1.74073,2.35527,1.0,240.0,42.66667,86.33333,0.49567,8.33333,27.0,0.324,19.66667,26.0,0.75267,12.0,27.33333,39.33333,21.66667,11.0,7.0,12.0,22.66667,113.33333,240.0,40.66667,82.0,0.499,9.33333,26.0,0.36233,22.0,26.66667,0.844,11.0,32.33333,43.33333,23.66667,7.33333,2.66667,16.66667,18.66667,112.66667,0,-0.0087,0.0087,0.39981,0.37027,0.55666,0.54383,0.64523,0.61681,1371.2843,1516.29145,0.69949,0.30051,1.4301,3.3342,0.33333,2.03333,2.13333,1.38667,3.28333
240.0,39.0,85.0,0.45833,15.0,41.66667,0.36233,22.33333,27.0,0.827,10.0,36.66667,46.66667,22.0,8.66667,6.66667,12.0,17.66667,115.33333,240.0,40.33333,89.66667,0.45167,10.66667,29.33333,0.32867,13.33333,16.33333,0.82867,9.33333,32.66667,42.0,25.0,8.0,3.66667,11.33333,20.66667,104.66667,0,-0.14271,0.14271,0.26003,0.30714,0.51346,0.54631,0.56497,0.6365,1500.64487,1672.05476,0.72079,0.27921,1.38904,3.6129,0.0,240.0,39.33333,87.0,0.45233,14.33333,37.0,0.38167,9.33333,13.33333,0.695,10.0,34.0,44.0,23.66667,10.33333,4.33333,10.33333,14.66667,102.33333,240.0,39.33333,84.33333,0.47033,13.33333,36.66667,0.36167,7.33333,10.33333,0.73467,8.33333,34.0,42.33333,18.33333,6.33333,5.0,15.66667,16.66667,99.33333,0,-0.03797,0.03797,0.24389,0.29589,0.55172,0.5349,0.58008,0.56923,1506.9399,1562.58879,0.58358,0.41642,1.73868,2.4594,0.33333,1.39,3.53333,1.77,2.1
240.0,46.33333,88.0,0.52933,12.0,31.66667,0.38233,10.0,13.0,0.77733,8.0,35.66667,43.66667,27.33333,8.66667,4.33333,12.66667,14.0,114.66667,240.0,37.66667,85.33333,0.44033,13.0,35.66667,0.378,12.33333,17.0,0.76433,10.0,29.66667,39.66667,25.33333,7.33333,4.0,14.33333,16.66667,100.66667,1,-0.18261,0.18261,0.28069,0.27149,0.51608,0.59814,0.56521,0.6342,1533.90408,1589.02963,0.55712,0.44288,1.81967,2.30082,0.0,240.0,39.33333,88.33333,0.44533,15.0,44.0,0.339,16.33333,19.0,0.873,8.33333,33.0,41.33333,26.0,10.33333,4.66667,10.33333,19.33333,110.0,240.0,37.33333,81.0,0.46033,16.66667,38.33333,0.432,18.66667,22.66667,0.80467,8.66667,36.33333,45.0,25.0,4.66667,2.33333,16.66667,17.66667,110.0,1,-0.00399,0.00399,0.26229,0.22898,0.56317,0.53081,0.63872,0.59516,1408.68531,1524.28841,0.66357,0.33643,1.51208,3.01681,0.33333,2.32,2.03333,1.38333,3.85
240.0,43.33333,88.0,0.49433,10.66667,30.66667,0.34233,16.66667,21.0,0.78933,11.33333,33.66667,45.0,23.0,4.66667,3.66667,10.0,20.33333,114.0,240.0,40.33333,82.66667,0.488,13.0,32.0,0.403,18.66667,22.66667,0.83367,8.33333,31.33333,39.66667,25.33333,5.33333,5.66667,12.0,18.0,112.33333,0,-0.01979,0.01979,0.25489,0.35635,0.56648,0.55477,0.64068,0.61744,1486.53428,1547.21145,0.57523,0.42477,1.79132,2.47781,0.66667,248.33333,41.33333,85.0,0.48467,12.33333,33.66667,0.36267,19.66667,27.0,0.72567,10.0,30.0,40.0,27.66667,8.33333,3.33333,16.33333,16.0,114.66667,248.33333,48.0,89.66667,0.535,14.0,37.33333,0.37633,12.66667,16.66667,0.75667,9.0,33.66667,42.66667,32.0,10.33333,3.66667,14.33333,24.0,122.66667,0,0.09674,-0.09674,0.301,0.31941,0.61308,0.55703,0.65631,0.62945,1598.73942,1491.57127,0.36018,0.63982,2.77876,1.56335,0.66667,2.08333,2.31,3.28333,1.36667
240.0,43.33333,91.33333,0.47433,16.0,40.0,0.393,17.0,21.33333,0.79833,11.0,33.33333,44.33333,23.0,5.66667,9.0,11.33333,19.0,119.66667,240.0,42.66667,88.66667,0.48333,14.0,34.33333,0.416,15.33333,21.0,0.73667,9.33333,32.0,41.33333,26.66667,4.33333,6.0,11.66667,18.66667,114.66667,1,-0.06284,0.06284,0.27505,0.34429,0.56292,0.56307,0.6182,0.6237,1454.98296,1490.88928,0.54807,0.45193,1.84648,2.25951,0.0,240.0,36.33333,83.33333,0.43667,12.66667,32.33333,0.4,20.33333,25.33333,0.81433,12.0,34.66667,46.66667,22.0,5.33333,6.0,13.66667,24.66667,105.66667,240.0,34.33333,76.66667,0.44967,10.0,28.66667,0.33833,26.33333,35.33333,0.74567,8.0,30.66667,38.66667,21.66667,7.66667,5.0,13.66667,23.33333,105.0,1,-0.02038,0.02038,0.23987,0.3952,0.51623,0.51293,0.62423,0.59456,1438.00009,1516.25715,0.61269,0.38731,1.63644,2.6007,0.33333,1.53667,3.21667,1.49667,2.85
240.0,39.0,88.66667,0.44,12.33333,38.66667,0.31633,13.0,18.33333,0.72067,6.66667,37.33333,44.0,24.66667,7.33333,4.66667,15.0,20.0,103.33333,240.0,42.0,90.66667,0.46033,12.33333,32.66667,0.366,18.33333,27.33333,0.70733,10.33333,41.66667,52.0,24.33333,8.33333,4.33333,14.33333,17.66667,114.66667,1,0.13794,-0.13794,0.28654,0.16204,0.52708,0.50913,0.59036,0.55728,1523.92932,1501.20279,0.48277,0.51723,2.24717,2.15828,0.66667,240.0,37.0,92.0,0.402,10.66667,35.66667,0.29733,15.33333,18.66667,0.79167,7.66667,37.33333,45.0,22.33333,7.66667,4.33333,9.33333,19.0,100.0,240.0,40.0,90.33333,0.43933,10.66667,31.0,0.362,15.33333,20.66667,0.805,10.0,41.66667,51.66667,26.66667,5.0,5.0,13.33333,19.33333,106.0,1,0.07787,-0.07787,0.2775,0.18805,0.49915,0.45956,0.55629,0.51914,1503.57714,1500.94103,0.50174,0.49826,2.07256,2.08511,0.66667,3.68,2.82667,1.96667,1.97333
240.0,41.0,92.66667,0.44433,10.66667,32.0,0.328,13.0,16.0,0.82167,14.0,32.33333,46.33333,21.33333,7.0,4.33333,9.33333,19.66667,105.66667,240.0,38.66667,83.33333,0.46333,11.66667,31.33333,0.36267,18.66667,22.0,0.853,11.0,35.0,46.0,21.66667,5.0,5.33333,13.33333,16.0,107.66667,1,0.02172,-0.02172,0.34115,0.39786,0.53299,0.5012,0.60979,0.55099,1532.90845,1544.16875,0.51651,0.48349,2.03114,2.23284,0.66667,240.0,43.0,85.66667,0.50733,11.0,31.66667,0.34667,21.33333,29.66667,0.72533,12.66667,36.66667,49.33333,25.0,6.66667,4.33333,15.33333,21.66667,118.33333,240.0,40.0,83.66667,0.47533,12.33333,31.0,0.39567,16.33333,22.66667,0.73067,6.66667,29.33333,36.0,26.33333,8.66667,3.66667,15.33333,24.0,108.66667,1,-0.13389,0.13389,0.18006,0.41796,0.54876,0.57147,0.61079,0.64716,1500.24306,1622.10941,0.66096,0.33904,1.52269,3.03353,0.33333,2.47333,1.75,1.54,2.78333
240.0,40.33333,100.66667,0.403,12.0,45.0,0.26433,12.33333,16.66667,0.72367,12.0,31.66667,43.66667,20.66667,7.33333,5.33333,11.33333,21.66667,105.0,240.0,41.33333,87.33333,0.473,14.0,38.0,0.366,23.66667,26.66667,0.88667,8.33333,42.33333,50.66667,26.0,8.0,7.66667,13.66667,18.66667,120.33333,0,0.19713,-0.19713,0.26517,0.27788,0.5541,0.46414,0.64606,0.50791,1544.8062,1382.38104,0.318,0.682,3.9651,1.53008,1.0,240.0,42.66667,91.66667,0.46467,18.0,42.0,0.43667,14.0,17.66667,0.81233,10.66667,36.66667,47.33333,25.33333,6.33333,6.33333,11.66667,21.66667,117.33333,240.0,37.33333,83.66667,0.44933,13.0,38.33333,0.339,20.66667,27.66667,0.745,7.33333,34.0,41.33333,24.0,7.66667,3.33333,12.0,21.33333,108.33333,0,-0.11348,0.11348,0.19828,0.32231,0.52765,0.56377,0.60804,0.6141,1360.47627,1475.4171,0.64657,0.35343,1.56661,2.93755,0.33333,7.38333,1.28667,1.84333,2.69333
240.0,35.33333,81.33333,0.434,12.66667,34.0,0.37333,17.66667,23.66667,0.74,9.33333,31.66667,41.0,26.0,5.66667,6.33333,14.66667,17.66667,101.0,240.0,41.66667,85.33333,0.48767,12.0,35.0,0.34333,17.33333,20.0,0.858,8.33333,34.33333,42.66667,22.0,7.0,5.33333,11.33333,22.0,112.66667,1,0.15029,-0.15029,0.26774,0.27409,0.558,0.51177,0.62712,0.58346,1563.42339,1468.37653,0.38196,0.61804,2.656,1.62763,0.66667,240.0,38.66667,87.66667,0.44067,12.33333,36.0,0.35533,19.0,24.0,0.78733,13.0,35.33333,48.33333,23.0,7.0,3.66667,14.0,20.66667,108.66667,240.0,39.66667,85.66667,0.46433,12.33333,35.33333,0.346,18.0,23.0,0.78733,8.33333,32.66667,41.0,23.66667,7.0,5.0,13.33333,19.33333,109.66667,1,0.01305,-0.01305,0.23646,0.41222,0.53664,0.51112,0.60559,0.58445,1350.38402,1438.19654,0.63588,0.36412,1.5834,2.80885,0.33333,3.8,1.32667,2.03667,2.49
240.0,45.66667,88.66667,0.51533,16.66667,35.33333,0.475,13.66667,17.66667,0.78,9.33333,34.33333,43.66667,30.33333,8.0,8.0,14.0,16.0,121.66667,240.0,43.0,93.33333,0.461,12.0,31.0,0.396,16.0,18.66667,0.85233,12.33333,31.0,43.33333,27.33333,8.66667,5.0,12.33333,16.33333,114.0,1,-0.08735,0.08735,0.37571,0.30547,0.52475,0.60929,0.58477,0.65723,1561.52884,1528.50258,0.43733,0.56267,2.34626,1.80693,0.33333,240.0,43.33333,90.33333,0.481,14.0,35.0,0.39833,12.0,16.0,0.755,13.33333,35.33333,48.66667,27.66667,6.66667,6.33333,14.66667,18.33333,112.66667,240.0,41.33333,89.33333,0.46367,11.66667,36.66667,0.32067,17.0,21.0,0.81533,11.66667,31.0,42.66667,26.33333,9.66667,4.33333,11.33333,17.0,111.33333,1,-0.0011,0.0011,0.35842,0.42402,0.52866,0.559,0.59336,0.60128,1490.34526,1435.88223,0.41853,0.58147,2.48957,1.75941,0.66667,2.91667,1.47667,4.2,1.32333
240.0,37.66667,85.33333,0.443,15.0,36.66667,0.40933,18.0,22.33333,0.81433,10.0,37.66667,47.66667,24.33333,7.0,4.66667,12.66667,15.33333,108.33333,240.0,39.33333,92.33333,0.426,15.33333,43.66667,0.347,10.0,13.66667,0.744,12.66667,36.0,48.66667,26.66667,6.33333,2.66667,11.33333,18.66667,104.0,1,-0.0482,0.0482,0.3407,0.28355,0.51005,0.53129,0.54711,0.60162,1439.85106,1475.52958,0.5454,0.4546,1.91857,2.31225,0.33333,240.0,39.33333,82.66667,0.47433,10.0,29.0,0.34633,20.33333,29.0,0.68333,9.33333,35.0,44.33333,24.33333,7.66667,5.0,14.0,17.33333,109.0,240.0,40.66667,88.66667,0.45867,11.66667,34.33333,0.33967,13.0,17.0,0.751,8.66667,31.0,39.66667,25.66667,8.0,5.0,13.0,23.66667,106.0,1,-0.04192,0.04192,0.24779,0.30284,0.52381,0.53508,0.57278,0.61012,1521.70978,1497.31106,0.46264,0.53736,2.21297,1.89613,0.33333,1.77333,2.30333,2.43333,1.73667
248.33333,38.66667,82.66667,0.468,11.66667,31.33333,0.37,17.0,26.33333,0.64433,9.33333,35.33333,44.66667,19.33333,10.0,7.33333,17.33333,22.66667,106.0,248.33333,36.0,83.0,0.434,9.33333,25.0,0.37467,18.33333,27.33333,0.66133,8.66667,32.66667,41.33333,20.0,9.33333,3.0,16.0,20.33333,99.66667,0,-0.08817,0.08817,0.24592,0.2881,0.48995,0.53947,0.56063,0.60014,1524.90185,1608.7033,0.60988,0.39012,1.64728,2.58932,0.0,240.0,37.33333,87.66667,0.42433,12.0,37.0,0.323,17.33333,23.66667,0.73467,11.0,32.66667,43.66667,22.0,4.66667,4.33333,12.33333,20.33333,104.0,240.0,43.66667,89.0,0.49167,15.66667,37.66667,0.413,21.66667,24.0,0.90933,9.33333,38.0,47.33333,25.0,7.66667,4.66667,9.33333,21.0,124.66667,0,0.26215,-0.26215,0.29021,0.30724,0.57974,0.49333,0.66227,0.56017,1589.55455,1501.31186,0.39948,0.60052,2.523,1.67161,1.0,1.59333,2.55,3.86667,1.31333
240.0,40.0,82.66667,0.488,11.33333,29.66667,0.36433,19.66667,27.66667,0.713,6.66667,33.66667,40.33333,27.0,7.33333,3.0,14.33333,20.0,111.0,240.0,41.0,85.33333,0.47833,10.66667,32.66667,0.32567,19.33333,24.33333,0.791,9.66667,35.0,44.66667,27.33333,8.33333,3.66667,15.0,23.66667,112.0,1,0.01511,-0.01511,0.29611,0.21429,0.54164,0.55644,0.61565,0.62931,1547.27464,1586.52301,0.57538,0.42462,1.76968,2.42236,0.66667,240.0,41.0,85.66667,0.47767,11.0,27.66667,0.38567,15.33333,19.33333,0.826,8.33333,30.33333,38.66667,20.33333,6.66667,1.66667,10.66667,17.33333,108.33333,240.0,44.66667,84.33333,0.52833,12.0,32.66667,0.35533,15.66667,18.33333,0.84567,8.0,33.33333,41.33333,21.66667,5.0,6.33333,13.33333,16.33333,117.0,1,0.10012,-0.10012,0.26326,0.25599,0.59807,0.54184,0.65917,0.60208,1420.97322,1463.40556,0.57539,0.42461,1.82202,2.51916,1.0,3.36333,1.57667,2.85667,1.7
240.0,43.0,90.33333,0.479,12.0,34.0,0.34967,17.33333,23.0,0.75833,11.0,36.66667,47.66667,28.33333,10.0,5.33333,14.0,18.33333,115.33333,240.0,41.0,91.66667,0.44733,12.66667,40.33333,0.30633,17.33333,23.33333,0.75233,13.0,35.0,48.0,24.33333,7.0,6.33333,14.33333,19.66667,112.0,1,-0.04791,0.04791,0.35987,0.30771,0.51599,0.5462,0.57847,0.60796,1545.08117,1499.83414,0.42533,0.57467,2.74363,1.97076,0.33333,240.0,38.33333,82.66667,0.46333,15.0,38.0,0.38767,20.0,23.0,0.87167,9.0,31.33333,40.33333,24.0,5.66667,4.66667,15.0,18.33333,111.66667,240.0,43.33333,82.66667,0.52433,14.66667,37.0,0.39967,16.33333,19.66667,0.83533,4.66667,33.0,37.66667,33.0,6.33333,5.33333,11.0,20.0,117.66667,1,0.08068,-0.08068,0.14902,0.27354,0.61256,0.55266,0.67642,0.63597,1490.08571,1437.84536,0.43565,0.56435,2.40388,1.8107,0.66667,2.72333,2.32,3.83,1.67333
248.33333,43.66667,92.0,0.476,10.33333,32.33333,0.33033,18.0,21.33333,0.85133,8.66667,36.66667,45.33333,23.0,8.33333,3.33333,16.66667,15.0,115.66667,248.33333,46.0,97.0,0.479,16.33333,37.66667,0.44033,10.33333,14.0,0.725,9.33333,36.66667,46.0,29.0,8.0,3.33333,15.33333,18.66667,118.66667,1,0.0395,-0.0395,0.27271,0.23424,0.56442,0.53308,0.59954,0.6011,1539.36888,1588.79115,0.57381,0.42619,1.81229,2.60625,0.33333,240.0,34.66667,82.66667,0.42067,11.0,34.66667,0.301,15.66667,22.0,0.72333,9.0,33.33333,42.33333,22.33333,9.66667,5.66667,17.0,21.0,96.0,240.0,35.33333,79.33333,0.446,8.66667,30.66667,0.284,19.66667,27.0,0.72867,8.0,38.33333,46.33333,23.33333,11.33333,2.66667,18.33333,19.66667,99.0,1,0.05114,-0.05114,0.24907,0.23502,0.50031,0.48712,0.58082,0.55,1572.00281,1456.85567,0.35114,0.64886,3.2688,1.63462,0.66667,1.47333,3.03333,2.49,1.96667
248.33333,43.0,92.33333,0.46833,17.33333,41.0,0.43133,14.0,17.33333,0.81,10.66667,34.66667,45.33333,31.0,7.66667,9.33333,13.66667,17.33333,117.33333,248.33333,41.66667,95.33333,0.43733,11.0,33.0,0.348,18.0,20.66667,0.87267,13.33333,33.66667,47.0,27.0,8.0,6.0,11.66667,17.0,112.33333,0,-0.05533,0.05533,0.40024,0.31951,0.49475,0.5629,0.5626,0.6127,1519.30002,1530.04704,0.50807,0.49193,1.99875,2.06265,0.33333,240.0,45.33333,93.0,0.48567,12.0,33.33333,0.36067,11.33333,14.33333,0.828,8.0,33.33333,41.33333,25.33333,6.33333,4.0,11.0,16.33333,114.0,240.0,42.33333,86.0,0.48967,14.33333,38.66667,0.37233,18.0,22.0,0.84667,7.33333,36.66667,44.0,25.0,6.0,5.33333,12.0,15.66667,117.0,0,0.0315,-0.0315,0.21693,0.22993,0.57269,0.55059,0.64292,0.59202,1584.58762,1527.61974,0.41819,0.58181,2.41076,1.72655,0.66667,2.55,1.57333,5.31667,1.19
240.0,38.33333,83.33333,0.46,11.33333,32.0,0.35733,19.0,28.33333,0.67133,10.66667,34.66667,45.33333,26.66667,7.33333,4.66667,14.0,17.33333,107.0,240.0,39.0,89.33333,0.43633,13.33333,40.0,0.335,14.66667,18.0,0.80967,12.0,32.33333,44.33333,20.66667,7.33333,7.33333,14.0,24.0,106.0,1,-0.00785,0.00785,0.34735,0.34386,0.51111,0.52827,0.56848,0.59707,1541.46908,1496.77544,0.43719,0.56281,2.34516,1.79918,0.33333,240.0,41.33333,84.0,0.493,13.0,36.33333,0.35967,18.0,24.0,0.752,8.33333,38.66667,47.0,25.66667,6.0,4.0,14.0,20.66667,113.66667,240.0,38.0,90.0,0.422,13.66667,42.33333,0.326,18.33333,23.33333,0.78467,10.0,32.66667,42.66667,26.66667,7.33333,4.66667,9.66667,19.33333,108.0,1,-0.07178,0.07178,0.25926,0.25993,0.49804,0.57121,0.56717,0.63789,1359.526,1480.87111,0.6719,0.3281,1.49062,3.06806,0.33333,2.51667,1.61667,1.36333,3.63333
248.33333,45.0,90.66667,0.49667,19.33333,43.0,0.45267,13.0,16.66667,0.83333,7.33333,34.33333,41.66667,27.33333,7.33333,6.66667,12.66667,16.33333,122.33333,248.33333,48.0,99.66667,0.48133,16.0,39.66667,0.402,10.33333,15.33333,0.66767,15.33333,34.33333,49.66667,27.0,7.66667,4.66667,14.0,16.66667,122.33333,1,-0.00223,0.00223,0.4467,0.21676,0.56313,0.60336,0.59514,0.64874,1567.51433,1515.91584,0.42713,0.57287,2.41643,1.78444,0.66667,240.0,46.0,93.66667,0.49167,10.66667,29.0,0.36167,16.33333,21.33333,0.781,12.0,32.0,44.0,23.0,12.33333,5.0,11.33333,17.0,119.0,240.0,40.66667,81.33333,0.505,11.33333,32.66667,0.35067,18.0,24.0,0.72833,7.33333,36.0,43.33333,24.66667,7.66667,5.33333,18.66667,16.0,110.66667,1,-0.11405,0.11405,0.24892,0.33459,0.57656,0.54863,0.64621,0.60561,1409.77727,1502.45206,0.621,0.379,1.61143,2.64317,0.33333,3.03333,1.43333,1.38333,3.46667
240.0,33.66667,84.66667,0.398,10.66667,33.66667,0.317,16.0,21.0,0.779,9.0,39.0,48.0,20.0,5.66667,4.66667,8.66667,14.66667,94.0,240.0,37.0,85.33333,0.43333,16.0,43.0,0.36833,10.66667,14.33333,0.76133,6.66667,40.0,46.66667,25.33333,7.0,4.0,9.33333,17.33333,100.66667,1,0.09454,-0.09454,0.17236,0.22488,0.52619,0.46103,0.56842,0.5268,1532.78116,1396.31328,0.32401,0.67599,3.15782,1.48596,1.0,240.0,40.0,84.33333,0.476,11.0,30.0,0.36833,18.0,23.33333,0.778,9.33333,30.0,39.33333,18.66667,5.33333,3.0,11.66667,19.66667,109.0,240.0,46.0,88.33333,0.52,15.66667,32.66667,0.47633,15.66667,19.0,0.826,10.0,32.66667,42.66667,25.66667,6.0,4.0,10.66667,18.66667,123.33333,1,0.17794,-0.17794,0.3413,0.28135,0.60836,0.54142,0.66663,0.61202,1605.27966,1577.0906,0.48389,0.51611,2.07311,1.94295,1.0,3.43333,1.37,2.62,1.67333
248.33333,42.0,86.0,0.48667,9.66667,23.33333,0.41867,18.33333,25.33333,0.75533,10.33333,37.66667,48.0,20.0,10.0,6.33333,16.0,20.33333,112.0,248.33333,38.0,84.33333,0.45133,9.0,24.33333,0.37033,14.66667,23.66667,0.616,8.33333,29.66667,38.0,19.0,9.33333,3.66667,15.33333,19.33333,99.66667,1,-0.16167,0.16167,0.22428,0.34964,0.50428,0.54341,0.55704,0.61073,1469.75191,1599.45064,0.66558,0.33442,1.50726,3.0337,0.0,240.0,42.33333,90.33333,0.47133,11.66667,33.66667,0.348,12.0,17.0,0.73867,10.66667,31.66667,42.33333,26.66667,9.66667,7.0,13.0,20.33333,108.33333,240.0,42.66667,86.66667,0.491,11.33333,30.33333,0.38033,19.0,24.0,0.78567,11.33333,36.33333,47.66667,26.0,5.33333,4.0,13.33333,17.0,115.66667,1,0.08271,-0.08271,0.36137,0.28963,0.55582,0.53595,0.62723,0.5779,1604.60764,1462.36611,0.32147,0.67853,3.34257,1.49476,0.66667,1.67,2.33333,3.31667,1.39667
240.0,47.33333,92.66667,0.51067,13.66667,36.33333,0.371,18.0,24.33333,0.76267,8.66667,28.0,36.66667,26.0,11.33333,6.66667,11.66667,19.0,126.33333,240.0,46.0,90.66667,0.51133,11.33333,31.33333,0.36833,17.0,23.66667,0.712,12.66667,34.33333,47.0,31.33333,5.33333,5.0,17.66667,21.33333,120.33333,0,-0.07703,0.07703,0.44362,0.25022,0.57569,0.58414,0.63372,0.64459,1560.82535,1367.26244,0.24197,0.75803,4.36538,1.32771,0.33333,240.0,42.66667,89.0,0.47967,9.66667,28.33333,0.335,19.66667,27.33333,0.72933,10.0,30.66667,40.66667,20.66667,11.33333,3.33333,12.33333,17.0,114.66667,240.0,45.0,86.33333,0.52267,13.0,32.33333,0.40133,14.33333,18.0,0.797,8.0,35.0,43.0,28.33333,7.33333,5.0,17.33333,22.0,117.33333,0,0.03912,-0.03912,0.26117,0.28658,0.59822,0.53374,0.65149,0.60346,1618.74137,1462.60127,0.29755,0.70245,3.68344,1.44063,0.33333,4.55,1.24,4.28333,1.26667
240.0,42.0,90.0,0.46633,16.66667,43.66667,0.37933,20.0,23.33333,0.85733,8.66667,30.0,38.66667,24.0,5.0,5.0,9.66667,20.33333,120.66667,240.0,42.33333,81.0,0.52167,13.0,32.66667,0.39933,21.33333,27.66667,0.803,9.66667,37.0,46.66667,27.0,4.66667,6.0,13.66667,21.33333,119.0,1,-0.01881,0.01881,0.34063,0.2361,0.60224,0.55895,0.68426,0.63392,1407.9591,1494.45518,0.6195,0.3805,1.64113,2.72296,0.33333,240.0,42.66667,90.66667,0.47067,9.66667,33.33333,0.29,16.33333,19.33333,0.857,10.66667,35.33333,46.0,23.66667,10.0,4.33333,8.66667,14.66667,111.33333,240.0,41.33333,87.33333,0.474,15.0,37.0,0.4,13.0,17.66667,0.73433,8.66667,34.66667,43.33333,23.66667,5.0,3.33333,13.66667,16.66667,110.66667,1,-0.01346,0.01346,0.24689,0.32143,0.56049,0.52383,0.60749,0.58645,1397.65191,1601.95302,0.76322,0.23678,1.31332,4.33058,0.66667,1.57,2.56667,1.22,4.8
240.0,39.0,86.33333,0.45233,10.66667,30.33333,0.35333,22.33333,29.33333,0.75567,7.0,31.66667,38.66667,25.0,6.66667,5.0,10.0,21.0,111.0,240.0,44.33333,90.33333,0.492,9.0,26.33333,0.34167,17.0,21.33333,0.81233,10.33333,39.33333,49.66667,23.66667,6.66667,3.0,13.0,22.33333,114.66667,1,0.03881,-0.03881,0.32526,0.18974,0.54241,0.51438,0.60365,0.59834,1503.32701,1403.31031,0.3637,0.6363,2.96979,1.61698,0.33333,240.0,39.33333,90.33333,0.43667,10.66667,34.0,0.326,21.0,27.0,0.78333,13.66667,29.0,42.66667,19.0,9.33333,5.33333,13.0,26.0,110.33333,240.0,39.33333,80.0,0.495,11.33333,27.66667,0.403,24.33333,31.0,0.783,9.66667,37.33333,47.0,23.66667,7.33333,3.66667,17.0,19.0,114.33333,1,0.05204,-0.05204,0.32373,0.39243,0.56751,0.49516,0.66335,0.57365,1367.16562,1505.99628,0.70043,0.29957,1.42815,3.34409,0.66667,2.75,1.56,1.37333,3.35
240.0,42.0,93.0,0.45433,14.0,36.0,0.38767,11.33333,13.66667,0.838,13.33333,31.66667,45.0,26.33333,8.0,5.33333,9.0,19.0,109.33333,240.0,39.33333,84.66667,0.46367,12.66667,32.66667,0.379,15.33333,19.0,0.80633,10.33333,34.0,44.33333,23.66667,5.33333,5.33333,12.33333,17.0,106.66667,0,-0.03822,0.03822,0.32706,0.38675,0.53813,0.53018,0.5997,0.57267,1514.60682,1542.00915,0.5325,0.4675,1.99928,2.42235,0.33333,240.0,45.0,91.66667,0.49433,11.33333,34.0,0.35167,16.0,19.33333,0.79433,10.66667,30.0,40.66667,27.0,5.66667,5.0,13.33333,20.33333,117.33333,240.0,47.66667,88.0,0.544,13.0,31.33333,0.419,16.33333,21.33333,0.74467,7.66667,31.0,38.66667,29.66667,7.33333,2.66667,11.66667,19.0,124.66667,0,0.09192,-0.09192,0.25535,0.37963,0.61812,0.55651,0.67511,0.61648,1397.28379,1476.29645,0.61875,0.38125,1.66715,2.85778,0.66667,2.33667,2.38333,2.65,1.53667
240.0,42.33333,93.33333,0.453,9.0,28.0,0.31567,15.66667,19.66667,0.808,9.0,31.33333,40.33333,28.33333,9.0,3.33333,10.66667,17.0,109.33333,240.0,42.66667,87.33333,0.491,12.0,30.33333,0.39833,18.33333,21.66667,0.85067,9.0,40.33333,49.33333,27.33333,6.66667,4.33333,15.33333,17.0,115.66667,1,0.08457,-0.08457,0.2957,0.22729,0.56055,0.50099,0.63182,0.55913,1608.22594,1475.63282,0.32507,0.67493,3.11675,1.48664,1.0,240.0,37.66667,91.66667,0.41233,14.66667,41.33333,0.35433,14.33333,18.66667,0.76933,13.66667,36.0,49.66667,20.66667,6.66667,5.0,9.0,18.33333,104.33333,240.0,41.0,94.33333,0.435,16.0,43.0,0.35867,9.0,13.33333,0.681,13.33333,37.0,50.33333,20.66667,4.0,4.66667,11.66667,17.0,107.0,1,0.03136,-0.03136,0.36851,0.37145,0.52016,0.49345,0.55067,0.54724,1540.60448,1604.49822,0.59309,0.40691,1.72461,2.58937,0.66667,4.21667,1.32667,1.83333,2.21333
240.0,40.66667,88.66667,0.459,12.66667,35.66667,0.356,10.33333,13.66667,0.735,8.66667,29.66667,38.33333,22.66667,11.33333,1.66667,11.0,14.66667,104.33333,240.0,44.0,79.66667,0.55133,14.66667,33.66667,0.43933,10.33333,12.66667,0.81433,4.66667,34.0,38.66667,25.33333,7.66667,4.0,16.66667,16.0,113.0,1,0.11034,-0.11034,0.16297,0.25885,0.64364,0.53034,0.68314,0.56879,1496.90085,1580.70773,0.64816,0.35184,1.54509,2.85731,0.66667,240.0,33.33333,82.0,0.406,11.33333,36.66667,0.31267,16.66667,20.33333,0.80933,8.33333,35.33333,43.66667,21.33333,5.66667,5.0,15.0,15.33333,94.66667,240.0,38.66667,84.0,0.46067,10.33333,30.66667,0.33733,13.33333,15.66667,0.86733,6.0,37.0,43.0,21.33333,7.33333,6.33333,14.0,20.33333,101.0,1,0.10689,-0.10689,0.16912,0.22465,0.52236,0.4749,0.57822,0.54553,1503.27268,1429.49209,0.40636,0.59364,2.47148,1.6882,0.33333,1.63667,2.45,3.28333,1.37667
240.0,37.33333,86.66667,0.43133,15.0,36.66667,0.41767,20.66667,23.66667,0.90133,8.66667,34.66667,43.33333,23.33333,6.33333,3.33333,14.33333,23.33333,110.33333,240.0,43.0,88.66667,0.487,14.0,36.33333,0.382,22.66667,26.66667,0.84867,7.66667,37.33333,45.0,27.66667,8.0,5.0,9.66667,19.0,122.66667,0,0.14748,-0.14748,0.21389,0.24535,0.56641,0.51837,0.6521,0.60254,1469.87852,1484.89273,0.54548,0.45452,1.85554,2.24258,1.0,240.0,43.33333,95.0,0.45667,11.0,37.66667,0.29,14.66667,17.0,0.88867,13.0,33.66667,46.66667,25.0,5.33333,5.33333,10.66667,20.0,112.33333,240.0,40.33333,88.66667,0.455,16.66667,45.0,0.36667,20.0,24.0,0.84867,9.33333,33.33333,42.66667,22.66667,3.66667,5.33333,10.33333,19.33333,117.33333,0,0.05515,-0.05515,0.2825,0.38549,0.54899,0.51445,0.6243,0.56869,1493.95403,1572.44017,0.62563,0.37437,1.6374,2.81702,0.33333,2.73333,1.53,1.71,2.23333
248.33333,41.0,91.0,0.452,18.33333,43.66667,0.42,19.33333,24.0,0.80433,13.33333,33.66667,47.0,23.0,6.33333,4.33333,15.0,19.33333,119.66667,248.33333,48.66667,93.33333,0.52267,11.33333,28.33333,0.39367,15.0,19.0,0.78467,9.66667,35.33333,45.0,27.66667,9.66667,4.33333,12.33333,20.33333,123.66667,0,0.04244,-0.04244,0.30765,0.38161,0.58388,0.55342,0.63541,0.625,1531.22481,1665.75298,0.69464,0.30536,1.44232,3.30896,0.66667,240.0,45.33333,95.33333,0.476,12.66667,35.33333,0.358,23.0,26.33333,0.88533,9.33333,37.66667,47.0,29.0,8.33333,4.0,14.0,21.66667,126.33333,240.0,44.33333,91.66667,0.484,12.0,34.66667,0.32367,19.33333,24.66667,0.78133,6.0,36.0,42.0,28.0,6.33333,1.66667,14.66667,21.0,120.0,0,-0.07319,0.07319,0.16764,0.2682,0.5503,0.54218,0.61902,0.6254,1399.75312,1526.14207,0.66171,0.33829,1.56368,3.25263,0.0,1.53,2.78333,1.44667,4.42333
240.0,36.66667,85.33333,0.42833,8.33333,27.0,0.30567,14.0,20.33333,0.71033,9.66667,30.0,39.66667,24.0,10.0,4.33333,12.66667,16.0,95.66667,240.0,38.66667,80.33333,0.482,7.0,28.0,0.25,13.66667,17.66667,0.78767,8.66667,36.0,44.66667,20.0,8.33333,5.33333,18.66667,18.33333,98.0,0,0.03828,-0.03828,0.28961,0.26994,0.52529,0.47637,0.58221,0.53199,1499.62843,1368.87739,0.32331,0.67669,3.24586,1.49472,0.66667,240.0,39.33333,97.0,0.40567,9.33333,32.66667,0.291,16.0,21.0,0.75933,13.66667,34.0,47.66667,23.33333,9.33333,1.66667,9.66667,12.66667,104.0,240.0,44.0,93.66667,0.47,18.0,44.33333,0.40133,14.33333,17.33333,0.83733,12.66667,40.33333,53.0,23.66667,6.33333,6.0,13.0,17.33333,120.33333,0,0.21887,-0.21887,0.37418,0.34116,0.56686,0.45361,0.61814,0.51138,1680.73797,1512.09669,0.29079,0.70921,3.5106,1.41563,1.0,3.51667,1.37,5.83333,1.17667
240.0,39.0,79.33333,0.492,8.0,23.33333,0.344,21.0,29.0,0.73167,8.33333,34.0,42.33333,25.0,6.0,6.0,17.33333,25.66667,107.0,240.0,41.66667,91.66667,0.45533,10.66667,29.0,0.36433,22.66667,29.33333,0.78,13.33333,30.66667,44.0,20.33333,9.66667,6.66667,10.0,24.66667,116.66667,0,0.12033,-0.12033,0.38794,0.28318,0.51331,0.54214,0.59581,0.62444,1532.33861,1395.12461,0.32327,0.67673,3.11418,1.4799,1.0,240.0,38.0,84.0,0.453,13.33333,33.0,0.411,24.33333,29.33333,0.83633,11.0,32.66667,43.66667,22.33333,6.33333,5.66667,12.0,24.0,113.66667,240.0,37.0,78.0,0.47467,11.66667,29.33333,0.396,24.33333,32.66667,0.741,7.0,31.33333,38.33333,24.66667,6.33333,5.66667,14.33333,26.66667,110.0,0,-0.04651,0.04651,0.22289,0.35627,0.5505,0.53285,0.648,0.62955,1433.89205,1513.64704,0.60869,0.39131,1.64824,2.57775,0.33333,2.9,1.54667,1.38,3.28333
240.0,45.33333,86.0,0.52767,14.66667,36.66667,0.397,14.66667,19.66667,0.75267,8.66667,37.33333,46.0,30.33333,8.33333,5.33333,13.66667,18.0,120.0,240.0,40.33333,88.33333,0.45967,10.66667,36.33333,0.297,16.0,22.66667,0.706,11.0,31.33333,42.33333,28.33333,7.33333,5.0,11.33333,17.66667,107.33333,1,-0.16217,0.16217,0.29079,0.2781,0.52019,0.61299,0.57778,0.66478,1479.79855,1511.83442,0.51511,0.48489,2.09089,2.22843,0.0,240.0,38.0,92.0,0.41333,11.66667,37.33333,0.316,16.0,21.66667,0.738,12.0,32.0,44.0,22.33333,8.0,5.33333,13.0,18.0,103.66667,240.0,42.0,85.33333,0.49067,14.33333,32.0,0.451,20.33333,26.66667,0.76867,8.66667,38.33333,47.0,23.0,7.66667,5.33333,13.33333,19.33333,118.66667,1,0.19861,-0.19861,0.26768,0.32692,0.57442,0.47658,0.65048,0.53561,1556.69798,1447.02946,0.37018,0.62982,2.73673,1.5951,1.0,2.20667,2.38333,2.7,1.58333
240.0,44.0,90.33333,0.48667,13.66667,38.33333,0.358,16.0,24.0,0.66433,12.0,32.66667,44.66667,23.33333,9.33333,7.33333,12.33333,20.66667,117.66667,240.0,39.0,84.33333,0.46767,15.0,38.33333,0.40233,22.0,28.66667,0.771,9.33333,31.33333,40.66667,22.33333,5.66667,4.33333,13.33333,19.33333,115.0,0,-0.02831,0.02831,0.29836,0.38282,0.55529,0.56184,0.6395,0.61495,1428.19478,1519.22869,0.62453,0.37547,1.67433,2.91159,0.66667,240.0,35.66667,90.0,0.396,12.0,38.66667,0.306,18.0,23.33333,0.756,7.66667,39.0,46.66667,23.66667,8.33333,5.0,11.33333,20.66667,101.33333,240.0,35.33333,88.0,0.402,9.33333,33.33333,0.28633,21.0,25.66667,0.81367,10.0,42.0,52.0,23.66667,7.66667,5.0,13.66667,18.66667,101.0,0,0.00093,-0.00093,0.25884,0.18521,0.45526,0.46237,0.53931,0.53209,1489.95294,1503.37201,0.5158,0.4842,1.93951,2.06618,0.66667,1.54333,3.83667,2.79333,1.58333
240.0,42.0,85.66667,0.48933,16.0,41.0,0.391,12.66667,16.66667,0.77433,7.66667,32.0,39.66667,25.66667,5.66667,8.0,14.66667,21.66667,112.66667,240.0,39.66667,92.66667,0.43067,12.0,38.0,0.31633,20.0,23.66667,0.85933,12.0,33.0,45.0,27.0,8.66667,4.0,10.33333,16.33333,111.33333,0,-0.0115,0.0115,0.38419,0.23653,0.4961,0.58254,0.57268,0.63012,1416.1299,1357.38477,0.41612,0.58388,2.66974,1.77588,0.66667,240.0,37.0,81.0,0.45833,15.33333,34.66667,0.44233,18.66667,28.33333,0.66233,7.0,37.66667,44.66667,23.33333,6.66667,3.33333,12.0,17.33333,108.0,240.0,39.66667,91.66667,0.43333,16.0,48.33333,0.326,14.33333,17.0,0.87167,9.0,33.33333,42.33333,22.66667,7.33333,4.66667,10.66667,21.66667,109.66667,0,0.0266,-0.0266,0.23761,0.205,0.52134,0.55362,0.5761,0.62121,1522.83463,1479.47439,0.44572,0.55428,2.29206,1.8256,0.33333,4.35,1.41667,2.8,1.59
256.66667,46.66667,90.66667,0.515,13.0,28.33333,0.46533,17.0,22.66667,0.74533,7.33333,37.66667,45.0,27.66667,7.33333,6.33333,11.33333,20.66667,123.33333,256.66667,44.0,95.33333,0.46267,11.0,33.66667,0.32533,17.33333,21.66667,0.803,9.0,34.0,43.0,24.66667,7.0,4.33333,11.33333,18.0,116.33333,1,-0.08555,0.08555,0.24653,0.21684,0.52045,0.58725,0.58302,0.64502,1545.6667,1543.69235,0.48737,0.51263,2.14106,2.01036,0.33333,248.33333,40.66667,89.66667,0.45733,10.66667,38.0,0.27967,15.33333,22.0,0.66967,11.33333,33.0,44.33333,24.33333,10.33333,3.66667,11.33333,17.66667,107.33333,248.33333,39.33333,86.0,0.45767,14.33333,38.66667,0.37367,16.66667,22.33333,0.74433,10.66667,36.0,46.66667,25.33333,7.0,4.33333,14.66667,18.0,109.66667,1,0.02719,-0.02719,0.33391,0.31481,0.54221,0.51743,0.60427,0.57132,1480.88663,1507.82683,0.5364,0.4636,2.00081,2.4225,0.66667,2.22667,1.77333,1.80333,2.39
240.0,43.33333,90.66667,0.48033,8.0,28.33333,0.27767,13.33333,16.33333,0.799,11.0,32.33333,43.33333,28.66667,6.33333,4.0,11.33333,19.0,108.0,240.0,43.0,84.0,0.512,13.33333,33.0,0.40733,17.33333,20.0,0.86733,6.66667,31.33333,38.0,24.33333,7.0,6.66667,11.0,17.66667,116.66667,1,0.1129,-0.1129,0.20802,0.3693,0.59113,0.52396,0.66118,0.57379,1604.24267,1474.54464,0.33984,0.66016,3.34575,1.58622,1.0,240.0,39.66667,85.33333,0.46433,9.66667,30.33333,0.32133,16.66667,25.33333,0.655,8.0,34.33333,42.33333,26.0,9.66667,5.33333,12.0,16.0,105.66667,240.0,39.0,88.0,0.44233,12.0,34.66667,0.347,10.0,15.0,0.67733,10.33333,34.0,44.33333,25.66667,7.0,6.0,14.33333,21.33333,100.0,1,-0.08334,0.08334,0.3006,0.23019,0.51011,0.52183,0.54622,0.58181,1517.47365,1471.29822,0.41794,0.58206,2.40341,1.72188,0.33333,4.16667,1.39667,2.66667,1.63667
240.0,37.33333,86.0,0.43267,8.66667,30.0,0.28567,12.33333,17.33333,0.731,12.33333,29.33333,41.66667,25.0,8.66667,5.66667,15.0,18.0,95.66667,240.0,39.0,82.0,0.47567,8.0,27.0,0.29567,16.33333,20.0,0.82733,11.66667,34.33333,46.0,24.66667,10.66667,4.0,17.0,17.66667,102.33333,0,0.09705,-0.09705,0.40668,0.36313,0.52419,0.48223,0.59175,0.53195,1523.60817,1366.36162,0.29225,0.70775,3.47824,1.41642,0.66667,240.0,42.33333,90.66667,0.469,11.66667,34.0,0.35167,14.33333,17.33333,0.844,9.33333,32.0,41.33333,21.66667,5.33333,3.0,12.66667,20.33333,110.66667,240.0,46.0,88.33333,0.52033,13.33333,33.66667,0.38867,20.0,23.0,0.86933,8.33333,36.0,44.33333,24.66667,7.33333,5.0,11.33333,16.0,125.33333,0,0.17425,-0.17425,0.26123,0.267,0.59562,0.53373,0.6708,0.58901,1414.23491,1463.75638,0.59933,0.40067,1.70357,2.59894,1.0,3.93333,1.34,2.37333,1.77333
240.0,46.66667,88.66667,0.52867,18.0,41.0,0.44333,15.0,18.33333,0.83333,9.0,39.0,48.0,25.0,4.33333,4.33333,10.66667,18.33333,126.33333,240.0,38.66667,89.33333,0.43233,14.33333,42.0,0.33467,16.66667,20.66667,0.81333,9.33333,28.33333,37.66667,19.33333,6.0,1.66667,8.0,19.0,108.33333,0,-0.23166,0.23166,0.24691,0.3172,0.51187,0.63159,0.57616,0.68531,1447.992,1518.46711,0.57726,0.42274,1.77893,2.5312,0.33333,240.0,41.66667,90.0,0.462,15.66667,36.0,0.445,14.0,18.66667,0.752,8.66667,25.33333,34.0,25.33333,9.66667,4.33333,11.0,16.66667,113.0,240.0,46.33333,83.0,0.55867,11.33333,28.0,0.407,19.66667,22.33333,0.87767,7.0,36.33333,43.33333,32.0,8.0,3.66667,14.33333,17.0,123.66667,0,0.12387,-0.12387,0.26892,0.24923,0.6277,0.54937,0.70411,0.60045,1501.93784,1579.34454,0.64469,0.35531,1.5548,2.83644,0.66667,1.55667,2.81667,2.07,2.23333
240.0,47.66667,89.66667,0.53133,12.33333,34.0,0.367,18.0,20.33333,0.88633,7.33333,38.33333,45.66667,27.0,8.0,3.33333,14.0,15.33333,125.66667,240.0,43.66667,98.0,0.446,17.66667,44.33333,0.4,14.66667,17.33333,0.86967,12.33333,30.0,42.33333,26.0,8.0,4.0,12.0,17.66667,119.66667,0,-0.07328,0.07328,0.32614,0.25119,0.53593,0.6003,0.58825,0.66749,1458.77304,1601.95563,0.68412,0.31588,1.46858,3.22968,0.33333,240.0,37.33333,87.66667,0.42567,13.66667,41.0,0.32667,12.0,17.0,0.68,11.66667,33.0,44.66667,22.66667,8.0,5.66667,10.0,16.66667,100.33333,240.0,40.0,88.33333,0.456,15.33333,39.33333,0.37967,8.0,11.33333,0.718,10.33333,35.66667,46.0,17.66667,4.33333,4.33333,14.0,17.33333,103.33333,0,0.04428,-0.04428,0.30589,0.3297,0.54361,0.50398,0.57353,0.54868,1526.39435,1596.70538,0.61133,0.38867,1.67569,2.71062,0.66667,1.69,2.25,1.65333,2.38333
240.0,39.0,81.0,0.48233,11.33333,31.66667,0.35167,20.33333,29.66667,0.68367,9.33333,33.33333,42.66667,18.66667,7.66667,5.0,16.33333,25.66667,109.66667,240.0,38.33333,82.0,0.46633,9.33333,25.66667,0.363,21.0,28.66667,0.73233,7.33333,32.0,39.33333,23.33333,8.0,3.33333,14.33333,22.33333,107.0,0,-0.04226,0.04226,0.22555,0.29404,0.52321,0.55312,0.60513,0.62832,1558.81837,1608.95963,0.57005,0.42995,1.76839,2.36269,0.33333,248.33333,41.33333,83.66667,0.49267,12.33333,32.33333,0.375,19.0,24.66667,0.77333,8.33333,31.0,39.33333,25.33333,7.0,4.0,14.33333,16.0,114.0,248.33333,47.33333,90.33333,0.52333,13.66667,34.66667,0.394,13.33333,17.66667,0.75533,11.33333,31.66667,43.0,30.33333,8.66667,3.66667,12.66667,21.66667,121.66667,0,0.09477,-0.09477,0.37085,0.28068,0.59919,0.56624,0.64463,0.63914,1597.77522,1511.84272,0.39241,0.60759,2.58763,1.65767,0.66667,1.97667,2.34667,3.13333,1.40667
240.0,41.0,89.66667,0.45733,13.33333,40.66667,0.324,14.0,19.0,0.753,6.33333,38.66667,45.0,27.66667,8.66667,5.33333,13.66667,21.66667,109.33333,240.0,38.66667,86.66667,0.445,11.0,31.33333,0.33533,20.66667,30.0,0.721,9.33333,40.66667,50.0,22.0,9.0,5.0,15.66667,18.0,109.0,0,-0.01662,0.01662,0.24322,0.15911,0.50675,0.53111,0.58177,0.58241,1479.66887,1501.1359,0.52761,0.47239,2.01205,2.30434,0.33333,240.0,39.0,90.66667,0.43,12.0,37.33333,0.31733,11.33333,15.66667,0.72367,8.33333,38.0,46.33333,25.0,9.0,4.33333,10.66667,15.66667,101.33333,240.0,36.33333,85.33333,0.42567,10.66667,32.0,0.34867,14.66667,18.0,0.85667,8.33333,38.66667,47.0,24.33333,7.0,5.0,15.0,16.33333,98.0,0,-0.03974,0.03974,0.2218,0.21665,0.48797,0.49558,0.54914,0.5378,1496.14638,1532.53666,0.54458,0.45542,1.85149,2.226,0.33333,2.61333,2.91,2.26667,1.89
240.0,39.66667,99.33333,0.40167,12.33333,44.0,0.27967,10.0,14.33333,0.69667,12.0,35.0,47.0,21.66667,7.66667,6.66667,14.0,20.33333,101.66667,240.0,41.0,92.0,0.44967,12.0,37.0,0.32367,21.33333,25.66667,0.82967,9.33333,42.0,51.33333,26.33333,10.0,6.0,12.66667,16.33333,115.33333,1,0.17944,-0.17944,0.25961,0.27963,0.51672,0.46631,0.59659,0.50131,1478.11421,1361.78827,0.38022,0.61978,3.57673,1.71408,1.0,240.0,42.0,91.0,0.46033,18.0,41.66667,0.43933,11.66667,15.0,0.79867,10.0,39.0,49.0,26.66667,6.0,8.33333,14.33333,18.66667,113.66667,240.0,38.33333,93.66667,0.41133,12.0,38.33333,0.31267,17.33333,22.66667,0.761,10.33333,32.66667,43.0,26.0,9.66667,3.0,11.0,18.33333,106.0,1,-0.09424,0.09424,0.26444,0.31213,0.47598,0.5602,0.53984,0.60204,1354.67728,1426.44285,0.59031,0.40969,1.73232,2.59029,0.33333,7.1,1.36333,2.16333,2.34
240.0,38.0,87.0,0.43633,13.33333,31.66667,0.40033,17.33333,26.0,0.65967,8.66667,34.66667,43.33333,23.66667,7.66667,2.66667,13.66667,18.0,106.66667,240.0,41.66667,87.33333,0.47633,9.66667,32.0,0.304,18.0,21.66667,0.81867,8.66667,38.66667,47.33333,27.33333,8.0,4.66667,12.33333,21.33333,111.0,0,0.0515,-0.0515,0.26681,0.23859,0.53154,0.51217,0.60081,0.57473,1525.14881,1580.15594,0.59799,0.40201,1.71456,2.59976,0.66667,240.0,38.33333,84.66667,0.45433,9.66667,24.0,0.39367,16.66667,20.0,0.817,9.0,31.0,40.0,23.0,8.0,5.0,11.0,14.33333,103.0,240.0,41.0,89.66667,0.455,13.66667,35.0,0.39233,10.66667,12.0,0.89167,12.66667,33.66667,46.33333,22.33333,4.66667,3.66667,12.0,18.33333,106.33333,0,0.03061,-0.03061,0.41456,0.26231,0.53019,0.51299,0.57362,0.58067,1618.25676,1527.43325,0.38858,0.61142,2.99852,1.70067,0.33333,3.68333,1.37,3.27,1.70333
240.0,36.33333,88.33333,0.412,12.33333,42.33333,0.288,12.33333,17.66667,0.71833,9.0,35.33333,44.33333,24.33333,9.33333,3.66667,10.33333,18.33333,97.33333,240.0,34.0,79.66667,0.429,14.66667,41.66667,0.35233,16.0,21.66667,0.737,7.33333,38.33333,45.66667,25.66667,5.0,4.0,16.0,17.0,98.66667,1,0.02031,-0.02031,0.20949,0.23692,0.52201,0.48162,0.58736,0.52804,1457.10199,1491.40208,0.54835,0.45165,1.84247,2.25419,0.66667,248.33333,37.66667,80.33333,0.469,9.33333,24.66667,0.37967,20.66667,30.33333,0.67167,7.66667,35.0,42.66667,23.33333,8.33333,7.66667,17.33333,24.33333,105.33333,248.33333,39.66667,91.0,0.43633,11.33333,27.33333,0.41367,21.66667,29.66667,0.726,14.33333,32.66667,47.0,17.66667,10.33333,4.66667,13.33333,25.0,112.33333,1,0.08479,-0.08479,0.4073,0.23587,0.49846,0.52699,0.57633,0.6054,1513.97404,1462.41364,0.43878,0.56122,2.48771,1.92707,0.66667,1.59,2.65,2.1,1.81
248.33333,40.33333,87.0,0.469,11.33333,31.66667,0.37867,16.66667,21.0,0.795,8.0,36.0,44.0,21.0,10.66667,4.33333,18.33333,14.0,108.66667,248.33333,43.0,97.0,0.44433,14.33333,37.0,0.39267,10.0,13.33333,0.73267,12.33333,36.0,48.33333,25.0,9.33333,4.66667,18.0,20.0,110.33333,1,0.01187,-0.01187,0.35946,0.21792,0.51844,0.53593,0.55522,0.60033,1595.18816,1588.48226,0.49731,0.50269,2.01212,1.99057,0.33333,240.0,45.0,84.66667,0.53167,15.66667,36.33333,0.422,16.66667,20.0,0.85033,7.66667,38.33333,46.0,24.33333,4.33333,3.0,10.0,16.66667,122.33333,240.0,38.0,90.66667,0.41833,16.66667,47.66667,0.34433,17.0,19.66667,0.86133,11.66667,28.33333,40.0,19.66667,5.33333,2.66667,6.66667,17.33333,109.66667,1,-0.16683,0.16683,0.31275,0.27419,0.50985,0.62503,0.57628,0.68789,1494.16426,1529.42966,0.53936,0.46064,1.86654,2.19374,0.33333,1.46333,3.13333,1.86,2.08667
248.33333,46.0,90.0,0.51033,15.0,36.66667,0.41167,16.33333,24.66667,0.66067,10.0,36.0,46.0,26.33333,7.0,6.0,12.66667,22.33333,123.33333,248.33333,43.33333,91.66667,0.47533,12.66667,36.0,0.366,19.33333,26.33333,0.72067,11.33333,32.33333,43.66667,28.0,7.33333,4.66667,12.0,18.66667,118.66667,0,-0.05617,0.05617,0.31653,0.32002,0.54506,0.5934,0.61645,0.6458,1405.48467,1518.8176,0.65365,0.34635,1.55546,3.02752,0.66667,240.0,42.66667,98.33333,0.43467,12.33333,40.0,0.31833,11.33333,14.33333,0.828,8.66667,31.0,39.66667,25.0,5.66667,4.0,9.66667,15.33333,109.0,240.0,49.33333,91.0,0.54267,18.66667,38.33333,0.48567,14.0,16.66667,0.83233,6.33333,42.66667,49.0,29.33333,5.66667,5.66667,12.66667,15.0,131.33333,0,0.2679,-0.2679,0.20703,0.20449,0.64496,0.49848,0.69435,0.53926,1595.54852,1506.42936,0.39936,0.60064,2.50753,1.66588,1.0,1.69333,3.78,5.18333,1.21333
240.0,44.33333,89.33333,0.49633,15.0,37.33333,0.40033,17.33333,22.0,0.78967,10.66667,37.0,47.66667,23.0,3.66667,4.33333,9.0,19.66667,121.0,240.0,38.0,85.33333,0.44767,10.0,35.0,0.294,18.0,24.66667,0.73767,7.66667,29.66667,37.33333,20.33333,5.0,3.33333,8.0,20.0,104.0,1,-0.21503,0.21503,0.2147,0.35969,0.5061,0.5801,0.57443,0.64326,1450.24878,1522.50466,0.57987,0.42013,1.76913,2.54238,0.33333,240.0,46.0,95.66667,0.48133,10.0,30.0,0.33367,14.33333,18.66667,0.78533,11.66667,35.0,46.66667,22.66667,11.66667,5.66667,12.0,16.66667,116.33333,240.0,39.66667,83.66667,0.47933,12.33333,34.66667,0.36367,18.0,25.0,0.69867,9.0,37.66667,46.66667,22.66667,9.0,5.33333,18.0,14.0,109.66667,1,-0.09569,0.09569,0.27778,0.31316,0.55537,0.53335,0.62315,0.5832,1401.04537,1509.75787,0.64426,0.35574,1.55321,2.81745,0.33333,1.92,2.51,1.32333,3.66667
240.0,34.66667,88.0,0.39333,9.0,28.0,0.317,19.0,24.0,0.80133,11.33333,37.0,48.33333,20.66667,7.0,4.66667,8.0,14.66667,97.33333,240.0,37.0,86.33333,0.42867,15.33333,44.0,0.339,12.0,14.0,0.913,9.0,39.33333,48.33333,25.66667,6.0,4.0,11.66667,19.66667,101.33333,1,0.05555,-0.05555,0.24599,0.29359,0.51669,0.44517,0.56667,0.52162,1569.69303,1394.20226,0.27525,0.72475,3.82245,1.39076,0.66667,240.0,40.0,87.0,0.45833,14.0,32.0,0.43633,15.0,20.33333,0.73533,9.0,27.0,36.0,24.0,6.33333,5.0,9.33333,17.66667,109.0,240.0,42.66667,83.0,0.51367,10.33333,28.0,0.36833,20.33333,25.0,0.826,8.33333,35.66667,44.0,26.0,6.0,5.0,10.33333,17.66667,116.0,1,0.08705,-0.08705,0.30619,0.26394,0.57626,0.53869,0.65495,0.59563,1508.46105,1557.50015,0.59066,0.40934,1.70693,2.48154,0.66667,4.5,1.25667,2.50333,1.71
248.33333,39.0,92.0,0.42533,9.33333,36.33333,0.261,18.0,20.0,0.92367,13.33333,34.66667,48.0,21.66667,9.33333,2.66667,11.66667,16.0,105.33333,248.33333,37.66667,88.33333,0.426,12.66667,41.66667,0.30667,15.0,19.33333,0.78667,10.66667,35.66667,46.33333,18.0,5.33333,4.0,13.66667,19.33333,103.0,1,-0.03398,0.03398,0.32639,0.37455,0.49771,0.47639,0.55593,0.54793,1454.10277,1643.58724,0.74552,0.25448,1.34624,4.07755,0.33333,240.0,43.0,85.33333,0.50533,15.0,35.33333,0.42033,20.33333,29.33333,0.69867,11.0,39.66667,50.66667,28.0,8.0,5.33333,14.66667,21.66667,121.33333,240.0,38.0,89.66667,0.42367,14.33333,43.66667,0.32967,17.0,22.66667,0.75133,9.66667,33.33333,43.0,25.66667,6.0,3.33333,11.66667,20.33333,107.33333,1,-0.18053,0.18053,0.24359,0.32461,0.50378,0.59344,0.56675,0.66294,1353.47783,1490.55205,0.67221,0.32779,1.49001,3.07157,0.0,1.40333,3.45,1.49333,3.01667
240.0,41.66667,85.33333,0.48667,11.66667,29.33333,0.39667,15.33333,21.66667,0.70167,8.33333,34.0,42.33333,25.33333,5.33333,6.0,12.66667,18.0,110.33333,240.0,42.66667,91.0,0.47133,9.0,23.66667,0.36667,15.66667,19.66667,0.814,10.33333,35.0,45.33333,22.66667,9.33333,3.66667,10.66667,17.66667,110.0,1,-0.01336,0.01336,0.30657,0.25706,0.52151,0.55506,0.5788,0.61217,1492.665,1406.38843,0.37684,0.62316,2.9213,1.67425,0.33333,240.0,41.33333,90.66667,0.457,12.66667,33.66667,0.37733,16.66667,22.0,0.785,10.0,39.66667,49.66667,22.33333,7.33333,3.66667,10.0,19.33333,112.0,240.0,39.33333,84.0,0.46733,8.33333,23.33333,0.35533,15.0,20.0,0.777,4.0,36.0,40.0,22.33333,6.33333,6.33333,11.0,17.66667,102.0,1,-0.13558,0.13558,0.10282,0.27424,0.51707,0.52738,0.57509,0.58694,1493.20109,1559.79443,0.5924,0.4076,1.70321,2.49506,0.33333,2.62,1.80333,1.75,2.27667
240.0,38.66667,90.33333,0.428,14.66667,42.33333,0.34633,17.0,21.33333,0.793,7.0,38.66667,45.66667,28.66667,9.33333,5.66667,12.0,22.33333,109.0,240.0,36.33333,86.33333,0.422,8.33333,28.33333,0.29333,21.66667,30.66667,0.73533,10.0,41.33333,51.33333,22.66667,8.33333,4.66667,16.0,18.0,102.66667,0,-0.08795,0.08795,0.26032,0.17172,0.47009,0.50902,0.55183,0.574,1441.7256,1503.63405,0.57762,0.42238,1.764,2.47614,0.33333,240.0,43.66667,92.33333,0.47433,10.0,32.33333,0.32267,13.66667,18.0,0.74867,12.0,30.33333,42.33333,22.66667,6.33333,4.0,12.33333,20.33333,111.0,240.0,44.33333,85.33333,0.52167,11.0,29.33333,0.382,19.66667,23.0,0.85167,8.66667,33.0,41.66667,26.0,7.0,4.0,13.66667,18.0,119.33333,0,0.10454,-0.10454,0.28439,0.40463,0.58654,0.52821,0.66213,0.57836,1402.62735,1498.27827,0.64043,0.35957,1.61605,3.03852,1.0,2.56333,2.91667,2.37333,1.77333
240.0,42.0,89.0,0.474,7.66667,24.0,0.32133,19.66667,25.33333,0.76733,10.66667,29.66667,40.33333,25.33333,10.33333,4.33333,12.33333,20.0,111.33333,240.0,42.66667,88.0,0.48767,11.66667,31.66667,0.379,17.66667,20.66667,0.86533,10.66667,34.66667,45.33333,27.66667,6.66667,4.33333,15.66667,20.33333,114.66667,1,0.04752,-0.04752,0.35842,0.31674,0.55477,0.51722,0.62381,0.59034,1594.13233,1461.87784,0.32313,0.67687,3.1304,1.48168,0.66667,240.0,44.33333,90.33333,0.49267,16.33333,36.33333,0.44533,17.0,19.66667,0.86633,9.33333,38.0,47.33333,29.66667,7.66667,6.66667,12.66667,19.0,122.0,240.0,38.0,89.66667,0.42233,8.66667,30.33333,0.28633,18.33333,24.33333,0.753,10.0,32.0,42.0,21.33333,7.33333,5.66667,13.33333,17.0,103.0,1,-0.25106,0.25106,0.27288,0.28935,0.4706,0.58383,0.54042,0.64752,1377.74958,1491.06104,0.6366,0.3634,1.63019,3.06029,0.0,3.08333,1.42,1.39333,3.36667
240.0,43.0,87.33333,0.49233,13.33333,32.33333,0.41133,11.33333,17.33333,0.66533,7.33333,35.0,42.33333,22.66667,10.66667,2.0,9.66667,15.66667,110.66667,240.0,39.33333,81.0,0.48633,13.0,32.33333,0.39133,10.0,12.0,0.825,5.33333,33.33333,38.66667,20.0,7.0,5.66667,16.0,18.66667,101.66667,1,-0.10273,0.10273,0.15628,0.22454,0.56751,0.5688,0.60911,0.60559,1496.98493,1584.79099,0.62543,0.37457,1.59931,2.67164,0.33333,240.0,37.33333,83.0,0.44667,13.0,34.33333,0.38433,16.0,21.66667,0.751,7.0,36.33333,43.33333,22.33333,6.0,4.66667,12.33333,16.66667,103.66667,240.0,38.33333,84.0,0.45667,9.33333,27.66667,0.33567,14.66667,18.0,0.81467,6.0,35.0,41.0,21.0,6.33333,6.66667,13.0,20.33333,100.66667,1,-0.00606,0.00606,0.16485,0.19867,0.51256,0.52408,0.573,0.58504,1499.96796,1487.48972,0.48213,0.51787,2.15276,2.00869,0.33333,1.64333,2.41667,2.65667,1.92
240.0,38.33333,81.33333,0.47167,7.33333,22.66667,0.32067,18.0,29.0,0.574,6.33333,35.0,41.33333,25.33333,6.33333,6.66667,15.66667,25.33333,102.0,240.0,42.0,93.0,0.452,11.66667,29.0,0.399,23.33333,29.33333,0.81033,13.33333,35.0,48.33333,22.66667,8.66667,5.66667,12.0,24.66667,119.0,0,0.22261,-0.22261,0.37952,0.18494,0.51454,0.51682,0.59958,0.58211,1491.47298,1389.38446,0.38056,0.61944,2.68593,1.62971,1.0,240.0,38.33333,88.66667,0.427,10.0,34.66667,0.28933,14.33333,17.0,0.87033,9.66667,34.33333,44.0,23.0,5.33333,6.0,14.0,19.66667,101.0,240.0,41.0,88.33333,0.46433,13.66667,40.66667,0.343,20.0,24.66667,0.82433,9.66667,35.66667,45.33333,21.0,7.33333,6.0,11.33333,18.0,115.66667,0,0.21288,-0.21288,0.28658,0.28235,0.54194,0.4841,0.61682,0.54194,1492.69371,1530.7067,0.56481,0.43519,1.81898,2.44421,0.33333,2.12333,1.77667,2.02667,2.05
240.0,39.0,85.66667,0.45633,11.0,29.66667,0.37533,17.33333,22.33333,0.75833,9.66667,35.66667,45.33333,27.66667,8.33333,7.0,13.33333,17.0,106.33333,240.0,41.0,88.33333,0.465,10.0,31.0,0.31467,13.33333,17.33333,0.77533,7.66667,29.0,36.66667,22.66667,7.33333,6.33333,11.66667,17.66667,105.33333,0,-0.01292,0.01292,0.21393,0.32647,0.52019,0.52116,0.57174,0.58832,1475.50746,1442.27018,0.44864,0.55136,2.39165,1.93416,0.66667,240.0,45.66667,94.33333,0.484,13.0,36.33333,0.357,21.0,27.33333,0.78233,8.66667,35.0,43.66667,24.33333,8.66667,4.0,13.33333,24.33333,125.33333,240.0,45.66667,89.0,0.514,9.0,26.66667,0.331,23.66667,30.0,0.78667,6.33333,36.33333,42.66667,27.33333,5.33333,1.66667,14.0,23.33333,124.0,0,-0.0153,0.0153,0.187,0.24625,0.56518,0.5528,0.64974,0.62507,1400.39141,1549.75517,0.68904,0.31096,1.51876,3.84331,0.33333,3.86667,1.41333,1.46,3.92333
240.0,44.66667,90.0,0.497,11.0,30.33333,0.358,13.33333,16.33333,0.81333,11.0,38.0,49.0,29.66667,6.33333,3.66667,14.0,15.66667,113.66667,240.0,39.0,88.0,0.44433,11.0,33.33333,0.32833,18.66667,21.66667,0.84367,9.0,30.0,39.0,18.33333,10.33333,7.0,11.33333,18.33333,107.66667,0,-0.07952,0.07952,0.24047,0.38975,0.50776,0.55807,0.5833,0.60804,1556.48023,1488.51278,0.39614,0.60386,2.87098,1.72032,0.33333,240.0,42.66667,90.66667,0.471,13.0,39.33333,0.33033,18.0,23.33333,0.77367,12.0,37.33333,49.33333,26.33333,8.0,6.0,14.66667,19.33333,116.33333,240.0,41.33333,90.0,0.45933,14.0,30.33333,0.459,21.0,27.33333,0.77567,10.33333,34.0,44.33333,23.0,7.33333,4.0,11.0,20.33333,117.66667,0,0.02125,-0.02125,0.27887,0.36187,0.53829,0.54303,0.6159,0.60823,1558.40806,1495.20097,0.40896,0.59104,2.46059,1.69661,0.66667,3.19667,1.92667,2.09333,1.81333
240.0,38.33333,90.33333,0.423,11.66667,34.33333,0.33733,17.33333,22.33333,0.79133,10.33333,35.33333,45.66667,24.33333,11.0,4.66667,11.66667,14.0,105.66667,240.0,41.0,91.0,0.45233,13.33333,38.33333,0.339,8.66667,12.66667,0.70967,12.33333,39.33333,51.66667,28.33333,6.66667,4.0,16.0,19.33333,104.0,0,-0.01558,0.01558,0.34828,0.26262,0.52593,0.48787,0.55674,0.55364,1490.91539,1479.35223,0.47263,0.52737,2.18782,1.96219,0.33333,240.0,38.66667,81.66667,0.47467,15.66667,35.33333,0.44533,17.0,27.0,0.634,7.33333,36.0,43.33333,25.33333,6.66667,2.33333,14.0,16.66667,110.0,240.0,41.66667,91.66667,0.456,14.0,43.66667,0.325,14.33333,18.0,0.78833,10.33333,33.66667,44.0,25.33333,8.33333,6.0,12.0,22.0,111.66667,0,0.02254,-0.02254,0.29316,0.21152,0.5327,0.57148,0.58562,0.62996,1527.88553,1463.46308,0.41747,0.58253,2.57778,1.76476,0.33333,2.15333,1.94667,3.68333,1.54
240.0,38.33333,89.33333,0.43167,9.66667,32.66667,0.298,19.33333,25.33333,0.75867,13.0,35.0,48.0,21.0,5.66667,2.33333,9.0,18.0,105.66667,240.0,36.66667,84.66667,0.43433,17.66667,47.0,0.37267,22.66667,28.0,0.855,10.33333,35.0,45.33333,22.66667,5.33333,5.0,9.33333,21.66667,113.66667,0,0.11561,-0.11561,0.29259,0.38773,0.53663,0.48691,0.62739,0.56012,1535.06587,1554.94154,0.53789,0.46211,2.00467,2.32923,0.33333,240.0,41.66667,91.0,0.45767,12.0,33.0,0.35767,14.33333,18.33333,0.8,11.66667,34.33333,46.0,24.0,7.33333,7.66667,9.33333,13.33333,109.66667,240.0,38.66667,90.0,0.43067,8.33333,29.0,0.28333,10.33333,11.66667,0.88767,12.66667,35.66667,48.33333,22.0,5.66667,3.33333,15.0,16.0,96.0,0,-0.18917,0.18917,0.36908,0.32664,0.47716,0.52325,0.51998,0.5769,1502.59534,1514.16045,0.49923,0.50077,2.22851,2.24053,0.0,3.84667,2.08333,2.3,2.70333
240.0,42.66667,87.33333,0.48767,11.66667,34.66667,0.33633,18.0,25.0,0.73033,8.0,29.0,37.0,24.0,10.33333,5.33333,14.33333,18.66667,115.0,240.0,46.0,86.0,0.53467,14.0,29.66667,0.47867,17.0,21.33333,0.78633,8.33333,35.0,43.33333,31.66667,5.66667,3.33333,17.66667,21.66667,123.0,0,0.09781,-0.09781,0.29814,0.22632,0.61616,0.55541,0.67736,0.61912,1616.17914,1364.16798,0.19584,0.80416,5.13389,1.24396,0.66667,240.0,38.33333,86.66667,0.446,10.0,31.66667,0.31333,17.66667,22.0,0.797,11.66667,31.33333,43.0,22.0,8.0,4.66667,13.0,20.0,104.33333,240.0,42.33333,82.0,0.51867,9.0,28.33333,0.31533,16.33333,22.0,0.74233,6.0,31.0,37.0,25.0,7.33333,7.0,11.33333,17.66667,110.0,0,0.07642,-0.07642,0.18707,0.3807,0.57393,0.50303,0.63625,0.57251,1561.92277,1451.3304,0.34967,0.65033,2.92814,1.54887,1.0,5.3,1.19,4.7,1.23
240.0,35.33333,80.33333,0.44033,15.0,37.0,0.405,21.0,26.66667,0.793,10.0,33.0,43.0,26.33333,4.66667,4.66667,12.66667,18.0,106.66667,240.0,38.0,83.33333,0.45633,13.0,38.33333,0.34133,17.33333,20.66667,0.83533,8.0,31.66667,39.66667,22.33333,6.66667,4.0,9.66667,22.0,106.33333,1,-0.0079,0.0079,0.24922,0.31696,0.53394,0.53336,0.60454,0.61863,1479.23129,1468.29493,0.48435,0.51565,2.17604,2.05458,0.33333,240.0,40.33333,91.33333,0.43967,13.33333,35.66667,0.37333,18.66667,26.66667,0.71333,8.33333,34.0,42.33333,23.33333,10.0,4.66667,16.33333,21.0,112.66667,240.0,48.66667,92.0,0.529,8.66667,19.0,0.45567,17.0,21.66667,0.81867,8.66667,40.0,48.66667,25.66667,6.0,5.0,16.33333,24.33333,123.0,1,0.13241,-0.13241,0.26296,0.21303,0.57541,0.51226,0.63506,0.5771,1403.04357,1537.37817,0.68855,0.31145,1.48627,3.67468,1.0,3.15333,1.75,1.76667,3.62667
240.0,39.0,84.0,0.462,14.33333,35.0,0.41167,16.33333,21.0,0.76933,8.66667,31.33333,40.0,26.0,8.66667,4.66667,20.0,23.0,108.66667,240.0,37.0,80.0,0.463,6.66667,26.33333,0.25667,26.66667,32.33333,0.82733,11.0,31.33333,42.33333,19.66667,10.66667,9.0,18.0,21.66667,107.33333,1,-0.00957,0.00957,0.35813,0.27782,0.50602,0.54634,0.61898,0.6113,1527.8693,1568.35972,0.55495,0.44505,1.82024,2.27836,0.66667,248.33333,37.33333,89.0,0.422,13.33333,40.66667,0.32833,15.66667,21.66667,0.704,12.33333,31.0,43.33333,24.0,10.33333,2.0,11.66667,15.0,103.66667,248.33333,36.66667,81.33333,0.45233,15.33333,43.0,0.35667,14.0,18.66667,0.76333,9.33333,34.66667,44.0,24.66667,6.33333,5.0,16.0,17.66667,102.66667,1,-0.01574,0.01574,0.3094,0.35069,0.54677,0.49846,0.60253,0.55584,1478.21414,1560.67371,0.61239,0.38761,1.66777,2.73132,0.33333,4.23333,1.41333,1.73667,2.42
240.0,43.33333,94.0,0.46167,10.66667,31.33333,0.33567,14.33333,17.33333,0.81867,13.0,36.33333,49.33333,27.0,6.66667,4.0,11.66667,17.0,111.66667,240.0,40.33333,82.66667,0.48933,11.0,30.33333,0.367,18.66667,22.33333,0.821,5.33333,30.66667,36.0,21.66667,9.0,8.0,11.0,18.66667,110.33333,1,-0.02238,0.02238,0.147,0.45019,0.55646,0.51831,0.63211,0.57107,1610.5231,1480.95699,0.31683,0.68317,3.44278,1.498,0.66667,240.0,34.0,84.0,0.40567,13.66667,36.33333,0.37233,14.33333,19.33333,0.749,11.0,36.0,47.0,23.0,6.66667,5.33333,19.33333,20.0,96.0,240.0,42.33333,91.0,0.466,9.0,33.66667,0.26433,17.66667,22.0,0.789,10.33333,36.33333,46.66667,21.66667,12.66667,6.66667,12.33333,18.66667,111.33333,1,0.22024,-0.22024,0.29039,0.31827,0.5159,0.48793,0.58224,0.5452,1489.24523,1465.98712,0.47949,0.52051,2.20346,2.00408,0.66667,4.07333,1.49667,2.50667,1.63333
240.0,38.66667,83.33333,0.464,16.33333,42.66667,0.38033,24.33333,31.0,0.78067,10.0,34.33333,44.33333,21.0,7.66667,4.66667,14.66667,20.33333,118.0,240.0,45.0,89.0,0.50633,12.66667,30.0,0.41133,14.66667,18.66667,0.775,8.66667,31.0,39.66667,27.33333,7.66667,3.66667,12.0,24.33333,117.33333,1,-0.01254,0.01254,0.28093,0.32394,0.57882,0.56212,0.63196,0.65856,1477.2851,1660.44537,0.73918,0.26082,1.36113,4.08084,0.33333,240.0,38.0,89.66667,0.424,9.0,32.0,0.29167,16.0,21.33333,0.76433,11.0,31.33333,42.33333,19.33333,6.33333,7.33333,12.66667,15.0,101.0,240.0,44.0,94.0,0.46833,11.66667,37.66667,0.313,13.66667,16.66667,0.835,13.33333,37.66667,51.0,27.66667,6.66667,4.66667,13.0,19.66667,113.33333,1,0.16144,-0.16144,0.42529,0.31229,0.52998,0.47397,0.57942,0.53521,1504.63448,1471.78682,0.47705,0.52295,2.14445,1.94674,0.66667,1.43333,3.68333,2.65,1.58333
240.0,37.66667,79.66667,0.47367,12.66667,35.33333,0.359,17.33333,23.0,0.77567,6.66667,30.33333,37.0,19.66667,10.66667,5.66667,15.66667,23.66667,105.33333,240.0,39.33333,81.33333,0.482,10.66667,27.66667,0.38533,19.66667,25.66667,0.77633,8.33333,35.33333,43.66667,24.66667,9.33333,3.0,17.33333,20.0,109.0,1,0.048,-0.048,0.27636,0.1983,0.54775,0.55303,0.62557,0.62184,1592.55622,1606.22244,0.52748,0.47252,1.89795,2.11942,0.66667,240.0,42.33333,91.0,0.46633,11.66667,31.33333,0.38267,17.0,21.33333,0.77567,12.0,33.66667,45.66667,21.33333,8.0,4.66667,14.33333,22.66667,113.33333,240.0,39.66667,87.33333,0.457,9.33333,25.66667,0.33633,21.66667,27.66667,0.78567,10.66667,36.0,46.66667,23.33333,9.66667,4.0,14.66667,17.0,110.33333,1,-0.03782,0.03782,0.31586,0.35586,0.51411,0.53026,0.59654,0.59349,1367.61292,1469.67844,0.64126,0.35874,1.58063,2.88764,0.33333,2.42333,1.96333,1.46333,2.95
240.0,42.33333,93.66667,0.453,11.66667,36.66667,0.31467,11.66667,14.0,0.82767,13.0,34.66667,47.66667,25.66667,9.0,4.66667,10.0,14.0,108.0,240.0,41.33333,88.0,0.46967,16.33333,36.66667,0.44133,13.0,15.0,0.87567,8.66667,33.66667,42.33333,28.33333,5.66667,5.0,12.66667,16.0,112.0,1,0.03877,-0.03877,0.25445,0.39325,0.56212,0.51485,0.6119,0.55858,1465.1246,1591.8025,0.68531,0.31469,1.4702,3.30341,0.33333,240.0,36.0,88.33333,0.40733,13.33333,37.33333,0.35133,17.33333,23.0,0.764,6.66667,26.33333,33.0,20.33333,10.0,5.0,10.33333,17.33333,102.66667,240.0,49.0,90.66667,0.547,9.33333,26.33333,0.35233,19.0,22.0,0.85833,11.33333,43.0,54.33333,30.33333,6.33333,3.66667,14.66667,19.33333,126.33333,1,0.31245,-0.31245,0.41511,0.16363,0.60041,0.48271,0.66947,0.54915,1489.80374,1509.96425,0.57477,0.42523,1.8461,2.54256,1.0,1.58667,2.75,2.63333,1.95333
248.33333,38.33333,95.0,0.402,4.0,21.66667,0.19367,22.33333,26.33333,0.852,12.0,33.66667,45.66667,18.0,10.66667,5.0,9.33333,15.66667,103.0,248.33333,43.0,91.33333,0.47033,16.66667,40.33333,0.40367,11.66667,13.66667,0.864,10.33333,40.66667,51.0,28.33333,6.66667,5.66667,16.33333,23.0,114.33333,0,0.14152,-0.14152,0.30317,0.30168,0.56139,0.42255,0.60536,0.5103,1609.49263,1394.31935,0.23235,0.76765,4.76341,1.31628,0.33333,240.0,37.33333,81.0,0.461,10.33333,32.33333,0.31767,18.33333,22.0,0.85233,7.0,29.66667,36.66667,20.66667,9.66667,5.33333,12.66667,15.33333,103.33333,240.0,44.33333,87.0,0.508,13.0,33.66667,0.38567,11.0,14.33333,0.77067,11.33333,34.33333,45.66667,29.33333,8.33333,4.66667,15.0,19.66667,112.66667,0,0.12338,-0.12338,0.38339,0.23213,0.58291,0.52532,0.62395,0.60209,1598.00786,1543.5558,0.44013,0.55987,2.336,1.81314,0.66667,6.35,1.22667,2.95,1.44333
240.0,38.66667,86.33333,0.44867,11.66667,30.33333,0.39167,10.66667,15.66667,0.69733,9.33333,34.66667,44.0,22.33333,7.66667,7.33333,14.0,20.0,99.66667,240.0,36.33333,88.0,0.413,13.0,36.0,0.361,13.33333,18.0,0.73467,12.0,34.0,46.0,21.66667,9.33333,8.33333,13.0,15.66667,99.0,1,-0.00962,0.00962,0.34975,0.27543,0.48691,0.51564,0.5384,0.55583,1511.10975,1514.07024,0.49542,0.50458,2.22299,2.31365,0.66667,240.0,39.0,84.33333,0.46333,10.66667,28.33333,0.36733,17.66667,24.33333,0.68667,7.0,33.66667,40.66667,24.33333,7.33333,6.33333,13.33333,22.0,106.33333,240.0,41.0,85.0,0.48367,12.0,28.66667,0.41567,19.0,24.33333,0.77267,8.0,34.33333,42.33333,28.66667,7.0,6.0,15.66667,22.66667,113.0,1,0.0951,-0.0951,0.24478,0.20745,0.55555,0.5269,0.62837,0.59374,1434.40024,1458.16803,0.54329,0.45671,1.86361,2.22273,0.66667,2.29667,1.94333,1.55667,2.78333
240.0,47.0,87.33333,0.538,12.33333,32.0,0.40033,16.33333,19.0,0.85767,7.66667,38.66667,46.33333,26.33333,10.0,5.33333,16.33333,16.66667,122.66667,240.0,40.0,95.0,0.42033,16.0,43.0,0.36767,15.33333,19.0,0.83333,12.0,29.66667,41.66667,24.0,9.0,4.0,15.66667,19.0,111.33333,0,-0.14639,0.14639,0.31325,0.26498,0.50343,0.60938,0.56042,0.67049,1496.00432,1598.17065,0.62208,0.37792,1.64065,2.80283,0.0,240.0,43.0,84.66667,0.50833,8.66667,27.0,0.312,16.66667,23.33333,0.72533,9.66667,35.33333,45.0,26.33333,6.33333,4.66667,14.0,21.66667,111.33333,240.0,40.33333,84.66667,0.476,12.0,30.33333,0.39,14.66667,20.33333,0.75767,7.0,29.66667,36.66667,26.33333,7.0,6.33333,12.33333,19.66667,107.33333,0,-0.05131,0.05131,0.2052,0.32261,0.54617,0.55957,0.60228,0.6203,1480.12186,1546.64139,0.58466,0.41534,1.72241,2.44023,0.33333,1.54,2.91667,1.66333,2.55
240.0,42.66667,97.0,0.44467,14.66667,42.0,0.35233,9.66667,13.0,0.74333,12.0,34.0,46.0,23.33333,7.66667,7.0,13.66667,21.0,109.66667,240.0,38.0,89.66667,0.428,12.66667,39.33333,0.321,20.66667,25.66667,0.806,10.0,37.0,47.0,26.66667,9.0,6.33333,12.33333,15.0,109.33333,0,0.00568,-0.00568,0.28871,0.31667,0.50042,0.52351,0.57998,0.55763,1455.44888,1360.66202,0.38265,0.61735,3.56666,1.72342,0.66667,240.0,39.66667,91.33333,0.44067,12.0,35.66667,0.336,17.0,21.0,0.802,13.33333,31.33333,44.66667,21.0,8.0,5.33333,14.0,23.0,108.33333,240.0,42.66667,83.66667,0.513,10.33333,29.33333,0.35233,18.33333,23.0,0.79333,6.66667,35.33333,42.0,28.0,8.0,7.0,12.0,18.33333,114.0,0,0.07372,-0.07372,0.20667,0.37915,0.5754,0.50532,0.64606,0.57006,1558.43216,1416.04166,0.31292,0.68708,3.40647,1.47704,1.0,7.01667,1.39333,4.7,1.23
240.0,37.66667,88.66667,0.428,12.66667,37.66667,0.33833,21.33333,25.33333,0.832,9.33333,32.66667,42.0,20.33333,7.66667,7.0,11.66667,23.0,109.33333,240.0,41.0,87.0,0.473,13.66667,32.33333,0.41633,22.33333,29.0,0.77233,9.66667,38.66667,48.33333,27.66667,8.33333,6.0,12.0,20.66667,118.0,0,0.10948,-0.10948,0.29477,0.23334,0.55059,0.49987,0.63337,0.58614,1552.60247,1335.71149,0.23034,0.76966,4.54466,1.30453,1.0,240.0,39.66667,89.0,0.44367,10.66667,32.0,0.33167,16.33333,23.66667,0.70633,11.0,36.66667,47.66667,25.66667,10.0,4.0,13.66667,14.0,106.33333,240.0,36.66667,85.0,0.43167,10.0,33.33333,0.3,10.33333,15.66667,0.66533,8.66667,34.33333,43.0,24.0,9.66667,7.33333,15.66667,20.33333,93.66667,0,-0.17795,0.17795,0.24526,0.33893,0.49068,0.50388,0.52969,0.5636,1508.31699,1490.10972,0.44175,0.55825,2.26604,1.79244,0.0,5.88333,1.20333,2.09,1.89333
240.0,37.0,85.33333,0.43233,14.0,31.0,0.435,16.0,23.33333,0.68333,8.66667,33.0,41.66667,22.33333,9.66667,4.33333,16.0,15.66667,104.0,240.0,41.33333,87.0,0.47433,11.33333,30.66667,0.377,14.66667,17.0,0.854,10.0,37.0,47.0,25.0,9.0,4.0,15.33333,21.66667,108.66667,1,0.06295,-0.06295,0.328,0.2461,0.53942,0.51303,0.59687,0.5727,1521.17997,1570.23469,0.58868,0.41132,1.75875,2.56793,0.66667,240.0,36.33333,90.0,0.399,11.0,34.33333,0.32033,16.33333,20.0,0.81467,11.66667,34.66667,46.33333,21.33333,6.33333,6.66667,15.0,20.33333,100.0,240.0,43.33333,89.66667,0.48333,12.0,36.66667,0.32467,18.0,23.0,0.775,9.33333,38.33333,47.66667,21.66667,9.33333,7.66667,12.33333,19.0,116.66667,1,0.24117,-0.24117,0.27646,0.31378,0.55112,0.46065,0.61664,0.52533,1491.43338,1441.53337,0.44431,0.55569,2.32102,1.82825,0.66667,3.76667,1.36667,2.46333,1.7
240.0,46.0,87.33333,0.527,16.66667,39.66667,0.42033,15.0,18.66667,0.80233,10.0,38.33333,48.33333,30.0,7.33333,5.66667,13.0,17.66667,123.66667,240.0,42.0,90.66667,0.46633,10.33333,31.66667,0.32867,14.0,20.33333,0.707,11.33333,31.0,42.33333,27.66667,6.0,4.33333,9.66667,18.0,108.33333,0,-0.1914,0.1914,0.29273,0.32346,0.52386,0.62264,0.57287,0.67646,1543.46746,1527.81197,0.4375,0.5625,2.35565,1.81012,0.0,240.0,38.33333,84.66667,0.453,10.0,32.33333,0.30867,13.0,20.0,0.64333,8.0,38.66667,46.66667,22.33333,7.0,5.33333,13.0,20.66667,99.66667,240.0,33.0,87.33333,0.37967,9.66667,34.0,0.28133,17.66667,24.0,0.77933,11.0,35.33333,46.33333,15.66667,7.66667,4.33333,12.33333,21.33333,93.33333,0,-0.10096,0.10096,0.28481,0.22557,0.43506,0.51165,0.50374,0.55975,1512.41302,1471.75747,0.42914,0.57086,2.41823,1.78568,0.33333,2.39333,1.68333,1.77333,2.28667
240.0,43.0,83.33333,0.515,12.33333,31.66667,0.40433,16.33333,19.33333,0.84333,5.33333,36.0,41.33333,22.0,9.33333,5.66667,16.0,16.33333,114.66667,240.0,40.66667,93.66667,0.43433,16.66667,41.33333,0.40867,13.66667,18.0,0.76667,12.33333,31.33333,43.66667,22.0,8.33333,3.33333,15.66667,18.33333,111.66667,1,-0.04365,0.04365,0.35946,0.17263,0.5221,0.58947,0.57217,0.65415,1560.73631,1591.95835,0.54017,0.45983,1.8722,2.21389,0.33333,240.0,41.66667,87.66667,0.47467,14.33333,30.33333,0.464,13.0,18.33333,0.75067,9.0,34.0,43.0,23.33333,8.33333,1.33333,12.0,17.0,110.66667,240.0,43.33333,84.66667,0.511,12.0,34.33333,0.33967,13.0,16.33333,0.79267,6.0,34.0,40.0,22.66667,6.0,6.0,12.66667,16.33333,111.66667,1,-0.00567,0.00567,0.18184,0.26919,0.58028,0.55598,0.62979,0.60312,1427.82054,1474.25705,0.57227,0.42773,1.82877,2.4887,0.66667,1.54667,2.9,3.2,1.44333
248.33333,44.0,90.66667,0.48533,15.33333,40.0,0.38433,15.0,21.0,0.77167,9.66667,30.66667,40.33333,24.66667,7.33333,7.0,12.0,20.0,118.33333,248.33333,46.66667,91.33333,0.51367,13.0,31.66667,0.41233,17.0,22.66667,0.72833,12.33333,34.33333,46.66667,26.66667,7.33333,4.66667,13.66667,17.0,123.33333,1,0.06005,-0.06005,0.39188,0.28747,0.5857,0.56927,0.64778,0.62082,1488.49969,1515.43077,0.54298,0.45702,1.98081,2.4368,1.0,240.0,45.33333,100.33333,0.45433,14.33333,43.33333,0.336,10.0,10.66667,0.939,8.33333,31.33333,39.66667,26.66667,7.66667,4.33333,9.0,14.0,115.0,240.0,47.66667,92.0,0.51767,18.33333,38.0,0.48067,13.33333,17.66667,0.752,9.0,41.0,50.0,26.0,5.33333,4.33333,14.0,13.66667,127.0,1,0.13995,-0.13995,0.29693,0.20768,0.61705,0.52697,0.66186,0.56368,1602.45791,1512.96392,0.38778,0.61222,2.58469,1.63496,1.0,2.46333,2.22667,4.41667,1.27667
240.0,38.0,89.66667,0.424,13.0,36.66667,0.35133,14.33333,19.0,0.746,11.33333,32.33333,43.66667,21.0,8.33333,6.0,11.33333,21.33333,103.33333,240.0,39.0,84.33333,0.468,12.33333,32.33333,0.38233,13.66667,19.0,0.71167,10.0,36.33333,46.33333,23.0,7.33333,7.66667,14.0,17.33333,104.0,0,0.00665,-0.00665,0.29855,0.31419,0.54146,0.49597,0.59317,0.55009,1585.39682,1511.8823,0.39197,0.60803,2.55833,1.64669,0.66667,240.0,45.0,92.66667,0.48433,17.0,42.33333,0.404,12.33333,16.0,0.78067,10.33333,36.66667,47.0,27.33333,5.66667,7.33333,13.66667,22.0,119.33333,240.0,37.66667,91.33333,0.415,11.66667,38.66667,0.30133,20.33333,26.0,0.78233,10.0,32.33333,42.33333,26.66667,8.66667,3.66667,10.66667,17.66667,107.33333,0,-0.14387,0.14387,0.27548,0.32646,0.4796,0.57665,0.55657,0.61942,1347.96559,1414.87099,0.57183,0.42817,1.80034,2.5092,0.33333,3.04667,1.59,2.11333,2.35333
240.0,40.0,88.0,0.45633,14.66667,35.33333,0.42133,20.0,31.0,0.64867,13.33333,37.0,50.33333,26.66667,9.0,6.0,14.33333,21.0,114.66667,240.0,41.66667,90.0,0.46367,16.66667,38.0,0.457,15.66667,21.66667,0.72633,10.33333,35.0,45.33333,23.33333,5.0,6.0,14.0,24.0,115.66667,0,0.01283,-0.01283,0.2805,0.38185,0.55652,0.53985,0.61104,0.60589,1479.91936,1502.40001,0.53493,0.46507,1.96024,2.34718,0.33333,240.0,36.33333,83.33333,0.438,13.33333,35.66667,0.38333,17.0,21.66667,0.78933,7.33333,31.0,38.33333,22.66667,7.66667,5.66667,12.0,18.33333,103.0,240.0,43.33333,91.0,0.47667,14.33333,37.66667,0.37267,14.0,16.33333,0.83967,12.0,36.66667,48.66667,28.66667,6.66667,4.66667,12.0,17.66667,115.0,0,0.16541,-0.16541,0.39727,0.1949,0.55513,0.51809,0.60814,0.58611,1561.60009,1448.22566,0.36069,0.63931,2.94032,1.58757,1.0,2.13333,1.87667,4.4,1.40667
240.0,39.33333,88.66667,0.44367,12.33333,33.66667,0.36333,18.0,23.66667,0.75367,11.0,32.66667,43.66667,19.33333,9.33333,3.0,10.0,21.66667,109.0,240.0,39.33333,80.66667,0.49233,10.33333,31.0,0.336,15.33333,20.66667,0.74133,6.66667,37.0,43.66667,23.33333,4.66667,6.66667,14.66667,19.66667,104.33333,1,-0.0625,0.0625,0.19281,0.29774,0.55653,0.51282,0.61694,0.57982,1524.01613,1506.89954,0.46452,0.53548,2.23958,1.93806,0.66667,240.0,44.33333,97.66667,0.45767,17.66667,48.0,0.37067,11.66667,12.66667,0.93067,9.33333,31.33333,40.66667,26.0,9.0,5.66667,10.66667,15.66667,118.0,240.0,47.33333,94.33333,0.50267,20.0,41.0,0.49267,10.33333,15.33333,0.66767,12.33333,37.66667,50.0,26.0,6.0,4.33333,15.66667,15.33333,125.0,1,0.07843,-0.07843,0.38953,0.24973,0.60878,0.55096,0.64078,0.59407,1605.12741,1518.20097,0.38489,0.61511,2.60524,1.62758,0.66667,2.99,1.72333,3.25,1.37667
240.0,42.0,85.33333,0.49033,15.0,38.0,0.39133,15.33333,20.66667,0.73467,7.33333,34.0,41.33333,23.0,6.33333,3.66667,10.33333,19.66667,114.33333,240.0,39.66667,85.33333,0.46767,9.66667,33.0,0.30867,19.66667,28.33333,0.70567,8.66667,33.0,41.66667,19.0,7.0,3.66667,10.33333,17.0,108.66667,1,-0.0684,0.0684,0.25885,0.21773,0.52406,0.57916,0.5955,0.63685,1471.30539,1524.21093,0.56762,0.43238,1.79363,2.40508,0.33333,240.0,37.33333,81.66667,0.458,9.0,27.66667,0.331,20.66667,28.33333,0.74333,9.0,34.66667,43.66667,24.33333,6.66667,6.33333,15.0,24.33333,104.33333,240.0,38.0,88.33333,0.43,11.0,31.33333,0.35367,21.33333,28.66667,0.73767,12.0,34.0,46.0,17.33333,7.33333,6.0,12.0,25.0,108.33333,1,0.03782,-0.03782,0.34407,0.26414,0.49202,0.51295,0.57101,0.59405,1516.16198,1424.08054,0.37369,0.62631,2.71964,1.60691,0.66667,1.94667,3.12,2.04,1.92667
240.0,39.0,90.33333,0.433,15.66667,36.66667,0.42767,12.66667,17.0,0.77667,13.0,32.66667,45.66667,22.33333,7.0,5.0,13.0,16.0,106.33333,240.0,41.33333,86.0,0.48233,13.0,36.66667,0.35333,14.66667,19.33333,0.76967,8.33333,35.0,43.33333,24.0,8.0,5.0,14.0,17.66667,110.33333,0,0.05748,-0.05748,0.25137,0.39122,0.55829,0.52013,0.61381,0.56675,1416.25488,1397.95454,0.48239,0.51761,2.22295,2.01814,0.33333,240.0,39.66667,89.66667,0.44267,9.66667,30.0,0.313,17.66667,23.33333,0.766,10.33333,32.0,42.33333,25.66667,6.0,2.33333,9.0,18.33333,106.66667,240.0,44.33333,85.33333,0.52067,10.66667,29.66667,0.36533,17.0,21.66667,0.78867,8.0,36.0,44.0,28.66667,6.33333,4.66667,10.66667,19.66667,116.33333,0,0.1299,-0.1299,0.25212,0.32247,0.58328,0.49663,0.64674,0.56301,1643.79607,1535.39844,0.36743,0.63257,2.86321,1.60904,1.0,3.03333,1.44667,4.11667,1.29667
240.0,36.33333,89.33333,0.407,12.0,40.66667,0.294,18.0,22.0,0.81733,9.33333,30.66667,40.0,19.66667,8.0,4.66667,13.33333,25.0,102.66667,240.0,39.33333,80.66667,0.48967,15.33333,33.0,0.468,23.0,29.33333,0.784,8.66667,39.33333,48.0,27.66667,7.0,5.66667,18.33333,21.33333,117.0,0,0.18898,-0.18898,0.28307,0.24374,0.58563,0.47404,0.67464,0.54549,1392.04132,1484.50318,0.66366,0.33634,1.51623,3.03644,1.0,240.0,47.33333,97.0,0.488,13.0,37.33333,0.349,10.33333,13.33333,0.77467,10.66667,39.66667,50.33333,23.66667,11.0,5.66667,12.33333,16.66667,118.0,240.0,38.33333,86.33333,0.444,10.0,33.0,0.307,15.66667,24.66667,0.636,9.66667,37.33333,47.0,19.66667,9.33333,5.33333,15.33333,12.0,102.33333,0,-0.2057,0.2057,0.24603,0.28874,0.50195,0.55524,0.55824,0.59063,1387.62767,1517.52391,0.65958,0.34042,1.51758,2.94766,0.0,1.35667,3.5,1.29,4.2
248.33333,39.0,95.33333,0.408,7.0,25.0,0.27567,18.66667,21.66667,0.858,12.33333,37.33333,49.66667,20.66667,10.66667,5.0,9.33333,17.0,103.66667,248.33333,37.33333,88.0,0.424,11.66667,35.33333,0.33767,14.33333,17.33333,0.86033,10.66667,41.0,51.66667,25.33333,6.33333,5.33333,16.66667,20.33333,100.66667,0,-0.03995,0.03995,0.29044,0.30767,0.49008,0.44573,0.54787,0.5176,1568.47277,1394.01114,0.26721,0.73279,3.88911,1.37186,0.33333,240.0,37.0,89.66667,0.41133,7.66667,31.66667,0.243,15.33333,21.0,0.719,9.66667,33.0,42.66667,22.33333,8.66667,3.33333,10.0,17.0,97.0,240.0,40.33333,84.33333,0.477,17.0,40.66667,0.41533,20.0,23.33333,0.84633,9.33333,40.66667,50.0,22.33333,6.66667,6.0,14.33333,18.0,117.66667,0,0.29742,-0.29742,0.28684,0.24329,0.57772,0.45416,0.65781,0.51193,1689.22015,1441.85389,0.20757,0.79243,5.1808,1.26709,1.0,4.06667,1.32667,7.58333,1.13667
240.0,38.33333,89.0,0.43433,13.0,37.33333,0.351,15.66667,19.33333,0.80433,9.0,34.0,43.0,22.0,8.0,7.33333,15.0,21.33333,105.33333,240.0,41.66667,88.66667,0.471,14.33333,32.0,0.44633,17.33333,22.33333,0.775,9.0,38.66667,47.66667,28.66667,8.66667,4.0,14.0,19.0,115.0,0,0.12662,-0.12662,0.26471,0.22354,0.55097,0.5082,0.61513,0.56985,1558.09722,1345.33247,0.23472,0.76528,4.4077,1.31102,1.0,248.33333,39.0,90.0,0.435,9.0,30.33333,0.307,16.33333,24.33333,0.672,8.33333,37.66667,46.0,23.0,7.33333,2.66667,14.0,18.33333,103.33333,248.33333,42.66667,95.0,0.45433,12.0,32.0,0.38767,13.66667,18.66667,0.707,11.33333,42.33333,53.66667,23.66667,9.66667,6.66667,13.66667,22.33333,111.0,0,0.09581,-0.09581,0.30291,0.19691,0.51768,0.48541,0.56593,0.54347,1598.98882,1499.99296,0.37356,0.62644,2.88075,1.6365,0.66667,5.13333,1.22,2.60667,1.92667
248.33333,40.33333,90.66667,0.448,11.66667,37.66667,0.312,20.33333,23.0,0.911,12.0,32.66667,44.66667,24.0,10.0,2.66667,12.66667,18.33333,112.66667,248.33333,38.0,84.66667,0.45167,14.0,40.33333,0.36133,19.0,24.0,0.79633,9.33333,33.33333,42.66667,21.33333,6.33333,3.33333,16.0,21.66667,109.0,0,-0.04927,0.04927,0.29907,0.35182,0.53538,0.5133,0.6089,0.59168,1438.59477,1646.26332,0.76016,0.23984,1.32502,4.59829,0.0,240.0,36.0,84.33333,0.42767,10.33333,28.0,0.37667,18.66667,23.66667,0.76733,9.33333,31.33333,40.66667,20.66667,6.33333,5.66667,12.66667,16.33333,101.0,240.0,40.66667,86.66667,0.46867,13.33333,34.33333,0.39467,15.66667,18.33333,0.86567,11.33333,36.33333,47.66667,21.33333,7.0,4.66667,12.0,22.66667,110.33333,0,0.12262,-0.12262,0.36764,0.25265,0.54516,0.48914,0.60587,0.5631,1626.14418,1553.00986,0.41597,0.58403,2.46563,1.731,0.66667,1.35667,4.7,3.51667,1.45667
240.0,41.0,81.66667,0.50133,10.66667,30.66667,0.34233,18.66667,22.66667,0.825,7.0,32.33333,39.33333,22.0,6.0,3.66667,11.33333,19.66667,111.33333,240.0,43.0,85.0,0.50433,12.33333,31.33333,0.393,16.33333,21.33333,0.763,10.66667,30.66667,41.33333,27.33333,6.33333,4.33333,12.66667,17.66667,114.66667,0,0.04401,-0.04401,0.34649,0.23707,0.57678,0.56705,0.63868,0.64221,1490.48098,1546.68703,0.57903,0.42097,1.77303,2.49066,0.66667,240.0,38.66667,85.66667,0.451,9.66667,31.33333,0.29833,19.0,27.0,0.71433,7.66667,31.66667,39.33333,21.33333,8.33333,4.0,14.0,17.66667,106.0,240.0,43.33333,86.0,0.504,12.66667,31.66667,0.40567,15.0,19.66667,0.76167,8.0,38.0,46.0,29.33333,7.0,4.33333,16.66667,24.33333,114.33333,0,0.11803,-0.11803,0.25817,0.20107,0.57784,0.50802,0.63322,0.57834,1628.82463,1439.83036,0.28128,0.71872,4.30068,1.45095,0.66667,1.93333,2.35,5.75,1.15333
240.0,45.0,86.33333,0.521,13.66667,31.33333,0.43,15.0,21.33333,0.699,6.0,33.66667,39.66667,27.66667,6.33333,5.0,10.0,17.66667,118.66667,240.0,45.33333,91.66667,0.49667,8.33333,22.33333,0.361,17.33333,22.0,0.79033,10.33333,33.66667,44.0,23.33333,8.33333,3.66667,9.66667,17.0,116.33333,0,-0.0275,0.0275,0.31013,0.19193,0.54305,0.60033,0.60539,0.65234,1484.72073,1418.46805,0.39622,0.60378,2.77507,1.72247,0.33333,240.0,40.66667,89.33333,0.458,13.0,34.66667,0.37233,17.0,20.33333,0.84067,9.66667,37.66667,47.33333,24.33333,7.0,4.66667,9.33333,17.66667,111.33333,240.0,42.0,86.66667,0.48267,9.33333,25.0,0.37267,13.33333,18.33333,0.75833,6.0,34.33333,40.33333,23.0,6.0,5.66667,9.33333,15.66667,106.66667,0,-0.06592,0.06592,0.17275,0.2712,0.53679,0.5318,0.58582,0.59667,1490.54656,1509.73767,0.51908,0.48092,2.00589,2.18117,0.33333,2.22,1.92,2.01,1.84667
240.0,45.33333,89.66667,0.50667,9.0,24.33333,0.37133,19.66667,24.33333,0.80433,11.0,31.0,42.0,27.66667,8.66667,4.66667,10.66667,22.33333,119.33333,240.0,41.33333,84.33333,0.491,10.66667,29.66667,0.35967,18.33333,23.33333,0.82367,10.33333,32.0,42.33333,24.0,5.33333,3.0,15.0,20.0,111.66667,0,-0.10246,0.10246,0.33415,0.34852,0.55401,0.557,0.62606,0.62928,1509.67352,1465.62761,0.43029,0.56971,2.5656,1.892,0.33333,240.0,42.0,83.33333,0.50333,14.33333,33.33333,0.42767,15.0,20.66667,0.73567,10.33333,35.33333,45.66667,28.33333,6.66667,4.0,16.66667,18.66667,113.33333,240.0,40.0,92.0,0.43533,8.66667,35.33333,0.244,17.0,21.66667,0.77,12.0,29.66667,41.66667,17.33333,10.0,3.66667,11.66667,19.33333,105.66667,0,-0.1007,0.1007,0.33123,0.36372,0.48229,0.59012,0.54634,0.64482,1487.66012,1540.19666,0.56878,0.43122,1.76818,2.33954,0.0,2.62333,2.02,1.83,2.1
240.0,38.0,86.33333,0.44267,8.33333,26.66667,0.30467,13.66667,23.33333,0.585,9.0,37.66667,46.66667,24.0,7.0,6.66667,15.66667,23.66667,98.0,240.0,41.0,93.66667,0.43767,8.66667,30.0,0.292,19.0,25.0,0.761,11.33333,38.0,49.33333,22.33333,10.33333,6.0,13.0,22.0,109.66667,1,0.16096,-0.16096,0.30177,0.23536,0.4837,0.48998,0.55318,0.53673,1482.36024,1384.21108,0.37646,0.62354,2.71982,1.6201,1.0,240.0,41.66667,88.66667,0.47,12.33333,34.33333,0.35,15.33333,18.66667,0.833,11.0,37.33333,48.33333,22.66667,9.33333,6.33333,11.33333,15.33333,111.0,240.0,41.0,91.0,0.45067,12.0,32.66667,0.373,11.33333,16.66667,0.67733,9.66667,32.33333,42.0,24.66667,6.0,4.66667,12.0,16.0,105.33333,1,-0.07739,0.07739,0.25986,0.35304,0.51661,0.54016,0.55659,0.59868,1392.015,1579.21159,0.73543,0.26457,1.3742,4.06001,0.33333,2.32333,1.70333,1.23,4.63333
248.33333,40.33333,98.66667,0.41,15.66667,47.33333,0.333,14.0,16.66667,0.84633,12.33333,34.0,46.33333,26.66667,8.33333,7.66667,10.0,18.33333,110.33333,248.33333,43.66667,95.33333,0.459,13.66667,37.0,0.36233,12.33333,17.33333,0.688,12.0,40.33333,52.33333,26.33333,4.66667,5.33333,14.66667,17.66667,113.33333,0,0.01841,-0.01841,0.34796,0.31242,0.53086,0.49182,0.57264,0.54286,1537.69691,1527.99687,0.49073,0.50927,2.07265,1.99514,0.33333,240.0,39.33333,91.33333,0.429,12.66667,36.66667,0.341,20.33333,27.33333,0.74733,8.0,34.66667,42.66667,21.0,9.66667,4.0,14.33333,23.66667,111.66667,240.0,45.66667,90.33333,0.50667,6.66667,21.0,0.33367,20.66667,25.0,0.87,8.0,39.66667,47.66667,24.0,6.0,3.0,15.33333,24.66667,118.66667,0,0.09433,-0.09433,0.2338,0.20638,0.5436,0.49792,0.6194,0.57124,1400.92716,1495.70557,0.62977,0.37023,1.65946,3.30942,0.66667,2.5,1.68,1.96333,3.11667
240.0,43.33333,97.33333,0.446,16.66667,37.66667,0.438,15.0,18.0,0.83533,11.0,42.33333,53.33333,23.33333,10.0,4.0,12.0,18.33333,118.33333,240.0,36.33333,91.66667,0.395,13.33333,40.66667,0.322,16.66667,22.66667,0.74033,10.66667,36.0,46.66667,21.33333,9.0,7.0,13.66667,15.0,102.66667,1,-0.20654,0.20654,0.25868,0.31022,0.46687,0.53225,0.52937,0.58524,1418.05012,1596.57395,0.72344,0.27656,1.41218,4.07175,0.33333,240.0,42.0,88.66667,0.47433,14.0,37.0,0.37833,17.33333,21.0,0.84533,11.66667,35.33333,47.0,26.33333,6.0,4.33333,13.66667,16.33333,115.33333,240.0,45.33333,91.0,0.502,12.33333,28.66667,0.42033,15.66667,20.0,0.79167,9.0,32.66667,41.66667,25.0,6.33333,4.33333,9.0,18.66667,118.66667,1,0.0466,-0.0466,0.25295,0.36114,0.56996,0.55323,0.62595,0.61882,1559.14387,1507.58383,0.42842,0.57158,2.33465,1.74977,0.66667,1.56,3.74667,2.16,1.77333
240.0,38.0,84.0,0.45433,12.0,32.66667,0.368,19.0,24.33333,0.80667,8.33333,34.0,42.33333,20.66667,10.0,5.33333,12.0,21.33333,107.0,240.0,39.33333,82.0,0.47833,11.0,30.66667,0.36533,17.0,21.66667,0.788,7.33333,35.66667,43.0,26.0,7.66667,4.0,16.66667,21.66667,106.66667,1,-0.00811,0.00811,0.23446,0.24275,0.54572,0.52536,0.61328,0.60005,1521.84253,1604.47028,0.60896,0.39104,1.713,3.01727,0.66667,240.0,35.66667,81.0,0.44133,13.66667,35.33333,0.381,15.33333,23.66667,0.645,7.66667,34.0,41.66667,23.0,5.0,3.33333,15.0,14.66667,100.33333,240.0,42.66667,92.0,0.465,16.33333,47.33333,0.346,12.33333,15.33333,0.798,11.0,32.33333,43.33333,28.0,10.33333,4.66667,9.33333,20.33333,114.0,1,0.19221,-0.19221,0.33201,0.23309,0.55396,0.52646,0.5992,0.58346,1534.97033,1449.92257,0.40392,0.59608,2.64367,1.71927,0.66667,2.35,2.63,4.41667,1.39667
240.0,39.0,91.33333,0.42833,10.33333,32.0,0.329,14.33333,18.66667,0.785,11.0,33.0,44.0,22.0,5.0,2.66667,8.0,18.0,102.66667,240.0,39.0,80.66667,0.48467,14.0,36.0,0.379,22.66667,30.33333,0.784,8.0,36.0,44.0,24.0,5.33333,4.33333,9.66667,18.66667,114.66667,1,0.16716,-0.16716,0.23999,0.31942,0.56896,0.48593,0.65758,0.54073,1531.30879,1555.14667,0.54728,0.45272,1.98001,2.39346,0.66667,240.0,41.66667,87.33333,0.47667,11.66667,32.33333,0.37433,13.0,18.0,0.70433,8.33333,32.0,40.33333,25.66667,8.66667,7.33333,14.33333,18.66667,108.0,240.0,38.0,86.33333,0.442,14.0,36.0,0.38967,23.0,25.66667,0.89667,9.0,33.33333,42.33333,24.66667,8.66667,6.0,13.33333,14.66667,113.0,1,0.06426,-0.06426,0.27782,0.24867,0.52345,0.54313,0.61634,0.59129,1341.08239,1474.77487,0.68984,0.31016,1.45491,3.27862,1.0,3.68333,2.24667,1.61,2.45
240.0,39.0,83.66667,0.46667,14.66667,34.66667,0.42033,19.33333,23.66667,0.82367,8.66667,38.0,46.66667,26.0,5.0,5.33333,12.66667,17.0,112.0,240.0,36.66667,88.0,0.41867,12.33333,39.33333,0.31367,13.66667,18.0,0.76867,10.0,32.66667,42.66667,21.0,5.33333,4.0,11.0,20.0,99.33333,0,-0.16907,0.16907,0.25579,0.26898,0.4896,0.55442,0.54355,0.6308,1418.55574,1473.88989,0.56185,0.43815,1.82505,2.3613,0.0,240.0,40.33333,86.66667,0.47333,11.33333,35.0,0.32533,15.0,20.0,0.754,11.0,30.66667,41.66667,23.0,6.66667,7.33333,15.66667,22.66667,107.0,240.0,42.66667,88.33333,0.483,10.66667,31.66667,0.33467,19.0,22.0,0.869,9.66667,33.66667,43.33333,26.66667,9.0,6.0,10.66667,19.0,115.0,0,0.10338,-0.10338,0.32964,0.32572,0.54314,0.53853,0.6172,0.5956,1556.19061,1365.95745,0.25569,0.74431,3.95001,1.34515,1.0,2.00667,2.21667,6.06667,1.16333
240.0,42.66667,84.66667,0.50233,11.66667,34.0,0.34233,21.33333,25.33333,0.84167,7.0,35.0,42.0,29.66667,6.66667,3.66667,9.33333,17.0,118.33333,240.0,39.66667,84.66667,0.46933,11.0,32.0,0.331,15.66667,20.33333,0.75167,7.66667,32.0,39.66667,28.33333,5.0,3.66667,12.0,20.66667,106.0,1,-0.15303,0.15303,0.21587,0.21919,0.53411,0.57112,0.59614,0.6549,1434.47311,1371.12251,0.38617,0.61383,2.7453,1.67953,0.33333,248.33333,35.33333,87.33333,0.407,13.66667,41.0,0.33333,18.0,21.0,0.852,12.0,31.0,43.0,22.66667,10.33333,1.66667,12.0,15.33333,102.33333,248.33333,35.66667,82.66667,0.43233,12.33333,40.33333,0.30267,13.33333,18.33333,0.74,11.33333,33.66667,45.0,22.0,6.0,3.66667,16.0,18.33333,97.0,1,-0.0778,0.0778,0.37606,0.34817,0.50689,0.4872,0.56037,0.5602,1480.05064,1590.59402,0.64947,0.35053,1.54966,2.92881,0.0,4.33,1.63,1.81,2.27
240.0,32.33333,82.33333,0.39233,7.0,28.66667,0.248,14.66667,22.33333,0.652,7.66667,30.0,37.66667,20.33333,9.0,3.66667,12.66667,16.66667,86.33333,240.0,39.0,80.0,0.48767,10.66667,32.33333,0.309,16.0,20.66667,0.77733,8.33333,39.66667,48.0,22.66667,8.33333,5.66667,17.66667,19.0,104.66667,0,0.2836,-0.2836,0.27981,0.19913,0.55372,0.43479,0.61845,0.49423,1563.50858,1366.2872,0.26505,0.73495,4.59575,1.39638,1.0,240.0,41.66667,88.33333,0.47067,15.66667,40.0,0.388,15.66667,17.66667,0.888,10.0,31.66667,41.66667,25.33333,5.0,5.33333,12.0,19.33333,114.66667,240.0,40.66667,84.0,0.485,14.0,36.33333,0.38833,17.33333,20.0,0.87933,9.0,33.0,42.0,29.0,5.33333,5.66667,11.66667,17.66667,112.66667,0,-0.02758,0.02758,0.28737,0.30385,0.56794,0.55929,0.63802,0.6214,1484.59665,1534.80219,0.56678,0.43322,1.81612,2.46704,0.33333,6.3,1.28,1.92,2.00667
240.0,35.66667,87.66667,0.407,12.33333,40.66667,0.30133,18.33333,22.33333,0.82,8.66667,30.66667,39.33333,20.33333,8.0,6.0,11.0,24.66667,102.0,240.0,39.33333,83.66667,0.472,14.33333,33.0,0.43767,23.0,29.33333,0.784,12.66667,38.66667,51.33333,24.33333,5.0,6.33333,15.66667,20.33333,116.0,1,0.18563,-0.18563,0.42593,0.23177,0.55829,0.47716,0.64652,0.55089,1396.79217,1478.01615,0.64885,0.35115,1.54909,2.89834,1.0,240.0,42.0,92.66667,0.45433,14.33333,37.66667,0.388,14.33333,18.66667,0.75633,10.33333,36.66667,47.0,24.0,10.0,6.0,13.0,20.66667,112.66667,240.0,38.0,84.33333,0.45267,10.33333,28.33333,0.34533,18.66667,24.0,0.77933,7.0,37.33333,44.33333,25.66667,8.66667,3.66667,17.33333,18.0,105.0,1,-0.10505,0.10505,0.19981,0.28988,0.51743,0.53195,0.59079,0.58343,1365.76966,1503.52335,0.67718,0.32282,1.51526,3.45761,0.33333,1.34667,3.58333,1.36333,3.7
240.0,37.0,82.0,0.45067,10.66667,31.0,0.34867,21.0,29.33333,0.71067,8.66667,35.33333,44.0,20.0,10.0,6.33333,13.66667,20.0,105.66667,240.0,36.66667,78.66667,0.468,8.66667,25.33333,0.33133,14.66667,22.33333,0.66533,6.33333,38.0,44.33333,20.66667,6.33333,5.66667,18.0,20.0,96.66667,1,-0.12351,0.12351,0.17083,0.24354,0.52654,0.51555,0.58391,0.59842,1452.1998,1594.31458,0.67767,0.32233,1.50906,3.49516,0.33333,240.0,40.0,90.33333,0.44733,10.66667,32.66667,0.33933,17.0,21.66667,0.788,12.66667,34.33333,47.0,18.66667,7.0,4.0,10.33333,19.33333,107.66667,240.0,43.0,94.0,0.45767,17.66667,45.33333,0.38567,11.0,13.66667,0.80167,12.0,33.66667,45.66667,23.33333,4.33333,4.33333,10.66667,18.0,114.66667,1,0.09441,-0.09441,0.3479,0.37928,0.55191,0.50633,0.59135,0.57051,1550.75876,1582.13396,0.55459,0.44541,1.93564,2.46921,0.66667,1.51,3.43667,2.26667,1.99667
240.0,44.33333,94.0,0.47267,12.0,33.66667,0.36433,10.66667,12.66667,0.82333,13.66667,31.0,44.66667,26.0,8.0,5.33333,9.66667,16.0,111.33333,240.0,41.0,85.0,0.483,15.66667,37.0,0.41267,16.33333,19.0,0.84233,8.0,31.66667,39.66667,29.33333,6.0,5.66667,11.33333,14.66667,114.0,1,0.0217,-0.0217,0.26037,0.43045,0.57435,0.5363,0.63882,0.57598,1464.68902,1588.76416,0.68175,0.31825,1.47973,3.27985,0.33333,240.0,38.33333,83.33333,0.46267,8.66667,24.33333,0.34867,21.33333,26.33333,0.82133,9.33333,30.66667,40.0,19.33333,7.66667,4.0,12.0,18.0,106.66667,240.0,44.33333,89.66667,0.494,14.0,32.33333,0.43533,13.0,15.66667,0.85933,11.33333,32.66667,44.0,25.33333,5.66667,3.0,12.66667,20.33333,115.66667,1,0.10628,-0.10628,0.37478,0.28135,0.57137,0.51623,0.62022,0.602,1616.48913,1528.00481,0.4029,0.5971,2.94001,1.75702,0.66667,1.6,2.71667,3.55333,1.59333
240.0,42.0,87.66667,0.478,11.33333,28.33333,0.40067,16.33333,20.66667,0.783,8.33333,36.33333,44.66667,26.66667,9.0,7.0,16.0,18.66667,111.66667,240.0,43.33333,95.0,0.457,9.66667,27.33333,0.35167,13.66667,16.0,0.87533,10.33333,32.0,42.33333,22.0,8.0,6.33333,14.33333,20.66667,110.0,0,-0.00719,0.00719,0.28378,0.27044,0.50755,0.54255,0.55879,0.60353,1426.83323,1435.7074,0.50921,0.49079,2.03637,2.10013,0.66667,240.0,37.66667,82.33333,0.45767,12.0,34.66667,0.346,14.66667,17.66667,0.832,5.66667,28.0,33.66667,21.0,10.66667,4.33333,11.0,20.0,102.0,240.0,44.0,87.0,0.50433,12.0,32.0,0.37133,16.33333,21.33333,0.762,14.33333,37.0,51.33333,28.33333,7.33333,4.66667,14.66667,15.0,116.33333,0,0.18736,-0.18736,0.51945,0.15453,0.57344,0.53049,0.63356,0.59237,1600.60817,1510.20217,0.40091,0.59909,2.83372,1.73549,1.0,2.65667,1.70333,5.55,1.33333
240.0,43.66667,88.66667,0.49267,14.33333,31.66667,0.45367,17.66667,22.33333,0.824,8.33333,41.33333,49.66667,24.33333,8.66667,4.33333,10.0,17.66667,119.33333,240.0,38.66667,87.66667,0.43967,8.0,28.33333,0.297,15.0,18.0,0.83533,5.66667,34.66667,40.33333,17.33333,6.33333,5.66667,11.66667,18.33333,100.33333,1,-0.24833,0.24833,0.13821,0.23575,0.48548,0.57361,0.54577,0.63715,1490.41534,1617.37087,0.65573,0.34427,1.53026,2.94379,0.0,240.0,41.66667,82.0,0.509,13.33333,29.33333,0.42767,16.66667,24.0,0.66,5.66667,36.66667,42.33333,27.66667,9.66667,8.0,11.33333,19.66667,113.33333,240.0,38.0,87.33333,0.43267,10.0,28.0,0.356,14.66667,19.66667,0.74133,9.0,33.33333,42.33333,26.66667,6.33333,5.33333,14.33333,21.33333,100.66667,1,-0.17427,0.17427,0.24575,0.17487,0.48951,0.59144,0.54618,0.65094,1430.73073,1469.28028,0.54435,0.45565,1.86059,2.22916,0.33333,1.62333,2.46667,1.62667,2.6
240.0,40.0,89.66667,0.44633,15.0,38.0,0.40467,17.66667,21.33333,0.84867,7.33333,35.0,42.33333,26.0,8.33333,4.33333,12.0,20.0,112.66667,240.0,43.0,89.33333,0.483,12.33333,32.0,0.37367,20.0,23.66667,0.841,9.0,39.0,48.0,25.66667,8.0,5.0,12.66667,17.33333,118.33333,0,0.06039,-0.06039,0.25059,0.19242,0.55209,0.53019,0.6276,0.59851,1467.82388,1496.79045,0.55527,0.44473,1.81547,2.28091,0.66667,248.33333,42.33333,93.66667,0.45367,15.66667,42.66667,0.364,14.33333,16.0,0.89467,10.33333,32.66667,43.0,26.66667,5.33333,7.66667,10.0,18.0,114.66667,248.33333,40.66667,89.0,0.46033,12.66667,35.66667,0.35833,15.33333,17.66667,0.877,11.66667,35.0,46.66667,28.0,4.33333,6.0,12.66667,16.66667,109.33333,0,-0.07094,0.07094,0.35547,0.29288,0.53247,0.53723,0.59292,0.59119,1482.14064,1555.49727,0.59672,0.40328,1.70655,2.60074,0.0,3.06667,1.43,1.95333,1.99
240.0,42.0,88.0,0.48033,12.0,30.0,0.378,11.66667,17.66667,0.67467,8.0,35.66667,43.66667,27.0,6.66667,4.66667,14.33333,19.0,107.66667,240.0,44.33333,93.66667,0.47333,10.33333,31.0,0.33767,14.0,18.66667,0.747,9.0,35.0,44.0,25.0,10.0,5.66667,12.33333,18.0,113.0,1,0.08398,-0.08398,0.25846,0.22282,0.5285,0.54856,0.57755,0.58856,1436.54437,1381.62221,0.42872,0.57128,2.38832,1.77017,0.66667,240.0,44.66667,84.66667,0.528,11.0,29.66667,0.36067,15.33333,19.0,0.79433,7.33333,34.0,41.33333,29.66667,7.0,4.0,14.33333,18.0,115.66667,240.0,43.66667,89.0,0.491,14.33333,35.33333,0.40833,13.66667,17.33333,0.821,9.0,29.0,38.0,28.33333,7.33333,5.66667,12.33333,18.0,115.33333,1,-0.00063,0.00063,0.27022,0.25386,0.57129,0.59252,0.62205,0.6502,1465.45972,1544.14119,0.60465,0.39535,1.67788,2.62607,0.66667,2.1,2.03333,1.71333,2.41667
240.0,40.0,88.33333,0.453,13.0,33.0,0.39267,14.0,19.66667,0.70733,9.0,37.0,46.0,20.33333,9.33333,3.66667,9.33333,16.0,107.0,240.0,37.33333,82.0,0.45567,10.0,26.33333,0.369,12.33333,14.66667,0.84033,4.66667,36.0,40.66667,17.33333,5.66667,6.33333,13.66667,18.0,97.0,1,-0.12489,0.12489,0.13575,0.24722,0.5175,0.52669,0.57005,0.57583,1495.69817,1588.76454,0.63274,0.36726,1.58113,2.72641,0.33333,240.0,45.0,93.33333,0.48267,10.66667,30.66667,0.34633,20.66667,27.66667,0.75033,12.66667,35.0,47.66667,28.33333,10.66667,3.33333,14.0,15.0,121.33333,240.0,43.66667,87.66667,0.49533,11.0,30.33333,0.36767,13.33333,18.0,0.74133,7.33333,31.33333,38.66667,27.0,9.33333,8.33333,15.66667,22.0,111.66667,1,-0.13724,0.13724,0.21788,0.42162,0.558,0.5399,0.60606,0.6102,1498.18483,1441.40842,0.39042,0.60958,2.65235,1.66005,0.33333,1.65333,2.4,2.1,1.87667
240.0,38.0,83.33333,0.45567,14.0,32.0,0.423,13.66667,20.66667,0.662,10.33333,36.33333,46.66667,23.66667,9.0,5.33333,18.66667,18.0,103.66667,240.0,37.66667,87.33333,0.43233,9.66667,32.0,0.31267,14.66667,18.33333,0.813,11.33333,32.0,43.33333,21.33333,10.33333,4.0,15.0,20.0,99.66667,0,-0.04662,0.04662,0.32862,0.33428,0.48786,0.53909,0.54647,0.58941,1514.56091,1567.69748,0.57426,0.42574,1.79583,2.4656,0.33333,240.0,39.0,80.0,0.48667,14.0,36.33333,0.381,19.33333,23.33333,0.82333,8.66667,32.33333,41.0,26.0,8.33333,3.0,16.0,18.0,111.33333,240.0,42.33333,82.0,0.51667,13.66667,36.66667,0.374,16.0,21.33333,0.73133,5.33333,31.0,36.33333,33.0,8.33333,4.33333,11.33333,19.33333,114.33333,0,0.04341,-0.04341,0.16417,0.28265,0.59959,0.57328,0.65948,0.65314,1493.22088,1449.62967,0.44131,0.55869,2.38299,1.83536,0.66667,3.35667,1.55,4.25,1.4
248.33333,47.0,89.0,0.529,16.0,37.0,0.43567,18.0,25.0,0.74167,10.0,36.33333,46.33333,31.0,7.66667,4.33333,13.66667,19.0,128.0,248.33333,44.66667,93.0,0.484,12.33333,31.0,0.39633,17.66667,22.0,0.78567,9.66667,32.0,41.66667,28.0,7.0,4.66667,10.33333,20.0,119.33333,1,-0.10534,0.10534,0.26709,0.31551,0.55086,0.61937,0.61239,0.67886,1519.96712,1535.79202,0.49989,0.50011,2.01728,2.01438,0.33333,240.0,43.66667,91.33333,0.47833,11.33333,28.0,0.40533,9.66667,12.33333,0.80233,9.66667,32.66667,42.33333,28.33333,6.33333,6.66667,7.33333,16.0,108.33333,240.0,40.33333,82.33333,0.49133,11.0,29.0,0.36967,13.33333,17.66667,0.77833,7.66667,34.0,41.66667,24.33333,5.66667,4.33333,12.0,13.0,105.0,1,-0.04849,0.04849,0.23326,0.28481,0.55737,0.54037,0.60936,0.57608,1485.51167,1433.48949,0.42474,0.57526,2.60368,1.887,0.33333,2.20333,1.81,3.62,1.56
240.0,41.0,87.33333,0.46867,15.66667,41.33333,0.37833,21.33333,28.0,0.764,10.0,37.0,47.0,21.66667,8.66667,6.0,12.66667,19.66667,119.0,240.0,42.0,88.33333,0.47833,11.33333,29.0,0.37333,17.33333,21.33333,0.83067,8.0,33.0,41.0,25.0,6.66667,3.0,12.0,23.0,112.66667,1,-0.09083,0.09083,0.22009,0.30423,0.54438,0.55805,0.60875,0.63977,1470.8922,1661.53874,0.74275,0.25725,1.35371,4.11886,0.33333,248.33333,40.66667,90.33333,0.45,15.0,39.0,0.38967,18.66667,25.33333,0.72367,6.66667,37.33333,44.0,28.33333,8.0,6.33333,12.0,19.66667,115.0,248.33333,43.66667,96.33333,0.451,10.0,31.0,0.32133,18.0,22.33333,0.78267,13.0,40.33333,53.33333,29.0,8.66667,5.66667,14.0,19.66667,115.33333,1,0.00118,-0.00118,0.34595,0.16676,0.50285,0.53309,0.56958,0.6001,1489.9972,1508.46213,0.52666,0.47334,1.89995,2.11424,0.66667,1.29333,4.55,3.06667,1.43
240.0,36.33333,83.66667,0.43333,11.66667,36.33333,0.31867,14.0,21.66667,0.65567,9.66667,33.0,42.66667,24.0,7.0,4.0,11.0,16.33333,98.33333,240.0,35.33333,81.33333,0.43567,13.0,38.66667,0.33133,11.33333,17.0,0.668,7.66667,36.0,43.66667,22.66667,5.66667,5.66667,14.0,19.33333,95.0,1,-0.05626,0.05626,0.23165,0.26969,0.51577,0.5029,0.55963,0.55567,1504.39334,1486.27206,0.46603,0.53397,2.1541,1.87871,0.33333,240.0,38.66667,86.0,0.44767,9.66667,33.0,0.29633,18.0,23.66667,0.77233,8.33333,36.33333,44.66667,22.33333,6.66667,5.66667,16.0,20.66667,105.0,240.0,43.33333,97.66667,0.444,18.0,43.0,0.424,15.33333,20.0,0.76833,14.0,36.0,50.0,20.66667,9.66667,4.66667,12.33333,18.66667,120.0,1,0.20718,-0.20718,0.40218,0.22494,0.53541,0.5037,0.58837,0.5742,1496.47751,1469.99862,0.46827,0.53173,2.26252,1.98287,0.66667,1.67667,2.3,5.05667,1.51
240.0,40.33333,91.66667,0.443,12.66667,37.66667,0.33767,17.0,23.33333,0.743,11.0,31.66667,42.66667,22.33333,10.66667,6.66667,15.33333,20.0,110.33333,240.0,42.66667,85.33333,0.5,13.0,31.0,0.423,16.33333,20.33333,0.794,7.33333,38.33333,45.66667,29.66667,8.0,4.66667,18.0,22.33333,114.66667,0,0.06005,-0.06005,0.23856,0.27729,0.57615,0.51307,0.63852,0.57356,1599.55903,1355.47845,0.19942,0.80058,5.06137,1.24987,0.66667,248.33333,38.66667,89.66667,0.431,15.33333,41.66667,0.37667,20.66667,27.66667,0.73633,7.66667,37.33333,45.0,24.66667,7.0,6.0,12.33333,21.33333,113.33333,248.33333,44.66667,98.33333,0.452,9.0,28.33333,0.31133,18.33333,23.0,0.77367,13.66667,39.66667,53.33333,28.66667,8.66667,5.0,11.0,20.66667,116.66667,0,0.04069,-0.04069,0.365,0.19945,0.49703,0.51673,0.56347,0.59227,1492.4053,1569.37867,0.609,0.391,1.68606,2.80212,0.66667,6.0,1.14,2.44333,1.95667
240.0,45.0,88.66667,0.50933,14.0,33.66667,0.41567,15.0,18.66667,0.78733,8.33333,34.66667,43.0,25.66667,7.33333,6.0,11.33333,17.33333,119.0,240.0,43.66667,93.66667,0.46633,8.0,23.33333,0.33,18.0,23.66667,0.77267,12.0,32.66667,44.66667,23.33333,9.0,3.33333,9.66667,15.33333,113.33333,0,-0.06684,0.06684,0.35252,0.25259,0.5096,0.58901,0.5737,0.64358,1446.79443,1430.86014,0.46001,0.53999,2.21071,1.87658,0.33333,240.0,42.0,87.0,0.48133,15.33333,35.33333,0.442,11.0,14.33333,0.77367,8.0,35.0,43.0,25.0,6.33333,7.33333,15.66667,20.66667,110.33333,240.0,37.0,91.66667,0.40567,12.33333,39.33333,0.31267,19.0,23.66667,0.80667,11.0,32.33333,43.33333,27.0,9.66667,5.66667,10.66667,14.0,105.33333,0,-0.05743,0.05743,0.31243,0.25119,0.47381,0.56899,0.54677,0.61031,1344.08437,1409.65692,0.57681,0.42319,1.79086,2.57473,0.66667,1.98667,2.00667,2.23333,1.83667
240.0,39.0,90.33333,0.432,11.33333,34.0,0.32333,24.0,34.0,0.70767,16.33333,31.66667,48.0,24.33333,9.33333,6.0,14.33333,18.66667,113.33333,240.0,45.33333,89.66667,0.505,18.33333,37.33333,0.50267,16.66667,22.66667,0.736,9.66667,35.33333,45.0,28.66667,6.66667,5.66667,15.0,26.0,125.66667,1,0.14678,-0.14678,0.32286,0.46532,0.60727,0.49422,0.66333,0.57915,1496.37936,1490.22313,0.50916,0.49084,2.09711,2.26592,0.66667,240.0,47.33333,89.66667,0.53,15.0,33.0,0.45633,13.0,17.0,0.76133,9.0,38.66667,47.66667,27.33333,9.66667,8.66667,14.0,18.0,122.66667,240.0,38.0,87.33333,0.435,9.66667,29.0,0.31667,19.0,23.33333,0.81133,7.0,30.0,37.0,25.0,9.66667,4.0,14.33333,16.0,104.66667,1,-0.23007,0.23007,0.18511,0.29272,0.49204,0.61418,0.56728,0.65957,1366.80113,1503.55705,0.65768,0.34232,1.55948,3.28282,0.0,2.76667,1.74,1.65333,3.10333
240.0,39.33333,89.0,0.442,16.33333,38.0,0.432,14.66667,19.33333,0.78767,13.0,32.66667,45.66667,22.66667,7.33333,5.0,15.33333,17.33333,109.66667,240.0,43.66667,87.0,0.50233,14.33333,36.66667,0.394,16.66667,22.0,0.75767,8.33333,32.0,40.33333,27.33333,10.0,5.33333,12.66667,19.0,118.33333,0,0.0988,-0.0988,0.25137,0.41265,0.58491,0.53415,0.64526,0.58867,1451.36984,1393.02181,0.43679,0.56321,2.99379,1.9358,0.33333,240.0,46.66667,87.66667,0.532,13.33333,35.33333,0.374,18.33333,22.0,0.841,7.33333,42.33333,49.66667,24.33333,5.33333,3.33333,11.0,17.33333,125.0,240.0,35.33333,92.66667,0.382,16.33333,50.0,0.318,17.33333,21.33333,0.80967,11.66667,29.0,40.66667,20.33333,7.33333,3.66667,9.0,18.33333,104.33333,0,-0.26399,0.26399,0.2795,0.2603,0.46928,0.60856,0.53587,0.67613,1490.48935,1561.521,0.57567,0.42433,1.75256,2.39055,0.0,4.9,1.36667,1.88,2.03667
240.0,38.0,84.33333,0.451,11.66667,28.66667,0.407,17.66667,22.0,0.789,8.0,36.33333,44.33333,25.33333,8.0,6.0,15.66667,17.66667,105.33333,240.0,42.66667,92.0,0.46367,11.0,29.0,0.38367,11.0,13.0,0.86633,8.33333,32.66667,41.0,23.33333,7.0,5.66667,13.66667,19.66667,107.33333,1,0.03053,-0.03053,0.22973,0.25005,0.52284,0.52036,0.56529,0.59074,1421.57182,1437.09884,0.52481,0.47519,1.99334,2.19928,0.66667,240.0,43.33333,94.0,0.45933,14.66667,42.66667,0.34267,12.33333,15.66667,0.776,8.33333,35.0,43.33333,24.33333,11.33333,4.66667,9.0,21.66667,113.66667,240.0,37.0,83.33333,0.444,11.33333,32.33333,0.353,19.0,28.33333,0.67033,13.0,40.66667,53.66667,17.33333,5.66667,4.66667,16.66667,14.0,104.33333,1,-0.1223,0.1223,0.40079,0.20726,0.51183,0.53773,0.58199,0.58268,1384.34602,1510.52301,0.66553,0.33447,1.50306,2.9938,0.33333,2.8,1.52667,1.27667,4.3
248.33333,38.0,84.33333,0.45767,10.66667,33.66667,0.312,25.66667,30.0,0.85533,12.0,29.0,41.0,22.0,10.66667,3.66667,13.0,19.0,112.33333,248.33333,39.66667,82.66667,0.48133,16.0,37.66667,0.43433,18.0,22.66667,0.81033,10.0,31.66667,41.66667,23.33333,6.33333,2.33333,16.0,23.33333,113.33333,1,0.01416,-0.01416,0.34878,0.37044,0.5785,0.52047,0.64806,0.62445,1488.93881,1646.33555,0.69943,0.30057,1.49091,4.17173,0.33333,240.0,45.0,92.33333,0.48733,16.66667,44.66667,0.373,12.33333,14.0,0.85867,10.66667,34.66667,45.33333,31.33333,7.66667,8.0,14.0,18.66667,119.0,240.0,39.66667,92.0,0.43067,14.66667,40.33333,0.36567,16.0,22.0,0.714,13.66667,33.33333,47.0,23.66667,9.33333,3.66667,16.33333,11.0,110.0,1,-0.11195,0.11195,0.39699,0.31794,0.51038,0.57769,0.56692,0.62331,1595.09206,1521.44525,0.37998,0.62002,2.6498,1.61696,0.0,1.82667,4.34,2.53333,1.87333
240.0,42.66667,88.0,0.48567,14.66667,34.66667,0.42567,19.33333,23.66667,0.80767,9.66667,35.66667,45.33333,24.0,8.33333,9.0,12.33333,21.0,119.33333,240.0,40.33333,89.33333,0.45167,11.66667,32.0,0.37,15.33333,22.33333,0.66433,9.33333,31.0,40.33333,25.0,5.66667,6.0,13.33333,21.33333,107.66667,0,-0.14982,0.14982,0.26454,0.31077,0.51715,0.57067,0.57169,0.64269,1436.60473,1495.97687,0.56945,0.43055,1.77407,2.36296,0.0,240.0,36.33333,84.33333,0.43133,8.33333,21.66667,0.37267,15.66667,19.66667,0.78133,9.66667,31.66667,41.33333,22.33333,8.33333,6.0,13.0,13.33333,96.66667,240.0,37.66667,86.66667,0.435,12.0,33.0,0.37267,10.66667,11.66667,0.92133,12.66667,35.0,47.66667,21.66667,6.33333,4.33333,14.33333,21.66667,98.0,0,0.023,-0.023,0.4035,0.27487,0.50396,0.4819,0.54944,0.5461,1619.63103,1520.4331,0.37546,0.62454,3.05932,1.65483,0.33333,1.41333,3.66667,4.53333,1.36
240.0,43.66667,88.33333,0.495,11.66667,28.33333,0.40567,18.0,24.0,0.75333,11.33333,31.66667,43.0,25.33333,7.33333,6.33333,12.0,21.66667,117.0,240.0,40.66667,87.33333,0.465,10.66667,30.66667,0.34233,18.33333,24.0,0.79933,11.66667,33.33333,45.0,20.33333,6.33333,3.33333,13.0,19.0,110.33333,1,-0.08947,0.08947,0.37247,0.34698,0.52486,0.56091,0.59471,0.62588,1468.46786,1469.37738,0.49056,0.50944,2.13045,2.05379,0.33333,240.0,39.33333,82.33333,0.47833,13.33333,38.66667,0.359,14.66667,19.0,0.77167,8.0,31.66667,39.66667,26.0,9.66667,3.0,17.33333,17.0,106.66667,240.0,43.66667,87.33333,0.5,17.33333,41.66667,0.41133,13.33333,16.66667,0.804,10.33333,32.66667,43.0,30.33333,11.33333,3.0,14.33333,18.0,118.0,1,0.15663,-0.15663,0.32875,0.24769,0.59797,0.55913,0.64815,0.61686,1656.57961,1406.63952,0.20543,0.79457,5.32939,1.26724,1.0,1.97333,2.53333,5.48333,1.27667
240.0,41.66667,90.33333,0.46267,12.33333,33.33333,0.37767,25.0,29.0,0.86467,11.0,35.0,46.0,23.0,7.33333,7.66667,9.33333,22.33333,120.66667,240.0,41.66667,87.33333,0.47667,13.0,36.66667,0.352,20.66667,26.66667,0.76567,8.33333,34.66667,43.0,23.33333,5.0,6.0,11.66667,23.33333,117.0,0,-0.05302,0.05302,0.24112,0.3125,0.55097,0.5325,0.62632,0.62746,1518.89211,1496.59361,0.46738,0.53262,2.26259,1.94603,0.33333,240.0,34.66667,86.33333,0.4,5.33333,28.33333,0.181,16.0,21.33333,0.732,7.33333,32.66667,40.0,18.0,5.0,4.0,8.66667,17.0,90.66667,240.0,42.0,84.33333,0.495,19.33333,44.0,0.43233,18.0,20.66667,0.84633,7.33333,42.0,49.33333,26.33333,7.33333,5.33333,11.0,19.0,121.33333,0,0.42886,-0.42886,0.22484,0.17631,0.60852,0.43112,0.68123,0.49663,1692.66579,1409.41997,0.17231,0.82769,6.06111,1.21078,1.0,2.00333,2.39333,9.5,1.07667
240.0,47.66667,99.33333,0.48233,13.66667,37.33333,0.367,16.0,18.66667,0.86533,13.33333,34.66667,48.0,28.66667,9.33333,6.33333,13.33333,17.0,125.0,240.0,47.66667,102.0,0.46867,10.66667,32.0,0.325,16.66667,21.66667,0.76467,16.66667,34.33333,51.0,23.66667,9.33333,6.0,13.66667,16.0,122.66667,0,-0.0228,0.0228,0.46961,0.41204,0.52376,0.55166,0.57961,0.60685,1525.8606,1495.68643,0.45835,0.54165,2.68674,2.18057,0.33333,240.0,45.0,90.0,0.5,15.33333,38.66667,0.397,14.33333,17.33333,0.83067,11.0,36.66667,47.66667,26.66667,6.33333,2.33333,11.66667,16.66667,119.66667,240.0,43.66667,90.33333,0.48633,10.33333,29.66667,0.34267,16.33333,19.0,0.86267,8.33333,32.33333,40.66667,24.66667,5.66667,3.66667,9.0,16.0,114.0,0,-0.06665,0.06665,0.22401,0.34501,0.54371,0.58519,0.60659,0.63783,1553.44417,1546.78971,0.47422,0.52578,2.14264,1.93143,0.33333,3.08,1.76667,1.86667,2.08667
240.0,40.66667,82.33333,0.495,14.66667,30.33333,0.48267,16.66667,22.0,0.755,6.33333,35.66667,42.0,25.0,8.66667,7.0,11.66667,20.33333,112.66667,240.0,35.66667,87.0,0.40833,11.0,33.33333,0.328,16.66667,21.66667,0.77033,10.66667,32.0,42.66667,24.0,6.33333,6.0,12.0,16.0,99.0,0,-0.1954,0.1954,0.2982,0.19956,0.47122,0.58458,0.53713,0.64709,1442.96103,1516.76287,0.58789,0.41211,1.77886,2.65814,0.66667,240.0,34.33333,79.66667,0.432,10.33333,30.33333,0.34367,19.0,28.33333,0.653,9.33333,30.66667,40.0,21.66667,6.66667,3.33333,14.0,15.33333,98.0,240.0,40.66667,84.0,0.48367,17.33333,43.0,0.40533,11.33333,13.66667,0.819,9.33333,32.66667,42.0,27.66667,8.33333,6.0,13.0,21.33333,110.0,0,0.16633,-0.16633,0.29812,0.28892,0.58663,0.49663,0.63382,0.57173,1539.85958,1472.61626,0.42312,0.57688,2.57565,1.80731,0.66667,2.11333,2.00667,4.38667,1.42333
240.0,42.66667,89.33333,0.47633,13.0,32.33333,0.40133,17.33333,21.66667,0.81833,10.33333,36.66667,47.0,26.0,4.66667,3.66667,11.0,22.0,115.66667,240.0,35.33333,79.33333,0.44933,10.66667,34.0,0.328,26.33333,36.66667,0.71667,8.0,32.0,40.0,21.33333,7.66667,6.33333,10.66667,20.33333,107.66667,0,-0.1035,0.1035,0.21493,0.33423,0.5165,0.54959,0.62005,0.61435,1416.79325,1559.87229,0.68903,0.31097,1.46316,3.37887,0.33333,240.0,39.33333,84.0,0.46733,12.66667,34.0,0.37033,20.0,26.0,0.76367,6.66667,32.66667,39.33333,25.0,5.66667,5.66667,9.66667,22.66667,111.33333,240.0,42.0,85.33333,0.49333,10.33333,28.33333,0.38067,22.66667,31.33333,0.71967,11.0,37.0,48.0,24.33333,6.0,5.33333,10.66667,21.66667,117.0,0,0.06447,-0.06447,0.32909,0.18787,0.55434,0.54252,0.63598,0.62109,1600.50557,1417.49372,0.25734,0.74266,4.21167,1.35906,0.66667,1.47,3.01667,4.6,1.38333
240.0,38.66667,92.33333,0.41967,11.66667,37.66667,0.31867,19.66667,23.66667,0.83033,10.66667,31.66667,42.33333,19.66667,5.33333,5.33333,8.0,18.33333,108.66667,240.0,44.66667,93.0,0.48133,11.66667,35.33333,0.32667,19.33333,22.33333,0.874,12.0,39.66667,51.66667,25.0,5.33333,5.66667,9.33333,17.66667,120.33333,0,0.14266,-0.14266,0.38518,0.27056,0.54435,0.48266,0.61506,0.55755,1602.96899,1489.76517,0.365,0.635,3.02396,1.63625,0.66667,240.0,36.33333,80.66667,0.45133,15.33333,38.0,0.40633,15.0,17.66667,0.84533,8.0,34.0,42.0,26.0,8.33333,3.33333,12.33333,13.33333,103.0,240.0,35.66667,82.33333,0.434,13.33333,40.66667,0.32333,10.0,14.66667,0.67467,9.33333,31.0,40.33333,24.33333,6.0,4.33333,13.33333,16.66667,94.66667,0,-0.12324,0.12324,0.27988,0.26087,0.51473,0.54604,0.55399,0.60988,1478.64076,1503.98222,0.52483,0.47517,2.04009,2.23161,0.0,2.63333,1.56,2.12667,1.78667
240.0,44.0,89.0,0.495,13.0,32.0,0.406,13.33333,15.33333,0.868,11.33333,36.66667,48.0,29.33333,6.66667,3.0,16.33333,15.0,114.33333,240.0,42.33333,89.66667,0.475,9.0,30.33333,0.29433,16.33333,20.33333,0.798,9.0,29.33333,38.33333,21.33333,10.66667,6.66667,11.0,17.0,110.0,0,-0.05961,0.05961,0.24831,0.40288,0.52461,0.56802,0.58614,0.61961,1511.84764,1494.47631,0.46232,0.53768,2.17577,1.86838,0.33333,240.0,42.66667,87.33333,0.48733,12.66667,32.66667,0.39667,14.0,18.0,0.78133,9.0,32.33333,41.33333,25.33333,7.66667,7.0,14.0,20.33333,112.0,240.0,36.66667,87.66667,0.41867,13.0,37.33333,0.35,22.0,26.66667,0.82533,11.33333,32.33333,43.66667,24.33333,9.0,6.0,12.33333,15.0,108.33333,0,-0.04183,0.04183,0.35201,0.27897,0.49259,0.55944,0.57883,0.61237,1340.33854,1432.75981,0.62006,0.37994,1.65561,2.81326,0.66667,1.84667,2.12,1.93667,2.12333
240.0,33.66667,80.33333,0.42067,8.66667,30.33333,0.29167,15.33333,21.33333,0.70567,6.0,31.0,37.0,20.66667,7.66667,3.66667,10.66667,15.33333,91.33333,240.0,41.0,81.33333,0.50433,13.66667,36.33333,0.36367,14.0,17.66667,0.78733,6.66667,38.66667,45.33333,26.66667,5.33333,5.66667,13.66667,18.0,109.66667,1,0.2735,-0.2735,0.21314,0.15705,0.58786,0.47538,0.64297,0.53961,1538.15407,1361.30375,0.28935,0.71065,4.27702,1.44318,1.0,265.0,47.0,95.33333,0.49233,12.0,29.33333,0.42333,20.33333,23.66667,0.86267,10.66667,37.33333,48.0,25.66667,6.66667,6.66667,12.33333,21.33333,126.33333,265.0,46.66667,100.33333,0.46567,11.0,31.66667,0.35167,23.0,30.0,0.76667,14.33333,34.33333,48.66667,23.66667,7.66667,4.66667,11.0,20.0,127.33333,1,0.02015,-0.02015,0.40567,0.31786,0.52055,0.55524,0.59659,0.62725,1489.17636,1495.99842,0.51294,0.48706,1.97003,2.07563,0.33333,7.91667,1.13333,2.45,1.65333
240.0,39.66667,89.0,0.44533,15.66667,31.66667,0.49433,14.0,17.0,0.82567,7.0,35.66667,42.66667,21.66667,6.66667,4.33333,10.66667,21.0,109.0,240.0,39.33333,88.66667,0.44367,10.33333,33.33333,0.30067,18.0,23.33333,0.76733,12.0,37.0,49.0,24.66667,5.0,6.0,12.0,13.33333,107.0,1,-0.02522,0.02522,0.3398,0.18573,0.50177,0.53322,0.57004,0.58762,1527.89921,1524.5872,0.48894,0.51106,2.06794,1.97884,0.66667,240.0,40.66667,87.66667,0.47,10.66667,28.33333,0.37733,19.0,25.33333,0.76267,10.0,34.33333,44.33333,20.0,9.0,4.0,10.66667,20.0,111.0,240.0,41.0,91.33333,0.448,13.0,41.0,0.31267,14.33333,17.66667,0.81833,12.33333,34.0,46.33333,21.33333,6.0,4.66667,12.66667,20.0,109.33333,1,-0.025,0.025,0.3577,0.29917,0.51823,0.53095,0.57307,0.60144,1547.53952,1554.91354,0.50702,0.49298,2.05501,2.09728,0.33333,2.48333,1.61,2.32,1.84667
240.0,42.33333,90.66667,0.468,13.66667,32.0,0.44867,10.0,13.0,0.75367,11.66667,28.33333,40.0,27.0,6.0,4.66667,10.66667,17.0,108.33333,240.0,39.66667,84.0,0.47267,15.33333,37.0,0.40267,17.66667,19.66667,0.896,9.33333,33.0,42.33333,26.0,5.33333,6.0,10.33333,17.0,112.33333,0,0.03783,-0.03783,0.32323,0.3486,0.56265,0.54406,0.63464,0.58086,1538.38426,1589.03533,0.58564,0.41436,1.74586,2.51185,0.33333,240.0,42.66667,87.66667,0.487,10.66667,29.33333,0.35067,17.33333,22.0,0.78533,10.0,34.0,44.0,26.66667,7.0,2.0,16.66667,15.33333,113.33333,240.0,45.33333,91.66667,0.49433,13.33333,37.0,0.36033,14.0,18.0,0.78733,9.66667,33.0,42.66667,28.66667,11.33333,4.33333,13.33333,19.0,118.0,0,0.05653,-0.05653,0.28547,0.29815,0.56703,0.54801,0.61682,0.61307,1457.74127,1440.75379,0.48368,0.51632,2.26036,2.18219,0.66667,1.87,2.00667,2.67,1.68333
240.0,33.66667,89.0,0.37767,12.33333,35.33333,0.34733,15.0,21.66667,0.68233,12.66667,32.0,44.66667,16.33333,6.0,3.33333,16.66667,20.33333,94.66667,240.0,47.0,93.33333,0.503,17.33333,42.0,0.41733,15.0,18.33333,0.81533,10.66667,38.66667,49.33333,28.33333,10.33333,7.0,10.33333,18.66667,126.33333,0,0.41054,-0.41054,0.32589,0.32732,0.59577,0.44663,0.64904,0.50444,1620.04018,1362.12089,0.21211,0.78789,5.9011,1.29102,1.0,240.0,40.0,85.66667,0.471,10.33333,29.0,0.33033,15.0,22.33333,0.654,8.66667,35.0,43.66667,22.0,8.66667,6.33333,10.66667,19.66667,105.33333,240.0,37.0,87.0,0.42267,9.33333,27.0,0.34233,16.33333,21.33333,0.76367,11.0,34.66667,45.66667,22.66667,5.66667,4.33333,14.33333,19.66667,99.66667,0,-0.08533,0.08533,0.31528,0.25321,0.47585,0.53335,0.5404,0.58607,1433.78622,1519.67661,0.61257,0.38743,1.70904,2.96467,0.33333,9.75,1.07,1.76667,2.11667
240.0,38.33333,82.33333,0.46667,12.33333,37.66667,0.32733,17.33333,25.66667,0.67567,9.33333,28.0,37.33333,25.33333,4.66667,5.0,13.0,15.66667,106.33333,240.0,46.0,88.66667,0.519,16.33333,38.0,0.43,13.0,14.66667,0.86533,9.0,35.33333,44.33333,30.33333,8.33333,4.66667,11.0,22.33333,121.33333,0,0.19044,-0.19044,0.3282,0.26372,0.61128,0.54183,0.66046,0.60574,1579.40402,1350.68116,0.2269,0.7731,4.68388,1.29898,1.0,240.0,43.66667,86.33333,0.50633,8.33333,25.0,0.317,15.33333,19.0,0.79433,8.33333,33.66667,42.0,29.33333,7.0,2.66667,17.0,15.66667,111.0,240.0,44.33333,92.0,0.48167,14.0,38.0,0.36733,12.33333,15.66667,0.81267,10.0,30.66667,40.66667,27.66667,10.0,5.33333,12.66667,17.33333,115.0,0,0.05251,-0.05251,0.29925,0.26973,0.55755,0.55459,0.60212,0.61317,1461.15521,1486.94856,0.54111,0.45889,1.94679,2.36738,0.66667,7.0,1.11333,2.15333,1.84333
240.0,42.0,85.33333,0.491,14.33333,38.33333,0.37333,14.66667,21.0,0.723,8.66667,28.66667,37.33333,25.66667,6.0,5.33333,12.33333,18.66667,113.0,240.0,42.0,87.66667,0.47867,14.33333,39.0,0.367,16.66667,19.66667,0.84533,11.0,34.0,45.0,28.66667,7.66667,5.33333,11.66667,19.33333,115.0,0,0.03082,-0.03082,0.38975,0.25719,0.56014,0.57488,0.62496,0.62813,1475.85758,1356.79586,0.33964,0.66036,3.22139,1.56306,0.66667,240.0,35.0,81.0,0.43633,8.0,27.66667,0.28667,23.66667,29.0,0.807,10.0,30.0,40.0,18.0,6.33333,6.0,13.0,17.0,101.66667,240.0,43.0,86.33333,0.498,16.0,35.33333,0.45867,14.66667,17.0,0.87967,10.0,34.33333,44.33333,24.33333,6.66667,3.33333,12.0,23.66667,116.66667,0,0.20172,-0.20172,0.33897,0.29511,0.59067,0.485,0.64626,0.58411,1636.48891,1566.571,0.43162,0.56838,2.40223,1.79304,1.0,5.76667,1.26,3.81667,1.34
240.0,39.66667,85.0,0.468,13.66667,35.33333,0.38133,14.0,19.66667,0.67067,7.33333,39.33333,46.66667,18.66667,6.33333,3.33333,11.0,17.33333,107.0,240.0,35.33333,89.66667,0.394,9.33333,36.66667,0.25,13.66667,16.0,0.87533,8.66667,32.33333,41.0,16.66667,7.33333,2.66667,11.33333,19.0,93.66667,0,-0.19787,0.19787,0.22148,0.22017,0.44547,0.55032,0.50125,0.60188,1469.15606,1535.189,0.57544,0.42456,1.77744,2.48778,0.0,240.0,44.0,87.33333,0.505,15.0,35.0,0.42433,22.0,30.0,0.736,9.66667,36.66667,46.33333,28.66667,10.33333,5.33333,14.0,22.33333,125.0,240.0,41.33333,87.33333,0.477,14.66667,38.33333,0.39233,21.0,26.33333,0.79667,8.0,34.66667,42.66667,27.0,6.0,3.66667,15.66667,22.33333,118.33333,0,-0.08123,0.08123,0.21402,0.27027,0.56217,0.59054,0.63996,0.66636,1351.02621,1549.2612,0.74305,0.25695,1.3603,4.41034,0.0,1.65,2.49333,1.33333,4.98333
240.0,42.33333,97.0,0.43833,14.66667,42.33333,0.35533,16.0,21.0,0.78867,10.33333,31.66667,42.0,28.33333,9.33333,6.33333,10.0,17.0,115.33333,240.0,49.0,96.0,0.51033,14.0,31.0,0.45667,10.0,15.66667,0.635,11.66667,42.0,53.66667,27.33333,4.0,5.66667,16.0,19.33333,122.0,1,0.0619,-0.0619,0.36418,0.25265,0.58339,0.51627,0.61322,0.57158,1510.95206,1524.83382,0.52668,0.47332,1.97948,2.25405,0.66667,256.66667,45.33333,92.0,0.49467,14.0,31.66667,0.452,19.33333,23.33333,0.83433,8.33333,37.33333,45.66667,26.33333,6.33333,6.66667,10.0,19.0,124.0,256.66667,46.33333,98.33333,0.47233,11.0,31.0,0.36,17.66667,24.0,0.74733,12.33333,34.66667,47.0,24.33333,7.33333,4.0,9.0,19.0,121.33333,1,-0.02493,0.02493,0.34506,0.23288,0.52847,0.57179,0.58703,0.64074,1488.0611,1474.39307,0.46977,0.53023,2.17904,1.9259,0.33333,2.15333,2.27333,2.11667,1.76333
240.0,43.66667,90.33333,0.483,13.0,31.0,0.41667,14.0,19.0,0.744,9.66667,35.0,44.66667,26.33333,7.33333,7.0,11.33333,20.66667,114.33333,240.0,37.66667,86.0,0.43867,8.33333,25.66667,0.313,16.0,24.33333,0.63433,13.0,35.66667,48.66667,18.33333,7.0,3.0,13.66667,16.66667,99.66667,1,-0.20966,0.20966,0.37614,0.26928,0.48668,0.55513,0.54578,0.60476,1497.16049,1480.58793,0.45078,0.54922,2.55018,1.96871,0.33333,240.0,46.66667,91.33333,0.51133,12.33333,29.66667,0.415,19.66667,24.33333,0.81867,11.0,38.0,49.0,30.66667,8.66667,4.0,15.33333,16.33333,125.33333,240.0,45.66667,92.33333,0.49367,10.66667,32.66667,0.34167,15.66667,19.0,0.821,7.33333,29.33333,36.66667,22.0,10.0,8.0,13.0,20.66667,117.66667,1,-0.10351,0.10351,0.1984,0.38821,0.55161,0.57911,0.60854,0.64816,1493.69516,1497.63594,0.48557,0.51443,2.3337,2.22291,0.33333,3.19,2.44,1.74,2.16667
240.0,35.33333,79.33333,0.44567,12.33333,32.66667,0.36567,17.0,22.33333,0.75533,9.33333,32.33333,41.66667,23.66667,8.66667,5.66667,20.33333,19.66667,100.0,240.0,37.0,82.66667,0.45067,9.66667,28.66667,0.35067,21.33333,26.33333,0.82967,12.33333,31.0,43.33333,20.66667,11.66667,5.0,17.0,23.0,105.0,1,0.07732,-0.07732,0.381,0.31381,0.51017,0.52344,0.59923,0.59362,1536.34253,1562.75926,0.55127,0.44873,1.852,2.2857,0.66667,240.0,36.0,87.0,0.41367,11.0,31.33333,0.349,21.0,26.66667,0.80133,11.0,30.33333,41.33333,23.0,9.0,3.66667,12.33333,16.0,104.0,240.0,45.66667,91.66667,0.49833,16.33333,39.33333,0.40667,13.66667,17.33333,0.779,11.33333,37.33333,48.66667,32.66667,8.0,6.33333,14.0,21.0,121.33333,1,0.22291,-0.22291,0.3822,0.2962,0.58729,0.4772,0.63501,0.55956,1568.0513,1488.68984,0.40973,0.59027,2.44577,1.69596,1.0,3.95667,1.45333,3.13333,1.46333
248.33333,46.66667,89.66667,0.52067,16.0,36.66667,0.439,19.33333,26.33333,0.75567,9.0,37.33333,46.33333,32.0,7.0,5.0,11.0,20.33333,128.66667,248.33333,45.0,97.66667,0.46133,12.33333,31.33333,0.39233,18.0,21.0,0.84867,11.66667,33.66667,45.33333,28.0,5.0,3.66667,10.0,21.33333,120.33333,1,-0.10033,0.10033,0.31675,0.26898,0.52439,0.61046,0.58826,0.67514,1514.61978,1544.30947,0.5204,0.4796,1.95168,2.12084,0.33333,240.0,42.33333,90.66667,0.46767,19.0,47.0,0.404,13.33333,15.33333,0.84467,11.0,34.66667,45.66667,30.0,7.66667,9.66667,15.33333,18.0,117.0,240.0,41.33333,94.66667,0.43567,15.66667,40.33333,0.387,11.33333,16.66667,0.66667,14.66667,33.66667,48.33333,22.66667,9.33333,4.33333,16.33333,13.66667,109.66667,1,-0.09306,0.09306,0.42477,0.32583,0.51836,0.57256,0.55654,0.62243,1596.20999,1508.12271,0.3641,0.6359,2.75232,1.57364,0.0,1.75667,2.15,2.15,1.92333
240.0,36.66667,82.33333,0.44467,10.66667,31.66667,0.34033,15.0,21.66667,0.70567,8.66667,31.0,39.66667,21.66667,8.0,4.33333,10.0,16.66667,99.0,240.0,34.66667,80.66667,0.43133,10.66667,36.0,0.29633,11.0,17.0,0.65033,8.33333,35.0,43.33333,19.66667,5.33333,5.0,14.33333,19.33333,91.0,0,-0.12088,0.12088,0.2761,0.24696,0.49722,0.50967,0.54042,0.56824,1509.0284,1491.98373,0.46423,0.53577,2.16114,1.87139,0.0,248.33333,43.0,91.33333,0.47233,12.33333,37.0,0.33833,14.66667,20.66667,0.71167,8.66667,39.66667,48.33333,24.33333,5.66667,2.66667,16.66667,16.66667,113.0,248.33333,48.33333,100.66667,0.47967,17.66667,40.66667,0.425,11.33333,15.0,0.80367,11.0,38.33333,49.33333,29.66667,9.66667,3.66667,10.0,19.0,125.66667,0,0.15291,-0.15291,0.2826,0.24352,0.56839,0.54044,0.60514,0.59247,1650.39729,1468.38376,0.29387,0.70613,4.7719,1.54864,1.0,1.77667,2.12,5.73,1.48
240.0,39.33333,90.66667,0.432,11.0,35.33333,0.30733,14.66667,20.66667,0.73767,10.33333,32.33333,42.66667,25.66667,10.33333,4.33333,12.66667,15.66667,104.33333,240.0,39.33333,87.0,0.45167,15.66667,42.66667,0.36067,10.66667,15.66667,0.701,11.33333,34.66667,46.0,29.0,7.33333,5.33333,16.0,17.33333,105.0,1,0.017,-0.017,0.3506,0.29878,0.54098,0.49262,0.57967,0.54584,1469.09677,1479.98691,0.50504,0.49496,2.06403,2.14417,0.33333,240.0,42.66667,91.66667,0.466,19.0,46.0,0.412,10.0,11.33333,0.875,9.66667,32.33333,42.0,26.33333,9.33333,8.33333,13.33333,16.66667,114.33333,240.0,41.66667,92.0,0.45267,16.66667,40.0,0.41733,10.33333,15.66667,0.65367,14.66667,33.0,47.66667,21.33333,8.66667,5.0,16.0,13.66667,110.33333,1,-0.05375,0.05375,0.45382,0.29293,0.54303,0.56985,0.57773,0.60774,1602.21286,1518.38285,0.37377,0.62623,2.67586,1.59696,0.33333,2.88333,1.89,2.73,1.63667
240.0,39.66667,88.66667,0.44867,8.33333,29.66667,0.27667,23.66667,31.0,0.76733,15.66667,30.66667,46.33333,25.66667,8.33333,4.0,14.66667,15.0,111.33333,240.0,45.33333,88.33333,0.512,17.33333,37.33333,0.47767,15.66667,20.33333,0.77467,9.66667,31.33333,41.0,30.0,8.0,6.33333,15.0,25.66667,123.66667,0,0.14526,-0.14526,0.32927,0.50141,0.61002,0.49518,0.66475,0.58392,1505.60284,1484.37622,0.4899,0.5101,2.1392,2.07959,0.66667,240.0,42.0,91.0,0.46133,12.0,31.33333,0.38167,19.66667,25.33333,0.787,10.0,35.66667,45.66667,24.33333,8.0,5.33333,11.66667,19.0,115.66667,240.0,43.66667,95.0,0.45767,8.33333,27.0,0.332,12.0,16.0,0.75567,12.0,38.0,50.0,21.33333,4.66667,4.0,15.0,21.33333,107.66667,0,-0.1225,0.1225,0.33862,0.27093,0.5007,0.52736,0.54385,0.59854,1393.23904,1516.41384,0.66023,0.33977,1.52152,2.98949,0.33333,2.62333,2.54,1.45667,2.96667
240.0,41.0,87.33333,0.47067,14.66667,38.0,0.395,17.33333,20.66667,0.84267,7.66667,30.0,37.66667,23.66667,10.0,8.0,12.33333,22.66667,114.0,240.0,38.66667,82.33333,0.471,14.66667,32.66667,0.451,23.33333,29.33333,0.79667,11.66667,34.66667,46.33333,24.0,6.33333,5.66667,17.66667,17.66667,115.33333,0,0.02819,-0.02819,0.40196,0.22636,0.56075,0.55461,0.65177,0.62251,1400.78823,1485.10123,0.62563,0.37437,1.60091,2.6823,0.66667,248.33333,41.66667,89.33333,0.46533,12.0,33.66667,0.36167,13.33333,20.33333,0.64733,8.66667,37.0,45.66667,24.66667,6.66667,4.33333,12.0,19.0,108.66667,248.33333,36.66667,88.33333,0.414,12.0,35.33333,0.344,17.0,21.0,0.82633,8.66667,35.33333,44.0,19.0,6.0,5.33333,12.0,20.33333,102.33333,0,-0.10477,0.10477,0.23802,0.24359,0.48121,0.53231,0.54561,0.5768,1512.71347,1521.70107,0.49806,0.50194,2.02206,2.00476,0.33333,1.66,2.75333,1.65,2.38333
240.0,35.33333,87.0,0.40567,14.66667,36.33333,0.39933,14.66667,19.0,0.797,10.66667,33.0,43.66667,21.0,6.0,6.33333,17.33333,17.33333,100.0,240.0,47.66667,95.33333,0.501,16.33333,39.33333,0.41633,13.66667,17.66667,0.77267,10.66667,35.66667,46.33333,28.33333,12.0,5.0,10.33333,18.33333,125.33333,0,0.32261,-0.32261,0.31762,0.2991,0.58633,0.48983,0.6325,0.54869,1504.74542,1384.63414,0.35979,0.64021,3.38038,1.65802,0.66667,240.0,42.33333,91.33333,0.465,12.0,36.33333,0.35933,16.66667,22.66667,0.73333,7.0,34.0,41.0,23.33333,6.0,4.33333,7.66667,23.66667,113.33333,240.0,41.33333,89.33333,0.46333,15.0,42.66667,0.35433,26.0,31.0,0.84,11.33333,39.66667,51.0,21.33333,4.66667,3.66667,10.33333,18.33333,123.66667,0,0.12999,-0.12999,0.33701,0.17913,0.54773,0.53086,0.64399,0.58945,1701.83293,1424.04278,0.17913,0.82087,5.93859,1.22224,0.66667,6.31667,1.23667,5.05,1.24
240.0,35.0,87.0,0.40067,10.33333,33.33333,0.30767,16.0,22.66667,0.71067,10.33333,32.66667,43.0,24.0,10.0,4.33333,12.66667,13.33333,96.33333,240.0,41.66667,89.0,0.468,17.0,44.0,0.37867,7.66667,11.33333,0.71567,12.0,37.33333,49.33333,30.66667,8.66667,5.33333,13.66667,19.66667,108.0,1,0.17247,-0.17247,0.36774,0.27929,0.56232,0.46055,0.58945,0.52173,1540.10326,1476.84065,0.41705,0.58295,2.40135,1.71669,0.66667,240.0,45.0,93.66667,0.47867,15.0,39.33333,0.392,15.66667,19.0,0.80567,9.33333,33.33333,42.66667,27.66667,11.33333,5.66667,9.66667,22.0,120.66667,240.0,39.33333,88.0,0.44833,9.33333,28.66667,0.31833,21.0,28.66667,0.742,14.0,37.0,51.0,17.66667,6.66667,5.33333,16.33333,16.66667,109.0,1,-0.13886,0.13886,0.43855,0.27335,0.50268,0.55886,0.58013,0.61534,1374.87999,1480.87465,0.63597,0.36403,1.57948,2.78225,0.33333,3.13333,1.49333,1.37,4.01667
248.33333,39.66667,94.0,0.42167,6.66667,27.66667,0.21933,19.0,23.66667,0.794,10.33333,30.66667,41.0,19.33333,11.0,4.33333,10.33333,20.0,105.0,248.33333,45.0,91.0,0.49467,15.66667,37.66667,0.399,16.33333,20.66667,0.78867,12.66667,40.33333,53.0,29.0,7.66667,6.0,16.33333,20.66667,122.0,1,0.21758,-0.21758,0.43248,0.25803,0.58027,0.45746,0.63909,0.53012,1605.79436,1391.63827,0.23921,0.76079,4.61847,1.32748,0.66667,240.0,44.0,92.33333,0.47667,13.0,32.0,0.40267,9.0,10.66667,0.84133,8.66667,33.66667,42.33333,27.0,6.66667,6.66667,8.0,16.33333,110.0,240.0,39.66667,85.66667,0.46767,7.33333,25.33333,0.29367,14.66667,18.66667,0.82467,10.0,34.66667,44.66667,23.66667,5.0,3.33333,12.33333,12.33333,101.33333,1,-0.12164,0.12164,0.29218,0.24874,0.51135,0.54695,0.56907,0.58073,1493.19869,1533.82273,0.54769,0.45231,2.07064,2.49637,0.33333,8.01667,1.19667,2.18667,2.83667
248.33333,43.66667,87.66667,0.5,13.66667,34.33333,0.38033,20.33333,23.66667,0.868,7.66667,31.66667,39.33333,25.66667,8.0,4.33333,12.0,18.66667,121.33333,248.33333,44.66667,88.33333,0.508,15.33333,34.66667,0.44167,18.66667,21.33333,0.894,7.66667,33.66667,41.33333,24.33333,6.0,2.33333,13.0,20.66667,123.33333,1,0.02982,-0.02982,0.24596,0.23948,0.59779,0.57563,0.6679,0.6572,1530.05465,1644.46577,0.64324,0.35676,1.63033,3.71205,0.33333,240.0,38.0,80.33333,0.472,12.33333,30.66667,0.37167,20.66667,26.0,0.76867,8.33333,35.33333,43.66667,21.33333,4.66667,3.66667,16.66667,22.0,109.0,240.0,38.33333,86.33333,0.444,13.0,34.66667,0.38567,18.66667,24.33333,0.77033,8.33333,31.66667,40.0,23.33333,10.0,7.33333,11.66667,20.33333,108.33333,1,-0.01431,0.01431,0.2319,0.26964,0.51955,0.54957,0.59091,0.63312,1609.37434,1572.70209,0.44287,0.55713,2.366,1.84974,0.66667,2.12667,3.86333,3.23333,1.43667
240.0,45.66667,86.66667,0.52767,12.0,28.66667,0.41367,18.0,21.33333,0.84167,9.0,32.0,41.0,27.66667,7.0,4.33333,14.33333,18.66667,121.33333,240.0,45.0,92.33333,0.487,8.66667,29.33333,0.29,15.66667,20.0,0.807,10.66667,30.66667,41.33333,24.33333,8.66667,5.0,12.33333,20.33333,114.33333,0,-0.0934,0.0934,0.36108,0.29761,0.53374,0.59715,0.59183,0.66467,1460.71261,1439.48516,0.45985,0.54015,2.41581,1.95253,0.33333,240.0,40.66667,87.33333,0.46367,9.66667,34.33333,0.281,18.33333,23.33333,0.79367,8.66667,39.0,47.66667,22.33333,5.33333,4.33333,15.0,18.66667,109.33333,240.0,41.0,97.66667,0.418,20.0,51.66667,0.38967,16.0,19.66667,0.80867,13.66667,34.66667,48.33333,23.0,9.33333,3.66667,10.0,18.66667,118.0,0,0.12492,-0.12492,0.35838,0.24675,0.5206,0.51903,0.57833,0.58969,1495.2469,1511.89649,0.52342,0.47658,2.05368,2.23016,0.33333,3.97333,1.58333,3.62333,1.70667
240.0,41.66667,88.0,0.47567,12.66667,35.66667,0.35467,18.66667,22.66667,0.829,8.33333,32.33333,40.66667,26.0,8.33333,6.33333,10.66667,18.0,114.66667,240.0,42.66667,92.0,0.46333,10.66667,28.33333,0.37667,21.0,27.0,0.78,13.66667,35.0,48.66667,23.33333,8.0,3.33333,11.66667,17.0,117.0,0,0.03671,-0.03671,0.4233,0.23024,0.52147,0.54823,0.59729,0.61889,1438.95299,1434.53685,0.49124,0.50876,2.1196,2.06229,0.66667,240.0,37.66667,90.66667,0.41567,7.33333,33.0,0.20267,17.33333,22.0,0.783,8.33333,32.0,40.33333,18.33333,4.33333,4.0,7.33333,18.0,100.0,240.0,43.66667,88.66667,0.49167,17.0,44.33333,0.37333,19.66667,22.0,0.86733,9.0,41.33333,50.33333,23.66667,6.66667,4.66667,9.33333,19.33333,124.0,0,0.30891,-0.30891,0.28243,0.20101,0.58736,0.45511,0.66443,0.52389,1695.50907,1450.348,0.2072,0.7928,5.01921,1.26421,1.0,2.00333,1.95667,6.46667,1.21333
256.66667,45.66667,90.33333,0.505,14.33333,30.66667,0.47533,16.0,21.0,0.75733,7.66667,39.0,46.66667,26.66667,6.66667,6.33333,12.66667,18.66667,121.66667,256.66667,41.33333,92.66667,0.44667,12.0,37.33333,0.31667,16.33333,20.33333,0.811,7.33333,32.0,39.33333,25.0,6.66667,5.66667,11.0,18.0,111.0,1,-0.13389,0.13389,0.18313,0.23712,0.51269,0.5855,0.57359,0.64041,1491.52622,1549.9282,0.56997,0.43003,1.75889,2.33571,0.0,240.0,41.0,86.66667,0.476,14.0,35.0,0.39767,15.0,19.33333,0.786,12.66667,38.0,50.66667,28.33333,6.66667,5.0,17.66667,19.33333,111.0,240.0,40.66667,94.0,0.43233,7.66667,33.33333,0.22933,16.66667,21.0,0.78167,12.0,30.66667,42.66667,19.33333,11.33333,5.33333,11.66667,19.66667,105.66667,1,-0.06847,0.06847,0.318,0.41785,0.4727,0.55808,0.53544,0.61405,1487.17396,1479.63523,0.48459,0.51541,2.18327,2.02464,0.33333,1.99333,1.86,2.11333,1.98333
240.0,43.0,89.33333,0.48433,12.0,30.0,0.378,16.0,19.33333,0.83333,10.33333,35.66667,46.0,28.66667,6.66667,3.0,15.66667,17.33333,114.0,240.0,43.0,91.66667,0.469,10.0,33.33333,0.30167,12.66667,18.33333,0.69667,8.33333,33.33333,41.66667,23.66667,12.33333,5.0,12.33333,18.66667,108.66667,0,-0.06235,0.06235,0.23994,0.29884,0.52379,0.55231,0.56774,0.61294,1441.49138,1381.23625,0.40819,0.59181,2.4995,1.70661,0.33333,248.33333,41.33333,97.0,0.42467,12.33333,38.33333,0.326,15.66667,19.66667,0.785,12.0,32.33333,44.33333,20.0,6.0,3.66667,12.66667,20.0,110.66667,248.33333,48.33333,90.66667,0.538,12.33333,30.66667,0.40633,17.0,21.66667,0.78667,8.66667,36.0,44.66667,28.33333,8.33333,6.66667,11.0,20.66667,126.0,0,0.18462,-0.18462,0.25609,0.3709,0.60638,0.48914,0.66535,0.54626,1649.77294,1516.16691,0.33772,0.66228,3.6331,1.61878,1.0,2.37667,1.89333,5.04667,1.52667
240.0,43.33333,87.0,0.497,15.66667,40.0,0.39167,10.66667,16.0,0.63733,5.33333,39.0,44.33333,23.0,7.66667,3.0,11.33333,17.0,113.0,240.0,36.33333,88.0,0.41467,10.66667,37.0,0.29867,16.66667,22.0,0.82067,9.0,33.0,42.0,18.33333,8.66667,3.0,12.0,16.66667,100.0,1,-0.17638,0.17638,0.23338,0.15891,0.47502,0.58852,0.53904,0.62532,1469.76366,1529.81889,0.56751,0.43249,1.79405,2.40459,0.0,240.0,39.66667,89.33333,0.44267,12.0,31.0,0.38567,18.66667,23.66667,0.80367,7.66667,35.66667,43.33333,25.0,8.66667,5.66667,15.66667,17.66667,110.0,240.0,46.66667,96.66667,0.48333,9.66667,25.66667,0.40833,11.0,14.0,0.82233,11.33333,40.0,51.33333,25.33333,5.66667,4.66667,16.33333,21.66667,114.0,1,0.05404,-0.05404,0.3201,0.19451,0.53301,0.50971,0.57148,0.57981,1401.24351,1478.36349,0.61465,0.38535,1.63603,2.63577,0.66667,1.54667,3.52667,1.90667,2.49333
240.0,40.33333,85.0,0.47367,11.0,28.33333,0.38767,17.0,23.66667,0.72067,9.66667,29.33333,39.0,25.33333,9.0,6.0,9.33333,18.33333,108.66667,240.0,41.66667,85.33333,0.48867,13.33333,33.66667,0.38967,16.0,19.33333,0.832,11.33333,34.0,45.33333,24.66667,6.33333,7.0,13.33333,18.0,112.66667,0,0.05227,-0.05227,0.40625,0.28537,0.56691,0.53775,0.62907,0.60233,1527.75583,1372.00997,0.29514,0.70486,3.49019,1.4249,0.66667,240.0,44.0,91.0,0.48333,13.0,36.0,0.35967,14.0,17.0,0.82833,10.0,33.33333,43.33333,27.66667,7.0,2.33333,11.0,20.0,115.0,240.0,43.66667,87.33333,0.50067,11.33333,31.0,0.359,20.66667,25.33333,0.82867,9.33333,34.33333,43.66667,22.66667,6.66667,5.0,10.0,16.0,119.33333,0,0.05139,-0.05139,0.28015,0.2988,0.56529,0.55474,0.64214,0.6069,1555.46158,1528.83245,0.46783,0.53217,2.17761,1.91189,0.66667,6.28333,1.29,1.95667,2.01
240.0,44.0,92.66667,0.47533,17.66667,44.0,0.396,11.66667,13.33333,0.887,9.0,35.66667,44.66667,24.33333,9.66667,6.0,12.66667,16.66667,117.33333,240.0,41.0,90.66667,0.45133,15.66667,40.66667,0.384,12.0,18.33333,0.65367,13.0,35.33333,48.33333,19.66667,7.33333,4.0,16.0,14.0,109.66667,1,-0.10454,0.10454,0.37694,0.25505,0.53692,0.57142,0.57844,0.61506,1532.10025,1520.7059,0.46957,0.53043,2.29888,2.0626,0.33333,240.0,41.66667,88.33333,0.47433,10.0,28.66667,0.33733,18.0,23.0,0.77467,9.66667,27.0,36.66667,27.66667,8.33333,2.66667,12.0,17.33333,111.33333,240.0,46.33333,88.0,0.52667,12.0,28.0,0.42633,15.66667,18.66667,0.85067,11.33333,36.33333,47.66667,31.33333,7.33333,5.0,15.0,20.0,120.33333,1,0.11276,-0.11276,0.42855,0.2638,0.59555,0.53237,0.65609,0.59958,1613.73075,1453.15755,0.29104,0.70896,3.44079,1.41085,1.0,2.61333,1.97,4.3,1.32667
240.0,40.33333,84.66667,0.47433,11.33333,32.33333,0.35133,27.33333,33.0,0.83533,8.0,31.0,39.0,22.66667,6.66667,4.33333,10.66667,20.33333,119.33333,240.0,46.0,89.66667,0.513,15.0,31.66667,0.472,20.66667,27.0,0.77733,9.66667,33.66667,43.33333,28.0,7.0,6.0,11.66667,24.0,127.66667,0,0.10136,-0.10136,0.3066,0.25632,0.59634,0.5419,0.66893,0.64785,1533.40796,1337.02371,0.25304,0.74696,4.20707,1.34624,1.0,240.0,33.66667,79.0,0.42767,11.66667,29.33333,0.39433,18.0,25.0,0.719,7.66667,32.0,39.66667,20.33333,7.0,4.33333,14.66667,18.66667,97.0,240.0,37.33333,83.33333,0.449,16.66667,42.66667,0.392,13.0,16.33333,0.80233,11.0,32.0,43.0,23.33333,7.33333,6.0,14.33333,18.66667,104.33333,0,0.10587,-0.10587,0.33276,0.24849,0.5488,0.5006,0.60305,0.57491,1541.99984,1529.28716,0.48791,0.51209,2.07343,1.97565,0.66667,4.49333,1.49,2.90333,1.60667
240.0,44.66667,89.0,0.50233,10.0,28.33333,0.33333,17.66667,20.33333,0.86333,8.66667,36.33333,45.0,27.33333,5.66667,3.33333,12.66667,20.0,117.0,240.0,39.33333,84.0,0.471,11.33333,33.0,0.36433,21.66667,29.33333,0.74233,7.0,31.66667,38.66667,22.66667,8.33333,8.0,11.0,17.33333,111.66667,0,-0.07087,0.07087,0.18589,0.28128,0.53802,0.5577,0.61969,0.62611,1475.07704,1563.57844,0.61539,0.38461,1.71937,2.99669,0.66667,240.0,38.66667,79.0,0.488,13.0,35.66667,0.36033,19.33333,23.33333,0.82333,8.0,31.0,39.0,27.0,9.0,3.0,16.66667,17.33333,109.66667,240.0,40.66667,78.33333,0.51767,12.66667,32.0,0.39633,18.33333,24.66667,0.72033,6.66667,30.0,36.66667,30.33333,9.0,5.0,14.33333,20.33333,112.33333,0,0.04045,-0.04045,0.21515,0.27259,0.59773,0.56945,0.67102,0.65065,1493.8565,1479.37137,0.4835,0.5165,2.23797,2.04132,0.66667,2.45667,2.28333,4.98333,1.25667
240.0,40.66667,84.66667,0.48333,15.33333,35.33333,0.443,12.66667,17.33333,0.73233,8.66667,34.33333,43.0,26.33333,9.33333,9.33333,12.33333,18.33333,109.33333,240.0,33.66667,85.33333,0.394,12.33333,34.66667,0.35333,13.33333,18.33333,0.72233,12.0,31.66667,43.66667,22.0,8.0,6.33333,14.0,15.0,93.0,0,-0.23306,0.23306,0.35259,0.27175,0.46568,0.57446,0.51945,0.621,1454.70909,1517.90793,0.56914,0.43086,1.89167,2.60442,0.33333,240.0,36.33333,89.0,0.41233,13.33333,40.66667,0.32833,15.33333,20.0,0.77167,11.33333,30.33333,41.66667,22.33333,8.66667,7.66667,13.0,18.33333,101.33333,240.0,42.66667,88.66667,0.48133,14.33333,37.0,0.37933,14.66667,16.0,0.87667,10.66667,39.66667,50.33333,30.0,8.0,5.0,13.33333,19.0,114.33333,0,0.17886,-0.17886,0.36404,0.27766,0.56131,0.48802,0.61997,0.5477,1557.86911,1388.43022,0.29094,0.70906,3.64243,1.42727,1.0,1.69333,2.25,5.4,1.31333
240.0,39.33333,83.33333,0.47267,10.0,29.0,0.337,12.66667,15.33333,0.833,9.66667,33.66667,43.33333,26.0,8.0,5.33333,14.0,14.0,101.33333,240.0,39.0,84.0,0.46433,14.0,37.0,0.378,9.66667,14.0,0.701,8.0,32.0,40.0,26.0,7.33333,4.0,13.0,18.33333,101.66667,0,0.00075,-0.00075,0.23923,0.30322,0.54802,0.53372,0.58397,0.58638,1456.87683,1372.8415,0.37796,0.62204,2.66537,1.61242,0.66667,240.0,35.66667,83.0,0.43267,13.0,37.0,0.35367,17.33333,21.66667,0.82167,10.0,34.0,44.0,23.0,8.33333,4.0,11.33333,15.33333,101.66667,240.0,36.33333,83.33333,0.43633,14.33333,40.66667,0.34667,10.33333,15.66667,0.644,9.66667,33.33333,43.0,23.66667,6.33333,5.33333,14.0,20.33333,97.33333,0,-0.06791,0.06791,0.28968,0.29906,0.52209,0.5117,0.56081,0.58318,1473.89299,1479.94996,0.50117,0.49883,2.11329,2.10308,0.33333,2.08,1.94,1.89333,2.13333
240.0,45.0,88.33333,0.50933,13.33333,33.66667,0.39633,12.33333,15.0,0.811,9.33333,32.33333,41.66667,30.0,7.0,4.0,14.0,17.33333,115.66667,240.0,43.0,87.33333,0.49567,11.33333,32.33333,0.34233,20.66667,23.33333,0.88133,8.0,31.33333,39.33333,23.66667,8.0,4.66667,11.0,16.0,118.0,0,0.02998,-0.02998,0.23514,0.31084,0.56116,0.58464,0.64264,0.63117,1460.98954,1493.50286,0.54562,0.45438,1.91477,2.38266,0.66667,240.0,42.66667,91.0,0.46633,13.66667,39.66667,0.34733,18.0,21.66667,0.83733,10.33333,35.66667,46.0,25.33333,7.0,7.0,12.33333,19.0,117.0,240.0,45.66667,100.0,0.45667,10.0,25.66667,0.355,16.0,22.33333,0.71567,16.33333,33.33333,49.66667,25.33333,9.66667,4.66667,9.0,17.33333,117.33333,0,0.00681,-0.00681,0.45254,0.3398,0.50784,0.5418,0.56141,0.60977,1509.59405,1507.51366,0.49313,0.50687,2.35688,2.42407,0.33333,1.78,2.27,2.32667,1.98667
240.0,36.33333,81.0,0.44833,9.66667,33.0,0.294,18.0,22.66667,0.77233,6.0,34.66667,40.66667,23.66667,5.66667,4.33333,10.33333,19.0,100.33333,240.0,39.0,82.33333,0.474,13.0,35.0,0.35,19.0,23.66667,0.79633,7.0,36.33333,43.33333,28.66667,5.33333,3.66667,11.0,18.66667,110.0,1,0.16126,-0.16126,0.19935,0.17176,0.55304,0.50838,0.62931,0.58281,1551.21868,1363.16143,0.25628,0.74372,4.52923,1.36053,0.66667,240.0,42.33333,94.0,0.44933,14.66667,39.33333,0.38433,16.66667,19.0,0.88267,10.33333,32.0,42.33333,26.66667,11.66667,6.33333,10.66667,20.33333,116.0,240.0,39.0,89.33333,0.437,11.66667,33.66667,0.333,18.0,23.33333,0.76533,14.33333,36.33333,50.66667,21.66667,5.33333,5.66667,18.33333,15.66667,107.66667,1,-0.10119,0.10119,0.46159,0.30604,0.50425,0.52754,0.57154,0.58983,1366.91974,1464.75363,0.62941,0.37059,1.59412,2.72221,0.33333,7.8,1.14333,1.47333,2.98333
240.0,40.33333,88.66667,0.44767,15.0,40.33333,0.36167,16.0,20.66667,0.77267,8.33333,33.0,41.33333,27.66667,9.66667,5.33333,17.0,21.33333,111.66667,240.0,42.0,87.0,0.48133,11.33333,31.33333,0.35433,23.33333,31.66667,0.726,12.33333,38.33333,50.66667,22.33333,10.0,4.33333,16.0,19.33333,118.66667,1,0.13335,-0.13335,0.3772,0.2221,0.54727,0.53139,0.63258,0.59102,1456.28669,1463.30829,0.51574,0.48426,2.07192,2.25139,0.66667,240.0,45.66667,88.33333,0.51933,13.0,31.0,0.40933,17.33333,21.66667,0.80833,10.33333,37.66667,48.0,28.66667,10.66667,7.33333,14.0,17.66667,121.66667,240.0,38.0,83.66667,0.45333,12.66667,36.66667,0.34667,17.33333,21.33333,0.81067,6.66667,29.33333,36.0,27.33333,7.66667,4.33333,17.33333,20.0,106.0,1,-0.19981,0.19981,0.18297,0.35062,0.52901,0.59273,0.59883,0.65626,1369.30959,1529.1226,0.69362,0.30638,1.45692,3.50511,0.0,1.95333,3.44333,1.54,3.82
240.0,41.33333,85.33333,0.487,12.66667,35.66667,0.362,16.66667,26.0,0.656,5.33333,29.33333,34.66667,22.0,9.66667,3.66667,11.66667,21.66667,112.0,240.0,43.33333,83.66667,0.51933,12.66667,35.66667,0.348,23.0,29.33333,0.802,10.0,37.33333,47.33333,25.33333,8.33333,4.66667,14.0,19.33333,122.33333,1,0.1265,-0.1265,0.34228,0.14199,0.59359,0.56224,0.67904,0.61907,1617.22644,1402.55205,0.2441,0.7559,4.76308,1.35092,1.0,240.0,42.66667,83.0,0.514,11.33333,26.66667,0.42267,19.66667,27.0,0.72967,8.33333,33.66667,42.0,22.0,7.66667,5.33333,10.66667,20.0,116.33333,240.0,40.0,89.33333,0.447,12.33333,41.0,0.29767,14.66667,18.0,0.82333,10.66667,30.66667,41.33333,23.66667,6.0,4.33333,12.0,20.66667,107.0,1,-0.12565,0.12565,0.31872,0.28212,0.51525,0.58196,0.57244,0.65401,1542.00606,1537.33263,0.47817,0.52183,2.15437,1.95938,0.0,5.2,1.33333,2.60333,1.75
240.0,41.66667,85.66667,0.48533,11.66667,26.33333,0.44267,12.0,15.33333,0.756,9.33333,29.0,38.33333,26.33333,8.0,4.66667,13.33333,18.66667,107.0,240.0,37.66667,81.33333,0.46433,13.33333,35.66667,0.37233,17.33333,19.33333,0.89467,7.66667,31.66667,39.33333,23.33333,8.0,5.0,12.66667,17.33333,106.0,1,-0.01747,0.01747,0.2628,0.29536,0.5467,0.55348,0.62066,0.60092,1530.24008,1592.48423,0.58718,0.41282,1.74251,2.52688,0.33333,240.0,42.33333,89.0,0.47433,14.33333,37.33333,0.38633,20.33333,25.0,0.80567,9.33333,34.33333,43.66667,24.33333,8.33333,4.66667,12.66667,17.66667,119.33333,240.0,43.0,90.33333,0.47933,14.66667,37.0,0.39833,18.0,23.66667,0.733,10.33333,34.33333,44.66667,23.66667,8.33333,4.66667,14.33333,20.0,118.66667,1,0.00338,-0.00338,0.29315,0.2729,0.56331,0.55492,0.62681,0.63017,1343.83357,1563.39643,0.77589,0.22411,1.29592,4.82674,0.33333,1.77,2.24,1.28333,5.41667
240.0,41.33333,86.0,0.48033,12.66667,32.66667,0.39,14.0,16.66667,0.844,9.66667,35.33333,45.0,29.66667,7.66667,3.66667,10.66667,11.0,109.33333,240.0,38.33333,85.0,0.45133,15.0,38.66667,0.39,7.66667,11.33333,0.69367,8.33333,31.66667,40.0,27.0,6.33333,4.0,12.33333,17.66667,99.33333,0,-0.13016,0.13016,0.23289,0.3059,0.54001,0.55451,0.56856,0.60935,1430.17213,1379.51628,0.4122,0.5878,2.51265,1.73848,0.33333,240.0,39.66667,89.66667,0.448,11.0,35.66667,0.30233,19.33333,24.66667,0.79233,13.33333,35.66667,49.0,20.0,11.0,7.0,13.0,20.33333,109.66667,240.0,34.66667,85.66667,0.40367,8.66667,29.0,0.29967,18.33333,25.33333,0.72633,12.66667,35.0,47.66667,19.66667,7.33333,5.0,16.0,21.66667,96.33333,0,-0.19139,0.19139,0.35427,0.37197,0.45426,0.51273,0.52613,0.58474,1433.02988,1498.26031,0.57361,0.42639,1.95387,2.85422,0.33333,2.08,1.94,1.92667,2.01667
248.33333,47.33333,95.0,0.497,12.0,33.0,0.366,20.66667,23.66667,0.87467,12.33333,36.33333,48.66667,29.33333,7.66667,8.66667,13.0,20.66667,127.33333,248.33333,46.33333,101.33333,0.456,7.33333,24.33333,0.29833,21.33333,27.33333,0.76733,18.0,30.66667,48.66667,24.0,6.66667,6.66667,12.66667,18.33333,121.33333,1,-0.06959,0.06959,0.49761,0.41975,0.49262,0.56025,0.56632,0.63492,1468.15331,1500.62125,0.53798,0.46202,1.91449,2.26188,0.0,240.0,39.66667,88.0,0.451,14.66667,37.66667,0.39133,22.0,29.33333,0.75767,11.0,35.0,46.0,23.66667,9.0,5.66667,11.66667,21.33333,116.0,240.0,40.66667,85.33333,0.479,16.66667,39.0,0.43367,17.66667,24.33333,0.69633,8.0,37.0,45.0,24.66667,5.33333,3.66667,15.0,22.33333,115.66667,1,0.00503,-0.00503,0.22592,0.29138,0.57696,0.53417,0.64023,0.6136,1348.12022,1565.81349,0.77363,0.22637,1.3004,4.80001,0.33333,2.33333,2.03333,1.30333,5.36667
248.33333,44.66667,91.33333,0.48767,14.66667,35.33333,0.41333,20.0,25.66667,0.778,10.33333,33.0,43.33333,28.33333,10.0,7.33333,12.33333,19.0,124.0,248.33333,47.33333,97.66667,0.484,9.33333,27.66667,0.36667,15.66667,21.33333,0.694,15.0,35.66667,50.66667,23.0,5.0,6.0,16.66667,21.0,119.66667,1,-0.06235,0.06235,0.45404,0.30559,0.53135,0.56879,0.58245,0.63817,1471.07139,1521.14075,0.56336,0.43664,1.81033,2.38546,0.33333,240.0,43.0,86.66667,0.497,16.0,36.33333,0.437,16.0,19.66667,0.817,8.33333,35.0,43.33333,26.0,7.66667,5.0,12.33333,17.0,118.0,240.0,42.66667,92.66667,0.46067,12.33333,31.66667,0.394,13.33333,19.66667,0.67133,10.33333,32.33333,42.66667,23.0,7.0,4.33333,11.33333,17.33333,111.0,1,-0.0852,0.0852,0.29752,0.2578,0.52726,0.59009,0.57259,0.65,1387.74747,1506.38285,0.64241,0.35759,1.62684,3.30337,0.33333,2.12,2.27667,1.31,4.23333
240.0,37.33333,87.33333,0.429,11.33333,35.0,0.33233,19.66667,24.66667,0.801,12.0,38.0,50.0,21.33333,8.33333,6.0,20.33333,22.66667,105.66667,240.0,40.33333,92.33333,0.43733,12.33333,34.66667,0.352,20.66667,29.0,0.72233,13.0,34.66667,47.66667,25.33333,10.0,4.66667,14.33333,19.33333,113.66667,0,0.10457,-0.10457,0.3441,0.33886,0.50406,0.49559,0.57605,0.57321,1448.27305,1317.58351,0.33059,0.66941,3.0935,1.50121,1.0,240.0,44.0,88.0,0.49833,10.33333,28.0,0.369,25.66667,31.33333,0.833,9.33333,39.66667,49.0,30.33333,7.0,3.66667,12.66667,20.0,124.0,240.0,44.33333,97.66667,0.45867,10.33333,34.0,0.32,17.66667,22.66667,0.79333,10.0,33.66667,43.66667,22.0,6.33333,6.33333,10.66667,24.0,116.66667,0,-0.10129,0.10129,0.24911,0.29037,0.51242,0.55699,0.57439,0.65227,1489.15719,1500.47971,0.50484,0.49516,2.25063,2.29511,0.33333,4.25,1.4,1.69,2.26667
240.0,40.33333,83.66667,0.48067,16.33333,36.33333,0.45067,16.33333,22.33333,0.722,11.0,34.33333,45.33333,28.33333,9.66667,4.66667,19.0,24.0,113.33333,240.0,35.0,80.66667,0.43767,6.66667,28.33333,0.24567,27.33333,33.33333,0.82233,11.0,29.66667,40.66667,19.33333,10.33333,7.0,17.0,21.33333,104.0,0,-0.12043,0.12043,0.31729,0.37196,0.48037,0.57804,0.59659,0.6394,1513.54958,1567.46884,0.56301,0.43699,1.79709,2.32642,0.33333,248.33333,40.33333,87.0,0.46133,12.33333,33.66667,0.37167,15.0,22.33333,0.648,6.33333,37.0,43.33333,23.66667,7.0,5.0,13.0,20.66667,108.0,248.33333,37.33333,91.0,0.409,11.66667,35.0,0.337,20.66667,23.33333,0.91033,10.33333,35.33333,45.66667,20.33333,7.66667,4.66667,12.0,20.33333,107.0,0,-0.02386,0.02386,0.28564,0.17692,0.4725,0.53197,0.5528,0.58513,1515.45105,1522.55596,0.50645,0.49355,1.98125,2.03288,0.66667,4.20667,1.44,1.89333,2.13333
248.33333,47.66667,91.0,0.52367,15.33333,36.66667,0.42233,17.0,23.33333,0.77567,7.66667,35.0,42.66667,32.33333,8.66667,4.33333,9.66667,20.66667,127.66667,248.33333,43.0,94.33333,0.45567,14.33333,37.66667,0.38667,20.66667,25.0,0.819,12.33333,34.0,46.33333,28.33333,5.66667,3.0,13.0,17.66667,121.0,0,-0.08075,0.08075,0.35185,0.22361,0.53154,0.60853,0.6054,0.66498,1530.43134,1550.11059,0.51395,0.48605,1.98695,2.10115,0.33333,240.0,40.33333,86.33333,0.468,9.66667,30.66667,0.317,19.66667,23.0,0.85333,8.33333,31.66667,40.0,27.33333,7.0,5.66667,8.66667,17.33333,110.0,240.0,41.0,85.33333,0.48233,13.0,32.33333,0.40867,15.33333,18.0,0.83833,11.0,34.0,45.0,29.0,5.0,5.0,12.33333,20.33333,110.33333,0,-0.01089,0.01089,0.35531,0.24178,0.55894,0.52507,0.62075,0.60306,1605.1219,1499.9552,0.34785,0.65215,2.91978,1.53979,0.66667,2.53,1.90667,2.95,1.46
248.33333,44.66667,93.0,0.47967,11.66667,30.66667,0.38233,23.66667,29.0,0.823,9.66667,33.66667,43.33333,28.33333,9.66667,7.33333,13.66667,21.33333,124.66667,248.33333,47.0,96.0,0.48767,8.66667,24.0,0.37367,21.0,27.0,0.76167,14.0,36.33333,50.33333,25.0,4.66667,7.33333,16.66667,22.33333,123.66667,1,-0.01332,0.01332,0.42041,0.28171,0.53232,0.54249,0.60519,0.62692,1423.9469,1509.42794,0.6198,0.3802,1.63484,2.70842,0.33333,248.33333,41.0,88.0,0.46533,15.0,39.0,0.39233,18.0,24.0,0.75167,7.0,35.66667,42.66667,24.0,6.33333,5.66667,12.33333,19.66667,115.0,248.33333,46.33333,98.33333,0.46967,12.0,30.66667,0.36933,15.0,21.0,0.71,14.0,37.0,51.0,29.0,8.66667,4.66667,10.33333,20.0,119.66667,1,0.05539,-0.05539,0.39114,0.19254,0.53037,0.55039,0.58078,0.61604,1495.03253,1513.05973,0.52934,0.47066,2.2018,2.56282,0.66667,1.98667,2.62667,2.41,1.96
240.0,34.66667,81.0,0.42733,10.33333,35.0,0.31067,15.33333,22.33333,0.694,7.33333,28.66667,36.0,22.33333,10.0,3.33333,11.33333,17.33333,95.0,240.0,36.33333,81.33333,0.448,11.66667,38.0,0.307,12.66667,16.33333,0.765,9.33333,36.33333,45.66667,24.0,7.66667,3.66667,16.33333,19.0,97.0,0,0.03143,-0.03143,0.3261,0.20105,0.51978,0.49118,0.57217,0.55255,1557.57203,1491.96396,0.41511,0.58489,2.54043,1.74697,0.33333,240.0,40.0,90.33333,0.44267,7.33333,28.0,0.265,19.33333,24.0,0.798,10.66667,33.33333,44.0,25.33333,8.33333,4.33333,10.66667,19.33333,106.66667,240.0,38.33333,86.0,0.44933,10.0,29.0,0.354,18.0,21.66667,0.832,11.33333,37.0,48.33333,27.0,6.66667,4.66667,14.66667,20.0,104.66667,0,-0.03477,0.03477,0.34332,0.28954,0.50851,0.48327,0.58108,0.55744,1609.20296,1494.46724,0.33053,0.66947,3.08033,1.50119,0.66667,2.05333,1.85667,2.9,1.47667
240.0,44.0,93.0,0.47667,12.33333,32.0,0.38567,16.66667,19.33333,0.859,10.66667,35.66667,46.33333,24.0,8.33333,2.0,12.0,16.0,117.0,240.0,46.0,97.33333,0.47233,16.33333,41.33333,0.39633,13.66667,16.0,0.868,13.0,33.0,46.0,27.33333,6.33333,5.66667,11.33333,16.66667,122.0,1,0.06681,-0.06681,0.36351,0.32334,0.55634,0.54327,0.6048,0.60535,1478.37485,1599.03643,0.67156,0.32844,1.50318,3.14998,0.66667,240.0,42.33333,87.33333,0.48667,16.0,36.33333,0.437,17.33333,21.66667,0.79967,8.66667,35.33333,44.0,27.33333,7.33333,7.33333,14.33333,20.0,118.0,240.0,41.33333,92.66667,0.44567,10.0,27.33333,0.36033,16.33333,23.66667,0.66633,11.33333,31.66667,43.0,24.66667,7.0,5.33333,12.66667,18.66667,109.0,1,-0.11168,0.11168,0.3217,0.27096,0.49948,0.57918,0.55686,0.6434,1383.47995,1456.4645,0.59213,0.40787,1.72128,2.53352,0.0,1.88333,2.04667,1.37,3.68333
248.33333,40.66667,90.66667,0.45033,6.66667,26.33333,0.25467,26.0,32.66667,0.8,14.0,34.66667,48.66667,26.33333,9.66667,4.0,15.0,17.33333,114.0,248.33333,45.66667,91.0,0.50167,12.0,36.0,0.312,18.33333,23.66667,0.787,7.33333,35.0,42.33333,30.0,7.33333,6.66667,15.66667,26.0,121.66667,0,0.08653,-0.08653,0.25048,0.42002,0.56867,0.48715,0.63319,0.58421,1444.97706,1481.48867,0.55948,0.44052,1.88037,2.40926,0.66667,248.33333,38.33333,84.33333,0.452,12.33333,33.33333,0.37467,18.0,25.0,0.74067,6.33333,32.33333,38.66667,24.66667,6.66667,6.66667,17.66667,23.66667,107.0,248.33333,40.66667,91.0,0.44633,9.33333,31.33333,0.29333,24.66667,29.0,0.84867,12.33333,34.66667,47.0,20.33333,10.0,6.66667,13.33333,21.33333,115.33333,0,0.11366,-0.11366,0.38829,0.17938,0.49684,0.52477,0.59049,0.59277,1523.47914,1533.60805,0.52581,0.47419,1.91684,2.12855,1.0,2.36333,2.77,2.04333,1.84
256.66667,42.33333,87.0,0.48533,12.66667,30.0,0.43367,18.0,22.66667,0.793,6.0,35.33333,41.33333,25.33333,6.33333,4.33333,10.0,18.33333,115.33333,256.66667,48.0,96.66667,0.49967,13.33333,36.0,0.37233,14.66667,19.33333,0.757,12.33333,35.66667,48.0,28.0,7.0,3.33333,9.66667,17.0,124.0,1,0.113,-0.113,0.37265,0.16748,0.5697,0.55882,0.6184,0.62668,1577.40733,1539.87752,0.46291,0.53709,2.24001,1.91261,0.66667,248.33333,43.0,94.0,0.45867,9.66667,28.0,0.341,14.66667,18.0,0.792,11.0,29.66667,40.66667,22.33333,8.66667,5.33333,8.33333,18.66667,110.33333,248.33333,40.66667,84.0,0.48667,11.0,28.0,0.39133,17.66667,22.66667,0.799,8.66667,36.0,44.66667,25.33333,5.33333,6.33333,14.0,17.33333,110.0,1,-0.00286,0.00286,0.28635,0.30934,0.55212,0.51159,0.62073,0.56625,1510.90215,1498.54916,0.48729,0.51271,2.18413,2.04257,0.33333,2.53333,1.60667,2.40333,1.73667
240.0,39.33333,88.33333,0.44467,9.0,28.33333,0.30067,17.33333,22.66667,0.754,10.66667,29.66667,40.33333,22.33333,8.0,6.0,9.33333,18.33333,105.0,240.0,45.0,88.66667,0.50667,17.33333,40.33333,0.414,13.33333,17.33333,0.76733,11.0,37.0,48.0,28.0,7.66667,5.66667,12.33333,18.33333,120.66667,0,0.19977,-0.19977,0.39207,0.29632,0.60367,0.49535,0.65124,0.56276,1594.33253,1381.87206,0.23738,0.76262,4.63498,1.32337,0.66667,240.0,41.66667,86.66667,0.481,14.0,33.0,0.423,16.66667,22.33333,0.75833,10.66667,32.33333,43.0,27.33333,6.0,4.0,14.0,17.0,114.0,240.0,41.66667,91.0,0.45867,11.66667,34.33333,0.349,16.0,20.0,0.78333,11.33333,34.33333,45.66667,18.66667,8.33333,4.33333,11.66667,19.33333,111.0,0,-0.03865,0.03865,0.34908,0.32548,0.52308,0.56175,0.58242,0.62277,1489.07411,1509.53844,0.52579,0.47421,1.91894,2.13425,0.33333,8.91667,1.09333,1.69,2.41667
240.0,36.33333,82.66667,0.441,11.66667,32.0,0.36467,20.66667,26.33333,0.81233,8.66667,33.66667,42.33333,20.33333,12.0,6.0,11.0,19.0,105.0,240.0,35.33333,77.0,0.459,12.0,33.33333,0.36167,15.33333,18.66667,0.825,5.33333,35.66667,41.0,23.66667,6.33333,5.0,19.33333,20.66667,98.0,0,-0.09689,0.09689,0.16894,0.25424,0.53816,0.51068,0.60602,0.59507,1498.89426,1601.35865,0.62365,0.37635,1.66232,3.08651,0.33333,248.33333,43.66667,92.0,0.478,9.33333,28.33333,0.32367,18.0,22.66667,0.792,9.33333,33.33333,42.66667,21.33333,9.66667,6.0,10.66667,21.0,114.66667,248.33333,40.33333,87.33333,0.464,9.66667,28.0,0.34533,18.0,23.66667,0.77433,8.33333,35.33333,43.66667,22.66667,5.33333,6.0,15.0,19.66667,108.33333,0,-0.07802,0.07802,0.25265,0.26003,0.51891,0.53069,0.58675,0.59624,1508.69488,1488.88128,0.4637,0.5363,2.25688,1.91378,0.33333,2.00333,2.78667,2.44333,1.67
240.0,39.66667,90.33333,0.43967,11.0,30.33333,0.36233,17.66667,19.33333,0.91467,11.66667,39.0,50.66667,20.0,8.0,4.0,11.0,17.66667,108.0,240.0,38.0,87.66667,0.43167,8.0,29.0,0.28833,15.33333,19.0,0.81233,7.33333,35.0,42.33333,15.66667,6.0,5.0,11.66667,17.33333,99.33333,0,-0.12209,0.12209,0.20152,0.32959,0.47763,0.50097,0.53882,0.5718,1471.46264,1637.3913,0.7113,0.2887,1.41443,3.60188,0.0,240.0,40.66667,83.33333,0.487,10.66667,31.66667,0.31467,23.33333,27.0,0.85367,9.0,33.66667,42.66667,23.33333,6.33333,6.0,12.0,22.66667,115.33333,240.0,41.0,85.66667,0.47967,11.0,30.0,0.376,22.0,30.0,0.73333,9.33333,32.0,41.33333,24.0,6.33333,7.33333,10.66667,21.33333,115.0,0,-0.01047,0.01047,0.26731,0.28782,0.54429,0.55069,0.62487,0.64629,1603.39122,1471.15444,0.31836,0.68164,3.66158,1.50428,0.66667,1.73,2.18333,5.06667,1.31667
248.33333,42.66667,87.66667,0.48833,12.66667,36.0,0.33733,17.66667,20.33333,0.87933,9.0,29.0,38.0,26.0,6.66667,6.0,11.0,18.33333,115.66667,248.33333,44.0,88.66667,0.49767,14.0,32.0,0.44333,15.66667,19.0,0.852,10.66667,32.66667,43.33333,23.0,6.33333,3.66667,12.33333,18.66667,117.66667,0,0.02819,-0.02819,0.39509,0.28999,0.5784,0.55819,0.63643,0.63173,1615.49947,1639.9199,0.5425,0.4575,1.84487,2.18825,0.33333,248.33333,43.0,89.0,0.48467,14.33333,38.0,0.37533,17.0,20.0,0.85,8.66667,30.33333,39.0,27.33333,10.33333,3.33333,14.33333,21.33333,117.33333,248.33333,42.33333,86.0,0.492,14.66667,37.66667,0.39267,20.66667,23.0,0.89133,8.66667,34.33333,43.0,23.66667,8.66667,3.33333,14.66667,19.33333,120.0,0,0.0223,-0.0223,0.28523,0.25269,0.57659,0.56582,0.6566,0.62844,1554.56347,1438.29764,0.34039,0.65961,3.0837,1.53157,0.66667,2.31667,1.81333,3.05,1.49
240.0,40.0,89.66667,0.44533,15.0,44.0,0.34533,16.33333,20.66667,0.8,11.66667,35.0,46.66667,21.66667,7.33333,6.33333,10.33333,18.33333,111.33333,240.0,40.66667,92.33333,0.44133,11.33333,31.0,0.326,11.66667,14.33333,0.81667,11.66667,34.66667,46.33333,22.0,5.66667,3.0,11.0,17.33333,104.33333,0,-0.09402,0.09402,0.33243,0.33725,0.50296,0.529,0.54756,0.59054,1515.06914,1682.98766,0.72056,0.27944,1.3895,3.61021,0.33333,240.0,39.66667,91.0,0.43633,13.0,34.33333,0.378,17.33333,21.66667,0.80067,11.66667,29.66667,41.33333,25.33333,7.0,2.66667,10.66667,18.0,109.66667,240.0,48.33333,86.33333,0.55967,12.66667,30.0,0.42333,16.66667,21.0,0.79767,7.0,33.66667,40.66667,30.66667,8.0,5.33333,10.66667,18.33333,126.0,0,0.19756,-0.19756,0.23796,0.37168,0.63289,0.50875,0.69238,0.57365,1647.93039,1465.40623,0.27116,0.72884,3.96765,1.38509,1.0,1.36,3.61667,5.45,1.26
240.0,39.0,90.0,0.43667,13.33333,38.0,0.37,23.0,27.0,0.84633,9.66667,34.33333,44.0,21.0,6.0,5.66667,8.66667,21.0,114.33333,240.0,43.0,90.0,0.47833,12.33333,36.66667,0.33633,20.33333,24.66667,0.80933,9.0,38.33333,47.33333,24.66667,5.33333,5.0,10.0,21.66667,118.66667,1,0.04852,-0.04852,0.26931,0.24936,0.54666,0.51175,0.62089,0.6004,1587.10917,1494.78395,0.38265,0.61735,2.96542,1.72371,0.66667,265.0,49.0,93.33333,0.52533,12.33333,29.0,0.43633,22.33333,26.33333,0.84833,9.33333,40.0,49.33333,28.0,6.0,6.33333,10.33333,22.66667,132.66667,265.0,44.0,97.33333,0.45067,9.33333,31.66667,0.28733,23.66667,29.33333,0.80233,12.33333,31.0,43.33333,23.0,6.0,5.0,11.0,21.66667,121.0,1,-0.14203,0.14203,0.3265,0.30397,0.49724,0.59168,0.5825,0.67016,1481.22428,1474.16903,0.46982,0.53018,2.2766,1.96202,0.0,2.39,2.16,3.01667,1.51333
240.0,40.0,89.33333,0.448,11.33333,37.66667,0.299,16.66667,21.66667,0.77433,8.33333,32.66667,41.0,24.0,8.0,5.66667,12.0,20.66667,108.0,240.0,40.33333,90.33333,0.44667,13.33333,36.0,0.37333,27.33333,34.0,0.80367,13.33333,39.0,52.33333,22.66667,9.0,3.66667,11.33333,16.66667,121.33333,0,0.16723,-0.16723,0.40993,0.21678,0.52069,0.51161,0.62072,0.57414,1512.23236,1421.8959,0.41358,0.58642,3.33977,1.9094,1.0,248.33333,42.33333,90.66667,0.46867,9.66667,28.33333,0.33433,17.33333,22.66667,0.764,7.33333,38.33333,45.66667,21.66667,11.66667,6.33333,14.66667,22.0,111.66667,248.33333,39.33333,90.33333,0.43533,8.0,26.66667,0.29067,18.0,24.0,0.767,9.0,39.33333,48.33333,23.33333,8.33333,6.66667,17.0,19.33333,104.66667,0,-0.08376,0.08376,0.23493,0.19097,0.4794,0.52446,0.54738,0.58768,1499.29154,1513.23657,0.51119,0.48881,2.11922,2.20751,0.33333,3.43667,1.76,2.02667,2.12667
240.0,42.0,87.0,0.48233,12.66667,30.66667,0.41267,17.66667,21.0,0.839,9.0,32.0,41.0,26.0,7.66667,4.66667,15.33333,16.66667,114.33333,240.0,47.0,94.0,0.501,9.33333,26.33333,0.35533,12.66667,14.33333,0.90967,11.0,33.66667,44.66667,25.66667,8.0,5.33333,14.33333,20.66667,116.0,1,0.02871,-0.02871,0.37034,0.2816,0.55054,0.55569,0.5983,0.62356,1456.63092,1434.98913,0.47414,0.52586,2.36759,2.02163,0.66667,240.0,43.33333,89.33333,0.48367,12.33333,30.0,0.40533,15.0,21.0,0.71733,10.66667,35.33333,46.0,25.66667,10.33333,2.33333,12.33333,15.66667,114.0,240.0,42.0,88.0,0.47733,11.33333,34.66667,0.31833,12.0,14.33333,0.84533,8.33333,32.33333,40.66667,23.66667,6.33333,6.0,14.66667,17.66667,107.33333,1,-0.09099,0.09099,0.24236,0.34134,0.5398,0.55225,0.58703,0.60504,1428.40386,1515.09834,0.60687,0.39313,1.75312,2.832,0.33333,3.74,1.63333,2.88,1.68
240.0,39.66667,87.33333,0.454,12.33333,32.0,0.37867,19.0,24.66667,0.761,8.66667,39.33333,48.0,25.33333,6.66667,6.66667,12.33333,19.66667,110.66667,240.0,37.0,94.0,0.39767,9.33333,30.33333,0.308,15.33333,22.66667,0.64833,14.0,38.0,52.0,20.0,6.33333,4.66667,11.0,20.0,98.66667,1,-0.17854,0.17854,0.3686,0.22307,0.44806,0.5239,0.50254,0.5966,1536.60924,1490.49141,0.41293,0.58707,2.6686,1.76207,0.33333,240.0,44.0,92.0,0.47933,13.66667,35.0,0.393,18.33333,26.0,0.74233,9.66667,32.33333,42.0,23.33333,9.0,3.33333,9.66667,21.33333,120.0,240.0,44.33333,85.33333,0.52,8.0,26.66667,0.298,20.66667,29.0,0.71667,8.33333,37.33333,45.66667,25.66667,5.33333,4.0,14.33333,18.66667,117.33333,1,-0.03197,0.03197,0.26509,0.26627,0.56648,0.55311,0.64056,0.6151,1481.40227,1503.26597,0.52723,0.47277,1.97734,2.20838,0.33333,3.27333,2.14,2.18333,1.72667
240.0,41.0,81.66667,0.50133,12.66667,33.0,0.38433,17.33333,22.0,0.78767,5.33333,32.0,37.33333,26.33333,7.33333,3.0,9.33333,18.66667,112.0,240.0,44.66667,86.33333,0.516,13.0,32.0,0.407,14.66667,20.0,0.73767,10.33333,33.33333,43.66667,29.33333,6.66667,2.66667,11.66667,17.0,117.0,1,0.06485,-0.06485,0.33968,0.16748,0.59139,0.57882,0.64436,0.64691,1569.6952,1545.32908,0.46989,0.53011,2.21927,1.95222,0.66667,240.0,42.33333,90.33333,0.472,12.33333,35.0,0.34967,17.0,20.66667,0.82433,8.66667,34.0,42.66667,26.33333,7.33333,4.66667,10.66667,20.0,114.0,240.0,45.33333,90.0,0.50433,10.0,26.0,0.385,17.66667,25.33333,0.71167,10.0,35.33333,45.33333,25.66667,7.66667,4.33333,10.33333,16.66667,118.33333,1,0.06217,-0.06217,0.30308,0.23674,0.56029,0.54135,0.61993,0.60465,1491.89145,1455.68148,0.45237,0.54763,2.23803,1.84211,0.66667,2.34333,2.06667,2.13333,1.75
240.0,43.66667,86.0,0.50767,11.0,26.66667,0.38367,17.33333,22.66667,0.782,7.66667,36.66667,44.33333,30.66667,5.0,1.66667,15.66667,15.33333,115.66667,240.0,46.66667,96.0,0.48433,13.33333,36.66667,0.36267,12.33333,17.0,0.78767,8.0,33.66667,41.66667,28.33333,11.33333,3.0,9.0,18.0,119.0,1,0.04094,-0.04094,0.22834,0.22897,0.55317,0.57244,0.59546,0.63705,1494.53102,1381.99141,0.35535,0.64465,3.3454,1.60841,0.33333,240.0,37.33333,90.33333,0.41367,9.66667,37.66667,0.23033,17.66667,23.66667,0.74,7.33333,32.0,39.33333,17.33333,5.33333,4.33333,8.66667,19.33333,102.0,240.0,44.66667,91.66667,0.48733,18.66667,49.0,0.373,21.0,24.66667,0.832,10.66667,42.66667,53.33333,25.66667,7.33333,4.66667,9.33333,19.0,129.0,1,0.34237,-0.34237,0.33145,0.17047,0.58942,0.46656,0.66562,0.53446,1699.44156,1428.34424,0.18605,0.81395,5.60214,1.23167,1.0,4.24333,1.77,6.55,1.21
240.0,39.0,80.66667,0.484,13.33333,32.33333,0.41233,16.66667,21.33333,0.788,6.66667,29.0,35.66667,30.0,8.66667,4.66667,9.66667,20.33333,108.0,240.0,40.33333,82.33333,0.487,14.0,35.66667,0.39167,15.0,20.66667,0.73633,9.33333,32.66667,42.0,27.66667,4.66667,5.33333,12.33333,18.66667,109.66667,0,0.00549,-0.00549,0.3359,0.20511,0.57116,0.56638,0.62828,0.63282,1474.67061,1483.38033,0.50958,0.49042,2.12018,2.26727,0.66667,240.0,41.66667,91.0,0.456,11.33333,37.33333,0.30033,16.33333,22.0,0.74867,9.33333,34.66667,44.0,23.66667,8.66667,3.0,10.0,20.66667,111.0,240.0,41.0,90.66667,0.45233,12.0,33.33333,0.361,22.66667,27.33333,0.84067,13.33333,38.33333,51.66667,21.0,6.33333,4.66667,11.33333,18.66667,116.66667,0,0.07485,-0.07485,0.38996,0.26516,0.51914,0.51792,0.60353,0.57803,1557.80902,1483.14049,0.40827,0.59173,2.75255,1.77513,0.66667,2.01667,2.25,3.55667,1.81
240.0,42.0,90.33333,0.465,13.66667,39.33333,0.332,15.0,17.66667,0.84367,9.33333,40.0,49.33333,23.0,8.0,6.33333,11.66667,17.66667,112.66667,240.0,36.66667,90.0,0.406,12.66667,39.66667,0.30933,12.33333,17.66667,0.698,13.0,35.33333,48.33333,21.0,6.33333,3.66667,13.66667,16.0,98.33333,1,-0.20299,0.20299,0.33069,0.26515,0.47513,0.54099,0.52248,0.59898,1528.93873,1535.77231,0.47792,0.52208,2.24191,2.08453,0.0,240.0,36.0,83.66667,0.431,9.66667,29.66667,0.33167,16.66667,24.0,0.69067,9.0,29.0,38.0,21.0,8.33333,5.33333,13.33333,20.66667,98.33333,240.0,43.66667,90.33333,0.483,14.66667,36.66667,0.399,14.33333,19.0,0.754,12.33333,36.33333,48.66667,21.33333,7.66667,5.33333,13.66667,18.0,116.33333,1,0.23843,-0.23843,0.41909,0.24388,0.56283,0.48876,0.61462,0.5535,1495.24372,1435.28587,0.42846,0.57154,2.39007,1.77167,0.66667,2.31333,2.04667,5.13667,1.38
240.0,47.33333,93.0,0.50833,17.0,44.33333,0.377,14.0,18.0,0.78,9.0,35.33333,44.33333,32.33333,11.0,5.66667,15.0,23.33333,125.66667,240.0,38.0,84.66667,0.44733,9.66667,30.0,0.319,23.33333,32.33333,0.70533,11.66667,34.33333,46.0,20.66667,9.0,2.33333,16.33333,20.33333,109.0,0,-0.19738,0.19738,0.33985,0.26461,0.50543,0.59956,0.59447,0.64687,1417.14893,1474.33991,0.56205,0.43795,1.92417,2.5015,0.33333,248.33333,38.66667,84.33333,0.45767,13.33333,33.0,0.40567,23.0,28.33333,0.819,7.66667,30.33333,38.0,22.66667,10.66667,2.66667,13.66667,22.33333,113.66667,248.33333,38.66667,81.0,0.47667,16.0,38.66667,0.413,20.66667,24.0,0.84333,9.33333,34.0,43.33333,24.33333,6.66667,6.0,19.0,20.33333,114.0,0,-0.00722,0.00722,0.29849,0.23183,0.57556,0.53567,0.65833,0.62601,1540.37267,1485.05694,0.42458,0.57542,2.67307,1.82784,0.66667,1.51333,3.92667,2.80333,1.61333
240.0,42.66667,85.33333,0.49967,12.0,33.33333,0.334,19.66667,24.0,0.8,10.0,36.0,46.0,26.66667,8.0,4.33333,14.66667,20.0,117.0,240.0,37.66667,87.0,0.433,14.0,38.66667,0.37967,20.33333,26.33333,0.779,10.33333,32.66667,43.0,22.33333,10.0,7.33333,13.33333,18.0,109.66667,1,-0.09663,0.09663,0.29915,0.31414,0.51341,0.56978,0.59142,0.64494,1473.58009,1565.41154,0.61591,0.38409,1.71808,3.00048,0.66667,240.0,38.66667,88.66667,0.435,12.66667,33.0,0.38533,16.66667,24.66667,0.71633,7.66667,35.33333,43.0,20.0,9.33333,4.33333,11.66667,22.0,106.66667,240.0,40.33333,85.0,0.47767,5.33333,23.0,0.23733,22.0,31.0,0.71933,9.33333,42.66667,52.0,23.66667,7.33333,5.66667,14.0,17.33333,108.0,1,0.02086,-0.02086,0.27399,0.18414,0.50954,0.50582,0.59151,0.5663,1483.94554,1510.85004,0.53792,0.46208,1.95177,2.29428,0.66667,2.38667,2.46667,1.9,2.13667
240.0,42.66667,89.66667,0.47867,15.33333,36.33333,0.424,13.0,17.66667,0.74733,10.33333,39.0,49.33333,28.0,5.0,5.33333,16.33333,19.66667,113.66667,240.0,41.33333,91.33333,0.45233,13.33333,37.33333,0.35433,16.33333,21.33333,0.749,8.33333,34.66667,43.0,28.33333,10.0,4.66667,11.0,19.0,112.33333,0,-0.01448,0.01448,0.21279,0.29423,0.52554,0.56391,0.5859,0.61018,1538.45033,1563.66822,0.53238,0.46762,1.89371,2.16374,0.33333,240.0,38.0,82.33333,0.46533,11.0,32.33333,0.34333,15.0,20.33333,0.745,11.0,36.0,47.0,24.0,6.66667,3.66667,13.0,16.0,102.0,240.0,37.66667,87.0,0.43367,16.0,42.33333,0.37767,11.0,15.66667,0.681,10.66667,30.0,40.66667,25.0,7.0,4.66667,10.33333,19.66667,102.33333,0,-0.00074,0.00074,0.29524,0.37767,0.5261,0.53264,0.56632,0.59198,1464.04951,1417.91618,0.43247,0.56753,2.3824,1.79629,0.66667,1.86333,2.44,1.95,2.07667
240.0,41.33333,88.0,0.469,11.0,34.0,0.31667,11.33333,14.66667,0.76967,8.0,30.66667,38.66667,26.0,8.0,4.0,14.33333,17.33333,105.0,240.0,42.33333,83.33333,0.50833,10.66667,30.33333,0.34133,18.66667,20.66667,0.89433,6.33333,36.33333,42.66667,26.33333,7.0,5.66667,14.33333,16.0,114.0,1,0.12229,-0.12229,0.20417,0.22204,0.57244,0.5308,0.64882,0.57478,1480.98758,1489.21543,0.52034,0.47966,2.02897,2.29149,1.0,248.33333,41.0,86.66667,0.47333,16.0,38.33333,0.42233,18.33333,22.0,0.821,7.33333,31.33333,38.66667,24.66667,9.0,2.0,15.0,23.33333,116.33333,248.33333,42.33333,89.0,0.47567,16.33333,42.66667,0.38433,20.66667,24.66667,0.81367,13.0,34.66667,47.66667,24.0,8.0,4.66667,15.33333,19.0,121.66667,1,0.06108,-0.06108,0.40984,0.2144,0.5677,0.56612,0.64355,0.63457,1548.18949,1449.85256,0.3696,0.6304,2.92062,1.62056,1.0,1.99,1.99,2.93333,1.53333
240.0,41.33333,89.66667,0.46033,10.33333,33.66667,0.3,10.0,13.33333,0.76,8.33333,31.0,39.33333,27.66667,9.66667,6.33333,14.0,16.66667,103.0,240.0,38.66667,81.0,0.47767,11.66667,29.66667,0.38833,17.0,18.0,0.93,5.33333,36.66667,42.0,25.0,7.33333,5.33333,16.33333,16.33333,106.0,0,0.04246,-0.04246,0.16976,0.22918,0.54953,0.51702,0.62351,0.55512,1481.37916,1486.6694,0.50643,0.49357,2.11508,2.25247,0.66667,240.0,48.0,88.0,0.54633,13.66667,34.0,0.39767,13.66667,16.66667,0.82167,9.33333,36.0,45.33333,30.66667,10.0,6.33333,16.0,19.33333,123.33333,240.0,38.33333,84.0,0.45567,12.66667,35.33333,0.359,19.0,23.33333,0.816,8.0,27.66667,35.66667,25.66667,9.66667,4.0,15.66667,18.66667,108.33333,0,-0.18591,0.18591,0.22214,0.33628,0.53112,0.62357,0.60731,0.67391,1374.41581,1489.97467,0.63911,0.36089,1.56484,2.77183,0.0,2.14,1.93333,1.61667,3.13667
240.0,40.0,84.66667,0.47167,11.0,28.33333,0.38267,18.0,23.33333,0.78267,10.0,28.0,38.0,25.66667,9.33333,5.33333,13.66667,22.33333,109.0,240.0,47.66667,88.0,0.545,12.33333,24.0,0.52233,15.66667,21.33333,0.72867,10.33333,34.33333,44.66667,26.0,6.66667,6.33333,14.33333,20.66667,123.33333,0,0.18346,-0.18346,0.37632,0.29799,0.61618,0.53633,0.66983,0.60634,1515.90205,1430.32217,0.41226,0.58774,2.81537,1.80355,1.0,240.0,42.33333,85.0,0.498,12.33333,27.66667,0.44833,20.0,26.33333,0.76367,8.33333,34.0,42.33333,22.66667,8.0,4.0,8.0,19.66667,117.0,240.0,38.0,87.0,0.43667,13.33333,43.0,0.30533,14.33333,19.66667,0.729,10.33333,32.66667,43.0,20.33333,5.33333,6.0,12.66667,20.33333,103.66667,0,-0.17663,0.17663,0.3046,0.25808,0.5127,0.57057,0.56714,0.64442,1533.01714,1518.63493,0.45672,0.54328,2.34043,1.90985,0.0,5.56667,1.25,3.03667,1.69667
240.0,41.33333,86.0,0.48,10.0,27.33333,0.37267,19.33333,23.33333,0.80833,11.66667,32.66667,44.33333,24.33333,9.33333,3.33333,13.66667,18.33333,112.0,240.0,37.33333,84.0,0.445,13.0,37.66667,0.339,15.33333,18.66667,0.817,8.33333,30.33333,38.66667,21.0,8.0,3.66667,13.33333,20.0,103.0,1,-0.11925,0.11925,0.25687,0.39931,0.523,0.53901,0.58562,0.61331,1470.56989,1601.23712,0.66025,0.33975,1.59638,3.58717,0.33333,240.0,42.66667,87.66667,0.487,12.66667,34.0,0.37733,14.0,19.66667,0.71933,8.33333,32.0,40.33333,25.0,6.66667,3.66667,8.66667,17.33333,112.0,240.0,40.66667,87.0,0.46867,14.0,40.66667,0.34233,13.0,18.33333,0.709,9.66667,33.33333,43.0,24.66667,6.0,4.66667,12.33333,18.0,108.33333,1,-0.05069,0.05069,0.30699,0.2545,0.54848,0.55913,0.59579,0.60881,1488.14705,1572.39127,0.61109,0.38891,1.6754,2.74346,0.0,1.61333,2.97333,1.78,2.19333
248.33333,42.33333,90.0,0.46933,14.0,34.33333,0.40733,14.66667,20.66667,0.71333,9.0,31.33333,40.33333,25.33333,8.0,2.0,11.33333,15.0,113.33333,248.33333,42.66667,86.33333,0.49267,14.66667,39.0,0.38267,13.66667,17.33333,0.783,6.66667,36.33333,43.0,24.33333,6.66667,4.0,13.0,17.33333,113.66667,0,-0.00502,0.00502,0.21529,0.24455,0.57773,0.54879,0.62817,0.59987,1511.87045,1557.51087,0.57222,0.42778,1.75606,2.35602,0.33333,240.0,39.33333,92.0,0.42933,6.33333,31.33333,0.204,18.0,22.33333,0.812,14.0,33.33333,47.33333,17.66667,10.0,6.0,16.33333,21.33333,103.0,240.0,39.0,87.0,0.44833,9.0,28.66667,0.316,18.66667,25.66667,0.731,12.0,36.0,48.0,21.33333,8.66667,5.33333,17.0,22.33333,105.66667,0,0.03524,-0.03524,0.35727,0.38494,0.50025,0.46369,0.57035,0.53306,1430.59808,1447.91821,0.5169,0.4831,2.17816,2.61069,0.66667,2.01667,1.85333,1.89333,2.1
240.0,35.0,84.33333,0.41167,12.0,37.0,0.32633,17.0,21.33333,0.79067,9.33333,33.66667,43.0,22.33333,8.0,4.33333,19.0,23.33333,99.0,240.0,40.33333,83.66667,0.48067,13.33333,35.33333,0.379,27.0,33.33333,0.817,8.33333,38.0,46.33333,25.0,11.33333,5.66667,12.66667,19.33333,121.0,1,0.30711,-0.30711,0.24914,0.25619,0.56012,0.48365,0.66446,0.55378,1512.7141,1460.88743,0.44647,0.55353,2.2819,1.82529,1.0,240.0,45.0,95.0,0.474,13.33333,39.66667,0.336,16.33333,20.66667,0.812,11.0,33.33333,44.33333,28.66667,10.33333,6.0,9.0,15.0,119.66667,240.0,38.33333,83.33333,0.46133,12.33333,31.0,0.39867,10.0,16.33333,0.624,9.33333,35.66667,45.0,26.0,4.0,4.66667,19.66667,17.33333,99.0,1,-0.27259,0.27259,0.28187,0.30678,0.53484,0.54411,0.56995,0.60114,1342.65447,1487.6834,0.66545,0.33455,1.54909,3.43189,0.0,2.35,1.66667,1.40333,3.63333
240.0,41.33333,88.33333,0.46733,10.0,32.0,0.31033,21.0,24.33333,0.86433,14.66667,32.33333,47.0,23.0,9.66667,3.33333,13.66667,18.33333,113.66667,240.0,39.0,84.66667,0.461,13.66667,38.33333,0.352,15.0,18.33333,0.81433,7.0,30.33333,37.33333,22.33333,8.33333,2.66667,13.66667,19.0,106.66667,0,-0.08927,0.08927,0.21708,0.49306,0.54238,0.52412,0.60244,0.60568,1427.80415,1602.94742,0.72545,0.27455,1.39081,3.96209,0.33333,240.0,41.0,86.66667,0.473,8.66667,27.33333,0.30733,18.0,23.0,0.77733,11.33333,33.0,44.33333,26.0,8.33333,2.0,18.33333,19.0,108.66667,240.0,43.0,86.66667,0.495,14.33333,38.33333,0.37167,15.66667,19.66667,0.79633,7.0,33.66667,40.66667,27.0,13.0,3.66667,15.0,20.33333,116.0,0,0.09141,-0.09141,0.21083,0.33565,0.5788,0.52303,0.63818,0.59257,1462.83598,1437.5484,0.4774,0.5226,2.27352,2.11619,0.66667,1.52333,3.05,2.6,1.86667
240.0,39.0,85.66667,0.45533,12.33333,36.66667,0.336,16.33333,24.33333,0.673,11.66667,30.33333,42.0,26.33333,5.66667,3.33333,14.66667,14.33333,106.66667,240.0,47.66667,89.0,0.53533,16.66667,37.66667,0.443,11.0,13.66667,0.803,8.0,36.33333,44.33333,32.33333,10.66667,5.33333,12.66667,21.66667,123.0,0,0.20564,-0.20564,0.26195,0.32349,0.62937,0.52731,0.66851,0.58621,1549.26607,1343.96051,0.26042,0.73958,4.30088,1.36777,1.0,248.33333,40.0,92.0,0.43467,11.66667,35.66667,0.335,15.66667,22.0,0.70967,8.33333,35.66667,44.0,20.0,4.66667,2.66667,15.0,17.33333,107.33333,248.33333,51.33333,99.33333,0.52,14.33333,36.66667,0.39133,13.33333,16.0,0.87,9.0,40.0,49.0,30.66667,9.0,5.33333,9.0,19.66667,130.33333,0,0.27705,-0.27705,0.25411,0.21495,0.59226,0.49846,0.63737,0.55563,1650.84099,1483.92138,0.30803,0.69197,4.22978,1.56887,1.0,5.53333,1.19,6.48,1.46667
240.0,37.33333,80.0,0.467,10.0,27.0,0.36767,18.0,25.33333,0.70133,8.33333,35.0,43.33333,21.33333,3.66667,4.33333,16.0,22.0,102.66667,240.0,44.33333,88.66667,0.49833,12.0,27.66667,0.46433,17.33333,24.0,0.71367,10.66667,34.0,44.66667,26.0,10.33333,5.0,9.33333,21.66667,118.0,0,0.20448,-0.20448,0.3052,0.24561,0.566,0.52972,0.62758,0.59968,1475.57727,1414.4321,0.44109,0.55891,2.36434,1.84836,1.0,240.0,44.0,92.33333,0.47667,10.0,28.33333,0.35333,19.0,23.33333,0.804,10.66667,42.66667,53.33333,29.0,7.33333,4.0,14.33333,20.33333,117.0,240.0,41.33333,100.33333,0.41333,10.33333,38.0,0.27,17.33333,23.0,0.76167,12.33333,35.33333,47.66667,21.33333,8.66667,6.33333,10.0,20.0,110.33333,0,-0.09088,0.09088,0.29146,0.30732,0.46512,0.53112,0.52549,0.60329,1485.26449,1489.89912,0.4985,0.5015,2.32824,2.28266,0.33333,3.93333,1.35667,2.44667,2.02333
240.0,41.66667,91.0,0.45767,11.33333,35.33333,0.319,16.0,20.33333,0.788,9.66667,40.33333,50.0,24.0,6.33333,5.0,10.0,18.66667,110.66667,240.0,36.33333,87.0,0.41733,12.0,38.33333,0.30633,14.0,19.66667,0.72133,10.33333,37.0,47.33333,23.33333,6.0,4.33333,13.0,18.0,98.66667,1,-0.17454,0.17454,0.25461,0.26329,0.48574,0.51978,0.53961,0.57972,1491.34002,1549.36968,0.55436,0.44564,1.8978,2.38789,0.0,240.0,35.66667,82.33333,0.43533,10.0,28.33333,0.35433,15.66667,21.0,0.76033,9.0,34.33333,43.33333,22.0,9.66667,5.33333,17.33333,18.0,97.0,240.0,35.66667,82.33333,0.43467,9.0,34.0,0.26133,17.33333,23.33333,0.744,9.33333,36.33333,45.66667,23.33333,11.0,4.33333,19.0,20.66667,97.66667,1,0.01865,-0.01865,0.28091,0.24881,0.48904,0.49596,0.55941,0.56032,1570.78581,1449.52674,0.33843,0.66157,3.31351,1.57607,0.66667,1.96333,2.19667,2.43667,2.36667
256.66667,49.0,95.33333,0.516,16.33333,40.0,0.40833,16.0,20.0,0.81967,7.66667,36.33333,44.0,32.33333,11.33333,3.33333,9.66667,19.66667,130.33333,256.66667,45.0,96.33333,0.466,14.66667,40.0,0.369,18.33333,22.66667,0.808,13.0,36.66667,49.66667,30.33333,5.33333,2.66667,17.0,15.66667,123.0,0,-0.08846,0.08846,0.35786,0.2076,0.54216,0.6024,0.6058,0.65648,1560.3776,1555.9117,0.47938,0.52062,2.13801,1.9714,0.33333,240.0,40.33333,86.0,0.46933,14.66667,38.0,0.39033,17.33333,22.33333,0.787,10.0,26.33333,36.33333,29.33333,7.0,5.66667,12.33333,20.0,112.66667,240.0,47.66667,85.66667,0.55867,18.33333,35.33333,0.52333,13.33333,17.0,0.791,6.33333,34.66667,41.0,32.33333,6.66667,4.0,13.0,22.66667,127.0,0,0.17609,-0.17609,0.25481,0.30098,0.66525,0.55426,0.71199,0.61986,1653.54235,1370.56168,0.17273,0.82727,6.06461,1.21155,1.0,3.18667,1.67,6.75,1.11667
240.0,37.0,81.33333,0.45533,11.33333,35.0,0.34167,14.33333,19.0,0.75733,6.0,26.0,32.0,24.66667,10.66667,4.66667,10.33333,17.0,99.66667,240.0,41.0,82.66667,0.49433,13.66667,37.66667,0.36533,13.33333,16.66667,0.799,9.33333,34.66667,44.0,27.0,7.0,4.66667,15.33333,17.66667,109.0,0,0.12983,-0.12983,0.35928,0.17065,0.57649,0.52505,0.62989,0.58332,1583.83091,1488.38891,0.38376,0.61624,2.73656,1.6586,0.66667,240.0,46.33333,93.66667,0.495,16.33333,38.0,0.429,15.66667,20.0,0.758,8.66667,40.33333,49.0,29.0,10.66667,5.33333,15.66667,20.33333,124.66667,240.0,34.66667,86.66667,0.403,14.66667,42.0,0.35833,23.66667,29.66667,0.81233,8.0,34.33333,42.33333,21.66667,11.0,8.33333,14.66667,17.0,107.66667,0,-0.21613,0.21613,0.18712,0.25498,0.48774,0.58221,0.58174,0.63564,1334.99311,1552.65738,0.76641,0.23359,1.3099,4.45499,0.33333,2.42,1.65667,1.37,3.73333
240.0,42.66667,93.33333,0.46033,15.0,35.0,0.42567,15.0,17.66667,0.848,10.66667,38.66667,49.33333,23.0,7.66667,3.33333,11.33333,16.0,115.33333,240.0,40.33333,93.0,0.43133,13.33333,40.33333,0.325,14.33333,18.0,0.79767,11.33333,33.66667,45.0,23.33333,6.66667,6.33333,12.0,15.33333,108.33333,1,-0.09987,0.09987,0.30226,0.31382,0.50227,0.54115,0.55615,0.59701,1459.75291,1596.89461,0.68436,0.31564,1.48039,3.35489,0.66667,240.0,44.0,90.33333,0.48633,13.0,36.66667,0.354,15.66667,20.33333,0.74667,9.66667,36.0,45.66667,29.33333,9.0,6.66667,15.0,20.0,116.66667,240.0,36.0,86.33333,0.419,13.66667,39.0,0.36133,25.66667,30.33333,0.85833,9.66667,34.0,43.66667,21.66667,10.0,7.33333,14.0,16.66667,111.33333,1,-0.07007,0.07007,0.26929,0.28451,0.49855,0.55821,0.60141,0.6148,1339.60444,1492.15127,0.70516,0.29484,1.428,3.53571,0.66667,1.73667,2.73,1.51333,2.8
256.66667,41.66667,94.66667,0.44333,6.66667,26.33333,0.25467,24.33333,29.66667,0.81867,15.0,37.66667,52.66667,27.0,8.66667,4.66667,14.33333,18.0,114.33333,256.66667,43.66667,92.0,0.475,9.33333,32.0,0.284,19.33333,24.33333,0.806,8.33333,35.33333,43.66667,26.66667,7.0,6.0,14.33333,24.33333,116.0,1,0.01949,-0.01949,0.24097,0.4433,0.52666,0.47881,0.59673,0.5681,1435.70161,1480.49211,0.56572,0.43428,1.84252,2.42698,0.66667,240.0,45.33333,89.66667,0.50567,15.0,33.0,0.44867,13.66667,17.66667,0.78167,11.33333,37.33333,48.66667,28.0,7.0,6.33333,13.0,20.66667,119.33333,240.0,36.33333,85.66667,0.42433,8.0,29.33333,0.272,17.33333,23.33333,0.76967,9.0,30.0,39.0,20.66667,8.0,4.33333,14.66667,16.33333,98.0,1,-0.28992,0.28992,0.2487,0.378,0.47028,0.59002,0.53915,0.63858,1365.54808,1465.63118,0.61522,0.38478,1.70437,2.93772,0.0,1.56333,3.03333,1.49667,3.18333
240.0,35.0,91.66667,0.38067,9.66667,35.66667,0.27533,15.33333,22.66667,0.665,15.0,35.66667,50.66667,16.33333,8.33333,5.0,18.33333,22.33333,95.0,240.0,41.66667,93.33333,0.44367,15.66667,42.66667,0.361,17.33333,22.66667,0.78067,13.66667,40.0,53.66667,23.66667,10.66667,6.66667,13.0,20.0,116.33333,0,0.28992,-0.28992,0.3834,0.37641,0.52725,0.4335,0.59051,0.49068,1548.54412,1341.66234,0.26561,0.73439,5.05893,1.39109,1.0,240.0,37.66667,83.33333,0.45267,12.66667,30.66667,0.40567,19.33333,27.66667,0.69733,8.66667,29.66667,38.33333,22.33333,7.0,4.33333,12.0,16.33333,107.33333,240.0,41.33333,86.0,0.481,12.66667,34.66667,0.37433,15.66667,18.66667,0.82533,9.0,37.0,46.0,20.33333,7.0,6.33333,13.0,20.66667,111.0,0,0.04746,-0.04746,0.3059,0.23046,0.55497,0.52751,0.61659,0.60046,1493.26855,1464.17649,0.46494,0.53506,2.2834,1.94964,0.66667,7.45,1.26333,1.95,2.11667
240.0,35.66667,81.66667,0.438,11.66667,30.66667,0.37833,21.66667,29.33333,0.73733,8.33333,38.33333,46.66667,21.0,10.0,5.66667,13.66667,20.66667,104.66667,240.0,35.33333,80.0,0.443,9.33333,30.33333,0.29333,17.0,23.0,0.76133,5.66667,37.0,42.66667,22.33333,7.0,5.33333,16.66667,21.0,97.0,1,-0.10588,0.10588,0.14301,0.24354,0.50483,0.5085,0.57573,0.59534,1459.97502,1597.89714,0.67363,0.32637,1.51532,3.39092,0.33333,240.0,46.66667,95.33333,0.49,13.66667,36.33333,0.38533,17.66667,20.33333,0.877,11.0,34.33333,45.33333,31.33333,10.0,5.0,10.66667,16.0,124.66667,240.0,39.33333,90.33333,0.43567,11.33333,33.33333,0.327,14.0,18.33333,0.746,11.66667,32.33333,44.0,24.66667,6.33333,5.33333,17.33333,17.0,104.0,1,-0.25869,0.25869,0.34016,0.3451,0.50011,0.56154,0.55224,0.62454,1350.98827,1435.44626,0.58878,0.41122,1.71267,2.47677,0.0,1.52,3.27,1.57,2.56667
240.0,46.66667,89.0,0.52367,19.33333,44.33333,0.43533,14.0,17.66667,0.792,8.66667,34.0,42.66667,31.33333,9.0,4.33333,15.33333,22.33333,126.66667,240.0,41.0,89.0,0.45933,10.66667,34.66667,0.30267,17.0,24.0,0.71267,13.0,31.66667,44.66667,20.33333,8.66667,2.0,14.33333,20.0,109.66667,1,-0.20206,0.20206,0.39309,0.2737,0.51933,0.6319,0.5815,0.68052,1419.71917,1486.22317,0.57237,0.42763,1.85275,2.52841,0.33333,240.0,41.33333,84.66667,0.48767,13.0,32.66667,0.366,16.33333,20.33333,0.775,9.66667,35.33333,45.0,26.33333,6.0,5.33333,15.33333,23.33333,112.0,240.0,39.0,86.33333,0.45167,11.66667,35.33333,0.339,20.0,27.66667,0.72533,10.33333,32.33333,42.66667,22.33333,8.33333,7.33333,10.66667,19.66667,109.66667,1,-0.03352,0.03352,0.28318,0.30518,0.51955,0.5645,0.59394,0.62783,1604.78665,1578.55024,0.44809,0.55191,2.32032,1.86165,0.66667,1.61333,3.87333,3.13333,1.46667
248.33333,42.66667,93.33333,0.45567,12.66667,39.66667,0.311,12.0,13.33333,0.898,9.33333,29.33333,38.66667,25.33333,8.0,4.66667,12.0,20.0,110.0,248.33333,41.0,86.33333,0.474,12.0,33.0,0.38133,19.0,23.0,0.838,11.0,36.66667,47.66667,21.0,7.0,4.0,15.66667,15.33333,113.0,0,0.05132,-0.05132,0.40303,0.26232,0.54485,0.52282,0.61959,0.56981,1589.87204,1634.91868,0.57285,0.42715,1.74959,2.35144,0.33333,240.0,43.0,90.0,0.47967,16.0,36.66667,0.439,13.0,18.66667,0.696,11.66667,34.33333,46.0,25.66667,10.0,4.33333,17.33333,20.66667,115.0,240.0,39.66667,83.66667,0.47367,12.33333,33.33333,0.347,21.66667,24.66667,0.88733,7.33333,34.66667,42.0,26.66667,10.0,7.33333,16.0,18.66667,113.33333,0,-0.02482,0.02482,0.21746,0.33205,0.54647,0.56821,0.63627,0.61265,1562.05275,1536.74518,0.45495,0.54505,2.24087,1.85625,0.66667,1.92667,2.00667,5.28333,1.29667
240.0,40.0,88.66667,0.451,11.0,37.66667,0.28967,18.33333,27.66667,0.67433,7.33333,30.66667,38.0,23.66667,10.33333,5.0,11.33333,22.66667,109.33333,240.0,40.0,85.33333,0.47267,12.0,33.66667,0.35033,28.33333,35.66667,0.799,11.66667,39.66667,51.33333,22.66667,8.66667,4.66667,15.0,18.66667,120.33333,0,0.13724,-0.13724,0.37948,0.1886,0.54158,0.51334,0.64753,0.57726,1511.42736,1410.57102,0.39519,0.60481,3.44567,1.85504,1.0,240.0,38.0,84.33333,0.44933,11.66667,37.0,0.32333,16.33333,22.0,0.75233,9.0,36.33333,45.33333,27.66667,8.0,2.0,17.66667,15.66667,104.0,240.0,46.0,94.33333,0.48533,18.33333,43.33333,0.42033,11.66667,14.33333,0.85167,8.66667,36.33333,45.0,32.33333,11.0,2.66667,11.66667,18.0,122.0,0,0.23674,-0.23674,0.24939,0.26004,0.58261,0.51808,0.62566,0.58161,1652.8902,1400.94428,0.20612,0.79388,5.30845,1.26828,1.0,3.40333,1.78,5.98333,1.26667
240.0,43.0,87.66667,0.48967,7.66667,21.0,0.36567,20.0,26.66667,0.75233,8.66667,38.0,46.66667,28.66667,5.0,2.0,13.66667,18.33333,113.66667,240.0,45.66667,93.33333,0.48733,14.33333,38.33333,0.37267,15.0,19.66667,0.81367,7.33333,35.66667,43.0,28.0,8.33333,3.0,10.0,20.33333,120.66667,1,0.08378,-0.08378,0.19709,0.24788,0.56415,0.53377,0.61794,0.60706,1602.32538,1380.16205,0.23878,0.76122,5.15477,1.34818,0.33333,240.0,45.66667,89.33333,0.51167,12.0,29.0,0.406,15.66667,20.0,0.78333,10.66667,37.66667,48.33333,27.0,9.0,3.0,15.33333,19.33333,119.0,240.0,41.0,90.0,0.45367,11.33333,34.66667,0.31833,14.33333,18.33333,0.814,8.0,30.66667,38.66667,25.0,8.0,4.33333,12.66667,18.0,107.66667,1,-0.1547,0.1547,0.21746,0.35119,0.51524,0.57805,0.56995,0.63469,1423.43334,1540.16485,0.64295,0.35705,1.58701,2.96144,0.0,5.65,1.25333,2.63,1.70333
240.0,39.33333,86.0,0.45667,9.66667,29.33333,0.33,21.66667,26.33333,0.80767,7.66667,42.0,49.66667,24.0,7.66667,7.0,13.66667,21.0,110.0,240.0,37.0,93.66667,0.39933,7.66667,27.66667,0.28867,14.0,25.0,0.54533,13.0,37.0,50.0,19.66667,7.66667,3.33333,13.33333,21.66667,95.66667,1,-0.20836,0.20836,0.30926,0.20445,0.44057,0.51249,0.48539,0.59918,1534.41113,1497.0896,0.42558,0.57442,2.61634,1.81123,0.0,240.0,38.66667,87.33333,0.44767,12.66667,35.0,0.36567,20.33333,24.33333,0.84,9.66667,33.33333,43.0,24.33333,8.66667,3.66667,18.33333,24.66667,110.33333,240.0,42.33333,90.33333,0.46867,10.66667,30.0,0.35567,23.33333,31.0,0.74533,11.0,35.33333,46.33333,26.33333,10.33333,5.0,14.66667,18.66667,118.66667,1,0.10552,-0.10552,0.33889,0.2889,0.52784,0.51976,0.61099,0.59996,1413.95514,1398.09737,0.48555,0.51445,2.15029,2.03762,1.0,3.55667,1.73,4.30333,1.53333
248.33333,40.33333,93.33333,0.43133,13.0,45.66667,0.28333,15.33333,20.66667,0.73333,10.66667,35.66667,46.33333,18.0,6.33333,4.33333,11.66667,20.66667,109.0,248.33333,42.66667,94.0,0.45467,13.0,33.66667,0.357,13.33333,17.0,0.77767,12.33333,38.0,50.33333,21.66667,6.33333,3.66667,11.33333,19.66667,111.66667,0,0.03505,-0.03505,0.34315,0.29387,0.52379,0.50183,0.57205,0.55784,1564.52576,1690.90913,0.67324,0.32676,1.51108,3.25558,0.66667,240.0,41.33333,84.0,0.49433,13.0,30.33333,0.43633,13.0,16.0,0.816,8.0,39.0,47.0,25.0,7.33333,6.0,17.33333,18.33333,108.66667,240.0,37.66667,89.0,0.422,11.0,37.66667,0.29233,15.66667,21.33333,0.732,10.0,32.66667,42.66667,25.0,10.0,4.0,14.0,18.33333,102.0,0,-0.08677,0.08677,0.25923,0.24955,0.48389,0.57206,0.54413,0.6235,1568.65963,1514.72263,0.41923,0.58077,2.62448,1.78286,0.33333,1.52333,2.7,1.98333,3.12
240.0,42.33333,84.66667,0.49967,10.66667,27.0,0.38767,18.0,22.33333,0.81967,9.33333,28.0,37.33333,27.33333,9.33333,4.66667,13.0,23.66667,113.33333,240.0,43.66667,85.33333,0.515,11.66667,28.66667,0.41233,17.66667,23.66667,0.74867,9.0,32.33333,41.33333,24.33333,6.0,5.66667,14.33333,19.66667,116.66667,0,0.0378,-0.0378,0.33928,0.29196,0.58377,0.56212,0.64795,0.63224,1518.81843,1437.96013,0.39588,0.60412,2.87002,1.72318,0.66667,248.33333,40.66667,92.33333,0.441,10.33333,30.66667,0.33167,21.0,25.33333,0.82733,11.33333,40.66667,52.0,22.33333,8.0,5.66667,12.0,20.33333,112.66667,248.33333,40.33333,94.0,0.42867,6.33333,29.66667,0.206,15.66667,20.66667,0.773,9.0,38.0,47.0,19.33333,4.66667,3.66667,13.33333,21.33333,102.66667,0,-0.14427,0.14427,0.22751,0.30194,0.46188,0.49763,0.51942,0.57624,1387.09883,1502.09919,0.64551,0.35449,1.55584,2.86503,0.33333,5.83333,1.18333,1.56,2.6
240.0,46.0,95.66667,0.48067,18.0,41.0,0.44067,14.66667,18.33333,0.79967,11.0,42.0,53.0,26.33333,10.0,4.0,11.66667,17.0,124.66667,240.0,35.0,88.0,0.39833,12.33333,37.0,0.33333,18.0,23.0,0.798,8.33333,32.66667,41.0,21.33333,8.66667,5.66667,13.66667,15.0,100.33333,0,-0.31936,0.31936,0.19918,0.34693,0.46819,0.57506,0.53933,0.62519,1417.81018,1601.36294,0.71613,0.28387,1.43446,4.03166,0.0,240.0,39.0,85.66667,0.455,10.33333,35.33333,0.29333,17.0,21.66667,0.805,6.66667,30.33333,37.0,23.33333,9.33333,4.33333,11.66667,21.33333,105.33333,240.0,42.33333,88.66667,0.48067,12.33333,33.66667,0.36667,22.66667,27.33333,0.84067,13.33333,38.0,51.33333,21.33333,8.66667,4.0,12.33333,19.33333,119.66667,0,0.18647,-0.18647,0.429,0.18129,0.55127,0.51621,0.63571,0.58351,1561.84074,1444.66179,0.35976,0.64024,2.95989,1.5854,1.0,1.33333,4.03333,3.49333,2.02667
240.0,43.66667,84.66667,0.515,11.66667,33.66667,0.321,20.33333,25.33333,0.78433,9.66667,32.0,41.66667,26.33333,7.66667,3.66667,13.0,19.66667,119.33333,240.0,44.66667,88.33333,0.50467,13.66667,33.33333,0.41267,17.33333,23.33333,0.745,9.0,31.66667,40.66667,26.33333,7.33333,4.0,13.0,18.33333,120.33333,0,0.01467,-0.01467,0.28807,0.31414,0.58235,0.58355,0.64321,0.65979,1520.3992,1566.25,0.5669,0.4331,1.81796,2.40307,0.66667,240.0,36.66667,82.66667,0.44433,13.0,31.66667,0.40267,20.33333,27.33333,0.75567,9.0,31.66667,40.66667,22.66667,6.66667,6.33333,14.66667,17.33333,106.66667,240.0,39.66667,88.66667,0.45033,15.0,34.33333,0.438,19.66667,22.33333,0.88633,12.33333,35.33333,47.66667,22.66667,7.66667,6.66667,13.0,19.33333,114.0,0,0.09673,-0.09673,0.38552,0.25316,0.53493,0.52185,0.61196,0.6018,1495.52757,1384.54724,0.35579,0.64421,2.97267,1.58307,1.0,2.7,1.89,2.23333,2.0
240.0,43.66667,91.33333,0.478,14.33333,37.0,0.37767,16.33333,21.0,0.77167,8.33333,39.66667,48.0,23.66667,9.33333,3.66667,12.0,18.0,118.0,240.0,37.66667,88.66667,0.426,14.0,36.66667,0.383,19.0,24.33333,0.796,7.66667,35.66667,43.33333,22.66667,8.0,4.0,12.0,17.33333,108.33333,1,-0.11762,0.11762,0.19119,0.24779,0.50479,0.5552,0.57734,0.6142,1482.54125,1607.2513,0.65228,0.34772,1.57843,3.37931,0.33333,240.0,37.0,86.33333,0.43167,11.33333,35.66667,0.31733,17.0,22.66667,0.74633,11.66667,33.33333,45.0,21.0,5.66667,2.0,12.33333,16.66667,102.33333,240.0,42.0,90.0,0.467,17.66667,42.0,0.419,12.33333,15.33333,0.81733,10.66667,32.66667,43.33333,30.33333,6.66667,5.66667,10.0,20.66667,114.0,1,0.15259,-0.15259,0.31863,0.37238,0.56553,0.49715,0.61152,0.56282,1464.0706,1472.74865,0.53617,0.46383,1.93565,2.26857,1.0,1.39,3.6,1.59667,2.79333
240.0,43.33333,85.33333,0.507,12.66667,34.0,0.37433,19.66667,23.33333,0.84233,8.33333,37.66667,46.0,30.33333,7.33333,4.66667,9.33333,15.66667,119.0,240.0,36.33333,85.33333,0.42533,11.33333,34.0,0.32067,13.66667,19.0,0.66833,9.66667,30.33333,40.0,24.33333,5.66667,4.33333,12.33333,20.0,97.66667,0,-0.28034,0.28034,0.25915,0.27583,0.49143,0.58173,0.54515,0.65726,1425.84271,1381.46754,0.39809,0.60191,2.63737,1.70633,0.0,240.0,44.66667,89.33333,0.50033,13.33333,31.66667,0.42067,13.33333,17.0,0.79967,7.66667,33.33333,41.0,30.0,6.66667,5.66667,5.66667,16.33333,116.0,240.0,43.0,86.66667,0.499,12.66667,31.0,0.40167,13.33333,18.0,0.75933,8.66667,33.33333,42.0,28.66667,4.66667,3.33333,10.66667,15.66667,112.0,0,-0.04845,0.04845,0.25559,0.23113,0.57153,0.57563,0.62038,0.6239,1477.38198,1493.08751,0.51741,0.48259,2.10216,2.21647,0.33333,2.61333,1.81333,2.94,1.94
240.0,37.66667,84.0,0.448,9.33333,29.0,0.336,19.66667,27.66667,0.71533,8.33333,32.0,40.33333,20.66667,9.0,5.66667,9.0,16.0,104.33333,240.0,40.33333,87.33333,0.464,13.33333,35.33333,0.37467,16.33333,18.66667,0.86133,11.0,38.0,49.0,22.33333,6.33333,6.33333,13.0,20.66667,110.33333,1,0.08419,-0.08419,0.33913,0.23269,0.54124,0.50338,0.60586,0.57964,1513.84032,1360.84092,0.30071,0.69929,3.39039,1.43444,0.66667,240.0,43.33333,85.66667,0.50567,12.33333,35.66667,0.33767,14.33333,18.0,0.79533,10.0,36.0,46.0,30.0,8.0,4.0,16.66667,21.33333,113.33333,240.0,40.33333,84.66667,0.475,13.0,35.66667,0.364,16.66667,21.0,0.797,8.66667,30.0,38.66667,25.66667,8.66667,2.66667,13.33333,20.66667,110.33333,1,-0.0406,0.0406,0.24174,0.34253,0.55164,0.57718,0.61711,0.63228,1378.00093,1479.64431,0.64777,0.35223,1.54423,2.84203,0.33333,4.95,1.31,1.46333,3.28333
240.0,38.0,88.33333,0.42967,10.66667,35.33333,0.30433,13.66667,18.66667,0.68833,9.66667,38.0,47.66667,17.33333,5.66667,3.66667,8.66667,16.33333,100.33333,240.0,35.0,87.66667,0.39967,11.33333,35.66667,0.30067,10.33333,13.66667,0.78767,9.33333,36.0,45.33333,17.0,6.0,3.66667,11.66667,18.66667,91.66667,1,-0.13169,0.13169,0.24834,0.26657,0.46381,0.49029,0.50529,0.54236,1411.33593,1540.43005,0.66167,0.33833,1.55258,3.21716,0.33333,240.0,42.0,90.0,0.46367,10.0,33.66667,0.292,16.0,19.0,0.839,9.33333,34.66667,44.0,26.33333,6.33333,6.33333,13.33333,17.33333,110.0,240.0,45.0,98.33333,0.458,11.33333,29.0,0.36933,14.0,19.33333,0.74033,16.0,35.33333,51.33333,26.66667,8.66667,5.66667,12.0,17.33333,115.33333,1,0.07992,-0.07992,0.45195,0.30008,0.51753,0.51874,0.56492,0.58115,1526.41667,1439.11332,0.38578,0.61422,2.68391,1.64617,0.66667,1.37667,3.63333,2.58333,1.57333
240.0,38.66667,85.0,0.45267,15.66667,38.0,0.41867,14.66667,18.66667,0.79067,8.0,31.33333,39.33333,25.33333,8.66667,4.33333,16.33333,21.0,107.66667,240.0,37.66667,84.0,0.448,6.33333,29.66667,0.209,20.0,25.0,0.783,12.0,32.66667,44.66667,19.66667,8.33333,7.33333,16.66667,19.33333,101.66667,0,-0.07622,0.07622,0.39146,0.24369,0.48557,0.54407,0.56748,0.602,1523.42445,1571.55493,0.55909,0.44091,1.8092,2.30595,0.33333,240.0,42.66667,84.66667,0.504,12.66667,28.0,0.45467,20.33333,25.66667,0.78933,8.66667,34.33333,43.0,24.66667,5.66667,3.33333,9.33333,21.0,118.33333,240.0,41.66667,90.0,0.46267,15.66667,45.33333,0.346,15.33333,21.66667,0.706,10.33333,31.66667,42.0,23.33333,5.66667,5.66667,9.66667,19.66667,114.33333,0,-0.05375,0.05375,0.30152,0.27386,0.54972,0.57927,0.60258,0.65581,1530.15549,1453.63082,0.38652,0.61348,2.6927,1.66089,0.33333,3.34333,1.66667,4.5,1.26
240.0,45.0,90.66667,0.49633,14.33333,39.0,0.375,13.33333,17.66667,0.73333,10.33333,34.66667,45.0,23.33333,7.33333,3.0,11.33333,17.0,117.66667,240.0,39.33333,85.0,0.46367,14.0,35.33333,0.40067,17.0,21.0,0.81433,10.66667,34.0,44.66667,25.0,8.0,4.0,13.66667,17.0,109.66667,1,-0.09641,0.09641,0.32143,0.30267,0.54588,0.57535,0.61299,0.62182,1483.52149,1540.25305,0.56895,0.43105,1.79752,2.4403,0.33333,240.0,38.0,89.33333,0.426,5.33333,30.66667,0.173,17.0,21.0,0.824,12.0,34.66667,46.66667,20.66667,10.66667,6.66667,18.0,20.33333,98.33333,240.0,40.0,86.66667,0.462,9.66667,29.33333,0.334,16.66667,23.33333,0.71767,11.0,37.33333,48.33333,23.0,10.0,6.66667,16.33333,20.66667,106.33333,1,0.11748,-0.11748,0.31676,0.319,0.51802,0.45578,0.57946,0.52385,1424.58457,1414.89247,0.49551,0.50449,2.21635,2.26571,1.0,1.85667,2.33,1.84333,2.21667
240.0,42.0,85.66667,0.49267,11.66667,29.66667,0.40367,19.33333,27.0,0.73733,7.33333,28.66667,36.0,21.66667,10.66667,3.33333,10.33333,20.33333,115.0,240.0,43.0,83.33333,0.517,12.0,35.0,0.339,17.33333,24.33333,0.733,9.66667,34.33333,44.0,23.0,6.66667,5.66667,15.33333,20.33333,115.33333,0,0.00315,-0.00315,0.3386,0.21364,0.58806,0.56203,0.65123,0.63141,1557.72193,1401.9856,0.29328,0.70672,3.7767,1.43577,0.66667,240.0,38.0,86.33333,0.44067,11.33333,36.33333,0.314,17.0,21.66667,0.78,9.66667,31.0,40.66667,24.66667,9.33333,4.0,15.33333,18.33333,104.33333,240.0,44.33333,85.33333,0.51833,15.66667,39.33333,0.398,15.33333,18.66667,0.81467,6.66667,37.66667,44.33333,31.33333,10.66667,4.0,15.33333,18.66667,119.66667,0,0.19895,-0.19895,0.21454,0.26898,0.61099,0.50602,0.66922,0.57308,1484.57825,1505.84841,0.56106,0.43894,1.95226,2.51577,1.0,4.5,1.37333,2.27,2.09
240.0,41.33333,86.0,0.48067,14.0,38.66667,0.36,16.0,22.0,0.731,12.33333,33.33333,45.66667,28.33333,6.66667,4.0,17.66667,15.66667,112.66667,240.0,47.33333,91.0,0.52067,19.33333,39.0,0.49,11.66667,15.66667,0.75667,8.33333,33.33333,41.66667,31.66667,12.33333,4.0,12.66667,20.33333,125.66667,1,0.15903,-0.15903,0.24229,0.37135,0.62683,0.5618,0.66591,0.62021,1588.23303,1339.65807,0.21605,0.78395,5.43953,1.29646,1.0,240.0,44.0,93.0,0.47267,13.33333,32.66667,0.40267,17.0,20.33333,0.834,11.66667,39.0,50.66667,28.0,7.33333,7.33333,11.33333,21.66667,118.33333,240.0,35.33333,85.33333,0.41467,6.33333,26.66667,0.24067,19.66667,27.33333,0.72933,10.0,33.66667,43.66667,19.0,5.66667,5.33333,14.66667,17.33333,96.66667,1,-0.29491,0.29491,0.26306,0.35104,0.4518,0.54438,0.529,0.60714,1371.6857,1520.82983,0.68391,0.31609,1.47351,3.30437,0.0,5.61667,1.18667,1.34,3.56667
256.66667,43.66667,93.0,0.47867,16.33333,45.33333,0.365,9.33333,11.33333,0.85867,5.0,36.33333,41.33333,24.66667,7.0,4.0,15.0,21.33333,113.0,256.66667,42.33333,91.0,0.464,11.33333,31.66667,0.362,17.66667,22.66667,0.78333,10.66667,37.66667,48.33333,21.0,8.33333,4.66667,12.66667,16.33333,113.66667,1,-0.00037,0.00037,0.3003,0.12532,0.5272,0.56768,0.59219,0.60265,1600.32995,1696.31208,0.63763,0.36237,1.5822,2.82605,0.66667,240.0,43.0,91.66667,0.46667,11.33333,35.33333,0.321,20.33333,25.0,0.80567,13.33333,36.0,49.33333,22.0,8.33333,4.66667,12.0,15.33333,117.66667,240.0,41.33333,92.66667,0.44533,12.66667,37.66667,0.33133,13.0,18.66667,0.68267,11.33333,32.33333,43.66667,22.0,8.66667,4.66667,13.0,18.0,108.33333,1,-0.10919,0.10919,0.31346,0.43452,0.51461,0.52857,0.55905,0.60295,1337.79822,1548.94173,0.76664,0.23336,1.30906,4.46734,0.33333,1.68667,2.46,1.33667,4.05
240.0,38.33333,92.0,0.41767,11.33333,37.66667,0.30933,15.66667,20.66667,0.77733,10.33333,31.66667,42.0,19.66667,6.33333,4.66667,8.33333,16.66667,103.66667,240.0,42.33333,91.0,0.46567,12.33333,36.0,0.33633,15.33333,18.0,0.85133,11.66667,39.33333,51.0,25.66667,5.66667,6.66667,11.66667,18.0,112.33333,1,0.11355,-0.11355,0.37538,0.26501,0.53488,0.47885,0.59263,0.53774,1547.05182,1487.11983,0.43337,0.56663,2.63479,1.85492,0.66667,240.0,41.0,94.66667,0.43233,9.0,30.33333,0.29667,20.33333,25.66667,0.775,13.66667,44.33333,58.0,26.33333,5.0,4.66667,15.66667,22.0,111.33333,240.0,40.0,100.33333,0.39967,10.66667,35.33333,0.29933,19.66667,27.33333,0.727,12.33333,34.33333,46.66667,26.0,9.0,7.66667,7.33333,21.33333,110.33333,1,-0.02118,0.02118,0.28386,0.41338,0.45296,0.47978,0.52025,0.55652,1482.43241,1406.65973,0.39461,0.60539,2.69922,1.69477,0.66667,2.15,2.0,2.79,1.73667
240.0,40.66667,88.0,0.46267,13.0,32.0,0.39733,15.33333,18.66667,0.80833,9.66667,36.33333,46.0,23.33333,8.0,3.33333,14.66667,22.0,109.66667,240.0,38.66667,88.0,0.43833,10.0,36.0,0.27833,19.0,24.66667,0.77467,10.33333,34.33333,44.66667,17.33333,9.0,5.33333,13.33333,19.0,106.33333,1,-0.03984,0.03984,0.29077,0.27965,0.4959,0.53831,0.56905,0.59683,1513.61947,1655.63853,0.68333,0.31667,1.49162,3.42204,0.33333,240.0,40.0,85.33333,0.469,12.0,30.0,0.39633,16.66667,24.0,0.69067,8.0,30.0,38.0,25.33333,8.66667,4.66667,9.0,20.0,108.66667,240.0,41.0,85.66667,0.479,13.66667,35.66667,0.38567,14.66667,20.0,0.72733,10.0,35.33333,45.33333,23.33333,5.33333,6.0,15.33333,19.33333,110.33333,1,0.01896,-0.01896,0.3441,0.22527,0.55806,0.53876,0.61207,0.59949,1490.55499,1497.92101,0.51321,0.48679,1.98106,2.09518,0.33333,2.02,2.02667,3.45333,1.63333
256.66667,46.66667,94.66667,0.49233,15.0,36.66667,0.411,15.0,19.66667,0.78767,9.33333,34.66667,44.0,27.66667,10.33333,4.66667,12.33333,23.66667,123.33333,256.66667,42.66667,92.33333,0.46033,15.0,37.66667,0.41467,23.33333,29.66667,0.79133,12.0,36.66667,48.66667,28.33333,5.66667,4.0,17.33333,14.66667,123.66667,1,0.00751,-0.00751,0.34501,0.2581,0.54191,0.57162,0.62492,0.62292,1624.05955,1557.02773,0.40204,0.59796,2.5029,1.67672,0.66667,240.0,42.0,89.33333,0.47,13.0,37.33333,0.35033,14.66667,18.66667,0.79667,11.66667,34.0,45.66667,26.0,5.0,4.0,10.66667,16.66667,111.66667,240.0,41.66667,90.33333,0.46167,14.33333,41.0,0.34867,13.0,17.0,0.77,10.0,33.0,43.0,24.66667,6.66667,3.66667,10.33333,18.0,110.66667,1,-0.013,0.013,0.29588,0.36056,0.54074,0.54272,0.58839,0.59734,1486.9009,1609.2026,0.66688,0.33312,1.50943,3.08243,0.0,3.17,1.72,1.75333,2.22333
240.0,36.33333,80.33333,0.45333,12.0,36.66667,0.341,16.33333,21.0,0.78433,6.33333,26.66667,33.0,28.66667,10.33333,5.0,12.66667,20.33333,101.0,240.0,42.66667,84.0,0.507,15.0,38.0,0.39967,15.66667,20.0,0.801,10.0,35.33333,45.33333,30.0,8.0,3.66667,15.33333,19.66667,116.0,1,0.20555,-0.20555,0.37637,0.17671,0.59621,0.52796,0.65567,0.59509,1532.04853,1480.25799,0.45054,0.54946,2.54721,2.10935,1.0,248.33333,46.0,89.66667,0.51233,11.66667,30.66667,0.382,20.0,23.0,0.87067,9.0,34.0,43.0,26.33333,8.0,5.33333,10.0,19.33333,123.66667,248.33333,42.66667,92.33333,0.46033,7.33333,26.0,0.28033,20.66667,24.66667,0.85233,13.33333,31.0,44.33333,24.66667,5.66667,6.0,13.66667,19.0,113.33333,1,-0.12826,0.12826,0.4094,0.29444,0.49923,0.57751,0.57775,0.65167,1475.50423,1457.61877,0.45438,0.54562,2.32838,1.88673,0.0,2.24333,2.08667,3.05,1.49
240.0,38.66667,84.33333,0.458,11.66667,33.33333,0.35267,19.0,27.33333,0.695,7.66667,37.0,44.66667,22.66667,9.33333,6.33333,12.33333,20.0,108.0,240.0,37.33333,83.0,0.45167,7.0,26.0,0.27733,14.66667,23.0,0.63567,9.0,40.0,49.0,19.66667,7.0,4.66667,16.33333,20.66667,96.33333,0,-0.1593,0.1593,0.24419,0.19724,0.4947,0.52725,0.54873,0.5977,1451.87122,1599.03607,0.67869,0.32131,1.50584,3.50049,0.33333,248.33333,48.66667,96.66667,0.50433,17.0,44.0,0.38667,13.33333,14.66667,0.90867,9.33333,36.33333,45.66667,31.33333,7.0,5.66667,13.0,17.66667,127.66667,248.33333,44.0,97.0,0.45267,13.66667,39.66667,0.344,18.66667,23.0,0.82133,11.66667,36.33333,48.0,23.0,8.0,2.33333,14.66667,12.33333,120.33333,0,-0.08656,0.08656,0.32182,0.26022,0.52374,0.59276,0.58951,0.64108,1595.41963,1560.15527,0.43851,0.56149,2.37317,1.82981,0.0,1.41,3.61667,2.72,1.71333
248.33333,43.33333,88.33333,0.48867,12.33333,35.33333,0.349,29.66667,35.33333,0.84533,9.33333,29.0,38.33333,25.66667,9.33333,2.33333,11.66667,22.33333,128.66667,248.33333,47.66667,87.0,0.54567,15.0,32.66667,0.46033,25.66667,30.0,0.86433,8.0,32.66667,40.66667,30.0,7.33333,6.33333,15.0,25.66667,136.0,0,0.08151,-0.08151,0.27649,0.29692,0.63211,0.55859,0.72571,0.66891,1547.95948,1339.224,0.23714,0.76286,4.43116,1.31658,1.0,240.0,40.33333,80.33333,0.502,11.0,31.0,0.34767,20.33333,25.33333,0.81067,11.0,25.0,36.0,27.0,7.0,5.33333,13.33333,19.0,112.0,240.0,46.66667,84.0,0.55667,17.33333,33.66667,0.51867,12.66667,15.33333,0.84167,6.66667,30.0,36.66667,30.66667,6.33333,3.33333,11.66667,21.33333,123.33333,0,0.14067,-0.14067,0.2799,0.36637,0.65977,0.5688,0.70652,0.65214,1648.63428,1475.17158,0.30108,0.69892,4.2488,1.52143,1.0,4.84333,1.44667,5.58333,1.21667
256.66667,43.66667,96.0,0.458,8.33333,27.66667,0.30033,25.0,29.66667,0.84433,14.33333,41.0,55.33333,28.33333,6.33333,4.66667,13.66667,18.0,120.66667,256.66667,42.0,96.33333,0.43667,9.33333,30.66667,0.296,19.66667,25.0,0.79433,9.66667,35.33333,45.0,21.33333,6.66667,6.33333,10.0,22.66667,113.0,0,-0.0949,0.0949,0.25184,0.4186,0.48495,0.50211,0.55512,0.59238,1425.80493,1480.45724,0.572,0.428,1.82801,2.48059,0.66667,256.66667,42.0,90.0,0.46567,12.0,37.33333,0.30833,20.33333,27.66667,0.73433,7.33333,35.0,42.33333,26.66667,11.0,3.33333,15.0,20.66667,116.33333,256.66667,48.66667,93.33333,0.52467,14.0,36.33333,0.38333,18.0,21.33333,0.841,7.33333,40.0,47.33333,30.33333,7.33333,5.66667,16.33333,20.33333,129.33333,0,0.16536,-0.16536,0.19699,0.18122,0.60041,0.53066,0.66307,0.60485,1601.45212,1471.72668,0.35048,0.64952,3.45138,1.59265,1.0,1.55667,3.11667,5.11667,1.31
240.0,39.33333,83.0,0.47533,16.33333,33.66667,0.485,17.0,21.66667,0.79067,5.66667,35.66667,41.33333,25.66667,8.66667,6.33333,11.0,21.33333,112.0,240.0,35.66667,86.66667,0.41,11.33333,33.33333,0.33633,16.0,22.0,0.723,13.0,34.0,47.0,23.0,5.33333,5.66667,13.66667,16.0,98.66667,1,-0.19051,0.19051,0.36682,0.16933,0.47507,0.57432,0.53689,0.63929,1509.88702,1518.41264,0.50035,0.49965,2.03375,2.043,0.66667,240.0,40.33333,85.33333,0.47133,11.33333,31.66667,0.363,18.0,27.33333,0.67233,6.0,35.0,41.0,22.0,10.66667,5.66667,14.66667,24.0,110.0,240.0,39.66667,85.0,0.47,6.0,23.33333,0.258,21.66667,30.66667,0.717,8.0,39.0,47.0,22.66667,8.66667,6.0,16.0,19.33333,107.0,1,-0.03272,0.03272,0.2392,0.16144,0.50575,0.53805,0.58658,0.6019,1490.39229,1516.20096,0.52937,0.47063,1.98027,2.25237,0.66667,2.33,1.78,1.79333,2.22333
240.0,43.66667,90.33333,0.48567,15.33333,42.66667,0.358,15.66667,18.33333,0.86067,10.66667,32.0,42.66667,29.33333,9.33333,6.0,16.0,17.66667,118.33333,240.0,42.66667,89.33333,0.479,17.0,40.0,0.42333,14.66667,18.66667,0.79433,10.33333,33.33333,43.66667,29.0,8.66667,4.33333,19.0,14.0,117.0,0,-0.02158,0.02158,0.31911,0.31746,0.57543,0.57031,0.62878,0.62875,1503.56834,1476.13573,0.45749,0.54251,2.37887,2.01549,0.33333,248.33333,36.33333,86.66667,0.42067,9.66667,32.33333,0.293,19.0,23.66667,0.80133,9.66667,32.0,41.66667,22.0,6.33333,6.0,17.0,20.0,101.33333,248.33333,40.66667,90.66667,0.448,8.33333,30.33333,0.27367,22.0,26.0,0.84733,13.0,34.33333,47.33333,21.33333,10.66667,6.33333,13.66667,21.66667,111.66667,0,0.1401,-0.1401,0.41259,0.27447,0.49348,0.4785,0.57859,0.55439,1532.905,1511.48525,0.48668,0.51332,2.09345,1.98512,1.0,3.47,2.07,2.03333,1.85667
240.0,37.33333,90.66667,0.41333,11.66667,35.33333,0.33833,15.66667,21.66667,0.71467,14.0,36.66667,50.66667,18.0,9.0,5.66667,18.0,21.66667,102.0,240.0,37.0,90.66667,0.40867,14.66667,40.0,0.365,20.66667,26.0,0.81033,14.0,36.66667,50.66667,23.0,9.33333,7.33333,14.33333,19.0,109.33333,0,0.1011,-0.1011,0.38048,0.37562,0.48973,0.47903,0.56781,0.53772,1546.86053,1324.03671,0.2393,0.7607,5.34455,1.33629,1.0,248.33333,39.0,90.33333,0.432,8.66667,28.33333,0.30533,21.33333,26.66667,0.793,11.33333,39.0,50.33333,20.66667,8.33333,5.66667,13.33333,21.33333,108.0,248.33333,43.33333,92.0,0.46933,6.0,22.66667,0.30367,15.66667,22.0,0.717,7.33333,38.66667,46.0,20.33333,6.66667,5.33333,13.0,23.0,108.33333,0,-0.00845,0.00845,0.19815,0.29755,0.50181,0.48083,0.55703,0.56164,1388.68189,1481.58902,0.63623,0.36377,1.58283,2.81074,0.66667,6.08333,1.37667,1.94,2.24333
240.0,40.0,88.0,0.45467,11.0,37.0,0.29367,16.0,18.33333,0.878,11.66667,26.33333,38.0,23.33333,7.33333,4.33333,12.33333,22.66667,107.0,240.0,40.0,81.33333,0.49033,12.66667,31.0,0.428,20.66667,25.66667,0.80633,11.66667,33.66667,45.33333,24.66667,6.66667,4.33333,15.33333,16.0,113.33333,1,0.09016,-0.09016,0.4529,0.35035,0.5679,0.51719,0.64978,0.58032,1578.03215,1630.46193,0.58714,0.41286,1.7067,2.43168,0.66667,248.33333,41.33333,90.33333,0.45567,15.0,39.0,0.383,11.33333,17.0,0.60667,9.33333,28.33333,37.66667,28.33333,7.33333,3.0,9.66667,15.66667,109.0,248.33333,43.66667,83.0,0.52667,17.66667,37.0,0.48633,17.0,20.33333,0.85,8.0,36.0,44.0,23.66667,5.66667,4.33333,12.0,16.33333,122.0,1,0.166,-0.166,0.28243,0.27125,0.6333,0.54062,0.69787,0.57843,1561.96961,1505.08474,0.44421,0.55579,2.28274,1.81713,1.0,1.81,2.07333,2.15333,1.82
248.33333,43.66667,91.66667,0.47533,14.0,38.33333,0.364,24.66667,30.33333,0.81233,9.33333,29.33333,38.66667,29.0,9.0,3.0,12.33333,21.33333,126.0,248.33333,49.0,89.66667,0.54567,18.0,37.33333,0.484,20.66667,23.33333,0.867,8.0,34.66667,42.66667,31.66667,7.0,5.0,15.66667,26.33333,136.66667,1,0.12464,-0.12464,0.27362,0.2881,0.64656,0.55194,0.72045,0.63866,1565.01732,1338.06503,0.22496,0.77504,4.95208,1.29956,1.0,240.0,47.0,89.0,0.528,8.66667,26.0,0.33167,19.0,22.33333,0.855,11.0,37.66667,48.66667,26.0,9.66667,3.33333,17.66667,19.0,121.66667,240.0,43.0,92.0,0.46633,11.0,32.0,0.334,16.33333,21.0,0.814,7.66667,28.33333,36.0,24.33333,11.0,5.33333,13.66667,20.0,113.33333,1,-0.1071,0.1071,0.20952,0.40244,0.52479,0.57644,0.58512,0.64746,1412.66575,1477.07473,0.57187,0.42813,1.81483,2.5545,0.0,4.17667,1.46,2.32,1.89333
248.33333,42.66667,90.66667,0.466,7.66667,25.33333,0.30967,28.66667,34.0,0.84333,10.33333,38.66667,49.0,25.33333,6.33333,4.33333,11.66667,22.33333,121.66667,248.33333,44.33333,100.0,0.44333,7.66667,25.33333,0.31467,18.66667,28.0,0.67933,14.0,36.66667,50.66667,22.0,6.66667,5.33333,11.33333,24.66667,115.0,0,-0.09001,0.09001,0.38086,0.28936,0.48267,0.50918,0.54206,0.61711,1462.85149,1496.22701,0.54056,0.45944,1.86021,2.19544,0.0,240.0,37.33333,80.33333,0.467,11.0,35.0,0.31933,15.0,17.33333,0.879,7.0,37.66667,44.66667,27.0,6.0,3.0,16.0,16.0,100.66667,240.0,39.0,85.66667,0.45433,13.33333,40.33333,0.32267,15.66667,18.66667,0.77467,7.66667,33.33333,41.0,23.66667,10.33333,3.66667,9.33333,16.66667,107.0,0,0.09105,-0.09105,0.20794,0.22044,0.53125,0.53612,0.59632,0.60056,1487.70729,1426.8584,0.42145,0.57855,2.48833,1.76226,0.66667,1.88667,2.07333,2.8,1.49333
256.66667,41.66667,97.33333,0.42767,15.33333,49.0,0.30433,11.66667,15.0,0.81333,9.0,34.33333,43.33333,21.66667,6.33333,3.66667,12.0,20.66667,110.33333,256.66667,44.66667,95.0,0.471,15.0,38.66667,0.37533,14.0,17.0,0.80667,12.33333,40.0,52.33333,22.66667,5.66667,5.0,12.33333,17.66667,118.33333,1,0.10043,-0.10043,0.35667,0.23789,0.55073,0.50611,0.6003,0.5486,1592.43054,1692.98148,0.65153,0.34847,1.55263,2.96746,1.0,248.33333,44.0,88.33333,0.50433,17.0,39.0,0.45533,11.0,13.0,0.87467,6.66667,35.66667,42.33333,29.0,9.0,5.66667,19.0,19.33333,116.0,248.33333,42.33333,92.66667,0.45567,11.0,35.33333,0.31167,16.66667,21.33333,0.77567,11.0,31.66667,42.66667,25.33333,9.66667,5.0,14.66667,17.33333,112.33333,1,-0.05431,0.05431,0.31247,0.22257,0.51508,0.599,0.5762,0.64106,1569.98855,1616.71596,0.56334,0.43666,1.81825,2.41203,0.33333,1.71333,2.32667,1.51667,3.27667
240.0,46.66667,95.0,0.49,13.0,35.33333,0.367,18.66667,22.33333,0.83733,12.33333,37.66667,50.0,29.66667,7.66667,8.66667,14.66667,18.66667,125.0,240.0,46.33333,103.0,0.44833,7.33333,26.0,0.28133,18.33333,24.0,0.75867,17.33333,31.66667,49.0,24.0,8.66667,6.66667,12.0,17.0,118.33333,0,-0.07843,0.07843,0.45993,0.40708,0.48404,0.55848,0.54716,0.62518,1416.99592,1495.69071,0.60096,0.39904,1.74583,2.72249,0.0,240.0,41.66667,90.33333,0.462,12.33333,31.66667,0.40633,15.33333,22.66667,0.65933,9.0,35.0,44.0,21.66667,7.66667,3.0,9.66667,24.33333,111.0,240.0,39.0,86.33333,0.452,16.66667,44.33333,0.37967,23.66667,28.66667,0.827,10.33333,38.33333,48.66667,22.33333,5.33333,6.0,12.0,19.33333,118.33333,0,0.09623,-0.09623,0.29594,0.23595,0.54828,0.53047,0.63798,0.58273,1703.97974,1372.77781,0.13378,0.86622,7.69202,1.15521,0.66667,1.79667,2.40667,8.41667,1.1
240.0,44.33333,88.0,0.50267,8.33333,22.66667,0.37533,21.0,27.66667,0.76,9.66667,40.0,49.66667,26.33333,7.0,2.66667,15.66667,19.0,118.0,240.0,46.0,94.33333,0.486,13.66667,35.33333,0.38167,16.33333,20.66667,0.84133,6.33333,33.0,39.33333,26.33333,9.0,4.66667,11.33333,21.0,122.0,1,0.04772,-0.04772,0.1627,0.32343,0.55835,0.5504,0.61754,0.62628,1583.14106,1381.02244,0.25945,0.74055,5.04292,1.41223,0.33333,240.0,48.0,94.33333,0.50867,16.33333,40.66667,0.39267,18.66667,24.0,0.77967,10.33333,33.66667,44.0,32.66667,10.33333,6.33333,10.0,16.33333,131.0,240.0,40.66667,85.66667,0.47567,9.33333,26.33333,0.355,10.66667,19.0,0.57533,11.33333,35.0,46.33333,23.66667,4.66667,3.66667,19.33333,21.0,101.33333,1,-0.36717,0.36717,0.34067,0.29293,0.53047,0.59513,0.5647,0.65739,1332.36569,1487.62972,0.67481,0.32519,1.52847,3.51978,0.0,5.34,1.44333,1.29,5.0
240.0,39.33333,80.33333,0.49067,11.33333,32.0,0.35533,11.66667,15.0,0.76533,7.33333,38.0,45.33333,30.0,4.0,3.33333,16.33333,17.66667,101.66667,240.0,38.0,85.0,0.447,11.0,33.33333,0.33867,20.0,22.66667,0.88267,7.0,30.33333,37.33333,22.33333,11.33333,5.0,6.33333,15.66667,107.0,0,0.07545,-0.07545,0.18651,0.24458,0.51174,0.56161,0.59498,0.60931,1520.66163,1477.54524,0.44618,0.55382,2.27119,1.81913,0.66667,240.0,37.0,82.0,0.45233,9.66667,34.0,0.28433,17.33333,22.66667,0.78267,5.33333,31.66667,37.0,19.0,9.0,4.66667,11.66667,18.33333,101.0,240.0,40.66667,87.33333,0.46933,12.33333,34.66667,0.355,20.0,23.66667,0.84667,10.33333,38.66667,49.0,22.33333,8.0,2.0,12.0,19.66667,113.66667,0,0.17084,-0.17084,0.33263,0.14341,0.54081,0.51201,0.61838,0.58264,1565.1279,1486.54474,0.4127,0.5873,2.74047,1.80056,1.0,2.75,1.50667,3.26667,2.43667
240.0,43.0,87.33333,0.49333,12.0,33.33333,0.35967,16.0,20.0,0.808,8.66667,40.0,48.66667,27.66667,4.33333,5.66667,13.0,19.0,114.0,240.0,39.66667,92.0,0.43033,12.33333,38.0,0.318,13.33333,18.0,0.741,10.66667,32.0,42.66667,27.33333,7.66667,3.66667,10.33333,19.33333,105.0,0,-0.12749,0.12749,0.26468,0.27329,0.49717,0.56185,0.54646,0.62254,1551.11322,1560.84894,0.49322,0.50678,2.08676,2.03076,0.0,240.0,43.0,88.33333,0.48733,12.33333,31.66667,0.378,19.0,26.33333,0.71467,12.33333,29.0,41.33333,26.33333,11.0,3.0,15.66667,18.66667,117.33333,240.0,44.33333,85.66667,0.515,15.0,36.33333,0.38667,19.66667,22.66667,0.87433,8.66667,32.66667,41.33333,30.33333,9.33333,7.66667,18.0,22.66667,123.33333,0,0.06078,-0.06078,0.3111,0.37201,0.60094,0.55687,0.67837,0.62449,1567.18386,1506.72371,0.41629,0.58371,2.43077,1.72462,0.66667,1.93,2.41333,5.9,1.16667
240.0,41.33333,87.33333,0.47433,14.66667,40.33333,0.36333,17.33333,23.0,0.74533,10.0,34.0,44.0,25.0,6.66667,4.66667,12.33333,18.33333,114.66667,240.0,42.66667,89.33333,0.47667,15.33333,39.66667,0.38567,16.66667,22.0,0.764,10.66667,35.33333,46.0,26.33333,7.0,3.66667,13.0,18.0,117.33333,1,0.03941,-0.03941,0.32535,0.28575,0.56281,0.5585,0.62239,0.62086,1485.28926,1565.11302,0.62092,0.37908,1.61153,2.64232,0.66667,240.0,36.33333,85.33333,0.427,12.33333,37.33333,0.33467,16.66667,20.0,0.83833,10.0,34.33333,44.33333,22.0,5.0,5.66667,15.66667,17.33333,101.66667,240.0,39.66667,88.33333,0.454,14.33333,38.0,0.36867,19.0,21.66667,0.87733,10.0,35.0,45.0,26.0,7.66667,6.0,11.66667,18.0,112.66667,1,0.14941,-0.14941,0.28262,0.28505,0.53408,0.4992,0.60893,0.56759,1503.57702,1416.30662,0.40261,0.59739,2.78077,1.79251,1.0,2.15,1.98667,4.1,1.37
240.0,39.66667,89.33333,0.44233,14.66667,41.66667,0.348,14.66667,18.33333,0.81067,11.0,33.33333,44.33333,28.33333,6.33333,6.66667,15.33333,16.66667,108.66667,240.0,41.33333,92.33333,0.447,17.0,44.33333,0.38233,12.66667,17.0,0.75433,12.66667,33.33333,46.0,27.0,8.33333,4.33333,15.0,15.0,112.33333,0,0.06337,-0.06337,0.38006,0.32857,0.53966,0.52368,0.58453,0.57928,1496.32934,1478.89038,0.47816,0.52184,2.2506,2.07354,0.33333,240.0,41.66667,89.33333,0.46567,13.0,30.0,0.42133,20.0,27.0,0.73733,11.33333,31.33333,42.66667,25.66667,9.33333,3.33333,13.33333,21.0,116.33333,240.0,42.66667,88.0,0.483,11.33333,33.33333,0.32033,21.33333,26.0,0.818,10.0,34.0,44.0,27.66667,7.33333,8.0,15.33333,21.66667,118.0,0,0.01033,-0.01033,0.33249,0.33214,0.54574,0.53824,0.62804,0.61068,1565.35076,1524.29971,0.43801,0.56199,2.29695,1.78598,0.66667,2.55333,2.11333,4.48333,1.27
240.0,38.0,84.0,0.45567,10.33333,29.33333,0.35467,19.33333,26.33333,0.72433,10.33333,38.66667,49.0,23.66667,2.33333,4.66667,16.0,23.66667,105.66667,240.0,41.0,89.33333,0.46,12.33333,33.0,0.381,21.66667,29.33333,0.741,10.33333,31.33333,41.66667,27.0,10.0,6.0,6.66667,20.66667,116.0,0,0.13858,-0.13858,0.27643,0.33333,0.52899,0.51781,0.607,0.59114,1502.69339,1409.75464,0.3822,0.6178,2.6242,1.62037,1.0,240.0,40.66667,87.0,0.468,11.0,35.33333,0.31033,14.33333,18.0,0.782,10.33333,35.0,45.33333,24.33333,7.66667,2.0,14.66667,19.0,106.66667,240.0,41.66667,89.66667,0.46467,15.66667,39.33333,0.39367,13.33333,17.33333,0.79433,10.66667,30.0,40.66667,30.33333,6.66667,5.33333,11.0,18.0,112.33333,0,0.07179,-0.07179,0.30983,0.35805,0.55162,0.53156,0.60118,0.58732,1463.17113,1516.79449,0.58932,0.41068,1.79214,2.64082,0.66667,3.91667,1.36,1.51,3.37667
240.0,38.66667,85.33333,0.45467,9.66667,33.33333,0.28533,12.0,15.0,0.81433,8.0,32.33333,40.33333,26.66667,8.33333,5.0,16.0,18.33333,99.0,240.0,40.33333,83.33333,0.48333,11.66667,29.66667,0.38833,13.66667,16.0,0.85967,7.33333,36.33333,43.66667,25.0,7.66667,3.66667,15.0,18.0,106.0,0,0.0945,-0.0945,0.22466,0.22129,0.55276,0.51154,0.60914,0.5605,1496.7033,1477.50872,0.4924,0.5076,2.14522,2.11273,0.66667,240.0,35.66667,82.0,0.43567,12.66667,38.66667,0.325,16.66667,20.0,0.82933,8.0,31.66667,39.66667,24.0,9.0,4.0,15.33333,16.0,100.66667,240.0,39.0,83.66667,0.46667,15.0,37.33333,0.402,17.66667,22.66667,0.727,12.0,35.66667,47.66667,27.0,9.33333,4.66667,16.33333,19.0,110.66667,0,0.14001,-0.14001,0.38254,0.2358,0.55468,0.51314,0.62723,0.5835,1483.41805,1482.70967,0.51391,0.48609,2.17858,2.23276,1.0,2.19667,1.8,2.9,1.84
240.0,42.33333,86.66667,0.489,15.66667,41.0,0.381,12.66667,16.66667,0.678,10.66667,31.0,41.66667,29.0,7.33333,5.33333,16.33333,15.66667,113.0,240.0,43.66667,88.66667,0.49467,17.66667,41.33333,0.42667,14.33333,17.0,0.86467,10.33333,31.0,41.33333,26.66667,9.0,4.66667,14.66667,14.66667,119.33333,0,0.08376,-0.08376,0.33178,0.34365,0.59575,0.57894,0.64934,0.62437,1569.74833,1470.97169,0.36786,0.63214,2.72681,1.58355,0.66667,240.0,42.66667,87.66667,0.48667,13.66667,32.33333,0.423,13.33333,17.0,0.79967,10.0,34.0,44.0,29.66667,7.66667,5.0,7.33333,14.0,112.33333,240.0,42.33333,88.0,0.482,15.33333,37.0,0.41367,9.0,11.0,0.82233,8.0,33.33333,41.33333,29.0,5.33333,3.0,11.0,17.0,109.0,0,-0.03547,0.03547,0.23148,0.29976,0.56987,0.56508,0.60419,0.61396,1477.88326,1428.01342,0.42634,0.57366,2.50476,1.83144,0.33333,3.90333,1.60333,3.13667,1.76333
240.0,47.33333,91.0,0.52,11.33333,25.0,0.443,19.66667,23.66667,0.84633,11.33333,38.66667,50.0,25.66667,8.66667,4.66667,17.0,22.66667,125.66667,240.0,40.66667,89.66667,0.45433,11.33333,32.0,0.351,21.0,26.66667,0.788,9.33333,28.33333,37.66667,20.33333,10.33333,6.0,15.66667,20.66667,113.66667,1,-0.14602,0.14602,0.24582,0.41894,0.51823,0.58208,0.59621,0.65308,1466.82571,1394.96438,0.41097,0.58903,3.74367,1.92378,0.0,240.0,43.0,85.33333,0.50367,13.33333,37.33333,0.35533,11.66667,16.0,0.74267,8.33333,37.33333,45.66667,28.66667,8.0,5.33333,16.33333,23.0,111.0,240.0,39.0,87.0,0.44833,12.66667,37.0,0.34667,18.0,23.33333,0.77233,10.0,31.66667,41.66667,26.0,10.33333,2.0,11.33333,18.0,108.66667,1,-0.03324,0.03324,0.26674,0.26344,0.52116,0.58131,0.59057,0.6247,1376.97434,1428.56729,0.57971,0.42029,1.78065,2.49399,0.33333,2.91333,2.66667,1.87333,2.23667
240.0,39.0,88.33333,0.441,11.0,36.33333,0.30467,16.33333,21.0,0.77667,11.0,36.0,47.0,19.33333,5.0,4.0,9.0,18.0,105.33333,240.0,38.33333,88.0,0.43533,11.66667,34.33333,0.32267,12.33333,17.33333,0.70833,10.0,36.0,46.0,20.0,6.0,3.66667,10.33333,19.0,100.66667,0,-0.06823,0.06823,0.27767,0.30578,0.50111,0.50355,0.54717,0.56654,1423.89891,1541.83019,0.65251,0.34749,1.58831,3.17957,0.33333,240.0,48.0,89.0,0.53933,13.33333,33.66667,0.384,18.0,22.66667,0.79,11.66667,35.0,46.66667,29.0,8.0,5.33333,17.33333,18.33333,127.33333,240.0,43.0,87.33333,0.499,14.66667,34.0,0.42567,19.0,23.66667,0.81033,7.33333,26.66667,34.0,26.33333,11.33333,5.33333,13.66667,19.66667,119.66667,0,-0.09103,0.09103,0.20705,0.44396,0.58444,0.61424,0.65507,0.67765,1396.67729,1354.85747,0.42417,0.57583,2.36815,1.74104,0.33333,1.43333,3.48333,2.15667,1.8
240.0,37.33333,84.0,0.44367,12.66667,36.66667,0.34333,15.0,17.66667,0.84867,8.0,30.66667,38.66667,24.0,7.0,4.66667,17.0,22.33333,102.33333,240.0,39.33333,84.66667,0.46467,7.66667,28.66667,0.27233,20.0,27.0,0.73467,12.0,31.33333,43.33333,21.0,10.0,5.66667,14.33333,17.66667,106.33333,0,0.05151,-0.05151,0.39666,0.26041,0.51021,0.51934,0.58626,0.58197,1513.85994,1570.13075,0.58566,0.41434,1.71043,2.42218,0.66667,240.0,42.33333,86.0,0.49267,11.33333,28.66667,0.399,20.0,24.33333,0.826,9.66667,33.33333,43.0,26.0,6.66667,3.33333,11.66667,23.66667,116.0,240.0,41.66667,87.0,0.47867,13.66667,38.33333,0.36,19.33333,27.33333,0.701,10.0,31.0,41.0,21.0,7.33333,5.0,10.66667,19.0,116.33333,0,0.00168,-0.00168,0.29984,0.31501,0.55662,0.55937,0.62487,0.6362,1528.46682,1464.20389,0.40744,0.59256,2.61756,1.7555,0.66667,2.06,1.83,4.26667,1.33333
240.0,39.66667,90.0,0.43933,11.66667,38.66667,0.302,19.33333,22.66667,0.851,13.33333,32.0,45.33333,24.0,9.0,5.0,10.33333,15.0,110.33333,240.0,41.0,85.66667,0.47933,12.66667,36.66667,0.344,12.66667,17.0,0.752,8.0,34.66667,42.66667,28.0,7.33333,3.0,13.0,16.66667,107.33333,1,-0.03386,0.03386,0.25185,0.43333,0.55318,0.50484,0.6008,0.57914,1444.45172,1601.7412,0.7152,0.2848,1.41391,3.86978,0.33333,240.0,40.0,86.33333,0.46333,15.0,35.66667,0.42667,16.33333,21.0,0.78433,9.66667,27.0,36.66667,26.33333,8.0,6.33333,12.0,24.66667,111.33333,240.0,44.33333,84.33333,0.52767,16.66667,32.0,0.525,18.66667,24.66667,0.759,8.33333,34.33333,42.66667,31.33333,4.66667,4.33333,14.0,20.33333,124.0,1,0.15843,-0.15843,0.31636,0.29444,0.62602,0.55013,0.693,0.6121,1658.68438,1439.37618,0.24033,0.75967,4.85676,1.33644,1.0,1.59333,2.86667,5.18667,1.60667
240.0,41.66667,82.66667,0.50433,10.66667,28.0,0.37433,17.66667,22.66667,0.788,7.66667,29.33333,37.0,25.33333,6.66667,4.0,13.33333,19.66667,111.66667,240.0,45.66667,90.0,0.50533,11.33333,30.0,0.37767,15.0,19.66667,0.791,11.0,32.66667,43.66667,24.66667,7.0,5.66667,12.33333,20.33333,117.66667,0,0.06848,-0.06848,0.40488,0.2339,0.56759,0.56908,0.62263,0.63782,1505.29983,1438.2944,0.41272,0.58728,2.60169,1.75328,0.66667,240.0,37.33333,82.0,0.45967,9.66667,32.33333,0.29333,25.0,31.33333,0.79167,11.66667,30.0,41.66667,22.0,4.33333,5.66667,11.66667,18.33333,109.33333,240.0,45.33333,87.0,0.52067,17.66667,38.33333,0.46333,15.66667,18.33333,0.86533,7.0,33.33333,40.33333,27.0,6.66667,3.33333,8.66667,23.33333,124.0,0,0.18003,-0.18003,0.23552,0.3497,0.62243,0.51781,0.68037,0.61854,1643.94213,1494.79712,0.33524,0.66476,3.79038,1.58723,1.0,5.58333,1.19,4.06667,1.32667
240.0,34.66667,85.66667,0.405,8.0,30.66667,0.264,16.0,23.0,0.69667,9.0,39.33333,48.33333,18.33333,8.0,5.33333,15.0,19.66667,93.33333,240.0,36.66667,95.0,0.38667,10.66667,39.0,0.27333,18.66667,23.0,0.80833,15.33333,40.33333,55.66667,25.0,9.33333,4.66667,10.66667,17.33333,102.66667,1,0.1498,-0.1498,0.39844,0.23154,0.44305,0.4518,0.5137,0.51468,1489.66377,1336.91059,0.31181,0.68819,3.46425,1.4834,0.66667,240.0,38.33333,86.66667,0.44167,7.33333,27.66667,0.25767,18.0,20.0,0.89933,8.66667,31.0,39.66667,21.66667,8.33333,4.66667,14.66667,19.33333,102.0,240.0,39.33333,80.33333,0.49033,9.66667,27.33333,0.35367,16.33333,23.33333,0.70767,7.0,36.33333,43.33333,24.33333,8.0,6.0,16.33333,20.33333,104.66667,1,0.04676,-0.04676,0.22222,0.23923,0.55125,0.48389,0.61437,0.55888,1416.17008,1492.29962,0.6075,0.3925,1.73914,2.8009,0.66667,5.48333,1.27667,1.49667,2.88333
240.0,40.0,89.0,0.44867,11.66667,40.33333,0.289,12.66667,17.66667,0.703,11.0,32.66667,43.66667,21.66667,5.66667,3.33333,10.0,15.66667,104.33333,240.0,40.66667,86.33333,0.47267,14.33333,35.66667,0.40533,13.66667,18.33333,0.738,10.66667,36.0,46.66667,23.66667,6.66667,4.0,11.0,17.0,109.33333,1,0.07094,-0.07094,0.33536,0.30578,0.55535,0.51442,0.60647,0.56169,1432.38624,1538.58003,0.64941,0.35059,1.59468,3.14546,0.66667,240.0,38.0,85.66667,0.44433,11.66667,36.33333,0.323,18.0,22.33333,0.80433,7.33333,30.66667,38.0,23.66667,9.33333,4.66667,12.66667,17.66667,105.66667,240.0,43.33333,86.66667,0.50033,15.66667,39.66667,0.39433,14.66667,18.33333,0.788,9.33333,37.66667,47.0,31.0,8.0,3.33333,15.33333,17.66667,117.0,1,0.14981,-0.14981,0.30358,0.20417,0.59183,0.51215,0.64718,0.58379,1502.81663,1525.91133,0.55436,0.44564,2.01013,2.50038,1.0,1.41667,3.55,2.30333,2.08333
240.0,42.33333,85.66667,0.49467,15.33333,37.66667,0.409,14.33333,19.66667,0.72967,11.66667,34.66667,46.33333,27.66667,8.0,4.33333,19.33333,17.66667,114.33333,240.0,45.0,92.0,0.48933,16.66667,37.33333,0.43333,13.66667,17.66667,0.773,10.0,31.0,41.0,30.66667,12.33333,4.33333,14.66667,18.66667,120.33333,0,0.07215,-0.07215,0.28722,0.37716,0.57936,0.58433,0.6274,0.63586,1492.22809,1333.40459,0.31474,0.68526,4.0399,1.50986,0.66667,240.0,40.0,81.66667,0.489,15.33333,39.66667,0.38433,16.33333,21.0,0.76567,9.0,31.0,40.0,27.33333,10.0,3.66667,15.33333,18.0,111.66667,240.0,38.66667,80.0,0.48433,13.0,32.33333,0.40133,20.0,26.33333,0.74033,10.66667,31.33333,42.0,28.0,10.0,4.33333,16.0,18.0,110.33333,0,-0.01307,0.01307,0.34848,0.29416,0.56463,0.58236,0.64518,0.64637,1485.9482,1551.16843,0.5895,0.4105,1.70624,2.46296,0.66667,4.15667,1.46,2.98333,1.80667
240.0,39.66667,88.33333,0.44967,12.33333,35.33333,0.339,13.66667,17.33333,0.77667,11.0,34.0,45.0,20.0,5.66667,2.66667,13.33333,20.33333,105.33333,240.0,38.0,87.33333,0.43467,11.66667,37.33333,0.30933,17.66667,23.66667,0.74767,11.66667,33.0,44.66667,20.0,8.33333,5.0,11.33333,18.66667,105.33333,1,-0.00018,0.00018,0.34315,0.33399,0.50126,0.52122,0.5691,0.57332,1511.03068,1656.99581,0.69131,0.30869,1.47621,3.52362,0.33333,240.0,45.66667,92.66667,0.49233,13.66667,37.66667,0.359,19.0,23.0,0.819,12.66667,41.66667,54.33333,25.66667,9.33333,4.33333,13.0,15.66667,124.0,240.0,40.33333,96.33333,0.41933,10.33333,39.33333,0.27067,13.0,19.0,0.67133,12.0,32.0,44.0,20.66667,8.66667,4.66667,13.33333,19.0,104.0,1,-0.26415,0.26415,0.29514,0.41945,0.47316,0.56631,0.51767,0.63378,1325.96301,1602.66449,0.81273,0.18727,1.24188,6.40813,0.0,1.97333,2.16,1.32333,4.3
240.0,41.66667,87.66667,0.47633,15.0,41.0,0.365,19.33333,23.0,0.85633,9.66667,35.33333,45.0,26.33333,6.33333,4.66667,12.0,19.33333,117.66667,240.0,42.0,90.66667,0.463,15.0,41.0,0.36533,16.33333,21.33333,0.77467,10.33333,33.66667,44.0,25.0,5.66667,4.33333,12.0,20.0,115.33333,1,-0.02665,0.02665,0.29463,0.28659,0.54591,0.5622,0.60447,0.63572,1493.70697,1565.59945,0.60434,0.39566,1.65644,2.53392,0.33333,240.0,45.66667,102.0,0.44667,13.0,32.66667,0.39167,15.0,19.33333,0.76967,17.33333,40.66667,58.0,26.0,5.66667,5.0,16.0,20.66667,119.33333,240.0,42.0,94.33333,0.44567,11.33333,34.0,0.332,21.0,27.66667,0.76667,10.0,31.33333,41.33333,27.66667,9.66667,9.33333,9.33333,18.0,116.33333,1,-0.03262,0.03262,0.2497,0.55344,0.50559,0.50973,0.58029,0.5608,1481.91842,1405.15331,0.38535,0.61465,2.73663,1.65808,0.66667,2.15,1.98667,2.73333,1.90333
256.66667,47.0,96.33333,0.48667,13.0,33.33333,0.386,17.0,23.0,0.73967,9.66667,33.0,42.66667,28.33333,9.33333,5.33333,11.66667,24.66667,124.0,256.66667,45.0,94.0,0.477,14.33333,33.66667,0.43467,23.66667,29.66667,0.80367,12.33333,38.0,50.33333,28.66667,5.33333,4.66667,15.66667,18.66667,128.0,1,0.05155,-0.05155,0.37518,0.25926,0.55378,0.55412,0.63648,0.61054,1586.33262,1555.23395,0.46148,0.53852,2.26449,1.9297,0.66667,240.0,45.33333,92.0,0.49133,11.0,35.66667,0.30733,14.66667,18.0,0.81833,11.33333,32.0,43.33333,27.0,5.66667,4.33333,10.33333,17.33333,116.33333,240.0,42.66667,92.33333,0.462,13.33333,38.33333,0.35033,16.33333,20.33333,0.80633,12.0,32.33333,44.33333,23.66667,6.66667,3.0,9.33333,17.33333,115.0,1,-0.01629,0.01629,0.37435,0.35568,0.53403,0.55156,0.5932,0.60511,1485.65474,1607.13398,0.66574,0.33426,1.51261,3.07539,0.0,2.63667,1.82,1.95333,2.12333
240.0,42.33333,95.33333,0.443,13.66667,33.33333,0.40933,15.33333,20.0,0.789,14.0,33.33333,47.33333,22.33333,7.33333,4.66667,10.66667,16.0,113.66667,240.0,41.33333,88.0,0.46967,11.66667,32.0,0.352,14.66667,18.33333,0.817,9.33333,35.0,44.33333,27.0,6.33333,9.66667,13.66667,18.66667,109.0,1,-0.0505,0.0505,0.29261,0.41188,0.53737,0.51302,0.59374,0.5684,1473.74219,1491.12209,0.51372,0.48628,1.95016,2.0604,0.33333,240.0,44.0,91.0,0.48133,10.33333,36.0,0.279,13.66667,17.0,0.804,10.33333,35.66667,46.0,27.66667,5.66667,5.33333,13.33333,16.33333,112.0,240.0,45.0,96.66667,0.46633,9.33333,27.33333,0.33433,13.66667,18.0,0.76767,15.0,33.66667,48.66667,27.0,8.33333,5.33333,11.0,16.66667,113.0,1,0.02501,-0.02501,0.41379,0.33578,0.51646,0.53748,0.56496,0.58839,1541.78284,1507.16717,0.45289,0.54711,2.21623,1.83279,0.33333,1.66667,2.48333,2.09,1.87667
240.0,43.0,88.33333,0.487,12.0,32.0,0.38233,17.66667,25.33333,0.69967,8.66667,31.33333,40.0,25.0,9.0,5.66667,8.66667,18.0,115.66667,240.0,39.33333,80.0,0.49267,12.33333,32.0,0.38333,13.0,20.66667,0.62767,7.66667,37.66667,45.33333,23.0,5.33333,5.0,17.66667,20.33333,104.0,0,-0.1659,0.1659,0.24359,0.22808,0.56918,0.55528,0.61462,0.61716,1491.76942,1601.79537,0.62624,0.37376,1.66236,3.18584,0.33333,248.33333,49.33333,96.66667,0.51133,14.66667,36.33333,0.408,11.0,13.33333,0.84633,7.33333,33.0,40.33333,28.66667,8.0,3.33333,9.66667,17.0,124.33333,248.33333,44.33333,91.33333,0.48833,15.66667,40.33333,0.388,17.66667,23.0,0.778,9.33333,37.66667,47.0,26.0,6.66667,4.0,14.33333,13.0,122.0,0,-0.02733,0.02733,0.27837,0.19624,0.5766,0.58726,0.63721,0.62557,1600.01509,1598.64582,0.49322,0.50678,2.05618,1.9978,0.33333,2.04333,3.10333,3.26667,1.43333
248.33333,42.0,88.66667,0.48167,18.33333,46.0,0.405,10.33333,11.66667,0.90733,5.66667,41.0,46.66667,29.0,7.33333,4.0,14.66667,19.0,112.66667,248.33333,39.0,90.33333,0.43333,11.0,36.66667,0.322,15.33333,21.66667,0.693,9.33333,35.33333,44.66667,20.0,8.33333,4.66667,11.66667,16.33333,104.33333,0,-0.12764,0.12764,0.23687,0.15242,0.49521,0.58435,0.55155,0.62508,1488.51497,1700.64031,0.75208,0.24792,1.35392,5.41501,0.33333,240.0,43.66667,89.66667,0.48733,16.0,36.66667,0.43467,19.33333,24.33333,0.79667,8.33333,39.0,47.33333,30.0,11.0,4.33333,16.0,23.33333,122.66667,240.0,35.33333,86.66667,0.41133,14.33333,42.0,0.34933,22.0,31.0,0.709,10.33333,35.0,45.33333,22.66667,11.33333,7.0,15.66667,19.66667,107.0,0,-0.19883,0.19883,0.28199,0.24084,0.49391,0.57641,0.57558,0.6459,1332.58917,1546.67029,0.76605,0.23395,1.31064,4.45084,0.33333,1.50333,3.71,1.30667,3.95
248.33333,44.66667,92.66667,0.48533,10.0,28.33333,0.35033,20.33333,25.0,0.80733,12.66667,38.0,50.66667,28.66667,7.0,4.0,15.66667,18.66667,119.66667,248.33333,41.33333,92.66667,0.449,11.33333,32.33333,0.351,18.0,22.0,0.81567,9.66667,32.66667,42.33333,22.0,9.66667,6.66667,11.66667,20.33333,112.0,1,-0.09468,0.09468,0.2574,0.39048,0.50999,0.54036,0.57685,0.61327,1498.60382,1489.08977,0.48195,0.51805,2.21964,2.09507,0.66667,240.0,48.0,94.0,0.51033,18.0,39.0,0.46333,17.0,21.33333,0.81467,11.33333,34.66667,46.0,29.33333,10.0,7.66667,14.33333,20.0,131.0,240.0,40.33333,87.0,0.46567,8.33333,26.66667,0.32067,14.66667,23.0,0.62467,12.33333,32.66667,45.0,20.33333,7.0,4.33333,19.66667,20.0,103.66667,1,-0.33525,0.33525,0.35871,0.35587,0.51402,0.60617,0.56407,0.66358,1319.20146,1498.54566,0.71142,0.28858,1.41962,3.73361,0.0,1.83333,2.88,1.16667,5.75
240.0,42.33333,85.0,0.497,14.33333,32.66667,0.439,14.0,19.66667,0.71533,7.0,33.66667,40.66667,24.33333,8.0,4.0,13.0,16.66667,113.0,240.0,39.0,85.33333,0.45733,11.0,37.0,0.29367,13.33333,16.66667,0.79167,5.66667,32.33333,38.0,22.0,6.33333,5.0,13.33333,17.0,102.33333,0,-0.1384,0.1384,0.16964,0.21596,0.52254,0.58169,0.57602,0.63177,1491.97429,1556.16404,0.57807,0.42193,1.73495,2.38211,0.0,248.33333,38.33333,89.0,0.43233,11.33333,34.0,0.32167,13.66667,18.66667,0.651,11.66667,29.66667,41.33333,24.33333,5.66667,4.66667,16.0,15.66667,101.66667,248.33333,42.33333,89.0,0.476,11.33333,33.66667,0.32133,18.0,21.0,0.869,13.0,32.0,45.0,22.33333,9.33333,7.0,12.33333,19.66667,114.0,0,0.16704,-0.16704,0.43878,0.3578,0.54065,0.49822,0.60975,0.54826,1543.19604,1502.12943,0.46148,0.53852,2.23185,1.90765,1.0,2.02667,1.83667,2.16667,1.80667
240.0,37.33333,82.66667,0.452,8.66667,29.66667,0.303,19.0,27.66667,0.682,7.0,34.33333,41.33333,19.66667,9.33333,4.66667,11.66667,18.0,102.33333,240.0,39.0,89.33333,0.439,11.66667,37.66667,0.31267,20.0,23.66667,0.852,13.0,37.66667,50.66667,24.66667,8.0,5.33333,12.66667,20.33333,109.66667,0,0.1008,-0.1008,0.37676,0.19513,0.50517,0.50435,0.58323,0.57764,1477.4231,1349.29056,0.33872,0.66128,3.131,1.53652,0.66667,240.0,41.66667,88.66667,0.46933,11.0,37.0,0.287,17.0,20.66667,0.80767,9.0,36.33333,45.33333,23.66667,6.33333,4.0,12.66667,17.66667,111.33333,240.0,39.66667,87.66667,0.45267,10.33333,31.33333,0.328,18.0,21.66667,0.82867,9.66667,37.0,46.66667,26.66667,7.0,5.33333,12.66667,19.66667,107.66667,0,-0.03351,0.03351,0.26993,0.24532,0.51134,0.53073,0.58219,0.59498,1537.9238,1512.97338,0.45436,0.54564,2.2084,1.8374,0.33333,3.93333,1.45667,1.95667,1.94667
240.0,40.33333,89.66667,0.449,12.0,31.66667,0.376,17.0,21.33333,0.78667,11.66667,38.0,49.66667,23.66667,6.66667,4.33333,19.0,21.0,109.66667,240.0,43.0,96.0,0.44833,13.66667,36.33333,0.37333,18.0,24.33333,0.75367,12.66667,32.66667,45.33333,28.0,10.0,4.66667,12.0,16.66667,117.66667,0,0.10185,-0.10185,0.33533,0.35673,0.51972,0.51781,0.58089,0.58428,1463.28197,1314.41399,0.30786,0.69214,3.33194,1.45326,1.0,240.0,37.33333,81.33333,0.45833,16.0,37.66667,0.42733,18.0,23.0,0.77033,8.0,32.33333,40.33333,23.66667,5.0,5.33333,14.33333,22.0,108.66667,240.0,37.0,84.0,0.44267,13.0,33.66667,0.40433,18.0,24.66667,0.73433,11.66667,32.33333,44.0,23.66667,9.66667,6.66667,13.66667,19.66667,105.0,0,-0.05096,0.05096,0.39313,0.2498,0.52015,0.55683,0.589,0.62883,1606.02554,1597.85,0.48077,0.51923,2.20844,1.99954,0.33333,4.83333,1.27333,2.35,1.80333
240.0,41.33333,87.0,0.47633,10.66667,34.33333,0.312,14.33333,17.0,0.851,10.0,29.33333,39.33333,21.0,6.66667,3.66667,12.33333,20.0,107.66667,240.0,41.33333,83.66667,0.49167,12.33333,32.33333,0.39267,17.33333,20.33333,0.84233,9.0,33.33333,42.33333,24.66667,6.33333,2.33333,13.33333,16.0,112.33333,1,0.069,-0.069,0.3125,0.29671,0.56538,0.53804,0.6356,0.5937,1567.16051,1626.99996,0.59482,0.40518,1.68239,2.47176,0.66667,240.0,50.0,93.66667,0.539,14.66667,31.33333,0.457,15.33333,19.0,0.816,10.0,43.0,53.0,30.66667,8.33333,8.0,16.33333,22.33333,130.0,240.0,37.0,97.66667,0.381,9.66667,36.66667,0.26533,16.0,22.66667,0.706,15.66667,31.33333,47.0,19.66667,8.66667,5.0,17.33333,17.66667,99.66667,1,-0.37315,0.37315,0.36037,0.31283,0.43177,0.61969,0.49038,0.67131,1292.13063,1468.76152,0.71413,0.28587,1.40946,3.62929,0.0,1.83,2.02333,1.24,4.48333
248.33333,44.66667,91.33333,0.48867,16.66667,43.33333,0.38467,19.0,23.33333,0.79967,9.0,32.33333,41.33333,30.33333,8.33333,5.33333,14.33333,21.0,125.0,248.33333,45.33333,91.0,0.5,19.33333,42.0,0.46033,19.66667,22.33333,0.86033,10.0,34.0,44.0,30.33333,8.33333,3.66667,14.66667,22.66667,129.66667,0,0.05773,-0.05773,0.3072,0.28718,0.60647,0.58002,0.6776,0.647,1532.63117,1336.77244,0.2573,0.7427,4.67337,1.37514,0.66667,240.0,47.33333,88.0,0.53767,11.0,30.0,0.353,17.66667,22.0,0.80067,11.0,38.66667,49.66667,27.0,8.0,5.33333,19.33333,19.33333,123.33333,240.0,41.33333,91.33333,0.45267,11.33333,33.0,0.33167,16.66667,22.0,0.77233,8.0,27.66667,35.66667,23.33333,12.0,5.0,13.0,20.0,110.66667,0,-0.15642,0.15642,0.20927,0.41343,0.51331,0.59974,0.57464,0.66386,1401.8946,1389.45127,0.45934,0.54066,2.20738,1.86776,0.0,4.35,1.34333,2.54,1.69333
248.33333,44.33333,92.0,0.47833,8.33333,26.66667,0.31867,25.33333,30.33333,0.831,9.66667,33.66667,43.33333,25.0,7.0,4.0,10.66667,21.33333,122.33333,248.33333,47.33333,93.66667,0.503,8.0,22.33333,0.35633,19.66667,27.0,0.74867,12.66667,36.0,48.66667,24.0,6.66667,3.33333,13.0,23.33333,122.33333,0,0.00238,-0.00238,0.38465,0.27577,0.54715,0.52469,0.61371,0.61733,1465.61058,1492.92171,0.53886,0.46114,1.86676,2.18841,0.33333,240.0,37.33333,85.33333,0.43833,10.66667,33.33333,0.325,20.0,25.66667,0.80567,10.33333,30.33333,40.66667,24.0,7.33333,3.33333,18.33333,21.66667,105.33333,240.0,39.33333,88.66667,0.44333,12.66667,43.0,0.29967,20.0,23.66667,0.84267,12.33333,34.66667,47.0,22.33333,10.66667,5.66667,16.0,20.66667,111.33333,0,0.08875,-0.08875,0.47197,0.30001,0.51522,0.50164,0.59405,0.57907,1555.76529,1462.76024,0.39527,0.60473,3.17292,1.81168,0.66667,2.26333,1.77333,3.84333,1.5
240.0,40.33333,85.0,0.47433,14.66667,37.33333,0.401,16.0,19.0,0.84433,5.66667,32.33333,38.0,23.0,11.0,8.33333,13.0,22.0,111.33333,240.0,37.66667,86.66667,0.43467,12.66667,34.33333,0.37,22.0,27.0,0.816,12.33333,35.0,47.33333,21.66667,7.33333,5.0,16.0,16.0,110.0,0,-0.00339,0.00339,0.39958,0.16614,0.50815,0.56008,0.59429,0.62477,1428.5947,1487.28644,0.58374,0.41626,1.75272,2.49002,0.66667,256.66667,43.0,96.33333,0.44633,11.33333,33.33333,0.32833,14.66667,20.66667,0.62767,14.33333,29.66667,44.0,26.33333,7.33333,3.33333,11.33333,14.66667,112.0,256.66667,44.66667,89.66667,0.498,16.0,36.33333,0.44067,17.33333,20.33333,0.864,10.66667,35.0,45.66667,26.0,7.33333,5.0,12.0,19.33333,122.66667,0,0.13367,-0.13367,0.35832,0.4137,0.58827,0.50712,0.65151,0.555,1553.18428,1498.54782,0.44129,0.55871,2.2993,1.80844,1.0,1.95,2.37,2.11667,1.86667
240.0,44.33333,88.33333,0.50167,16.66667,40.66667,0.41267,16.0,20.66667,0.77233,9.0,31.33333,40.33333,30.33333,6.0,6.66667,13.0,19.33333,121.33333,240.0,44.0,86.66667,0.51367,18.66667,39.0,0.48133,17.33333,21.33333,0.81533,8.33333,31.66667,40.0,29.33333,7.66667,3.66667,12.66667,21.0,124.0,1,0.03832,-0.03832,0.25339,0.30729,0.62198,0.59576,0.68577,0.65292,1484.35262,1336.04823,0.3154,0.6846,4.10262,1.50708,0.66667,240.0,41.33333,96.0,0.433,12.0,30.66667,0.40633,16.0,21.0,0.761,12.33333,33.33333,45.66667,21.66667,9.33333,2.66667,9.66667,23.0,110.66667,240.0,39.66667,86.0,0.46133,16.0,41.66667,0.38667,20.0,25.0,0.80533,10.0,40.0,50.0,22.33333,4.33333,6.33333,15.33333,20.0,115.33333,1,0.06548,-0.06548,0.30304,0.30488,0.55425,0.49566,0.62999,0.5518,1705.05005,1401.55621,0.15675,0.84325,7.07398,1.1908,0.66667,3.73333,1.47333,8.0,1.12
240.0,40.66667,82.66667,0.49033,16.0,39.33333,0.411,16.0,20.66667,0.777,7.66667,36.33333,44.0,23.33333,5.66667,4.0,16.0,22.0,113.33333,240.0,38.0,88.0,0.431,12.33333,36.33333,0.34133,17.0,21.66667,0.78533,10.66667,31.33333,42.0,21.66667,9.66667,3.33333,11.66667,19.66667,105.33333,0,-0.11039,0.11039,0.30148,0.2453,0.50079,0.58716,0.5673,0.65042,1512.8971,1493.23598,0.45327,0.54673,2.3773,1.95928,0.33333,248.33333,37.66667,88.0,0.42867,9.66667,29.33333,0.32567,22.33333,27.66667,0.80067,9.66667,40.0,49.66667,22.66667,8.0,5.0,17.33333,22.66667,107.33333,248.33333,47.0,93.66667,0.502,7.66667,24.66667,0.34467,17.33333,26.66667,0.64567,7.0,38.33333,45.33333,26.66667,8.0,5.0,12.33333,22.33333,119.0,0,0.15108,-0.15108,0.18319,0.25245,0.54327,0.48485,0.59832,0.57148,1399.75389,1404.79816,0.52873,0.47127,1.9848,2.22661,1.0,2.14333,2.05,3.95667,1.64333
240.0,45.33333,89.33333,0.50767,16.66667,38.0,0.43967,21.66667,24.66667,0.87967,7.33333,38.33333,45.66667,24.66667,6.0,4.33333,9.66667,18.33333,129.0,240.0,40.0,90.66667,0.44133,14.0,37.33333,0.37033,18.33333,21.33333,0.85867,9.66667,34.0,43.66667,25.0,5.33333,5.0,12.33333,20.0,112.33333,0,-0.2008,0.2008,0.25498,0.21644,0.51886,0.60149,0.59008,0.68134,1543.95207,1529.71935,0.43915,0.56085,2.2861,1.78736,0.0,240.0,39.0,81.66667,0.47767,9.0,29.66667,0.29567,14.33333,18.66667,0.76833,6.0,30.66667,36.66667,22.0,9.0,3.66667,12.66667,19.33333,101.33333,240.0,40.0,80.66667,0.49767,14.0,35.33333,0.39633,18.33333,22.66667,0.81567,6.33333,35.66667,42.0,22.0,9.66667,2.66667,12.33333,19.33333,112.33333,0,0.14836,-0.14836,0.22067,0.17103,0.58475,0.53335,0.65821,0.59162,1555.74916,1521.93062,0.46748,0.53252,2.19313,1.92329,1.0,1.83333,2.04333,2.3,2.49
240.0,39.66667,88.33333,0.44833,9.66667,30.66667,0.31233,15.33333,22.0,0.68933,12.33333,34.66667,47.0,23.33333,8.33333,2.0,21.66667,20.0,104.33333,240.0,46.33333,92.66667,0.50233,12.66667,34.0,0.375,15.33333,22.33333,0.70267,10.66667,32.66667,43.33333,29.33333,14.33333,5.33333,14.33333,18.0,120.66667,1,0.21771,-0.21771,0.31464,0.37823,0.57103,0.50348,0.62076,0.56091,1493.53725,1306.60917,0.2734,0.7266,4.12372,1.39713,1.0,240.0,39.33333,86.33333,0.45767,11.33333,35.66667,0.31333,10.66667,13.0,0.84633,9.0,30.33333,39.33333,23.33333,9.0,4.0,15.33333,20.33333,100.66667,240.0,37.66667,82.66667,0.455,12.33333,37.0,0.342,17.0,19.66667,0.86933,9.0,35.0,44.0,19.66667,8.0,2.33333,14.66667,15.0,104.66667,1,0.05919,-0.05919,0.29714,0.25707,0.52894,0.52431,0.60135,0.56682,1563.42829,1534.14511,0.46315,0.53685,2.26007,1.94965,0.66667,7.86667,1.13667,2.26,1.73667
240.0,41.33333,83.0,0.497,14.66667,34.66667,0.42333,14.0,17.0,0.825,8.33333,28.66667,37.0,27.33333,10.0,2.33333,9.33333,18.0,111.33333,240.0,37.0,77.0,0.48033,15.0,36.66667,0.405,15.0,18.66667,0.80333,8.0,30.33333,38.33333,25.0,5.33333,4.33333,14.0,16.33333,104.0,1,-0.10504,0.10504,0.28889,0.27455,0.57797,0.58505,0.64116,0.64094,1466.32881,1496.21008,0.52203,0.47797,1.99957,2.23928,0.33333,240.0,38.66667,90.66667,0.42533,12.0,37.66667,0.31633,14.66667,19.0,0.75967,10.66667,33.33333,44.0,24.33333,8.33333,4.0,12.66667,17.66667,104.0,240.0,42.33333,87.33333,0.48367,15.66667,38.33333,0.403,11.66667,18.0,0.685,10.33333,35.66667,46.0,29.66667,7.0,10.0,13.66667,18.0,112.0,1,0.10659,-0.10659,0.32148,0.29863,0.57269,0.49191,0.61254,0.54806,1469.48673,1523.84756,0.59362,0.40638,1.76766,2.65356,0.66667,1.42333,3.93333,2.06,3.20333
240.0,39.33333,83.0,0.47533,12.33333,35.66667,0.34567,11.66667,13.66667,0.867,7.33333,33.66667,41.0,28.33333,8.0,4.66667,16.0,19.66667,102.66667,240.0,39.0,81.66667,0.47633,13.33333,32.66667,0.40733,16.33333,19.33333,0.85167,6.0,33.0,39.0,23.33333,9.0,2.0,11.66667,15.33333,107.66667,1,0.06229,-0.06229,0.17605,0.22077,0.55741,0.55008,0.62519,0.59898,1479.42847,1475.51367,0.50802,0.49198,2.07042,2.1659,0.66667,240.0,36.66667,82.0,0.44833,13.0,39.66667,0.32467,13.33333,16.0,0.84367,6.66667,33.66667,40.33333,24.66667,8.33333,3.66667,13.66667,14.66667,99.66667,240.0,39.66667,86.66667,0.457,16.33333,41.33333,0.39467,13.66667,17.33333,0.738,11.0,36.33333,47.33333,27.0,9.0,2.66667,13.0,14.66667,109.33333,1,0.13627,-0.13627,0.3381,0.18537,0.55075,0.52791,0.60465,0.58401,1482.68366,1455.38686,0.47212,0.52788,2.32187,2.02828,1.0,2.36333,1.74,2.3,1.93667
240.0,45.0,89.0,0.50433,11.0,34.0,0.31767,17.0,20.66667,0.81633,7.0,35.33333,42.33333,25.0,10.33333,4.66667,13.66667,21.0,118.0,240.0,42.33333,89.33333,0.47267,16.66667,38.66667,0.419,18.0,23.33333,0.77067,9.33333,35.33333,44.66667,24.0,6.0,4.66667,14.66667,20.0,119.33333,1,0.01131,-0.01131,0.28265,0.20504,0.56418,0.56584,0.62866,0.62928,1450.12057,1614.26624,0.70833,0.29167,1.44842,4.1657,0.66667,240.0,39.66667,85.33333,0.46433,12.33333,33.66667,0.361,12.66667,16.0,0.80467,8.0,33.33333,41.33333,30.0,6.66667,2.66667,9.66667,15.0,104.33333,240.0,43.0,88.33333,0.48767,14.33333,39.0,0.36933,9.33333,11.66667,0.80533,9.33333,35.33333,44.66667,31.33333,5.66667,1.66667,12.66667,16.33333,109.66667,1,0.08609,-0.08609,0.27905,0.22828,0.56958,0.53636,0.60468,0.58564,1477.45148,1455.35238,0.48283,0.51717,2.16207,1.99992,0.66667,1.24667,5.5,1.97,1.98333
240.0,38.66667,80.66667,0.47967,13.33333,34.0,0.394,16.33333,20.66667,0.802,7.33333,28.33333,35.66667,28.33333,9.66667,3.66667,11.33333,22.0,107.0,240.0,38.66667,79.33333,0.48667,13.33333,35.33333,0.37733,17.33333,22.66667,0.77833,8.33333,32.0,40.33333,25.0,7.0,3.66667,13.66667,18.0,108.0,1,-0.00066,0.00066,0.30598,0.23011,0.56996,0.56216,0.63874,0.62789,1461.42728,1487.97604,0.52986,0.47014,1.98316,2.3212,0.66667,240.0,42.66667,85.33333,0.5,10.33333,28.0,0.38,16.33333,21.33333,0.758,9.0,36.33333,45.33333,28.0,9.66667,4.66667,15.33333,21.33333,112.0,240.0,38.66667,87.33333,0.44267,11.66667,37.66667,0.30967,17.0,23.66667,0.72733,12.0,32.0,44.0,25.33333,8.66667,2.66667,15.0,17.0,106.0,1,-0.0849,0.0849,0.3299,0.28125,0.50899,0.56138,0.57277,0.62223,1372.18169,1412.17819,0.56239,0.43761,1.82765,2.38099,0.33333,1.51,2.83333,1.85667,2.33667
240.0,47.0,91.66667,0.51267,11.0,24.66667,0.433,19.66667,23.0,0.86633,12.33333,38.33333,50.66667,26.33333,11.0,4.33333,18.66667,20.0,124.66667,240.0,38.33333,88.66667,0.432,8.66667,31.0,0.28267,19.0,25.66667,0.74433,11.0,27.66667,38.66667,19.66667,11.66667,6.33333,19.0,18.66667,104.33333,0,-0.26091,0.26091,0.29582,0.4551,0.48047,0.5725,0.5524,0.6445,1351.80408,1415.76011,0.56039,0.43961,1.81741,2.3359,0.0,240.0,38.66667,85.0,0.456,11.66667,35.66667,0.33533,17.66667,22.33333,0.79567,8.33333,32.66667,41.0,26.0,6.66667,3.66667,12.66667,24.66667,106.66667,240.0,41.33333,84.0,0.49167,12.66667,32.33333,0.39333,21.33333,29.0,0.73767,10.0,34.0,44.0,24.66667,7.33333,3.0,11.33333,18.0,116.66667,0,0.13273,-0.13273,0.30678,0.25963,0.56672,0.52514,0.64533,0.59467,1533.03394,1516.86681,0.49116,0.50884,2.13367,2.03086,1.0,1.45667,3.36667,3.48333,1.52
240.0,37.33333,85.33333,0.439,12.66667,39.0,0.33033,17.0,19.33333,0.878,10.0,32.0,42.0,25.33333,6.0,5.33333,10.66667,17.66667,104.33333,240.0,40.33333,84.66667,0.47667,13.66667,36.33333,0.37667,14.66667,19.0,0.77967,8.66667,35.33333,44.0,27.33333,7.66667,3.0,10.33333,16.66667,109.0,0,0.06271,-0.06271,0.27037,0.30307,0.55727,0.51326,0.61373,0.58419,1546.87246,1603.6141,0.59284,0.40716,1.73765,2.57867,0.33333,240.0,41.33333,85.0,0.491,14.0,34.66667,0.40467,17.33333,21.33333,0.84267,8.66667,34.0,42.66667,27.33333,8.66667,4.0,15.33333,19.66667,114.0,240.0,39.0,82.33333,0.47267,10.0,28.33333,0.35267,17.66667,25.66667,0.69033,7.66667,32.0,39.66667,24.33333,8.66667,6.33333,15.0,17.66667,105.66667,0,-0.11131,0.11131,0.24751,0.25639,0.53386,0.57439,0.59988,0.6408,1564.04703,1531.98724,0.44877,0.55123,2.52471,2.01504,0.0,2.21333,1.86667,4.04,1.88333
240.0,39.66667,84.66667,0.46867,14.0,38.0,0.371,15.0,18.66667,0.81,9.33333,35.66667,45.0,26.0,8.0,4.33333,17.66667,14.33333,108.33333,240.0,43.66667,92.66667,0.47133,18.33333,41.66667,0.432,10.66667,14.66667,0.69233,10.66667,32.66667,43.33333,30.66667,10.33333,4.33333,13.66667,18.66667,116.33333,0,0.11041,-0.11041,0.29824,0.30557,0.56957,0.55146,0.6062,0.61017,1498.14422,1327.63074,0.29875,0.70125,4.19078,1.47458,0.66667,256.66667,43.0,91.0,0.473,12.33333,35.0,0.34767,17.66667,21.66667,0.81767,8.0,35.0,43.0,27.33333,8.66667,6.0,10.33333,18.33333,116.0,256.66667,43.66667,93.0,0.46767,13.33333,36.33333,0.364,15.66667,19.0,0.816,12.33333,36.66667,49.0,28.33333,5.33333,5.66667,14.33333,19.33333,116.33333,0,-0.01193,0.01193,0.36132,0.21675,0.53915,0.54018,0.59591,0.60641,1602.78953,1532.26976,0.39344,0.60656,2.55689,1.65271,0.66667,3.85667,1.53,3.08333,1.43667
240.0,37.0,85.0,0.435,12.33333,35.0,0.34633,13.33333,19.0,0.63,9.66667,27.0,36.66667,28.33333,6.0,3.66667,12.33333,15.33333,99.66667,240.0,42.33333,87.33333,0.48467,15.66667,42.66667,0.367,12.0,15.0,0.80567,13.66667,34.0,47.66667,26.0,7.33333,5.33333,13.33333,17.0,112.33333,1,0.17595,-0.17595,0.53711,0.29554,0.57495,0.50737,0.61995,0.55783,1527.4604,1458.72466,0.42497,0.57503,2.38699,1.75482,1.0,240.0,39.33333,87.33333,0.44933,9.0,26.66667,0.33867,19.0,21.66667,0.886,8.66667,34.0,42.66667,22.66667,7.33333,3.0,12.33333,18.33333,106.66667,240.0,40.0,82.66667,0.48533,10.0,30.0,0.335,15.66667,22.33333,0.71033,7.66667,35.0,42.66667,24.0,8.0,5.66667,14.33333,19.33333,105.66667,1,-0.00037,0.00037,0.21368,0.251,0.54649,0.50081,0.60642,0.57741,1409.91908,1479.44161,0.59436,0.40564,1.81933,2.76372,0.33333,2.65,1.57,1.66667,2.64
240.0,40.66667,87.66667,0.464,9.66667,29.66667,0.32533,17.33333,25.0,0.677,12.66667,35.33333,48.0,24.0,8.0,2.33333,24.33333,19.33333,108.33333,240.0,44.66667,94.66667,0.475,13.0,40.0,0.342,17.0,21.0,0.80067,10.66667,31.66667,42.33333,26.0,17.0,7.0,15.0,20.33333,119.33333,0,0.15015,-0.15015,0.3113,0.39752,0.54401,0.52004,0.60408,0.58345,1539.85926,1300.70659,0.20965,0.79035,5.00939,1.27022,0.66667,240.0,41.0,88.66667,0.46167,15.0,39.33333,0.39167,17.33333,21.33333,0.81233,7.0,34.0,41.0,23.0,8.66667,5.33333,10.66667,16.0,114.33333,240.0,41.66667,87.66667,0.475,15.0,39.33333,0.382,14.33333,19.0,0.749,11.33333,38.0,49.33333,31.66667,8.0,4.0,16.0,16.33333,112.66667,0,-0.01196,0.01196,0.34187,0.19091,0.56096,0.54598,0.61424,0.61119,1514.67009,1511.18533,0.50064,0.49936,2.16151,2.1482,0.66667,7.53333,1.14333,2.63667,1.69667
240.0,45.66667,89.66667,0.51033,14.0,38.33333,0.36567,14.66667,20.33333,0.71833,10.66667,33.0,43.66667,26.33333,8.33333,5.0,13.66667,18.66667,120.0,240.0,40.0,84.33333,0.479,18.0,40.66667,0.44933,16.66667,20.66667,0.80467,8.66667,30.33333,39.0,27.0,8.66667,4.33333,14.66667,19.33333,114.66667,1,-0.06608,0.06608,0.2507,0.35915,0.58688,0.58843,0.6505,0.6386,1499.21939,1339.08524,0.30645,0.69355,4.70868,1.49545,0.33333,240.0,42.0,93.66667,0.449,12.66667,37.0,0.33767,19.66667,23.33333,0.83667,13.66667,44.0,57.66667,23.66667,8.66667,3.33333,11.66667,16.66667,116.33333,240.0,36.33333,91.33333,0.4,11.33333,42.0,0.276,13.33333,19.0,0.68667,9.66667,34.33333,44.0,21.33333,7.0,4.33333,13.0,19.66667,97.33333,1,-0.25667,0.25667,0.21918,0.42398,0.46246,0.51705,0.5125,0.5892,1320.19242,1659.21794,0.86902,0.13098,1.15231,8.06493,0.0,3.9,1.47,1.20333,5.0
240.0,41.0,87.33333,0.47333,11.66667,34.66667,0.34533,14.33333,18.0,0.78233,9.33333,32.0,41.33333,27.0,8.33333,4.66667,16.0,20.33333,108.0,240.0,37.0,87.33333,0.42767,8.0,33.0,0.24233,19.33333,25.66667,0.74667,13.66667,33.0,46.66667,20.33333,8.66667,6.66667,15.33333,15.66667,101.33333,1,-0.09188,0.09188,0.42714,0.28835,0.47275,0.54013,0.54893,0.59495,1462.79622,1404.16516,0.41312,0.58688,2.84308,1.94421,0.0,240.0,45.33333,97.0,0.46867,14.0,34.66667,0.40267,19.33333,23.33333,0.826,14.33333,42.0,56.33333,29.0,4.0,5.66667,14.66667,21.0,124.0,240.0,40.33333,92.66667,0.43633,10.33333,33.66667,0.30933,22.33333,28.0,0.81733,7.66667,30.66667,38.33333,25.33333,8.0,9.0,9.0,20.33333,113.33333,1,-0.12427,0.12427,0.18245,0.46774,0.49213,0.53996,0.57455,0.60868,1477.03815,1494.98965,0.50247,0.49753,2.06214,2.09314,0.33333,3.52667,1.77,1.86,2.41333
240.0,40.33333,89.66667,0.451,14.0,37.0,0.37633,13.66667,18.0,0.75033,10.66667,38.0,48.66667,24.0,5.66667,3.0,14.33333,20.0,108.33333,240.0,37.66667,88.66667,0.42433,13.66667,43.33333,0.31533,18.33333,23.66667,0.778,11.0,34.0,45.0,22.33333,9.0,5.33333,10.66667,18.0,107.33333,0,-0.01305,0.01305,0.29675,0.31394,0.50161,0.5307,0.57201,0.58059,1471.51614,1660.14687,0.72486,0.27514,1.42749,4.81877,0.33333,240.0,43.33333,90.33333,0.48,13.33333,33.66667,0.39433,20.0,24.33333,0.82533,10.0,36.0,46.0,23.66667,7.33333,5.0,12.0,20.33333,120.0,240.0,44.0,88.66667,0.49533,9.0,27.66667,0.329,17.33333,26.66667,0.663,8.66667,36.0,44.66667,24.33333,6.66667,2.66667,13.66667,19.0,114.33333,0,-0.07046,0.07046,0.2398,0.28173,0.546,0.5529,0.60411,0.62749,1480.45724,1532.65532,0.56766,0.43234,1.77466,2.34402,0.0,1.80333,2.97667,2.25,1.69333
240.0,36.66667,86.0,0.42567,12.66667,39.66667,0.32133,15.33333,18.0,0.85233,8.66667,31.0,39.66667,24.0,9.0,3.66667,12.0,22.66667,101.33333,240.0,38.0,81.0,0.46967,10.33333,29.66667,0.355,19.0,26.33333,0.71633,10.33333,34.33333,44.66667,23.66667,6.33333,3.33333,14.66667,16.66667,105.33333,1,0.0536,-0.0536,0.33535,0.26752,0.53372,0.49967,0.60696,0.56328,1516.6219,1568.79711,0.57962,0.42038,1.72907,2.38965,0.66667,240.0,47.33333,87.66667,0.539,14.33333,31.33333,0.45633,17.66667,21.33333,0.82467,9.0,40.66667,49.66667,29.33333,4.0,5.0,15.33333,19.0,126.66667,240.0,39.0,96.66667,0.40467,11.33333,33.33333,0.33933,18.0,22.0,0.82333,12.33333,30.0,42.33333,21.0,8.33333,4.66667,8.33333,17.0,107.33333,1,-0.23685,0.23685,0.30139,0.3179,0.4634,0.62128,0.52992,0.68489,1347.01847,1435.81301,0.60371,0.39629,1.71876,2.69176,0.0,2.09333,1.80667,1.5,3.3
240.0,42.66667,84.33333,0.50733,13.0,30.33333,0.43433,17.66667,22.0,0.79667,6.66667,30.33333,37.0,22.0,8.66667,4.0,10.33333,16.66667,116.0,240.0,44.33333,89.33333,0.49667,14.66667,40.66667,0.36333,12.0,16.33333,0.74667,12.33333,32.33333,44.66667,25.0,5.66667,5.0,13.66667,18.0,115.33333,1,-0.00979,0.00979,0.40601,0.2057,0.57922,0.58511,0.62174,0.65193,1568.25255,1399.2923,0.27335,0.72665,3.93133,1.38699,0.66667,248.33333,44.33333,87.0,0.518,17.33333,41.33333,0.42767,9.66667,10.66667,0.91833,5.0,37.33333,42.33333,31.0,6.33333,4.66667,17.66667,20.33333,115.66667,248.33333,42.0,90.0,0.465,11.66667,32.66667,0.362,16.66667,22.33333,0.74467,9.0,31.0,40.0,23.66667,10.0,3.66667,10.66667,14.66667,112.33333,1,-0.05,0.05,0.24938,0.16681,0.5306,0.6167,0.59149,0.65501,1572.06965,1653.62167,0.61349,0.38651,1.67169,2.72035,0.33333,5.03333,1.21667,1.55333,2.97667
240.0,44.0,91.0,0.48167,11.33333,27.66667,0.41833,19.0,24.33333,0.77533,9.0,36.0,45.0,24.66667,7.33333,6.66667,12.0,24.0,118.33333,240.0,41.0,95.0,0.434,14.0,33.33333,0.429,23.33333,29.33333,0.80167,13.0,35.66667,48.66667,25.66667,7.0,4.66667,11.33333,19.66667,119.33333,0,0.01568,-0.01568,0.36676,0.25536,0.50863,0.54459,0.59185,0.61303,1544.52518,1554.38206,0.51714,0.48286,2.04708,2.17135,0.33333,256.66667,43.66667,89.33333,0.49033,15.0,37.33333,0.402,17.33333,23.33333,0.754,6.66667,30.66667,37.33333,29.66667,10.66667,4.0,12.33333,17.66667,119.66667,256.66667,49.66667,91.66667,0.54467,16.0,37.33333,0.42967,15.0,18.33333,0.80933,8.33333,37.33333,45.66667,32.66667,6.33333,7.0,16.0,20.0,130.33333,0,0.12958,-0.12958,0.26964,0.17288,0.63295,0.5745,0.68389,0.63561,1600.85435,1450.24941,0.31908,0.68092,3.64778,1.5041,1.0,2.17,1.93,5.23333,1.27
240.0,41.0,87.66667,0.46867,14.33333,40.33333,0.35333,20.0,23.0,0.88,9.0,38.0,47.0,28.0,5.0,5.66667,12.0,18.66667,116.33333,240.0,38.66667,92.33333,0.41867,14.66667,43.0,0.338,18.0,20.33333,0.88367,10.33333,34.0,44.33333,23.33333,6.66667,5.66667,11.0,20.66667,110.0,0,-0.07576,0.07576,0.28156,0.2615,0.49858,0.55097,0.56834,0.62872,1491.1948,1569.8069,0.60337,0.39663,1.65889,2.52685,0.33333,248.33333,42.66667,93.0,0.45467,12.0,33.33333,0.35833,15.66667,20.66667,0.78567,8.33333,31.33333,39.66667,23.33333,8.33333,3.66667,12.0,17.66667,113.0,248.33333,47.66667,92.66667,0.51733,16.33333,38.0,0.42467,16.0,22.0,0.741,10.33333,40.0,50.33333,28.0,7.66667,5.0,14.0,19.66667,127.66667,0,0.18744,-0.18744,0.33005,0.20879,0.60795,0.51783,0.65888,0.5776,1606.14808,1607.13123,0.51899,0.48101,1.93173,2.08554,0.66667,1.87667,2.36333,3.31667,1.42667
240.0,38.33333,85.66667,0.452,15.33333,39.0,0.39867,19.66667,24.33333,0.812,8.0,35.0,43.0,19.66667,7.66667,4.0,16.66667,21.66667,111.66667,240.0,39.0,91.33333,0.42633,12.33333,35.33333,0.35267,20.66667,25.33333,0.80667,13.0,36.33333,49.33333,22.33333,10.0,5.0,14.66667,18.33333,111.0,0,-0.01494,0.01494,0.37836,0.22099,0.49369,0.54284,0.57161,0.61976,1525.07158,1496.58478,0.45126,0.54874,2.38235,1.94456,0.66667,240.0,40.66667,91.0,0.44867,16.33333,43.66667,0.38933,17.33333,22.66667,0.76467,10.0,34.66667,44.66667,27.66667,11.33333,5.0,13.66667,22.0,115.0,240.0,37.66667,85.33333,0.445,15.33333,40.33333,0.38233,19.0,27.0,0.70467,9.33333,37.33333,46.66667,27.0,9.33333,4.33333,16.33333,20.0,109.66667,0,-0.06464,0.06464,0.28309,0.26306,0.53479,0.53834,0.60379,0.60082,1334.08676,1592.90967,0.80382,0.19618,1.25615,6.0125,0.66667,2.23667,1.8,1.24667,4.56667
240.0,46.0,92.66667,0.49867,9.66667,29.0,0.33367,17.0,21.33333,0.78633,11.0,41.0,52.0,29.0,8.66667,4.66667,15.66667,20.66667,118.66667,240.0,37.66667,90.66667,0.41833,11.33333,35.66667,0.31867,16.33333,20.66667,0.79067,9.33333,34.33333,43.66667,19.0,8.66667,6.0,14.66667,18.66667,103.0,1,-0.20192,0.20192,0.21954,0.32724,0.48073,0.55191,0.5436,0.6125,1413.71614,1500.94132,0.60068,0.39932,1.84956,2.98571,0.33333,240.0,39.33333,86.66667,0.457,15.0,43.0,0.36267,16.0,22.0,0.72733,9.0,29.66667,38.66667,28.33333,10.0,6.0,11.66667,22.33333,109.66667,240.0,40.66667,86.0,0.474,17.0,40.33333,0.423,18.33333,26.33333,0.698,11.33333,38.66667,50.0,30.0,6.66667,2.66667,15.33333,21.33333,116.66667,1,0.0862,-0.0862,0.38679,0.23252,0.57237,0.54368,0.63591,0.60259,1342.07905,1557.34673,0.77068,0.22932,1.31254,5.36617,1.0,1.64667,3.69667,1.37333,3.68333
240.0,41.0,89.0,0.461,15.66667,31.33333,0.5,13.0,16.66667,0.791,8.33333,35.66667,44.0,21.0,5.66667,4.66667,9.66667,19.33333,110.66667,240.0,38.66667,88.33333,0.438,12.0,37.66667,0.30733,16.0,21.0,0.75667,11.66667,36.0,47.66667,25.66667,5.0,6.33333,11.66667,14.33333,105.33333,1,-0.0678,0.0678,0.33054,0.23349,0.50548,0.54872,0.56647,0.59732,1518.7962,1531.93475,0.50912,0.49088,1.97501,2.05012,0.33333,240.0,44.33333,90.0,0.49167,14.66667,41.0,0.35467,17.66667,24.66667,0.716,8.0,37.33333,45.33333,29.33333,10.66667,6.33333,15.0,19.66667,121.0,240.0,41.0,91.0,0.44933,13.66667,39.66667,0.32767,16.66667,22.66667,0.732,11.33333,37.33333,48.66667,22.33333,8.0,4.33333,17.66667,21.0,112.33333,1,-0.13208,0.13208,0.32432,0.21637,0.52224,0.57399,0.5816,0.63396,1311.68736,1485.45637,0.70898,0.29102,1.46426,4.27127,0.33333,2.51667,1.60333,1.37,5.1
248.33333,40.66667,90.33333,0.448,9.66667,30.33333,0.31133,16.0,21.0,0.777,9.66667,32.0,41.66667,22.66667,9.0,3.0,13.0,17.0,107.0,248.33333,43.66667,87.66667,0.497,12.66667,33.33333,0.38167,13.33333,17.66667,0.74167,7.33333,38.66667,46.0,22.33333,8.0,5.0,13.66667,18.0,113.33333,0,0.08618,-0.08618,0.23054,0.24856,0.5689,0.50152,0.61646,0.56143,1489.53953,1557.11414,0.60951,0.39049,1.6701,2.68945,0.66667,240.0,36.66667,80.0,0.45767,12.0,34.66667,0.34267,19.0,25.33333,0.75033,9.0,29.66667,38.66667,22.0,6.66667,4.66667,17.66667,18.66667,104.33333,240.0,41.0,85.0,0.48433,13.0,29.33333,0.449,15.0,20.66667,0.73067,11.33333,31.0,42.33333,25.66667,12.66667,6.66667,16.33333,19.66667,110.0,0,0.07757,-0.07757,0.41183,0.29189,0.56078,0.53234,0.616,0.60869,1598.17597,1477.78692,0.34803,0.65197,3.65694,1.63782,0.33333,1.81333,2.11667,5.45,1.64
240.0,44.33333,85.66667,0.51867,12.66667,33.0,0.384,18.66667,23.0,0.814,9.33333,30.33333,39.66667,24.0,6.33333,5.33333,10.0,18.0,120.0,240.0,45.33333,88.66667,0.51167,12.66667,29.0,0.437,16.0,20.33333,0.78667,11.33333,30.66667,42.0,25.66667,6.33333,2.66667,11.66667,19.33333,119.33333,1,-0.01058,0.01058,0.37625,0.29788,0.58315,0.5927,0.64066,0.66234,1472.4655,1633.91301,0.68797,0.31203,1.51158,4.6796,0.33333,240.0,45.33333,88.0,0.51533,12.0,27.66667,0.42967,15.66667,20.33333,0.76533,10.0,34.0,44.0,29.0,11.66667,3.66667,11.66667,18.66667,118.33333,240.0,36.0,82.66667,0.439,13.0,39.0,0.32833,16.33333,23.0,0.71933,12.0,31.33333,43.33333,26.33333,7.0,3.66667,17.66667,16.33333,101.33333,1,-0.22402,0.22402,0.35278,0.31944,0.51995,0.58395,0.58339,0.64015,1359.35515,1423.58582,0.56822,0.43178,1.81467,2.43464,0.0,1.57333,4.69,1.65,3.78667
240.0,43.66667,96.33333,0.45233,15.0,37.0,0.408,19.0,24.0,0.795,14.66667,37.0,51.66667,22.33333,6.66667,4.66667,10.33333,18.66667,121.33333,240.0,38.66667,85.66667,0.45167,12.33333,35.0,0.34433,20.33333,25.0,0.806,7.33333,35.33333,42.66667,25.66667,6.33333,8.66667,12.66667,21.0,110.0,1,-0.13071,0.13071,0.19836,0.42802,0.52439,0.52908,0.60402,0.59638,1491.32136,1499.73343,0.48471,0.51529,2.07716,1.95242,0.33333,240.0,41.66667,89.0,0.47067,13.66667,36.66667,0.37033,15.66667,20.33333,0.75933,12.66667,32.0,44.66667,23.0,7.66667,4.0,16.66667,20.66667,112.66667,240.0,43.33333,86.0,0.504,15.0,33.66667,0.44,20.66667,23.66667,0.88233,8.0,34.66667,42.66667,30.33333,10.0,5.33333,13.0,17.66667,122.33333,1,0.1166,-0.1166,0.26269,0.36236,0.59137,0.54718,0.67143,0.60472,1563.51566,1552.7987,0.49449,0.50551,2.10346,2.04594,1.0,1.65,2.49333,3.85,1.54333
256.66667,48.33333,94.33333,0.511,9.0,24.33333,0.37467,26.66667,32.33333,0.82167,9.33333,33.0,42.33333,27.33333,6.0,1.66667,8.66667,22.66667,132.33333,256.66667,50.0,99.66667,0.50167,11.0,27.66667,0.378,23.0,28.33333,0.82167,15.0,35.0,50.0,27.66667,5.0,5.33333,11.0,24.0,134.0,0,0.0214,-0.0214,0.45646,0.27301,0.55695,0.55941,0.63336,0.65064,1487.57909,1492.92171,0.5075,0.4925,2.01373,2.07828,0.66667,240.0,41.0,97.0,0.424,11.33333,36.66667,0.31133,11.33333,15.33333,0.736,12.0,31.0,43.0,21.33333,12.66667,2.66667,11.0,17.66667,104.66667,240.0,37.33333,82.33333,0.453,17.33333,43.33333,0.4,15.0,19.0,0.786,9.33333,40.66667,50.0,22.0,5.66667,4.66667,20.0,18.33333,107.0,0,0.02755,-0.02755,0.30542,0.29497,0.55878,0.48224,0.61805,0.52187,1700.48481,1442.10149,0.19416,0.80584,5.87925,1.24765,0.66667,2.36333,1.73667,5.16667,1.22333
240.0,40.66667,82.66667,0.48933,15.0,36.66667,0.41367,15.0,18.66667,0.80667,5.0,32.33333,37.33333,26.33333,8.66667,7.0,13.0,20.0,111.33333,240.0,38.66667,83.0,0.47033,13.33333,33.66667,0.40067,21.66667,25.66667,0.84367,7.66667,33.0,40.66667,22.0,8.0,4.33333,14.33333,16.33333,112.33333,0,0.02551,-0.02551,0.23291,0.15702,0.55208,0.57953,0.63906,0.63983,1490.39907,1493.72903,0.5087,0.4913,2.02491,2.11803,0.66667,240.0,39.33333,83.33333,0.47133,10.33333,34.0,0.3,19.0,26.0,0.73,6.0,34.66667,40.66667,24.66667,10.33333,4.0,17.33333,20.66667,108.0,240.0,46.0,87.66667,0.52667,12.33333,34.0,0.35933,16.66667,20.33333,0.82,4.0,36.66667,40.66667,29.0,10.0,6.33333,14.33333,19.66667,121.0,0,0.1669,-0.1669,0.10765,0.16429,0.59747,0.53304,0.65898,0.60621,1600.30119,1454.51361,0.3284,0.6716,3.59301,1.5319,1.0,2.15333,1.75667,4.68333,1.41
240.0,41.0,81.33333,0.50467,8.33333,27.66667,0.29833,15.33333,19.66667,0.77133,10.0,31.0,41.0,26.33333,6.0,4.33333,17.33333,22.0,105.66667,240.0,41.66667,89.66667,0.46567,12.0,32.66667,0.369,16.66667,21.66667,0.76667,11.66667,27.66667,39.33333,25.33333,8.66667,4.0,10.66667,19.66667,112.0,0,0.08329,-0.08329,0.37346,0.37586,0.53236,0.55645,0.59361,0.61777,1431.57293,1377.64326,0.42873,0.57127,2.33529,1.75169,1.0,240.0,36.0,83.33333,0.434,11.66667,32.33333,0.363,20.0,26.0,0.782,9.0,34.66667,43.66667,20.33333,5.66667,6.0,14.66667,16.66667,103.66667,240.0,39.0,89.33333,0.43933,16.33333,40.0,0.41,18.66667,21.0,0.892,11.0,34.66667,45.66667,23.33333,7.33333,7.66667,12.33333,19.66667,113.0,0,0.12453,-0.12453,0.31505,0.25816,0.53089,0.50337,0.6042,0.58389,1500.7815,1413.21259,0.39765,0.60235,2.82504,1.7813,1.0,2.43,1.87667,2.63333,1.54667
240.0,36.33333,81.66667,0.44467,14.66667,36.66667,0.40333,16.0,20.0,0.79867,5.66667,30.66667,36.33333,25.66667,8.0,5.33333,12.33333,20.33333,103.33333,240.0,40.33333,85.33333,0.477,12.33333,33.66667,0.372,21.33333,25.66667,0.831,10.0,35.66667,45.66667,20.33333,6.33333,5.0,12.33333,17.33333,114.33333,0,0.1441,-0.1441,0.32521,0.16106,0.55105,0.53393,0.63438,0.59999,1568.26626,1493.23067,0.41416,0.58584,2.44772,1.71788,1.0,240.0,39.0,96.66667,0.404,12.0,37.0,0.32733,12.66667,18.33333,0.699,13.33333,33.33333,46.66667,17.0,11.33333,2.0,11.66667,20.33333,102.66667,240.0,37.0,85.0,0.43467,17.33333,45.33333,0.38233,15.66667,19.66667,0.79167,10.0,40.66667,50.66667,23.33333,6.66667,7.0,17.33333,19.33333,107.0,0,0.0567,-0.0567,0.30304,0.3283,0.53682,0.46615,0.59793,0.50977,1705.33802,1388.47372,0.14858,0.85142,7.63657,1.18022,0.66667,2.28667,1.70667,8.41667,1.10667
240.0,40.66667,84.66667,0.48133,9.0,28.66667,0.30833,10.66667,13.66667,0.79033,10.33333,33.0,43.33333,26.0,6.33333,3.33333,14.33333,17.0,101.0,240.0,41.0,87.33333,0.47133,13.33333,35.66667,0.37333,12.33333,16.0,0.79367,9.66667,30.33333,40.0,27.0,7.0,2.66667,10.66667,17.66667,107.66667,0,0.09312,-0.09312,0.2904,0.3555,0.54802,0.5346,0.59459,0.5769,1450.27972,1373.03821,0.39859,0.60141,2.5228,1.66652,1.0,240.0,37.66667,89.33333,0.42333,12.33333,35.0,0.35333,19.33333,23.66667,0.81967,9.33333,36.33333,45.66667,21.33333,9.33333,4.33333,18.0,23.0,107.0,240.0,44.66667,92.0,0.485,9.66667,25.0,0.41433,20.33333,28.66667,0.68667,11.0,39.33333,50.33333,26.33333,10.33333,5.0,15.33333,19.66667,119.33333,0,0.15937,-0.15937,0.30803,0.23965,0.53758,0.49213,0.60701,0.56754,1407.38099,1411.01445,0.52684,0.47316,1.98956,2.21276,1.0,1.96333,2.0,3.97,1.61
248.33333,48.33333,90.66667,0.534,12.66667,32.0,0.39533,15.66667,19.0,0.84167,8.33333,33.0,41.33333,28.33333,8.0,8.0,8.33333,18.66667,125.0,248.33333,43.66667,89.66667,0.48733,12.66667,29.33333,0.43167,16.0,20.33333,0.78667,10.66667,30.66667,41.33333,25.33333,5.33333,2.33333,14.0,18.0,116.0,0,-0.10678,0.10678,0.32863,0.26757,0.55792,0.60487,0.61611,0.66172,1399.43978,1643.72759,0.77152,0.22848,1.34739,6.06478,0.0,240.0,40.66667,87.0,0.46833,10.33333,31.0,0.317,13.33333,18.0,0.73867,6.66667,33.0,39.66667,22.33333,8.0,3.33333,11.0,18.33333,105.0,240.0,40.33333,82.0,0.493,15.66667,37.33333,0.416,17.66667,22.33333,0.795,5.33333,40.33333,45.66667,24.66667,7.66667,3.0,11.33333,19.66667,114.0,0,0.11953,-0.11953,0.16332,0.16497,0.58862,0.52628,0.65765,0.57731,1548.05751,1537.00961,0.4974,0.5026,2.0512,2.02706,1.0,1.28667,6.73333,2.55667,2.00333
240.0,40.0,89.0,0.45167,15.0,38.33333,0.39467,14.66667,18.33333,0.79333,11.0,36.66667,47.66667,24.0,5.33333,4.66667,17.66667,17.66667,109.66667,240.0,42.66667,92.33333,0.46133,14.66667,37.33333,0.38533,15.66667,19.33333,0.81667,9.0,34.0,43.0,31.0,10.33333,5.66667,10.0,18.66667,115.66667,1,0.07813,-0.07813,0.25182,0.31714,0.54089,0.53588,0.59977,0.59222,1532.42648,1559.86929,0.55307,0.44693,1.84158,2.3166,0.66667,240.0,47.0,91.33333,0.51567,12.0,30.66667,0.38967,12.66667,17.66667,0.717,10.33333,38.66667,49.0,24.0,5.66667,6.66667,13.33333,19.33333,118.66667,240.0,38.0,87.33333,0.439,10.66667,27.33333,0.39767,22.33333,26.66667,0.83733,8.33333,30.33333,38.66667,19.33333,8.0,3.66667,9.0,16.33333,109.0,1,-0.11984,0.11984,0.20701,0.35409,0.50112,0.58191,0.59017,0.62471,1330.5012,1531.45827,0.7498,0.2502,1.33797,4.10079,0.33333,1.64333,3.08333,1.22333,5.31667
240.0,39.33333,83.66667,0.47,12.0,34.66667,0.34033,10.33333,15.0,0.63,8.66667,29.33333,38.0,27.33333,7.66667,3.0,15.0,15.33333,101.0,240.0,43.33333,85.0,0.50967,17.66667,43.0,0.41267,11.33333,13.0,0.86067,9.66667,32.33333,42.0,29.0,8.33333,4.33333,14.66667,14.66667,115.66667,0,0.19741,-0.19741,0.32969,0.27967,0.61385,0.54151,0.65819,0.5804,1533.18212,1459.2758,0.42057,0.57943,2.41776,1.74344,1.0,240.0,38.66667,86.66667,0.447,10.0,32.33333,0.316,15.0,18.33333,0.85567,9.66667,33.33333,43.0,24.33333,8.66667,4.33333,18.66667,20.66667,102.33333,240.0,36.66667,83.66667,0.44,11.0,38.0,0.308,19.0,21.33333,0.896,7.0,35.0,42.0,20.66667,10.33333,4.0,16.33333,17.66667,103.33333,0,0.0221,-0.0221,0.21635,0.27858,0.50611,0.5053,0.58678,0.56475,1558.42645,1469.33247,0.39423,0.60577,3.18006,1.80893,0.33333,4.0,1.48,3.66,1.55333
240.0,40.0,82.33333,0.48733,9.0,27.33333,0.32467,11.33333,16.33333,0.67333,8.0,36.33333,44.33333,28.0,5.33333,2.66667,15.0,18.33333,100.33333,240.0,38.33333,83.0,0.46367,11.0,33.0,0.34233,20.0,23.33333,0.86133,7.0,32.66667,39.66667,21.33333,11.33333,6.0,7.66667,18.66667,107.66667,1,0.10388,-0.10388,0.19547,0.25023,0.53077,0.54248,0.61361,0.58586,1535.50453,1471.40473,0.4222,0.5778,2.39305,1.74098,0.66667,240.0,42.33333,90.66667,0.467,11.0,36.66667,0.299,14.0,19.33333,0.72467,10.66667,33.66667,44.33333,28.33333,9.66667,5.33333,12.0,20.66667,109.66667,240.0,40.0,83.33333,0.48,13.33333,35.0,0.38167,14.0,21.66667,0.63967,9.66667,34.0,43.66667,26.66667,7.66667,7.66667,14.66667,17.66667,107.33333,1,-0.02334,0.02334,0.29639,0.31505,0.56002,0.52789,0.60973,0.57779,1466.88312,1509.44108,0.55295,0.44705,1.88152,2.39221,0.33333,3.21667,1.42,2.11333,2.90333
240.0,39.33333,78.33333,0.50233,12.33333,34.66667,0.35733,14.33333,17.66667,0.82467,7.33333,37.33333,44.66667,29.33333,5.33333,3.33333,18.0,21.66667,105.33333,240.0,39.0,84.0,0.46333,12.33333,36.33333,0.33867,19.33333,22.66667,0.84733,7.0,30.33333,37.33333,22.33333,10.66667,2.33333,8.33333,16.66667,109.66667,0,0.05513,-0.05513,0.19141,0.24458,0.53667,0.58105,0.61588,0.6406,1455.95158,1475.10523,0.54113,0.45887,1.89006,2.26905,0.66667,248.33333,43.33333,89.33333,0.48533,14.33333,37.33333,0.38367,15.0,20.0,0.75633,7.33333,29.66667,37.0,27.33333,7.0,4.0,8.33333,16.66667,116.0,248.33333,45.33333,84.33333,0.53833,15.66667,31.66667,0.491,16.0,19.66667,0.811,6.33333,36.33333,42.66667,24.33333,6.0,2.66667,12.33333,18.33333,122.33333,0,0.07615,-0.07615,0.21398,0.19777,0.63191,0.56729,0.69127,0.62094,1567.80715,1559.76071,0.50523,0.49477,2.01042,2.05199,0.66667,2.48,1.7,1.80667,2.05333
248.33333,39.66667,89.0,0.44333,10.0,29.33333,0.34567,18.66667,25.66667,0.72567,10.0,31.0,41.0,21.66667,8.33333,5.33333,12.33333,18.66667,108.0,248.33333,45.66667,90.66667,0.50667,16.66667,37.0,0.44567,14.33333,21.33333,0.68033,10.66667,38.66667,49.33333,28.33333,8.33333,5.66667,14.66667,23.0,122.33333,1,0.18262,-0.18262,0.34156,0.25933,0.59999,0.49916,0.64501,0.56972,1570.84348,1599.54318,0.55665,0.44335,1.83052,2.34189,0.66667,240.0,38.66667,86.66667,0.44567,9.66667,28.66667,0.33933,11.33333,14.66667,0.79067,8.66667,35.66667,44.33333,27.0,5.33333,3.0,11.33333,15.66667,98.33333,240.0,40.33333,88.33333,0.45967,13.33333,38.66667,0.343,10.0,13.66667,0.761,9.66667,36.33333,46.0,27.66667,6.33333,3.0,12.33333,15.66667,104.0,1,0.08329,-0.08329,0.26721,0.24175,0.53659,0.50121,0.57399,0.54626,1474.97062,1477.46564,0.51657,0.48343,2.07954,2.26751,0.66667,2.94,2.70333,2.02333,1.86667
240.0,41.33333,87.0,0.47467,12.33333,31.33333,0.4,19.66667,23.0,0.854,9.0,29.66667,38.66667,24.33333,9.66667,3.66667,11.0,16.66667,114.66667,240.0,42.33333,88.33333,0.47933,12.33333,37.33333,0.324,13.0,18.66667,0.699,12.66667,33.33333,46.0,23.0,5.66667,7.66667,17.0,17.66667,110.0,1,-0.06022,0.06022,0.42799,0.27431,0.54877,0.54586,0.59511,0.62255,1535.49074,1399.83985,0.30604,0.69396,3.2834,1.44232,0.33333,240.0,41.0,89.0,0.45933,9.33333,31.33333,0.30533,17.66667,22.33333,0.79567,10.66667,31.66667,42.33333,22.33333,7.66667,4.0,11.66667,24.33333,109.0,240.0,41.66667,82.33333,0.505,13.0,30.66667,0.41833,19.66667,27.66667,0.706,8.66667,33.0,41.66667,26.66667,6.66667,3.66667,13.0,19.0,116.0,1,0.09715,-0.09715,0.27494,0.34763,0.58371,0.51209,0.65557,0.57873,1540.60648,1525.55597,0.488,0.512,2.15967,2.02342,1.0,4.61667,1.23,2.4,1.64
240.0,36.33333,83.33333,0.43767,10.33333,34.0,0.30267,15.66667,19.0,0.81333,6.66667,33.66667,40.33333,24.66667,7.0,6.0,10.33333,20.33333,98.66667,240.0,37.66667,80.0,0.46933,14.0,34.33333,0.41,15.66667,21.66667,0.72267,8.0,36.66667,44.66667,26.33333,7.0,5.0,13.33333,18.0,105.0,0,0.08841,-0.08841,0.23704,0.19195,0.55682,0.49945,0.6185,0.56507,1570.95148,1605.48701,0.56298,0.43702,1.81457,2.36364,0.66667,240.0,40.33333,92.0,0.43867,8.0,24.66667,0.31533,9.66667,13.0,0.77233,9.33333,27.66667,37.0,24.33333,9.66667,4.0,10.0,13.66667,98.33333,240.0,43.33333,84.66667,0.51033,15.33333,39.33333,0.38667,12.0,16.0,0.745,10.0,40.66667,50.66667,22.0,6.0,3.33333,16.33333,15.33333,114.0,0,0.21006,-0.21006,0.35781,0.23096,0.60164,0.48177,0.64644,0.5186,1695.26616,1488.30095,0.24045,0.75955,4.1599,1.3166,1.0,2.12333,2.06667,3.45,1.34667
240.0,43.33333,91.33333,0.47133,9.33333,30.0,0.31767,19.33333,26.66667,0.71433,11.66667,37.0,48.66667,23.66667,6.66667,6.66667,15.0,20.33333,115.33333,240.0,44.0,91.0,0.48233,13.66667,32.33333,0.42,20.66667,24.0,0.85833,8.66667,33.33333,42.0,25.66667,8.33333,4.33333,11.66667,19.66667,122.33333,0,0.09758,-0.09758,0.23865,0.37073,0.55711,0.52104,0.63476,0.59062,1427.47179,1534.31447,0.64991,0.35009,1.63063,3.28753,0.66667,240.0,41.0,90.0,0.45633,10.33333,28.0,0.37533,19.66667,24.0,0.82233,11.0,33.66667,44.66667,24.0,6.66667,3.33333,9.66667,20.33333,112.0,240.0,39.66667,83.0,0.47967,10.0,32.0,0.31333,16.0,24.0,0.666,8.33333,34.0,42.33333,23.66667,6.0,4.0,14.0,21.0,105.33333,0,-0.08726,0.08726,0.23484,0.32222,0.5405,0.51409,0.60007,0.58887,1404.76112,1448.42479,0.55164,0.44836,1.92055,2.39683,0.0,1.76333,3.49,1.65667,2.67333
240.0,36.66667,82.33333,0.44633,9.66667,33.0,0.299,19.0,26.33333,0.71433,8.66667,34.0,42.66667,22.33333,8.33333,1.66667,21.66667,19.66667,102.0,240.0,43.33333,89.66667,0.486,14.66667,42.33333,0.36,16.66667,20.33333,0.81167,8.33333,34.66667,43.0,28.0,14.0,5.0,15.66667,21.33333,118.0,0,0.22014,-0.22014,0.25712,0.26549,0.56871,0.50518,0.62978,0.5786,1551.25227,1289.49803,0.18884,0.81116,5.36087,1.23362,0.66667,240.0,41.66667,88.66667,0.46933,13.66667,37.0,0.37433,17.33333,21.33333,0.81233,6.66667,35.33333,42.0,21.33333,8.66667,3.33333,10.66667,17.66667,114.33333,240.0,40.66667,88.33333,0.459,16.33333,42.0,0.38833,15.0,19.0,0.786,11.33333,37.0,48.33333,30.33333,6.66667,3.0,15.66667,17.66667,112.66667,0,-0.01196,0.01196,0.33272,0.18615,0.55224,0.54598,0.60927,0.61119,1513.6264,1407.47691,0.355,0.645,3.20633,1.61718,0.66667,9.25,1.07667,5.15,1.32
240.0,38.66667,83.0,0.46667,13.33333,37.33333,0.361,16.33333,21.66667,0.77333,7.33333,32.33333,39.66667,24.33333,8.33333,3.66667,15.66667,14.66667,107.0,240.0,45.33333,89.33333,0.51,15.33333,39.0,0.39067,11.33333,14.0,0.75967,7.0,34.33333,41.33333,31.66667,8.33333,6.0,14.0,20.0,117.33333,0,0.13803,-0.13803,0.20717,0.22938,0.59583,0.54747,0.63749,0.61012,1478.48487,1320.32821,0.30895,0.69105,3.77339,1.48894,0.66667,240.0,43.0,92.0,0.46833,15.0,35.66667,0.41133,21.0,28.66667,0.747,10.33333,34.66667,45.0,22.0,5.66667,4.33333,12.0,19.66667,122.0,240.0,46.66667,95.0,0.49267,15.66667,37.0,0.423,16.33333,22.33333,0.68833,11.0,37.33333,48.33333,24.0,6.66667,6.66667,13.66667,23.33333,125.33333,0,0.03992,-0.03992,0.32406,0.28089,0.57573,0.55134,0.62904,0.62147,1618.40872,1523.95799,0.3733,0.6267,2.79619,1.61494,1.0,4.52333,1.51667,2.28333,1.68667
240.0,44.0,89.66667,0.49,11.0,35.33333,0.305,13.66667,18.0,0.75833,9.0,37.66667,46.66667,24.33333,9.0,3.33333,11.66667,19.33333,112.66667,240.0,39.0,85.33333,0.457,13.0,34.66667,0.37533,17.0,21.66667,0.79133,6.66667,33.66667,40.33333,24.0,5.66667,4.0,12.33333,17.33333,108.0,0,-0.05906,0.05906,0.17695,0.2815,0.53329,0.55102,0.59934,0.60171,1528.40647,1612.85083,0.61083,0.38917,1.65151,2.63663,0.33333,240.0,41.66667,93.33333,0.44733,13.0,39.33333,0.32867,15.33333,21.33333,0.733,11.66667,44.0,55.66667,26.0,8.33333,4.33333,13.33333,18.33333,111.66667,240.0,37.66667,91.33333,0.41533,10.0,40.66667,0.24667,14.66667,20.33333,0.70667,9.66667,37.66667,47.33333,21.66667,7.66667,4.66667,14.0,20.66667,100.0,0,-0.1636,0.1636,0.21918,0.30986,0.47021,0.51718,0.5254,0.57049,1314.22749,1570.57708,0.77285,0.22715,1.36949,6.87812,0.0,1.41,3.35,1.38,4.23333
240.0,45.33333,97.0,0.47033,12.66667,35.66667,0.35433,16.66667,19.66667,0.85467,11.0,33.0,44.0,28.0,10.0,4.66667,13.33333,20.66667,120.0,240.0,45.0,94.33333,0.478,13.0,36.0,0.36033,21.0,26.66667,0.79167,13.33333,38.0,51.33333,21.33333,8.33333,6.33333,15.0,18.33333,124.0,1,0.05036,-0.05036,0.4005,0.2918,0.54804,0.53585,0.62093,0.59499,1532.53103,1492.26571,0.45377,0.54623,2.71212,2.1667,0.66667,240.0,46.66667,88.33333,0.528,12.66667,29.0,0.43333,17.0,21.33333,0.78767,11.33333,38.0,49.33333,30.0,5.0,5.0,14.0,21.0,123.0,240.0,37.66667,89.66667,0.42267,9.66667,29.33333,0.31833,17.33333,23.33333,0.76967,11.0,29.0,40.0,18.66667,7.33333,4.33333,11.33333,18.0,102.33333,1,-0.26382,0.26382,0.28987,0.39282,0.4753,0.60062,0.54147,0.66124,1355.94851,1428.80019,0.58139,0.41861,1.77036,2.49854,0.0,2.98,1.81667,1.48,3.41667
240.0,32.0,82.66667,0.38667,6.66667,24.66667,0.27367,20.33333,24.66667,0.84,12.66667,33.33333,46.0,18.33333,5.33333,5.0,15.33333,19.33333,91.0,240.0,45.0,91.33333,0.49333,11.66667,30.0,0.38233,16.0,21.0,0.75367,12.33333,35.33333,47.66667,26.0,9.66667,8.0,9.66667,19.66667,117.66667,0,0.36936,-0.36936,0.37277,0.36383,0.55794,0.42738,0.61325,0.51645,1544.88597,1543.34951,0.52829,0.47171,2.00413,2.35657,1.0,240.0,46.66667,96.66667,0.48433,13.33333,34.0,0.388,15.66667,19.33333,0.79467,13.33333,38.33333,51.66667,27.33333,8.33333,5.66667,12.33333,17.33333,122.33333,240.0,39.0,88.33333,0.442,10.0,31.33333,0.325,18.0,22.0,0.81467,8.0,33.33333,41.33333,24.66667,7.33333,8.0,15.0,17.66667,106.0,0,-0.2038,0.2038,0.21121,0.40634,0.49853,0.55209,0.56841,0.60681,1468.22976,1498.51299,0.5089,0.4911,2.02299,2.11134,0.0,3.36333,1.67333,2.01,2.36667
240.0,40.0,92.33333,0.434,12.33333,39.0,0.31767,16.0,18.33333,0.87533,12.33333,36.66667,49.0,22.0,5.33333,3.66667,14.0,19.0,108.33333,240.0,40.66667,88.33333,0.46267,14.0,38.33333,0.38167,16.66667,22.33333,0.75167,10.0,34.33333,44.33333,24.66667,9.0,4.66667,12.0,17.66667,112.0,0,0.04661,-0.04661,0.27801,0.35812,0.54228,0.50094,0.60284,0.56299,1436.33586,1655.91624,0.78377,0.21623,1.28535,5.33179,0.33333,240.0,39.66667,83.0,0.47833,11.66667,34.33333,0.362,12.66667,16.66667,0.75867,5.66667,32.33333,38.0,23.0,10.0,5.0,14.33333,17.66667,103.66667,240.0,40.66667,86.0,0.47367,11.0,35.66667,0.3,12.0,16.0,0.74633,11.33333,33.66667,45.0,25.66667,9.0,2.66667,14.66667,16.66667,104.33333,0,0.00483,-0.00483,0.34814,0.16486,0.53852,0.549,0.58526,0.5994,1652.47744,1459.97849,0.24281,0.75719,4.29091,1.32563,0.66667,1.49333,3.16667,5.4,1.28
240.0,41.0,87.66667,0.46733,11.0,35.33333,0.31833,12.66667,16.66667,0.752,9.0,32.66667,41.66667,23.66667,8.66667,4.66667,12.0,22.66667,105.66667,240.0,38.0,78.66667,0.483,11.0,26.33333,0.416,21.66667,28.33333,0.77167,7.66667,31.33333,39.0,21.66667,6.33333,3.33333,13.0,16.66667,108.66667,0,0.04449,-0.04449,0.24012,0.31171,0.55308,0.53009,0.63993,0.57838,1466.92633,1567.63089,0.63624,0.36376,1.61303,3.0921,0.66667,248.33333,45.0,94.0,0.481,10.33333,29.66667,0.352,23.0,27.0,0.854,11.0,30.66667,41.66667,25.66667,8.66667,3.33333,14.0,23.0,123.33333,248.33333,46.33333,96.33333,0.47767,9.33333,26.33333,0.348,24.66667,29.66667,0.83,14.33333,34.66667,49.0,24.66667,9.0,7.0,13.33333,20.0,126.66667,0,0.04442,-0.04442,0.46406,0.33609,0.52757,0.53678,0.61547,0.61926,1418.62705,1458.01893,0.55836,0.44164,1.83073,2.33059,0.66667,1.85667,3.30667,2.38333,1.88333
240.0,39.33333,86.66667,0.45433,15.0,36.33333,0.41667,11.66667,15.33333,0.74567,7.66667,28.33333,36.0,28.0,9.33333,4.0,10.66667,17.66667,105.33333,240.0,41.0,82.0,0.50233,15.0,35.66667,0.42467,18.66667,22.66667,0.82467,9.33333,37.33333,46.66667,20.66667,4.33333,4.66667,14.66667,16.0,115.66667,1,0.13344,-0.13344,0.32759,0.20511,0.59588,0.5417,0.66896,0.58677,1624.53623,1493.82013,0.33987,0.66013,3.10262,1.53395,1.0,248.33333,41.33333,87.33333,0.48067,16.66667,41.66667,0.403,12.66667,13.66667,0.93933,6.33333,32.33333,38.66667,29.66667,8.33333,3.66667,16.33333,19.0,112.0,248.33333,41.33333,85.0,0.484,10.0,29.66667,0.33733,17.33333,23.0,0.75467,9.0,33.33333,42.33333,22.33333,9.0,7.0,15.0,15.0,110.0,1,-0.03492,0.03492,0.30097,0.18806,0.54326,0.57543,0.6088,0.6273,1570.48305,1598.22377,0.54497,0.45503,2.1788,2.53603,0.33333,2.58667,1.61667,3.04,2.09333
240.0,42.66667,90.0,0.471,8.33333,28.33333,0.31567,21.66667,27.0,0.80133,7.33333,38.66667,46.0,25.0,8.0,6.0,13.0,21.66667,115.33333,240.0,43.33333,98.33333,0.443,13.0,35.33333,0.367,20.66667,24.66667,0.83967,12.33333,38.0,50.33333,24.66667,8.33333,4.0,11.0,20.66667,120.33333,0,0.07095,-0.07095,0.32761,0.19425,0.50914,0.51615,0.58206,0.59872,1524.42748,1550.82652,0.54747,0.45253,1.85911,2.2573,0.33333,240.0,49.0,89.33333,0.54833,12.66667,30.33333,0.41767,16.0,19.33333,0.80567,8.66667,41.33333,50.0,28.33333,4.33333,4.33333,12.66667,18.0,126.66667,240.0,37.33333,91.66667,0.41233,11.33333,31.0,0.37133,19.0,23.66667,0.80267,10.66667,29.0,39.66667,17.0,6.66667,4.0,7.0,16.66667,105.0,0,-0.26847,0.26847,0.24858,0.31944,0.47509,0.61918,0.54851,0.67591,1337.10512,1515.38249,0.71588,0.28412,1.40409,3.66015,0.0,2.5,1.58667,1.25,4.81667
240.0,44.33333,89.66667,0.49633,16.33333,32.0,0.50967,13.33333,16.66667,0.81167,8.66667,35.0,43.66667,21.0,6.66667,3.66667,9.33333,19.33333,118.33333,240.0,38.0,86.0,0.44167,9.66667,36.0,0.25867,18.33333,25.0,0.742,11.0,34.66667,45.66667,24.66667,5.0,5.66667,11.66667,15.66667,104.0,1,-0.18769,0.18769,0.31951,0.24905,0.49721,0.58739,0.56816,0.63593,1439.94052,1554.63767,0.6287,0.3713,1.66725,3.3597,0.0,240.0,38.66667,88.66667,0.43433,11.33333,35.33333,0.31033,17.66667,21.66667,0.80267,10.33333,40.33333,50.66667,21.33333,5.0,5.0,13.66667,18.66667,106.33333,240.0,37.66667,92.33333,0.41,11.0,35.0,0.315,18.33333,22.33333,0.814,11.33333,37.33333,48.66667,26.0,8.0,5.66667,8.66667,18.0,104.66667,1,0.00928,-0.00928,0.2794,0.27552,0.46982,0.49778,0.54064,0.56611,1534.36087,1459.51889,0.39188,0.60812,2.79191,1.69084,0.33333,2.13333,2.96333,3.55667,1.74667
240.0,42.66667,89.33333,0.479,15.66667,40.66667,0.38267,19.0,21.0,0.913,9.66667,38.33333,48.0,27.66667,5.66667,4.0,13.0,16.66667,120.0,240.0,41.66667,95.0,0.43767,13.66667,39.66667,0.34533,14.0,17.33333,0.76467,10.0,33.33333,43.33333,22.0,7.33333,6.66667,11.0,20.0,111.0,0,-0.11206,0.11206,0.27099,0.28506,0.50957,0.56716,0.56129,0.64051,1527.54097,1571.0776,0.54492,0.45508,1.88927,2.27396,0.33333,240.0,39.33333,89.66667,0.43667,12.0,33.33333,0.35833,17.66667,23.0,0.77967,10.33333,32.0,42.33333,20.0,7.66667,2.66667,13.66667,16.0,108.33333,240.0,47.33333,91.33333,0.52067,17.66667,39.0,0.45167,12.0,19.66667,0.592,10.0,38.33333,48.33333,28.0,8.33333,7.66667,13.66667,20.66667,124.33333,0,0.2037,-0.2037,0.31734,0.27143,0.61862,0.5026,0.65329,0.57093,1612.01352,1582.11704,0.47483,0.52517,2.11919,1.91295,1.0,1.74333,2.41333,3.3,1.43333
248.33333,45.0,93.33333,0.48367,10.33333,31.66667,0.32033,20.0,28.0,0.72333,11.66667,38.33333,50.0,29.0,10.66667,5.33333,18.0,22.0,120.33333,248.33333,41.66667,93.33333,0.447,12.0,39.66667,0.30267,19.66667,25.0,0.788,9.33333,38.0,47.33333,26.33333,12.33333,5.66667,18.66667,22.66667,115.0,0,-0.07154,0.07154,0.23937,0.3019,0.5107,0.54016,0.58101,0.60593,1416.64387,1509.46373,0.61576,0.38424,1.81783,3.14311,0.33333,240.0,32.66667,80.33333,0.407,7.66667,25.66667,0.302,19.33333,26.66667,0.71467,13.33333,30.33333,43.66667,19.0,5.66667,4.0,19.66667,19.0,92.33333,240.0,47.33333,92.0,0.517,13.33333,31.66667,0.41767,16.66667,22.0,0.75,13.0,32.66667,45.66667,27.66667,14.0,7.66667,11.66667,20.66667,124.66667,0,0.43917,-0.43917,0.42215,0.40518,0.59066,0.45465,0.64651,0.53552,1602.38624,1456.31216,0.34373,0.65627,3.58136,1.57754,1.0,1.78667,2.83,6.83333,1.18667
240.0,45.33333,96.0,0.476,12.66667,34.33333,0.37167,16.33333,18.33333,0.89333,9.0,35.0,44.0,28.0,7.66667,4.33333,11.66667,22.0,119.66667,240.0,42.33333,93.33333,0.456,13.0,35.33333,0.36667,22.33333,28.66667,0.781,13.0,39.66667,52.66667,21.33333,7.33333,5.33333,12.0,17.33333,120.0,1,0.00507,-0.00507,0.37264,0.21982,0.52668,0.54258,0.60524,0.60233,1533.06424,1491.84377,0.44682,0.55318,2.7262,2.08816,0.66667,240.0,48.33333,96.33333,0.503,15.66667,36.0,0.41533,16.0,19.33333,0.83367,12.0,37.0,49.0,30.0,10.0,6.33333,15.33333,21.66667,128.33333,240.0,39.0,91.33333,0.42633,9.33333,33.0,0.28133,17.0,23.33333,0.73333,14.33333,33.33333,47.66667,19.33333,8.0,4.33333,19.66667,20.0,104.33333,1,-0.29095,0.29095,0.39745,0.36671,0.47775,0.58563,0.54028,0.64032,1305.17201,1469.88603,0.69896,0.30104,1.43956,3.44741,0.0,2.92667,1.96667,1.19,5.41667
240.0,38.33333,86.33333,0.44367,8.66667,26.0,0.337,15.66667,21.66667,0.72,10.0,41.0,51.0,23.0,6.33333,5.33333,15.0,19.33333,101.0,240.0,38.33333,94.66667,0.406,11.33333,39.33333,0.28967,14.66667,19.33333,0.76167,13.33333,34.66667,48.0,26.33333,10.0,5.0,10.0,16.33333,102.66667,0,0.04651,-0.04651,0.32453,0.28899,0.46621,0.49391,0.52026,0.5536,1435.13241,1328.41133,0.35875,0.64125,2.96664,1.58454,0.33333,240.0,42.0,90.0,0.467,14.0,37.33333,0.37533,13.66667,20.33333,0.65867,12.66667,34.33333,47.0,30.0,8.66667,7.0,12.66667,19.33333,111.66667,240.0,40.0,86.0,0.46633,14.66667,35.0,0.41967,11.0,20.0,0.53733,11.66667,34.33333,46.0,27.66667,9.33333,6.33333,14.0,17.33333,105.66667,0,-0.0717,0.0717,0.34225,0.37453,0.55153,0.54477,0.58624,0.59114,1460.70526,1460.65141,0.48488,0.51512,2.08207,1.9573,0.33333,3.85,1.49667,2.22,2.27
240.0,38.66667,84.33333,0.457,10.33333,29.66667,0.35233,20.33333,28.33333,0.718,7.66667,30.33333,38.0,22.0,9.0,3.66667,11.33333,19.0,108.0,240.0,43.0,86.33333,0.498,15.66667,38.66667,0.4,15.33333,22.33333,0.692,11.0,37.66667,48.66667,27.0,7.66667,5.0,15.33333,22.66667,117.0,1,0.10777,-0.10777,0.35681,0.20244,0.58848,0.51822,0.64069,0.59627,1586.14243,1597.69352,0.52161,0.47839,1.92338,2.09908,0.66667,240.0,38.33333,83.0,0.462,10.66667,27.33333,0.38733,14.33333,19.33333,0.75533,9.0,32.66667,41.66667,22.0,6.33333,4.0,11.66667,18.0,101.66667,240.0,37.66667,84.0,0.44667,9.33333,27.33333,0.34933,15.0,19.0,0.80933,10.66667,32.66667,43.33333,26.33333,6.66667,7.66667,11.33333,16.0,99.66667,1,-0.03065,0.03065,0.33543,0.27624,0.5031,0.52572,0.56546,0.58211,1484.33644,1465.48632,0.46386,0.53614,2.18369,1.8824,0.33333,3.08667,1.68667,2.30667,1.76667
248.33333,36.33333,89.33333,0.40033,7.33333,26.66667,0.27233,18.66667,23.33333,0.814,12.66667,31.66667,44.33333,21.33333,7.66667,3.33333,13.33333,17.66667,98.66667,248.33333,45.66667,88.0,0.51767,14.66667,32.33333,0.44433,15.33333,20.66667,0.73833,9.0,38.33333,47.33333,26.66667,9.66667,7.0,11.66667,19.0,121.33333,0,0.31353,-0.31353,0.28825,0.33639,0.60061,0.44045,0.65309,0.51714,1526.58587,1552.18537,0.56257,0.43743,1.84446,2.478,1.0,240.0,34.33333,81.66667,0.41967,9.33333,30.33333,0.302,18.33333,24.33333,0.75433,12.66667,26.66667,39.33333,22.66667,7.0,4.0,17.0,18.33333,96.33333,240.0,45.33333,85.0,0.533,14.33333,30.66667,0.472,15.33333,22.0,0.69867,11.66667,32.0,43.66667,26.66667,13.66667,8.0,14.33333,20.0,120.33333,0,0.33428,-0.33428,0.44858,0.3913,0.61696,0.47597,0.66944,0.55225,1598.20724,1492.13079,0.38902,0.61098,3.38307,1.74974,0.66667,2.71333,1.92333,6.13333,1.53667
240.0,47.33333,96.33333,0.49233,17.0,37.0,0.46333,18.66667,21.33333,0.86867,13.0,39.66667,52.66667,24.33333,5.33333,4.33333,11.0,18.66667,130.33333,240.0,39.0,89.66667,0.43533,10.66667,34.33333,0.31033,21.33333,25.66667,0.83167,8.66667,32.66667,41.33333,23.66667,6.33333,7.0,10.66667,18.66667,110.0,1,-0.24464,0.24464,0.21703,0.40293,0.49477,0.58036,0.57775,0.64675,1522.4921,1515.52257,0.4423,0.5577,2.27235,1.79897,0.0,248.33333,41.66667,86.66667,0.47967,12.33333,29.66667,0.42067,27.66667,35.33333,0.78133,9.66667,32.66667,42.33333,27.66667,6.0,3.0,16.33333,23.0,123.33333,248.33333,44.66667,98.0,0.456,14.66667,42.33333,0.35767,22.0,27.66667,0.801,14.66667,33.66667,48.33333,26.0,10.66667,7.33333,13.66667,25.33333,126.0,1,0.03125,-0.03125,0.51482,0.28848,0.53052,0.55137,0.60458,0.65227,1550.04491,1417.46739,0.33042,0.66958,3.42696,1.52495,0.66667,1.70667,2.34333,4.1,1.35333
240.0,40.33333,86.66667,0.47267,16.0,45.33333,0.36867,12.33333,15.33333,0.81967,9.0,41.66667,50.66667,26.66667,7.0,5.0,13.33333,18.0,109.0,240.0,35.33333,87.0,0.41,12.66667,40.33333,0.33233,13.66667,21.0,0.641,8.33333,35.0,43.33333,21.0,8.0,3.33333,12.33333,18.66667,97.0,1,-0.17077,0.17077,0.1994,0.23697,0.48418,0.56567,0.53542,0.61332,1409.14343,1703.31306,0.81878,0.18122,1.2456,7.39815,0.33333,240.0,46.66667,89.66667,0.521,15.0,39.66667,0.382,13.33333,18.33333,0.70867,11.66667,29.66667,41.33333,29.33333,7.0,5.0,12.66667,17.33333,121.66667,240.0,43.0,84.0,0.518,16.0,34.66667,0.464,18.33333,21.66667,0.85667,9.33333,30.0,39.33333,26.66667,7.66667,4.0,13.33333,17.33333,120.33333,1,-0.01091,0.01091,0.30839,0.39063,0.6137,0.60474,0.6846,0.64979,1398.29223,1403.9832,0.50137,0.49863,2.12729,2.20944,0.66667,1.23,4.85,2.03333,2.13333
248.33333,44.0,90.0,0.48867,8.66667,24.66667,0.34967,20.0,24.0,0.86933,7.66667,32.33333,40.0,26.66667,7.33333,2.66667,11.0,20.0,116.66667,248.33333,45.33333,92.66667,0.491,12.66667,33.0,0.38,19.66667,25.33333,0.771,13.66667,36.33333,50.0,26.33333,7.0,4.33333,13.33333,20.0,123.0,0,0.08205,-0.08205,0.42383,0.21167,0.5579,0.53652,0.62553,0.60978,1577.85554,1491.7076,0.38882,0.61118,2.82988,1.68752,1.0,240.0,41.33333,92.0,0.44967,8.66667,29.66667,0.293,9.33333,13.0,0.75567,10.0,31.0,41.0,22.0,11.66667,3.0,12.0,15.66667,100.66667,240.0,38.0,82.66667,0.45867,15.66667,41.33333,0.375,12.33333,16.33333,0.75133,10.66667,37.33333,48.0,22.0,7.33333,4.33333,18.33333,15.66667,104.0,0,0.04475,-0.04475,0.3514,0.26759,0.55471,0.49626,0.60345,0.5307,1696.30833,1440.58818,0.19834,0.80166,5.80459,1.25481,0.66667,3.01667,1.45333,4.65,1.26333
240.0,41.0,83.33333,0.49167,12.33333,30.33333,0.40267,19.33333,24.33333,0.80267,9.33333,30.0,39.33333,27.33333,7.0,4.0,14.33333,22.66667,113.66667,240.0,48.66667,88.66667,0.55233,13.33333,28.66667,0.497,15.66667,22.0,0.70833,9.33333,33.33333,42.66667,28.33333,7.66667,4.33333,11.33333,21.33333,126.33333,0,0.15752,-0.15752,0.32016,0.2852,0.6285,0.56587,0.68003,0.64102,1528.35373,1423.10644,0.38411,0.61589,2.99732,1.72612,1.0,240.0,41.66667,86.0,0.48467,12.0,31.33333,0.38367,17.66667,21.0,0.84233,8.33333,34.66667,43.0,26.66667,7.33333,3.66667,8.0,18.66667,113.0,240.0,37.0,85.0,0.433,7.33333,28.0,0.26067,16.66667,20.66667,0.821,9.66667,32.0,41.66667,24.33333,4.0,6.33333,11.33333,17.0,98.0,0,-0.20655,0.20655,0.29425,0.26027,0.47662,0.55456,0.54684,0.62339,1475.50623,1453.6693,0.43668,0.56332,2.40017,1.81647,0.0,5.4,1.25667,2.57333,1.73
240.0,47.0,92.0,0.51067,10.66667,23.0,0.441,20.33333,24.33333,0.85267,12.33333,35.0,47.33333,25.0,8.66667,4.33333,14.0,21.66667,125.0,240.0,40.0,87.33333,0.458,11.33333,34.66667,0.32067,17.66667,25.0,0.70633,11.66667,29.0,40.66667,22.66667,8.0,5.0,17.0,19.66667,109.0,0,-0.20768,0.20768,0.32906,0.42935,0.52279,0.56861,0.58709,0.6421,1403.89302,1433.86609,0.521,0.479,2.06532,2.2243,0.33333,240.0,37.66667,87.33333,0.431,14.66667,38.66667,0.36533,18.66667,25.66667,0.744,10.0,34.33333,44.33333,18.0,7.33333,3.66667,15.33333,18.66667,108.66667,240.0,47.0,97.0,0.485,15.66667,38.0,0.411,14.66667,21.0,0.66067,13.0,38.66667,51.66667,25.0,8.66667,6.0,12.33333,22.33333,124.33333,0,0.19961,-0.19961,0.39193,0.2616,0.56575,0.5145,0.61198,0.58478,1617.68783,1569.06103,0.44752,0.55248,2.24669,1.81715,1.0,1.78333,3.16667,2.86667,1.58
256.66667,45.66667,100.0,0.457,10.0,28.0,0.35933,31.33333,38.66667,0.816,12.33333,37.66667,50.0,27.33333,5.66667,7.0,11.66667,23.0,132.66667,256.66667,48.33333,99.33333,0.48933,13.0,34.66667,0.365,22.33333,28.33333,0.787,12.0,36.0,48.0,28.66667,8.0,5.33333,14.66667,28.33333,132.0,0,-0.00745,0.00745,0.33009,0.3413,0.55639,0.50764,0.62916,0.61291,1526.65786,1448.96864,0.39433,0.60567,2.69143,1.68442,0.33333,240.0,38.66667,86.33333,0.44733,11.66667,32.33333,0.34667,15.66667,20.0,0.765,8.66667,27.33333,36.0,22.0,9.0,2.33333,10.0,17.66667,104.66667,240.0,44.66667,80.66667,0.55167,15.66667,34.33333,0.459,17.0,20.66667,0.83033,6.66667,39.66667,46.33333,28.66667,8.33333,4.66667,12.0,20.0,122.0,0,0.2183,-0.2183,0.26828,0.22087,0.6486,0.51389,0.71465,0.57696,1545.60167,1544.0461,0.52446,0.47554,1.97994,2.21427,1.0,1.95,2.10667,2.70667,1.65333
240.0,41.0,92.66667,0.44033,17.33333,42.66667,0.40433,14.0,18.0,0.76133,11.66667,35.0,46.66667,22.33333,6.66667,5.66667,14.33333,18.66667,113.33333,240.0,39.0,88.0,0.441,12.66667,33.33333,0.35733,19.33333,22.33333,0.87433,8.66667,37.33333,46.0,26.0,8.66667,7.33333,13.0,17.0,110.0,0,-0.04211,0.04211,0.25499,0.30952,0.512,0.53374,0.59097,0.58572,1450.82966,1555.39252,0.64971,0.35029,1.58398,3.14752,0.66667,240.0,39.0,82.33333,0.47567,9.33333,28.0,0.337,14.33333,19.33333,0.743,7.33333,37.0,44.33333,25.66667,7.0,4.66667,13.33333,16.66667,101.66667,240.0,38.66667,90.0,0.431,11.66667,36.66667,0.31767,11.0,15.33333,0.72667,12.33333,34.33333,46.66667,26.0,6.66667,3.0,14.0,15.66667,100.0,0,-0.02214,0.02214,0.33491,0.21724,0.49641,0.53298,0.53754,0.58946,1467.19868,1561.52951,0.63351,0.36649,1.61916,2.8938,0.33333,1.58333,4.23333,1.69667,2.51
240.0,44.66667,90.33333,0.49567,17.33333,38.33333,0.453,17.0,20.0,0.844,6.33333,35.33333,41.66667,25.33333,6.0,3.66667,9.0,16.66667,123.66667,240.0,42.33333,89.33333,0.476,17.66667,40.33333,0.43933,14.66667,17.33333,0.84733,8.66667,36.66667,45.33333,27.0,5.0,4.0,12.33333,19.0,117.0,1,-0.07953,0.07953,0.24208,0.1752,0.57595,0.59197,0.63111,0.65433,1548.73065,1537.0989,0.4624,0.5376,2.18083,1.87088,0.33333,248.33333,49.33333,94.66667,0.52133,12.66667,28.33333,0.44367,15.33333,18.0,0.85633,11.0,32.66667,43.66667,32.0,12.0,5.0,9.0,20.33333,126.66667,248.33333,37.33333,82.0,0.457,13.33333,34.0,0.38667,18.0,24.0,0.75333,10.66667,31.66667,42.33333,26.0,4.0,3.66667,19.66667,15.66667,106.0,1,-0.26258,0.26258,0.32778,0.34691,0.54008,0.58937,0.6102,0.644,1350.45708,1530.96601,0.7034,0.2966,1.45639,4.05137,0.0,1.88333,2.01333,1.19667,5.91667
240.0,43.66667,91.0,0.47933,14.33333,35.66667,0.411,16.33333,19.66667,0.79733,10.33333,31.33333,41.66667,22.33333,8.0,2.66667,11.33333,18.0,118.0,240.0,37.33333,78.66667,0.477,13.0,33.66667,0.38833,19.33333,25.33333,0.78567,8.0,34.66667,42.66667,24.66667,8.0,4.66667,17.33333,18.66667,107.0,1,-0.13592,0.13592,0.25936,0.29832,0.55874,0.55822,0.63694,0.61848,1439.49831,1544.96393,0.63164,0.36836,1.61056,2.82723,0.33333,240.0,40.0,81.33333,0.493,11.33333,33.0,0.34467,16.0,19.66667,0.82933,7.33333,37.0,44.33333,29.0,5.33333,3.0,14.66667,20.33333,107.33333,240.0,38.33333,83.0,0.46167,10.0,32.66667,0.31067,21.33333,24.33333,0.876,7.33333,32.33333,39.66667,22.0,9.33333,2.33333,9.0,18.0,108.0,1,0.00811,-0.00811,0.20418,0.23306,0.52219,0.5633,0.61125,0.62798,1489.70667,1484.77783,0.48943,0.51057,2.04441,1.95968,0.66667,1.73667,2.78,2.81667,1.48333
240.0,43.0,89.66667,0.481,16.33333,40.0,0.40433,18.33333,23.66667,0.78467,9.33333,38.0,47.33333,24.66667,4.66667,4.0,14.0,18.33333,120.66667,240.0,44.33333,97.33333,0.45533,13.33333,37.66667,0.355,16.0,20.0,0.75567,10.0,36.0,46.0,21.66667,8.0,6.66667,10.66667,20.66667,118.0,0,-0.03105,0.03105,0.27545,0.26215,0.5237,0.57276,0.57977,0.63738,1567.78076,1567.87853,0.49171,0.50829,2.10463,2.05245,0.66667,240.0,41.66667,86.0,0.48533,9.66667,30.66667,0.32533,16.33333,22.0,0.72933,9.33333,30.66667,40.0,22.66667,8.33333,2.66667,12.66667,23.66667,109.33333,240.0,39.66667,82.0,0.48233,12.0,34.33333,0.35033,19.33333,26.0,0.734,10.0,32.33333,42.33333,24.33333,7.0,3.33333,14.33333,19.33333,110.66667,0,0.02075,-0.02075,0.32847,0.30847,0.55508,0.54213,0.6303,0.60203,1544.62697,1470.73687,0.39785,0.60215,2.71555,1.73494,0.66667,1.92667,2.09667,2.71667,1.55333
240.0,39.33333,81.66667,0.48167,11.66667,31.33333,0.35733,16.0,19.0,0.83,7.66667,33.33333,41.0,26.33333,6.66667,4.66667,13.0,21.0,106.33333,240.0,37.0,81.66667,0.45167,16.0,36.66667,0.434,18.0,23.33333,0.772,8.66667,31.33333,40.0,22.0,7.33333,4.66667,12.0,19.66667,108.0,1,0.02143,-0.02143,0.26271,0.25096,0.54886,0.55286,0.61994,0.61894,1632.44919,1617.64404,0.47803,0.52197,2.14396,1.9605,0.66667,240.0,44.0,95.0,0.464,13.0,34.66667,0.37,13.66667,22.33333,0.59767,15.0,36.33333,51.33333,26.0,9.0,8.0,13.0,21.33333,114.66667,240.0,41.33333,91.33333,0.45267,12.66667,35.0,0.36033,15.0,23.0,0.623,11.66667,35.66667,47.33333,26.33333,7.33333,5.0,14.33333,19.33333,110.33333,1,-0.06005,0.06005,0.32156,0.4253,0.52219,0.53331,0.5721,0.57543,1451.45146,1430.50016,0.46221,0.53779,2.28709,1.92478,0.33333,2.42,1.85333,2.50333,1.85667
240.0,41.66667,87.0,0.47833,11.33333,30.0,0.36033,9.0,14.66667,0.61167,10.0,36.0,46.0,28.0,7.66667,4.0,14.66667,18.0,103.66667,240.0,39.0,85.0,0.46133,14.0,32.66667,0.43,14.66667,21.0,0.68433,9.33333,34.0,43.33333,25.0,10.66667,5.66667,11.0,17.66667,106.66667,1,0.04768,-0.04768,0.25354,0.29934,0.54439,0.54264,0.59927,0.57295,1522.0697,1467.70497,0.425,0.575,2.38117,1.75152,0.66667,240.0,40.33333,90.0,0.449,9.33333,30.33333,0.321,16.0,22.0,0.719,12.33333,34.66667,47.0,25.0,7.0,4.33333,11.0,18.33333,106.0,240.0,42.33333,87.0,0.48733,10.33333,31.66667,0.32933,12.33333,17.33333,0.72633,9.0,33.33333,42.33333,23.0,6.66667,4.33333,11.66667,19.33333,107.33333,1,0.02132,-0.02132,0.25336,0.3658,0.5468,0.50098,0.592,0.55942,1404.56677,1436.37579,0.54921,0.45079,1.92585,2.37357,0.33333,2.73667,1.81333,1.62667,3.04
240.0,42.33333,87.0,0.489,18.0,45.66667,0.40833,16.66667,19.33333,0.85933,10.66667,33.33333,44.0,27.33333,7.0,6.66667,12.33333,16.66667,119.33333,240.0,42.33333,86.0,0.49133,11.33333,32.66667,0.34333,14.33333,19.0,0.75833,6.33333,32.33333,38.66667,26.66667,7.33333,5.66667,13.0,18.0,110.33333,0,-0.08791,0.08791,0.20169,0.33439,0.5577,0.59258,0.61136,0.65651,1461.89524,1701.19185,0.78399,0.21601,1.31238,6.15419,0.66667,240.0,40.66667,91.33333,0.445,12.0,37.0,0.32933,15.66667,20.66667,0.75467,8.33333,35.0,43.33333,21.0,9.33333,2.0,11.66667,18.0,109.0,240.0,41.0,83.66667,0.491,20.66667,48.0,0.42533,16.33333,20.0,0.81933,6.33333,39.66667,46.0,30.66667,6.66667,3.33333,16.33333,18.66667,119.0,0,0.13383,-0.13383,0.17215,0.21392,0.61525,0.51064,0.67769,0.56816,1514.60199,1365.76489,0.31221,0.68779,3.84789,1.53712,0.66667,1.61333,3.69,6.91667,1.24667
240.0,40.66667,87.66667,0.46267,16.33333,43.66667,0.36133,15.66667,21.0,0.76233,6.33333,31.33333,37.66667,27.66667,9.33333,3.0,14.66667,14.66667,113.33333,240.0,48.66667,90.66667,0.53867,18.0,43.66667,0.41367,12.33333,15.33333,0.75133,8.33333,38.66667,47.0,32.33333,7.66667,6.0,14.66667,18.33333,127.66667,0,0.1833,-0.1833,0.2607,0.16426,0.63778,0.55428,0.67973,0.61196,1564.71899,1310.28341,0.20379,0.79621,5.47666,1.26666,1.0,240.0,40.66667,88.33333,0.46233,9.66667,26.33333,0.343,13.33333,16.66667,0.83333,8.66667,28.0,36.66667,26.0,8.33333,4.0,12.33333,14.0,104.33333,240.0,45.33333,88.33333,0.51333,16.66667,41.0,0.40067,13.66667,17.66667,0.75733,10.0,37.0,47.0,24.33333,8.0,3.33333,13.0,17.0,121.0,0,0.21883,-0.21883,0.35411,0.24274,0.60757,0.51838,0.65592,0.57031,1699.7566,1532.23161,0.29139,0.70861,3.63142,1.4281,1.0,8.9,1.20667,3.23333,1.40667
240.0,38.66667,87.33333,0.44567,14.66667,38.33333,0.38867,19.66667,24.66667,0.8,6.66667,34.33333,41.0,21.66667,9.0,5.66667,14.33333,21.0,111.66667,240.0,38.66667,91.33333,0.42267,14.0,33.66667,0.40667,22.0,28.33333,0.77,13.66667,39.66667,53.33333,26.66667,8.66667,5.0,16.0,19.33333,113.33333,1,0.01255,-0.01255,0.41031,0.16748,0.49901,0.53071,0.57926,0.60665,1455.02194,1498.05733,0.55876,0.44124,2.00446,2.57673,0.66667,240.0,44.33333,94.33333,0.471,12.66667,37.0,0.342,18.33333,24.33333,0.75533,11.33333,36.66667,48.0,26.0,10.0,4.66667,14.0,20.0,119.66667,240.0,42.33333,91.0,0.464,15.0,39.66667,0.35967,18.33333,22.66667,0.808,11.0,37.0,48.0,23.66667,7.33333,5.0,16.33333,21.33333,118.0,1,-0.02892,0.02892,0.32003,0.30499,0.54472,0.53815,0.61179,0.60101,1314.27813,1539.74391,0.75759,0.24241,1.38934,5.82683,0.33333,1.99,2.11,1.36,5.23333
248.33333,45.0,93.66667,0.48067,9.0,23.66667,0.371,30.66667,39.0,0.785,12.0,33.33333,45.33333,25.0,5.0,5.0,10.0,22.66667,129.66667,248.33333,47.33333,93.66667,0.509,16.33333,37.66667,0.43367,18.66667,25.66667,0.72133,11.66667,32.0,43.66667,28.0,6.33333,5.0,14.0,28.66667,129.66667,1,4e-05,-4e-05,0.34375,0.38026,0.59756,0.52867,0.65709,0.63407,1556.64375,1446.21905,0.34902,0.65098,2.96607,1.55164,0.66667,240.0,46.0,92.66667,0.49733,11.66667,34.66667,0.33267,16.33333,20.0,0.80133,10.0,34.0,44.0,27.66667,9.0,6.0,12.0,16.66667,120.0,240.0,43.66667,88.66667,0.494,9.33333,28.0,0.34733,16.33333,19.0,0.851,7.0,33.66667,40.66667,28.0,9.0,5.33333,15.66667,18.33333,113.0,1,-0.09516,0.09516,0.2037,0.29545,0.54633,0.56022,0.60898,0.61879,1463.00218,1517.55794,0.56167,0.43833,1.85307,2.39678,0.33333,2.34667,1.74,1.99667,2.41667
240.0,38.66667,89.0,0.43833,12.66667,36.66667,0.35033,14.33333,16.33333,0.868,10.66667,35.33333,46.0,22.0,7.0,2.66667,15.33333,19.33333,104.33333,240.0,41.0,87.33333,0.47133,13.66667,36.0,0.39267,15.33333,20.33333,0.76233,10.66667,34.66667,45.33333,25.0,9.66667,4.66667,13.33333,16.0,111.0,1,0.08754,-0.08754,0.31549,0.29873,0.54984,0.50973,0.60626,0.56647,1484.86647,1649.11013,0.71398,0.28602,1.4681,4.78807,0.66667,248.33333,39.66667,87.33333,0.455,15.0,39.33333,0.38633,24.33333,29.0,0.856,10.66667,37.33333,48.0,27.66667,6.66667,6.66667,13.33333,21.0,118.66667,248.33333,39.66667,96.66667,0.409,13.0,37.66667,0.34333,18.0,23.33333,0.776,15.33333,32.33333,47.66667,21.66667,8.0,3.33333,12.0,23.33333,110.33333,1,-0.11083,0.11083,0.4169,0.32891,0.47616,0.5417,0.54036,0.63361,1495.58601,1514.14186,0.51379,0.48621,1.97758,2.09079,0.0,1.86667,2.75333,1.54,2.7
240.0,40.66667,89.66667,0.454,11.0,36.66667,0.30533,12.33333,18.0,0.68367,9.33333,31.0,40.33333,25.33333,9.66667,5.66667,10.0,20.0,104.66667,240.0,40.33333,81.33333,0.49433,10.0,24.33333,0.402,18.33333,23.33333,0.785,8.0,35.0,43.0,22.0,4.66667,3.0,13.33333,18.33333,109.0,0,0.06195,-0.06195,0.26825,0.28211,0.55737,0.51551,0.6311,0.56004,1432.90474,1564.26431,0.68145,0.31855,1.497,3.42981,0.66667,240.0,39.0,83.66667,0.46667,12.33333,32.33333,0.38367,14.66667,19.0,0.75433,8.66667,32.33333,41.0,22.33333,6.0,5.0,11.66667,22.33333,105.0,240.0,37.66667,80.66667,0.46867,14.33333,31.66667,0.45733,19.0,24.33333,0.80767,8.0,33.33333,41.33333,25.66667,6.33333,4.33333,12.0,16.66667,108.66667,0,0.04853,-0.04853,0.24456,0.26447,0.55793,0.54033,0.63325,0.59863,1645.36286,1554.96438,0.37605,0.62395,2.72752,1.61892,0.66667,1.68,3.41667,3.63667,1.71
240.0,40.0,89.33333,0.44667,8.66667,28.0,0.33067,20.33333,26.66667,0.75,10.33333,41.0,51.33333,21.0,7.66667,7.66667,15.66667,21.33333,109.0,240.0,40.66667,94.66667,0.43233,12.0,32.0,0.38033,21.66667,25.0,0.86567,9.66667,36.33333,46.0,22.0,9.66667,4.66667,10.66667,19.66667,115.0,1,0.08272,-0.08272,0.2297,0.30297,0.4957,0.49411,0.57755,0.5719,1470.71286,1544.10132,0.60497,0.39503,1.7337,2.87344,0.66667,248.33333,42.0,90.66667,0.46467,15.0,43.66667,0.355,20.33333,28.66667,0.71567,11.33333,33.66667,45.0,28.66667,9.0,6.0,14.0,19.66667,119.33333,248.33333,42.66667,94.33333,0.452,17.0,44.33333,0.38833,20.0,27.33333,0.72833,12.33333,39.66667,52.0,31.66667,9.66667,3.66667,15.0,24.0,122.33333,1,0.03879,-0.03879,0.37262,0.28866,0.54319,0.54766,0.60945,0.61526,1348.43231,1569.73999,0.77397,0.22603,1.30596,5.40461,0.66667,2.02333,3.23,1.45333,3.41667
248.33333,44.33333,96.33333,0.462,11.66667,36.33333,0.321,19.33333,30.0,0.626,15.33333,36.33333,51.66667,28.66667,10.33333,6.66667,15.66667,20.33333,119.66667,248.33333,42.66667,95.33333,0.44733,14.33333,40.0,0.36433,18.66667,24.0,0.77367,11.33333,38.0,49.33333,28.0,9.33333,6.33333,16.0,22.66667,118.33333,0,-0.0137,0.0137,0.31139,0.40527,0.52314,0.5229,0.58799,0.58209,1476.64828,1505.48393,0.53878,0.46122,2.05311,2.43569,0.33333,240.0,39.0,89.0,0.43633,11.66667,31.0,0.375,18.0,22.0,0.807,10.33333,40.33333,50.66667,19.33333,5.66667,6.66667,12.66667,20.0,107.66667,240.0,35.0,91.0,0.386,12.0,37.33333,0.31767,19.66667,23.33333,0.83767,12.0,37.0,49.0,25.66667,8.0,6.0,10.33333,16.66667,101.66667,0,-0.04721,0.04721,0.29742,0.2779,0.45298,0.50125,0.53149,0.57056,1528.67818,1477.53959,0.41969,0.58031,2.6939,1.82013,0.33333,3.49,1.72333,3.86667,1.5
240.0,43.33333,84.66667,0.51067,14.0,37.0,0.38,15.33333,19.33333,0.80533,9.0,27.33333,36.33333,28.0,10.66667,4.0,10.66667,18.66667,116.0,240.0,40.0,78.33333,0.51067,16.33333,36.0,0.451,15.66667,19.33333,0.811,8.33333,30.33333,38.66667,28.0,8.0,2.33333,15.33333,18.0,112.0,1,-0.04701,0.04701,0.30824,0.29606,0.61554,0.59361,0.67854,0.65157,1458.51227,1498.42849,0.54505,0.45495,1.90901,2.33376,0.33333,248.33333,43.33333,88.0,0.492,14.33333,32.33333,0.443,25.66667,32.0,0.804,7.33333,30.0,37.33333,28.33333,7.0,3.66667,10.33333,21.0,126.66667,248.33333,45.33333,95.33333,0.476,17.66667,39.0,0.454,19.0,24.33333,0.79667,15.33333,35.0,50.33333,28.66667,6.33333,7.0,15.0,23.66667,127.33333,1,0.00888,-0.00888,0.55079,0.20952,0.56922,0.57393,0.63247,0.66621,1548.31391,1499.28719,0.42543,0.57457,2.36802,1.74783,0.66667,1.31667,4.2,2.54333,1.64667
248.33333,44.33333,98.0,0.45433,9.33333,33.66667,0.27033,20.66667,29.0,0.72,15.0,38.33333,53.33333,28.66667,10.33333,5.66667,14.33333,21.0,118.66667,248.33333,40.0,93.33333,0.42733,13.66667,40.66667,0.34133,19.66667,24.66667,0.79967,11.66667,40.0,51.66667,26.66667,9.33333,5.0,17.66667,23.33333,113.33333,1,-0.07114,0.07114,0.30419,0.37484,0.5009,0.50258,0.57225,0.5697,1422.96345,1508.04418,0.60565,0.39435,1.90144,3.11933,0.33333,240.0,44.0,92.33333,0.478,12.66667,35.0,0.35833,17.0,24.0,0.693,13.33333,35.0,48.33333,27.33333,8.66667,7.0,11.33333,22.0,117.66667,240.0,40.66667,86.66667,0.47,13.0,33.66667,0.38467,16.33333,24.33333,0.64,10.66667,34.33333,45.0,29.0,8.33333,2.66667,13.33333,19.66667,110.66667,1,-0.09287,0.09287,0.30282,0.3912,0.54543,0.54751,0.60236,0.60499,1454.92785,1431.20221,0.45173,0.54827,2.32108,1.87166,0.33333,3.12,2.67333,2.20333,2.27333
240.0,44.66667,87.0,0.51367,15.33333,30.0,0.511,14.33333,18.33333,0.789,7.66667,35.0,42.66667,21.0,6.66667,4.66667,10.0,20.66667,119.0,240.0,36.0,85.33333,0.42167,13.0,40.33333,0.31733,18.33333,25.0,0.742,12.33333,32.33333,44.66667,25.0,6.33333,5.33333,12.66667,16.33333,103.33333,0,-0.20507,0.20507,0.35554,0.23819,0.49712,0.60173,0.56866,0.65388,1455.14738,1573.28579,0.63377,0.36623,1.65155,3.38696,0.0,240.0,39.0,83.66667,0.46533,10.66667,31.33333,0.34167,17.66667,22.66667,0.78133,6.33333,34.66667,41.0,24.66667,10.33333,5.66667,17.33333,21.66667,106.33333,240.0,44.0,90.66667,0.486,11.0,33.33333,0.32967,19.33333,23.66667,0.81833,8.33333,36.0,44.33333,24.33333,9.33333,6.0,13.33333,17.66667,118.33333,0,0.1573,-0.1573,0.25707,0.17785,0.54652,0.52866,0.6176,0.59966,1606.55791,1514.45193,0.38823,0.61177,2.60653,1.64344,1.0,2.28333,2.90333,2.55,1.57333
240.0,37.66667,90.66667,0.41433,8.33333,26.33333,0.322,18.33333,24.33333,0.75333,11.66667,38.66667,50.33333,20.66667,5.33333,5.33333,12.0,20.33333,102.0,240.0,40.66667,93.66667,0.43667,10.33333,35.66667,0.28967,17.0,22.33333,0.76433,12.66667,37.33333,50.0,25.66667,7.66667,5.33333,10.0,19.0,108.66667,0,0.11022,-0.11022,0.32731,0.3119,0.49206,0.46043,0.55332,0.52961,1462.51532,1323.49225,0.3194,0.6806,3.2384,1.47952,0.66667,240.0,45.33333,92.0,0.49267,17.66667,39.33333,0.43367,20.0,29.0,0.67533,8.0,31.66667,39.66667,28.0,7.33333,5.66667,12.0,23.0,128.33333,240.0,47.66667,94.0,0.50833,17.0,40.0,0.42567,21.0,26.0,0.81167,12.66667,38.33333,51.0,27.66667,6.33333,4.66667,16.0,22.0,133.33333,0,0.05552,-0.05552,0.40013,0.2131,0.59923,0.58953,0.67014,0.65273,1619.71583,1435.68015,0.27762,0.72238,4.44995,1.42268,1.0,4.23333,1.4,6.53333,1.46333
248.33333,44.33333,89.33333,0.49267,12.0,31.33333,0.383,19.33333,23.0,0.85433,10.0,29.0,39.0,27.0,9.33333,7.0,8.66667,19.66667,120.0,248.33333,46.33333,88.66667,0.52533,13.0,28.33333,0.46033,18.66667,23.0,0.81633,11.66667,33.33333,45.0,29.0,6.0,4.0,14.33333,18.66667,124.33333,0,0.05708,-0.05708,0.41613,0.30019,0.59863,0.56059,0.66638,0.63605,1396.06818,1645.96517,0.79971,0.20029,1.27274,6.25821,0.33333,240.0,39.0,87.33333,0.44633,11.0,31.66667,0.33633,17.66667,23.0,0.769,10.0,32.33333,42.33333,25.0,10.33333,4.66667,13.66667,21.0,106.66667,240.0,38.33333,80.33333,0.47533,10.33333,29.0,0.354,17.33333,25.0,0.69567,8.33333,35.0,43.33333,24.66667,7.0,8.66667,18.33333,19.66667,104.33333,0,-0.02533,0.02533,0.27251,0.28726,0.54088,0.50849,0.60712,0.5753,1559.28614,1502.83801,0.4204,0.5796,2.59828,1.81348,0.33333,1.34,6.65,4.10333,1.65
240.0,40.66667,90.0,0.45233,10.33333,33.66667,0.309,13.33333,21.33333,0.62767,11.0,28.66667,39.66667,25.0,8.66667,6.33333,10.33333,20.33333,105.0,240.0,41.33333,81.0,0.50933,10.0,24.66667,0.39733,19.66667,23.66667,0.82667,7.66667,34.33333,42.0,21.0,5.0,4.0,15.33333,21.0,112.33333,0,0.09939,-0.09939,0.28758,0.32735,0.57283,0.50994,0.65328,0.55593,1469.09405,1558.40238,0.62481,0.37519,1.75623,3.21869,0.66667,240.0,44.33333,92.33333,0.47867,11.33333,30.66667,0.385,18.66667,22.33333,0.83733,10.66667,35.66667,46.33333,26.33333,7.66667,5.66667,12.0,19.66667,118.66667,240.0,41.66667,96.0,0.43667,13.33333,36.33333,0.367,18.66667,22.33333,0.84067,12.66667,35.33333,48.0,23.33333,8.0,3.66667,11.0,19.33333,115.33333,0,-0.04092,0.04092,0.35923,0.31092,0.5063,0.54035,0.57351,0.6091,1484.71285,1572.65247,0.62071,0.37929,1.61586,2.65996,0.0,2.39667,3.23667,2.26,1.73
240.0,41.66667,84.33333,0.49533,12.33333,32.66667,0.37833,15.66667,20.0,0.769,8.33333,29.0,37.33333,26.0,9.0,3.0,15.33333,19.0,111.33333,240.0,40.66667,86.33333,0.47,9.0,33.0,0.27,17.0,22.33333,0.751,13.66667,31.66667,45.33333,23.33333,8.66667,6.33333,17.66667,16.33333,107.33333,1,-0.0561,0.0561,0.46827,0.2689,0.52096,0.56828,0.58788,0.62803,1541.27801,1400.48401,0.2996,0.7004,3.35539,1.42921,0.33333,240.0,49.0,90.66667,0.54567,12.66667,31.0,0.39833,17.33333,22.66667,0.76267,8.66667,40.66667,49.33333,31.33333,9.0,8.0,13.0,20.33333,128.0,240.0,39.0,97.33333,0.40433,10.66667,35.66667,0.30867,14.66667,22.33333,0.662,16.66667,32.66667,49.33333,21.33333,7.0,3.66667,17.0,19.33333,103.33333,1,-0.30401,0.30401,0.42036,0.24788,0.46066,0.61777,0.51154,0.67649,1286.68825,1545.22182,0.79874,0.20126,1.26056,5.77637,0.0,4.26667,1.27,1.18667,6.23333
248.33333,42.66667,91.33333,0.46733,7.66667,21.66667,0.34667,18.0,22.66667,0.822,8.33333,30.0,38.33333,25.33333,7.66667,3.33333,10.33333,17.66667,111.0,248.33333,47.33333,93.66667,0.508,15.66667,38.33333,0.40633,16.0,22.0,0.71733,12.66667,39.0,51.66667,25.66667,7.33333,4.66667,14.0,19.0,126.33333,1,0.20176,-0.20176,0.41257,0.21548,0.59132,0.50902,0.64195,0.57397,1648.75174,1488.14154,0.29843,0.70157,3.58886,1.44809,1.0,240.0,48.0,88.33333,0.54533,17.0,39.0,0.43733,15.33333,19.0,0.78033,10.33333,30.0,40.33333,30.0,6.66667,5.0,11.0,17.0,128.33333,240.0,42.33333,80.66667,0.52767,12.33333,27.66667,0.432,18.33333,22.0,0.83967,6.0,28.33333,34.33333,25.33333,7.0,5.0,14.0,18.0,115.33333,1,-0.14202,0.14202,0.22,0.36377,0.6059,0.64221,0.67849,0.69589,1398.42134,1527.2144,0.65419,0.34581,1.66991,3.89872,0.66667,3.23333,1.40667,1.67,2.98333
240.0,46.66667,93.0,0.502,7.33333,19.66667,0.37467,26.0,33.33333,0.788,12.0,33.0,45.0,25.66667,8.33333,4.0,9.66667,21.66667,126.66667,240.0,43.0,86.0,0.498,14.0,36.0,0.38167,17.66667,26.0,0.67633,10.33333,32.0,42.33333,26.66667,5.33333,4.66667,18.0,24.33333,117.66667,1,-0.12309,0.12309,0.31042,0.38026,0.57857,0.54139,0.6391,0.63112,1510.24342,1443.46947,0.3994,0.6006,2.76487,1.76309,0.66667,240.0,37.33333,85.66667,0.43733,13.66667,41.33333,0.32667,16.66667,19.0,0.886,9.33333,33.33333,42.66667,24.66667,6.0,5.0,12.0,17.66667,105.0,240.0,39.33333,86.66667,0.45767,13.66667,39.66667,0.336,17.33333,20.0,0.86633,9.66667,35.33333,45.0,26.33333,6.33333,5.33333,11.66667,19.33333,109.66667,1,0.06577,-0.06577,0.28553,0.2612,0.53543,0.51712,0.60498,0.58596,1503.66675,1499.87444,0.50817,0.49183,2.10186,2.13785,0.66667,2.22667,2.10667,3.63333,1.80333
240.0,44.33333,90.33333,0.495,19.0,48.0,0.412,15.66667,18.66667,0.834,11.0,41.33333,52.33333,29.0,6.66667,6.33333,12.0,16.33333,123.33333,240.0,38.0,89.66667,0.42767,11.0,38.0,0.30033,12.66667,18.33333,0.689,7.66667,33.0,40.66667,23.33333,7.33333,5.0,13.0,20.33333,99.66667,0,-0.29012,0.29012,0.18337,0.33926,0.48973,0.60092,0.53696,0.6576,1350.77228,1705.80008,0.88081,0.11919,1.13599,8.64125,0.33333,240.0,43.0,82.33333,0.52333,12.66667,30.0,0.42267,10.0,13.33333,0.755,4.66667,33.33333,38.0,23.0,8.33333,4.33333,13.66667,16.33333,108.66667,240.0,42.33333,89.0,0.477,11.0,34.0,0.31367,9.66667,14.33333,0.688,13.33333,30.66667,44.0,24.0,8.33333,3.33333,11.66667,14.33333,105.33333,0,-0.05907,0.05907,0.40229,0.15204,0.53894,0.60052,0.57329,0.63841,1643.19489,1510.07331,0.31895,0.68105,3.79428,1.55118,0.66667,1.19333,5.15,5.45,1.26333
256.66667,47.0,101.33333,0.46367,11.66667,29.33333,0.40467,23.66667,28.0,0.84067,11.33333,38.33333,49.66667,27.66667,6.33333,7.66667,12.33333,22.33333,129.33333,256.66667,47.66667,101.66667,0.46933,10.33333,32.33333,0.314,23.0,27.66667,0.832,13.0,38.33333,51.33333,26.33333,8.0,5.33333,12.33333,23.66667,128.66667,0,-0.00717,0.00717,0.35338,0.30003,0.51999,0.52223,0.59752,0.60292,1505.3432,1448.96864,0.42057,0.57943,2.41764,1.74003,0.33333,240.0,42.33333,91.33333,0.46033,14.0,33.0,0.43,15.0,18.0,0.822,8.66667,28.33333,37.0,24.0,8.0,5.0,8.66667,17.33333,113.66667,240.0,47.66667,88.0,0.54467,14.33333,32.33333,0.44033,18.0,20.66667,0.869,9.0,41.0,50.0,30.0,6.0,5.0,11.33333,18.66667,127.66667,0,0.17051,-0.17051,0.33121,0.21419,0.62748,0.53693,0.69367,0.59656,1551.86686,1540.21307,0.50524,0.49476,2.11366,2.16413,1.0,2.4,2.01333,2.64,1.66
240.0,40.0,90.0,0.44133,15.33333,41.66667,0.36333,16.33333,20.33333,0.793,10.33333,34.0,44.33333,21.66667,6.33333,6.33333,12.33333,17.0,111.66667,240.0,41.0,92.33333,0.44233,15.0,36.0,0.39267,17.0,19.0,0.90333,11.66667,36.0,47.66667,26.0,8.0,6.33333,12.33333,17.33333,114.0,0,0.03181,-0.03181,0.34259,0.28667,0.52235,0.52582,0.58972,0.58918,1427.70586,1543.18986,0.68239,0.31761,1.4797,3.31996,0.66667,240.0,49.0,91.0,0.538,14.0,33.0,0.42567,13.33333,17.33333,0.776,9.66667,38.0,47.66667,30.33333,7.66667,9.66667,10.33333,21.66667,125.33333,240.0,34.33333,90.33333,0.38033,12.33333,36.0,0.34333,20.33333,29.0,0.70133,12.33333,31.0,43.33333,20.66667,7.33333,2.33333,10.66667,14.33333,101.33333,0,-0.30053,0.30053,0.3262,0.3127,0.44841,0.61461,0.52394,0.65975,1327.25332,1524.06703,0.74295,0.25705,1.34988,3.98019,0.0,1.32333,4.53333,1.16667,5.75
240.0,40.0,91.33333,0.439,6.33333,25.0,0.251,16.66667,20.66667,0.805,7.66667,32.0,39.66667,19.66667,7.0,5.66667,9.0,16.33333,103.0,240.0,45.0,89.66667,0.503,14.33333,35.66667,0.39933,13.66667,19.66667,0.68233,9.66667,40.66667,50.33333,25.0,6.0,3.33333,12.66667,18.0,118.0,0,0.19491,-0.19491,0.3076,0.19234,0.58345,0.47347,0.6286,0.538,1557.35597,1479.97172,0.41452,0.58548,2.78235,1.82551,0.66667,240.0,42.66667,91.66667,0.466,15.0,37.33333,0.40067,16.66667,20.33333,0.80933,12.66667,36.33333,49.0,22.33333,4.66667,3.66667,13.66667,20.33333,117.0,240.0,41.0,89.33333,0.46,12.33333,33.66667,0.375,21.0,24.66667,0.85033,9.33333,35.0,44.33333,25.33333,8.0,4.66667,9.66667,18.0,115.33333,0,-0.01963,0.01963,0.26954,0.35949,0.52904,0.54784,0.60983,0.60904,1561.79146,1575.24455,0.50624,0.49376,2.02573,2.07746,0.66667,2.64333,1.82667,1.99,1.94
240.0,41.0,81.66667,0.51367,16.33333,37.0,0.444,19.0,24.66667,0.78867,6.0,35.66667,41.66667,22.0,8.0,5.0,14.33333,22.33333,117.33333,240.0,42.0,93.0,0.45167,14.33333,37.33333,0.38667,20.33333,25.33333,0.80667,12.33333,34.0,46.33333,22.33333,8.33333,2.33333,12.0,19.66667,118.66667,1,0.01753,-0.01753,0.35009,0.16446,0.52891,0.61652,0.60201,0.68838,1596.47778,1561.35315,0.44888,0.55112,2.25168,1.82905,0.66667,240.0,39.0,83.66667,0.469,10.33333,30.66667,0.345,16.0,21.33333,0.749,8.66667,38.66667,47.33333,22.0,7.0,6.33333,13.0,15.66667,104.33333,240.0,38.66667,94.0,0.411,13.0,35.66667,0.359,14.0,17.66667,0.799,13.66667,33.66667,47.33333,24.66667,7.33333,3.66667,11.33333,17.66667,104.33333,1,-0.008,0.008,0.35552,0.25651,0.47992,0.53142,0.53212,0.59376,1470.81954,1589.16856,0.67065,0.32935,1.49743,3.08458,0.33333,1.77667,2.18333,1.55333,2.75
240.0,39.0,80.33333,0.48667,10.0,31.66667,0.322,14.66667,18.33333,0.79633,10.0,30.33333,40.33333,26.66667,5.0,2.66667,16.0,20.33333,102.66667,240.0,42.0,87.33333,0.48433,11.33333,33.33333,0.33767,17.66667,21.33333,0.82867,10.0,28.0,38.0,27.66667,8.33333,4.0,9.0,18.66667,113.0,0,0.13944,-0.13944,0.32187,0.37334,0.5485,0.54863,0.61696,0.60911,1459.89839,1378.82546,0.40118,0.59882,2.52468,1.67886,1.0,240.0,44.33333,89.0,0.50133,10.0,28.0,0.35333,16.0,20.66667,0.77733,10.66667,34.33333,45.0,21.33333,7.33333,2.66667,14.0,22.33333,114.66667,240.0,40.33333,85.66667,0.46967,12.66667,35.66667,0.353,19.0,26.33333,0.71133,10.66667,31.66667,42.33333,23.33333,9.33333,3.66667,13.0,18.66667,112.33333,0,-0.03383,0.03383,0.31492,0.34516,0.54281,0.55764,0.61356,0.61496,1548.08,1469.46904,0.38309,0.61691,2.76664,1.66566,0.66667,4.15,1.41667,2.59,1.72
240.0,44.66667,89.33333,0.5,17.66667,37.66667,0.46833,18.0,21.0,0.84767,9.66667,33.33333,43.0,23.0,7.0,3.33333,12.33333,18.66667,125.0,240.0,36.33333,79.66667,0.45867,14.66667,37.66667,0.38533,19.66667,26.33333,0.75933,7.0,33.33333,40.33333,27.0,9.0,4.0,16.0,19.33333,107.0,1,-0.22284,0.22284,0.20167,0.29402,0.54963,0.59907,0.62778,0.66537,1471.76563,1550.03546,0.5849,0.4151,1.73232,2.48561,0.0,248.33333,51.66667,94.66667,0.54667,15.33333,33.33333,0.45733,14.33333,17.66667,0.82767,11.0,35.33333,46.33333,30.33333,9.66667,7.0,8.33333,20.66667,133.0,248.33333,38.33333,85.33333,0.45267,15.33333,35.66667,0.43,18.0,23.33333,0.76967,10.0,31.0,41.0,27.33333,5.0,3.33333,14.33333,16.0,110.0,1,-0.27383,0.27383,0.28747,0.35455,0.54525,0.62922,0.61347,0.67695,1343.2672,1565.65682,0.76034,0.23966,1.32628,4.60116,0.0,1.90667,2.38333,1.10667,7.16667
240.0,40.0,82.66667,0.48367,12.0,31.66667,0.36367,16.66667,20.66667,0.79467,8.33333,30.66667,39.0,26.33333,10.0,4.0,15.33333,19.66667,108.66667,240.0,39.0,84.33333,0.461,15.0,38.33333,0.39067,17.66667,22.0,0.80533,10.33333,33.0,43.33333,25.0,7.66667,5.33333,15.66667,19.0,110.66667,1,0.0274,-0.0274,0.34869,0.25704,0.55017,0.55613,0.61927,0.62207,1571.64359,1620.03483,0.56684,0.43316,1.87634,2.55532,0.66667,248.33333,47.0,91.33333,0.51367,14.33333,34.33333,0.42233,22.66667,31.66667,0.72,10.0,34.0,44.0,30.66667,8.0,5.33333,14.66667,20.0,131.0,248.33333,46.66667,98.0,0.477,18.0,42.66667,0.42933,21.0,27.66667,0.763,13.66667,36.0,49.66667,32.66667,9.66667,4.0,14.33333,24.33333,132.33333,1,0.02015,-0.02015,0.40946,0.29326,0.56992,0.59252,0.63736,0.66507,1353.10585,1510.60485,0.72064,0.27936,1.38781,3.58252,0.33333,1.86,2.38667,1.6,2.46667
240.0,44.33333,91.66667,0.48367,12.0,40.0,0.29633,17.33333,26.33333,0.659,11.0,37.66667,48.66667,28.66667,7.33333,6.33333,13.33333,21.33333,118.0,240.0,40.66667,88.0,0.46333,9.66667,33.0,0.294,17.0,23.66667,0.71667,8.66667,33.66667,42.33333,23.66667,7.66667,3.66667,14.66667,21.33333,108.0,1,-0.13165,0.13165,0.23148,0.32584,0.51819,0.54861,0.58025,0.60526,1371.46633,1352.61699,0.46252,0.53748,2.33119,1.93553,0.33333,240.0,39.66667,88.66667,0.44933,10.0,33.33333,0.301,13.0,18.33333,0.70367,11.0,34.33333,45.33333,25.0,7.0,4.33333,10.33333,19.66667,102.33333,240.0,39.66667,82.33333,0.48167,10.33333,29.0,0.36033,12.33333,18.66667,0.68267,6.66667,34.0,40.66667,22.33333,5.33333,4.33333,12.33333,17.66667,102.0,1,-0.00616,0.00616,0.19465,0.31788,0.54449,0.50603,0.59032,0.554,1404.87512,1491.94391,0.62593,0.37407,1.6026,2.69844,0.33333,2.3,2.29667,1.33333,4.03333
248.33333,42.33333,85.66667,0.492,11.66667,29.33333,0.40067,19.33333,22.33333,0.875,8.33333,28.33333,36.66667,25.66667,9.0,6.66667,10.33333,23.66667,115.66667,248.33333,44.33333,84.66667,0.525,13.0,28.33333,0.46033,23.66667,28.66667,0.84033,10.66667,32.33333,43.0,29.33333,7.33333,4.0,13.66667,18.33333,125.33333,0,0.12267,-0.12267,0.39425,0.24834,0.60162,0.5614,0.69107,0.64167,1486.66306,1641.88946,0.71629,0.28371,1.41874,4.12025,0.66667,240.0,38.33333,91.0,0.42133,10.33333,40.0,0.25633,16.33333,21.33333,0.75833,9.66667,33.0,42.66667,18.66667,8.66667,1.0,12.0,18.33333,103.33333,240.0,43.33333,85.0,0.51133,20.0,47.66667,0.41233,17.66667,20.33333,0.862,6.0,39.33333,45.33333,31.0,5.66667,2.33333,13.66667,19.33333,124.33333,0,0.26904,-0.26904,0.17656,0.25843,0.6304,0.47811,0.69753,0.54006,1520.3717,1417.90255,0.38552,0.61448,3.65772,2.1265,1.0,1.45333,4.35,6.68333,1.4
240.0,44.0,92.0,0.47967,19.33333,48.0,0.4,14.33333,21.0,0.684,7.33333,30.0,37.33333,29.33333,10.33333,3.0,13.0,17.33333,121.66667,240.0,48.66667,88.0,0.55367,16.66667,40.33333,0.41333,17.33333,20.0,0.86267,7.0,39.0,46.0,31.33333,7.66667,5.66667,16.0,16.33333,131.33333,0,0.11124,-0.11124,0.23121,0.1869,0.64832,0.58409,0.71112,0.63108,1638.74465,1303.05716,0.13237,0.86763,8.1554,1.15438,1.0,240.0,38.66667,91.0,0.42533,10.33333,27.66667,0.38533,20.0,24.33333,0.818,8.33333,39.33333,47.66667,19.33333,5.66667,5.33333,12.0,22.0,107.66667,240.0,40.33333,96.66667,0.41833,12.66667,36.33333,0.34833,21.0,25.33333,0.84167,13.0,40.33333,53.33333,22.33333,6.66667,4.33333,9.0,19.0,114.33333,0,0.08826,-0.08826,0.3418,0.20975,0.48417,0.48195,0.56067,0.55859,1528.28677,1525.02536,0.50441,0.49559,2.0264,2.06481,0.66667,12.0,1.04333,3.03333,1.44667
240.0,50.66667,90.0,0.56433,15.33333,32.33333,0.47267,16.66667,20.0,0.83733,5.33333,42.0,47.33333,34.0,5.66667,7.0,14.0,23.0,133.33333,240.0,41.0,101.33333,0.409,10.33333,34.0,0.31,19.66667,28.33333,0.67633,16.66667,33.33333,50.0,21.66667,8.33333,4.66667,10.0,16.0,112.0,0,-0.25443,0.25443,0.39769,0.15541,0.46124,0.6504,0.52674,0.70805,1392.1846,1485.74454,0.61441,0.38559,1.73351,2.90379,0.33333,248.33333,45.66667,92.33333,0.495,8.66667,26.0,0.339,21.0,27.0,0.75867,12.0,28.66667,40.66667,28.66667,7.0,4.33333,11.66667,22.0,121.0,248.33333,49.33333,96.0,0.51233,8.0,23.0,0.34,19.33333,24.0,0.80333,12.66667,32.66667,45.33333,25.0,7.0,6.0,10.33333,21.33333,126.0,0,0.06667,-0.06667,0.43605,0.37196,0.55525,0.5432,0.62187,0.61661,1424.92226,1478.73266,0.58107,0.41893,1.77872,2.53096,0.66667,1.59667,2.97333,2.43667,1.8
248.33333,44.0,87.66667,0.504,12.33333,31.0,0.39633,17.66667,22.66667,0.781,10.33333,36.33333,46.66667,24.0,9.33333,7.0,12.33333,16.0,118.0,248.33333,40.33333,92.0,0.438,13.33333,36.66667,0.363,12.66667,16.33333,0.77633,11.33333,30.66667,42.0,24.33333,7.33333,4.0,13.66667,18.66667,106.66667,0,-0.14347,0.14347,0.31181,0.33839,0.51015,0.57456,0.55708,0.63881,1416.02769,1619.51634,0.74627,0.25373,1.3556,4.54562,0.0,248.33333,46.66667,99.66667,0.46967,10.66667,33.66667,0.312,17.0,20.66667,0.80467,12.33333,35.0,47.33333,24.66667,10.33333,7.33333,12.66667,18.33333,121.0,248.33333,46.66667,91.33333,0.512,8.0,24.66667,0.33367,18.0,22.0,0.81133,7.33333,37.0,44.33333,31.33333,10.0,5.0,16.66667,18.66667,119.33333,0,-0.03139,0.03139,0.20741,0.33138,0.55635,0.52384,0.62072,0.58121,1461.49561,1473.63739,0.51231,0.48769,2.0169,2.14179,0.33333,1.18667,6.2,2.02333,2.35
240.0,38.66667,82.66667,0.471,12.33333,36.0,0.34733,16.66667,17.33333,0.926,9.0,34.0,43.0,23.0,7.66667,3.0,16.0,18.66667,106.33333,240.0,40.66667,86.33333,0.47233,12.66667,34.33333,0.37933,14.33333,19.33333,0.755,10.66667,30.66667,41.33333,24.0,10.66667,5.66667,13.0,17.0,108.33333,1,0.02328,-0.02328,0.32231,0.29131,0.54571,0.54526,0.59897,0.6174,1540.03804,1644.65047,0.65551,0.34449,1.562,3.10536,0.66667,240.0,42.33333,92.33333,0.46033,11.33333,33.33333,0.33933,17.66667,25.33333,0.68367,13.33333,32.0,45.33333,23.66667,9.66667,6.0,13.0,21.0,113.66667,240.0,42.66667,91.66667,0.466,11.0,36.33333,0.302,18.33333,23.66667,0.77667,12.33333,36.33333,48.66667,26.66667,6.66667,5.66667,15.0,19.66667,114.66667,1,0.01146,-0.01146,0.39444,0.36709,0.52582,0.52261,0.59216,0.58412,1453.08165,1480.37323,0.54059,0.45941,2.06599,2.48192,0.33333,1.81667,4.05333,2.45667,1.99
240.0,41.33333,90.33333,0.45867,14.33333,34.33333,0.41967,14.33333,19.33333,0.73667,10.33333,31.0,41.33333,25.66667,11.0,4.33333,12.33333,19.0,111.33333,240.0,40.66667,85.33333,0.47633,13.33333,35.0,0.379,19.0,25.0,0.77267,10.0,36.66667,46.66667,24.66667,5.33333,5.33333,15.0,17.66667,113.66667,0,0.03132,-0.03132,0.33288,0.27949,0.55601,0.53852,0.62676,0.58989,1619.48477,1494.79423,0.33254,0.66746,3.14553,1.51264,0.66667,240.0,37.66667,84.0,0.44967,14.0,35.66667,0.39533,17.33333,21.66667,0.80333,8.33333,32.66667,41.0,24.0,4.66667,6.33333,11.33333,24.33333,106.66667,240.0,39.66667,85.33333,0.464,16.33333,34.33333,0.477,19.33333,25.66667,0.755,9.33333,34.0,43.33333,26.66667,6.0,3.66667,10.66667,20.66667,115.0,0,0.10505,-0.10505,0.28614,0.25307,0.55913,0.53265,0.63133,0.6021,1653.43351,1499.09483,0.31751,0.68249,4.11274,1.52057,0.66667,3.61667,1.38,3.72,1.70667
240.0,45.33333,89.66667,0.50533,16.66667,39.0,0.42533,14.66667,17.33333,0.83233,9.33333,31.0,40.33333,27.0,7.0,4.33333,11.33333,20.33333,122.0,240.0,36.0,80.33333,0.45167,13.0,33.66667,0.37967,20.0,28.66667,0.71033,7.0,31.66667,38.66667,24.66667,7.0,3.0,14.66667,17.33333,105.0,0,-0.21801,0.21801,0.21841,0.29834,0.53219,0.59864,0.60968,0.65306,1411.25732,1554.73132,0.67332,0.32668,1.51619,3.34681,0.0,240.0,38.33333,90.66667,0.421,10.0,25.33333,0.395,14.33333,19.66667,0.73167,11.33333,39.0,50.33333,21.33333,6.33333,6.0,13.33333,19.33333,101.0,240.0,37.66667,92.0,0.411,12.0,36.66667,0.324,16.33333,22.33333,0.74633,12.66667,38.0,50.66667,28.0,8.33333,10.33333,10.0,15.33333,103.66667,0,0.05889,-0.05889,0.32335,0.2957,0.47711,0.47598,0.53717,0.53025,1528.01986,1473.43841,0.43086,0.56914,2.63945,1.8575,0.66667,1.46333,3.68667,4.86667,1.29
240.0,46.33333,85.66667,0.54133,15.0,36.33333,0.41533,17.33333,21.33333,0.81667,8.0,30.0,38.0,30.0,10.0,3.0,10.0,19.33333,125.0,240.0,40.66667,79.33333,0.512,16.0,37.0,0.43067,16.66667,21.33333,0.77933,7.66667,29.66667,37.33333,29.66667,6.33333,2.66667,15.33333,19.66667,114.0,1,-0.13512,0.13512,0.25963,0.2651,0.61396,0.62942,0.67844,0.69304,1446.64848,1502.47212,0.55806,0.44194,1.84036,2.37472,0.0,248.33333,46.66667,86.33333,0.54133,15.33333,32.33333,0.47167,24.33333,28.66667,0.857,4.66667,33.33333,38.0,28.66667,7.33333,2.66667,10.33333,21.66667,133.0,248.33333,45.66667,92.33333,0.49733,17.33333,38.33333,0.45167,20.0,25.33333,0.80567,11.0,32.66667,43.66667,29.66667,5.66667,5.33333,15.0,23.0,128.66667,1,-0.05133,0.05133,0.32541,0.14048,0.59146,0.63084,0.65946,0.71899,1540.56098,1512.69672,0.44898,0.55102,2.23363,1.81812,0.33333,1.49333,3.77,2.11333,1.82333
240.0,46.0,92.0,0.49967,11.33333,33.0,0.34233,16.0,19.66667,0.80533,8.33333,37.33333,45.66667,26.33333,10.0,4.33333,13.0,21.33333,119.33333,240.0,41.33333,92.0,0.44933,15.66667,38.0,0.39633,16.66667,22.66667,0.732,12.33333,34.33333,46.66667,24.0,5.66667,6.0,15.0,19.33333,115.0,0,-0.06674,0.06674,0.34613,0.24492,0.53388,0.56111,0.59219,0.61855,1416.55014,1615.3451,0.74664,0.25336,1.35248,4.45972,0.33333,248.33333,38.66667,84.66667,0.45733,10.66667,27.66667,0.38333,15.66667,22.33333,0.70367,10.33333,35.0,45.33333,22.0,5.66667,5.0,12.0,20.33333,103.66667,248.33333,37.0,84.33333,0.438,11.0,30.0,0.377,16.33333,21.33333,0.76433,9.33333,33.66667,43.0,23.0,7.33333,6.33333,11.0,19.66667,101.33333,0,-0.03472,0.03472,0.2671,0.30456,0.50307,0.52,0.56918,0.57864,1490.93463,1507.42649,0.51242,0.48758,2.04503,2.19026,0.33333,1.36333,5.2,2.01333,3.0
240.0,43.66667,90.66667,0.48267,11.33333,36.66667,0.31367,14.66667,22.33333,0.65933,10.66667,32.33333,43.0,24.66667,10.0,4.0,12.33333,20.0,113.33333,240.0,39.33333,80.66667,0.49033,14.33333,37.0,0.38167,17.33333,22.66667,0.75533,7.0,34.0,41.0,25.66667,8.33333,4.66667,17.0,21.0,110.33333,0,-0.04349,0.04349,0.21074,0.31341,0.5811,0.54542,0.64785,0.59436,1470.44195,1340.16643,0.35446,0.64554,4.4808,1.66604,0.33333,240.0,42.66667,84.0,0.509,14.33333,36.33333,0.38333,16.33333,21.33333,0.76233,9.33333,35.66667,45.0,28.33333,5.0,3.66667,13.33333,19.33333,116.0,240.0,39.33333,84.33333,0.46633,11.33333,34.0,0.331,20.33333,23.33333,0.86833,8.0,32.33333,40.33333,24.66667,8.66667,2.33333,9.66667,19.66667,110.33333,0,-0.07129,0.07129,0.23196,0.29758,0.5335,0.59393,0.61661,0.65504,1491.7741,1508.14599,0.51358,0.48642,1.95366,2.0639,0.33333,3.70667,1.62,2.55333,1.61
240.0,40.33333,90.0,0.45133,16.0,43.0,0.373,17.0,22.0,0.77567,6.0,36.66667,42.66667,27.33333,11.66667,6.66667,14.66667,20.66667,113.66667,240.0,37.66667,91.33333,0.41167,13.0,37.0,0.353,22.0,29.66667,0.72267,13.66667,42.0,55.66667,24.66667,8.66667,4.0,17.66667,18.33333,110.33333,1,-0.06103,0.06103,0.3973,0.13917,0.48216,0.54136,0.56166,0.60284,1356.92909,1498.82251,0.69397,0.30603,1.44808,3.34098,0.66667,240.0,40.66667,88.0,0.462,12.33333,37.66667,0.32633,22.0,25.66667,0.87667,10.66667,34.0,44.66667,24.0,7.0,5.0,16.0,22.33333,115.66667,240.0,45.33333,86.66667,0.52267,12.0,28.0,0.43,16.33333,27.33333,0.60333,8.33333,34.66667,43.0,25.33333,10.0,2.66667,16.0,21.0,119.0,1,0.04635,-0.04635,0.24474,0.31043,0.59247,0.53174,0.64271,0.61701,1489.08977,1567.99209,0.62677,0.37323,1.63187,2.85811,0.33333,1.51,3.0,2.12333,1.81333
240.0,41.0,87.0,0.471,15.0,32.33333,0.468,15.33333,20.33333,0.77333,6.66667,35.0,41.66667,19.66667,7.33333,6.33333,12.0,22.0,112.33333,240.0,35.0,87.33333,0.402,12.0,38.33333,0.309,22.66667,29.66667,0.769,14.66667,37.33333,52.0,22.66667,8.66667,5.33333,14.0,18.66667,104.66667,0,-0.09759,0.09759,0.42036,0.18489,0.47089,0.55716,0.55843,0.61454,1486.03586,1586.06261,0.62462,0.37538,1.69072,3.35261,0.33333,240.0,40.33333,83.0,0.48567,12.66667,33.0,0.38667,10.66667,13.0,0.80567,6.0,33.33333,39.33333,23.0,8.66667,4.66667,13.0,16.66667,104.0,240.0,42.33333,89.66667,0.47267,10.0,32.33333,0.302,10.33333,16.0,0.648,12.66667,33.0,45.66667,23.0,7.66667,4.33333,11.66667,13.0,105.0,0,-2e-05,2e-05,0.37848,0.18013,0.52841,0.56184,0.56381,0.60572,1639.58796,1608.42917,0.46192,0.53808,2.49787,1.99843,0.66667,2.05,2.97667,3.91667,1.43333
240.0,42.0,94.33333,0.447,6.66667,27.66667,0.23567,19.66667,23.0,0.86,10.0,33.33333,43.33333,19.33333,7.0,4.66667,9.33333,18.33333,110.33333,240.0,44.66667,86.66667,0.52,12.33333,31.33333,0.396,17.0,24.0,0.69133,8.33333,38.66667,47.0,28.0,5.33333,5.66667,11.66667,17.66667,118.66667,0,0.10135,-0.10135,0.25119,0.26045,0.5916,0.48184,0.64919,0.55627,1514.58725,1481.79761,0.46814,0.53186,2.20671,1.9416,0.66667,240.0,40.0,83.66667,0.47833,13.66667,35.66667,0.381,11.33333,15.33333,0.72033,5.66667,32.0,37.66667,27.66667,4.33333,4.33333,9.66667,14.66667,105.0,240.0,43.0,84.33333,0.513,13.33333,29.0,0.458,15.0,17.66667,0.84267,6.66667,33.33333,40.0,23.66667,6.66667,4.66667,9.0,17.33333,114.33333,0,0.12823,-0.12823,0.20536,0.17312,0.59345,0.5601,0.65253,0.60331,1574.82282,1531.15882,0.45824,0.54176,2.2515,1.89571,0.66667,2.42667,1.87333,2.05667,1.89333
240.0,41.66667,93.33333,0.448,9.66667,27.66667,0.356,18.0,24.33333,0.73667,11.0,38.0,49.0,21.33333,6.0,4.0,9.33333,20.66667,111.0,240.0,43.66667,94.33333,0.46433,9.33333,33.66667,0.27633,19.33333,26.0,0.74033,13.33333,38.66667,52.0,22.66667,7.66667,3.0,10.33333,19.0,116.0,0,0.06546,-0.06546,0.3486,0.28913,0.51418,0.50018,0.58142,0.5641,1485.30915,1315.75439,0.28857,0.71143,4.04925,1.43113,0.66667,240.0,43.0,93.33333,0.458,11.66667,29.0,0.40667,16.66667,19.66667,0.84067,9.0,29.0,38.0,25.33333,9.0,4.0,8.33333,19.0,114.33333,240.0,47.66667,88.66667,0.54067,11.0,29.66667,0.37867,20.33333,24.0,0.85333,9.66667,41.0,50.66667,26.66667,5.33333,5.66667,12.33333,19.66667,126.66667,0,0.15027,-0.15027,0.34816,0.22176,0.60312,0.52124,0.67762,0.58666,1556.95112,1510.74733,0.45366,0.54634,2.40369,2.00312,1.0,5.56667,1.38,3.04,1.53333
248.33333,37.66667,83.66667,0.45267,9.66667,29.66667,0.32867,19.33333,26.66667,0.723,10.0,34.66667,44.66667,20.33333,9.66667,6.33333,15.0,17.33333,104.33333,248.33333,42.66667,92.66667,0.45933,13.66667,35.0,0.387,13.33333,18.33333,0.73933,12.66667,35.0,47.66667,26.0,8.66667,3.66667,14.33333,22.66667,112.33333,1,0.0969,-0.0969,0.37274,0.28284,0.53265,0.51091,0.57879,0.58625,1522.08658,1606.35648,0.62449,0.37551,1.64125,2.81345,0.33333,240.0,44.33333,87.66667,0.50467,17.33333,40.0,0.43833,17.66667,21.66667,0.821,6.0,36.0,42.0,27.0,10.66667,4.66667,14.66667,20.0,123.66667,240.0,38.33333,88.66667,0.43,14.0,41.0,0.32867,18.33333,26.0,0.70833,13.33333,36.0,49.33333,20.66667,7.0,4.66667,17.66667,19.66667,109.0,1,-0.21188,0.21188,0.39607,0.16887,0.50623,0.60408,0.57318,0.6682,1309.3193,1566.8539,0.80609,0.19391,1.2457,5.48953,0.33333,2.26333,3.45,1.16333,6.31667
240.0,36.33333,88.0,0.41533,10.33333,31.0,0.33633,15.0,21.66667,0.682,12.0,37.33333,49.33333,22.66667,3.66667,6.33333,15.0,21.0,98.0,240.0,39.66667,87.66667,0.45433,11.66667,31.0,0.383,18.33333,27.33333,0.64733,11.33333,34.0,45.33333,26.66667,10.0,10.33333,9.0,18.66667,109.33333,0,0.16144,-0.16144,0.32221,0.36042,0.52107,0.47362,0.58551,0.52928,1482.75348,1406.70423,0.40625,0.59375,2.46424,1.68512,1.0,240.0,34.66667,88.0,0.39267,8.33333,27.66667,0.30767,20.33333,26.33333,0.76867,15.0,33.33333,48.33333,20.66667,6.0,5.66667,13.33333,20.66667,98.0,240.0,44.33333,91.66667,0.48367,13.66667,33.0,0.41,18.33333,23.33333,0.782,13.0,36.0,49.0,27.66667,8.33333,7.33333,10.0,20.66667,120.66667,0,0.30573,-0.30573,0.39129,0.41699,0.55979,0.44029,0.62455,0.52342,1613.91387,1525.4703,0.40026,0.59974,2.54078,1.67879,1.0,3.13333,1.41667,5.0,1.21333
240.0,41.66667,90.33333,0.462,5.33333,21.0,0.25467,13.33333,16.33333,0.84833,8.0,30.66667,38.66667,22.33333,8.33333,5.33333,11.0,12.66667,102.0,240.0,44.66667,86.66667,0.515,14.0,36.33333,0.38367,10.0,15.0,0.66733,8.33333,37.66667,46.0,24.33333,8.33333,3.33333,15.0,16.66667,113.33333,0,0.15165,-0.15165,0.2867,0.21456,0.59569,0.49133,0.62944,0.54359,1602.98575,1485.52402,0.35717,0.64283,3.35167,1.69605,0.66667,240.0,43.66667,92.66667,0.46967,10.66667,27.66667,0.39633,19.0,24.0,0.78567,8.66667,38.66667,47.33333,24.66667,6.0,5.33333,12.33333,21.0,117.0,240.0,40.66667,96.33333,0.42333,13.33333,36.66667,0.364,21.0,24.33333,0.869,11.66667,37.33333,49.0,23.66667,7.66667,3.66667,10.0,20.66667,115.66667,0,-0.01312,0.01312,0.31052,0.23197,0.49294,0.52718,0.57045,0.59591,1504.42537,1551.96458,0.56489,0.43511,1.78195,2.32088,0.33333,2.87667,1.78667,2.88333,1.49667
240.0,37.66667,87.66667,0.43133,10.33333,35.33333,0.30233,18.66667,25.33333,0.726,8.66667,35.0,43.66667,22.33333,8.0,1.66667,16.33333,19.66667,104.33333,240.0,43.33333,88.0,0.497,19.0,50.0,0.376,17.33333,20.33333,0.84867,5.66667,39.0,44.66667,29.33333,8.33333,4.0,15.0,21.33333,123.0,0,0.24032,-0.24032,0.15589,0.23054,0.60838,0.49136,0.6724,0.56231,1528.99112,1281.52749,0.20174,0.79826,4.96942,1.25294,0.66667,240.0,48.0,89.0,0.54133,13.33333,35.0,0.351,15.0,18.0,0.806,9.66667,34.0,43.66667,26.66667,7.0,6.0,12.0,14.0,124.33333,240.0,41.66667,84.0,0.49667,11.0,27.33333,0.39567,13.0,16.66667,0.771,6.0,29.0,35.0,24.66667,8.0,4.33333,14.66667,17.66667,107.33333,0,-0.19334,0.19334,0.2027,0.33559,0.56241,0.617,0.61308,0.67116,1404.07835,1575.8757,0.71273,0.28727,1.43388,4.14608,0.33333,8.25,1.09,1.39667,3.33333
240.0,44.66667,94.0,0.47367,11.33333,31.66667,0.366,15.0,22.0,0.672,13.66667,34.0,47.66667,25.33333,6.33333,6.33333,14.66667,17.66667,115.66667,240.0,43.66667,87.33333,0.49933,13.66667,30.66667,0.44,18.33333,21.33333,0.856,7.66667,31.33333,39.0,25.33333,8.66667,5.33333,11.66667,19.0,119.33333,1,0.05511,-0.05511,0.22583,0.43837,0.57683,0.53394,0.64733,0.58275,1362.97251,1525.65803,0.72446,0.27554,1.38446,3.70238,0.66667,248.33333,39.0,86.66667,0.45067,13.66667,37.66667,0.36533,22.66667,25.66667,0.904,9.0,32.66667,41.66667,28.0,6.33333,5.0,12.0,19.33333,114.33333,248.33333,42.0,91.66667,0.46267,12.33333,36.66667,0.331,18.33333,22.0,0.84,12.66667,33.0,45.66667,26.33333,7.0,4.33333,12.33333,22.66667,114.66667,1,0.00957,-0.00957,0.37325,0.27321,0.52908,0.52989,0.59798,0.61828,1500.3966,1463.15625,0.45201,0.54799,2.31967,1.89193,0.33333,1.32,4.55,3.33,2.00667
240.0,40.66667,94.33333,0.43133,14.66667,41.66667,0.34733,12.33333,16.33333,0.749,11.0,35.0,46.0,20.33333,7.33333,8.33333,10.33333,20.33333,108.33333,240.0,37.33333,88.0,0.424,10.66667,29.66667,0.341,21.0,24.33333,0.872,10.66667,40.0,50.66667,22.0,7.0,5.66667,13.66667,14.66667,106.33333,1,-0.01736,0.01736,0.30219,0.27509,0.48293,0.50913,0.5692,0.55476,1379.50788,1533.31057,0.71592,0.28408,1.41324,3.73735,0.66667,248.33333,48.33333,95.0,0.50867,13.33333,33.66667,0.40167,21.0,28.33333,0.785,13.33333,37.0,50.33333,31.33333,6.66667,4.0,15.33333,21.33333,131.0,248.33333,43.66667,93.33333,0.46633,16.66667,42.66667,0.39667,20.66667,28.66667,0.731,12.0,33.0,45.0,29.0,9.0,5.0,15.0,23.0,124.66667,1,-0.07678,0.07678,0.3257,0.40657,0.55698,0.57896,0.62539,0.64611,1361.44949,1553.85503,0.74753,0.25247,1.34098,4.05805,0.0,1.36,4.3,1.65,2.33333
240.0,41.0,91.66667,0.449,16.66667,40.66667,0.407,15.0,19.33333,0.81,10.0,37.66667,47.66667,19.0,6.33333,3.66667,14.0,18.0,113.66667,240.0,44.0,95.0,0.46267,14.66667,36.0,0.408,15.33333,21.66667,0.669,11.66667,38.66667,50.33333,21.66667,8.66667,5.66667,11.33333,18.0,118.0,1,0.05367,-0.05367,0.31745,0.2616,0.54015,0.54092,0.59142,0.5945,1594.9409,1560.95844,0.45434,0.54566,2.22001,1.84504,1.0,240.0,38.66667,85.33333,0.45333,13.66667,32.33333,0.42367,15.66667,21.33333,0.74567,6.33333,33.66667,40.0,24.0,9.66667,7.0,17.0,22.33333,106.66667,240.0,41.33333,91.66667,0.45333,11.33333,35.33333,0.32133,22.0,27.33333,0.803,11.33333,38.0,49.33333,23.66667,11.0,7.33333,14.0,19.0,116.0,1,0.12342,-0.12342,0.3461,0.17133,0.51521,0.53361,0.59589,0.5933,1614.28005,1526.456,0.39493,0.60507,2.57484,1.66639,1.0,1.99,1.93,2.5,1.59
240.0,43.0,86.66667,0.496,12.0,31.0,0.37033,10.33333,16.0,0.64967,9.33333,36.66667,46.0,27.33333,9.0,3.66667,12.66667,21.33333,108.33333,240.0,37.0,81.0,0.45933,13.66667,32.66667,0.41767,13.33333,22.0,0.583,8.0,34.0,42.0,23.33333,8.66667,4.0,14.0,17.0,101.0,0,-0.09749,0.09749,0.21407,0.27851,0.54367,0.56454,0.59224,0.59999,1462.32448,1475.80255,0.50469,0.49531,2.03752,2.08413,0.33333,240.0,44.33333,94.0,0.47333,12.0,33.66667,0.35167,20.33333,24.0,0.85167,13.0,33.33333,46.33333,22.33333,5.0,2.33333,10.0,20.0,121.0,240.0,44.66667,87.0,0.51933,12.66667,32.33333,0.40333,19.66667,24.33333,0.81167,8.33333,34.66667,43.0,27.66667,5.0,5.33333,9.66667,18.0,121.66667,0,0.00513,-0.00513,0.25159,0.37087,0.59216,0.53806,0.66387,0.61209,1566.3764,1548.44366,0.46728,0.53272,2.21749,1.94504,0.66667,2.29333,2.87333,2.12333,1.89
240.0,36.66667,87.33333,0.42033,9.66667,32.33333,0.29567,18.33333,24.33333,0.755,11.33333,29.33333,40.66667,27.33333,6.66667,4.33333,11.0,19.66667,101.33333,240.0,42.0,88.0,0.477,12.66667,38.33333,0.32733,12.33333,17.66667,0.7,13.33333,36.66667,50.0,25.66667,6.66667,4.33333,14.66667,19.66667,109.0,0,0.1055,-0.1055,0.5014,0.31274,0.54875,0.47574,0.59239,0.54659,1477.01058,1458.70691,0.49101,0.50899,2.0998,2.01831,0.66667,240.0,40.66667,86.33333,0.473,10.0,28.0,0.34767,12.0,15.33333,0.75533,7.0,35.33333,42.33333,24.66667,3.66667,5.33333,10.33333,13.66667,103.33333,240.0,40.66667,88.0,0.462,12.66667,30.33333,0.41933,14.33333,15.66667,0.89833,8.33333,33.0,41.33333,24.66667,7.66667,6.0,8.0,18.0,108.33333,0,0.07401,-0.07401,0.23355,0.20934,0.53402,0.53157,0.59237,0.578,1573.96223,1528.83904,0.44446,0.55554,2.33623,1.85691,0.66667,2.25333,1.93667,2.33667,1.75667
240.0,41.33333,91.66667,0.45133,13.0,35.33333,0.36733,12.0,17.66667,0.664,10.33333,31.33333,41.66667,24.0,11.0,3.33333,11.33333,17.66667,107.66667,240.0,39.0,79.33333,0.492,14.33333,34.66667,0.41167,16.0,20.66667,0.811,6.66667,38.33333,45.0,26.66667,5.66667,4.66667,17.33333,17.0,108.33333,0,0.0133,-0.0133,0.2164,0.27019,0.58346,0.52199,0.64724,0.56262,1627.95875,1496.18855,0.31903,0.68097,3.26885,1.48237,0.66667,240.0,39.0,83.33333,0.47067,11.33333,33.33333,0.34633,17.33333,23.0,0.75233,10.33333,37.0,47.33333,24.66667,6.66667,7.33333,12.0,15.66667,106.66667,240.0,39.33333,94.0,0.418,15.66667,39.33333,0.39433,13.0,15.33333,0.83867,12.33333,33.33333,45.66667,24.0,7.0,3.66667,11.0,18.33333,107.33333,0,0.00405,-0.00405,0.33472,0.30624,0.50075,0.53897,0.54978,0.60591,1479.51808,1572.67034,0.63916,0.36084,1.57362,2.83056,0.33333,4.83333,1.23667,1.47667,2.93333
240.0,36.0,81.33333,0.44433,8.66667,31.33333,0.28,18.0,22.33333,0.81467,10.0,29.0,39.0,23.33333,5.66667,2.33333,15.33333,19.66667,98.66667,240.0,42.33333,83.66667,0.507,10.0,30.66667,0.32533,19.0,22.66667,0.842,8.0,32.33333,40.33333,26.0,8.33333,6.0,10.33333,20.66667,113.66667,0,0.20845,-0.20845,0.27673,0.31577,0.56657,0.49753,0.64192,0.57356,1494.68415,1360.70534,0.33954,0.66046,3.18083,1.54297,1.0,248.33333,50.0,102.0,0.489,10.0,26.0,0.38867,21.33333,27.0,0.772,13.33333,30.0,43.33333,28.66667,8.0,5.0,11.0,19.33333,131.33333,248.33333,56.0,100.66667,0.55533,7.0,20.0,0.34733,18.66667,23.33333,0.798,12.33333,35.66667,48.0,33.33333,6.66667,6.33333,12.33333,20.66667,137.66667,0,0.07127,-0.07127,0.40937,0.37708,0.59018,0.53781,0.64952,0.60594,1433.47882,1507.42311,0.61483,0.38517,1.64189,2.667,0.66667,5.31667,1.19667,2.10333,1.87667
240.0,53.33333,95.0,0.56633,16.66667,30.66667,0.54133,18.0,21.66667,0.834,7.33333,41.33333,48.66667,32.33333,6.0,7.33333,15.66667,19.66667,141.33333,240.0,47.0,105.0,0.45,9.0,30.66667,0.311,17.33333,25.0,0.68533,15.0,32.66667,47.66667,31.66667,9.0,4.66667,12.0,16.0,120.33333,1,-0.25897,0.25897,0.35305,0.21667,0.49309,0.65616,0.54766,0.71465,1356.02312,1478.98669,0.65832,0.34168,1.54258,3.07147,0.33333,248.33333,52.66667,96.66667,0.546,14.33333,34.33333,0.419,13.33333,16.33333,0.83367,10.33333,37.66667,48.0,31.33333,8.66667,9.0,9.0,23.33333,133.0,248.33333,37.0,89.33333,0.414,12.33333,32.66667,0.38167,20.33333,28.0,0.72967,10.33333,30.33333,40.66667,23.33333,5.66667,2.66667,13.0,14.33333,106.66667,1,-0.32101,0.32101,0.2744,0.33867,0.48276,0.62076,0.55824,0.66467,1334.8693,1587.0309,0.79597,0.20403,1.25951,5.11937,0.0,1.79667,2.89333,1.12333,6.83333
240.0,43.0,98.0,0.43933,10.33333,32.0,0.33633,13.33333,21.66667,0.61633,15.33333,35.66667,51.0,27.0,10.66667,6.33333,12.66667,19.66667,109.66667,240.0,41.66667,90.33333,0.46133,12.33333,34.0,0.36,15.66667,22.33333,0.711,10.33333,38.33333,48.66667,27.33333,6.33333,11.0,14.0,18.33333,111.33333,0,0.02162,-0.02162,0.28995,0.40212,0.52993,0.4922,0.58519,0.53402,1533.57624,1502.92368,0.45797,0.54203,2.29457,1.9058,0.66667,240.0,39.33333,86.33333,0.458,10.0,31.33333,0.317,14.66667,19.0,0.77567,9.66667,34.33333,44.0,20.66667,7.66667,1.66667,15.33333,20.66667,103.33333,240.0,38.33333,84.33333,0.45433,10.33333,33.66667,0.30833,20.33333,26.33333,0.772,11.33333,34.0,45.33333,20.0,9.66667,4.66667,12.33333,17.66667,107.33333,0,0.05881,-0.05881,0.33576,0.28609,0.5149,0.51505,0.59543,0.57276,1549.03771,1432.55628,0.34436,0.65564,3.2613,1.58922,0.66667,4.61667,1.32333,3.50667,1.61
240.0,43.33333,87.33333,0.497,14.0,35.66667,0.39133,16.33333,19.0,0.86833,11.0,32.0,43.0,29.0,8.66667,2.66667,15.33333,20.0,117.0,240.0,39.66667,86.66667,0.45667,16.0,42.0,0.37633,18.66667,25.0,0.77133,11.66667,31.66667,43.33333,25.66667,7.0,4.33333,14.0,18.0,114.0,1,-0.04254,0.04254,0.37604,0.34732,0.54937,0.57815,0.61793,0.64168,1511.72524,1623.42991,0.63993,0.36007,1.71861,3.42145,0.33333,240.0,42.0,90.33333,0.466,12.0,39.0,0.31233,12.0,17.33333,0.69167,9.33333,33.66667,43.0,27.33333,9.66667,5.33333,12.66667,19.33333,108.0,240.0,38.33333,79.0,0.48433,10.66667,26.0,0.41167,15.0,20.66667,0.739,5.33333,35.33333,40.66667,22.33333,7.0,5.0,17.33333,18.33333,102.33333,1,-0.07546,0.07546,0.16002,0.2614,0.55168,0.53236,0.61223,0.5743,1399.64458,1464.49018,0.5784,0.4216,1.78361,2.48976,0.33333,1.91,2.25333,1.25333,4.36667
240.0,41.33333,93.33333,0.442,9.66667,29.33333,0.33633,17.33333,27.0,0.61967,13.66667,34.66667,48.33333,24.33333,8.33333,5.0,13.33333,18.66667,109.66667,240.0,44.66667,94.0,0.47567,12.33333,37.33333,0.328,15.0,21.66667,0.705,10.0,37.66667,47.66667,26.0,6.0,9.66667,11.66667,21.0,116.66667,0,0.08748,-0.08748,0.28826,0.36606,0.54073,0.49337,0.59048,0.55253,1511.91258,1498.53476,0.49333,0.50667,2.05244,2.00027,0.66667,240.0,40.0,88.0,0.458,12.66667,39.33333,0.32333,17.0,21.33333,0.79167,10.0,31.66667,41.66667,20.33333,7.0,2.66667,12.33333,18.66667,109.66667,240.0,45.0,88.0,0.51367,17.33333,45.33333,0.36933,18.33333,21.0,0.86767,7.66667,34.66667,42.33333,30.0,7.0,2.33333,12.0,19.66667,125.66667,0,0.19905,-0.19905,0.24127,0.29018,0.615,0.53145,0.68347,0.59691,1523.93007,1536.26905,0.53402,0.46598,2.60623,2.68161,1.0,4.06667,1.35333,4.12,1.91
240.0,44.33333,93.0,0.47767,20.33333,47.33333,0.433,17.0,21.0,0.779,7.66667,32.66667,40.33333,30.33333,8.66667,3.33333,12.33333,20.66667,126.0,240.0,47.66667,90.66667,0.52567,17.33333,41.33333,0.41933,22.33333,26.33333,0.85833,10.66667,39.0,49.66667,29.33333,7.33333,4.33333,14.33333,15.0,135.0,0,0.09951,-0.09951,0.32782,0.19643,0.62106,0.58694,0.6995,0.64763,1628.30452,1296.77472,0.13596,0.86404,8.04175,1.15968,1.0,248.33333,36.33333,80.66667,0.45467,9.0,26.0,0.345,17.66667,21.33333,0.81367,4.66667,33.33333,38.0,21.33333,8.66667,5.33333,12.0,24.66667,99.33333,248.33333,36.0,80.66667,0.44733,12.66667,29.33333,0.43167,21.0,27.66667,0.755,11.66667,34.0,45.66667,24.33333,7.0,5.33333,17.0,19.33333,105.66667,0,0.08448,-0.08448,0.35722,0.13533,0.52643,0.51116,0.6095,0.58623,1556.49956,1607.2156,0.58067,0.41933,1.73451,2.41805,1.0,12.33333,1.04,1.73667,2.46333
240.0,46.0,92.33333,0.498,12.66667,35.0,0.36233,18.33333,22.66667,0.80433,8.0,33.0,41.0,25.66667,7.66667,5.33333,10.33333,17.66667,123.0,240.0,47.33333,96.0,0.49367,17.33333,36.0,0.47733,17.0,22.0,0.77,13.0,36.33333,49.33333,24.33333,5.66667,5.33333,13.33333,19.0,129.0,1,0.05209,-0.05209,0.40169,0.22022,0.58374,0.56624,0.63983,0.63111,1425.5226,1609.19222,0.74902,0.25098,1.34759,4.48558,0.66667,248.33333,45.0,97.0,0.46433,10.66667,31.66667,0.33133,17.0,20.66667,0.80467,10.0,33.0,43.0,25.33333,8.0,6.66667,12.66667,19.33333,117.66667,248.33333,47.0,91.33333,0.516,9.66667,30.0,0.32733,19.0,21.66667,0.88867,6.33333,37.0,43.33333,32.0,9.66667,5.0,13.66667,19.33333,122.66667,1,0.06634,-0.06634,0.19259,0.26998,0.5704,0.51985,0.64044,0.5784,1465.39004,1542.18902,0.61314,0.38686,1.67843,2.75223,0.66667,1.39333,4.86667,1.48333,2.81667
240.0,40.0,77.66667,0.51533,14.66667,36.0,0.39933,15.0,17.0,0.84267,6.66667,36.33333,43.0,25.66667,8.0,3.33333,15.66667,16.66667,109.66667,240.0,37.0,87.0,0.42433,10.66667,35.66667,0.298,13.66667,17.0,0.8,10.66667,27.66667,38.33333,22.66667,9.33333,4.33333,11.0,16.0,98.33333,0,-0.15963,0.15963,0.30647,0.24501,0.48517,0.61045,0.54108,0.67413,1519.58755,1649.98945,0.66222,0.33778,1.55001,3.21143,0.33333,240.0,44.66667,88.0,0.50633,17.0,38.66667,0.44467,17.0,20.66667,0.83067,7.0,38.0,45.0,26.66667,10.0,5.0,13.0,18.33333,123.33333,240.0,36.0,87.0,0.414,11.33333,40.66667,0.27367,16.33333,24.0,0.69,12.0,32.66667,44.66667,22.33333,7.0,4.33333,16.0,17.33333,99.66667,0,-0.31313,0.31313,0.32941,0.23582,0.47805,0.60368,0.54009,0.66572,1303.56443,1570.83595,0.80817,0.19183,1.24287,5.59226,0.0,1.65667,4.65333,1.16,6.48333
240.0,37.33333,90.66667,0.411,10.33333,33.33333,0.313,15.66667,24.0,0.65567,11.33333,30.0,41.33333,23.66667,6.66667,6.0,11.33333,21.0,100.66667,240.0,41.66667,85.0,0.49133,10.33333,28.66667,0.35867,19.66667,22.66667,0.86633,8.33333,39.0,47.33333,23.0,5.33333,3.66667,14.33333,21.66667,113.33333,1,0.17143,-0.17143,0.30076,0.29007,0.55369,0.46796,0.63282,0.52439,1540.05456,1551.48341,0.52928,0.47072,1.99754,2.31133,1.0,248.33333,47.0,97.0,0.48533,9.33333,29.33333,0.31867,19.66667,25.0,0.77433,10.0,38.66667,48.66667,27.66667,7.0,6.66667,12.66667,17.0,123.0,248.33333,45.66667,99.0,0.46067,14.0,37.66667,0.35667,17.33333,20.33333,0.857,9.0,35.66667,44.66667,31.66667,8.0,4.33333,11.0,20.33333,122.66667,1,0.00885,-0.00885,0.2346,0.28486,0.53151,0.53403,0.59297,0.59877,1467.04136,1558.3318,0.62603,0.37397,1.64893,2.86497,0.33333,3.25667,1.50333,1.42,3.38333
240.0,37.66667,86.66667,0.43433,12.33333,33.0,0.37367,15.0,19.66667,0.81667,6.66667,36.0,42.66667,22.33333,5.0,6.33333,12.66667,22.0,102.66667,240.0,39.0,91.66667,0.426,14.0,38.33333,0.36333,21.66667,24.66667,0.88433,10.33333,40.0,50.33333,24.33333,7.66667,3.66667,10.33333,17.66667,113.66667,0,0.14065,-0.14065,0.28714,0.17018,0.50284,0.50535,0.58562,0.56441,1639.26454,1571.80423,0.42535,0.57465,2.36647,1.74661,0.66667,240.0,39.0,83.0,0.47333,10.66667,29.0,0.36167,18.0,24.0,0.746,7.33333,33.33333,40.66667,23.0,9.66667,5.66667,13.0,25.33333,106.66667,240.0,37.33333,79.33333,0.46933,12.33333,29.66667,0.415,23.0,31.66667,0.71767,9.33333,33.33333,42.66667,24.66667,7.66667,5.66667,15.66667,21.0,110.0,0,0.0462,-0.0462,0.2924,0.20971,0.54774,0.53726,0.63578,0.60702,1557.19569,1582.92175,0.54112,0.45888,1.92311,2.27985,0.66667,3.18333,1.43,2.65333,2.3
240.0,42.33333,90.33333,0.47333,10.33333,34.33333,0.30733,11.0,15.33333,0.71733,9.66667,35.33333,45.0,24.33333,10.33333,6.0,14.0,19.66667,106.0,240.0,35.0,87.33333,0.40367,8.66667,32.0,0.279,18.33333,24.33333,0.744,13.33333,35.0,48.33333,21.0,8.33333,4.66667,15.66667,14.33333,97.0,0,-0.12783,0.12783,0.3787,0.27903,0.45267,0.53063,0.526,0.56986,1428.27119,1410.6416,0.45852,0.54148,2.45091,2.05186,0.0,240.0,41.66667,91.33333,0.45633,12.0,29.33333,0.42333,15.33333,19.33333,0.79733,11.66667,31.66667,43.33333,23.66667,7.66667,4.66667,10.66667,18.0,110.66667,240.0,43.33333,88.66667,0.48767,13.66667,34.66667,0.39167,17.0,22.33333,0.788,11.0,35.33333,46.33333,30.33333,8.66667,9.66667,10.66667,15.66667,117.33333,0,0.07892,-0.07892,0.36122,0.32792,0.56508,0.52258,0.6272,0.58001,1530.44472,1547.13465,0.53363,0.46637,1.8887,2.16405,0.66667,2.64333,1.85333,3.08333,1.70333
240.0,46.66667,83.66667,0.559,14.33333,34.33333,0.42633,19.0,23.66667,0.80767,6.66667,33.33333,40.0,28.33333,8.33333,4.0,12.0,21.0,126.66667,240.0,43.66667,84.0,0.51967,15.33333,36.0,0.426,16.0,21.33333,0.74,5.66667,29.33333,35.0,30.0,8.0,3.0,13.0,21.0,118.66667,0,-0.09499,0.09499,0.17555,0.22296,0.61058,0.64532,0.66886,0.71464,1505.04771,1505.76166,0.48719,0.51281,2.0642,1.96105,0.0,240.0,44.66667,95.33333,0.46833,14.33333,35.0,0.38967,19.33333,27.0,0.70367,9.33333,34.66667,44.0,27.0,7.33333,4.33333,11.66667,21.33333,123.0,240.0,47.33333,95.0,0.50067,15.0,38.66667,0.38033,20.33333,26.0,0.787,13.33333,40.33333,53.66667,25.33333,7.33333,4.0,15.0,20.0,130.0,0,0.08515,-0.08515,0.38353,0.23556,0.58088,0.54318,0.64897,0.60629,1613.79879,1349.45592,0.18781,0.81219,5.8253,1.23845,1.0,1.73,2.27,9.51667,1.21333
240.0,42.0,90.0,0.467,9.66667,37.66667,0.25667,15.33333,25.0,0.609,10.66667,34.66667,45.33333,23.66667,10.0,4.0,14.33333,21.0,109.0,240.0,39.66667,85.0,0.46533,13.0,36.66667,0.34533,15.66667,21.33333,0.73367,8.33333,34.0,42.33333,25.0,9.0,3.66667,17.0,21.66667,108.0,1,-0.01772,0.01772,0.24074,0.31341,0.54261,0.52084,0.60088,0.5713,1505.03331,1344.13441,0.31596,0.68404,4.78547,1.57124,0.33333,240.0,47.33333,93.0,0.50967,14.0,35.0,0.389,10.33333,15.66667,0.67067,11.66667,36.33333,48.0,24.0,7.33333,8.0,12.66667,20.33333,119.0,240.0,35.66667,82.0,0.43633,9.33333,25.0,0.37333,23.0,26.66667,0.861,6.66667,30.0,36.66667,16.33333,7.33333,5.0,12.66667,15.33333,103.66667,1,-0.19763,0.19763,0.18332,0.39351,0.49378,0.58483,0.59149,0.61782,1326.15526,1550.01122,0.77727,0.22273,1.2867,4.49613,0.33333,4.19,1.5,1.11667,6.75
240.0,42.66667,85.66667,0.49733,16.66667,42.66667,0.39067,14.66667,19.66667,0.75967,4.33333,36.33333,40.66667,30.33333,9.66667,7.66667,13.66667,22.33333,116.66667,240.0,38.0,91.0,0.41667,11.33333,36.0,0.30067,19.66667,27.66667,0.70233,13.0,38.0,51.0,23.66667,6.66667,3.0,15.66667,15.66667,107.0,0,-0.14016,0.14016,0.38155,0.11573,0.47835,0.59482,0.54921,0.64803,1388.14257,1502.14793,0.64743,0.35257,1.60007,3.09693,0.33333,240.0,40.0,87.66667,0.45633,13.33333,40.0,0.329,18.66667,21.0,0.90033,9.0,33.66667,42.66667,24.33333,7.66667,7.0,16.33333,24.66667,112.0,240.0,41.33333,86.33333,0.48033,9.66667,25.33333,0.37533,19.66667,30.0,0.65533,10.33333,36.0,46.33333,22.66667,10.33333,3.33333,17.0,16.66667,112.0,0,0.0021,-0.0021,0.30742,0.24834,0.53738,0.53223,0.6049,0.6074,1498.38107,1548.59273,0.57915,0.42085,1.78657,2.60621,0.33333,1.64,2.85667,2.05667,1.84667
240.0,38.66667,86.33333,0.44733,12.66667,31.33333,0.41133,16.66667,22.66667,0.74267,6.66667,36.0,42.66667,20.33333,4.66667,7.33333,12.0,23.33333,106.66667,240.0,38.0,91.66667,0.41433,15.33333,40.33333,0.379,23.66667,27.33333,0.87033,12.33333,39.0,51.33333,25.0,8.33333,4.66667,10.0,18.33333,115.0,1,0.10794,-0.10794,0.34119,0.17692,0.49896,0.52048,0.58933,0.5839,1600.59943,1579.27632,0.48888,0.51112,2.08032,1.99046,0.66667,240.0,37.33333,84.66667,0.44233,11.33333,34.33333,0.332,15.33333,21.0,0.72933,8.66667,29.66667,38.33333,23.0,6.66667,4.33333,10.66667,20.33333,101.33333,240.0,38.66667,78.33333,0.49533,14.0,33.0,0.424,17.66667,21.0,0.85267,7.66667,35.33333,43.0,24.0,6.33333,4.33333,15.33333,19.33333,109.0,1,0.10584,-0.10584,0.26747,0.24737,0.58499,0.50934,0.65886,0.5699,1639.39979,1552.54691,0.38651,0.61349,2.65279,1.64566,0.66667,2.75,1.52,4.51667,1.26333
240.0,43.66667,85.66667,0.50967,17.0,41.33333,0.413,19.0,21.0,0.90533,9.66667,34.0,43.66667,24.0,6.33333,5.0,13.33333,17.33333,123.33333,240.0,43.66667,87.66667,0.498,10.66667,32.0,0.333,17.0,20.33333,0.827,6.66667,29.66667,36.33333,25.66667,7.66667,5.0,11.0,17.66667,115.0,1,-0.08023,0.08023,0.20659,0.33647,0.5588,0.60868,0.62375,0.68254,1522.99716,1701.27976,0.73378,0.26622,1.38846,4.37692,0.66667,240.0,47.0,88.66667,0.534,15.0,35.66667,0.434,17.0,21.66667,0.788,6.66667,40.33333,47.0,31.0,7.33333,9.33333,13.0,19.33333,126.0,240.0,39.33333,100.33333,0.396,10.66667,34.66667,0.31667,15.33333,24.0,0.63533,18.33333,32.33333,50.66667,22.33333,6.66667,3.66667,12.66667,17.0,104.66667,1,-0.25695,0.25695,0.46446,0.20093,0.45048,0.6189,0.50144,0.67802,1284.0188,1510.92608,0.76507,0.23493,1.32558,5.32802,0.0,1.82,2.62333,1.26667,5.66667
240.0,38.66667,95.33333,0.40533,10.0,32.0,0.313,15.0,21.0,0.70567,13.33333,36.66667,50.0,20.33333,5.0,5.0,10.66667,20.0,102.33333,240.0,42.66667,94.66667,0.452,10.33333,34.0,0.30133,21.66667,28.0,0.77733,13.33333,41.0,54.33333,21.0,8.0,3.0,9.0,18.0,117.33333,0,0.20089,-0.20089,0.36032,0.33327,0.50698,0.45795,0.58364,0.51128,1538.60698,1304.70269,0.22273,0.77727,4.95762,1.29918,1.0,240.0,39.33333,89.0,0.44433,10.0,32.66667,0.31033,16.33333,22.0,0.73367,12.66667,34.66667,47.33333,22.33333,6.66667,7.0,14.0,23.0,105.0,240.0,42.0,90.0,0.46667,11.33333,31.0,0.362,22.33333,26.33333,0.845,12.33333,36.0,48.33333,25.33333,8.0,5.33333,11.0,19.33333,117.66667,0,0.16192,-0.16192,0.3573,0.35032,0.5306,0.50136,0.61553,0.56316,1622.04652,1480.44511,0.32499,0.67501,3.27106,1.50062,1.0,7.53333,1.15333,5.08333,1.20667
240.0,37.66667,77.0,0.49033,13.0,31.33333,0.41567,21.33333,24.66667,0.86733,6.33333,26.33333,32.66667,22.66667,7.0,5.0,11.33333,21.66667,109.66667,240.0,46.33333,86.33333,0.538,12.33333,32.0,0.40267,21.66667,26.33333,0.83967,11.66667,30.66667,42.33333,30.66667,9.0,3.33333,10.66667,20.66667,126.66667,1,0.20808,-0.20808,0.44425,0.19856,0.6099,0.5745,0.69064,0.66642,1547.58623,1634.77068,0.65296,0.34704,1.53175,2.88317,1.0,248.33333,41.33333,88.33333,0.46733,10.66667,31.0,0.34933,16.33333,23.33333,0.698,10.0,32.0,42.0,21.33333,5.0,6.66667,12.0,18.0,109.66667,248.33333,45.33333,90.0,0.50233,13.33333,28.0,0.477,17.0,21.66667,0.78433,10.0,35.66667,45.66667,25.0,9.0,5.66667,11.66667,20.0,121.0,1,0.13947,-0.13947,0.31582,0.27986,0.57595,0.52699,0.63779,0.58491,1493.16183,1541.0795,0.58905,0.41095,1.8127,2.67396,0.66667,1.61,2.55,1.86667,3.46667
240.0,46.66667,90.66667,0.51567,17.33333,37.33333,0.46667,17.33333,21.66667,0.79733,7.33333,35.66667,43.0,26.0,7.33333,6.0,9.0,17.66667,128.0,240.0,41.33333,88.33333,0.46967,17.66667,39.33333,0.44767,15.33333,19.66667,0.79733,9.0,36.33333,45.33333,28.0,6.0,4.0,12.33333,19.0,115.66667,1,-0.14403,0.14403,0.2478,0.2114,0.5704,0.61152,0.62702,0.67174,1473.35629,1541.02228,0.5776,0.4224,1.80449,2.65546,0.33333,240.0,41.0,91.0,0.453,14.0,37.33333,0.368,14.0,19.0,0.73533,9.0,28.66667,37.66667,26.0,8.66667,3.66667,10.66667,14.66667,110.0,240.0,45.66667,87.33333,0.523,18.0,41.66667,0.43033,16.33333,19.33333,0.82967,7.66667,39.0,46.66667,26.33333,7.0,3.0,13.66667,17.66667,125.66667,1,0.20023,-0.20023,0.26846,0.24009,0.62595,0.53044,0.6862,0.58138,1703.23864,1468.30004,0.23984,0.76016,6.03961,1.35343,1.0,1.69667,3.58,6.0,1.32
240.0,36.0,89.66667,0.40133,9.66667,37.66667,0.257,15.66667,23.0,0.685,8.66667,30.66667,39.33333,21.66667,9.33333,1.66667,12.0,17.66667,97.33333,240.0,44.66667,84.0,0.53233,20.66667,45.66667,0.44933,16.66667,20.0,0.833,6.0,42.66667,48.66667,32.33333,5.66667,5.33333,15.0,19.0,126.66667,0,0.37762,-0.37762,0.19799,0.20238,0.65643,0.45546,0.71802,0.51417,1487.18477,1270.49515,0.24074,0.75926,4.29627,1.32225,1.0,240.0,45.0,87.33333,0.516,13.0,33.33333,0.35467,18.66667,23.0,0.834,8.33333,34.66667,43.0,26.33333,7.0,6.33333,13.33333,15.0,121.66667,240.0,42.66667,85.33333,0.5,12.0,29.66667,0.39433,14.33333,18.66667,0.75233,5.33333,31.33333,36.66667,27.0,8.66667,6.66667,14.0,19.0,111.66667,0,-0.10324,0.10324,0.16882,0.28162,0.57066,0.59081,0.62402,0.66026,1411.17868,1485.40008,0.58358,0.41642,2.042,3.53847,0.33333,7.66667,1.12333,2.51333,2.70667
240.0,42.66667,89.33333,0.47967,18.0,43.66667,0.41867,19.0,24.0,0.779,8.0,33.66667,41.66667,29.33333,7.66667,3.0,12.0,21.33333,122.33333,240.0,48.0,89.33333,0.537,13.33333,32.66667,0.39833,20.0,26.0,0.76533,9.0,36.66667,45.66667,28.66667,7.33333,3.66667,12.33333,17.0,129.33333,0,0.07924,-0.07924,0.26419,0.2189,0.61208,0.58079,0.68028,0.64947,1606.78793,1295.65335,0.1511,0.8489,7.43255,1.18113,1.0,240.0,44.0,98.33333,0.44633,11.33333,30.33333,0.38367,11.66667,15.0,0.77567,11.0,34.0,45.0,27.0,7.0,5.0,10.0,19.0,111.0,240.0,43.66667,92.0,0.47567,11.33333,33.0,0.34167,21.66667,26.0,0.83467,10.66667,41.0,51.66667,21.33333,5.66667,5.0,11.0,18.0,120.33333,0,0.12644,-0.12644,0.31244,0.27582,0.53722,0.50385,0.61656,0.5449,1557.33319,1397.86483,0.29692,0.70308,3.6703,1.43834,1.0,9.0,1.1,5.08333,1.24667
240.0,39.0,94.0,0.41567,13.66667,40.66667,0.33467,14.0,18.33333,0.75833,11.0,34.66667,45.66667,20.0,7.33333,7.33333,11.33333,20.66667,105.66667,240.0,39.33333,91.33333,0.43167,10.33333,33.66667,0.306,21.33333,26.33333,0.83133,14.0,38.66667,52.66667,25.0,7.33333,5.66667,12.0,17.33333,110.33333,0,0.06934,-0.06934,0.40007,0.28615,0.48736,0.48857,0.56933,0.54056,1395.12362,1525.98802,0.6884,0.3116,1.46462,3.34147,0.66667,248.33333,38.66667,92.66667,0.41967,9.66667,33.0,0.29867,13.33333,17.66667,0.73067,10.33333,36.66667,47.0,26.33333,3.66667,4.0,10.33333,15.33333,100.33333,248.33333,40.66667,88.33333,0.46,14.0,33.0,0.42533,15.66667,17.33333,0.89833,8.66667,37.66667,46.33333,26.33333,6.66667,8.0,7.66667,18.33333,111.0,0,0.14592,-0.14592,0.23587,0.26814,0.53937,0.47142,0.60225,0.52061,1574.86165,1467.48675,0.36256,0.63744,2.77156,1.57105,1.0,1.92333,2.37667,2.76667,1.49667
240.0,35.66667,83.33333,0.428,8.66667,34.33333,0.24933,17.0,21.0,0.818,9.0,32.33333,41.33333,22.0,5.33333,2.0,14.66667,18.33333,97.0,240.0,41.66667,83.66667,0.49967,8.33333,28.66667,0.28967,22.33333,26.33333,0.852,8.66667,35.33333,44.0,25.33333,7.66667,6.0,10.33333,20.0,114.0,0,0.23485,-0.23485,0.26138,0.25423,0.54972,0.47982,0.63842,0.55147,1504.8957,1340.89243,0.30032,0.69968,3.44489,1.43666,1.0,240.0,41.33333,96.66667,0.42967,11.66667,36.0,0.32333,17.33333,21.33333,0.807,14.33333,35.0,49.33333,23.0,5.66667,2.66667,9.0,16.33333,111.66667,240.0,43.0,87.0,0.5,13.0,34.33333,0.386,15.0,20.33333,0.72767,7.33333,38.33333,45.66667,26.33333,5.0,6.66667,9.33333,17.66667,114.0,0,0.03888,-0.03888,0.20144,0.36329,0.57491,0.49093,0.62812,0.55348,1571.54669,1504.91198,0.39982,0.60018,2.50149,1.66629,0.66667,5.71667,1.16667,3.55667,1.64333
248.33333,38.0,94.0,0.40533,11.33333,38.33333,0.298,20.0,26.66667,0.75,14.0,31.0,45.0,26.66667,6.66667,4.0,9.0,19.66667,107.33333,248.33333,42.66667,88.33333,0.48267,13.33333,36.33333,0.36267,13.66667,19.0,0.72433,12.0,38.0,50.0,25.33333,5.0,6.0,12.0,21.66667,112.33333,0,0.06129,-0.06129,0.44793,0.36919,0.55794,0.4659,0.6065,0.53904,1508.30086,1457.02571,0.43382,0.56618,2.44888,1.8483,0.66667,240.0,44.66667,95.66667,0.46567,11.33333,32.33333,0.36367,17.0,22.33333,0.75633,11.33333,32.0,43.33333,27.66667,7.33333,5.66667,14.66667,19.33333,117.66667,240.0,50.33333,94.0,0.53167,7.33333,21.66667,0.34067,22.0,27.33333,0.79733,10.33333,36.66667,47.0,32.33333,8.33333,5.66667,13.0,19.33333,130.0,0,0.14546,-0.14546,0.32393,0.30833,0.5703,0.52471,0.64725,0.5836,1443.69036,1450.37013,0.52554,0.47446,2.09234,2.33426,1.0,2.58667,1.8,3.15667,1.56333
240.0,47.66667,92.66667,0.51367,11.0,32.0,0.348,18.66667,24.66667,0.75833,8.66667,36.66667,45.33333,28.0,5.33333,5.66667,9.66667,14.0,125.0,240.0,47.66667,100.0,0.47867,16.0,35.0,0.459,14.33333,19.0,0.759,11.66667,33.66667,45.33333,28.0,5.66667,4.0,9.66667,18.66667,125.66667,0,-0.00353,0.00353,0.32147,0.26519,0.55789,0.57293,0.60471,0.63573,1476.06429,1606.54898,0.69109,0.30891,1.4472,3.23942,0.33333,240.0,39.0,88.33333,0.441,11.66667,36.0,0.32633,15.66667,22.0,0.69967,10.33333,33.0,43.33333,25.0,8.33333,5.66667,9.66667,16.0,105.33333,240.0,42.33333,92.66667,0.46067,17.66667,40.0,0.44367,11.66667,14.0,0.81,11.0,38.33333,49.33333,26.0,6.0,4.33333,12.0,18.33333,114.0,0,0.11532,-0.11532,0.33327,0.27717,0.55661,0.50712,0.59886,0.56495,1494.13732,1524.28533,0.56419,0.43581,1.792,2.33106,0.66667,1.44,3.45,2.87,2.12333
240.0,44.33333,89.33333,0.49567,16.33333,41.66667,0.38633,13.33333,16.0,0.829,11.0,29.33333,40.33333,27.33333,7.66667,4.33333,11.66667,18.66667,118.33333,240.0,41.0,86.33333,0.47367,15.0,35.0,0.42633,17.33333,22.66667,0.79767,9.33333,31.0,40.33333,26.66667,8.33333,3.33333,12.0,15.0,114.33333,0,-0.05598,0.05598,0.33289,0.35172,0.56067,0.58736,0.62628,0.63733,1454.14242,1552.28078,0.63142,0.36858,1.6271,3.05195,0.33333,240.0,48.0,96.0,0.49967,14.66667,35.66667,0.415,15.0,19.0,0.81233,11.66667,36.0,47.66667,29.0,6.66667,4.33333,13.0,22.66667,125.66667,240.0,40.66667,89.66667,0.45233,13.33333,39.0,0.33733,20.66667,29.33333,0.71567,14.33333,30.66667,45.0,24.66667,6.0,5.66667,13.66667,19.33333,115.33333,0,-0.12927,0.12927,0.40214,0.38054,0.52806,0.57629,0.60051,0.62646,1366.71132,1559.60582,0.7407,0.2593,1.35484,3.98101,0.0,1.57667,3.25333,2.04333,2.02667
240.0,40.66667,90.33333,0.45033,13.0,36.33333,0.357,13.33333,20.66667,0.627,9.0,30.33333,39.33333,23.33333,12.33333,2.66667,11.0,17.33333,107.66667,240.0,41.66667,81.0,0.51467,14.33333,33.0,0.43067,13.33333,18.0,0.76667,6.33333,39.33333,45.66667,30.33333,6.0,5.0,16.66667,17.0,111.0,0,0.04829,-0.04829,0.21593,0.23278,0.60388,0.52215,0.65469,0.56643,1564.4505,1489.86289,0.39931,0.60069,2.58745,1.68804,0.66667,240.0,36.33333,88.33333,0.41067,8.66667,31.33333,0.26933,20.66667,26.33333,0.813,10.66667,35.33333,46.0,17.66667,6.33333,2.0,13.0,18.0,102.0,240.0,42.66667,89.33333,0.47767,13.33333,37.0,0.36233,17.33333,22.66667,0.77,10.0,38.0,48.0,22.33333,7.0,4.0,9.66667,21.33333,116.0,0,0.18861,-0.18861,0.28222,0.28134,0.55188,0.45857,0.61505,0.54089,1554.52813,1459.90285,0.39412,0.60588,2.86974,1.71407,1.0,5.58333,1.16667,4.00667,1.56
240.0,43.0,88.33333,0.487,11.33333,33.66667,0.336,14.33333,17.0,0.847,11.0,35.66667,46.66667,28.33333,8.0,2.66667,13.33333,20.33333,111.66667,240.0,36.66667,84.66667,0.43233,11.0,39.0,0.278,17.66667,25.0,0.72767,11.66667,32.66667,44.33333,23.66667,6.0,6.0,13.66667,15.66667,102.0,0,-0.13401,0.13401,0.34759,0.33762,0.49759,0.55155,0.56513,0.60742,1404.56499,1624.06159,0.77384,0.22616,1.29497,4.51874,0.0,240.0,38.66667,89.0,0.436,12.33333,32.66667,0.36933,21.0,24.33333,0.85367,8.0,36.33333,44.33333,22.0,4.33333,3.66667,11.33333,23.33333,110.66667,240.0,43.0,92.33333,0.465,14.0,37.0,0.37567,23.33333,28.66667,0.82833,12.0,39.33333,51.33333,25.33333,5.33333,3.66667,8.33333,17.66667,123.33333,0,0.15651,-0.15651,0.34121,0.20624,0.54104,0.50613,0.62426,0.5886,1554.00573,1437.84931,0.36668,0.63332,3.2876,1.64711,1.0,1.46,3.16667,5.56667,1.26
240.0,45.0,86.33333,0.52767,18.0,38.0,0.47967,14.33333,17.33333,0.81067,6.0,32.66667,38.66667,26.66667,7.66667,3.0,12.0,19.66667,122.33333,240.0,45.66667,85.66667,0.53333,15.0,36.66667,0.40833,16.0,22.0,0.71833,4.66667,33.33333,38.0,29.66667,6.33333,3.66667,12.0,19.33333,122.33333,1,0.0051,-0.0051,0.147,0.17445,0.62066,0.63111,0.6761,0.68409,1553.7314,1508.14977,0.43349,0.56651,2.3269,1.77323,0.33333,240.0,43.33333,89.33333,0.48633,11.66667,37.33333,0.316,12.0,16.33333,0.738,8.33333,37.0,45.33333,28.66667,9.33333,4.66667,11.33333,20.33333,110.33333,240.0,35.0,79.0,0.44433,9.0,29.0,0.33467,16.66667,23.66667,0.69967,6.66667,34.66667,41.33333,21.33333,6.0,5.66667,16.66667,16.66667,95.66667,1,-0.20451,0.20451,0.17947,0.2375,0.50148,0.55155,0.56955,0.59456,1390.0365,1501.25109,0.61989,0.38011,1.70637,3.11844,0.0,2.11333,1.82333,1.26333,4.21667
240.0,42.66667,90.33333,0.47,12.66667,36.33333,0.35967,17.0,23.66667,0.70933,12.66667,35.33333,48.0,26.33333,6.66667,5.66667,15.0,18.0,115.0,240.0,43.0,90.33333,0.478,13.33333,33.0,0.39767,15.66667,20.0,0.79433,10.0,32.0,42.0,24.66667,8.66667,4.33333,12.0,20.33333,115.0,0,0.00452,-0.00452,0.27638,0.39699,0.55163,0.54027,0.60875,0.59914,1418.30134,1522.53309,0.64406,0.35594,1.58265,2.96615,0.33333,240.0,42.66667,89.66667,0.47833,13.33333,36.0,0.378,19.33333,24.0,0.818,10.33333,34.66667,45.0,20.33333,5.66667,3.33333,11.0,21.0,118.0,240.0,43.33333,90.0,0.48133,14.0,40.33333,0.348,21.33333,25.0,0.85667,9.66667,32.66667,42.33333,29.33333,6.66667,2.33333,9.66667,20.33333,122.0,0,0.04821,-0.04821,0.28742,0.31211,0.55952,0.55414,0.63926,0.62597,1525.46915,1609.0088,0.61558,0.38442,1.70187,2.86627,1.0,1.40667,3.45,1.78667,2.16
240.0,51.33333,94.0,0.55,15.33333,29.0,0.52067,16.66667,21.0,0.78767,9.0,39.33333,48.33333,33.66667,7.33333,10.0,15.0,20.0,134.66667,240.0,44.66667,102.33333,0.43633,10.0,33.0,0.31767,17.66667,25.66667,0.679,15.0,32.33333,47.33333,31.33333,8.66667,4.33333,13.33333,15.66667,117.0,1,-0.22428,0.22428,0.37191,0.26561,0.48615,0.63304,0.54415,0.68687,1351.4594,1469.31808,0.65784,0.34216,1.54358,3.06646,0.33333,248.33333,39.33333,85.66667,0.461,12.66667,35.0,0.36767,27.0,31.66667,0.856,11.33333,39.33333,50.66667,26.0,7.0,6.0,15.33333,20.0,118.33333,248.33333,39.33333,95.0,0.41267,11.33333,35.66667,0.317,18.0,23.33333,0.776,13.33333,30.33333,43.66667,20.66667,9.66667,5.0,12.0,24.33333,108.0,1,-0.14052,0.14052,0.34484,0.37138,0.47186,0.53508,0.53742,0.64022,1489.92183,1541.5237,0.5548,0.4452,1.87803,2.42577,0.0,1.72667,3.49333,1.4,4.61667
240.0,41.33333,82.0,0.50567,14.33333,37.33333,0.375,17.33333,19.0,0.89433,7.33333,35.33333,42.66667,27.33333,8.33333,5.0,15.33333,16.33333,114.33333,240.0,38.0,85.33333,0.445,11.0,35.66667,0.307,15.66667,20.0,0.786,8.33333,28.66667,37.0,25.0,7.66667,4.33333,12.66667,19.0,102.66667,0,-0.16787,0.16787,0.24041,0.26017,0.50927,0.59562,0.57137,0.66782,1409.49594,1654.46861,0.78505,0.21495,1.28583,5.56025,0.33333,240.0,41.33333,90.66667,0.459,12.33333,37.66667,0.333,16.66667,21.33333,0.78433,11.33333,35.66667,47.0,25.0,8.0,6.66667,11.0,17.66667,111.66667,240.0,38.66667,91.33333,0.425,10.0,28.33333,0.35167,16.66667,21.66667,0.78867,14.66667,35.0,49.66667,19.0,6.0,3.0,13.0,18.66667,104.0,0,-0.10726,0.10726,0.41705,0.32579,0.47911,0.52694,0.54211,0.58827,1273.24157,1586.36422,0.83028,0.16972,1.22979,8.75329,0.0,1.23333,5.3,1.19667,7.93333
240.0,37.0,87.33333,0.424,10.66667,31.66667,0.34133,21.0,29.0,0.718,10.66667,32.0,42.66667,21.66667,5.0,4.33333,12.33333,19.33333,105.66667,240.0,41.33333,84.66667,0.48967,11.33333,33.66667,0.33867,19.0,22.0,0.858,7.66667,35.33333,43.0,24.33333,6.66667,5.0,14.33333,22.66667,113.0,1,0.10417,-0.10417,0.26015,0.30817,0.55765,0.485,0.63419,0.56365,1552.43634,1550.27075,0.50532,0.49468,2.05276,2.102,0.66667,240.0,40.66667,90.33333,0.451,17.0,47.33333,0.358,11.33333,12.66667,0.857,8.66667,34.66667,43.33333,24.33333,7.0,7.33333,16.66667,22.66667,109.66667,240.0,40.66667,89.66667,0.45733,10.66667,28.0,0.37233,20.0,26.66667,0.751,11.66667,37.66667,49.33333,25.33333,9.66667,4.0,14.66667,11.66667,112.0,1,0.03372,-0.03372,0.334,0.23141,0.51769,0.54511,0.59024,0.58979,1504.34322,1554.25545,0.57872,0.42128,1.78823,2.60441,0.66667,3.05,2.28667,1.99,1.88
240.0,41.33333,95.33333,0.434,12.33333,38.66667,0.31467,10.66667,14.66667,0.72333,11.33333,32.66667,44.0,26.33333,10.33333,8.66667,11.0,16.33333,105.66667,240.0,38.66667,90.33333,0.43033,10.33333,31.33333,0.333,15.0,20.0,0.753,13.0,38.0,51.0,25.66667,5.0,6.33333,16.33333,13.33333,102.66667,0,-0.04727,0.04727,0.41608,0.30063,0.48744,0.49815,0.54388,0.53601,1428.49752,1417.70949,0.47794,0.52206,2.25812,2.09378,0.33333,240.0,40.66667,93.66667,0.43367,13.0,34.0,0.38867,13.66667,18.0,0.75233,13.33333,26.66667,40.0,28.33333,8.66667,5.0,11.33333,16.33333,108.0,240.0,47.0,90.0,0.52267,12.0,32.0,0.37267,15.33333,20.33333,0.788,10.66667,36.33333,47.0,31.66667,7.0,11.33333,12.66667,15.33333,121.33333,0,0.1652,-0.1652,0.42593,0.36748,0.58933,0.50317,0.64307,0.55348,1535.80098,1492.48139,0.45756,0.54244,2.26832,1.88893,1.0,2.82667,1.83,3.51667,1.61333
240.0,42.66667,85.33333,0.50067,11.33333,29.66667,0.37667,15.0,19.0,0.779,7.66667,34.33333,42.0,24.0,10.0,5.66667,12.0,15.33333,111.66667,240.0,38.33333,87.66667,0.43733,14.0,40.0,0.34767,13.33333,16.0,0.834,10.33333,30.66667,41.0,27.0,6.66667,4.33333,13.66667,15.33333,104.0,0,-0.09092,0.09092,0.297,0.26822,0.51671,0.56704,0.57001,0.62345,1408.44811,1621.82685,0.76245,0.23755,1.32191,4.71874,0.33333,240.0,42.66667,86.66667,0.49233,14.0,39.0,0.347,17.33333,24.0,0.727,9.33333,32.33333,41.66667,26.33333,6.33333,3.66667,12.66667,20.33333,116.66667,240.0,42.0,85.33333,0.492,13.33333,32.66667,0.40167,19.33333,24.0,0.80867,8.66667,32.66667,41.33333,27.66667,7.33333,1.66667,12.66667,20.66667,116.66667,0,0.00219,-0.00219,0.26768,0.29388,0.57024,0.57303,0.64365,0.63482,1495.75819,1464.30154,0.45406,0.54594,2.36295,1.89951,0.66667,1.29,5.3,2.82,1.56667
240.0,36.0,90.33333,0.39867,10.33333,32.0,0.324,15.0,21.0,0.70567,12.0,37.0,49.0,21.0,4.33333,4.33333,13.0,17.0,97.33333,240.0,42.66667,96.0,0.445,12.66667,34.33333,0.36733,19.33333,23.33333,0.84033,13.0,39.66667,52.66667,23.33333,9.33333,4.33333,8.0,18.66667,117.33333,0,0.27004,-0.27004,0.34725,0.3092,0.51171,0.4558,0.58164,0.51339,1593.05977,1296.14597,0.16043,0.83957,6.33112,1.1918,1.0,240.0,38.33333,89.33333,0.43067,10.0,33.33333,0.30233,16.0,22.0,0.72167,12.0,34.66667,46.66667,23.0,7.0,6.0,13.0,20.33333,102.66667,240.0,41.0,87.33333,0.46933,13.33333,33.0,0.4,21.0,24.0,0.87867,9.66667,37.33333,47.0,28.0,8.33333,6.0,11.0,20.66667,116.33333,0,0.17992,-0.17992,0.27887,0.31791,0.54537,0.4873,0.62799,0.54787,1622.45528,1400.76557,0.23311,0.76689,4.86327,1.31825,1.0,9.66667,1.06667,7.16667,1.12667
240.0,44.0,82.0,0.53533,14.0,31.66667,0.44233,20.0,22.33333,0.89833,5.33333,33.0,38.33333,27.0,7.33333,4.33333,11.66667,21.33333,122.0,240.0,41.66667,87.66667,0.47533,9.33333,32.0,0.28733,23.33333,28.33333,0.835,11.0,29.66667,40.66667,26.66667,8.0,2.0,12.33333,19.33333,116.0,1,-0.06962,0.06962,0.35259,0.17709,0.5291,0.62094,0.61888,0.70143,1520.47766,1637.26074,0.666,0.334,1.50334,3.00922,0.66667,248.33333,47.0,94.0,0.5,13.0,34.66667,0.37967,19.0,23.33333,0.81933,9.33333,34.0,43.33333,27.0,7.66667,5.33333,9.66667,15.66667,126.0,248.33333,46.0,92.66667,0.49567,11.0,28.66667,0.37567,17.0,20.66667,0.81667,8.66667,36.33333,45.0,23.33333,6.66667,4.0,13.66667,19.33333,120.0,1,-0.0815,0.0815,0.26631,0.25473,0.55417,0.56915,0.61625,0.63566,1488.39504,1618.77409,0.68902,0.31098,1.45196,3.22212,0.33333,1.36667,3.9,1.21333,5.0
240.0,45.33333,92.66667,0.48967,15.33333,35.33333,0.43533,14.0,18.66667,0.75067,9.33333,34.66667,44.0,22.66667,7.0,6.33333,7.66667,17.66667,120.0,240.0,38.66667,87.0,0.446,15.0,39.66667,0.37667,16.33333,21.66667,0.76233,10.66667,37.33333,48.0,23.33333,6.33333,3.33333,9.66667,19.33333,108.66667,0,-0.13841,0.13841,0.31345,0.26178,0.53268,0.57205,0.59439,0.61946,1525.56972,1549.00734,0.52057,0.47943,2.20115,2.49981,0.33333,240.0,38.0,81.33333,0.46767,12.33333,34.0,0.36333,13.66667,16.66667,0.81667,6.33333,31.33333,37.66667,23.33333,6.0,3.0,13.33333,19.33333,102.0,240.0,44.66667,90.33333,0.495,14.0,37.0,0.37433,16.0,19.0,0.822,10.0,34.66667,44.66667,25.33333,7.0,4.66667,8.66667,14.0,119.33333,0,0.22358,-0.22358,0.3232,0.18226,0.57238,0.54345,0.63113,0.60034,1642.57132,1631.98019,0.51754,0.48246,1.97732,2.12713,1.0,1.73667,3.53667,2.75,1.52
240.0,38.66667,88.0,0.43967,13.33333,40.66667,0.329,17.66667,21.0,0.842,12.66667,33.0,45.66667,19.66667,8.0,3.0,12.66667,18.0,108.33333,240.0,41.66667,86.66667,0.48,10.33333,31.33333,0.32733,17.33333,20.0,0.865,9.0,34.33333,43.33333,22.0,7.0,3.66667,12.0,18.0,111.0,1,0.02761,-0.02761,0.27354,0.3714,0.53923,0.51566,0.608,0.58541,1474.53917,1698.96549,0.75966,0.24034,1.35572,6.81283,0.66667,240.0,39.66667,86.66667,0.45733,8.0,27.33333,0.29,18.33333,25.33333,0.743,8.66667,33.66667,42.33333,21.66667,8.66667,5.0,15.0,16.0,105.66667,240.0,43.33333,85.0,0.50967,16.0,35.66667,0.44567,14.66667,19.33333,0.74067,6.33333,35.66667,42.0,28.33333,10.33333,6.66667,15.0,19.66667,117.33333,1,0.14855,-0.14855,0.19873,0.24287,0.6037,0.50374,0.65663,0.57298,1422.61027,1333.74934,0.39462,0.60538,2.82327,1.76608,0.66667,1.75,4.89,3.67667,1.71333
240.0,37.0,85.66667,0.42767,10.33333,28.0,0.35933,20.0,25.0,0.804,13.0,29.33333,42.33333,21.0,4.66667,5.66667,14.0,19.33333,104.33333,240.0,49.66667,92.33333,0.54167,11.33333,28.0,0.40033,18.0,22.33333,0.80767,11.0,33.0,44.0,30.33333,10.33333,6.66667,10.0,20.66667,128.66667,1,0.32283,-0.32283,0.35425,0.39107,0.60358,0.48693,0.66545,0.5693,1560.32595,1542.98012,0.50332,0.49668,2.05838,2.11024,1.0,248.33333,37.33333,93.0,0.40233,10.0,37.0,0.273,15.0,19.33333,0.775,11.0,37.0,48.0,23.0,4.33333,4.66667,9.66667,17.66667,99.66667,248.33333,38.0,84.33333,0.44933,14.33333,33.0,0.43767,15.0,17.33333,0.863,7.0,39.33333,46.33333,22.66667,5.66667,7.0,9.66667,18.66667,105.33333,1,0.07786,-0.07786,0.18857,0.27631,0.53443,0.45585,0.59673,0.51265,1571.99486,1486.36438,0.38226,0.61774,2.65149,1.62707,1.0,3.30333,1.85667,4.41667,1.34
248.33333,38.0,87.0,0.43667,11.33333,31.0,0.365,16.0,18.33333,0.89867,6.33333,36.0,42.33333,22.66667,5.66667,4.0,10.66667,21.0,103.33333,248.33333,39.0,89.0,0.43767,14.0,34.66667,0.40367,17.66667,20.0,0.87467,9.33333,37.66667,47.0,27.0,5.0,3.0,12.0,15.33333,109.66667,0,0.07685,-0.07685,0.25936,0.16944,0.51612,0.50167,0.58564,0.5678,1615.21068,1569.03044,0.44244,0.55756,2.29668,1.8139,0.66667,240.0,37.33333,95.66667,0.38867,13.0,42.66667,0.31233,13.66667,18.0,0.753,12.0,33.33333,45.33333,26.0,7.0,4.0,12.0,18.0,101.33333,240.0,44.66667,90.0,0.49733,10.33333,30.0,0.34167,20.33333,26.0,0.78333,10.0,42.0,52.0,24.33333,7.66667,5.66667,11.33333,17.66667,120.0,0,0.25069,-0.25069,0.29958,0.29381,0.55458,0.45711,0.62766,0.50736,1561.04139,1346.70436,0.24073,0.75927,4.54498,1.33233,1.0,3.13333,1.45333,5.01667,1.25
240.0,39.0,94.0,0.41567,13.66667,41.33333,0.33,11.66667,15.66667,0.74167,10.33333,35.0,45.33333,20.0,7.0,6.66667,11.0,22.0,103.33333,240.0,36.33333,84.66667,0.43033,8.66667,29.33333,0.31633,20.66667,26.66667,0.77967,10.33333,38.66667,49.0,21.66667,6.33333,6.33333,12.33333,16.33333,102.0,0,-0.00669,0.00669,0.29722,0.26813,0.48317,0.48857,0.56581,0.53107,1422.79305,1524.77499,0.62999,0.37001,1.68401,3.07542,0.66667,240.0,38.33333,94.66667,0.40667,10.33333,37.0,0.278,18.33333,25.0,0.73267,15.33333,32.33333,47.66667,20.33333,7.33333,3.66667,10.33333,15.33333,105.33333,240.0,45.33333,83.0,0.54833,14.0,30.66667,0.458,14.0,19.66667,0.702,5.0,39.0,44.0,31.33333,6.0,8.66667,10.66667,18.33333,118.66667,0,0.17427,-0.17427,0.15336,0.38838,0.63264,0.46202,0.68129,0.52771,1577.77113,1433.56487,0.32603,0.67397,3.47948,1.51356,1.0,3.9,1.89333,6.33333,1.23
248.33333,48.33333,103.66667,0.467,10.66667,29.0,0.37533,17.0,20.0,0.84233,10.66667,37.33333,48.0,27.66667,8.33333,6.0,10.33333,21.66667,124.33333,248.33333,46.66667,95.33333,0.49067,9.0,30.66667,0.29233,23.33333,28.0,0.83467,9.33333,42.33333,51.66667,26.0,6.33333,5.33333,13.0,20.66667,125.66667,0,0.01654,-0.01654,0.25742,0.25363,0.53848,0.5188,0.62074,0.5757,1524.6333,1448.96864,0.3942,0.6058,2.59197,1.66864,0.66667,240.0,46.33333,82.66667,0.56133,17.0,34.33333,0.49667,19.66667,23.33333,0.84267,4.0,34.0,38.0,27.33333,7.66667,3.66667,11.33333,19.66667,129.33333,240.0,44.66667,86.66667,0.516,17.33333,38.0,0.45567,14.66667,19.0,0.77133,6.33333,30.66667,37.0,29.66667,6.0,4.66667,14.33333,21.33333,121.33333,0,-0.09232,0.09232,0.19054,0.13325,0.61567,0.66383,0.66822,0.73696,1531.56284,1517.72128,0.46534,0.53466,2.14957,1.87072,0.0,2.93667,1.75,1.85667,1.97
240.0,41.33333,83.33333,0.50833,13.66667,33.66667,0.41033,20.0,24.33333,0.837,8.33333,37.33333,45.66667,25.66667,7.33333,5.66667,12.33333,20.33333,116.33333,240.0,40.33333,92.33333,0.43733,15.66667,39.66667,0.397,16.66667,21.0,0.797,10.66667,32.33333,43.0,21.66667,7.33333,3.0,11.0,19.33333,113.0,0,-0.041,0.041,0.28629,0.23827,0.52211,0.59392,0.58316,0.67201,1554.24503,1563.67554,0.50683,0.49317,2.02272,2.07882,0.33333,240.0,45.0,85.0,0.53367,11.66667,28.66667,0.37767,18.0,21.33333,0.844,7.33333,35.0,42.33333,24.0,6.66667,5.0,13.33333,24.0,119.66667,240.0,43.0,89.0,0.487,15.66667,40.0,0.39567,19.33333,24.66667,0.76367,7.66667,30.66667,38.33333,26.66667,7.66667,4.33333,11.66667,20.0,121.0,0,0.02608,-0.02608,0.21916,0.22849,0.57515,0.60439,0.64421,0.67286,1530.44829,1484.77767,0.43899,0.56101,2.29015,1.78787,0.33333,1.60667,2.46667,1.94667,1.89333
248.33333,38.0,96.33333,0.395,11.66667,41.66667,0.278,19.33333,24.0,0.80567,13.66667,34.33333,48.0,25.33333,7.0,4.0,9.0,18.66667,107.0,248.33333,42.66667,88.0,0.48467,11.66667,33.33333,0.34533,13.66667,18.66667,0.73667,9.0,40.66667,49.66667,24.0,3.33333,4.33333,12.0,20.33333,110.66667,0,0.04517,-0.04517,0.26422,0.34195,0.55083,0.45526,0.60042,0.52698,1475.96448,1450.1937,0.46724,0.53276,2.26982,1.95378,0.66667,240.0,44.33333,89.0,0.496,10.0,28.33333,0.35133,20.66667,27.0,0.754,8.66667,35.0,43.66667,27.33333,6.33333,4.66667,12.0,14.0,119.33333,240.0,44.33333,94.0,0.47267,14.66667,39.0,0.36733,13.66667,16.66667,0.825,9.0,31.66667,40.66667,30.0,7.66667,5.33333,11.0,20.0,117.0,0,-0.01593,0.01593,0.25377,0.28934,0.54918,0.55215,0.59975,0.62516,1467.8149,1594.82118,0.67402,0.32598,1.48859,3.11023,0.33333,2.63667,1.79333,1.31667,3.95
240.0,43.66667,90.66667,0.48067,14.33333,38.33333,0.374,14.66667,16.66667,0.87167,10.66667,27.66667,38.33333,29.33333,7.33333,4.66667,12.66667,19.33333,116.33333,240.0,44.33333,88.33333,0.50033,14.66667,34.66667,0.42167,18.66667,24.0,0.80767,10.33333,29.66667,40.0,28.33333,9.0,4.0,11.0,16.66667,122.0,1,0.05639,-0.05639,0.38536,0.35849,0.58316,0.55945,0.65111,0.61601,1414.74055,1551.79358,0.69659,0.30341,1.46986,3.63328,0.66667,240.0,38.33333,88.0,0.43533,11.66667,34.33333,0.34233,11.66667,17.0,0.74533,8.66667,30.0,38.66667,22.66667,8.33333,4.66667,10.66667,18.33333,100.0,240.0,39.0,79.33333,0.494,13.33333,33.33333,0.401,16.33333,18.33333,0.89433,6.66667,37.66667,44.33333,25.0,5.33333,3.66667,17.66667,17.0,107.66667,1,0.10479,-0.10479,0.23794,0.22949,0.57896,0.50147,0.64869,0.54532,1641.86719,1538.07833,0.3623,0.6377,2.78988,1.57299,0.66667,1.39333,3.75,4.78333,1.22667
240.0,43.33333,91.33333,0.48067,14.0,41.0,0.338,12.66667,15.33333,0.82767,9.66667,31.33333,41.0,24.66667,7.66667,4.66667,11.0,15.33333,113.33333,240.0,43.0,88.0,0.48667,10.33333,32.0,0.31967,13.33333,19.0,0.693,10.0,33.33333,43.33333,24.66667,4.66667,5.66667,13.33333,15.33333,109.66667,1,-0.06002,0.06002,0.33208,0.27811,0.54573,0.56268,0.5939,0.60967,1332.82989,1654.80754,0.85282,0.14718,1.18033,8.11217,0.66667,240.0,36.66667,85.0,0.43133,8.66667,31.66667,0.26633,20.33333,27.0,0.757,8.66667,35.0,43.66667,18.0,6.0,2.33333,12.33333,18.0,102.33333,240.0,42.33333,89.66667,0.47233,14.0,39.66667,0.35033,17.66667,21.0,0.841,9.66667,35.33333,45.0,23.66667,5.0,4.0,8.33333,22.33333,116.33333,1,0.18845,-0.18845,0.27633,0.23888,0.5499,0.4821,0.61702,0.56268,1557.78568,1431.38716,0.34918,0.65082,3.09849,1.56413,1.0,1.3,3.8,6.95,1.14667
240.0,44.0,93.33333,0.472,11.66667,35.0,0.33067,11.66667,13.33333,0.876,11.0,35.0,46.0,26.33333,6.66667,2.66667,9.66667,20.66667,111.33333,240.0,38.0,83.33333,0.45467,13.33333,40.33333,0.32367,19.33333,27.0,0.72633,10.33333,34.66667,45.0,21.66667,4.0,6.33333,12.33333,15.33333,108.66667,1,-0.05087,0.05087,0.31004,0.32292,0.53432,0.53426,0.60673,0.57848,1447.71174,1620.1904,0.72855,0.27145,1.4012,4.11909,0.33333,240.0,41.0,92.0,0.447,13.33333,35.0,0.373,20.33333,22.0,0.92233,8.0,32.0,40.0,22.33333,6.33333,3.0,8.66667,23.33333,115.66667,240.0,46.0,92.0,0.50133,16.0,39.0,0.40733,24.0,30.33333,0.793,13.66667,40.0,53.66667,26.0,4.33333,5.0,10.0,16.33333,132.0,1,0.19541,-0.19541,0.43095,0.20185,0.58888,0.52042,0.67079,0.60006,1566.58226,1458.9297,0.39554,0.60446,3.18992,1.788,1.0,2.45333,2.58,5.8,1.24
240.0,45.66667,88.0,0.51967,14.66667,32.66667,0.44867,15.0,20.0,0.748,7.0,35.0,42.0,22.0,7.0,6.0,9.33333,18.66667,121.0,240.0,37.66667,88.33333,0.42667,12.66667,36.66667,0.34933,19.0,24.33333,0.77967,12.33333,33.33333,45.66667,20.0,5.66667,3.33333,9.66667,19.0,107.0,1,-0.17085,0.17085,0.36386,0.21159,0.49832,0.60328,0.57118,0.65526,1556.40127,1558.17334,0.4864,0.5136,2.36843,2.3838,0.33333,240.0,38.0,78.33333,0.49567,15.0,32.66667,0.46233,20.0,26.0,0.77267,5.0,32.66667,37.66667,24.0,8.66667,7.0,15.66667,22.33333,111.0,240.0,41.0,94.0,0.437,12.66667,38.33333,0.33067,23.0,27.33333,0.84633,13.66667,34.0,47.66667,22.0,9.0,5.0,12.0,21.0,117.66667,1,0.09125,-0.09125,0.41934,0.14317,0.50451,0.59335,0.58926,0.67296,1619.69467,1545.43504,0.40964,0.59036,2.47537,1.70535,0.66667,1.72,3.54667,2.20333,1.87667
240.0,41.66667,88.33333,0.47233,18.33333,47.66667,0.38467,11.33333,15.0,0.75967,5.66667,39.66667,45.33333,28.33333,8.66667,8.33333,16.33333,21.0,113.0,240.0,36.66667,92.0,0.39833,8.66667,32.33333,0.27133,19.0,25.33333,0.745,12.33333,38.66667,51.0,22.66667,8.33333,3.33333,15.33333,11.66667,101.0,0,-0.16549,0.16549,0.32044,0.14522,0.44505,0.57633,0.51676,0.6176,1438.08185,1507.34961,0.57795,0.42205,1.78964,2.59327,0.33333,248.33333,38.66667,81.66667,0.477,13.0,32.0,0.40467,20.0,25.0,0.80667,5.33333,32.66667,38.0,25.0,7.66667,4.33333,13.0,24.33333,110.33333,248.33333,42.66667,86.66667,0.49167,10.66667,26.0,0.404,20.0,27.33333,0.72,12.0,33.0,45.0,27.66667,8.0,3.66667,14.0,19.33333,116.0,0,0.07116,-0.07116,0.37136,0.16058,0.55393,0.55654,0.62658,0.63637,1555.80343,1500.83812,0.44805,0.55195,2.99111,2.03214,1.0,1.82,2.58,2.88333,1.99667
240.0,38.66667,88.66667,0.43633,10.0,35.0,0.27867,15.0,20.66667,0.72233,12.66667,33.0,45.66667,24.66667,8.66667,6.0,14.66667,18.66667,102.33333,240.0,40.33333,86.66667,0.469,12.0,33.0,0.36367,15.0,18.66667,0.818,10.0,33.66667,43.66667,22.66667,9.33333,4.0,13.66667,19.33333,107.66667,1,0.07255,-0.07255,0.30688,0.37671,0.53896,0.49332,0.59769,0.54959,1478.8836,1525.27455,0.57467,0.42533,1.76415,2.42505,0.66667,240.0,42.33333,90.0,0.473,11.0,29.66667,0.35967,17.33333,22.33333,0.78933,10.0,32.0,42.0,24.0,7.33333,4.66667,10.33333,21.33333,113.0,240.0,43.33333,88.33333,0.49067,14.33333,39.33333,0.36533,19.0,22.66667,0.84633,10.66667,33.33333,44.0,29.33333,7.0,3.0,12.66667,20.0,120.0,1,0.08992,-0.08992,0.34986,0.29434,0.57248,0.53595,0.64371,0.60019,1529.62303,1552.52721,0.54305,0.45695,1.88914,2.28034,1.0,1.68333,3.18667,2.00333,2.01333
240.0,48.33333,96.66667,0.5,13.33333,30.33333,0.44367,15.66667,19.66667,0.78933,11.33333,35.0,46.33333,31.33333,7.66667,7.33333,13.66667,19.0,125.66667,240.0,45.0,97.66667,0.45633,11.33333,33.0,0.35267,21.66667,27.66667,0.784,13.33333,34.0,47.33333,30.66667,8.66667,4.33333,12.66667,14.66667,123.0,0,-0.04679,0.04679,0.37605,0.33274,0.51466,0.56915,0.5899,0.62155,1412.36191,1468.48113,0.57578,0.42422,1.77347,2.4674,0.33333,240.0,43.0,95.0,0.451,12.66667,36.0,0.36933,20.0,23.33333,0.85567,10.33333,33.33333,43.66667,25.66667,6.66667,4.66667,15.0,17.66667,118.66667,240.0,49.33333,94.33333,0.519,8.66667,26.0,0.33733,22.33333,27.33333,0.81333,10.33333,37.66667,48.0,31.66667,7.66667,5.33333,13.33333,19.33333,129.66667,0,0.128,-0.128,0.30905,0.27752,0.5646,0.51755,0.64337,0.59102,1452.27862,1410.85691,0.45532,0.54468,2.30044,1.88616,1.0,1.78,3.09333,3.65,1.36667
240.0,41.0,90.33333,0.454,11.0,31.33333,0.35333,18.0,24.33333,0.711,9.66667,35.66667,45.33333,24.66667,7.0,4.0,12.0,17.0,111.0,240.0,40.0,85.0,0.47033,10.0,31.66667,0.319,16.33333,20.33333,0.801,7.33333,35.33333,42.66667,25.33333,6.66667,5.0,14.0,20.33333,106.33333,0,-0.06073,0.06073,0.20814,0.28253,0.52937,0.51476,0.59413,0.58051,1497.94233,1556.36591,0.57446,0.42554,1.75617,2.38373,0.33333,240.0,39.0,81.66667,0.47767,13.33333,34.66667,0.386,16.0,19.66667,0.81667,5.0,31.66667,36.66667,23.0,5.66667,4.0,13.0,20.0,107.33333,240.0,44.0,89.33333,0.49267,14.0,35.33333,0.39267,20.33333,23.33333,0.86067,8.33333,35.33333,43.66667,25.0,5.33333,4.33333,9.0,16.0,122.33333,0,0.19101,-0.19101,0.26607,0.13712,0.57098,0.55955,0.64742,0.62452,1643.05414,1607.17079,0.47805,0.52195,2.16474,1.98857,1.0,2.05667,3.45,2.58333,1.59
240.0,39.33333,95.0,0.414,7.33333,27.33333,0.27033,19.33333,23.0,0.84233,10.66667,33.66667,44.33333,20.0,5.66667,4.33333,8.0,19.66667,105.33333,240.0,42.66667,87.33333,0.493,12.66667,32.33333,0.394,20.0,25.0,0.82467,10.33333,41.0,51.33333,26.66667,4.33333,7.33333,9.66667,17.66667,118.0,0,0.1605,-0.1605,0.30287,0.26413,0.5659,0.45225,0.63962,0.52575,1566.86047,1482.67497,0.39801,0.60199,2.51516,1.66195,1.0,240.0,38.66667,93.33333,0.41433,13.0,40.33333,0.323,16.33333,20.0,0.80167,13.33333,28.66667,42.0,25.66667,8.0,4.33333,10.66667,17.33333,106.66667,240.0,44.33333,87.66667,0.50433,12.66667,33.0,0.38367,17.33333,23.0,0.8,10.33333,36.66667,47.0,28.33333,7.0,6.66667,13.66667,16.33333,118.66667,0,0.14834,-0.14834,0.40476,0.36449,0.57666,0.48406,0.63982,0.54638,1542.16243,1467.81379,0.41478,0.58522,2.53493,1.76637,1.0,2.83333,1.47333,2.65,1.75333
240.0,45.0,87.0,0.52333,17.0,37.66667,0.45467,12.0,16.66667,0.72433,7.0,33.0,40.0,27.33333,8.66667,4.0,11.66667,19.33333,119.0,240.0,44.0,86.66667,0.50767,14.0,35.66667,0.39033,14.66667,21.0,0.694,5.0,32.66667,37.66667,28.66667,5.33333,4.0,12.66667,19.0,116.66667,0,-0.02731,0.02731,0.15521,0.21566,0.58818,0.61984,0.6389,0.66083,1503.72124,1512.40223,0.50783,0.49217,2.08631,2.19781,0.33333,240.0,42.33333,95.33333,0.444,19.0,44.0,0.418,10.66667,15.33333,0.70567,8.66667,33.66667,42.33333,26.33333,8.0,3.33333,13.0,19.66667,114.33333,240.0,46.66667,94.0,0.49933,13.33333,38.0,0.342,19.0,24.66667,0.773,11.66667,43.0,54.66667,25.0,7.33333,3.0,12.33333,14.66667,125.66667,0,0.14019,-0.14019,0.33684,0.20056,0.57088,0.54318,0.63529,0.57864,1610.52038,1370.53108,0.22314,0.77686,5.48308,1.31665,1.0,2.00667,2.02,9.53333,1.21
240.0,46.33333,92.66667,0.49867,12.0,36.0,0.336,21.66667,28.66667,0.75833,9.33333,32.66667,42.0,24.66667,8.0,5.66667,10.0,13.0,126.33333,240.0,50.33333,97.0,0.52267,17.33333,34.66667,0.504,14.33333,18.33333,0.78233,9.66667,34.0,43.66667,28.0,6.66667,5.0,11.66667,19.33333,132.33333,1,0.06829,-0.06829,0.29897,0.28121,0.61129,0.56367,0.65807,0.63741,1486.7417,1602.71803,0.68057,0.31943,1.47021,3.13892,0.66667,240.0,41.0,83.33333,0.491,13.0,36.66667,0.336,16.0,22.66667,0.713,9.66667,28.66667,38.33333,24.33333,7.0,3.0,13.66667,19.66667,111.0,240.0,41.33333,84.0,0.492,14.66667,36.0,0.40533,16.0,19.66667,0.85033,10.33333,30.66667,41.0,27.66667,7.66667,3.33333,15.0,18.0,113.33333,1,0.03878,-0.03878,0.39394,0.31581,0.57944,0.56759,0.64128,0.62662,1505.55118,1504.08301,0.5048,0.4952,2.21079,2.20063,0.66667,1.29333,3.91667,2.58667,1.66667
240.0,41.33333,86.33333,0.477,10.0,28.66667,0.339,15.0,18.66667,0.791,8.0,29.33333,37.33333,23.0,9.0,4.0,10.66667,17.0,107.66667,240.0,40.0,85.66667,0.468,14.66667,40.33333,0.36333,13.33333,15.0,0.90533,11.33333,32.0,43.33333,27.33333,6.0,5.66667,15.0,15.33333,108.0,1,0.02464,-0.02464,0.41616,0.26822,0.55318,0.53362,0.60787,0.59169,1429.03845,1619.38959,0.74563,0.25437,1.35792,4.54945,0.66667,240.0,39.0,92.66667,0.42267,13.0,40.66667,0.31833,19.0,22.0,0.86133,8.66667,33.33333,42.0,26.33333,7.0,4.0,14.0,18.33333,110.0,240.0,46.33333,91.0,0.50867,10.33333,28.0,0.36767,22.66667,28.0,0.80567,9.66667,41.0,50.66667,26.33333,6.66667,6.0,13.0,19.66667,125.66667,1,0.18701,-0.18701,0.28754,0.21085,0.56479,0.4923,0.64607,0.56534,1455.62092,1411.70713,0.45999,0.54001,2.28538,1.90995,1.0,1.53333,4.7,3.55,1.39667
240.0,45.33333,97.66667,0.46367,8.66667,25.33333,0.32933,14.0,16.66667,0.83667,10.0,34.33333,44.33333,24.66667,7.66667,6.0,10.33333,24.0,113.33333,240.0,42.66667,92.66667,0.46233,11.66667,36.0,0.323,24.0,28.66667,0.83833,11.33333,40.33333,51.66667,21.66667,5.33333,5.33333,12.0,18.33333,121.0,0,0.09976,-0.09976,0.32779,0.25548,0.52499,0.50705,0.61269,0.55849,1550.2063,1446.6717,0.36598,0.63402,2.74075,1.57896,1.0,240.0,36.66667,81.0,0.45333,10.33333,30.66667,0.338,22.33333,28.33333,0.764,9.66667,35.33333,45.0,22.0,4.33333,5.0,15.0,21.66667,106.0,240.0,43.66667,90.33333,0.48333,14.66667,34.66667,0.41533,20.66667,24.33333,0.85233,9.33333,34.33333,43.66667,30.66667,9.33333,5.66667,9.66667,23.33333,122.66667,0,0.21422,-0.21422,0.26522,0.28158,0.56374,0.51696,0.64114,0.60873,1620.68352,1329.6181,0.16667,0.83333,6.35905,1.20333,1.0,3.11667,1.47333,6.06667,1.21333
240.0,48.66667,92.33333,0.52733,14.66667,35.0,0.41933,14.33333,15.33333,0.95167,7.66667,36.0,43.66667,31.33333,7.0,4.0,9.33333,16.0,126.33333,240.0,45.33333,93.66667,0.48267,7.33333,30.0,0.24033,17.33333,21.0,0.82067,10.0,32.33333,42.33333,28.66667,6.0,2.66667,11.33333,15.0,115.33333,0,-0.13123,0.13123,0.28816,0.23529,0.52149,0.60845,0.58596,0.66335,1494.7503,1638.74829,0.69196,0.30804,1.44701,3.26656,0.33333,248.33333,38.0,85.0,0.44767,14.33333,35.0,0.405,16.66667,21.66667,0.771,7.33333,35.33333,42.66667,23.66667,7.66667,5.0,14.66667,21.66667,107.0,248.33333,42.0,90.33333,0.46467,9.66667,26.33333,0.36733,15.66667,22.0,0.71333,11.66667,36.0,47.66667,28.66667,9.33333,5.0,13.33333,18.33333,109.33333,0,0.03165,-0.03165,0.32755,0.20688,0.51819,0.53206,0.57418,0.59595,1558.69336,1466.68491,0.38686,0.61314,3.19977,1.71793,1.0,1.49,3.56667,3.43333,1.43333
240.0,40.66667,90.0,0.45267,14.66667,40.66667,0.36333,19.33333,23.33333,0.82567,13.0,37.33333,50.33333,21.66667,8.33333,2.33333,13.66667,17.0,115.33333,240.0,39.66667,87.33333,0.454,9.66667,30.33333,0.31633,14.66667,17.0,0.81933,8.0,33.66667,41.66667,21.0,8.0,3.0,12.33333,20.66667,103.66667,1,-0.16057,0.16057,0.21896,0.38556,0.5088,0.53446,0.56818,0.6073,1399.27896,1704.46953,0.83238,0.16762,1.21167,7.89584,0.33333,240.0,37.66667,96.33333,0.39133,11.66667,35.0,0.339,17.0,21.66667,0.76367,14.0,34.66667,48.66667,24.66667,7.0,6.0,9.33333,19.66667,104.0,240.0,40.66667,88.0,0.46133,9.66667,29.33333,0.328,16.66667,25.66667,0.668,10.66667,40.33333,51.0,23.66667,4.66667,8.33333,13.33333,17.33333,107.66667,1,0.04969,-0.04969,0.34491,0.34815,0.5168,0.45176,0.57516,0.51477,1540.35928,1445.4877,0.36958,0.63042,2.72912,1.59145,1.0,1.32333,6.51667,3.0,1.48
248.33333,39.33333,91.66667,0.43,11.66667,34.33333,0.33167,18.66667,23.66667,0.78867,14.0,33.33333,47.33333,23.66667,11.0,6.33333,14.0,21.66667,109.0,248.33333,39.66667,90.33333,0.44133,12.33333,35.0,0.35033,16.33333,20.66667,0.799,12.0,34.66667,46.66667,24.66667,8.66667,4.33333,17.0,21.0,108.0,1,-0.01329,0.01329,0.3696,0.40321,0.51038,0.49383,0.57247,0.56328,1520.06755,1531.38302,0.517,0.483,1.93528,2.07162,0.33333,240.0,42.0,90.66667,0.46567,16.0,40.33333,0.402,13.66667,18.0,0.754,9.0,30.0,39.0,24.33333,8.66667,4.0,10.0,16.33333,113.66667,240.0,41.0,86.33333,0.47467,16.0,41.33333,0.384,18.33333,21.66667,0.84567,10.33333,36.33333,46.66667,23.33333,6.66667,3.66667,12.33333,18.33333,116.33333,1,0.02616,-0.02616,0.34538,0.25382,0.56704,0.55403,0.63789,0.60358,1702.74275,1495.84681,0.26249,0.73751,5.72189,1.39593,0.66667,2.22667,2.09333,5.51667,1.49
240.0,42.0,88.66667,0.47233,12.33333,33.0,0.37167,16.0,19.33333,0.84533,9.66667,31.0,40.66667,21.0,5.66667,7.0,11.33333,17.66667,112.33333,240.0,47.66667,94.0,0.511,9.33333,26.0,0.36333,16.66667,20.0,0.82467,11.66667,33.33333,45.0,27.66667,7.33333,4.66667,11.33333,18.66667,121.33333,0,0.10921,-0.10921,0.35584,0.29398,0.56051,0.54125,0.61974,0.60349,1550.32247,1550.85097,0.51595,0.48405,2.00162,2.15564,0.66667,248.33333,38.66667,92.66667,0.41867,12.0,41.33333,0.29533,13.33333,17.0,0.8,10.33333,36.0,46.33333,21.33333,5.0,5.0,8.66667,16.66667,102.66667,248.33333,40.33333,87.0,0.46267,13.0,31.33333,0.41533,12.66667,16.33333,0.774,8.0,38.66667,46.66667,22.0,4.33333,5.66667,10.0,17.66667,106.33333,0,0.04955,-0.04955,0.22466,0.26217,0.53831,0.48345,0.58762,0.53355,1572.76009,1512.65656,0.41827,0.58173,2.46013,1.74175,0.66667,2.38667,2.06,4.16667,1.45
248.33333,35.0,86.0,0.40533,10.66667,30.33333,0.35033,19.0,20.66667,0.93767,8.66667,35.0,43.66667,19.33333,7.0,3.33333,10.0,19.66667,99.66667,248.33333,38.66667,85.33333,0.455,13.33333,30.0,0.455,11.33333,14.33333,0.763,8.33333,37.66667,46.0,27.66667,4.0,3.66667,14.0,17.33333,102.0,0,0.03482,-0.03482,0.23436,0.23084,0.53348,0.46691,0.57829,0.55014,1589.87527,1569.78163,0.4751,0.5249,2.14702,1.9311,0.66667,240.0,32.0,89.0,0.35933,12.66667,43.0,0.29733,17.33333,21.66667,0.77233,13.33333,33.0,46.33333,21.0,5.66667,4.33333,13.33333,18.33333,94.0,240.0,44.0,88.33333,0.49967,12.33333,28.0,0.43833,14.66667,19.33333,0.72967,9.0,40.0,49.0,26.33333,7.0,5.66667,10.33333,18.33333,115.0,0,0.28761,-0.28761,0.27054,0.33966,0.57042,0.42995,0.6221,0.50239,1566.19759,1386.52018,0.29653,0.70347,4.23887,1.5111,1.0,2.95,1.50333,4.8,1.30667
240.0,37.33333,88.33333,0.42,13.33333,37.66667,0.35467,15.0,19.66667,0.76,9.66667,33.66667,43.33333,21.66667,6.0,8.0,12.66667,20.33333,103.0,240.0,36.0,86.0,0.41933,8.66667,32.66667,0.28367,22.0,27.33333,0.807,12.66667,34.66667,47.33333,18.66667,7.33333,6.66667,11.0,19.33333,102.66667,0,0.00779,-0.00779,0.38743,0.27971,0.47126,0.4948,0.55978,0.5533,1509.95334,1529.60874,0.52252,0.47748,2.00439,2.26759,0.66667,240.0,34.33333,89.0,0.38767,11.33333,36.66667,0.31433,17.66667,24.66667,0.71733,13.66667,32.0,45.66667,19.66667,7.0,7.0,11.66667,15.0,97.66667,240.0,41.0,84.66667,0.48467,12.66667,32.66667,0.39333,16.0,20.33333,0.754,8.66667,37.66667,46.33333,26.33333,7.33333,8.0,10.66667,19.33333,110.66667,0,0.18069,-0.18069,0.28094,0.3569,0.55955,0.45174,0.62192,0.51968,1582.88131,1448.70201,0.34068,0.65932,3.39543,1.55687,1.0,4.83333,1.28,6.81667,1.15
240.0,40.33333,79.66667,0.515,14.66667,34.0,0.43367,24.33333,29.66667,0.81633,8.33333,32.66667,41.0,25.0,7.33333,5.33333,11.0,22.0,119.66667,240.0,42.0,92.33333,0.45633,16.0,41.33333,0.38667,17.0,20.0,0.84167,11.0,30.33333,41.33333,21.0,5.66667,3.0,11.33333,22.66667,117.0,1,-0.03467,0.03467,0.34922,0.25381,0.5427,0.60979,0.60582,0.70558,1546.16951,1575.87023,0.53945,0.46055,1.91966,2.25319,0.33333,240.0,42.0,85.66667,0.49333,11.66667,29.66667,0.36567,20.33333,24.33333,0.83133,9.66667,33.33333,43.0,19.33333,6.66667,5.33333,12.66667,25.0,116.0,240.0,43.0,91.0,0.475,16.33333,40.33333,0.40967,19.0,24.0,0.77233,10.0,32.33333,42.33333,24.0,7.0,4.33333,11.33333,21.0,121.33333,1,0.07246,-0.07246,0.31715,0.29379,0.56482,0.56335,0.63218,0.64174,1529.47602,1515.54243,0.49173,0.50827,2.10145,2.03854,0.66667,1.48333,2.93333,1.74333,2.49
240.0,39.66667,85.0,0.468,15.0,37.33333,0.403,18.33333,21.66667,0.85533,11.33333,27.0,38.33333,25.66667,5.0,3.33333,13.33333,18.33333,112.66667,240.0,45.66667,87.66667,0.519,14.66667,37.66667,0.395,18.0,21.66667,0.84267,11.33333,29.0,40.33333,29.66667,9.66667,5.66667,8.0,19.66667,124.0,1,0.12992,-0.12992,0.42273,0.39146,0.60259,0.5573,0.66921,0.62989,1521.23009,1550.1226,0.55233,0.44767,1.98979,2.59203,0.66667,240.0,37.66667,84.33333,0.44867,13.33333,34.66667,0.38533,15.66667,21.33333,0.79667,9.66667,30.66667,40.33333,22.66667,5.66667,4.66667,10.66667,20.33333,104.33333,240.0,38.33333,82.33333,0.46733,12.0,35.33333,0.34567,18.33333,22.0,0.83667,9.66667,33.66667,43.33333,23.0,5.33333,4.33333,13.33333,19.33333,107.0,1,0.03677,-0.03677,0.32891,0.2963,0.54095,0.52917,0.61621,0.59031,1644.37625,1557.96273,0.37622,0.62378,2.6633,1.60422,0.33333,2.03667,2.38333,3.73333,1.31667
240.0,44.66667,91.66667,0.496,11.33333,36.33333,0.322,14.33333,16.0,0.89233,10.0,29.33333,39.33333,23.33333,7.0,4.0,8.33333,16.66667,115.0,240.0,44.66667,88.66667,0.503,14.0,34.0,0.39967,12.33333,18.66667,0.65233,11.66667,31.0,42.66667,22.33333,3.0,6.0,12.66667,16.0,115.66667,1,0.00683,-0.00683,0.39732,0.32071,0.58296,0.55973,0.62388,0.61577,1369.45981,1650.00004,0.80311,0.19689,1.28795,7.58589,0.66667,240.0,40.66667,82.66667,0.49567,11.0,32.33333,0.337,19.33333,24.33333,0.81533,7.33333,35.0,42.33333,20.33333,5.33333,3.66667,10.66667,19.0,111.66667,240.0,41.33333,90.66667,0.455,17.33333,42.0,0.417,15.66667,19.66667,0.79067,11.0,30.0,41.0,22.33333,4.0,2.33333,8.0,20.66667,115.66667,1,0.04936,-0.04936,0.31799,0.25369,0.55121,0.56303,0.6084,0.63956,1557.75109,1536.24031,0.47633,0.52367,2.18169,1.98539,0.66667,1.42,3.28333,5.66667,1.54
240.0,41.66667,89.33333,0.467,14.33333,35.66667,0.395,15.66667,18.66667,0.84467,10.33333,33.0,43.33333,24.33333,6.0,3.0,10.0,18.33333,113.33333,240.0,41.66667,90.0,0.463,12.66667,41.66667,0.29733,16.66667,20.66667,0.81033,11.33333,34.33333,45.66667,21.66667,5.0,6.0,9.66667,17.66667,112.66667,0,-0.02254,0.02254,0.35744,0.30612,0.53266,0.54815,0.59584,0.6078,1513.68796,1617.46707,0.64785,0.35215,1.58246,3.21209,0.33333,240.0,41.66667,89.0,0.469,17.33333,37.66667,0.45933,21.0,23.33333,0.904,9.66667,32.0,41.66667,24.66667,5.66667,2.66667,10.66667,21.33333,121.66667,240.0,46.0,93.0,0.49667,16.66667,42.66667,0.39333,20.33333,24.66667,0.83067,12.33333,35.33333,47.66667,24.66667,5.33333,4.66667,9.66667,19.33333,129.0,0,0.08102,-0.08102,0.39055,0.27903,0.58696,0.56791,0.65765,0.64907,1572.85775,1506.68399,0.44293,0.55707,2.98487,1.97085,0.66667,2.71667,2.37667,5.63333,1.29667
240.0,42.33333,87.66667,0.48533,15.66667,35.0,0.44533,14.66667,18.0,0.81033,6.66667,30.33333,37.0,23.0,5.66667,3.66667,8.0,16.66667,115.0,240.0,41.0,88.66667,0.461,12.0,36.0,0.33733,14.33333,18.33333,0.71567,12.0,35.66667,47.66667,19.66667,3.66667,4.66667,9.66667,19.0,108.33333,0,-0.0872,0.0872,0.39727,0.17945,0.52888,0.57457,0.58381,0.62962,1644.58026,1573.44309,0.38937,0.61063,2.64795,1.6561,0.33333,240.0,39.0,81.0,0.49267,16.0,35.33333,0.454,21.0,26.33333,0.81067,6.0,32.66667,38.66667,24.66667,6.33333,5.66667,12.66667,20.66667,115.0,240.0,42.0,94.0,0.44767,12.33333,38.66667,0.31833,17.33333,21.33333,0.74367,12.66667,35.33333,48.0,22.0,8.0,5.0,11.0,21.66667,113.66667,0,-0.00834,0.00834,0.38485,0.16255,0.51347,0.59288,0.57669,0.6756,1616.78558,1577.83558,0.44614,0.55386,2.25053,1.80989,0.33333,2.01667,1.82333,2.00333,1.96667
240.0,39.66667,86.0,0.46,9.66667,30.0,0.32067,18.33333,26.33333,0.671,9.66667,30.33333,40.0,24.66667,9.66667,4.33333,12.0,16.33333,107.33333,240.0,41.0,84.33333,0.48533,9.0,28.66667,0.318,13.0,17.33333,0.76133,10.66667,33.0,43.66667,26.0,7.0,5.66667,16.0,20.33333,104.0,1,-0.03813,0.03813,0.38875,0.30234,0.53897,0.51567,0.58953,0.58369,1531.18115,1561.54978,0.53731,0.46269,1.94566,2.26132,0.33333,240.0,38.33333,80.33333,0.47633,11.0,30.33333,0.356,16.33333,23.0,0.72267,5.66667,30.0,35.66667,22.0,6.33333,4.0,13.33333,20.33333,104.0,240.0,41.33333,88.66667,0.466,13.33333,33.66667,0.38867,19.0,21.0,0.89267,11.0,33.66667,44.66667,24.0,5.33333,3.33333,10.0,18.0,115.0,1,0.14518,-0.14518,0.40272,0.17058,0.54081,0.54464,0.61479,0.60859,1641.37727,1564.25524,0.40498,0.59502,2.47157,1.68134,1.0,1.55667,3.58667,2.51667,1.62
248.33333,41.0,93.0,0.447,18.33333,44.33333,0.41033,11.33333,15.66667,0.72967,9.0,33.66667,42.66667,26.33333,9.0,3.66667,12.66667,20.0,111.66667,248.33333,42.66667,89.33333,0.47933,9.66667,33.66667,0.282,17.66667,26.33333,0.68033,9.0,39.33333,48.33333,24.66667,6.33333,2.66667,14.66667,18.0,112.66667,0,0.01238,-0.01238,0.25638,0.22832,0.53436,0.54427,0.595,0.58321,1530.71813,1515.4095,0.47775,0.52225,2.25781,2.10747,0.66667,248.33333,38.33333,96.33333,0.39867,17.33333,43.0,0.394,11.66667,15.66667,0.74633,10.33333,36.66667,47.0,21.66667,7.33333,2.66667,13.33333,20.33333,105.66667,248.33333,43.66667,94.33333,0.46633,8.66667,33.0,0.258,19.0,28.0,0.685,12.33333,46.0,58.33333,21.33333,8.33333,1.66667,12.33333,16.0,115.0,0,0.12101,-0.12101,0.3206,0.22386,0.51312,0.48799,0.57636,0.52973,1605.38231,1443.50287,0.30299,0.69701,3.92873,1.46487,1.0,2.36333,1.83667,5.5,1.35333
240.0,45.0,91.0,0.493,12.0,34.33333,0.35067,20.33333,27.0,0.75667,10.0,39.0,49.0,24.33333,8.0,4.33333,12.66667,15.0,122.33333,240.0,42.33333,94.0,0.44933,14.66667,35.66667,0.40233,12.33333,15.66667,0.79433,9.0,33.33333,42.33333,25.33333,7.66667,5.33333,12.66667,22.66667,111.66667,1,-0.14901,0.14901,0.23543,0.30438,0.5257,0.55935,0.57068,0.6297,1487.3109,1611.80899,0.66497,0.33503,1.50426,2.98837,0.33333,240.0,40.0,84.0,0.47567,10.0,32.66667,0.30367,16.33333,22.66667,0.73167,9.0,33.0,42.0,24.0,7.0,2.33333,14.33333,20.33333,106.33333,240.0,39.0,84.33333,0.46267,11.66667,33.0,0.35267,14.0,17.0,0.86233,10.0,32.0,42.0,24.0,7.66667,4.66667,16.0,21.0,103.66667,1,-0.04767,0.04767,0.36246,0.28202,0.5321,0.53459,0.58811,0.59651,1504.55735,1529.95394,0.53828,0.46172,2.11828,2.41719,0.66667,1.45,3.43333,2.55,1.71333
240.0,41.66667,84.0,0.495,10.66667,28.0,0.36767,12.66667,18.0,0.70467,6.66667,32.0,38.66667,24.66667,8.0,3.66667,12.66667,20.0,106.66667,240.0,38.66667,86.66667,0.44933,11.66667,37.0,0.31367,15.0,17.33333,0.89933,11.66667,32.66667,44.33333,24.0,5.66667,5.0,13.33333,16.0,104.0,0,-0.01755,0.01755,0.40354,0.21053,0.51801,0.55769,0.57932,0.60475,1476.26207,1623.70678,0.70488,0.29512,1.42204,3.4311,0.66667,240.0,43.0,93.66667,0.46333,15.33333,39.66667,0.39733,17.66667,21.66667,0.808,8.66667,35.66667,44.33333,28.66667,8.0,4.66667,13.33333,19.66667,119.0,240.0,45.33333,93.33333,0.487,10.66667,31.33333,0.35067,18.66667,24.0,0.77967,10.0,38.66667,48.66667,24.66667,5.33333,5.0,12.33333,19.33333,120.0,0,0.0035,-0.0035,0.27792,0.22752,0.54396,0.54566,0.60931,0.60857,1451.21929,1516.68919,0.5958,0.4042,1.72973,2.68603,0.66667,1.66,2.5,2.4,1.96
240.0,44.66667,93.66667,0.47933,7.0,23.33333,0.296,15.0,18.0,0.83067,9.66667,34.33333,44.0,24.0,6.33333,4.66667,12.33333,25.0,111.33333,240.0,42.66667,91.66667,0.46767,11.66667,36.66667,0.31633,24.0,31.0,0.77567,11.33333,35.33333,46.66667,23.0,7.33333,5.0,11.66667,18.66667,121.0,0,0.12361,-0.12361,0.32779,0.27841,0.5307,0.51614,0.61567,0.57211,1571.86853,1449.34808,0.34399,0.65601,2.96007,1.53151,1.0,240.0,39.33333,82.33333,0.47633,9.33333,26.0,0.36333,22.66667,28.0,0.80133,8.66667,35.33333,44.0,23.33333,4.0,4.0,14.66667,21.33333,110.66667,240.0,45.33333,93.33333,0.48567,15.0,35.33333,0.41967,19.33333,25.0,0.79433,10.66667,31.66667,42.33333,32.33333,9.0,6.0,10.0,23.33333,125.0,0,0.1812,-0.1812,0.30444,0.27276,0.56598,0.53319,0.63238,0.62609,1618.44065,1345.98747,0.186,0.814,6.06123,1.23834,1.0,3.15,1.47,5.73333,1.24
240.0,46.66667,93.33333,0.49667,13.0,32.33333,0.40167,13.0,14.66667,0.911,8.33333,35.0,43.33333,30.66667,8.33333,4.0,11.66667,17.33333,119.33333,240.0,42.33333,90.66667,0.465,6.0,26.0,0.232,20.33333,24.33333,0.82633,11.0,35.0,46.0,24.0,6.66667,3.66667,15.33333,14.66667,111.0,1,-0.08937,0.08937,0.34001,0.23794,0.49813,0.56633,0.57758,0.61573,1510.79227,1638.22127,0.67379,0.32621,1.49253,3.13139,0.33333,240.0,38.33333,83.33333,0.45967,14.66667,35.0,0.41633,14.33333,20.0,0.726,8.33333,32.33333,40.66667,25.33333,7.66667,6.0,17.33333,22.66667,105.66667,240.0,42.33333,89.33333,0.47333,8.0,26.33333,0.30767,19.33333,25.66667,0.73933,12.0,35.0,47.0,24.66667,11.0,4.66667,14.0,19.0,112.0,1,0.08814,-0.08814,0.38311,0.23822,0.518,0.54727,0.58971,0.60091,1565.13693,1486.90143,0.41486,0.58514,3.11095,1.866,1.0,2.10333,3.15333,3.81667,1.32333
240.0,40.33333,86.66667,0.467,16.66667,40.33333,0.41233,19.66667,24.33333,0.80567,11.0,37.66667,48.66667,22.66667,7.33333,4.33333,13.33333,16.33333,117.0,240.0,40.33333,91.33333,0.442,9.33333,30.0,0.311,11.0,13.33333,0.79833,10.33333,34.33333,44.66667,20.0,7.66667,2.66667,12.0,21.33333,101.0,1,-0.21433,0.21433,0.28139,0.31877,0.49198,0.56417,0.53553,0.63846,1400.86053,1707.94209,0.83157,0.16843,1.21315,7.88396,0.0,240.0,37.0,91.33333,0.41,12.33333,35.66667,0.348,21.33333,26.0,0.821,12.0,39.33333,51.33333,19.33333,5.33333,5.33333,10.33333,20.33333,107.66667,240.0,40.0,91.33333,0.438,10.33333,32.0,0.32267,15.66667,24.33333,0.676,12.0,39.66667,51.66667,21.33333,6.33333,5.66667,10.33333,20.33333,106.0,1,-0.01734,0.01734,0.31124,0.29641,0.49476,0.48012,0.54887,0.5617,1535.07982,1540.84477,0.49967,0.50033,2.22245,2.35311,0.66667,1.21333,6.78333,2.19,2.0
248.33333,41.66667,96.66667,0.431,9.33333,26.66667,0.33967,17.33333,22.0,0.783,14.66667,28.0,42.66667,21.66667,12.66667,5.33333,11.33333,22.33333,110.0,248.33333,39.0,86.0,0.45367,13.0,40.0,0.331,20.33333,23.66667,0.856,11.66667,36.33333,48.0,25.33333,6.33333,7.33333,18.0,21.0,111.33333,0,0.01993,-0.01993,0.42027,0.40214,0.5296,0.47903,0.61211,0.54145,1592.23447,1535.12967,0.43147,0.56853,2.53336,1.82323,0.33333,240.0,42.66667,96.33333,0.443,12.66667,34.33333,0.36967,13.0,18.33333,0.70867,11.33333,29.0,40.33333,20.0,10.0,4.66667,7.33333,18.66667,111.0,240.0,38.0,83.66667,0.45367,13.0,41.66667,0.31667,21.33333,25.0,0.84867,11.33333,39.33333,50.66667,21.0,4.66667,6.33333,13.66667,18.66667,110.33333,0,-0.01416,0.01416,0.39578,0.29073,0.53128,0.50887,0.61869,0.55317,1703.75636,1465.82607,0.22079,0.77921,6.11032,1.30118,0.33333,3.15,1.45,6.03333,1.39333
240.0,40.33333,89.33333,0.449,13.0,38.33333,0.34367,14.66667,17.33333,0.856,7.66667,31.33333,39.0,20.33333,6.33333,8.33333,10.33333,17.0,108.33333,240.0,44.0,91.66667,0.48367,10.0,27.66667,0.36567,15.0,19.0,0.789,10.0,36.33333,46.33333,23.66667,7.33333,3.33333,12.0,18.33333,113.0,1,0.06181,-0.06181,0.30317,0.21776,0.53783,0.52141,0.5929,0.57947,1537.31716,1561.72365,0.5414,0.4586,1.87671,2.24108,0.66667,240.0,36.0,86.66667,0.41433,11.66667,39.66667,0.298,13.33333,16.33333,0.82267,7.33333,35.66667,43.0,17.66667,5.0,8.33333,10.33333,17.66667,97.0,240.0,37.33333,89.0,0.42,11.66667,30.0,0.39267,14.33333,19.0,0.75367,10.0,38.0,48.0,17.33333,6.0,4.0,10.33333,17.66667,100.66667,1,0.05628,-0.05628,0.28366,0.19468,0.48649,0.48158,0.54214,0.5368,1573.906,1552.52486,0.47265,0.52735,2.12247,1.90077,0.66667,1.85333,2.20667,3.88333,1.55667
240.0,42.33333,87.0,0.48833,12.0,32.0,0.37033,16.66667,24.66667,0.68233,9.0,34.0,43.0,24.0,7.33333,4.0,12.66667,24.33333,113.33333,240.0,39.66667,88.33333,0.45233,10.0,31.33333,0.325,21.0,26.0,0.84867,13.66667,34.66667,48.33333,22.66667,6.0,7.0,13.33333,20.0,110.33333,1,-0.0289,0.0289,0.44613,0.25758,0.50987,0.55649,0.59001,0.61444,1468.20681,1626.7985,0.71751,0.28249,1.39874,3.61405,0.66667,240.0,31.33333,84.66667,0.37167,12.0,40.66667,0.29867,20.33333,24.33333,0.82533,10.0,32.33333,42.33333,21.0,7.0,3.0,11.66667,19.66667,95.0,240.0,42.33333,84.33333,0.50067,12.66667,29.0,0.437,16.66667,20.66667,0.76167,8.0,40.66667,48.66667,28.0,5.33333,5.0,11.33333,20.33333,114.0,1,0.25974,-0.25974,0.24716,0.2468,0.57704,0.44122,0.64099,0.52901,1574.4377,1472.47585,0.39933,0.60067,3.13736,1.76249,1.0,1.58667,2.96667,3.03333,1.45333
240.0,35.0,87.33333,0.4,11.33333,35.0,0.32933,16.33333,21.33333,0.76167,11.66667,31.33333,43.0,20.33333,6.66667,7.33333,13.0,19.0,97.66667,240.0,38.33333,83.66667,0.45667,12.66667,33.0,0.38767,20.66667,23.33333,0.88033,10.0,35.66667,45.66667,21.66667,7.0,6.66667,11.66667,20.66667,110.0,0,0.16339,-0.16339,0.33981,0.32999,0.53209,0.46486,0.61751,0.52992,1587.27277,1527.147,0.43237,0.56763,2.31364,1.76205,1.0,240.0,36.0,87.0,0.41333,11.66667,34.33333,0.34267,19.66667,26.66667,0.743,12.33333,30.33333,42.66667,19.33333,8.0,7.0,13.66667,17.33333,103.33333,240.0,42.66667,85.0,0.502,13.66667,34.0,0.405,20.0,22.66667,0.87233,10.0,34.33333,44.33333,28.0,7.66667,7.66667,12.33333,21.66667,119.0,0,0.20103,-0.20103,0.34299,0.36002,0.58208,0.48043,0.6615,0.55606,1590.22229,1457.52168,0.34894,0.65106,3.34598,1.58054,1.0,5.56667,1.18667,6.4,1.17333
240.0,42.66667,85.33333,0.50067,14.66667,32.66667,0.45933,25.0,28.66667,0.866,10.66667,30.66667,41.33333,25.66667,6.66667,6.66667,8.33333,23.33333,125.0,240.0,40.33333,89.66667,0.45067,16.0,41.0,0.38967,22.66667,26.33333,0.839,11.33333,30.33333,41.66667,22.0,5.66667,4.0,10.66667,22.0,119.33333,0,-0.06511,0.06511,0.38402,0.35525,0.53977,0.58721,0.6267,0.68348,1512.08705,1588.67245,0.60433,0.39567,1.65494,2.5281,0.33333,248.33333,36.33333,92.33333,0.39433,16.66667,42.33333,0.37833,15.0,20.66667,0.74167,10.0,31.66667,41.66667,22.33333,7.33333,2.66667,13.0,18.0,104.33333,248.33333,44.66667,92.0,0.48733,13.33333,39.66667,0.31567,18.33333,25.66667,0.738,13.66667,44.0,57.66667,27.33333,7.66667,3.0,14.33333,19.33333,121.0,0,0.21075,-0.21075,0.44494,0.2264,0.56013,0.48237,0.62227,0.53905,1610.24099,1511.64846,0.37697,0.62303,2.65278,1.60506,1.0,1.36,3.61667,2.76667,1.49667
240.0,43.33333,83.0,0.523,17.0,36.0,0.474,16.66667,23.33333,0.72033,8.33333,29.66667,38.0,26.33333,5.0,4.0,13.0,19.66667,120.33333,240.0,43.66667,86.0,0.50667,13.66667,37.66667,0.36467,19.0,23.0,0.83,11.0,27.66667,38.66667,26.66667,8.33333,4.66667,9.0,21.66667,120.0,1,-0.01163,0.01163,0.37122,0.30845,0.58598,0.62613,0.65776,0.68437,1553.94322,1555.45044,0.49367,0.50633,2.2687,2.37976,0.33333,240.0,42.66667,82.66667,0.51733,16.0,34.0,0.469,14.0,19.66667,0.77033,7.33333,33.0,40.33333,24.0,5.66667,4.0,11.0,19.0,115.33333,240.0,39.66667,84.66667,0.46867,12.0,36.0,0.33733,16.66667,20.0,0.84167,9.66667,30.66667,40.33333,23.0,6.33333,3.66667,10.33333,18.33333,108.0,1,-0.09585,0.09585,0.29848,0.24672,0.53968,0.61528,0.60659,0.66505,1641.53491,1563.09453,0.3725,0.6275,2.68843,1.59441,0.0,2.68667,2.04,3.53333,1.33667
240.0,42.0,86.33333,0.495,12.0,35.66667,0.34867,16.0,19.33333,0.83467,10.66667,34.66667,45.33333,19.0,6.33333,4.33333,7.66667,20.0,112.0,240.0,39.66667,89.66667,0.44067,11.0,31.66667,0.32933,11.66667,18.66667,0.622,12.33333,30.33333,42.66667,17.33333,2.66667,5.0,10.33333,16.0,102.0,1,-0.15094,0.15094,0.37784,0.34677,0.503,0.56704,0.54391,0.63088,1450.62719,1651.01946,0.71462,0.28538,1.44691,5.42875,0.33333,240.0,41.0,79.33333,0.518,13.0,34.0,0.385,16.33333,20.0,0.823,6.66667,38.66667,45.33333,19.66667,6.0,5.0,10.33333,21.33333,111.33333,240.0,36.0,88.33333,0.40767,14.0,37.0,0.36167,15.0,20.33333,0.736,11.33333,27.33333,38.66667,19.66667,3.66667,2.0,8.0,18.33333,101.0,1,-0.15477,0.15477,0.30284,0.25645,0.48744,0.6,0.54475,0.66669,1552.98693,1591.58393,0.53841,0.46159,1.95545,2.28048,0.33333,1.51667,2.91667,4.59,1.93667
240.0,38.33333,92.0,0.41767,15.66667,39.66667,0.39967,18.0,21.33333,0.85533,12.0,30.66667,42.66667,21.33333,5.66667,3.66667,8.66667,18.66667,110.33333,240.0,44.33333,90.33333,0.493,14.66667,40.33333,0.36467,17.33333,21.33333,0.81733,9.66667,37.0,46.66667,22.66667,5.0,5.66667,8.66667,20.33333,120.66667,1,0.13355,-0.13355,0.32284,0.32903,0.57454,0.50444,0.63776,0.57341,1583.78814,1608.16266,0.56757,0.43243,1.76308,2.31532,0.66667,240.0,38.33333,92.0,0.41767,15.66667,39.66667,0.39967,18.0,21.33333,0.85533,12.0,30.66667,42.66667,21.33333,5.66667,3.66667,8.66667,18.66667,110.33333,240.0,44.33333,90.33333,0.493,14.66667,40.33333,0.36467,17.33333,21.33333,0.81733,9.66667,37.0,46.66667,22.66667,5.0,5.66667,8.66667,20.33333,120.66667,1,0.13355,-0.13355,0.32284,0.32903,0.57454,0.50444,0.63776,0.57341,1583.78814,1608.16266,0.56757,0.43243,1.76308,2.31532,0.66667,3.21667,1.44333,3.21667,1.44333
240.0,40.66667,81.66667,0.49833,16.66667,35.33333,0.47167,18.33333,21.66667,0.84867,7.0,30.33333,37.33333,22.33333,4.33333,4.0,13.33333,19.66667,116.33333,240.0,44.66667,89.0,0.502,12.0,32.0,0.38033,17.0,21.33333,0.72833,10.33333,31.33333,41.66667,24.33333,6.33333,4.33333,10.33333,20.0,118.33333,0,0.02325,-0.02325,0.34171,0.23384,0.56965,0.60059,0.63194,0.67439,1616.64321,1577.17695,0.44983,0.55017,2.23634,1.82442,0.66667,240.0,39.66667,76.66667,0.52433,17.0,34.66667,0.492,22.66667,26.66667,0.862,7.33333,30.66667,38.0,23.66667,5.33333,4.66667,14.66667,21.66667,119.0,240.0,45.0,90.33333,0.499,12.33333,35.0,0.35867,16.33333,20.33333,0.73767,10.33333,28.33333,38.66667,24.0,7.66667,3.66667,10.66667,22.0,118.66667,0,-0.00449,0.00449,0.33856,0.25241,0.56726,0.63613,0.62643,0.72925,1612.75903,1576.92881,0.45104,0.54896,2.229,1.82783,0.33333,2.06667,1.79,1.90333,2.01667
240.0,38.0,84.0,0.451,9.33333,31.33333,0.29533,17.66667,24.66667,0.69267,8.66667,29.33333,38.0,24.33333,11.0,5.33333,10.0,19.0,103.0,240.0,36.66667,78.33333,0.468,8.66667,26.33333,0.32967,17.66667,21.0,0.82667,9.33333,32.33333,41.66667,23.66667,5.0,4.0,16.0,20.33333,99.66667,0,-0.04164,0.04164,0.35333,0.27467,0.52354,0.50627,0.60291,0.57644,1589.47323,1564.09009,0.45707,0.54293,2.28142,1.91557,0.33333,240.0,37.66667,79.0,0.47567,10.66667,30.66667,0.34233,19.33333,25.66667,0.752,6.33333,28.66667,35.0,22.0,8.66667,4.66667,11.33333,19.66667,105.33333,240.0,38.0,81.66667,0.46533,10.0,28.66667,0.345,20.33333,22.66667,0.88367,10.0,30.0,40.0,22.33333,5.0,3.33333,12.66667,20.0,106.33333,0,0.01801,-0.01801,0.37906,0.21671,0.52611,0.54286,0.61506,0.62134,1639.13141,1564.22031,0.39242,0.60758,2.5495,1.64618,0.66667,1.72,2.87,2.01333,1.87667
240.0,42.33333,92.66667,0.45667,12.66667,38.33333,0.33167,17.66667,22.66667,0.787,11.66667,39.0,50.66667,22.66667,8.0,3.66667,12.33333,17.66667,115.0,240.0,39.0,87.66667,0.44433,11.33333,32.33333,0.35067,12.33333,15.33333,0.81333,7.66667,34.66667,42.33333,22.33333,7.66667,5.66667,14.33333,22.0,101.66667,0,-0.19099,0.19099,0.20291,0.34158,0.50904,0.52512,0.5575,0.58921,1493.24886,1622.58007,0.66489,0.33511,1.50444,2.98753,0.33333,240.0,36.66667,89.33333,0.40933,11.33333,34.66667,0.33167,18.66667,24.0,0.77833,13.0,29.33333,42.33333,20.0,6.33333,9.33333,12.66667,19.66667,103.33333,240.0,41.33333,85.33333,0.484,13.33333,34.66667,0.38367,23.0,25.33333,0.91067,11.0,34.0,45.0,25.0,6.66667,7.0,11.0,22.0,119.0,0,0.20103,-0.20103,0.37905,0.38433,0.5616,0.47274,0.65421,0.54538,1599.10369,1522.21752,0.41438,0.58562,2.42175,1.71049,1.0,1.55667,2.73333,5.9,1.18
240.0,42.0,90.66667,0.46467,4.33333,21.0,0.21133,16.0,21.66667,0.761,11.0,32.33333,43.33333,21.66667,4.0,5.0,14.33333,25.33333,104.33333,240.0,44.33333,92.33333,0.48267,11.33333,32.66667,0.35833,21.0,28.0,0.74167,11.66667,33.0,44.66667,24.33333,9.33333,8.0,10.66667,18.66667,121.0,0,0.21965,-0.21965,0.35585,0.32735,0.54343,0.4888,0.61562,0.54888,1596.33806,1449.21716,0.32044,0.67956,3.19882,1.48103,1.0,240.0,40.66667,85.33333,0.47767,6.66667,23.33333,0.28267,22.0,28.66667,0.76233,9.66667,33.0,42.66667,23.66667,3.66667,3.0,14.66667,23.33333,110.0,240.0,47.0,91.66667,0.51367,12.66667,31.0,0.40567,17.66667,25.0,0.70667,10.0,32.0,42.0,29.33333,9.33333,8.0,11.0,22.0,124.33333,0,0.18327,-0.18327,0.30516,0.29729,0.58226,0.51826,0.64012,0.60535,1622.58122,1398.35165,0.2332,0.7668,4.85275,1.31457,1.0,3.43333,1.43667,3.8,1.30667
240.0,41.66667,90.33333,0.45733,11.33333,33.0,0.34533,11.33333,14.33333,0.84667,9.0,35.0,44.0,28.0,9.0,5.0,11.66667,19.0,106.0,240.0,40.0,88.33333,0.449,9.0,30.66667,0.289,18.33333,23.33333,0.77267,11.66667,37.33333,49.0,22.66667,6.0,4.66667,15.0,15.0,107.33333,1,0.01813,-0.01813,0.35668,0.24248,0.50126,0.52005,0.57263,0.56563,1541.98291,1635.64792,0.63463,0.36537,1.58937,2.82346,0.33333,240.0,36.33333,83.33333,0.436,12.0,32.66667,0.36867,13.66667,18.0,0.75767,8.66667,34.66667,43.33333,22.33333,9.33333,6.0,15.66667,21.66667,98.33333,240.0,35.66667,86.0,0.41467,10.0,33.0,0.29933,20.0,25.33333,0.78033,12.33333,37.66667,50.0,21.66667,9.33333,5.33333,15.33333,18.33333,101.33333,1,0.04023,-0.04023,0.3773,0.23058,0.47314,0.50805,0.55316,0.56329,1570.60021,1600.00716,0.54748,0.45252,1.85435,2.25191,0.66667,2.89,1.59667,3.31667,1.36667
240.0,40.0,84.0,0.47667,18.0,38.66667,0.468,22.66667,26.66667,0.84933,7.66667,37.33333,45.0,22.66667,6.66667,4.66667,13.33333,16.0,120.66667,240.0,42.66667,94.0,0.45467,10.66667,35.33333,0.301,11.66667,14.66667,0.769,9.33333,34.33333,43.66667,24.33333,8.33333,3.33333,10.0,21.66667,107.66667,0,-0.16689,0.16689,0.25547,0.22353,0.51114,0.58378,0.5538,0.67176,1492.08583,1712.91835,0.77093,0.22907,1.30059,4.52624,0.0,240.0,43.33333,87.33333,0.49867,14.0,35.33333,0.39867,13.66667,20.0,0.69467,10.33333,31.66667,42.0,22.66667,7.0,2.33333,11.0,21.0,114.33333,240.0,39.66667,82.0,0.483,15.66667,38.0,0.409,20.66667,23.0,0.9,9.0,31.33333,40.33333,26.0,7.66667,5.0,11.0,21.0,115.66667,0,0.01422,-0.01422,0.28406,0.34107,0.57835,0.57965,0.66367,0.62559,1652.58393,1547.67772,0.35429,0.64571,2.82934,1.54986,0.33333,1.33667,4.11667,3.55,1.33
248.33333,43.66667,94.33333,0.46633,10.0,26.0,0.37567,22.0,28.33333,0.77433,13.66667,27.0,40.66667,20.0,10.66667,5.0,11.0,23.66667,119.33333,248.33333,41.66667,88.33333,0.47033,14.33333,40.0,0.365,23.0,28.0,0.81767,11.66667,35.0,46.66667,26.0,4.0,7.33333,15.66667,23.0,120.66667,0,0.00871,-0.00871,0.43879,0.3845,0.55149,0.51931,0.63825,0.59672,1650.9715,1533.77447,0.34749,0.65251,3.1258,1.58174,0.33333,240.0,43.66667,92.0,0.477,9.33333,25.0,0.368,18.66667,25.33333,0.72767,11.33333,26.66667,38.0,18.33333,8.33333,5.0,8.33333,22.0,115.33333,240.0,39.33333,85.33333,0.45867,14.33333,42.0,0.34733,23.0,28.33333,0.805,13.0,35.33333,48.33333,21.0,3.0,6.33333,12.0,22.66667,116.0,0,-0.00346,0.00346,0.48718,0.3193,0.54206,0.52807,0.6308,0.59343,1705.91946,1543.68587,0.28174,0.71826,3.55921,1.39289,0.33333,4.08333,1.30667,3.78333,1.44
240.0,36.66667,87.0,0.42033,11.0,37.33333,0.297,16.33333,20.0,0.83467,9.0,34.66667,43.66667,17.0,6.0,9.0,10.0,16.66667,100.66667,240.0,36.33333,90.0,0.40267,11.33333,31.0,0.36567,14.33333,18.66667,0.76833,13.33333,36.0,49.33333,18.33333,5.33333,3.33333,12.33333,19.33333,98.33333,1,-0.03445,0.03445,0.38487,0.26413,0.46601,0.48361,0.52235,0.55024,1565.22573,1574.11212,0.50951,0.49049,1.96761,2.04478,0.33333,240.0,41.66667,86.33333,0.48433,6.0,20.66667,0.297,19.0,26.0,0.74033,9.0,30.66667,39.66667,23.33333,3.66667,3.0,14.33333,25.0,108.33333,240.0,46.0,88.33333,0.52133,9.33333,26.66667,0.35833,23.33333,31.66667,0.724,9.66667,32.0,41.66667,27.0,9.66667,8.33333,10.0,21.33333,124.66667,1,0.20802,-0.20802,0.31224,0.27645,0.57394,0.51987,0.6548,0.59239,1629.46657,1447.97106,0.27402,0.72598,3.65782,1.37787,1.0,2.05,1.8,3.76667,1.31333
240.0,45.66667,87.33333,0.52833,13.0,30.66667,0.43567,20.0,31.0,0.646,9.66667,35.33333,45.0,26.66667,7.33333,5.0,12.0,27.0,124.33333,240.0,39.0,88.66667,0.44233,7.66667,27.33333,0.28833,26.33333,33.0,0.79667,12.33333,32.33333,44.66667,19.0,6.33333,5.33333,10.66667,24.33333,112.0,0,-0.15144,0.15144,0.35988,0.30758,0.48513,0.60288,0.58601,0.66599,1484.81476,1644.04923,0.69892,0.30108,1.44556,3.47693,0.33333,240.0,36.33333,80.33333,0.45333,9.33333,26.66667,0.362,23.66667,30.66667,0.789,9.66667,30.33333,40.0,22.0,7.0,2.66667,10.0,22.33333,105.66667,240.0,39.0,81.66667,0.478,12.33333,29.66667,0.413,19.33333,22.66667,0.79933,8.0,34.0,42.0,22.33333,4.0,2.66667,10.66667,24.33333,109.66667,0,0.06687,-0.06687,0.2736,0.29865,0.55332,0.51149,0.63285,0.60644,1574.81124,1595.31955,0.53934,0.46066,1.86698,2.19386,0.66667,1.49333,3.06667,2.39,1.72
240.0,40.0,87.0,0.464,13.33333,32.33333,0.42133,21.0,23.0,0.90433,8.66667,32.33333,41.0,20.0,8.0,5.66667,8.33333,24.33333,114.33333,240.0,38.66667,87.66667,0.44133,12.0,36.66667,0.318,23.0,28.0,0.78767,10.33333,35.0,45.33333,19.0,5.33333,5.0,11.0,19.33333,112.33333,0,-0.01336,0.01336,0.35056,0.27906,0.51014,0.54219,0.59891,0.62512,1553.36574,1608.99759,0.57729,0.42271,1.74256,2.38925,0.66667,248.33333,34.33333,91.66667,0.376,12.0,36.66667,0.312,15.33333,20.66667,0.78333,9.33333,36.33333,45.66667,19.0,7.33333,3.33333,11.66667,19.33333,96.0,248.33333,40.66667,93.33333,0.435,11.0,38.33333,0.25667,16.66667,24.0,0.71267,14.33333,46.0,60.33333,21.66667,7.33333,4.66667,14.0,18.33333,109.0,0,0.16921,-0.16921,0.44173,0.20425,0.49368,0.44004,0.5517,0.49938,1612.56535,1550.22128,0.42286,0.57714,2.41809,1.75778,1.0,1.64667,3.27333,2.7,1.51667
240.0,41.0,82.33333,0.50033,16.33333,35.33333,0.46333,16.66667,23.0,0.73533,8.33333,32.0,40.33333,22.66667,6.33333,3.0,10.33333,21.0,115.0,240.0,38.33333,82.66667,0.463,12.66667,37.0,0.34567,18.66667,23.0,0.81667,10.66667,31.0,41.66667,23.33333,6.33333,6.66667,10.0,21.0,108.0,0,-0.0913,0.0913,0.33346,0.27175,0.53968,0.60045,0.61534,0.66078,1645.83063,1554.43102,0.35904,0.64096,2.78961,1.56098,0.0,240.0,41.0,82.33333,0.50033,16.33333,35.33333,0.46333,16.66667,23.0,0.73533,8.33333,32.0,40.33333,22.66667,6.33333,3.0,10.33333,21.0,115.0,240.0,38.33333,82.66667,0.463,12.66667,37.0,0.34567,18.66667,23.0,0.81667,10.66667,31.0,41.66667,23.33333,6.33333,6.66667,10.0,21.0,108.0,0,-0.0913,0.0913,0.33346,0.27175,0.53968,0.60045,0.61534,0.66078,1645.83063,1554.43102,0.35904,0.64096,2.78961,1.56098,0.0,3.5,1.33667,3.5,1.33667
240.0,38.33333,88.0,0.43867,16.0,38.66667,0.42067,21.0,25.33333,0.82833,12.0,31.66667,43.66667,24.0,5.66667,4.0,10.66667,18.0,113.66667,240.0,42.33333,87.66667,0.48533,13.66667,38.0,0.364,16.66667,20.0,0.83833,8.66667,33.33333,42.0,22.66667,6.33333,6.0,9.66667,22.33333,115.0,0,0.02748,-0.02748,0.27377,0.36064,0.56423,0.53058,0.6291,0.61097,1583.65678,1608.29402,0.5444,0.4556,1.83892,2.1982,0.33333,240.0,32.66667,80.0,0.40967,9.66667,31.33333,0.305,19.66667,26.66667,0.73067,9.33333,31.66667,41.0,19.0,7.33333,4.0,12.33333,22.0,94.66667,240.0,38.66667,83.66667,0.46233,10.33333,32.0,0.32067,17.66667,21.0,0.82667,7.66667,34.0,41.66667,24.66667,6.0,3.66667,10.33333,21.66667,105.33333,0,0.15928,-0.15928,0.29929,0.28205,0.52349,0.46981,0.59957,0.55167,1643.70372,1562.54441,0.39518,0.60482,2.53286,1.65407,0.66667,2.66667,1.53,2.23,1.78667
240.0,36.33333,80.0,0.45633,13.0,33.0,0.393,17.0,20.33333,0.83167,8.33333,33.66667,42.0,24.0,8.33333,6.33333,13.0,20.33333,102.66667,240.0,36.0,86.0,0.41833,10.0,34.33333,0.287,18.33333,22.33333,0.81867,11.66667,33.66667,45.33333,19.66667,6.0,4.0,14.0,19.0,100.33333,1,-0.03276,0.03276,0.36803,0.25836,0.4768,0.53939,0.5516,0.61211,1567.1649,1639.08323,0.60235,0.39765,1.66156,2.51951,0.33333,256.66667,41.66667,89.0,0.46933,18.66667,40.33333,0.466,22.0,25.33333,0.87667,10.0,31.33333,41.33333,23.0,4.0,5.0,13.66667,24.0,124.0,256.66667,47.66667,94.33333,0.507,14.33333,36.0,0.39667,18.33333,23.33333,0.71467,11.33333,33.66667,45.0,28.0,6.66667,5.0,10.33333,22.33333,128.0,1,0.04262,-0.04262,0.36136,0.30889,0.58203,0.57474,0.64274,0.6582,1606.61462,1585.33617,0.4789,0.5211,2.08962,1.92012,0.66667,3.03333,1.46667,2.08333,1.78
240.0,39.0,76.66667,0.50933,12.0,32.66667,0.369,19.33333,23.66667,0.83,7.33333,37.33333,44.66667,19.33333,6.0,4.33333,11.0,20.0,109.33333,240.0,35.33333,88.0,0.402,12.0,34.33333,0.33467,12.66667,18.0,0.72,10.33333,28.33333,38.66667,18.33333,5.33333,1.66667,9.0,19.33333,95.33333,0,-0.20545,0.20545,0.28525,0.27226,0.47069,0.58729,0.51952,0.66853,1547.41761,1652.84405,0.62973,0.37027,1.5894,2.708,0.0,240.0,45.0,93.33333,0.48467,9.66667,27.33333,0.35233,17.33333,22.66667,0.78867,11.0,27.0,38.0,20.33333,8.33333,5.0,11.33333,20.0,117.0,240.0,44.0,88.66667,0.49333,16.0,43.33333,0.376,21.33333,25.33333,0.85667,11.66667,36.0,47.66667,25.0,5.0,6.66667,13.33333,20.66667,125.33333,0,0.09502,-0.09502,0.43879,0.30702,0.58303,0.53669,0.66363,0.59776,1714.10292,1528.02488,0.26383,0.73617,3.79619,1.35864,0.66667,1.65333,2.33333,4.73333,1.22333
240.0,44.66667,96.33333,0.46467,10.66667,36.0,0.29033,13.33333,18.33333,0.73,13.33333,43.0,56.33333,25.0,5.0,3.0,13.33333,17.33333,113.33333,240.0,39.33333,91.33333,0.42833,11.66667,34.66667,0.333,10.33333,12.0,0.864,7.0,36.0,43.0,23.0,7.33333,5.0,11.66667,22.33333,100.66667,0,-0.18141,0.18141,0.1634,0.37344,0.49178,0.52058,0.53352,0.5664,1531.04827,1631.73836,0.62479,0.37521,1.61685,2.73076,0.33333,240.0,41.33333,95.0,0.435,9.66667,34.66667,0.276,15.66667,21.66667,0.715,14.33333,34.0,48.33333,20.66667,5.66667,6.33333,13.33333,18.66667,108.0,240.0,45.0,90.0,0.50133,15.66667,36.33333,0.43367,17.0,18.66667,0.908,8.33333,35.66667,44.0,27.33333,6.66667,6.66667,10.0,21.66667,122.66667,0,0.18194,-0.18194,0.26464,0.40443,0.58881,0.48631,0.65413,0.54217,1607.04539,1555.31793,0.44776,0.55224,2.28131,1.84009,1.0,1.93,2.10333,5.31667,1.29667
240.0,38.33333,83.33333,0.46067,18.33333,40.33333,0.458,20.66667,24.0,0.86333,7.66667,33.33333,41.0,18.33333,6.0,4.0,12.33333,18.66667,115.66667,240.0,45.33333,93.66667,0.48633,14.0,37.33333,0.377,14.0,16.66667,0.84,11.0,33.33333,44.33333,23.33333,7.0,2.33333,9.0,20.33333,118.66667,0,0.0351,-0.0351,0.32976,0.23207,0.56176,0.57053,0.61263,0.65271,1576.91293,1713.68307,0.69325,0.30675,1.45831,3.41187,0.33333,240.0,39.33333,88.0,0.44667,14.33333,38.66667,0.36633,14.33333,17.66667,0.808,12.0,31.33333,43.33333,19.33333,6.66667,1.33333,11.66667,22.0,107.33333,240.0,41.33333,83.66667,0.49167,17.66667,39.0,0.45367,19.0,21.66667,0.871,9.33333,31.66667,41.0,25.33333,7.33333,4.66667,9.66667,19.66667,119.33333,0,0.14298,-0.14298,0.299,0.3934,0.59683,0.5285,0.67332,0.58443,1665.77113,1596.91411,0.42626,0.57374,2.51013,1.83593,0.66667,1.88,2.45,3.26667,1.39
240.0,37.33333,85.66667,0.43533,13.66667,41.66667,0.32133,19.33333,23.0,0.84633,7.66667,33.66667,41.33333,19.0,7.33333,7.66667,13.0,21.0,107.66667,240.0,37.33333,86.0,0.43667,11.33333,30.66667,0.36967,18.66667,25.33333,0.75267,11.66667,35.0,46.66667,19.66667,8.33333,3.66667,15.0,21.33333,104.66667,0,-0.04064,0.04064,0.3444,0.22962,0.50259,0.51513,0.57289,0.59316,1587.33841,1582.79239,0.49032,0.50968,2.05779,1.97818,0.33333,240.0,40.0,85.66667,0.46933,10.0,29.66667,0.30567,21.66667,28.0,0.791,7.66667,30.0,37.66667,22.33333,5.66667,2.66667,14.33333,25.66667,111.66667,240.0,45.66667,84.66667,0.53933,9.33333,25.66667,0.369,23.66667,32.33333,0.72033,8.0,34.0,42.0,26.33333,10.33333,8.33333,12.66667,22.66667,124.33333,0,0.16503,-0.16503,0.26812,0.22034,0.5944,0.52842,0.67741,0.6124,1635.686,1493.17799,0.32339,0.67661,3.25878,1.49983,0.66667,2.28333,1.7,3.33333,1.39667
240.0,41.0,86.66667,0.478,11.0,28.66667,0.39967,20.66667,31.33333,0.66733,10.0,36.33333,46.33333,24.0,5.66667,5.33333,11.0,24.66667,113.66667,240.0,38.66667,90.33333,0.43233,9.0,29.0,0.312,25.66667,31.66667,0.81333,12.0,35.33333,47.33333,21.0,6.33333,5.66667,9.33333,24.33333,112.0,1,-0.01793,0.01793,0.3465,0.29631,0.48121,0.54158,0.57941,0.61126,1527.13798,1653.15236,0.6645,0.3355,1.51895,3.11626,0.66667,240.0,39.0,81.66667,0.479,10.0,25.66667,0.39767,19.66667,27.66667,0.727,8.0,35.33333,43.33333,25.0,5.66667,4.0,10.33333,21.33333,107.66667,240.0,37.33333,88.33333,0.427,11.0,34.0,0.31533,23.33333,27.0,0.861,10.66667,33.66667,44.33333,21.0,5.0,2.33333,8.33333,22.66667,109.0,1,0.02786,-0.02786,0.31704,0.25669,0.48948,0.54029,0.58393,0.61357,1573.73678,1627.18697,0.57813,0.42187,1.74925,2.41484,0.66667,1.56667,2.86667,2.04667,1.97667
240.0,39.33333,86.66667,0.458,11.33333,30.66667,0.382,16.66667,18.66667,0.87333,6.33333,36.66667,43.0,21.33333,7.66667,5.66667,11.0,23.33333,106.66667,240.0,36.66667,87.33333,0.42033,12.0,39.33333,0.29467,21.0,27.0,0.729,7.33333,36.66667,44.0,21.0,7.0,6.33333,10.66667,18.33333,106.33333,0,0.01515,-0.01515,0.2234,0.20437,0.48967,0.52431,0.57042,0.59073,1586.53686,1616.86858,0.54487,0.45513,1.8449,2.21569,0.66667,240.0,34.33333,86.33333,0.39933,8.66667,31.0,0.27967,15.0,20.33333,0.77967,6.33333,36.66667,43.0,18.33333,7.0,3.33333,11.66667,18.33333,92.33333,240.0,39.66667,90.66667,0.43667,14.66667,43.66667,0.31633,14.33333,19.66667,0.72733,10.66667,42.33333,53.0,24.33333,7.0,6.66667,12.33333,19.66667,108.33333,0,0.21247,-0.21247,0.34686,0.14893,0.51719,0.44982,0.56877,0.51054,1619.01252,1584.60457,0.46961,0.53039,2.17735,1.91274,1.0,1.79333,2.75667,2.31333,1.75
240.0,39.66667,90.66667,0.43967,14.0,39.33333,0.362,15.33333,18.33333,0.83433,11.66667,30.66667,42.33333,24.66667,7.66667,4.0,10.0,17.66667,108.66667,240.0,42.66667,82.66667,0.51567,13.33333,34.33333,0.38767,18.66667,22.33333,0.83967,6.33333,35.33333,41.66667,26.0,7.0,6.0,10.66667,18.33333,117.33333,0,0.12011,-0.12011,0.21014,0.33071,0.59678,0.5173,0.6702,0.57613,1613.39009,1601.87838,0.50521,0.49479,1.99901,2.04035,0.66667,240.0,36.0,85.33333,0.42067,12.0,36.0,0.332,15.66667,19.33333,0.806,9.66667,34.0,43.66667,21.33333,7.33333,3.66667,11.33333,21.66667,99.66667,240.0,40.66667,83.33333,0.48767,11.66667,34.0,0.341,20.0,23.66667,0.83233,4.66667,36.0,40.66667,26.66667,6.33333,3.66667,9.0,19.0,113.0,0,0.18561,-0.18561,0.14518,0.27362,0.5569,0.49088,0.64086,0.55663,1650.62257,1574.17745,0.41149,0.58851,2.43784,1.70182,0.66667,2.8,1.48333,2.46333,1.7
240.0,39.0,79.66667,0.491,13.33333,32.0,0.42067,18.33333,21.0,0.87233,7.0,36.0,43.0,24.66667,9.0,5.0,11.33333,16.66667,109.66667,240.0,36.33333,89.0,0.408,12.33333,38.66667,0.31733,13.0,17.66667,0.738,12.66667,31.0,43.66667,20.33333,4.0,3.66667,12.0,19.66667,98.0,1,-0.16072,0.16072,0.35931,0.2319,0.47735,0.5764,0.52797,0.65431,1568.46014,1656.33989,0.61079,0.38921,1.63942,2.57737,0.0,256.66667,41.66667,85.66667,0.48867,16.33333,35.66667,0.46167,22.0,25.66667,0.861,8.0,33.0,41.0,22.0,6.33333,5.0,15.66667,23.66667,121.66667,256.66667,45.0,95.0,0.47567,15.33333,37.66667,0.40833,20.33333,26.0,0.75633,13.66667,30.66667,44.33333,27.66667,7.0,3.66667,12.33333,23.33333,125.66667,1,0.03888,-0.03888,0.41139,0.26642,0.55526,0.58408,0.62358,0.6692,1599.17149,1616.09697,0.53525,0.46475,1.89585,2.20324,0.66667,2.6,1.60333,2.11667,1.76
240.0,36.33333,79.66667,0.45767,13.0,36.33333,0.35633,20.66667,25.66667,0.807,8.0,37.66667,45.66667,18.66667,5.66667,5.0,10.66667,21.0,106.33333,240.0,35.0,89.66667,0.39033,11.0,38.0,0.277,15.66667,20.66667,0.767,10.0,33.0,43.0,18.66667,5.66667,3.0,8.66667,21.66667,96.66667,0,-0.14981,0.14981,0.27104,0.24383,0.45131,0.53835,0.51243,0.6238,1603.59304,1659.09219,0.5644,0.4356,1.84899,2.42314,0.33333,240.0,42.0,88.33333,0.476,12.66667,34.66667,0.36267,19.33333,23.66667,0.84233,8.66667,29.33333,38.0,21.66667,5.33333,5.33333,11.0,20.33333,116.0,240.0,45.0,92.0,0.489,17.66667,44.33333,0.40433,18.66667,23.0,0.833,11.66667,34.66667,46.33333,24.33333,5.66667,5.0,11.0,21.66667,126.33333,0,0.12114,-0.12114,0.40616,0.2549,0.58509,0.54757,0.65079,0.62056,1719.85251,1570.74349,0.3112,0.6888,3.37315,1.46938,1.0,1.87,2.10667,4.11667,1.35667
240.0,42.66667,94.66667,0.45033,9.0,33.0,0.26867,10.0,15.33333,0.61867,13.66667,39.0,52.66667,21.33333,3.66667,3.33333,13.66667,15.0,104.33333,240.0,45.0,94.33333,0.47667,15.66667,38.0,0.406,8.66667,10.0,0.86767,7.66667,35.33333,43.0,25.66667,7.0,4.0,9.33333,19.33333,114.33333,0,0.14105,-0.14105,0.20246,0.38931,0.55963,0.49788,0.59223,0.53051,1575.23591,1628.38119,0.58327,0.41673,1.73682,2.47594,0.66667,240.0,40.66667,92.33333,0.44033,8.33333,32.33333,0.257,11.0,17.0,0.602,13.0,35.66667,48.66667,17.66667,3.0,6.0,13.66667,16.0,100.66667,240.0,46.0,92.0,0.50067,17.0,37.66667,0.45133,12.0,13.66667,0.87533,7.33333,35.33333,42.66667,26.0,7.0,5.33333,8.0,19.66667,121.0,0,0.27262,-0.27262,0.21269,0.36848,0.59336,0.48597,0.63881,0.52343,1616.06637,1587.33907,0.48373,0.51627,2.12001,1.97218,1.0,1.91,2.13667,4.23,1.61333
240.0,36.0,82.0,0.439,17.66667,40.0,0.44567,20.33333,23.66667,0.861,8.0,31.66667,39.66667,19.0,6.0,2.66667,11.66667,23.33333,110.0,240.0,43.0,86.0,0.499,14.66667,36.0,0.40633,20.33333,24.66667,0.82633,9.0,33.33333,42.33333,22.0,7.33333,4.33333,9.33333,21.0,121.0,0,0.13732,-0.13732,0.28914,0.24187,0.58507,0.54648,0.66355,0.63029,1630.00391,1709.06029,0.62874,0.37126,1.61881,2.87099,0.66667,240.0,38.0,84.0,0.451,15.33333,40.66667,0.37167,15.66667,20.0,0.779,11.0,30.33333,41.33333,18.66667,5.0,1.66667,12.66667,25.0,107.0,240.0,42.33333,82.66667,0.51,18.0,38.66667,0.466,22.66667,26.0,0.87633,9.33333,30.66667,40.0,23.33333,8.33333,3.66667,9.0,21.0,125.33333,0,0.22718,-0.22718,0.30849,0.37274,0.61848,0.54336,0.70879,0.60617,1675.97807,1649.13074,0.49276,0.50724,2.15626,2.05887,1.0,2.35667,1.98333,2.96667,1.44333
240.0,39.66667,85.33333,0.465,13.33333,37.0,0.35267,18.33333,21.66667,0.85133,9.66667,33.0,42.66667,20.0,6.33333,5.33333,14.33333,21.0,111.0,240.0,40.66667,83.66667,0.48533,11.33333,28.33333,0.40233,17.66667,25.0,0.71833,9.33333,31.66667,41.0,24.33333,9.0,5.66667,14.0,20.66667,110.33333,1,-0.01545,0.01545,0.28119,0.30987,0.55289,0.543,0.6171,0.61605,1612.64025,1588.2835,0.47112,0.52888,2.14797,1.91159,0.33333,240.0,40.33333,82.66667,0.488,13.0,32.33333,0.39767,20.33333,24.0,0.85767,7.33333,32.0,39.33333,21.66667,5.33333,3.66667,15.66667,25.66667,114.0,240.0,44.66667,84.33333,0.53,10.33333,27.33333,0.38,24.0,33.33333,0.70433,7.33333,32.0,39.33333,27.33333,10.33333,6.33333,11.33333,21.66667,123.66667,1,0.12276,-0.12276,0.22996,0.23225,0.59098,0.56544,0.67458,0.64731,1643.4332,1536.85714,0.37431,0.62569,2.84032,1.62481,0.66667,2.7,1.57333,3.06667,1.43
248.33333,40.33333,88.33333,0.45767,12.0,31.66667,0.373,10.33333,15.66667,0.62533,11.0,31.33333,42.33333,17.33333,5.66667,5.0,11.66667,18.66667,103.0,248.33333,42.0,85.0,0.493,16.33333,41.33333,0.39333,16.33333,19.0,0.859,7.33333,34.0,41.33333,25.66667,5.33333,3.33333,10.0,18.66667,116.66667,1,0.18882,-0.18882,0.23464,0.32176,0.5887,0.52523,0.65507,0.561,1622.58849,1621.85907,0.51757,0.48243,1.93277,2.07365,0.66667,240.0,40.33333,85.66667,0.47533,11.0,25.66667,0.43233,18.66667,27.66667,0.68367,10.66667,36.66667,47.33333,22.0,5.66667,5.0,11.0,22.66667,110.33333,240.0,38.0,91.66667,0.41833,9.33333,31.33333,0.29467,19.0,25.66667,0.732,10.33333,33.66667,44.0,19.33333,5.66667,2.66667,9.0,22.66667,104.33333,1,-0.07424,0.07424,0.2982,0.32506,0.46844,0.53956,0.53992,0.60442,1567.69837,1664.01832,0.62439,0.37561,1.60253,2.66662,0.33333,1.75333,2.13333,2.06333,1.96667
240.0,37.33333,82.33333,0.45433,12.33333,35.33333,0.34733,21.0,25.0,0.84367,7.33333,33.0,40.33333,19.66667,5.33333,4.0,10.66667,21.0,108.0,240.0,38.66667,85.33333,0.45867,16.0,41.0,0.39233,15.33333,20.33333,0.76133,7.33333,34.0,41.33333,18.66667,6.0,3.66667,10.66667,22.66667,108.66667,1,0.00486,-0.00486,0.21751,0.21569,0.55391,0.52847,0.61044,0.61508,1664.48143,1660.62739,0.49375,0.50625,2.12255,2.10201,0.66667,240.0,40.0,88.33333,0.45267,13.66667,37.0,0.369,16.33333,18.66667,0.878,8.0,31.33333,39.33333,21.33333,5.33333,5.0,11.0,20.33333,110.0,240.0,42.66667,87.33333,0.492,18.0,44.33333,0.413,15.0,19.66667,0.78133,8.33333,36.0,44.33333,20.0,6.33333,4.66667,11.66667,21.0,118.33333,1,0.10368,-0.10368,0.26171,0.22353,0.59649,0.52993,0.64995,0.59569,1725.21094,1613.85326,0.35857,0.64143,2.95011,1.58012,1.0,2.06333,1.87667,3.1,1.53333
240.0,41.0,89.33333,0.46,9.0,29.66667,0.30067,9.33333,15.0,0.596,10.0,35.66667,45.66667,17.66667,4.0,3.66667,14.0,17.0,100.33333,240.0,44.33333,89.66667,0.49467,17.33333,41.33333,0.419,12.0,13.66667,0.87533,5.66667,36.0,41.66667,26.33333,6.33333,4.33333,8.33333,19.0,118.0,1,0.24052,-0.24052,0.15893,0.27228,0.5921,0.51188,0.64007,0.54377,1621.21826,1623.2293,0.52511,0.47489,1.90577,2.10765,1.0,240.0,41.0,89.33333,0.46,9.0,29.66667,0.30067,9.33333,15.0,0.596,10.0,35.66667,45.66667,17.66667,4.0,3.66667,14.0,17.0,100.33333,240.0,44.33333,89.66667,0.49467,17.33333,41.33333,0.419,12.0,13.66667,0.87533,5.66667,36.0,41.66667,26.33333,6.33333,4.33333,8.33333,19.0,118.0,1,0.24052,-0.24052,0.15893,0.27228,0.5921,0.51188,0.64007,0.54377,1621.21826,1623.2293,0.52511,0.47489,1.90577,2.10765,1.0,2.00667,1.92,2.00667,1.92
240.0,37.66667,83.0,0.45367,9.0,27.66667,0.324,20.33333,26.0,0.78967,9.33333,33.66667,43.0,18.66667,7.0,3.33333,12.66667,24.0,104.66667,240.0,38.33333,80.66667,0.47367,11.33333,28.0,0.40533,18.66667,28.33333,0.667,6.66667,36.33333,43.0,25.0,8.0,6.0,13.0,22.33333,106.66667,1,0.02281,-0.02281,0.19979,0.2679,0.54409,0.50784,0.61321,0.58976,1658.5646,1573.1521,0.38772,0.61228,2.59626,1.638,0.33333,240.0,35.33333,86.0,0.41333,9.0,31.66667,0.28433,9.66667,13.33333,0.74133,6.33333,37.66667,44.0,16.33333,8.66667,3.0,13.33333,20.0,89.33333,240.0,36.66667,86.66667,0.424,9.66667,37.0,0.24867,16.0,22.33333,0.701,8.66667,41.0,49.66667,17.66667,8.33333,7.0,11.66667,15.66667,99.0,1,0.14415,-0.14415,0.25426,0.15727,0.4797,0.46608,0.5418,0.50487,1623.03954,1621.40801,0.51234,0.48766,1.95209,2.05087,1.0,3.43333,1.35,2.29667,1.75667
240.0,41.33333,79.66667,0.51867,12.66667,27.66667,0.44667,22.66667,24.33333,0.93,6.33333,36.33333,42.66667,22.66667,7.0,5.66667,12.66667,17.0,118.0,240.0,40.66667,94.66667,0.42933,12.66667,37.66667,0.335,12.66667,17.66667,0.72233,12.0,27.33333,39.33333,21.33333,5.0,3.0,9.66667,21.66667,106.66667,0,-0.14834,0.14834,0.34122,0.23651,0.49578,0.59993,0.54053,0.69523,1569.90774,1673.44418,0.63256,0.36744,1.58124,2.72339,0.0,240.0,37.0,82.33333,0.44867,19.0,43.33333,0.438,16.66667,20.66667,0.809,11.0,29.0,40.0,17.66667,5.0,1.33333,13.0,24.33333,109.66667,240.0,44.66667,83.66667,0.53167,18.0,37.33333,0.482,19.66667,23.66667,0.837,10.0,29.33333,39.33333,22.33333,9.0,5.0,8.33333,19.33333,127.0,0,0.21243,-0.21243,0.34593,0.40709,0.63861,0.5637,0.71422,0.63083,1687.45521,1700.07719,0.55004,0.44996,1.82516,2.23594,1.0,1.98333,1.94333,2.43333,1.76667
240.0,39.0,83.33333,0.46933,14.33333,37.33333,0.38267,20.66667,24.0,0.86167,8.0,31.33333,39.33333,19.33333,6.66667,4.0,9.66667,23.66667,113.0,240.0,38.33333,82.33333,0.47,19.0,47.66667,0.40767,17.66667,24.66667,0.71033,7.0,32.33333,39.33333,16.0,5.33333,3.33333,11.33333,22.66667,113.33333,0,0.00491,-0.00491,0.2187,0.24882,0.5864,0.55515,0.65014,0.63861,1716.28718,1671.24522,0.43505,0.56495,2.30972,1.77562,0.66667,240.0,36.0,88.66667,0.404,13.33333,39.33333,0.33967,10.66667,15.66667,0.71567,10.66667,35.33333,46.0,21.33333,5.66667,3.66667,12.66667,21.0,96.0,240.0,44.66667,91.0,0.49233,15.0,38.0,0.39633,15.66667,19.33333,0.81533,6.0,41.66667,47.66667,28.66667,6.0,4.0,7.0,17.33333,120.0,0,0.3268,-0.3268,0.17836,0.25819,0.57468,0.47931,0.63153,0.52041,1663.00591,1580.34601,0.41796,0.58204,2.39587,1.71937,1.0,2.86667,1.55,2.81667,1.47667
240.0,40.33333,84.66667,0.47633,13.33333,34.33333,0.37967,19.0,22.33333,0.857,8.33333,31.66667,40.0,19.0,7.33333,4.0,14.33333,25.0,113.0,240.0,42.0,81.33333,0.515,11.66667,28.33333,0.41333,20.33333,31.66667,0.64233,7.0,33.66667,40.66667,24.66667,9.66667,6.33333,13.66667,20.33333,116.0,1,0.04138,-0.04138,0.22172,0.24943,0.58693,0.55459,0.65647,0.63019,1651.73993,1579.97677,0.41061,0.58939,2.45151,1.70162,0.33333,240.0,40.33333,84.66667,0.47633,13.33333,34.33333,0.37967,19.0,22.33333,0.857,8.33333,31.66667,40.0,19.0,7.33333,4.0,14.33333,25.0,113.0,240.0,42.0,81.33333,0.515,11.66667,28.33333,0.41333,20.33333,31.66667,0.64233,7.0,33.66667,40.66667,24.66667,9.66667,6.33333,13.66667,20.33333,116.0,1,0.04138,-0.04138,0.22172,0.24943,0.58693,0.55459,0.65647,0.63019,1651.73993,1579.97677,0.41061,0.58939,2.45151,1.70162,0.33333,3.2,1.40667,3.2,1.40667
248.33333,43.0,89.66667,0.48133,13.0,32.33333,0.40067,13.0,19.66667,0.66767,12.33333,32.0,44.33333,21.66667,7.66667,5.66667,10.0,20.66667,112.0,248.33333,38.66667,81.66667,0.474,14.33333,39.66667,0.36167,17.33333,22.0,0.761,7.33333,31.66667,39.0,23.33333,5.33333,4.66667,11.33333,20.33333,109.0,0,-0.04028,0.04028,0.22944,0.40295,0.56223,0.55382,0.63125,0.59763,1597.87528,1631.90567,0.54613,0.45387,1.84502,2.23124,0.33333,240.0,40.0,88.66667,0.45167,11.33333,28.33333,0.4,14.33333,21.66667,0.66033,12.33333,39.66667,52.0,21.66667,5.66667,5.33333,11.33333,20.0,105.66667,240.0,38.0,92.33333,0.41433,12.33333,36.0,0.34267,13.0,20.33333,0.63833,9.66667,34.0,43.66667,21.0,6.33333,4.66667,9.33333,20.66667,101.33333,0,-0.05873,0.05873,0.24289,0.38404,0.48224,0.51566,0.52639,0.56607,1563.05656,1658.23715,0.62844,0.37156,1.59161,2.69309,0.33333,1.68667,2.3,1.98667,2.15
240.0,40.66667,87.0,0.466,8.0,28.33333,0.285,20.0,25.33333,0.80367,9.33333,35.66667,45.0,18.33333,8.0,2.33333,10.66667,22.66667,109.33333,240.0,38.66667,85.66667,0.451,10.0,31.33333,0.32533,17.66667,25.66667,0.717,8.66667,37.0,45.66667,24.33333,6.66667,4.66667,13.33333,21.0,105.0,0,-0.05987,0.05987,0.24175,0.26008,0.51153,0.51209,0.5783,0.59051,1650.63121,1570.6625,0.38318,0.61682,2.62122,1.62418,0.0,240.0,39.66667,86.33333,0.45767,9.0,31.66667,0.28433,12.0,16.0,0.74133,8.0,36.33333,44.33333,17.66667,7.66667,2.0,14.66667,18.33333,100.33333,240.0,41.0,90.66667,0.45167,10.33333,38.66667,0.258,15.66667,20.66667,0.75233,10.33333,35.66667,46.0,22.66667,9.33333,5.66667,11.0,16.33333,108.0,0,0.11447,-0.11447,0.30256,0.23086,0.50933,0.51027,0.56884,0.55665,1626.96227,1602.81867,0.48017,0.51983,2.10043,1.93623,0.66667,3.63333,1.32333,2.83,1.64333
240.0,40.66667,85.33333,0.47933,10.0,26.66667,0.37967,19.66667,21.33333,0.91933,7.33333,35.66667,43.0,22.66667,7.0,3.66667,12.0,17.66667,111.0,240.0,40.33333,91.66667,0.44033,13.33333,37.33333,0.35733,14.66667,20.33333,0.70833,11.66667,33.0,44.66667,21.0,6.0,3.66667,11.0,20.0,108.66667,1,-0.02145,0.02145,0.33755,0.21483,0.51307,0.53803,0.56661,0.6184,1619.01279,1683.28463,0.58942,0.41058,1.72199,2.4984,0.33333,240.0,36.66667,84.33333,0.43533,16.0,39.33333,0.39833,15.66667,19.33333,0.82267,11.66667,30.0,41.66667,20.66667,4.33333,2.0,12.0,23.33333,105.0,240.0,40.33333,81.33333,0.49467,15.66667,36.66667,0.42367,22.0,26.33333,0.84367,10.0,32.66667,42.66667,22.0,9.66667,6.0,9.0,18.33333,118.33333,1,0.17506,-0.17506,0.33515,0.39975,0.59056,0.53129,0.67885,0.5946,1695.20266,1690.84715,0.51597,0.48403,1.94143,2.07014,1.0,1.87333,2.02333,2.14,1.91667
240.0,40.33333,84.33333,0.47967,15.66667,39.0,0.39767,18.33333,21.66667,0.84467,8.33333,30.0,38.33333,19.66667,7.66667,3.0,10.0,21.33333,114.66667,240.0,42.33333,81.66667,0.518,17.66667,41.66667,0.42967,13.66667,19.0,0.77433,5.33333,33.0,38.33333,20.33333,5.33333,2.33333,11.33333,20.0,116.0,0,0.01652,-0.01652,0.17795,0.25317,0.6276,0.57199,0.67697,0.64449,1704.53558,1681.51424,0.46992,0.53008,2.14672,1.89883,0.66667,240.0,39.66667,90.0,0.44067,16.0,43.33333,0.36733,10.33333,14.33333,0.75233,10.66667,31.33333,42.0,24.33333,6.66667,4.33333,10.33333,18.33333,105.66667,240.0,46.66667,89.33333,0.52367,14.66667,34.66667,0.42067,13.66667,15.33333,0.91067,7.33333,39.0,46.33333,29.33333,5.33333,3.66667,8.0,15.33333,121.66667,0,0.2061,-0.2061,0.23443,0.27503,0.60524,0.52981,0.65701,0.56766,1677.19929,1625.09813,0.45325,0.54675,2.23041,1.8438,1.0,2.93333,1.52333,2.73333,1.50667
248.33333,40.33333,90.0,0.44767,11.33333,34.66667,0.33367,13.33333,20.33333,0.65833,15.0,32.0,47.0,22.0,7.66667,5.0,11.0,18.66667,105.33333,248.33333,40.33333,84.33333,0.478,13.33333,38.0,0.35167,13.66667,18.0,0.74967,9.33333,32.0,41.33333,23.0,7.66667,4.66667,12.0,21.33333,107.66667,1,0.04103,-0.04103,0.29396,0.47802,0.55721,0.50988,0.60961,0.55644,1580.86941,1634.24493,0.58769,0.41231,1.71475,2.45895,0.33333,240.0,38.66667,88.33333,0.43767,10.33333,32.33333,0.33267,14.0,21.0,0.668,13.66667,34.33333,48.0,20.33333,7.0,4.33333,12.33333,20.0,101.66667,240.0,40.0,87.0,0.461,12.66667,35.33333,0.35667,11.0,17.66667,0.65033,8.33333,33.33333,41.66667,21.66667,8.33333,4.66667,11.66667,22.0,103.66667,1,0.03436,-0.03436,0.24381,0.42625,0.53444,0.49582,0.57252,0.54643,1564.72073,1646.14998,0.62692,0.37308,1.59541,2.68179,0.33333,1.49,3.13333,1.84333,2.88333
240.0,39.0,86.0,0.45133,8.0,31.66667,0.253,17.33333,21.66667,0.81633,8.33333,34.66667,43.0,18.0,7.33333,2.33333,13.33333,20.66667,103.33333,240.0,43.66667,92.66667,0.469,10.66667,35.0,0.303,13.33333,18.33333,0.72367,11.66667,35.0,46.66667,27.33333,9.0,3.66667,13.33333,20.66667,111.33333,0,0.10622,-0.10622,0.3615,0.24526,0.52674,0.498,0.5757,0.56812,1642.92493,1567.94579,0.40153,0.59847,2.50143,1.67398,0.33333,240.0,39.0,86.0,0.45133,8.66667,32.66667,0.26667,12.0,15.66667,0.75667,9.33333,32.0,41.33333,15.33333,8.0,2.33333,15.33333,19.0,98.66667,240.0,44.66667,93.33333,0.47767,10.0,36.66667,0.26667,14.66667,19.33333,0.744,14.33333,33.33333,47.66667,23.33333,10.66667,4.33333,12.0,15.66667,114.0,0,0.21496,-0.21496,0.46676,0.27981,0.53095,0.50212,0.58518,0.54955,1632.50194,1582.6124,0.44801,0.55199,2.24878,1.8216,0.66667,3.83333,1.30333,3.61667,1.35
240.0,36.66667,87.0,0.42233,7.33333,24.66667,0.29233,19.66667,21.66667,0.905,11.66667,38.33333,50.0,19.33333,5.0,5.66667,12.66667,22.33333,100.33333,240.0,36.33333,87.66667,0.41167,10.33333,34.0,0.29733,18.33333,25.66667,0.71867,10.66667,35.66667,46.33333,18.33333,6.0,3.33333,9.66667,19.33333,101.33333,1,0.01694,-0.01694,0.28012,0.32462,0.47014,0.46429,0.54214,0.54651,1659.83366,1682.85737,0.53642,0.46358,1.90034,2.22707,0.33333,240.0,36.0,87.33333,0.41233,11.66667,32.0,0.33,14.66667,17.66667,0.839,14.66667,33.66667,48.33333,19.66667,4.33333,3.66667,13.0,21.66667,98.33333,240.0,37.33333,83.33333,0.447,12.33333,34.66667,0.34233,18.66667,24.33333,0.79033,11.66667,33.33333,45.0,20.0,8.33333,4.33333,9.0,16.66667,105.66667,1,0.09086,-0.09086,0.34667,0.47872,0.52072,0.47954,0.59653,0.53954,1700.22727,1684.33996,0.49159,0.50841,2.03641,1.96885,0.66667,1.81,2.07,1.81,2.07
240.0,39.0,82.66667,0.47267,16.33333,40.33333,0.40267,17.66667,22.0,0.80467,8.33333,30.66667,39.0,19.33333,6.66667,3.33333,9.0,19.33333,112.0,240.0,42.0,83.66667,0.50033,13.0,37.33333,0.33567,14.66667,18.0,0.86433,7.0,32.33333,39.33333,23.33333,5.66667,2.33333,9.66667,19.0,111.66667,1,-0.00415,0.00415,0.22865,0.25746,0.57839,0.57064,0.63674,0.64037,1691.81994,1692.74729,0.50131,0.49869,1.99695,2.00742,0.66667,240.0,37.33333,86.0,0.435,15.66667,41.33333,0.378,14.66667,20.33333,0.72467,9.33333,32.0,41.33333,21.66667,4.33333,4.33333,9.33333,19.0,105.0,240.0,45.0,88.33333,0.51,12.33333,32.0,0.37033,13.33333,14.66667,0.92367,7.33333,37.33333,44.66667,27.33333,4.33333,3.33333,7.66667,18.0,115.66667,1,0.13858,-0.13858,0.22957,0.24884,0.57822,0.52574,0.63121,0.58143,1685.10821,1657.58283,0.47587,0.52413,2.12897,1.92571,1.0,3.08333,1.46667,2.65,1.53667
240.0,39.66667,90.0,0.43767,10.33333,27.66667,0.35367,12.33333,15.0,0.80533,12.66667,37.0,49.66667,22.33333,4.66667,5.0,11.0,22.33333,102.0,240.0,32.33333,81.33333,0.398,9.66667,34.66667,0.274,22.0,29.33333,0.75667,10.66667,34.0,44.66667,17.0,5.66667,3.33333,9.66667,15.0,96.33333,0,-0.0673,0.0673,0.28628,0.38017,0.45783,0.49414,0.55002,0.54433,1698.35149,1684.73315,0.47176,0.52824,2.12246,1.89502,0.33333,240.0,40.66667,89.0,0.45533,10.66667,35.33333,0.29833,14.33333,17.33333,0.82933,10.66667,31.0,41.66667,18.66667,6.33333,3.66667,14.66667,20.33333,106.33333,240.0,48.33333,97.66667,0.49567,10.66667,35.33333,0.29933,13.0,18.33333,0.71033,14.0,32.33333,46.33333,28.0,10.33333,4.0,10.33333,17.0,120.33333,0,0.18512,-0.18512,0.47293,0.32779,0.55053,0.51508,0.59255,0.57133,1634.42688,1566.02084,0.42039,0.57961,2.37876,1.7253,0.66667,1.88333,1.93667,3.58333,1.36333
240.0,39.66667,87.0,0.455,12.0,37.66667,0.32067,15.0,20.33333,0.73767,13.0,33.33333,46.33333,23.33333,8.33333,4.33333,13.33333,19.66667,106.33333,240.0,40.0,87.0,0.461,13.33333,35.66667,0.374,13.0,17.33333,0.745,10.0,30.33333,40.33333,22.66667,10.0,4.33333,13.0,20.0,106.33333,0,0.011,-0.011,0.29919,0.43993,0.53806,0.52351,0.58664,0.57974,1562.25898,1638.18875,0.61393,0.38607,1.62969,2.59366,0.33333,240.0,40.66667,84.0,0.48433,14.33333,37.0,0.38033,15.33333,18.66667,0.83567,6.33333,33.0,39.33333,20.33333,5.66667,3.0,8.66667,17.33333,111.0,240.0,42.66667,85.0,0.501,9.33333,28.0,0.32767,14.0,15.66667,0.913,7.0,34.0,41.0,25.66667,5.33333,2.33333,10.0,18.33333,108.66667,0,-0.03254,0.03254,0.21478,0.18512,0.55538,0.56886,0.61378,0.62986,1684.17169,1698.91296,0.51789,0.48211,1.93144,2.07491,0.66667,1.72667,2.92333,2.85,1.49667
240.0,41.33333,87.66667,0.46867,10.0,27.33333,0.346,12.0,16.0,0.727,11.0,36.33333,47.33333,21.33333,4.0,5.0,12.33333,24.0,104.66667,240.0,34.33333,84.0,0.407,10.33333,35.33333,0.286,22.0,30.0,0.73533,11.66667,31.66667,43.33333,19.66667,5.66667,2.33333,9.0,16.0,101.0,0,-0.04774,0.04774,0.32656,0.34956,0.46822,0.52471,0.55654,0.57184,1679.79482,1685.97151,0.51007,0.48993,1.99446,2.08749,0.33333,240.0,38.33333,85.0,0.451,11.0,35.0,0.31167,13.33333,17.33333,0.767,8.66667,28.0,36.66667,19.33333,5.66667,4.0,15.66667,22.66667,101.0,240.0,47.0,93.66667,0.50133,12.66667,35.33333,0.355,16.0,22.33333,0.70467,14.33333,32.66667,47.0,28.33333,11.0,3.33333,10.66667,18.33333,122.66667,0,0.28539,-0.28539,0.51481,0.26541,0.56905,0.51485,0.62226,0.56773,1640.26331,1603.74507,0.48297,0.51703,2.13348,2.0002,1.0,2.19333,1.78,3.18333,1.43
240.0,38.0,87.0,0.43633,13.66667,40.0,0.34233,14.0,18.66667,0.735,11.0,34.33333,45.33333,21.33333,7.0,3.33333,14.0,19.66667,103.66667,240.0,40.66667,88.33333,0.46167,12.0,34.66667,0.347,18.33333,20.66667,0.878,9.0,34.0,43.0,22.0,10.33333,2.33333,12.0,17.33333,111.66667,0,0.11638,-0.11638,0.2661,0.3287,0.52967,0.51404,0.60225,0.56761,1610.13632,1633.87207,0.55138,0.44862,1.86772,2.30997,0.66667,240.0,40.66667,84.0,0.48433,13.0,33.33333,0.38633,13.66667,18.33333,0.74867,6.0,36.0,42.0,19.66667,5.0,2.66667,10.0,17.66667,108.0,240.0,40.0,84.66667,0.47267,8.66667,28.66667,0.30033,19.33333,21.33333,0.90033,6.66667,34.33333,41.0,21.33333,6.66667,1.66667,10.66667,17.66667,108.0,0,-0.00107,0.00107,0.18695,0.17361,0.52365,0.56128,0.6038,0.61397,1686.97597,1678.79036,0.48775,0.51225,2.06769,1.96574,0.66667,2.18,2.52333,2.98333,1.45
240.0,44.33333,85.0,0.51967,11.0,28.33333,0.38067,11.33333,15.33333,0.722,7.0,34.0,41.0,22.0,3.66667,5.33333,13.33333,23.0,111.0,240.0,38.33333,88.66667,0.43267,11.0,34.66667,0.31267,23.0,29.0,0.79267,12.33333,30.0,42.33333,22.66667,8.0,2.66667,7.33333,15.66667,110.66667,0,0.00295,-0.00295,0.36941,0.24592,0.49579,0.5827,0.58419,0.62624,1662.53691,1685.91111,0.53847,0.46153,1.88625,2.20865,0.66667,240.0,40.33333,83.66667,0.48367,10.33333,30.66667,0.32967,14.0,18.0,0.773,8.0,30.66667,38.66667,21.0,4.0,5.66667,15.0,23.33333,105.0,240.0,43.33333,94.0,0.46167,10.0,31.33333,0.31333,20.66667,26.66667,0.77233,14.66667,32.66667,47.33333,26.0,10.0,3.33333,7.33333,17.66667,117.33333,0,0.15996,-0.15996,0.47919,0.2439,0.51544,0.54424,0.58865,0.59973,1643.19971,1644.36933,0.52854,0.47146,1.93846,2.17738,1.0,2.45667,1.65333,2.71667,1.51667
240.0,41.0,90.0,0.456,14.0,37.33333,0.37067,14.33333,20.0,0.70667,13.0,33.33333,46.33333,22.0,7.66667,4.66667,12.0,19.33333,110.33333,240.0,40.66667,89.33333,0.456,14.33333,35.33333,0.39967,18.66667,21.0,0.88167,10.0,33.0,43.0,22.0,9.0,1.66667,12.33333,16.33333,114.33333,1,0.05166,-0.05166,0.31103,0.40191,0.53631,0.53388,0.60951,0.58485,1653.75451,1633.81453,0.47764,0.52236,2.15338,1.97197,0.66667,240.0,42.66667,88.33333,0.485,11.66667,32.33333,0.35567,12.66667,18.0,0.716,9.66667,34.66667,44.33333,20.66667,6.66667,3.66667,10.33333,17.0,109.66667,240.0,40.66667,86.66667,0.469,13.33333,33.33333,0.39,18.0,20.0,0.88967,8.0,34.33333,42.33333,22.0,7.33333,1.33333,11.66667,17.33333,112.66667,1,0.03687,-0.03687,0.24499,0.28819,0.54554,0.55087,0.61808,0.59623,1691.8271,1656.62091,0.45509,0.54491,2.22493,1.85351,0.66667,2.63333,1.54333,2.96667,1.45667
240.0,37.0,84.0,0.443,13.0,40.33333,0.32033,22.33333,25.33333,0.891,10.33333,41.66667,52.0,17.33333,6.33333,7.0,16.0,18.0,109.33333,240.0,36.33333,94.0,0.387,8.66667,35.33333,0.24533,16.33333,19.66667,0.83433,11.66667,31.66667,43.33333,15.66667,7.66667,3.66667,9.66667,21.66667,97.66667,1,-0.16081,0.16081,0.28239,0.32395,0.43283,0.52112,0.49699,0.61386,,,,,,,0.33333,240.0,37.33333,90.0,0.41667,11.66667,38.33333,0.30267,14.33333,15.66667,0.91867,9.33333,31.33333,40.66667,23.0,7.0,4.33333,13.66667,20.0,100.66667,240.0,43.0,89.0,0.48267,13.33333,33.66667,0.39533,18.33333,19.66667,0.91533,9.66667,40.66667,50.33333,26.33333,9.33333,5.66667,12.33333,17.33333,117.66667,1,0.23192,-0.23192,0.33276,0.23067,0.55748,0.48152,0.63115,0.54045,,,,,,,1.0,,,,
240.0,41.0,93.0,0.44133,11.66667,33.0,0.359,12.66667,15.33333,0.81533,11.66667,34.33333,46.0,19.66667,10.0,3.66667,11.0,20.0,106.33333,240.0,34.66667,78.33333,0.443,12.33333,37.66667,0.32433,17.66667,23.33333,0.746,8.33333,33.33333,41.66667,21.33333,5.66667,7.0,16.0,15.0,99.33333,0,-0.09646,0.09646,0.24491,0.35049,0.52177,0.50382,0.59562,0.55193,,,,,,,0.0,240.0,44.66667,90.0,0.50067,10.66667,30.33333,0.355,19.66667,22.66667,0.88933,14.0,38.33333,52.33333,23.33333,10.33333,5.66667,13.33333,17.33333,119.66667,240.0,37.0,87.66667,0.421,12.0,32.0,0.37467,15.33333,19.66667,0.766,11.0,28.0,39.0,19.0,8.33333,5.66667,15.66667,18.33333,101.33333,0,-0.25136,0.25136,0.2864,0.48789,0.48902,0.56028,0.54873,0.63426,,,,,,,0.0,,,,
240.0,38.0,84.0,0.452,13.33333,32.33333,0.418,15.33333,20.33333,0.77567,6.66667,38.66667,45.33333,23.33333,4.0,6.33333,13.33333,18.0,104.66667,240.0,41.33333,94.33333,0.43633,14.0,38.33333,0.36367,12.0,15.66667,0.77267,8.33333,36.0,44.33333,19.66667,9.0,8.0,9.33333,20.66667,108.66667,1,0.04348,-0.04348,0.21432,0.19891,0.51002,0.5315,0.55363,0.5909,,,,,,,0.33333,240.0,39.0,82.66667,0.47167,12.0,31.0,0.383,13.66667,17.33333,0.78467,10.66667,31.0,41.66667,21.66667,4.0,5.0,19.0,18.66667,103.66667,240.0,43.66667,95.0,0.46133,11.66667,29.0,0.40367,10.66667,16.66667,0.62333,14.66667,27.0,41.66667,20.0,13.33333,5.0,9.0,19.0,109.66667,1,0.07925,-0.07925,0.48647,0.3957,0.52239,0.54397,0.5573,0.59939,,,,,,,0.66667,,,,
248.33333,44.0,88.66667,0.49467,14.0,36.66667,0.38267,16.66667,20.33333,0.81633,8.0,36.33333,44.33333,25.33333,4.33333,7.66667,16.66667,21.66667,118.66667,248.33333,47.0,100.33333,0.47033,15.33333,33.0,0.462,16.0,21.66667,0.74867,11.33333,30.33333,41.66667,25.0,10.66667,5.66667,9.0,20.66667,125.33333,0,0.0871,-0.0871,0.32221,0.27135,0.54766,0.57294,0.59946,0.63509,,,,,,,1.0,240.0,38.0,95.0,0.4,9.0,32.66667,0.28,17.33333,21.66667,0.795,12.33333,42.0,54.33333,21.0,7.0,4.0,12.66667,17.66667,102.33333,240.0,37.0,88.66667,0.417,11.0,37.66667,0.28967,12.33333,14.33333,0.862,6.66667,40.0,46.66667,20.66667,7.66667,6.66667,13.66667,20.66667,97.33333,0,-0.06825,0.06825,0.16284,0.31528,0.47927,0.44763,0.52995,0.51301,,,,,,,0.33333,,,,
240.0,35.33333,86.33333,0.40933,9.66667,32.66667,0.27367,14.66667,18.66667,0.797,13.33333,33.33333,46.66667,20.33333,9.0,2.33333,18.0,16.0,95.0,240.0,38.66667,85.0,0.456,9.0,31.33333,0.29833,11.33333,16.66667,0.715,9.33333,34.0,43.33333,23.33333,11.33333,3.66667,15.66667,19.33333,97.66667,1,0.02561,-0.02561,0.32517,0.42064,0.50903,0.46424,0.55217,0.52535,,,,,,,0.66667,248.33333,45.0,96.0,0.46833,17.66667,50.33333,0.35233,17.33333,20.0,0.87467,11.33333,39.0,50.33333,30.66667,4.66667,8.0,13.33333,21.66667,125.0,248.33333,46.0,99.66667,0.46467,17.33333,39.0,0.44233,16.33333,25.33333,0.643,12.0,35.33333,47.33333,30.33333,5.66667,5.66667,10.0,21.33333,125.66667,1,0.01311,-0.01311,0.3083,0.32198,0.5529,0.56038,0.601,0.62193,,,,,,,0.66667,,,,
240.0,41.66667,84.33333,0.49367,10.66667,27.0,0.389,17.0,18.33333,0.922,8.0,34.0,42.0,24.0,8.66667,5.33333,14.33333,18.0,111.0,240.0,39.33333,89.66667,0.44,11.0,30.33333,0.35633,13.66667,17.66667,0.773,12.66667,31.66667,44.33333,21.33333,8.0,2.33333,14.66667,16.33333,103.33333,0,-0.1006,0.1006,0.40525,0.26569,0.50106,0.55728,0.55314,0.6281,,,,,,,0.0,240.0,37.0,88.33333,0.42067,11.0,31.66667,0.35,14.66667,21.33333,0.684,14.33333,29.33333,43.66667,22.33333,7.33333,2.33333,15.0,18.0,99.66667,240.0,42.33333,81.66667,0.51767,12.33333,33.66667,0.37367,18.0,19.66667,0.913,6.0,33.0,39.0,26.66667,9.66667,7.0,14.0,21.66667,115.0,0,0.20625,-0.20625,0.20446,0.45216,0.59333,0.48374,0.66871,0.53803,,,,,,,1.0,,,,
240.0,39.33333,85.33333,0.45833,8.0,27.66667,0.266,17.33333,21.66667,0.79133,10.66667,36.66667,47.33333,25.33333,7.66667,4.33333,14.66667,16.33333,104.0,240.0,39.66667,91.0,0.431,10.66667,37.33333,0.29367,9.33333,12.33333,0.76067,11.0,34.33333,45.33333,22.66667,10.33333,4.33333,15.0,20.33333,99.33333,0,-0.09355,0.09355,0.31568,0.33302,0.48912,0.50422,0.52445,0.57533,,,,,,,0.33333,240.0,42.66667,93.0,0.45967,12.33333,35.33333,0.34767,20.33333,25.33333,0.80533,11.33333,37.33333,48.66667,28.66667,10.0,2.66667,15.0,20.0,118.0,240.0,41.33333,88.33333,0.46833,15.33333,35.33333,0.44367,15.33333,23.33333,0.63833,8.66667,33.66667,42.33333,25.0,8.0,6.33333,16.66667,21.66667,113.33333,0,-0.06033,0.06033,0.23742,0.36585,0.55538,0.52588,0.60801,0.59962,,,,,,,0.33333,,,,
240.0,39.0,88.33333,0.44533,10.33333,34.33333,0.308,17.33333,21.66667,0.82467,9.33333,36.0,45.33333,20.33333,6.66667,5.33333,13.0,20.33333,105.66667,240.0,38.33333,87.33333,0.43967,11.0,32.66667,0.33767,22.0,24.66667,0.88167,10.0,36.0,46.0,21.66667,8.0,4.66667,11.0,19.0,109.66667,1,0.0601,-0.0601,0.29628,0.27535,0.503,0.50418,0.593,0.57147,,,,,,,0.66667,240.0,42.0,93.33333,0.45167,12.0,34.33333,0.35033,11.33333,16.33333,0.69033,12.66667,33.66667,46.33333,25.33333,10.0,3.33333,12.0,19.33333,107.33333,240.0,39.66667,82.33333,0.485,10.33333,29.66667,0.34667,17.0,21.66667,0.78967,8.0,36.33333,44.33333,26.0,6.33333,3.66667,15.0,15.0,106.66667,1,-0.00193,0.00193,0.23225,0.34908,0.54964,0.51664,0.61722,0.55606,,,,,,,0.66667,,,,
240.0,30.66667,87.33333,0.34867,11.66667,40.66667,0.28367,15.33333,19.33333,0.80767,9.66667,35.66667,45.33333,18.0,7.0,4.0,13.0,20.0,88.33333,240.0,40.66667,87.33333,0.46567,12.33333,36.0,0.344,11.0,15.0,0.759,7.33333,44.33333,51.66667,25.33333,7.66667,6.0,14.66667,21.0,104.66667,1,0.25323,-0.25323,0.20465,0.22554,0.53585,0.41463,0.57779,0.48096,,,,,,,0.66667,248.33333,43.0,91.33333,0.471,10.66667,31.33333,0.33533,17.66667,22.33333,0.79133,9.66667,38.33333,48.0,19.33333,6.66667,7.0,16.33333,18.66667,114.33333,248.33333,48.33333,101.66667,0.47633,12.0,35.0,0.35,9.66667,15.33333,0.68167,13.0,33.66667,46.66667,31.33333,9.33333,4.33333,11.66667,20.66667,118.33333,1,0.05708,-0.05708,0.34335,0.29755,0.53544,0.53136,0.56419,0.59679,,,,,,,0.33333,,,,
248.33333,39.66667,91.66667,0.43467,12.66667,33.0,0.37233,16.66667,19.66667,0.84833,12.66667,43.0,55.66667,23.33333,7.33333,2.0,18.0,20.33333,108.66667,248.33333,35.0,90.0,0.38867,13.33333,44.0,0.30067,16.0,18.66667,0.86533,8.66667,34.33333,43.0,21.66667,10.33333,6.33333,15.0,19.66667,99.33333,1,-0.11629,0.11629,0.20171,0.3832,0.46372,0.50454,0.52861,0.56813,,,,,,,0.33333,240.0,37.66667,90.0,0.41933,11.66667,35.0,0.33467,14.33333,20.33333,0.69733,13.0,38.0,51.0,21.66667,6.33333,5.66667,14.33333,18.66667,101.33333,240.0,41.33333,90.66667,0.45567,14.0,41.66667,0.33433,11.66667,19.33333,0.55933,11.0,35.66667,46.66667,22.33333,7.0,6.0,11.66667,20.33333,108.33333,1,0.09534,-0.09534,0.28936,0.36561,0.53326,0.48509,0.57035,0.53768,,,,,,,1.0,,,,
240.0,39.33333,85.0,0.46,11.0,34.0,0.313,14.66667,23.0,0.597,9.33333,36.0,45.33333,23.33333,6.66667,3.66667,22.33333,20.0,104.33333,240.0,44.0,94.0,0.46867,9.66667,29.0,0.32733,14.66667,18.66667,0.75933,11.33333,32.66667,44.0,25.66667,12.33333,7.0,13.66667,21.0,112.33333,0,0.11101,-0.11101,0.33025,0.2863,0.52022,0.52341,0.57284,0.57669,,,,,,,1.0,240.0,33.66667,81.33333,0.41133,7.0,28.66667,0.24867,15.66667,20.33333,0.764,8.0,33.33333,41.33333,21.33333,9.0,3.33333,16.33333,17.33333,90.0,240.0,40.66667,85.0,0.479,9.66667,34.66667,0.281,7.33333,11.0,0.66133,8.0,38.33333,46.33333,25.0,9.33333,2.66667,20.33333,22.33333,98.33333,0,0.13338,-0.13338,0.23538,0.21604,0.53586,0.45472,0.56305,0.52363,,,,,,,0.66667,,,,
240.0,36.33333,88.33333,0.411,9.0,33.33333,0.26167,14.33333,20.0,0.71233,10.66667,31.33333,42.0,20.66667,9.0,6.0,15.33333,18.0,96.0,240.0,39.66667,83.33333,0.476,11.66667,28.33333,0.414,18.66667,21.33333,0.872,6.33333,39.33333,45.66667,23.33333,10.33333,7.66667,15.0,19.66667,109.66667,0,0.19386,-0.19386,0.23122,0.27137,0.54629,0.46211,0.62379,0.51713,,,,,,,1.0,240.0,36.0,94.66667,0.38033,8.33333,32.33333,0.261,17.66667,23.0,0.764,12.66667,41.0,53.66667,19.0,6.66667,4.66667,13.33333,21.0,98.0,240.0,35.66667,85.0,0.42033,10.0,34.66667,0.281,19.33333,24.0,0.83633,7.0,41.66667,48.66667,21.33333,7.33333,5.66667,14.0,21.33333,100.66667,0,0.03979,-0.03979,0.17913,0.31171,0.47872,0.42437,0.55915,0.49115,,,,,,,0.66667,,,,
240.0,40.33333,85.0,0.47433,14.0,35.66667,0.40933,15.66667,19.0,0.82733,10.0,34.66667,44.66667,24.33333,7.33333,6.0,12.66667,14.0,110.33333,240.0,40.0,88.0,0.45533,12.33333,32.66667,0.37433,11.66667,14.33333,0.79633,9.66667,34.0,43.66667,25.33333,7.0,5.0,12.0,17.0,104.0,1,-0.08381,0.08381,0.29321,0.29493,0.52543,0.55627,0.57161,0.61799,,,,,,,0.33333,240.0,39.0,85.66667,0.45567,13.33333,30.66667,0.421,13.33333,17.0,0.78733,10.0,38.66667,48.66667,22.33333,6.66667,6.33333,16.33333,21.0,104.66667,240.0,34.0,90.66667,0.37567,9.33333,39.33333,0.23667,18.33333,24.33333,0.75633,14.0,32.0,46.0,21.33333,8.0,5.33333,14.33333,18.66667,95.66667,1,-0.13164,0.13164,0.36921,0.31581,0.42736,0.53362,0.49864,0.58559,,,,,,,0.33333,,,,
240.0,41.0,91.0,0.45133,13.66667,38.66667,0.35333,19.66667,24.0,0.81467,10.0,36.33333,46.33333,28.66667,10.0,4.33333,12.66667,17.0,115.33333,240.0,41.0,89.0,0.46033,14.0,40.66667,0.34533,10.33333,16.33333,0.63767,8.0,36.66667,44.66667,22.0,4.66667,3.66667,16.33333,19.66667,106.33333,0,-0.11751,0.11751,0.23252,0.27183,0.53886,0.52689,0.57427,0.59955,,,,,,,0.0,240.0,39.33333,93.33333,0.421,13.0,39.0,0.33567,15.66667,22.33333,0.73467,15.33333,33.66667,49.0,22.66667,8.0,6.0,15.66667,18.0,107.33333,240.0,42.33333,93.66667,0.454,15.0,39.0,0.37967,13.33333,20.0,0.673,14.33333,32.33333,46.66667,29.33333,8.66667,7.66667,12.33333,19.66667,113.0,0,0.07409,-0.07409,0.43102,0.49113,0.53447,0.49042,0.57856,0.54592,,,,,,,0.66667,,,,
240.0,40.33333,89.0,0.45467,12.33333,32.33333,0.38367,17.0,21.66667,0.783,10.33333,31.33333,41.66667,23.0,10.66667,5.0,13.0,16.0,110.0,240.0,41.33333,88.66667,0.46633,11.0,36.66667,0.29633,13.0,14.66667,0.86733,11.0,34.66667,45.66667,21.0,7.33333,4.66667,17.33333,20.0,106.66667,0,-0.0445,0.0445,0.37296,0.3119,0.52812,0.52472,0.57986,0.58896,,,,,,,0.33333,248.33333,36.66667,91.33333,0.39933,11.33333,42.33333,0.26833,15.0,18.66667,0.82533,7.0,38.0,45.0,21.0,11.33333,5.66667,13.33333,15.66667,99.66667,248.33333,40.33333,88.33333,0.45833,16.66667,41.0,0.41267,9.0,14.0,0.62867,9.0,43.33333,52.33333,28.66667,7.33333,5.66667,19.33333,19.33333,106.33333,0,0.10401,-0.10401,0.2438,0.16506,0.55253,0.46058,0.583,0.51999,,,,,,,0.66667,,,,
240.0,36.0,83.33333,0.43167,11.0,33.33333,0.319,16.0,25.66667,0.63033,11.0,37.33333,48.33333,21.0,9.33333,3.0,22.0,21.33333,99.0,240.0,41.33333,92.0,0.45033,12.33333,37.33333,0.33,16.66667,23.0,0.703,12.33333,34.0,46.33333,24.33333,14.0,9.33333,14.66667,21.33333,111.66667,0,0.17227,-0.17227,0.34631,0.32407,0.51824,0.4964,0.57672,0.55487,,,,,,,1.0,240.0,38.0,87.66667,0.432,10.33333,32.33333,0.31267,15.0,23.0,0.67733,14.66667,32.0,46.66667,23.66667,10.33333,2.66667,19.0,17.0,101.33333,240.0,43.33333,88.0,0.49667,12.33333,29.33333,0.42233,10.66667,15.0,0.73233,10.0,30.33333,40.33333,25.0,11.33333,9.0,16.33333,18.0,109.66667,0,0.11955,-0.11955,0.35418,0.49528,0.56771,0.48993,0.60564,0.54443,,,,,,,1.0,,,,
240.0,35.66667,85.33333,0.41733,11.33333,35.0,0.32333,16.33333,22.33333,0.73967,9.33333,24.66667,34.0,23.0,10.0,4.33333,13.66667,18.33333,99.0,240.0,43.66667,79.33333,0.55467,12.33333,28.0,0.44633,16.66667,20.33333,0.79967,6.0,39.33333,45.33333,25.33333,8.33333,4.66667,17.33333,20.33333,116.33333,1,0.23393,-0.23393,0.23771,0.23718,0.63326,0.48419,0.69866,0.54834,,,,,,,1.0,240.0,37.66667,87.33333,0.43267,15.0,45.33333,0.331,16.33333,22.0,0.721,8.0,38.66667,46.66667,22.66667,9.0,4.66667,15.33333,22.0,106.66667,240.0,37.0,88.33333,0.41933,13.33333,38.0,0.36333,16.66667,20.33333,0.816,9.33333,35.66667,45.0,21.33333,9.0,5.66667,15.33333,20.66667,104.0,1,-0.03937,0.03937,0.24285,0.2368,0.49614,0.5187,0.56367,0.57971,,,,,,,0.33333,,,,
240.0,39.33333,89.0,0.44333,8.33333,28.33333,0.292,12.0,17.66667,0.674,8.66667,36.66667,45.33333,24.33333,9.66667,5.33333,14.33333,15.33333,99.0,240.0,40.33333,88.0,0.459,12.33333,38.0,0.31867,6.66667,12.33333,0.54033,8.66667,37.33333,46.0,21.33333,6.66667,3.66667,17.33333,19.33333,99.66667,0,0.00843,-0.00843,0.23759,0.23457,0.52881,0.49021,0.54993,0.53399,,,,,,,0.66667,248.33333,38.33333,89.33333,0.43033,10.33333,32.33333,0.32033,15.33333,19.0,0.78767,9.66667,38.66667,48.33333,20.0,8.33333,4.0,16.66667,20.33333,102.33333,248.33333,37.66667,89.33333,0.42267,12.33333,39.33333,0.31567,14.0,18.0,0.77733,11.33333,36.0,47.33333,22.0,8.0,5.33333,18.0,19.66667,101.66667,0,-0.00244,0.00244,0.29206,0.27297,0.49262,0.48827,0.54645,0.54804,,,,,,,0.33333,,,,
240.0,41.0,87.0,0.47733,16.66667,39.33333,0.43,11.66667,16.33333,0.73133,5.66667,33.33333,39.0,24.66667,7.33333,4.66667,13.0,17.66667,110.33333,240.0,42.33333,91.66667,0.46433,16.0,37.33333,0.43233,13.0,18.0,0.733,13.66667,38.0,51.66667,25.0,8.0,4.0,17.0,18.33333,113.66667,1,0.05479,-0.05479,0.40792,0.14624,0.55188,0.57487,0.59697,0.61698,,,,,,,0.66667,240.0,40.0,82.66667,0.48767,15.66667,38.66667,0.407,15.66667,19.33333,0.82233,9.66667,35.0,44.66667,26.0,7.33333,8.33333,18.0,16.0,111.33333,240.0,38.0,93.66667,0.40567,13.66667,44.0,0.314,11.33333,14.66667,0.802,15.66667,28.66667,44.33333,23.0,9.0,3.0,16.0,19.66667,101.0,1,-0.13624,0.13624,0.44986,0.32124,0.47877,0.58409,0.52121,0.64611,,,,,,,0.0,,,,
240.0,32.33333,87.66667,0.36867,9.66667,39.0,0.24367,12.0,18.33333,0.64533,8.66667,36.0,44.66667,18.33333,7.0,4.0,16.33333,14.66667,86.33333,240.0,42.33333,92.66667,0.45633,17.33333,45.66667,0.383,9.33333,12.33333,0.71767,10.66667,43.66667,54.33333,25.66667,9.0,7.0,14.0,19.33333,111.33333,0,0.36352,-0.36352,0.30118,0.2043,0.54975,0.42335,0.58292,0.47102,,,,,,,1.0,240.0,35.66667,85.33333,0.41667,8.66667,31.0,0.261,19.33333,23.33333,0.82333,11.33333,39.33333,50.66667,17.66667,8.33333,3.33333,20.33333,17.0,99.33333,240.0,39.33333,93.0,0.421,12.0,41.0,0.293,12.33333,16.33333,0.74467,9.33333,31.66667,41.0,26.33333,13.66667,4.0,12.66667,22.66667,103.0,0,0.04598,-0.04598,0.24477,0.37869,0.48548,0.46649,0.5304,0.54691,,,,,,,0.33333,,,,
248.33333,42.33333,95.66667,0.44,9.33333,32.33333,0.28733,16.0,20.0,0.80733,10.0,41.66667,51.66667,23.0,8.0,6.0,16.33333,20.0,110.0,248.33333,42.33333,96.33333,0.441,14.33333,42.66667,0.34633,17.33333,25.0,0.68467,12.66667,38.33333,51.0,25.33333,10.66667,5.33333,13.66667,19.66667,116.33333,0,0.09083,-0.09083,0.30792,0.2656,0.51658,0.4895,0.57514,0.54869,,,,,,,0.66667,240.0,38.33333,88.66667,0.435,9.66667,36.0,0.26667,21.0,25.66667,0.814,11.66667,39.0,50.66667,19.0,9.66667,5.66667,11.33333,13.33333,107.33333,240.0,36.0,89.0,0.404,12.66667,41.0,0.307,10.66667,14.33333,0.761,9.66667,34.66667,44.33333,18.33333,5.66667,3.33333,14.0,20.0,95.33333,0,-0.17012,0.17012,0.25012,0.35951,0.47647,0.49107,0.51879,0.575,,,,,,,0.0,,,,
240.0,39.0,86.33333,0.45267,9.33333,34.33333,0.279,12.66667,18.33333,0.69467,8.33333,32.66667,41.0,23.33333,9.33333,7.33333,14.33333,16.0,100.0,240.0,41.0,90.66667,0.45367,12.66667,38.0,0.33567,11.66667,15.0,0.78733,11.66667,36.0,47.66667,20.33333,7.0,5.33333,15.0,21.0,106.33333,0,0.08201,-0.08201,0.35359,0.2465,0.52332,0.50694,0.56669,0.55411,,,,,,,0.66667,240.0,44.0,89.66667,0.49033,14.66667,37.66667,0.391,13.0,17.33333,0.74367,8.0,34.0,42.0,32.0,8.66667,5.0,13.33333,14.66667,115.66667,240.0,43.66667,95.0,0.45667,14.33333,39.0,0.37533,12.0,13.33333,0.873,10.66667,36.0,46.66667,24.66667,10.0,6.33333,12.0,16.66667,113.66667,0,-0.02373,0.02373,0.32564,0.25657,0.53263,0.57234,0.57897,0.6183,,,,,,,0.66667,,,,
265.0,42.33333,95.66667,0.44133,10.33333,37.66667,0.24233,19.66667,25.0,0.78667,9.33333,43.0,52.33333,26.66667,7.66667,9.33333,11.33333,25.0,114.66667,265.0,37.0,97.0,0.37767,12.66667,41.0,0.30633,21.0,28.0,0.74967,11.33333,42.0,53.33333,20.0,6.0,4.66667,13.66667,22.33333,107.66667,1,-0.0999,0.0999,0.26311,0.22877,0.44243,0.49689,0.51716,0.56648,,,,,,,0.33333,240.0,33.33333,85.0,0.39233,12.33333,41.0,0.30333,15.66667,23.33333,0.67133,7.33333,30.66667,38.0,20.33333,7.0,4.0,14.0,21.66667,94.66667,240.0,45.0,91.33333,0.49167,10.0,32.33333,0.30267,19.33333,23.0,0.88167,12.0,41.33333,53.33333,26.33333,8.0,2.33333,12.66667,21.66667,119.33333,1,0.32711,-0.32711,0.40715,0.1794,0.5457,0.46499,0.61728,0.52526,,,,,,,1.0,,,,
240.0,37.66667,89.0,0.42433,14.33333,42.0,0.33933,20.66667,24.0,0.87233,12.33333,42.0,54.33333,18.33333,9.0,4.66667,17.66667,20.33333,110.33333,240.0,36.33333,95.0,0.383,7.33333,33.66667,0.22167,19.66667,24.66667,0.79467,12.66667,33.33333,46.0,17.0,10.33333,4.33333,11.66667,21.66667,99.66667,1,-0.14466,0.14466,0.30563,0.36905,0.42136,0.50556,0.49675,0.58639,,,,,,,0.33333,240.0,39.66667,90.0,0.44133,12.33333,36.0,0.34867,14.66667,21.33333,0.699,7.66667,39.66667,47.33333,25.33333,6.66667,5.33333,12.66667,16.66667,106.33333,240.0,41.0,96.33333,0.424,13.66667,45.0,0.303,13.66667,18.33333,0.74267,11.66667,38.0,49.66667,22.33333,8.0,4.66667,11.33333,18.33333,109.33333,1,0.0299,-0.0299,0.29539,0.21378,0.49433,0.511,0.54248,0.56294,,,,,,,0.33333,,,,
248.33333,41.0,94.33333,0.43567,15.66667,44.66667,0.351,16.0,20.0,0.8,14.0,30.66667,44.66667,27.33333,6.66667,5.33333,15.66667,25.0,113.66667,248.33333,41.66667,90.66667,0.46067,12.0,39.66667,0.31433,23.33333,29.0,0.80267,16.0,33.0,49.0,24.33333,10.33333,5.66667,12.33333,20.33333,118.66667,1,0.05967,-0.05967,0.56763,0.42172,0.52643,0.51809,0.61243,0.57593,,,,,,,0.66667,256.66667,40.0,94.0,0.42533,13.0,40.0,0.323,22.66667,29.66667,0.76133,12.33333,38.33333,50.66667,24.0,8.66667,2.33333,16.0,21.33333,115.66667,256.66667,43.0,92.33333,0.46633,14.33333,34.33333,0.41467,16.33333,22.66667,0.721,11.0,39.0,50.0,26.0,8.0,6.33333,16.66667,23.66667,116.66667,1,0.01009,-0.01009,0.28872,0.31917,0.54383,0.4951,0.59949,0.57532,,,,,,,0.66667,,,,
240.0,37.33333,87.66667,0.42633,11.33333,33.0,0.35833,16.66667,20.66667,0.80733,15.0,39.33333,54.33333,20.0,7.33333,5.0,20.33333,20.66667,102.66667,240.0,39.0,91.66667,0.426,13.66667,38.66667,0.372,15.66667,20.66667,0.726,11.66667,33.0,44.66667,24.66667,10.66667,7.33333,14.66667,19.33333,107.33333,0,0.05837,-0.05837,0.30093,0.45826,0.50109,0.4912,0.55893,0.55763,,,,,,,0.66667,240.0,40.66667,89.66667,0.456,15.33333,40.33333,0.383,7.33333,10.33333,0.71533,8.0,36.33333,44.33333,24.66667,8.0,3.33333,15.66667,20.33333,104.0,240.0,39.0,88.0,0.44333,8.66667,28.33333,0.294,15.33333,22.66667,0.68133,11.0,40.0,51.0,24.33333,9.0,4.0,14.0,16.0,102.0,0,-0.02396,0.02396,0.30957,0.19807,0.49271,0.54204,0.54862,0.56794,,,,,,,0.33333,,,,
240.0,41.66667,84.66667,0.49267,18.0,38.66667,0.46633,14.66667,20.66667,0.693,7.33333,34.0,41.33333,24.0,7.33333,5.0,12.0,20.33333,116.0,240.0,37.0,86.33333,0.428,13.0,36.0,0.35733,18.33333,20.33333,0.89767,8.66667,33.33333,42.0,26.33333,6.0,3.66667,12.0,20.0,105.33333,0,-0.14,0.14,0.26261,0.2224,0.50345,0.59857,0.57908,0.6507,,,,,,,0.0,240.0,42.33333,88.66667,0.478,12.0,30.66667,0.396,14.66667,19.0,0.74,9.0,33.0,42.0,25.33333,9.0,4.66667,14.66667,15.0,111.33333,240.0,42.33333,87.33333,0.48233,15.0,39.0,0.38833,11.66667,15.0,0.77333,10.0,32.0,42.0,28.33333,8.33333,5.0,17.33333,20.0,111.33333,0,-0.00706,0.00706,0.30741,0.28362,0.5683,0.54583,0.61232,0.60041,,,,,,,0.33333,,,,
240.0,42.0,91.33333,0.461,9.0,26.0,0.34733,14.33333,18.66667,0.77033,7.0,37.33333,44.33333,28.33333,9.66667,4.66667,12.66667,12.0,107.33333,240.0,41.0,89.66667,0.456,13.33333,39.33333,0.341,9.0,12.66667,0.71267,8.66667,36.0,44.66667,26.66667,8.66667,6.0,17.0,16.66667,104.33333,0,-0.05973,0.05973,0.24648,0.20027,0.53056,0.51063,0.56334,0.56404,,,,,,,0.33333,240.0,42.0,87.66667,0.47867,14.0,38.66667,0.35967,14.0,17.33333,0.81167,9.66667,34.66667,44.33333,28.0,7.0,6.33333,14.66667,19.66667,112.0,240.0,39.66667,85.33333,0.465,11.66667,34.0,0.33867,17.0,21.66667,0.79067,8.33333,33.66667,42.0,21.33333,8.0,3.33333,13.0,17.0,108.0,0,-0.05839,0.05839,0.24518,0.28598,0.53313,0.55883,0.59859,0.61217,,,,,,,0.33333,,,,
240.0,34.66667,85.0,0.40767,11.0,38.66667,0.28733,18.66667,25.33333,0.72667,9.66667,37.0,46.66667,20.0,6.66667,5.33333,15.0,22.33333,99.0,240.0,42.33333,95.0,0.447,10.66667,35.0,0.30867,16.0,20.66667,0.78233,12.66667,33.0,45.66667,26.66667,8.66667,4.33333,10.0,20.66667,111.33333,0,0.17043,-0.17043,0.34417,0.29764,0.50236,0.47269,0.56094,0.54565,,,,,,,0.66667,240.0,38.33333,83.66667,0.46,12.0,32.66667,0.374,16.0,19.0,0.83367,9.0,30.33333,39.33333,22.33333,7.66667,5.33333,14.33333,19.0,104.66667,240.0,40.0,89.33333,0.44733,12.33333,32.33333,0.388,14.66667,20.66667,0.70933,13.66667,32.33333,46.0,22.0,10.66667,4.33333,13.66667,20.33333,107.0,0,0.02754,-0.02754,0.47404,0.28305,0.51631,0.53145,0.57053,0.59773,,,,,,,0.33333,,,,
240.0,41.66667,90.66667,0.46067,11.0,29.66667,0.37533,12.0,17.66667,0.674,9.0,35.33333,44.33333,27.66667,8.0,6.0,13.0,12.66667,106.33333,240.0,43.0,89.66667,0.47867,15.33333,40.66667,0.37667,8.0,13.66667,0.582,9.33333,36.0,45.33333,25.0,7.0,4.33333,15.0,18.66667,109.33333,1,0.02953,-0.02953,0.2733,0.25582,0.56427,0.52182,0.58939,0.56383,,,,,,,0.66667,240.0,40.0,83.33333,0.47867,16.0,40.33333,0.39367,15.0,22.0,0.66733,8.33333,34.33333,42.66667,26.66667,10.33333,5.66667,12.66667,17.66667,111.0,240.0,34.33333,85.0,0.40267,13.66667,42.0,0.32633,13.0,16.0,0.812,8.33333,33.33333,41.66667,20.33333,6.33333,2.0,16.66667,19.66667,95.33333,1,-0.22205,0.22205,0.24768,0.26633,0.48295,0.57326,0.53795,0.62784,,,,,,,0.0,,,,
240.0,43.0,89.33333,0.48133,10.33333,30.0,0.34467,13.33333,18.0,0.745,6.33333,34.66667,41.0,28.66667,9.33333,4.0,13.0,20.66667,109.66667,240.0,40.66667,87.33333,0.463,15.33333,36.0,0.426,17.66667,24.0,0.725,9.33333,37.33333,46.66667,22.33333,7.0,4.66667,16.33333,19.66667,114.33333,1,0.05095,-0.05095,0.26683,0.17082,0.54967,0.53928,0.61553,0.58796,,,,,,,0.33333,248.33333,41.66667,92.66667,0.45067,13.33333,36.0,0.36367,17.33333,20.0,0.87467,11.66667,34.33333,46.0,26.33333,9.0,6.33333,13.66667,19.66667,114.0,248.33333,44.33333,93.33333,0.48,12.0,33.33333,0.367,13.0,18.33333,0.67233,12.66667,35.33333,48.0,27.66667,10.0,7.66667,13.33333,18.66667,113.66667,1,-0.00588,0.00588,0.36364,0.33108,0.54656,0.52189,0.59047,0.58733,,,,,,,0.66667,,,,
240.0,37.33333,88.0,0.427,12.33333,34.33333,0.36533,16.66667,21.66667,0.76567,10.0,32.0,42.0,20.33333,10.66667,4.0,14.33333,15.0,103.66667,240.0,42.66667,88.33333,0.48333,14.0,40.0,0.344,13.66667,16.66667,0.812,10.33333,38.33333,48.66667,26.0,8.66667,3.33333,17.0,19.33333,113.0,0,0.13346,-0.13346,0.35235,0.28188,0.56295,0.49736,0.61444,0.56163,,,,,,,0.66667,240.0,39.0,91.0,0.428,13.66667,37.66667,0.36167,17.66667,20.66667,0.85667,11.66667,33.0,44.66667,22.0,9.0,3.0,13.0,15.33333,109.33333,240.0,41.0,88.33333,0.469,11.0,37.33333,0.29367,13.66667,18.66667,0.71567,10.0,35.33333,45.33333,24.33333,7.66667,5.33333,14.0,19.66667,106.66667,0,-0.03283,0.03283,0.29696,0.3273,0.53247,0.50344,0.58316,0.57154,,,,,,,0.33333,,,,
240.0,41.33333,97.0,0.426,11.66667,36.33333,0.321,14.0,15.66667,0.86533,15.33333,36.66667,52.0,21.33333,12.0,3.33333,11.33333,16.66667,108.33333,240.0,34.0,79.66667,0.42767,13.33333,38.33333,0.349,12.33333,17.0,0.72167,8.33333,32.66667,41.0,21.33333,5.66667,8.33333,20.0,16.33333,93.66667,1,-0.21184,0.21184,0.22621,0.4712,0.51182,0.48625,0.56248,0.53852,,,,,,,0.0,265.0,48.0,97.33333,0.49733,7.66667,27.0,0.268,15.33333,19.66667,0.75767,7.0,39.33333,46.33333,25.66667,5.66667,6.33333,12.0,23.33333,119.0,265.0,44.33333,99.0,0.45033,14.0,36.0,0.38667,21.33333,25.33333,0.85433,10.66667,39.66667,50.33333,23.0,5.66667,5.66667,9.33333,19.66667,124.0,1,0.06173,-0.06173,0.27023,0.1803,0.52203,0.53784,0.59665,0.58929,,,,,,,1.0,,,,
240.0,40.33333,91.0,0.444,14.33333,37.0,0.38667,17.66667,21.33333,0.83533,9.66667,36.0,45.66667,20.66667,5.66667,2.33333,14.66667,16.0,112.66667,240.0,44.0,89.33333,0.49267,18.0,45.0,0.39767,15.66667,18.33333,0.83833,7.33333,33.66667,41.0,30.33333,9.33333,6.0,13.0,20.66667,121.66667,0,0.11083,-0.11083,0.2088,0.27489,0.59354,0.52413,0.65145,0.59076,,,,,,,1.0,240.0,39.33333,89.0,0.444,9.66667,31.33333,0.31467,14.66667,22.0,0.662,8.66667,32.33333,41.0,20.66667,7.0,4.33333,12.66667,20.66667,103.0,240.0,42.33333,91.33333,0.46567,13.33333,44.66667,0.29933,18.0,23.66667,0.77667,11.66667,39.33333,51.0,18.0,6.0,5.66667,13.0,21.33333,116.0,0,0.17974,-0.17974,0.35942,0.21791,0.53831,0.49816,0.60244,0.55024,,,,,,,1.0,,,,
240.0,41.33333,93.0,0.447,7.33333,24.33333,0.30567,12.33333,16.66667,0.73467,15.66667,33.33333,49.0,23.66667,4.66667,2.66667,14.33333,15.66667,102.33333,240.0,44.0,92.66667,0.47667,12.0,36.0,0.33467,14.33333,16.33333,0.882,9.33333,34.66667,44.0,24.66667,7.33333,5.33333,8.66667,19.66667,114.33333,0,0.15647,-0.15647,0.27183,0.46239,0.5414,0.48631,0.59543,0.53152,,,,,,,0.66667,240.0,35.66667,89.33333,0.39967,9.33333,30.33333,0.30533,17.66667,23.66667,0.74133,11.66667,34.0,45.66667,20.66667,9.0,4.0,14.33333,21.33333,98.33333,240.0,38.0,77.66667,0.496,11.0,31.33333,0.359,18.0,23.66667,0.77,5.33333,39.0,44.33333,23.66667,7.66667,5.0,17.33333,21.33333,105.0,0,0.09111,-0.09111,0.15517,0.30062,0.56683,0.45312,0.64002,0.52114,,,,,,,0.66667,,,,
248.33333,42.66667,94.33333,0.452,19.0,45.33333,0.415,10.0,13.66667,0.733,12.33333,34.66667,47.0,24.33333,5.33333,4.33333,11.0,15.33333,114.33333,248.33333,41.66667,94.0,0.444,14.0,40.33333,0.35033,13.0,15.66667,0.83733,12.0,33.66667,45.66667,20.66667,7.0,8.0,11.0,16.33333,110.33333,0,-0.0558,0.0558,0.36893,0.36911,0.51931,0.55387,0.56753,0.58791,,,,,,,0.33333,240.0,40.66667,86.0,0.47433,13.0,37.66667,0.34033,16.0,19.0,0.85733,8.66667,30.66667,39.33333,27.66667,6.66667,4.66667,13.33333,19.66667,110.33333,240.0,39.66667,85.0,0.46533,10.66667,31.33333,0.33567,22.66667,25.33333,0.88833,9.33333,33.33333,42.66667,22.0,10.33333,4.0,11.0,20.0,112.66667,0,0.02508,-0.02508,0.32662,0.26141,0.52781,0.55082,0.62113,0.61384,,,,,,,0.66667,,,,
240.0,40.33333,93.0,0.43367,17.0,41.66667,0.39433,10.33333,16.0,0.64567,13.66667,36.66667,50.33333,22.33333,7.66667,4.33333,11.33333,12.33333,108.0,240.0,39.66667,89.0,0.44933,13.66667,35.66667,0.38833,10.33333,14.0,0.746,8.0,34.0,42.0,21.33333,8.0,8.33333,12.0,17.66667,103.33333,0,-0.05811,0.05811,0.2118,0.40135,0.52664,0.52593,0.56484,0.56029,,,,,,,0.33333,240.0,41.66667,82.33333,0.50367,9.33333,27.0,0.33967,18.0,22.0,0.83667,9.0,37.0,46.0,22.66667,7.66667,7.66667,15.66667,18.66667,110.66667,240.0,40.33333,91.66667,0.44,11.66667,30.33333,0.38167,16.0,21.0,0.746,11.66667,28.0,39.66667,19.66667,9.66667,3.66667,12.33333,16.33333,108.33333,0,-0.01421,0.01421,0.31521,0.33164,0.50325,0.55945,0.56301,0.63172,,,,,,,0.33333,,,,
240.0,39.33333,82.66667,0.47633,13.33333,34.33333,0.39,16.66667,19.33333,0.87067,9.0,37.66667,46.66667,26.66667,4.0,3.33333,14.33333,17.33333,108.66667,240.0,39.0,88.33333,0.441,10.66667,33.33333,0.31533,12.0,15.66667,0.77267,6.66667,31.33333,38.0,19.0,9.66667,7.0,9.66667,19.66667,100.66667,0,-0.10977,0.10977,0.17728,0.30641,0.50116,0.5572,0.5481,0.62534,,,,,,,0.0,240.0,39.0,86.0,0.45667,11.66667,31.0,0.38933,16.0,19.33333,0.82867,10.33333,37.66667,48.0,17.66667,5.33333,6.33333,15.66667,21.33333,105.66667,240.0,37.33333,89.0,0.42,7.66667,27.33333,0.27433,22.66667,27.33333,0.83633,10.66667,32.0,42.66667,20.33333,7.0,3.66667,8.33333,18.66667,105.0,0,-0.00682,0.00682,0.29029,0.31564,0.46344,0.52495,0.55343,0.5885,,,,,,,0.33333,,,,
240.0,39.0,91.33333,0.427,9.33333,34.66667,0.261,17.33333,22.0,0.785,16.0,37.33333,53.33333,21.33333,7.33333,4.66667,12.0,18.0,104.66667,240.0,36.66667,88.0,0.41633,15.0,41.33333,0.36233,13.33333,17.0,0.787,9.66667,34.66667,44.33333,21.66667,6.0,6.0,11.0,18.33333,101.66667,0,-0.04243,0.04243,0.26156,0.47521,0.50183,0.47756,0.55448,0.54379,,,,,,,0.33333,248.33333,44.0,96.0,0.457,15.0,44.0,0.33867,19.0,24.66667,0.811,14.33333,35.33333,49.66667,28.0,8.0,7.33333,13.33333,18.33333,122.0,248.33333,44.66667,98.0,0.45867,18.0,41.66667,0.431,14.0,21.33333,0.665,15.0,32.66667,47.66667,29.66667,6.66667,8.0,13.0,22.0,121.33333,0,-0.00376,0.00376,0.43403,0.4615,0.55111,0.53446,0.5936,0.6,,,,,,,0.33333,,,,
240.0,42.0,83.0,0.50467,10.33333,26.33333,0.383,18.0,19.33333,0.92933,8.0,33.66667,41.66667,24.33333,9.66667,5.0,13.66667,17.33333,112.33333,240.0,40.0,85.33333,0.47133,13.0,30.33333,0.428,15.33333,20.33333,0.75467,10.66667,29.66667,40.33333,23.66667,8.66667,2.0,14.0,16.0,108.33333,0,-0.04495,0.04495,0.35509,0.28235,0.54709,0.56697,0.60552,0.64267,,,,,,,0.33333,240.0,37.66667,85.33333,0.44333,14.66667,40.0,0.36133,20.0,27.66667,0.73167,10.66667,28.33333,39.0,22.66667,8.33333,3.0,18.66667,20.0,110.0,240.0,42.66667,87.33333,0.489,14.66667,43.33333,0.33667,23.33333,27.33333,0.86833,12.33333,32.0,44.33333,28.33333,13.0,4.33333,14.66667,23.66667,123.33333,0,0.16503,-0.16503,0.4718,0.32385,0.57242,0.52869,0.66084,0.60379,,,,,,,1.0,,,,
240.0,39.33333,84.33333,0.46633,13.66667,38.0,0.361,15.33333,19.66667,0.788,13.0,32.33333,45.33333,23.66667,7.0,5.33333,12.66667,16.0,107.66667,240.0,38.66667,86.0,0.44967,11.66667,34.66667,0.332,15.33333,17.66667,0.87233,10.33333,32.33333,42.66667,23.0,7.33333,3.66667,11.33333,17.66667,104.33333,1,-0.04482,0.04482,0.32955,0.40852,0.51752,0.54699,0.58053,0.60669,,,,,,,0.33333,240.0,36.0,88.33333,0.40833,9.0,31.66667,0.28233,14.0,18.0,0.76567,12.0,40.0,52.0,15.0,6.33333,7.33333,17.66667,19.66667,95.0,240.0,36.66667,86.33333,0.425,9.0,26.33333,0.335,20.0,23.66667,0.85033,5.66667,35.66667,41.33333,21.66667,9.0,7.0,9.33333,18.0,102.33333,1,0.11351,-0.11351,0.14267,0.33823,0.47741,0.45951,0.55929,0.51513,,,,,,,0.66667,,,,
240.0,36.33333,87.33333,0.415,13.66667,40.0,0.34333,15.33333,22.33333,0.68433,11.0,27.33333,38.33333,22.0,9.66667,4.33333,13.66667,22.0,101.66667,240.0,40.0,76.66667,0.52667,12.33333,28.66667,0.439,18.0,24.66667,0.72967,5.33333,37.66667,43.0,23.0,6.33333,5.33333,17.33333,20.66667,110.33333,0,0.12153,-0.12153,0.18519,0.30003,0.60733,0.49301,0.67748,0.5507,,,,,,,0.66667,240.0,37.66667,91.0,0.415,11.0,33.0,0.334,12.33333,16.33333,0.749,13.0,34.33333,47.33333,23.0,8.66667,3.66667,10.0,20.66667,98.66667,240.0,37.0,79.66667,0.468,10.33333,29.66667,0.34667,16.33333,22.0,0.74433,7.66667,38.0,45.66667,24.33333,5.66667,4.0,13.66667,16.0,100.66667,0,0.02802,-0.02802,0.21963,0.34029,0.53439,0.47573,0.60038,0.52394,,,,,,,0.66667,,,,
240.0,33.66667,87.33333,0.381,10.0,37.66667,0.26133,18.33333,24.66667,0.74133,11.33333,36.0,47.33333,19.66667,8.0,4.33333,14.33333,20.66667,95.66667,240.0,40.0,85.33333,0.469,9.66667,31.33333,0.312,13.33333,18.66667,0.71267,7.0,39.66667,46.66667,23.33333,8.33333,6.33333,15.33333,23.66667,103.0,0,0.12305,-0.12305,0.19531,0.30037,0.52582,0.43793,0.57638,0.51249,,,,,,,0.33333,240.0,37.33333,86.33333,0.43533,11.66667,32.33333,0.374,16.33333,19.0,0.85933,8.66667,37.0,45.66667,18.66667,5.66667,6.33333,16.0,19.66667,102.66667,240.0,40.66667,93.66667,0.43333,7.0,27.0,0.25633,21.66667,26.66667,0.81667,14.0,35.0,49.0,19.0,7.66667,3.66667,9.0,18.33333,110.0,0,0.10208,-0.10208,0.38532,0.24984,0.47052,0.50354,0.55226,0.57019,,,,,,,0.66667,,,,
256.66667,36.0,88.0,0.40867,9.33333,34.66667,0.24567,18.33333,23.33333,0.79,9.33333,40.66667,50.0,21.0,7.33333,7.66667,12.66667,22.66667,99.66667,256.66667,31.0,89.66667,0.344,9.33333,40.0,0.23567,19.33333,25.0,0.76333,11.0,40.0,51.0,17.33333,7.33333,2.66667,15.0,20.33333,90.66667,0,-0.15537,0.15537,0.27581,0.24686,0.39657,0.46719,0.47282,0.53954,,,,,,,0.33333,240.0,40.0,89.0,0.45233,10.66667,30.33333,0.37133,17.0,21.66667,0.75567,12.33333,37.33333,49.66667,22.0,6.0,6.33333,10.66667,20.0,107.66667,240.0,39.33333,87.66667,0.44833,14.66667,41.33333,0.35233,13.0,21.33333,0.556,10.0,33.66667,43.66667,19.66667,4.33333,4.66667,10.0,20.0,106.33333,0,-0.00948,0.00948,0.2684,0.36376,0.53224,0.51335,0.57594,0.57758,,,,,,,0.66667,,,,
240.0,42.33333,89.0,0.479,14.0,30.33333,0.45467,21.33333,25.0,0.85167,12.33333,40.0,52.33333,25.66667,8.0,3.0,12.66667,20.33333,120.0,240.0,34.66667,85.66667,0.40467,14.66667,45.0,0.32633,18.0,22.0,0.848,7.66667,30.66667,38.33333,21.33333,7.33333,5.66667,12.66667,20.66667,102.0,0,-0.23264,0.23264,0.19986,0.4019,0.49056,0.55864,0.56319,0.63943,,,,,,,0.0,240.0,32.0,78.33333,0.40833,7.66667,30.0,0.26067,17.66667,23.66667,0.74833,8.0,36.0,44.0,19.66667,8.0,4.66667,15.0,17.0,89.33333,240.0,38.0,86.0,0.443,9.66667,38.0,0.256,10.33333,14.0,0.72767,8.66667,39.0,47.66667,22.66667,9.33333,3.66667,17.0,22.0,96.0,0,0.10932,-0.10932,0.23538,0.212,0.49957,0.45742,0.54007,0.53504,,,,,,,0.66667,,,,
240.0,40.0,90.0,0.445,12.0,38.66667,0.31067,17.0,22.33333,0.76367,10.66667,35.33333,46.0,29.0,9.66667,6.0,12.0,16.66667,109.0,240.0,40.0,86.66667,0.46133,13.66667,38.66667,0.356,10.0,14.0,0.702,7.66667,35.0,42.66667,22.66667,5.66667,3.0,14.33333,18.33333,103.66667,1,-0.07036,0.07036,0.22695,0.3016,0.54026,0.51225,0.57761,0.57508,,,,,,,0.33333,240.0,36.66667,88.66667,0.413,11.0,32.33333,0.337,14.66667,20.0,0.74833,10.0,32.33333,42.33333,21.33333,9.66667,4.66667,14.33333,20.33333,99.0,240.0,41.33333,78.66667,0.52967,13.66667,33.0,0.403,16.66667,23.0,0.71033,6.33333,38.0,44.33333,28.0,7.66667,5.33333,17.0,19.33333,113.0,1,0.19253,-0.19253,0.18387,0.26578,0.61451,0.47573,0.67918,0.53246,,,,,,,1.0,,,,
240.0,37.33333,88.0,0.42467,11.66667,34.33333,0.33967,15.66667,18.0,0.877,12.33333,35.33333,47.66667,21.33333,7.66667,4.66667,16.66667,17.33333,102.0,240.0,38.66667,84.0,0.46433,11.33333,35.33333,0.32633,18.66667,22.33333,0.84667,7.33333,32.66667,40.0,26.33333,9.0,6.0,12.66667,19.0,107.33333,0,0.07158,-0.07158,0.20361,0.38081,0.53152,0.49093,0.60742,0.55481,,,,,,,0.66667,248.33333,34.0,89.66667,0.378,10.0,41.0,0.24433,14.66667,18.0,0.833,7.33333,41.0,48.33333,19.0,11.66667,5.66667,16.33333,12.0,92.66667,248.33333,40.0,89.33333,0.44833,17.66667,45.66667,0.38467,8.33333,12.66667,0.639,8.0,44.33333,52.33333,30.66667,10.33333,6.0,17.66667,18.33333,106.0,0,0.19868,-0.19868,0.19461,0.16826,0.54739,0.4333,0.576,0.49391,,,,,,,0.66667,,,,
240.0,38.66667,84.33333,0.45567,12.66667,36.33333,0.335,12.66667,22.33333,0.542,10.66667,36.66667,47.33333,23.0,7.66667,3.33333,22.0,20.0,102.66667,240.0,43.66667,94.0,0.465,9.0,33.0,0.26967,13.66667,19.33333,0.695,11.66667,33.66667,45.33333,24.33333,11.33333,6.66667,14.33333,20.33333,110.0,0,0.10499,-0.10499,0.33268,0.31745,0.51305,0.52918,0.56006,0.57283,,,,,,,1.0,240.0,38.0,92.33333,0.41133,14.0,40.33333,0.34867,10.66667,12.66667,0.84267,10.66667,32.66667,43.33333,23.33333,10.66667,5.0,15.66667,19.0,100.66667,240.0,41.33333,86.33333,0.48,7.0,24.66667,0.28333,17.0,23.0,0.76067,9.66667,40.33333,50.0,27.33333,9.0,4.33333,14.33333,15.66667,106.66667,0,0.08609,-0.08609,0.29837,0.27258,0.52105,0.48687,0.58577,0.52853,,,,,,,0.66667,,,,
240.0,42.33333,90.66667,0.467,11.33333,34.66667,0.32067,11.33333,15.0,0.75733,11.0,31.66667,42.66667,25.66667,7.66667,4.33333,10.66667,18.33333,107.33333,240.0,44.0,84.33333,0.522,14.0,29.33333,0.47533,12.33333,16.33333,0.765,6.33333,35.33333,41.66667,27.0,5.0,2.66667,11.66667,17.0,114.33333,1,0.08995,-0.08995,0.20024,0.32222,0.60664,0.52937,0.65264,0.57111,,,,,,,1.0,240.0,40.33333,89.33333,0.45233,15.66667,47.0,0.33333,17.33333,22.66667,0.75567,10.66667,39.33333,50.0,23.0,8.0,5.33333,13.66667,23.66667,113.66667,240.0,32.66667,84.0,0.39333,11.66667,36.66667,0.332,20.33333,27.0,0.76967,8.66667,32.33333,41.0,17.33333,6.66667,4.0,14.0,21.33333,97.33333,1,-0.2238,0.2238,0.21613,0.33305,0.46456,0.54033,0.54667,0.60414,,,,,,,0.0,,,,
248.33333,42.33333,89.66667,0.47167,11.0,30.66667,0.354,15.0,20.0,0.75667,9.0,33.66667,42.66667,22.33333,6.66667,6.66667,16.0,22.66667,110.66667,248.33333,43.0,90.0,0.476,13.0,31.33333,0.39933,20.33333,26.33333,0.77833,10.66667,32.33333,43.0,22.0,10.66667,6.0,12.33333,20.66667,119.33333,0,0.11635,-0.11635,0.32442,0.28458,0.54639,0.53286,0.62378,0.58825,,,,,,,1.0,240.0,37.33333,90.66667,0.413,13.66667,40.0,0.33933,9.33333,16.66667,0.568,11.33333,32.33333,43.66667,23.66667,7.33333,3.0,15.66667,19.33333,97.66667,240.0,43.66667,92.0,0.475,18.33333,42.33333,0.43333,14.66667,21.33333,0.67133,12.33333,40.66667,53.0,22.33333,9.0,5.66667,12.0,18.0,120.33333,0,0.29857,-0.29857,0.37959,0.30089,0.57438,0.48795,0.6236,0.5187,,,,,,,1.0,,,,
240.0,39.0,84.33333,0.46767,14.0,35.33333,0.38467,15.33333,20.0,0.76433,8.0,38.66667,46.66667,22.66667,8.33333,5.33333,16.33333,14.66667,107.33333,240.0,38.33333,93.66667,0.40767,16.66667,44.33333,0.38,10.0,13.0,0.759,12.66667,35.33333,48.0,21.66667,9.0,5.0,17.0,22.66667,103.33333,0,-0.05635,0.05635,0.35004,0.22708,0.49701,0.55246,0.5334,0.61219,,,,,,,0.33333,240.0,41.0,93.0,0.44133,14.66667,37.0,0.39733,16.33333,19.66667,0.86867,9.0,38.0,47.0,28.0,10.33333,6.0,15.33333,18.0,113.0,240.0,44.66667,100.33333,0.447,10.66667,37.33333,0.27967,12.66667,19.33333,0.655,14.66667,40.33333,55.0,26.33333,11.33333,7.33333,13.66667,18.33333,112.66667,0,-0.01765,0.01765,0.3745,0.22394,0.50029,0.52028,0.54097,0.58183,,,,,,,0.33333,,,,
240.0,37.33333,91.0,0.41,11.33333,36.0,0.31433,14.33333,20.66667,0.69433,9.0,29.0,38.0,22.66667,8.66667,4.33333,12.33333,16.66667,100.33333,240.0,44.33333,88.0,0.50433,16.33333,41.33333,0.38567,17.66667,21.0,0.83767,12.0,44.33333,56.33333,28.33333,8.33333,3.0,17.0,19.33333,122.66667,0,0.28693,-0.28693,0.46981,0.20281,0.59772,0.47229,0.66248,0.52482,,,,,,,1.0,240.0,33.33333,85.33333,0.39067,7.33333,31.33333,0.221,16.66667,20.33333,0.81433,10.33333,41.33333,51.66667,14.66667,9.33333,4.33333,22.0,16.66667,90.66667,240.0,36.66667,90.66667,0.403,12.66667,42.0,0.301,12.0,17.0,0.69633,9.0,34.33333,43.33333,24.66667,14.0,4.33333,14.33333,20.33333,98.0,0,0.09557,-0.09557,0.21713,0.32196,0.4728,0.43315,0.51702,0.50501,,,,,,,0.66667,,,,
240.0,39.0,92.66667,0.42033,10.66667,36.66667,0.29133,13.66667,16.66667,0.82733,10.66667,38.33333,49.0,24.33333,8.0,4.0,16.33333,19.33333,102.33333,240.0,39.66667,89.33333,0.44633,14.0,43.0,0.334,19.0,25.66667,0.739,10.33333,38.33333,48.66667,21.66667,10.33333,4.66667,13.66667,15.66667,112.33333,0,0.13839,-0.13839,0.27553,0.2811,0.52461,0.4778,0.59329,0.53136,,,,,,,1.0,248.33333,42.0,87.0,0.48267,11.66667,34.33333,0.333,14.0,16.0,0.868,9.33333,34.0,43.33333,24.33333,7.33333,6.33333,14.33333,18.33333,109.66667,248.33333,43.66667,95.33333,0.45833,12.33333,34.33333,0.36433,13.66667,17.66667,0.76867,13.66667,31.33333,45.0,21.0,8.33333,4.33333,13.33333,13.33333,113.33333,0,0.06149,-0.06149,0.42015,0.30394,0.52257,0.54783,0.5708,0.60536,,,,,,,0.66667,,,,
248.33333,39.66667,97.66667,0.40567,14.0,44.33333,0.32033,12.66667,17.0,0.769,16.33333,33.66667,50.0,25.66667,13.0,5.33333,18.33333,19.66667,106.0,248.33333,41.0,86.0,0.47767,15.0,35.33333,0.43333,15.66667,21.66667,0.72467,9.66667,34.33333,44.0,26.66667,9.66667,8.33333,17.33333,17.0,112.66667,0,0.089,-0.089,0.30311,0.50352,0.56521,0.47735,0.62158,0.52208,,,,,,,0.66667,256.66667,44.33333,94.33333,0.474,6.0,24.0,0.25433,16.0,19.66667,0.791,8.0,38.33333,46.33333,22.0,7.33333,5.33333,11.33333,23.66667,110.66667,256.66667,39.33333,93.66667,0.422,10.33333,34.0,0.30333,23.33333,29.0,0.80533,12.0,40.33333,52.33333,21.33333,6.0,6.0,10.66667,17.66667,112.33333,0,0.01671,-0.01671,0.31725,0.20543,0.47698,0.50761,0.56449,0.56565,,,,,,,0.66667,,,,
240.0,37.0,82.66667,0.451,13.33333,38.66667,0.34267,20.0,23.0,0.87067,9.66667,38.33333,48.0,19.33333,5.66667,7.0,15.33333,17.0,107.33333,240.0,37.66667,89.66667,0.42067,8.0,30.0,0.26033,16.66667,20.66667,0.81367,9.0,31.33333,40.33333,16.66667,8.66667,4.0,9.0,21.66667,100.0,0,-0.10092,0.10092,0.23598,0.30366,0.46477,0.53267,0.53161,0.61653,,,,,,,0.33333,240.0,33.0,83.0,0.39767,13.66667,40.66667,0.338,15.0,20.33333,0.73633,9.33333,31.33333,40.66667,19.33333,7.33333,5.33333,14.33333,18.33333,94.66667,240.0,37.33333,86.33333,0.43,8.0,34.33333,0.233,17.0,19.0,0.89467,12.66667,36.33333,49.0,23.0,8.0,1.66667,15.0,19.33333,99.66667,0,0.05623,-0.05623,0.41985,0.25852,0.47632,0.48086,0.54782,0.54223,,,,,,,0.66667,,,,
240.0,42.33333,84.0,0.504,14.33333,34.66667,0.41067,20.0,24.66667,0.80633,7.66667,38.33333,46.0,24.33333,8.66667,6.33333,16.0,19.0,119.0,240.0,39.33333,94.0,0.41733,10.66667,40.66667,0.27167,13.66667,17.66667,0.805,12.0,30.66667,42.66667,24.33333,7.0,3.33333,15.0,21.33333,103.0,0,-0.21524,0.21524,0.3129,0.25345,0.47439,0.58958,0.52714,0.66563,,,,,,,0.0,256.66667,39.66667,97.0,0.41033,6.0,27.33333,0.22367,17.33333,20.66667,0.83167,10.0,35.0,45.0,19.66667,10.0,5.66667,10.0,23.33333,102.66667,256.66667,40.33333,88.66667,0.46133,9.33333,31.0,0.30933,20.0,26.33333,0.71467,9.0,44.0,53.0,24.0,5.33333,6.66667,14.66667,16.66667,110.0,0,0.10545,-0.10545,0.25285,0.23471,0.5145,0.4429,0.58892,0.50791,,,,,,,0.66667,,,,
240.0,39.0,84.33333,0.464,11.66667,28.66667,0.38767,18.66667,24.0,0.776,10.0,34.0,44.0,20.33333,6.33333,5.66667,11.66667,20.33333,108.33333,240.0,40.0,89.0,0.44933,12.66667,35.33333,0.35567,17.66667,20.0,0.87067,9.0,34.0,43.0,27.0,6.66667,5.0,9.66667,21.33333,110.33333,1,0.03121,-0.03121,0.27303,0.288,0.51993,0.53395,0.59032,0.60662,,,,,,,0.33333,240.0,39.0,87.0,0.45033,10.66667,37.66667,0.27967,18.66667,22.66667,0.81933,8.33333,39.0,47.33333,23.33333,7.66667,5.66667,12.66667,14.33333,107.33333,240.0,38.0,93.33333,0.407,12.0,43.66667,0.27467,10.66667,14.33333,0.761,11.66667,34.66667,46.33333,19.33333,7.66667,2.66667,12.0,19.33333,98.66667,1,-0.12339,0.12339,0.3014,0.2484,0.47121,0.51266,0.51091,0.58864,,,,,,,0.0,,,,
248.33333,41.0,95.33333,0.43033,15.33333,42.0,0.36267,14.33333,18.33333,0.77533,15.33333,31.0,46.33333,25.66667,8.33333,5.33333,15.33333,25.33333,111.66667,248.33333,38.33333,86.33333,0.44167,10.33333,36.33333,0.296,23.33333,28.66667,0.81533,15.33333,34.0,49.33333,22.66667,11.0,7.33333,16.0,19.0,110.33333,0,-0.04071,0.04071,0.54819,0.45202,0.5012,0.51053,0.59185,0.56167,,,,,,,0.66667,240.0,42.33333,96.33333,0.44067,11.0,37.0,0.30033,12.33333,15.66667,0.784,13.0,32.66667,45.66667,22.33333,9.33333,3.66667,12.33333,19.0,108.0,240.0,42.66667,87.33333,0.48933,15.0,38.33333,0.40167,16.0,19.0,0.83933,7.0,38.0,45.0,23.0,7.33333,4.66667,13.33333,15.66667,116.33333,0,0.10677,-0.10677,0.21569,0.35379,0.57538,0.4982,0.63639,0.54266,,,,,,,1.0,,,,
240.0,37.33333,85.0,0.43833,14.66667,36.66667,0.41467,11.33333,16.66667,0.68433,10.0,33.66667,43.66667,22.0,4.33333,5.66667,16.66667,22.33333,100.66667,240.0,40.0,87.33333,0.45833,9.66667,33.33333,0.28267,19.33333,23.66667,0.82733,11.66667,31.66667,43.33333,24.0,11.0,3.33333,10.0,18.33333,109.0,1,0.11922,-0.11922,0.34581,0.31867,0.51374,0.52448,0.58918,0.5669,,,,,,,1.0,240.0,35.33333,88.0,0.40167,9.33333,35.66667,0.267,16.33333,20.66667,0.78633,16.66667,39.66667,56.33333,19.33333,8.66667,7.0,21.0,19.0,96.33333,240.0,35.0,92.0,0.37967,13.33333,43.0,0.311,11.66667,15.33333,0.75567,13.33333,31.66667,45.0,21.0,10.33333,7.0,16.66667,22.33333,95.0,1,-0.0163,0.0163,0.34668,0.52309,0.45255,0.45495,0.49807,0.52078,,,,,,,0.33333,,,,
240.0,33.66667,86.0,0.39067,11.33333,39.0,0.28933,15.66667,21.0,0.75567,8.33333,40.33333,48.66667,18.0,7.66667,4.66667,16.0,14.0,94.33333,240.0,37.66667,92.66667,0.40633,16.0,42.33333,0.375,10.66667,14.66667,0.687,13.0,39.0,52.0,23.33333,8.33333,5.33333,13.33333,18.66667,102.0,1,0.1209,-0.1209,0.32541,0.23067,0.49291,0.4563,0.53199,0.51948,,,,,,,0.66667,240.0,40.66667,85.66667,0.47867,12.0,30.0,0.392,19.33333,22.33333,0.86133,9.66667,36.0,45.66667,20.66667,5.0,4.33333,12.33333,18.33333,112.66667,240.0,41.33333,94.33333,0.43867,10.33333,34.33333,0.30133,15.33333,19.33333,0.81533,11.33333,34.0,45.33333,24.0,7.0,5.0,9.66667,21.66667,108.33333,1,-0.05574,0.05574,0.31641,0.28154,0.49335,0.55013,0.5497,0.62771,,,,,,,0.0,,,,
240.0,37.66667,87.66667,0.43067,11.0,34.0,0.324,16.0,21.33333,0.79433,12.66667,32.33333,45.0,21.33333,8.33333,4.66667,17.66667,16.0,102.33333,240.0,41.0,95.0,0.43333,11.0,30.66667,0.35333,11.0,17.0,0.63967,16.0,31.66667,47.66667,24.66667,11.66667,7.33333,13.33333,18.66667,104.0,1,0.02721,-0.02721,0.51701,0.44037,0.49005,0.49342,0.52797,0.55443,,,,,,,0.33333,240.0,38.33333,89.66667,0.42733,12.66667,42.0,0.30167,18.0,21.66667,0.85867,11.66667,36.66667,48.33333,23.33333,9.33333,4.0,11.66667,19.66667,107.33333,240.0,37.66667,87.66667,0.434,15.0,41.0,0.37467,16.33333,21.33333,0.78767,12.0,34.0,46.0,21.33333,6.0,5.66667,13.33333,17.33333,106.66667,1,-0.00755,0.00755,0.3349,0.34504,0.52134,0.49817,0.58427,0.56895,,,,,,,0.33333,,,,
240.0,32.66667,87.33333,0.37367,11.0,39.66667,0.276,12.66667,17.66667,0.71267,7.0,38.0,45.0,17.66667,8.33333,5.33333,17.0,15.66667,89.0,240.0,40.66667,93.0,0.43633,17.66667,44.0,0.40267,9.66667,13.66667,0.67433,11.0,42.66667,53.66667,25.66667,9.66667,7.0,14.66667,17.66667,108.66667,1,0.28337,-0.28337,0.29258,0.17006,0.53158,0.43599,0.56536,0.4876,,,,,,,1.0,240.0,39.0,84.66667,0.45767,11.33333,34.66667,0.316,11.66667,21.0,0.53867,12.33333,30.66667,43.0,24.33333,8.66667,2.66667,21.33333,17.33333,101.0,240.0,44.66667,91.0,0.49367,9.0,27.66667,0.32467,10.66667,14.33333,0.755,10.66667,32.0,42.66667,24.0,11.33333,6.33333,16.33333,19.66667,109.0,1,0.11563,-0.11563,0.39321,0.38764,0.54377,0.52339,0.58227,0.5635,,,,,,,1.0,,,,
240.0,42.33333,93.33333,0.45467,9.66667,34.33333,0.28633,15.33333,20.0,0.77367,11.33333,34.66667,46.0,21.33333,6.0,5.66667,12.66667,23.0,109.66667,240.0,44.0,93.33333,0.472,14.66667,39.0,0.393,17.33333,26.0,0.66633,12.33333,36.66667,49.0,24.66667,8.66667,4.33333,11.0,19.66667,120.0,0,0.12554,-0.12554,0.36293,0.32564,0.55058,0.50662,0.60557,0.56228,,,,,,,1.0,240.0,42.0,91.66667,0.46,10.33333,35.0,0.288,10.66667,13.66667,0.76733,9.33333,34.66667,44.0,29.33333,8.66667,6.66667,13.66667,19.33333,105.0,240.0,38.0,88.66667,0.43033,13.0,37.66667,0.348,17.66667,22.0,0.811,11.33333,35.66667,47.0,20.33333,6.66667,4.33333,13.66667,16.0,106.66667,0,0.01953,-0.01953,0.33089,0.26218,0.50392,0.518,0.5716,0.55837,,,,,,,0.66667,,,,
240.0,39.66667,79.66667,0.497,14.66667,41.0,0.35733,18.66667,23.0,0.80067,7.33333,33.0,40.33333,23.0,7.33333,5.66667,10.66667,16.33333,112.66667,240.0,40.33333,85.33333,0.47867,10.0,30.0,0.35567,13.0,16.33333,0.802,8.33333,29.0,37.33333,21.33333,7.0,2.66667,10.66667,21.33333,103.66667,0,-0.12591,0.12591,0.2582,0.25449,0.53711,0.58874,0.58949,0.66483,,,,,,,0.33333,240.0,38.66667,84.0,0.46,10.0,28.66667,0.351,17.33333,22.33333,0.78733,8.0,38.0,46.0,23.0,10.66667,6.66667,13.33333,16.0,104.66667,240.0,35.0,87.0,0.401,12.0,41.33333,0.29233,11.0,14.33333,0.75633,7.66667,33.0,40.66667,20.0,7.66667,5.0,16.66667,18.0,93.0,0,-0.17632,0.17632,0.20819,0.25858,0.46985,0.5204,0.5152,0.58894,,,,,,,0.0,,,,
240.0,44.33333,92.0,0.48167,13.0,31.66667,0.40233,9.33333,11.66667,0.82833,5.33333,35.33333,40.66667,27.66667,10.66667,5.33333,13.33333,20.66667,111.0,240.0,41.66667,91.33333,0.45733,12.66667,35.66667,0.34967,14.66667,22.0,0.66033,11.0,40.0,51.0,20.33333,6.66667,5.66667,16.0,16.33333,110.66667,1,-0.01871,0.01871,0.30175,0.13394,0.52657,0.55215,0.57811,0.58663,,,,,,,0.33333,240.0,39.0,89.66667,0.43533,14.33333,43.33333,0.329,20.33333,26.33333,0.75767,12.33333,40.66667,53.0,22.66667,8.0,4.66667,14.33333,25.33333,112.66667,240.0,33.33333,87.33333,0.38433,9.33333,36.66667,0.259,19.66667,28.0,0.71567,10.0,34.0,44.0,15.0,6.33333,4.66667,12.33333,22.33333,95.66667,1,-0.23558,0.23558,0.24426,0.36758,0.43829,0.51532,0.5139,0.59162,,,,,,,0.0,,,,
240.0,41.0,90.33333,0.45433,14.0,41.66667,0.33967,10.66667,15.33333,0.72233,12.66667,31.0,43.66667,25.0,7.0,4.33333,11.66667,17.33333,106.66667,240.0,42.66667,82.0,0.52067,16.0,36.0,0.44567,13.66667,18.33333,0.75733,7.33333,33.0,40.33333,33.0,6.33333,4.66667,11.66667,16.66667,115.0,0,0.10677,-0.10677,0.23455,0.39527,0.61799,0.53174,0.66896,0.56951,,,,,,,1.0,240.0,36.33333,90.66667,0.40067,8.0,30.0,0.25,16.66667,20.33333,0.81433,12.0,38.66667,50.66667,16.33333,10.0,3.66667,16.33333,17.66667,97.33333,240.0,35.66667,88.33333,0.40433,14.0,43.66667,0.31733,14.0,17.66667,0.768,9.66667,36.0,45.66667,20.33333,9.66667,4.0,15.33333,18.0,99.33333,0,0.01132,-0.01132,0.24838,0.35358,0.4838,0.44379,0.53878,0.51221,,,,,,,0.66667,,,,
240.0,39.33333,86.66667,0.456,10.66667,33.33333,0.318,12.0,16.66667,0.70667,9.0,33.0,42.0,22.33333,7.66667,5.33333,15.66667,21.33333,101.33333,240.0,40.0,86.0,0.465,12.33333,31.66667,0.378,18.66667,25.0,0.75167,10.66667,33.66667,44.33333,23.0,11.33333,5.33333,13.66667,18.66667,111.0,1,0.13059,-0.13059,0.32789,0.27648,0.5361,0.51778,0.60954,0.56386,,,,,,,1.0,240.0,41.0,91.66667,0.44667,12.0,35.33333,0.33933,15.33333,20.0,0.773,9.66667,27.33333,37.0,26.33333,7.0,3.66667,10.66667,16.0,109.33333,240.0,44.0,84.33333,0.52167,15.66667,40.0,0.38633,16.0,20.33333,0.75967,9.0,37.66667,46.66667,27.33333,4.33333,4.0,15.0,19.33333,119.66667,1,0.12419,-0.12419,0.36296,0.2612,0.61375,0.51249,0.67237,0.56843,,,,,,,0.66667,,,,
240.0,40.0,89.66667,0.44933,9.33333,31.33333,0.30467,19.0,23.0,0.82267,8.66667,37.66667,46.33333,21.0,6.0,5.33333,12.33333,21.0,108.33333,240.0,41.66667,95.33333,0.43733,11.66667,39.66667,0.29367,16.0,24.0,0.66467,12.66667,38.33333,51.0,19.33333,8.0,5.33333,11.66667,21.66667,111.0,0,0.03584,-0.03584,0.34489,0.23514,0.4986,0.50156,0.55172,0.57624,,,,,,,0.66667,248.33333,44.66667,93.66667,0.47867,10.33333,33.0,0.31033,18.66667,24.33333,0.77167,10.33333,41.66667,52.0,20.66667,8.0,6.33333,17.33333,19.66667,118.33333,248.33333,46.33333,98.33333,0.47267,10.0,32.0,0.31667,10.66667,16.0,0.70933,10.33333,35.33333,45.66667,29.0,10.0,6.66667,14.0,21.33333,113.33333,0,-0.06156,0.06156,0.24422,0.29596,0.5228,0.53596,0.55793,0.60205,,,,,,,0.0,,,,
240.0,40.0,85.0,0.47033,10.33333,32.66667,0.30933,9.0,13.0,0.67133,10.0,37.33333,47.33333,21.0,7.0,6.66667,14.0,20.33333,99.33333,240.0,35.66667,83.33333,0.42867,13.0,34.33333,0.37667,16.33333,19.0,0.86033,8.33333,29.66667,38.0,22.0,8.66667,4.66667,11.66667,15.66667,100.66667,1,0.01672,-0.01672,0.22214,0.3572,0.50668,0.53059,0.57607,0.56502,,,,,,,0.66667,240.0,40.33333,87.0,0.46433,13.33333,31.33333,0.41933,13.0,19.33333,0.65833,5.66667,29.33333,35.0,21.66667,7.66667,5.33333,11.66667,21.66667,107.0,240.0,42.66667,88.0,0.48767,13.66667,41.66667,0.33167,18.0,24.0,0.75867,10.33333,37.66667,48.0,19.0,6.66667,5.33333,14.33333,21.66667,117.0,1,0.13022,-0.13022,0.3477,0.15152,0.56573,0.54119,0.63024,0.58661,,,,,,,1.0,,,,
240.0,41.66667,92.33333,0.45333,9.0,26.0,0.34033,12.0,16.0,0.749,12.66667,35.33333,48.0,24.33333,6.0,2.66667,15.33333,16.33333,104.33333,240.0,45.0,91.0,0.49633,15.66667,40.0,0.38533,14.66667,17.33333,0.83567,8.66667,34.66667,43.33333,28.0,8.0,6.0,10.66667,19.33333,120.33333,0,0.20932,-0.20932,0.24193,0.37667,0.58286,0.50197,0.63684,0.54607,,,,,,,1.0,240.0,36.66667,90.0,0.408,12.66667,38.33333,0.33167,15.0,17.0,0.884,10.33333,34.0,44.33333,22.33333,9.66667,4.33333,18.0,19.33333,101.0,240.0,42.0,86.33333,0.487,9.66667,27.66667,0.343,18.33333,22.66667,0.829,9.33333,37.33333,46.66667,29.33333,11.0,5.0,14.66667,18.33333,112.0,0,0.14875,-0.14875,0.2729,0.2798,0.54255,0.47796,0.61337,0.5385,,,,,,,1.0,,,,
240.0,38.66667,85.33333,0.453,16.33333,36.33333,0.45533,15.33333,20.33333,0.74033,12.0,35.66667,47.66667,22.0,3.66667,6.0,16.66667,21.33333,109.0,240.0,38.33333,90.66667,0.425,12.33333,41.33333,0.30033,16.66667,23.66667,0.687,14.0,31.0,45.0,21.66667,10.33333,3.0,10.66667,18.66667,105.66667,0,-0.04585,0.04585,0.39165,0.3871,0.49292,0.54894,0.55337,0.60713,,,,,,,0.66667,240.0,40.0,83.66667,0.47833,14.66667,40.33333,0.363,14.33333,18.33333,0.788,6.33333,31.0,37.33333,27.0,7.0,3.66667,12.33333,20.33333,109.0,240.0,40.0,87.33333,0.45667,11.66667,32.33333,0.35367,20.33333,22.66667,0.88467,11.0,32.33333,43.33333,21.0,8.66667,3.33333,10.66667,20.0,112.0,0,0.036,-0.036,0.38559,0.20443,0.5225,0.56638,0.60651,0.62174,,,,,,,0.66667,,,,
240.0,37.0,82.0,0.45267,13.0,32.66667,0.39567,15.33333,17.66667,0.87367,7.33333,37.66667,45.0,24.33333,4.0,3.66667,15.0,17.33333,102.33333,240.0,40.0,90.66667,0.43967,9.0,31.66667,0.28233,14.66667,18.66667,0.78333,10.0,35.0,45.0,20.33333,9.66667,5.66667,10.0,18.33333,103.66667,1,0.01607,-0.01607,0.26987,0.23296,0.48978,0.53227,0.54569,0.59723,,,,,,,0.33333,240.0,35.66667,86.0,0.41467,8.0,32.66667,0.25867,18.66667,24.0,0.78567,10.0,39.33333,49.33333,22.66667,9.33333,7.66667,13.66667,17.0,98.0,240.0,35.0,86.66667,0.40267,11.0,38.66667,0.29233,10.66667,13.66667,0.77267,7.33333,35.33333,42.66667,20.66667,8.33333,7.0,15.0,18.33333,91.66667,1,-0.10629,0.10629,0.18793,0.29191,0.4663,0.46192,0.51102,0.53713,,,,,,,0.33333,,,,
240.0,40.33333,82.0,0.48967,9.0,26.33333,0.33367,16.66667,19.33333,0.86867,8.66667,36.33333,45.0,22.33333,9.0,4.66667,16.33333,17.33333,106.33333,240.0,41.66667,88.66667,0.472,14.0,35.66667,0.40333,14.66667,19.0,0.77967,10.0,30.0,40.0,23.66667,11.33333,2.66667,13.0,15.0,112.0,1,0.08678,-0.08678,0.28123,0.3,0.55052,0.54418,0.60505,0.61426,,,,,,,0.66667,240.0,42.0,96.66667,0.436,11.33333,38.0,0.30133,11.33333,15.0,0.754,13.0,31.66667,44.66667,24.0,7.66667,5.0,11.33333,17.0,106.66667,240.0,46.66667,91.66667,0.50867,14.33333,35.66667,0.41,11.66667,15.0,0.78133,8.33333,39.0,47.33333,26.66667,6.66667,5.66667,11.33333,16.0,119.33333,1,0.16005,-0.16005,0.26921,0.34772,0.58696,0.49507,0.6286,0.53544,,,,,,,1.0,,,,
240.0,35.33333,81.0,0.43433,11.66667,36.33333,0.31667,14.66667,20.33333,0.726,9.33333,34.66667,44.0,20.0,6.66667,5.0,12.66667,16.66667,97.0,240.0,32.0,81.0,0.39767,10.33333,41.0,0.254,13.66667,17.66667,0.78033,9.33333,34.33333,43.66667,17.33333,7.66667,2.33333,15.66667,19.0,88.0,0,-0.1544,0.1544,0.27218,0.27434,0.46174,0.50724,0.52151,0.56724,,,,,,,0.33333,240.0,34.66667,84.33333,0.40933,10.66667,31.66667,0.336,13.0,15.66667,0.831,10.66667,33.0,43.66667,22.33333,11.0,4.33333,14.66667,17.33333,93.0,240.0,37.66667,77.33333,0.488,12.66667,34.0,0.377,11.66667,16.0,0.71967,6.33333,34.66667,41.0,25.66667,7.66667,4.0,16.66667,14.33333,99.66667,0,0.10834,-0.10834,0.19233,0.30953,0.5697,0.4723,0.61757,0.52797,,,,,,,0.66667,,,,
240.0,33.66667,84.66667,0.39433,9.33333,34.66667,0.27167,20.33333,26.66667,0.76467,9.66667,35.33333,45.0,19.33333,9.0,3.66667,15.33333,18.66667,97.0,240.0,43.66667,86.66667,0.50433,11.0,29.33333,0.37433,12.0,15.66667,0.76633,6.0,39.66667,45.66667,26.33333,9.0,5.0,15.0,21.0,110.33333,1,0.2049,-0.2049,0.1724,0.25651,0.56754,0.4498,0.61234,0.53372,,,,,,,0.66667,248.33333,45.66667,96.33333,0.474,8.66667,33.33333,0.26,17.0,22.33333,0.77,11.66667,40.33333,52.0,20.33333,7.33333,6.66667,15.66667,23.33333,117.0,248.33333,46.66667,96.0,0.48867,12.66667,29.66667,0.419,15.66667,24.33333,0.64667,11.0,36.33333,47.33333,30.66667,10.33333,6.33333,12.66667,20.66667,121.66667,1,0.05229,-0.05229,0.27534,0.3309,0.55449,0.51961,0.6029,0.57878,,,,,,,0.33333,,,,
240.0,34.66667,88.0,0.394,12.0,39.0,0.312,13.33333,15.66667,0.85167,11.0,30.33333,41.33333,22.66667,8.33333,3.66667,17.0,16.66667,94.66667,240.0,44.0,84.0,0.52367,13.0,35.33333,0.35967,15.66667,18.0,0.873,6.66667,35.66667,42.33333,31.66667,9.33333,4.66667,13.0,18.0,116.66667,0,0.30313,-0.30313,0.22213,0.30816,0.60003,0.46219,0.66279,0.5176,,,,,,,1.0,240.0,41.0,88.33333,0.46733,9.66667,30.66667,0.33467,17.66667,22.0,0.785,11.33333,34.33333,45.66667,21.66667,6.0,3.33333,9.66667,19.33333,109.33333,240.0,39.33333,84.0,0.47,13.0,39.33333,0.33,15.66667,21.66667,0.739,9.33333,32.66667,42.0,20.0,5.33333,4.33333,11.0,19.66667,107.33333,0,-0.0195,0.0195,0.27066,0.34271,0.54796,0.52312,0.60719,0.59048,,,,,,,0.66667,,,,
240.0,39.33333,89.0,0.44167,8.66667,34.0,0.25867,11.33333,14.66667,0.78,10.33333,33.66667,44.0,25.0,8.66667,7.66667,13.66667,13.66667,98.66667,240.0,40.33333,89.33333,0.454,14.0,36.33333,0.39,7.0,10.0,0.72467,10.0,36.0,46.0,23.0,8.33333,5.66667,14.33333,19.0,101.66667,0,0.0412,-0.0412,0.29501,0.3071,0.533,0.49034,0.55826,0.53466,,,,,,,0.66667,240.0,40.66667,85.33333,0.477,10.33333,30.0,0.35833,15.33333,19.0,0.791,8.66667,31.33333,40.0,24.0,6.33333,2.33333,10.0,18.33333,107.0,240.0,40.33333,82.33333,0.49067,13.66667,38.66667,0.35533,14.0,19.33333,0.72733,9.0,33.33333,42.33333,21.0,5.0,4.0,12.0,18.0,108.33333,0,0.02931,-0.02931,0.28519,0.26189,0.57367,0.53803,0.62668,0.59762,,,,,,,0.66667,,,,
240.0,39.0,88.0,0.44433,9.33333,32.0,0.283,12.0,17.0,0.69133,10.33333,36.33333,46.66667,20.33333,8.33333,5.33333,14.66667,23.0,99.33333,240.0,35.0,80.66667,0.43467,11.0,33.0,0.32033,21.0,26.0,0.829,8.0,33.66667,41.66667,22.33333,10.0,5.33333,14.33333,18.0,102.0,0,0.03539,-0.03539,0.22088,0.32981,0.50229,0.49699,0.59148,0.54259,,,,,,,0.66667,240.0,29.66667,77.0,0.38633,9.66667,33.66667,0.28767,19.33333,25.33333,0.76167,6.33333,33.66667,40.0,18.33333,6.33333,4.0,14.66667,17.66667,88.33333,240.0,40.33333,87.66667,0.46133,10.66667,39.0,0.27467,13.33333,17.33333,0.763,9.0,39.33333,48.33333,25.0,8.33333,4.33333,13.0,22.33333,104.66667,0,0.24986,-0.24986,0.26792,0.1642,0.52229,0.44897,0.573,0.53568,,,,,,,1.0,,,,
240.0,42.33333,93.0,0.456,12.0,36.0,0.33533,14.33333,19.0,0.762,9.33333,34.33333,43.66667,21.33333,5.66667,7.0,13.0,20.66667,111.0,240.0,44.66667,96.33333,0.46533,14.0,36.66667,0.396,16.66667,24.33333,0.694,14.33333,37.0,51.33333,21.0,8.66667,5.0,11.33333,19.0,120.0,1,0.10649,-0.10649,0.41781,0.26559,0.53846,0.52041,0.59125,0.57179,,,,,,,1.0,240.0,39.66667,82.33333,0.48133,13.33333,32.0,0.41367,14.66667,19.0,0.791,9.33333,39.33333,48.66667,25.0,6.0,5.0,14.33333,20.33333,107.33333,240.0,32.66667,89.0,0.368,10.0,39.0,0.26667,17.0,22.33333,0.77233,11.0,31.66667,42.66667,19.66667,7.33333,4.33333,12.66667,20.66667,92.33333,1,-0.21374,0.21374,0.28308,0.3119,0.42455,0.56207,0.49297,0.61944,,,,,,,0.0,,,,
240.0,39.33333,84.0,0.47033,12.0,39.66667,0.302,17.66667,23.66667,0.748,9.0,40.33333,49.33333,28.66667,7.0,7.66667,17.0,21.33333,108.33333,240.0,37.33333,87.33333,0.42733,12.0,35.33333,0.34,14.33333,18.66667,0.75633,7.33333,32.33333,39.66667,21.0,9.66667,2.33333,11.66667,20.66667,101.0,1,-0.09957,0.09957,0.18019,0.27892,0.49612,0.54257,0.55256,0.61015,,,,,,,0.33333,240.0,32.66667,78.33333,0.41733,8.33333,27.33333,0.302,14.66667,17.0,0.86333,8.66667,36.66667,45.33333,20.33333,8.66667,4.66667,18.66667,15.0,88.33333,240.0,34.0,82.0,0.415,13.33333,39.66667,0.33467,12.33333,15.66667,0.76033,8.0,32.33333,40.33333,20.66667,9.33333,4.33333,14.33333,16.0,93.66667,1,0.09007,-0.09007,0.22022,0.27242,0.49578,0.47041,0.5484,0.53801,,,,,,,0.66667,,,,
240.0,40.33333,84.66667,0.47533,11.66667,34.0,0.337,15.0,21.33333,0.647,8.33333,34.33333,42.66667,23.66667,6.66667,4.66667,19.33333,19.33333,107.33333,240.0,43.0,91.66667,0.468,9.66667,32.0,0.30567,16.66667,20.0,0.829,11.33333,33.33333,44.66667,24.66667,10.66667,5.66667,13.33333,21.0,112.33333,0,0.06261,-0.06261,0.33951,0.25196,0.52086,0.54323,0.58341,0.59987,,,,,,,1.0,240.0,31.33333,86.33333,0.36267,9.66667,39.66667,0.24433,14.0,18.66667,0.74967,7.66667,37.33333,45.0,18.33333,8.33333,3.33333,16.66667,13.33333,86.33333,240.0,42.66667,89.33333,0.478,19.66667,49.0,0.40133,9.33333,13.33333,0.67467,8.66667,43.66667,52.33333,33.0,11.33333,4.66667,14.33333,18.0,114.33333,0,0.40206,-0.40206,0.2377,0.18097,0.58813,0.41851,0.61991,0.47722,,,,,,,1.0,,,,
240.0,40.0,82.0,0.488,12.33333,33.0,0.38933,15.0,19.33333,0.78433,11.0,32.33333,43.33333,22.66667,7.66667,4.0,13.33333,17.66667,107.33333,240.0,37.66667,88.66667,0.425,11.33333,34.0,0.32633,18.33333,21.33333,0.876,14.33333,29.66667,44.0,21.66667,6.66667,2.66667,10.66667,18.33333,105.0,0,-0.03137,0.03137,0.44384,0.36884,0.48965,0.56319,0.56334,0.62231,,,,,,,0.33333,240.0,40.66667,89.33333,0.45533,10.0,28.0,0.35067,13.0,17.66667,0.71967,11.33333,32.0,43.33333,25.0,7.0,4.66667,13.66667,15.0,104.33333,240.0,43.0,87.66667,0.48833,15.66667,40.66667,0.38867,10.33333,14.0,0.74133,9.33333,33.33333,42.66667,29.33333,8.66667,7.0,14.66667,19.33333,112.0,0,0.09505,-0.09505,0.29729,0.33661,0.57738,0.51099,0.61516,0.56015,,,,,,,0.66667,,,,
240.0,41.66667,85.33333,0.493,14.33333,34.33333,0.40233,15.0,17.33333,0.91,8.33333,35.33333,43.66667,25.0,8.0,5.66667,16.66667,15.0,112.66667,240.0,42.0,93.0,0.449,14.0,39.33333,0.36667,8.33333,9.66667,0.82833,11.33333,31.33333,42.66667,24.0,9.0,5.33333,16.0,22.0,106.33333,0,-0.09597,0.09597,0.35404,0.25119,0.5249,0.57864,0.55668,0.63896,,,,,,,0.33333,240.0,38.66667,85.66667,0.45233,12.0,30.66667,0.38533,20.33333,26.0,0.78367,11.0,32.0,43.0,23.66667,7.0,4.66667,13.0,20.66667,109.66667,240.0,38.33333,88.0,0.44033,12.0,32.0,0.382,19.33333,24.33333,0.804,13.0,30.33333,43.33333,26.33333,8.0,5.33333,12.33333,22.66667,108.0,0,-0.02047,0.02047,0.398,0.36448,0.50968,0.52326,0.58506,0.60148,,,,,,,0.33333,,,,
240.0,36.66667,90.0,0.40833,11.0,35.0,0.32,15.66667,20.0,0.79167,9.66667,37.0,46.66667,21.33333,7.0,5.33333,14.66667,21.66667,100.0,240.0,40.0,90.0,0.44633,12.66667,40.66667,0.32133,22.0,28.66667,0.758,11.0,40.66667,51.66667,22.0,10.0,4.33333,12.66667,17.0,114.66667,1,0.19521,-0.19521,0.31826,0.23677,0.51638,0.46978,0.59623,0.53139,,,,,,,1.0,240.0,41.0,85.66667,0.47467,12.33333,33.33333,0.376,13.33333,17.0,0.78833,10.66667,35.33333,46.0,22.66667,8.0,4.66667,16.33333,20.66667,107.66667,240.0,35.0,85.33333,0.41033,11.66667,39.0,0.29867,20.33333,25.0,0.83033,11.66667,29.66667,41.33333,20.0,10.33333,4.66667,13.66667,17.33333,102.0,1,-0.06247,0.06247,0.33007,0.38135,0.47882,0.54564,0.56274,0.59924,,,,,,,0.33333,,,,
248.33333,36.0,96.33333,0.37367,11.66667,43.0,0.26133,12.0,16.66667,0.74633,14.33333,32.33333,46.66667,23.66667,12.66667,5.33333,15.66667,18.0,95.66667,248.33333,42.33333,86.0,0.49333,13.0,33.66667,0.389,13.0,18.66667,0.67667,8.33333,41.33333,49.66667,28.33333,7.66667,6.33333,17.66667,16.66667,110.66667,0,0.21111,-0.21111,0.26806,0.36463,0.56918,0.43415,0.61524,0.47829,,,,,,,0.66667,240.0,40.0,83.33333,0.48133,15.66667,33.66667,0.46633,21.33333,27.33333,0.78033,8.33333,34.0,42.33333,24.0,7.33333,4.0,14.0,21.33333,117.0,240.0,39.66667,92.33333,0.43233,11.0,33.33333,0.332,19.33333,24.0,0.81633,14.33333,31.0,45.33333,26.66667,8.66667,4.33333,11.66667,23.33333,109.66667,0,-0.09424,0.09424,0.42043,0.26882,0.4919,0.57611,0.56461,0.65673,,,,,,,0.0,,,,
248.33333,42.33333,97.33333,0.43567,11.66667,36.66667,0.31667,16.66667,22.33333,0.73933,11.0,31.33333,42.33333,24.0,8.66667,3.33333,13.66667,21.0,113.0,248.33333,44.33333,88.0,0.50433,17.66667,41.33333,0.427,22.33333,27.33333,0.83733,9.33333,43.0,52.33333,27.66667,8.0,4.66667,17.66667,20.0,128.66667,1,0.18722,-0.18722,0.34431,0.25581,0.60483,0.49589,0.68512,0.55301,,,,,,,1.0,248.33333,41.0,92.0,0.44633,11.33333,36.66667,0.30367,13.66667,17.0,0.80533,10.66667,32.33333,43.0,24.66667,7.33333,6.66667,12.0,17.66667,107.0,248.33333,44.0,90.0,0.491,13.33333,32.0,0.41533,11.66667,15.66667,0.71033,9.66667,37.66667,47.33333,25.33333,8.0,6.33333,12.0,18.66667,113.0,1,0.07937,-0.07937,0.30481,0.29545,0.5659,0.50704,0.60656,0.55799,,,,,,,1.0,,,,
240.0,40.0,83.0,0.47933,15.66667,32.66667,0.483,21.0,24.66667,0.84967,8.66667,35.33333,44.0,26.0,7.0,3.33333,12.33333,20.66667,116.66667,240.0,37.66667,87.66667,0.42933,14.0,44.33333,0.31533,19.33333,24.66667,0.796,10.33333,30.33333,40.66667,23.66667,7.33333,5.0,10.66667,20.33333,108.66667,0,-0.09131,0.09131,0.29926,0.30683,0.50952,0.57307,0.58372,0.65737,,,,,,,0.33333,248.33333,42.66667,92.33333,0.462,15.0,41.66667,0.36,15.33333,22.0,0.64333,12.33333,35.33333,47.66667,24.33333,6.66667,3.0,19.33333,20.0,115.66667,248.33333,44.0,92.66667,0.47533,10.33333,30.0,0.33667,18.0,24.0,0.76267,11.66667,36.0,47.66667,26.0,9.66667,5.66667,15.0,21.0,116.33333,0,0.00606,-0.00606,0.34119,0.34432,0.53094,0.54398,0.59373,0.59552,,,,,,,0.66667,,,,
240.0,32.66667,82.66667,0.39533,10.33333,33.0,0.34633,16.66667,20.33333,0.807,9.0,32.66667,41.66667,23.33333,5.33333,1.66667,14.33333,19.66667,92.33333,240.0,43.0,86.33333,0.49733,14.66667,37.66667,0.38567,12.33333,17.33333,0.71733,8.0,37.33333,45.33333,28.66667,9.0,3.33333,9.66667,17.66667,113.0,0,0.28987,-0.28987,0.25263,0.23991,0.58179,0.45876,0.62601,0.53253,,,,,,,1.0,240.0,36.33333,83.66667,0.43467,14.66667,41.0,0.358,15.66667,20.33333,0.77133,9.66667,28.33333,38.0,21.0,8.33333,4.33333,11.0,17.33333,103.0,240.0,39.33333,83.33333,0.474,9.66667,32.33333,0.33367,15.0,18.33333,0.81633,12.0,35.0,47.0,23.66667,5.66667,1.33333,16.33333,19.0,103.33333,0,-0.01459,0.01459,0.42616,0.27838,0.5321,0.52318,0.59284,0.58598,,,,,,,0.66667,,,,
240.0,40.0,87.66667,0.45867,12.66667,35.0,0.36033,17.33333,23.33333,0.719,10.66667,37.0,47.66667,23.0,11.33333,5.66667,13.33333,17.33333,110.0,240.0,37.0,88.0,0.42433,11.0,36.66667,0.322,14.66667,20.0,0.73233,10.0,34.0,44.0,22.66667,6.33333,4.66667,17.33333,20.66667,99.66667,1,-0.13921,0.13921,0.26322,0.31047,0.4873,0.53169,0.54346,0.59597,,,,,,,0.33333,240.0,39.33333,85.66667,0.45967,10.33333,31.66667,0.32133,12.33333,16.33333,0.75633,12.0,37.0,49.0,21.66667,6.66667,3.33333,14.0,16.66667,101.33333,240.0,38.66667,83.66667,0.46567,12.66667,34.66667,0.37167,14.0,17.66667,0.80067,8.0,30.66667,38.66667,26.0,9.0,5.33333,10.66667,15.33333,104.0,1,0.03464,-0.03464,0.21434,0.39383,0.54129,0.51954,0.59728,0.56807,,,,,,,0.66667,,,,
240.0,40.66667,97.0,0.42,13.33333,39.0,0.33867,11.66667,16.0,0.72933,14.33333,30.66667,45.0,26.33333,8.66667,4.66667,14.33333,21.33333,106.33333,240.0,40.66667,88.66667,0.45333,12.0,40.33333,0.29833,18.33333,23.0,0.79267,14.0,37.33333,51.33333,25.0,10.66667,7.33333,16.33333,17.33333,111.66667,1,0.04451,-0.04451,0.50796,0.40009,0.52,0.48912,0.59157,0.53008,,,,,,,0.66667,240.0,37.66667,86.66667,0.43667,11.66667,31.66667,0.36833,13.66667,17.66667,0.78367,9.33333,29.33333,38.66667,23.33333,7.33333,4.66667,10.66667,17.0,100.66667,240.0,39.66667,84.66667,0.469,13.33333,30.33333,0.44067,13.33333,16.33333,0.77267,10.66667,34.33333,45.0,24.66667,6.66667,4.0,13.66667,20.0,106.0,1,0.08812,-0.08812,0.365,0.28671,0.54787,0.50494,0.60138,0.55736,,,,,,,0.66667,,,,
240.0,40.33333,85.66667,0.471,14.66667,36.0,0.404,16.0,18.66667,0.858,8.66667,37.66667,46.33333,25.66667,5.66667,4.0,14.66667,16.33333,111.33333,240.0,40.66667,92.33333,0.44,6.66667,31.33333,0.21467,15.66667,20.66667,0.765,11.66667,35.0,46.66667,21.0,9.33333,4.66667,11.33333,17.0,103.66667,1,-0.10312,0.10312,0.31052,0.269,0.47632,0.55715,0.53498,0.62102,,,,,,,0.33333,240.0,39.66667,82.66667,0.48133,12.66667,31.33333,0.401,22.66667,26.66667,0.85333,7.0,39.0,46.0,21.33333,5.66667,4.33333,14.66667,21.33333,114.66667,240.0,39.33333,95.66667,0.41233,9.66667,34.0,0.285,20.33333,27.0,0.75867,14.66667,32.66667,47.33333,24.0,9.66667,4.66667,10.0,22.0,108.66667,1,-0.07839,0.07839,0.37546,0.22133,0.46257,0.55827,0.53617,0.64957,,,,,,,0.0,,,,
240.0,39.66667,88.0,0.45333,11.33333,32.33333,0.34467,20.66667,26.0,0.79533,13.0,34.33333,47.33333,20.33333,8.33333,4.66667,11.66667,19.0,111.33333,240.0,39.0,88.33333,0.44033,14.33333,39.0,0.365,16.33333,19.66667,0.82167,9.66667,33.33333,43.0,25.0,6.0,5.0,12.0,22.0,108.66667,1,-0.03264,0.03264,0.289,0.39564,0.52192,0.51917,0.58566,0.59788,,,,,,,0.33333,240.0,38.0,87.0,0.43933,8.66667,25.66667,0.33433,13.66667,18.33333,0.74567,14.0,33.0,47.0,21.33333,7.33333,2.33333,16.0,16.33333,98.33333,240.0,42.33333,82.0,0.51567,12.33333,34.0,0.36867,15.66667,18.66667,0.84533,5.66667,29.66667,35.33333,27.33333,10.33333,5.33333,12.0,19.0,112.66667,1,0.19387,-0.19387,0.17425,0.46883,0.59082,0.48956,0.65348,0.54314,,,,,,,1.0,,,,
240.0,41.0,91.0,0.45233,14.0,37.33333,0.374,13.66667,20.0,0.67733,12.33333,38.66667,51.0,22.0,8.66667,5.66667,11.66667,14.33333,109.66667,240.0,37.66667,92.33333,0.41233,11.0,39.0,0.301,13.33333,18.33333,0.744,10.33333,33.33333,43.66667,22.0,6.66667,6.66667,13.33333,19.33333,99.66667,1,-0.13516,0.13516,0.25726,0.36501,0.4718,0.53003,0.52163,0.57739,,,,,,,0.33333,240.0,42.66667,90.33333,0.47233,15.0,39.33333,0.38967,12.33333,14.0,0.87633,12.0,33.33333,45.33333,26.33333,9.66667,3.33333,12.33333,17.33333,112.66667,240.0,38.33333,82.66667,0.46367,13.66667,35.33333,0.381,18.0,21.0,0.86667,9.0,30.33333,39.33333,21.66667,6.33333,6.0,12.66667,15.0,108.33333,1,-0.05028,0.05028,0.28449,0.39912,0.54692,0.55575,0.6212,0.60416,,,,,,,0.33333,,,,
240.0,40.33333,86.33333,0.46667,15.0,34.66667,0.43133,17.0,21.0,0.82167,7.0,34.66667,41.66667,25.0,7.66667,5.33333,13.66667,18.0,112.66667,240.0,41.33333,92.66667,0.446,8.66667,32.0,0.27233,15.33333,20.0,0.77667,13.0,36.33333,49.33333,22.0,8.0,4.33333,13.66667,20.33333,106.66667,1,-0.07914,0.07914,0.3846,0.19612,0.49333,0.55416,0.55021,0.61938,,,,,,,0.33333,240.0,41.66667,95.66667,0.43667,10.33333,35.33333,0.285,10.33333,13.33333,0.763,10.66667,34.33333,45.0,26.0,7.33333,6.33333,13.0,16.66667,104.0,240.0,40.0,93.0,0.432,12.33333,36.33333,0.34133,16.66667,21.33333,0.78067,13.66667,36.66667,50.33333,18.33333,7.0,5.33333,12.66667,16.0,109.0,1,0.06651,-0.06651,0.39432,0.29332,0.49938,0.49116,0.56066,0.52907,,,,,,,1.0,,,,
240.0,44.0,94.66667,0.465,14.66667,35.66667,0.412,11.66667,13.33333,0.88933,7.0,38.33333,45.33333,25.0,14.0,7.33333,12.0,20.66667,114.33333,240.0,36.33333,88.33333,0.41367,8.0,29.66667,0.28267,15.0,22.33333,0.667,11.33333,39.66667,51.0,18.66667,6.33333,5.66667,20.66667,17.66667,95.66667,1,-0.25924,0.25924,0.29073,0.17817,0.45947,0.54263,0.51636,0.58605,,,,,,,0.0,240.0,40.0,82.66667,0.48767,14.66667,35.66667,0.39733,20.33333,24.66667,0.84333,10.0,39.33333,49.33333,24.0,7.66667,6.0,17.66667,16.33333,115.0,240.0,36.66667,93.33333,0.392,15.0,47.66667,0.31733,10.33333,14.0,0.74367,12.66667,30.0,42.66667,21.66667,9.0,3.33333,16.33333,23.0,98.66667,1,-0.2285,0.2285,0.34265,0.31356,0.47301,0.57841,0.51095,0.65912,,,,,,,0.0,,,,
240.0,41.0,88.33333,0.46433,13.0,36.0,0.36067,10.33333,15.66667,0.66933,10.66667,31.66667,42.33333,24.66667,7.66667,4.33333,10.66667,16.33333,105.33333,240.0,42.0,80.66667,0.521,14.66667,32.0,0.46467,13.66667,17.66667,0.779,5.66667,34.33333,40.0,29.33333,6.66667,2.66667,11.66667,16.33333,112.33333,0,0.0923,-0.0923,0.17941,0.32716,0.61218,0.53791,0.66508,0.57408,,,,,,,1.0,240.0,38.66667,92.0,0.42033,12.33333,34.66667,0.357,19.66667,22.33333,0.88833,11.66667,33.66667,45.33333,21.33333,8.0,3.66667,15.66667,17.66667,109.33333,240.0,44.0,87.66667,0.50267,12.33333,33.33333,0.37467,18.33333,20.66667,0.889,8.33333,35.0,43.33333,29.0,9.66667,6.0,14.33333,21.0,118.66667,0,0.12003,-0.12003,0.24713,0.33017,0.57285,0.48712,0.64395,0.56387,,,,,,,1.0,,,,
240.0,39.0,88.0,0.443,10.0,30.66667,0.32433,15.33333,17.66667,0.87367,9.66667,34.0,43.66667,20.33333,10.0,5.0,12.0,20.0,103.33333,240.0,37.0,82.66667,0.448,11.33333,33.0,0.33867,17.33333,23.0,0.739,9.66667,33.33333,43.0,20.0,6.33333,5.33333,14.66667,13.66667,102.66667,1,-0.00102,0.00102,0.28512,0.28799,0.51766,0.49844,0.5884,0.56177,,,,,,,0.33333,240.0,40.66667,89.33333,0.45533,11.33333,33.33333,0.332,13.66667,17.33333,0.79067,11.66667,39.66667,51.33333,21.66667,6.66667,4.66667,12.0,15.0,106.33333,240.0,38.33333,90.33333,0.429,13.0,37.0,0.36,13.0,16.33333,0.81467,10.0,32.66667,42.66667,21.66667,7.66667,5.66667,9.66667,16.0,102.66667,1,-0.04807,0.04807,0.24975,0.35455,0.50107,0.5177,0.55157,0.57032,,,,,,,0.33333,,,,
240.0,37.33333,89.33333,0.418,11.66667,35.33333,0.33067,15.66667,22.33333,0.741,14.33333,29.66667,44.0,23.33333,10.0,4.0,16.66667,16.0,102.0,240.0,42.33333,90.0,0.47467,11.0,30.66667,0.35333,12.33333,17.33333,0.75433,13.33333,33.66667,47.0,26.0,11.0,7.0,16.66667,19.0,108.0,1,0.08593,-0.08593,0.47416,0.46575,0.53478,0.48337,0.57975,0.54046,,,,,,,0.66667,240.0,39.33333,82.33333,0.47767,12.66667,30.0,0.42,15.33333,18.33333,0.82233,8.66667,29.33333,38.0,22.33333,6.0,5.0,17.0,19.66667,106.66667,240.0,43.0,89.66667,0.48067,11.66667,30.0,0.389,14.33333,20.33333,0.70467,13.0,30.0,43.0,22.33333,12.0,3.0,12.0,18.66667,112.0,1,0.07081,-0.07081,0.46318,0.29805,0.54551,0.55436,0.59655,0.61764,,,,,,,0.66667,,,,
248.33333,38.0,90.33333,0.419,10.66667,38.0,0.28367,20.66667,25.66667,0.81167,11.66667,33.0,44.66667,22.0,8.66667,3.0,14.0,22.0,107.33333,248.33333,43.66667,91.33333,0.47833,13.66667,38.66667,0.35467,14.0,18.33333,0.76,10.0,37.0,47.0,24.66667,7.0,6.66667,14.33333,21.33333,115.0,1,0.10364,-0.10364,0.30612,0.3253,0.55276,0.47974,0.60292,0.55999,,,,,,,1.0,240.0,40.66667,91.33333,0.445,13.66667,32.33333,0.41867,12.33333,17.66667,0.68167,9.0,32.0,41.0,21.66667,7.0,6.0,10.66667,21.66667,107.33333,240.0,41.0,87.33333,0.47167,12.66667,39.33333,0.32267,15.0,22.0,0.694,10.0,36.66667,46.66667,19.66667,7.0,4.66667,14.0,19.66667,109.66667,1,0.03024,-0.03024,0.32022,0.26768,0.54436,0.52084,0.59699,0.56361,,,,,,,0.66667,,,,
240.0,39.66667,84.66667,0.46867,10.66667,30.66667,0.35,18.0,20.66667,0.908,10.0,34.0,44.0,23.33333,8.0,4.33333,13.0,21.33333,108.0,240.0,36.66667,81.33333,0.45133,10.66667,31.33333,0.339,22.33333,26.0,0.845,9.66667,31.66667,41.33333,21.0,8.33333,4.66667,12.66667,18.66667,106.33333,1,-0.02454,0.02454,0.29607,0.32208,0.51667,0.53133,0.60999,0.60483,,,,,,,0.33333,240.0,40.0,90.0,0.44367,10.0,32.66667,0.31267,18.33333,21.33333,0.86633,9.66667,39.33333,49.0,24.33333,9.66667,6.33333,15.0,16.33333,108.33333,240.0,37.66667,89.33333,0.42233,9.33333,35.33333,0.263,10.66667,15.0,0.72833,8.66667,35.0,43.66667,22.0,9.0,7.66667,16.0,17.66667,95.33333,1,-0.18325,0.18325,0.22045,0.28504,0.47536,0.49938,0.51627,0.57205,,,,,,,0.33333,,,,
240.0,39.66667,95.33333,0.416,11.33333,30.0,0.37633,15.66667,19.0,0.82467,15.33333,35.0,50.33333,21.66667,5.66667,2.0,15.0,16.33333,106.33333,240.0,44.66667,87.33333,0.51167,16.0,43.0,0.36667,14.66667,17.33333,0.83567,5.66667,34.66667,40.33333,28.0,8.66667,6.66667,12.66667,21.33333,120.0,0,0.18004,-0.18004,0.1621,0.44875,0.60307,0.47546,0.65835,0.53402,,,,,,,1.0,240.0,33.66667,85.66667,0.39533,10.33333,37.66667,0.277,17.0,24.0,0.721,10.66667,33.33333,44.0,19.33333,9.33333,2.33333,18.33333,16.0,94.66667,240.0,44.33333,87.0,0.50933,17.66667,47.0,0.37533,13.66667,17.33333,0.79133,7.66667,39.66667,47.33333,33.33333,12.33333,3.66667,14.33333,20.33333,120.0,0,0.34755,-0.34755,0.23611,0.27688,0.61075,0.4557,0.66053,0.52225,,,,,,,1.0,,,,
240.0,37.0,80.66667,0.45767,8.33333,27.66667,0.29867,14.66667,18.0,0.81067,8.0,35.0,43.0,21.0,6.66667,3.66667,14.66667,15.33333,97.0,240.0,34.66667,80.66667,0.43167,13.0,39.0,0.332,14.33333,17.33333,0.82367,7.66667,32.66667,40.33333,18.0,7.66667,4.33333,13.0,18.33333,96.66667,0,-0.00602,0.00602,0.22275,0.24906,0.51178,0.50929,0.57386,0.57283,,,,,,,0.66667,240.0,40.66667,86.66667,0.47033,15.66667,41.66667,0.376,12.0,17.66667,0.669,8.0,31.0,39.0,28.0,7.33333,4.0,13.66667,21.33333,109.0,240.0,43.0,88.0,0.48833,12.0,31.0,0.382,17.66667,23.66667,0.77,9.66667,33.33333,43.0,23.66667,9.0,4.0,10.66667,20.0,115.66667,0,0.07886,-0.07886,0.33962,0.24391,0.55555,0.56122,0.62007,0.6037,,,,,,,0.66667,,,,
240.0,35.33333,88.33333,0.40067,12.33333,41.0,0.30333,18.33333,25.66667,0.70367,12.0,41.0,53.0,21.0,6.0,3.33333,15.0,20.33333,101.33333,240.0,34.66667,91.33333,0.37967,11.0,36.33333,0.30467,19.66667,25.0,0.79633,13.66667,37.0,50.66667,22.33333,9.66667,5.0,11.0,19.66667,100.0,0,-0.01428,0.01428,0.33526,0.33901,0.44047,0.47061,0.51788,0.53977,,,,,,,0.33333,248.33333,38.66667,86.33333,0.44733,11.33333,34.0,0.32667,14.33333,18.0,0.80333,8.33333,29.33333,37.66667,21.0,6.66667,5.66667,13.66667,21.66667,103.0,248.33333,44.33333,92.66667,0.479,11.0,33.33333,0.335,19.0,23.66667,0.79067,13.33333,36.0,49.33333,21.66667,7.33333,4.66667,14.33333,15.0,118.66667,0,0.20635,-0.20635,0.46566,0.23044,0.53819,0.51129,0.60641,0.56983,,,,,,,1.0,,,,
240.0,39.33333,84.66667,0.46467,11.66667,34.0,0.34433,13.66667,14.33333,0.93333,8.66667,35.66667,44.33333,27.0,7.33333,4.33333,13.0,20.33333,104.0,240.0,34.66667,83.66667,0.41867,11.66667,35.0,0.33233,20.33333,23.33333,0.85467,11.0,32.66667,43.66667,22.0,7.66667,4.66667,12.66667,16.66667,101.33333,0,-0.04466,0.04466,0.3173,0.26405,0.48783,0.53331,0.57342,0.592,,,,,,,0.33333,240.0,37.66667,91.0,0.414,10.33333,34.0,0.30767,18.0,27.0,0.65833,14.0,35.66667,49.66667,23.0,9.33333,6.66667,16.66667,17.66667,103.66667,240.0,41.0,93.33333,0.44067,13.0,37.0,0.35067,11.66667,17.0,0.689,12.33333,32.66667,45.0,25.0,10.66667,6.33333,13.33333,20.66667,106.66667,0,0.04405,-0.04405,0.36195,0.44884,0.51033,0.47085,0.55094,0.5345,,,,,,,0.66667,,,,
240.0,36.66667,82.0,0.447,8.33333,25.66667,0.32033,15.33333,18.0,0.86367,7.66667,35.66667,43.33333,18.66667,9.66667,3.33333,16.66667,17.66667,97.0,240.0,37.33333,83.66667,0.44533,12.66667,36.0,0.35967,16.66667,19.33333,0.863,8.66667,33.33333,42.0,22.33333,10.33333,4.66667,16.33333,15.0,104.0,1,0.09182,-0.09182,0.25184,0.23333,0.52062,0.49766,0.591,0.56422,,,,,,,0.66667,248.33333,41.0,93.33333,0.43933,12.66667,36.66667,0.346,15.33333,20.66667,0.72933,12.0,36.0,48.0,26.0,11.0,2.66667,15.0,21.0,110.0,248.33333,39.33333,85.66667,0.45733,14.0,36.66667,0.39267,13.0,17.66667,0.73,9.66667,37.0,46.66667,23.66667,7.66667,6.33333,18.33333,19.0,105.66667,1,-0.07498,0.07498,0.26875,0.32994,0.53827,0.50779,0.58853,0.56193,,,,,,,0.66667,,,,
240.0,35.33333,80.66667,0.436,10.33333,31.66667,0.31367,15.0,18.0,0.82733,9.66667,33.33333,43.0,18.66667,6.66667,3.0,15.33333,15.33333,96.0,240.0,33.33333,80.0,0.41833,10.66667,39.33333,0.272,14.66667,18.33333,0.80167,9.66667,31.66667,41.33333,18.0,8.33333,3.33333,14.66667,18.66667,92.0,1,-0.07045,0.07045,0.28822,0.3065,0.48488,0.50075,0.54925,0.56676,,,,,,,0.66667,240.0,32.33333,80.33333,0.40233,8.33333,27.0,0.306,15.0,16.0,0.93,10.66667,35.66667,46.33333,21.0,9.33333,3.33333,18.0,16.33333,88.0,240.0,35.0,79.66667,0.44,11.0,36.66667,0.298,13.33333,17.33333,0.74833,7.66667,32.0,39.66667,21.66667,9.66667,4.66667,14.66667,16.0,94.33333,1,0.10535,-0.10535,0.21594,0.33292,0.50839,0.45393,0.5655,0.52405,,,,,,,0.66667,,,,
240.0,41.33333,92.0,0.44933,12.66667,37.33333,0.333,17.66667,24.0,0.73333,11.0,38.0,49.0,24.66667,9.33333,5.0,12.0,19.0,113.0,240.0,43.0,87.0,0.49433,11.66667,27.33333,0.41667,13.66667,18.0,0.769,5.33333,37.0,42.33333,27.0,7.33333,5.0,13.0,18.66667,111.33333,0,-0.01958,0.01958,0.14316,0.30075,0.56126,0.51775,0.61208,0.58158,,,,,,,0.33333,240.0,41.33333,92.0,0.44967,10.33333,31.66667,0.32367,19.33333,22.33333,0.86733,11.66667,34.66667,46.33333,22.33333,4.0,2.33333,14.66667,19.33333,112.33333,240.0,46.0,91.66667,0.50167,13.0,34.0,0.39033,16.0,18.66667,0.852,9.0,33.33333,42.33333,27.33333,8.66667,6.66667,11.33333,22.0,121.0,0,0.10774,-0.10774,0.26042,0.35239,0.57303,0.50543,0.63202,0.57974,,,,,,,1.0,,,,
240.0,40.66667,87.66667,0.464,8.66667,32.33333,0.27133,11.33333,15.0,0.76533,9.0,34.33333,43.33333,23.66667,6.33333,5.66667,11.33333,14.0,101.33333,240.0,43.66667,89.33333,0.491,14.33333,34.66667,0.414,6.66667,10.33333,0.66167,8.0,37.0,45.0,26.0,8.0,4.33333,10.33333,17.66667,108.33333,0,0.09706,-0.09706,0.23074,0.2546,0.57189,0.51352,0.59402,0.55715,,,,,,,1.0,240.0,39.66667,91.0,0.436,11.66667,34.0,0.34433,12.66667,15.0,0.886,11.0,34.33333,45.33333,25.66667,8.33333,1.66667,11.33333,17.33333,103.66667,240.0,44.66667,90.66667,0.49333,12.66667,32.0,0.403,10.0,13.33333,0.75367,9.0,38.0,47.0,27.33333,6.33333,5.66667,11.33333,17.0,112.0,0,0.11103,-0.11103,0.2699,0.30625,0.56351,0.49992,0.5993,0.54957,,,,,,,1.0,,,,
240.0,39.0,88.0,0.44367,16.0,37.0,0.43433,15.33333,19.66667,0.74633,7.66667,31.33333,39.0,20.33333,5.0,2.66667,13.66667,16.66667,109.33333,240.0,43.33333,87.0,0.49833,15.66667,41.66667,0.37667,17.0,19.66667,0.85933,7.66667,34.0,41.66667,26.0,9.66667,4.66667,13.0,21.33333,119.33333,0,0.12788,-0.12788,0.25303,0.21616,0.58859,0.53608,0.65322,0.59307,,,,,,,1.0,240.0,35.33333,79.0,0.44667,10.66667,31.66667,0.334,14.66667,20.0,0.71433,7.66667,36.33333,44.0,21.0,5.33333,6.66667,13.66667,18.33333,96.0,240.0,38.0,88.0,0.43167,11.0,37.0,0.306,16.0,19.66667,0.81567,11.0,33.33333,44.33333,22.0,7.33333,4.66667,10.0,19.0,103.0,0,0.09799,-0.09799,0.30886,0.23977,0.49418,0.51415,0.55766,0.57577,,,,,,,1.0,,,,
240.0,34.33333,85.0,0.40167,12.33333,37.0,0.33233,12.66667,17.66667,0.73167,11.0,29.33333,40.33333,20.66667,10.0,4.66667,17.33333,19.0,93.66667,240.0,40.33333,78.66667,0.51867,13.0,33.33333,0.40467,12.66667,19.66667,0.64633,6.0,35.0,41.0,24.66667,8.0,4.33333,17.0,16.66667,106.33333,1,0.19499,-0.19499,0.19192,0.32086,0.60134,0.47351,0.64641,0.5246,,,,,,,0.66667,240.0,40.0,83.0,0.48233,14.33333,34.0,0.417,14.66667,18.33333,0.79333,11.66667,32.66667,44.33333,25.0,3.0,2.66667,16.66667,17.33333,109.0,240.0,42.0,90.66667,0.465,9.33333,29.0,0.32567,11.33333,16.33333,0.672,12.0,27.66667,39.66667,20.33333,10.66667,5.0,8.33333,17.66667,104.66667,1,-0.05751,0.05751,0.3885,0.42385,0.51622,0.56879,0.55725,0.62702,,,,,,,0.33333,,,,
240.0,38.33333,88.66667,0.432,10.0,33.0,0.30867,11.0,15.33333,0.70767,11.33333,37.0,48.33333,19.0,6.0,7.33333,9.66667,19.0,97.66667,240.0,37.33333,84.33333,0.443,10.66667,32.0,0.335,12.33333,17.66667,0.705,8.66667,32.0,40.66667,21.0,4.0,4.33333,10.66667,15.0,97.66667,0,0.00806,-0.00806,0.23409,0.36466,0.50609,0.48849,0.55353,0.53006,,,,,,,0.66667,240.0,43.0,87.0,0.49167,13.0,30.66667,0.42233,12.33333,15.66667,0.80967,10.0,37.0,47.0,26.33333,7.33333,4.0,13.66667,18.33333,111.33333,240.0,35.66667,90.0,0.39567,11.66667,39.0,0.30233,15.33333,18.0,0.85267,11.66667,32.33333,44.0,20.33333,8.0,3.33333,13.66667,16.66667,98.33333,0,-0.17211,0.17211,0.32271,0.32673,0.46067,0.56575,0.52284,0.6135,,,,,,,0.0,,,,
240.0,40.0,84.0,0.47833,12.33333,40.66667,0.30167,15.33333,20.33333,0.78033,8.33333,37.0,45.33333,30.66667,8.0,5.66667,15.66667,20.33333,107.66667,240.0,36.66667,85.33333,0.42933,12.0,37.0,0.325,12.66667,18.33333,0.66933,8.66667,31.0,39.66667,22.0,9.33333,2.33333,13.0,18.33333,98.0,1,-0.13674,0.13674,0.25269,0.26568,0.5,0.55261,0.54816,0.61149,,,,,,,0.33333,240.0,40.33333,85.66667,0.46633,12.0,32.33333,0.37833,12.0,14.66667,0.828,7.33333,37.66667,45.0,23.66667,6.33333,4.66667,15.66667,20.0,104.66667,240.0,35.33333,87.66667,0.40333,10.66667,36.33333,0.29567,16.66667,21.0,0.80433,10.33333,34.0,44.33333,18.66667,10.33333,4.33333,14.0,17.33333,98.0,1,-0.07956,0.07956,0.27913,0.22294,0.46383,0.53523,0.53134,0.58501,,,,,,,0.33333,,,,
240.0,43.0,88.33333,0.48733,12.0,31.33333,0.38233,16.0,18.33333,0.84233,10.33333,30.33333,40.66667,24.33333,7.66667,4.66667,14.0,21.33333,114.0,240.0,37.33333,81.66667,0.45733,10.33333,33.33333,0.307,22.66667,26.33333,0.85667,9.0,32.66667,41.66667,23.0,8.33333,5.0,14.66667,18.66667,107.66667,0,-0.08149,0.08149,0.30789,0.32506,0.5202,0.55563,0.6154,0.61796,,,,,,,0.33333,240.0,39.33333,93.66667,0.419,13.66667,41.33333,0.32967,18.0,23.0,0.77433,13.0,38.0,51.0,21.0,10.66667,5.66667,12.33333,24.0,110.33333,240.0,34.66667,84.0,0.413,8.66667,32.66667,0.26367,17.0,26.33333,0.648,8.66667,37.66667,46.33333,16.33333,6.0,5.33333,16.33333,20.66667,95.0,0,-0.21785,0.21785,0.22898,0.35109,0.46471,0.49155,0.52906,0.55866,,,,,,,0.0,,,,
240.0,33.33333,78.66667,0.42333,10.0,30.0,0.35833,20.0,24.33333,0.819,8.66667,32.0,40.66667,21.66667,5.0,2.0,13.66667,20.66667,96.66667,240.0,41.33333,85.33333,0.48433,13.0,34.33333,0.37733,13.0,18.33333,0.70633,8.33333,34.0,42.33333,26.33333,7.33333,3.0,9.0,20.66667,108.66667,0,0.16906,-0.16906,0.27168,0.26084,0.56034,0.4878,0.60795,0.57727,,,,,,,1.0,240.0,40.33333,88.33333,0.45633,10.33333,25.0,0.41,18.66667,23.33333,0.78467,13.33333,29.33333,42.66667,24.33333,8.0,4.0,13.33333,16.66667,109.66667,240.0,47.0,88.0,0.53533,16.0,35.66667,0.45467,10.0,13.66667,0.73433,9.0,32.66667,41.66667,32.0,8.33333,7.0,13.33333,20.66667,120.0,0,0.13098,-0.13098,0.30655,0.41161,0.62611,0.51455,0.66036,0.58678,,,,,,,1.0,,,,
240.0,37.33333,89.33333,0.418,10.33333,34.66667,0.289,12.66667,15.0,0.871,10.0,36.33333,46.33333,21.33333,8.33333,4.66667,13.66667,14.33333,97.66667,240.0,40.33333,90.66667,0.44233,13.66667,36.0,0.39433,5.0,7.0,0.724,10.33333,37.66667,48.0,21.33333,8.33333,5.0,15.0,20.66667,99.33333,1,0.01954,-0.01954,0.31208,0.27154,0.51809,0.47551,0.53664,0.52673,,,,,,,0.66667,265.0,47.0,99.33333,0.476,14.0,37.33333,0.382,14.66667,19.66667,0.759,10.66667,37.66667,48.33333,30.66667,8.33333,3.33333,15.33333,22.33333,122.66667,265.0,43.33333,89.0,0.48533,10.0,36.0,0.27,20.0,28.0,0.70667,7.66667,37.66667,45.33333,27.66667,10.0,6.33333,16.0,20.0,116.66667,1,-0.07348,0.07348,0.20711,0.27619,0.53984,0.54772,0.6115,0.59614,,,,,,,0.33333,,,,
248.33333,38.0,85.66667,0.444,12.0,32.66667,0.38367,24.66667,30.0,0.826,8.66667,34.33333,43.0,24.33333,7.66667,3.33333,11.0,23.33333,112.66667,248.33333,41.66667,89.0,0.46733,14.66667,40.33333,0.36667,16.33333,23.0,0.70267,10.66667,36.0,46.66667,23.66667,4.33333,4.66667,13.33333,23.66667,114.33333,0,0.02911,-0.02911,0.31422,0.24348,0.5497,0.5153,0.60775,0.61217,,,,,,,0.66667,240.0,39.66667,94.0,0.42267,11.66667,35.66667,0.326,12.0,15.33333,0.78033,10.33333,35.66667,46.0,22.0,9.0,4.33333,12.66667,18.0,103.0,240.0,40.0,87.66667,0.45833,16.33333,40.0,0.42167,15.66667,19.66667,0.791,8.33333,39.66667,48.0,22.33333,7.0,3.33333,13.33333,15.66667,112.0,0,0.11864,-0.11864,0.22763,0.25969,0.55171,0.48497,0.61091,0.52985,,,,,,,1.0,,,,
240.0,41.33333,90.66667,0.45667,11.33333,34.66667,0.334,16.33333,21.0,0.787,10.0,34.0,44.0,24.33333,6.66667,6.0,12.66667,23.0,110.33333,240.0,42.33333,90.66667,0.46767,12.33333,35.66667,0.347,21.33333,27.66667,0.762,9.66667,37.66667,47.33333,23.66667,7.66667,4.0,12.66667,18.0,118.33333,0,0.10079,-0.10079,0.3033,0.27413,0.53557,0.51945,0.61197,0.57987,,,,,,,0.66667,240.0,36.33333,88.66667,0.41,9.66667,38.0,0.25367,13.33333,18.66667,0.72467,12.0,35.66667,47.66667,19.0,6.0,5.66667,13.66667,18.33333,95.66667,240.0,35.66667,84.0,0.42433,15.0,41.33333,0.36333,12.33333,16.0,0.73767,7.66667,35.0,42.66667,24.0,6.0,6.66667,13.33333,19.33333,98.66667,0,0.04803,-0.04803,0.21338,0.34752,0.51467,0.46468,0.56507,0.51552,,,,,,,0.66667,,,,
248.33333,37.0,93.66667,0.396,8.66667,34.33333,0.259,14.66667,17.33333,0.85833,11.66667,31.33333,43.0,21.66667,11.66667,6.33333,11.66667,16.0,97.33333,248.33333,42.0,84.33333,0.499,12.66667,31.33333,0.411,12.66667,16.66667,0.72267,6.66667,39.33333,46.0,30.66667,5.66667,6.33333,17.66667,17.33333,109.33333,0,0.16982,-0.16982,0.2212,0.31406,0.57453,0.4422,0.62328,0.50032,,,,,,,0.66667,240.0,33.66667,87.33333,0.38633,7.66667,33.66667,0.22567,20.33333,26.66667,0.75833,15.0,32.0,47.0,22.0,7.33333,3.66667,14.33333,19.0,95.33333,240.0,37.66667,84.33333,0.44733,14.66667,43.0,0.334,16.0,20.0,0.80367,11.66667,33.66667,45.33333,22.66667,7.0,7.33333,15.66667,23.0,106.0,0,0.15027,-0.15027,0.36652,0.48525,0.53366,0.42979,0.59803,0.51181,,,,,,,0.66667,,,,
240.0,36.66667,86.0,0.428,10.0,35.0,0.29667,12.66667,14.33333,0.871,10.0,38.33333,48.33333,25.66667,7.33333,4.66667,12.33333,16.33333,96.0,240.0,36.0,88.0,0.412,10.66667,34.33333,0.30933,11.66667,15.66667,0.688,12.0,35.66667,47.66667,24.0,6.66667,5.66667,12.66667,16.33333,94.33333,0,-0.02174,0.02174,0.31202,0.2807,0.47231,0.48624,0.51951,0.54039,,,,,,,0.33333,240.0,35.66667,78.66667,0.45167,13.66667,40.33333,0.33633,17.66667,22.33333,0.791,9.33333,29.0,38.33333,20.0,7.66667,3.33333,12.66667,18.66667,102.66667,240.0,39.0,82.0,0.47733,11.66667,34.0,0.373,13.33333,17.66667,0.75767,10.0,30.0,40.0,25.66667,5.66667,1.0,14.0,20.66667,103.0,0,-0.01394,0.01394,0.34008,0.30999,0.54776,0.53837,0.60077,0.61325,,,,,,,0.66667,,,,
240.0,36.33333,88.0,0.413,12.0,37.33333,0.319,18.33333,24.0,0.76833,11.66667,40.66667,52.33333,21.0,7.0,4.0,16.66667,19.0,103.0,240.0,36.0,94.33333,0.382,12.0,36.66667,0.326,17.0,22.66667,0.76,16.0,34.0,50.0,21.33333,9.66667,5.0,11.33333,18.33333,101.0,0,-0.02576,0.02576,0.39333,0.34872,0.44586,0.48142,0.50909,0.55217,,,,,,,0.33333,240.0,38.66667,89.0,0.437,11.33333,40.0,0.28433,18.66667,21.66667,0.85567,12.66667,37.66667,50.33333,17.66667,8.33333,6.0,12.66667,15.33333,107.33333,240.0,37.33333,88.33333,0.42267,13.33333,40.33333,0.32967,12.66667,17.0,0.76767,9.66667,34.66667,44.33333,19.0,6.66667,4.0,12.66667,17.33333,100.66667,0,-0.09377,0.09377,0.25803,0.38276,0.49916,0.50167,0.54812,0.57782,,,,,,,0.33333,,,,
240.0,41.0,98.66667,0.41633,11.0,39.0,0.28567,13.33333,18.66667,0.71733,15.66667,32.33333,48.0,23.33333,10.66667,6.33333,12.33333,18.66667,106.33333,240.0,39.66667,89.66667,0.43633,10.33333,37.66667,0.26933,13.0,15.66667,0.82233,12.33333,37.33333,49.66667,25.33333,8.0,7.33333,18.0,18.0,102.66667,0,-0.07467,0.07467,0.39667,0.44049,0.49308,0.47245,0.54701,0.51834,,,,,,,0.33333,240.0,37.33333,89.33333,0.41833,9.33333,39.0,0.24233,18.33333,24.33333,0.758,10.0,35.0,45.0,24.33333,8.33333,6.0,11.66667,17.66667,102.33333,240.0,42.66667,88.33333,0.486,12.0,33.0,0.363,10.66667,15.33333,0.639,8.66667,39.0,47.66667,27.0,8.0,5.66667,13.0,21.0,108.0,0,0.08289,-0.08289,0.2459,0.25841,0.55456,0.47058,0.5924,0.53999,,,,,,,1.0,,,,
240.0,40.0,87.66667,0.45667,9.33333,29.0,0.31667,11.66667,16.0,0.717,12.66667,39.0,51.66667,18.0,6.66667,7.66667,13.66667,22.0,101.0,240.0,35.33333,83.66667,0.42267,10.33333,32.0,0.325,16.33333,21.66667,0.75967,8.66667,27.66667,36.33333,20.33333,8.33333,4.66667,11.33333,16.0,97.33333,0,-0.05128,0.05128,0.22294,0.45905,0.48422,0.5096,0.55041,0.55383,,,,,,,0.33333,240.0,44.0,93.0,0.474,19.66667,42.33333,0.46533,9.33333,11.33333,0.80467,12.33333,36.33333,48.66667,28.0,8.0,3.33333,12.33333,18.33333,117.0,240.0,36.66667,81.33333,0.45133,13.66667,35.33333,0.381,17.33333,21.66667,0.791,7.0,30.0,37.0,20.0,7.0,7.66667,12.0,14.66667,104.33333,0,-0.16411,0.16411,0.19279,0.4139,0.53589,0.58131,0.60663,0.61466,,,,,,,0.0,,,,
248.33333,41.66667,92.66667,0.45133,10.66667,37.0,0.29467,18.33333,22.66667,0.82333,14.0,34.33333,48.33333,22.33333,9.66667,3.0,16.0,23.66667,112.33333,248.33333,41.33333,89.33333,0.46167,15.33333,42.66667,0.364,14.33333,19.33333,0.74233,10.0,33.33333,43.33333,23.0,9.0,5.66667,16.66667,20.0,112.33333,1,-0.00149,0.00149,0.29137,0.43792,0.54752,0.50968,0.59978,0.57737,,,,,,,0.66667,240.0,40.0,92.33333,0.43667,12.66667,38.0,0.32,13.0,15.66667,0.79467,9.66667,36.66667,46.33333,26.66667,7.33333,6.66667,11.66667,14.33333,105.66667,240.0,37.66667,94.33333,0.39867,12.0,39.0,0.31,12.66667,15.33333,0.83067,13.66667,37.33333,51.0,18.0,7.33333,5.0,12.33333,18.0,100.0,1,-0.07314,0.07314,0.3733,0.25778,0.4629,0.50781,0.51187,0.55838,,,,,,,0.66667,,,,
240.0,40.66667,84.33333,0.484,12.33333,27.0,0.46567,18.33333,23.33333,0.77767,13.0,32.33333,45.33333,20.0,8.33333,3.33333,13.33333,20.33333,112.0,240.0,39.66667,87.0,0.459,10.66667,31.0,0.349,17.0,21.33333,0.78733,12.33333,29.0,41.33333,24.66667,6.66667,4.33333,11.66667,19.33333,107.0,0,-0.06988,0.06988,0.37241,0.44384,0.52142,0.55725,0.58718,0.62733,,,,,,,0.33333,240.0,40.66667,88.66667,0.459,14.0,33.0,0.421,11.33333,15.0,0.73733,11.33333,33.0,44.33333,21.33333,6.33333,4.33333,13.33333,22.0,106.66667,240.0,38.33333,83.0,0.46267,13.66667,41.0,0.33233,14.66667,21.33333,0.69933,9.0,30.66667,39.66667,22.0,9.0,3.33333,14.0,18.33333,105.0,0,-0.02136,0.02136,0.27825,0.38889,0.54488,0.53899,0.59955,0.58097,,,,,,,0.33333,,,,
240.0,40.0,92.0,0.43267,13.0,36.0,0.354,18.0,21.66667,0.876,10.0,40.0,50.0,22.66667,12.0,5.0,12.33333,21.33333,111.0,240.0,34.33333,89.33333,0.385,9.0,36.33333,0.242,15.33333,22.66667,0.67,13.0,40.66667,53.66667,18.66667,7.0,4.66667,18.66667,21.0,93.0,1,-0.25146,0.25146,0.32396,0.24813,0.43579,0.50264,0.4947,0.57323,,,,,,,0.0,240.0,44.33333,94.66667,0.46867,12.0,38.33333,0.30433,15.66667,21.33333,0.74033,12.0,37.33333,49.33333,23.66667,7.66667,5.66667,13.0,22.33333,116.33333,240.0,44.33333,88.0,0.50333,12.66667,27.66667,0.443,16.33333,23.66667,0.69833,6.66667,34.66667,41.33333,29.66667,8.0,5.33333,12.0,19.0,117.66667,1,0.00982,-0.00982,0.18818,0.34886,0.57477,0.53152,0.62968,0.58588,,,,,,,0.33333,,,,
240.0,38.66667,87.0,0.44433,10.0,27.66667,0.35467,16.66667,18.66667,0.89733,10.66667,32.66667,43.33333,20.66667,9.33333,6.0,13.0,19.33333,104.0,240.0,38.66667,86.66667,0.446,9.66667,31.66667,0.30633,17.33333,21.33333,0.80467,10.33333,32.0,42.33333,23.0,8.0,6.66667,13.33333,14.66667,104.33333,0,0.01312,-0.01312,0.31523,0.33832,0.50141,0.50023,0.57223,0.56944,,,,,,,0.33333,240.0,36.0,88.33333,0.408,12.66667,38.66667,0.32367,11.33333,16.66667,0.65167,8.0,39.33333,47.33333,21.66667,7.66667,4.33333,14.0,16.33333,96.0,240.0,39.0,91.66667,0.42833,17.0,45.0,0.39067,13.66667,18.33333,0.74733,11.33333,41.0,52.33333,23.33333,9.66667,5.66667,12.66667,18.33333,108.66667,0,0.18223,-0.18223,0.28808,0.19903,0.52155,0.47988,0.57167,0.52268,,,,,,,1.0,,,,
240.0,40.66667,93.0,0.438,13.0,34.66667,0.38067,16.0,17.33333,0.92367,14.0,26.33333,40.33333,23.0,9.0,4.0,11.33333,16.0,110.33333,240.0,43.33333,83.33333,0.522,15.33333,38.66667,0.39367,13.33333,15.33333,0.86133,8.66667,32.66667,41.33333,29.33333,7.33333,8.0,15.66667,16.33333,115.33333,1,0.06449,-0.06449,0.34192,0.43241,0.61478,0.50782,0.66759,0.5704,,,,,,,0.66667,240.0,41.33333,89.33333,0.462,9.66667,30.0,0.318,12.0,16.66667,0.73833,8.33333,31.66667,40.0,23.33333,10.0,7.0,14.33333,21.33333,104.33333,240.0,38.66667,84.33333,0.45733,14.0,34.0,0.40367,20.33333,24.66667,0.82633,9.66667,35.33333,45.0,22.33333,8.33333,4.33333,18.0,19.0,111.66667,1,0.07779,-0.07779,0.3522,0.27146,0.53964,0.51558,0.61997,0.56029,,,,,,,0.33333,,,,
240.0,42.66667,93.0,0.46067,8.66667,25.66667,0.33867,10.66667,13.66667,0.75667,8.0,35.33333,43.33333,28.66667,8.66667,7.0,12.66667,13.0,104.66667,240.0,40.66667,91.33333,0.44533,14.0,40.33333,0.351,11.0,14.0,0.76667,10.66667,35.66667,46.33333,27.0,8.33333,7.66667,15.0,15.33333,106.33333,0,0.00962,-0.00962,0.31617,0.22555,0.52239,0.50817,0.56349,0.54814,,,,,,,0.66667,256.66667,42.0,96.33333,0.436,12.0,38.66667,0.309,19.66667,25.0,0.78067,13.0,39.0,52.0,24.33333,9.66667,3.0,16.0,23.0,115.66667,256.66667,39.66667,88.33333,0.446,13.33333,37.0,0.36667,17.0,23.66667,0.713,9.33333,39.0,48.33333,24.33333,9.33333,7.33333,18.66667,21.33333,109.66667,0,-0.09838,0.09838,0.24004,0.33937,0.52044,0.49836,0.58225,0.56752,,,,,,,0.66667,,,,
240.0,35.0,86.66667,0.40367,10.66667,37.33333,0.28933,11.33333,14.0,0.81167,9.33333,30.66667,40.0,24.66667,5.0,1.66667,15.66667,16.66667,92.0,240.0,44.0,85.0,0.51767,14.66667,38.33333,0.37767,12.66667,16.33333,0.76333,7.33333,36.33333,43.66667,30.0,8.66667,4.33333,10.66667,17.33333,115.33333,0,0.32574,-0.32574,0.24167,0.25591,0.60302,0.46552,0.65051,0.51275,,,,,,,1.0,240.0,37.33333,92.66667,0.40467,8.66667,30.66667,0.29067,13.33333,18.33333,0.72367,12.66667,30.66667,43.33333,17.66667,12.0,3.33333,10.33333,16.0,96.66667,240.0,41.33333,81.0,0.50833,9.66667,28.0,0.35233,13.0,18.66667,0.651,6.33333,40.0,46.33333,25.66667,6.0,7.0,16.66667,14.66667,105.33333,0,0.12728,-0.12728,0.2063,0.32172,0.56804,0.45165,0.6184,0.50192,,,,,,,0.66667,,,,
248.33333,41.66667,96.66667,0.432,13.0,37.0,0.351,19.33333,23.33333,0.82467,11.66667,37.66667,49.33333,25.0,10.33333,4.0,16.0,20.0,115.66667,248.33333,43.33333,94.66667,0.46067,13.33333,39.33333,0.33933,18.0,23.66667,0.75533,11.66667,41.0,52.66667,27.0,11.0,7.0,17.0,19.0,118.0,0,0.02866,-0.02866,0.30462,0.28263,0.53299,0.49979,0.59666,0.56967,,,,,,,0.66667,240.0,39.33333,87.66667,0.44833,13.66667,41.66667,0.327,11.0,15.66667,0.69733,9.33333,28.33333,37.66667,26.0,8.33333,3.33333,13.66667,20.33333,103.33333,240.0,45.0,87.66667,0.51467,14.0,34.0,0.41567,15.66667,21.0,0.77833,10.0,35.66667,45.66667,27.0,8.33333,4.0,11.33333,17.66667,119.66667,0,0.21062,-0.21062,0.36242,0.26279,0.59452,0.52617,0.64966,0.56711,,,,,,,1.0,,,,
240.0,35.33333,89.66667,0.39567,11.0,39.66667,0.277,15.0,22.33333,0.66867,12.0,34.66667,46.66667,20.33333,5.66667,5.66667,17.66667,17.0,96.66667,240.0,42.0,88.66667,0.47033,14.66667,40.33333,0.36167,15.66667,20.66667,0.73633,6.66667,40.66667,47.33333,25.33333,12.0,7.33333,10.66667,21.0,114.33333,0,0.23203,-0.23203,0.19209,0.30625,0.55449,0.45699,0.61301,0.51201,,,,,,,1.0,248.33333,40.66667,92.66667,0.43967,15.33333,39.66667,0.38967,12.0,17.0,0.71033,11.33333,30.66667,42.0,22.0,5.66667,3.0,10.66667,21.0,108.66667,248.33333,44.0,90.66667,0.48533,13.33333,36.66667,0.36533,19.66667,23.33333,0.854,12.0,38.66667,50.66667,24.0,5.33333,5.33333,11.66667,14.33333,121.0,0,0.15274,-0.15274,0.41975,0.29294,0.55903,0.52211,0.63138,0.565,,,,,,,1.0,,,,
240.0,42.0,87.33333,0.48,12.66667,31.0,0.399,17.0,22.66667,0.78133,13.0,32.33333,45.33333,24.66667,8.33333,4.33333,16.33333,15.0,113.66667,240.0,41.0,95.33333,0.43167,12.0,32.33333,0.373,12.66667,16.0,0.73533,15.66667,25.33333,41.0,22.66667,10.66667,9.33333,12.33333,18.66667,106.66667,0,-0.08738,0.08738,0.508,0.51128,0.49397,0.55257,0.54203,0.61596,,,,,,,0.0,240.0,38.0,84.0,0.45333,12.66667,36.0,0.35333,16.66667,21.66667,0.77833,9.33333,35.33333,44.66667,23.0,8.0,5.0,16.66667,20.33333,105.33333,240.0,41.33333,82.66667,0.50933,15.0,36.33333,0.41867,13.33333,18.33333,0.71767,6.0,34.33333,40.33333,28.33333,8.66667,4.0,14.66667,20.0,111.0,0,0.07901,-0.07901,0.15682,0.27756,0.59996,0.5292,0.64899,0.59488,,,,,,,0.66667,,,,
240.0,39.33333,94.66667,0.41567,10.33333,34.66667,0.29833,13.66667,19.33333,0.71133,9.33333,31.0,40.33333,22.33333,10.33333,3.0,13.0,18.0,102.66667,240.0,43.66667,86.33333,0.50567,19.33333,45.66667,0.425,18.0,21.66667,0.82167,9.0,44.0,53.0,28.66667,9.0,3.66667,18.0,18.0,124.66667,0,0.27874,-0.27874,0.3376,0.2125,0.61753,0.4704,0.68356,0.51916,,,,,,,1.0,240.0,39.0,84.66667,0.45767,12.33333,37.0,0.32033,12.66667,22.33333,0.542,11.0,36.66667,47.66667,22.66667,7.66667,3.0,21.66667,18.33333,103.0,240.0,42.33333,94.33333,0.44933,9.0,29.66667,0.298,12.33333,16.66667,0.72967,12.33333,32.66667,45.0,23.33333,11.0,6.0,14.0,20.0,106.0,0,0.04796,-0.04796,0.35023,0.33681,0.497,0.52914,0.54113,0.57255,,,,,,,0.66667,,,,
240.0,36.0,87.0,0.41267,9.33333,35.0,0.27133,13.33333,18.0,0.74133,10.33333,36.33333,46.66667,16.33333,6.0,5.33333,11.66667,20.0,94.66667,240.0,36.66667,83.0,0.44167,9.33333,31.33333,0.297,13.66667,20.33333,0.67167,7.66667,34.0,41.66667,20.0,6.66667,4.66667,11.33333,17.0,96.33333,0,0.03495,-0.03495,0.21167,0.31424,0.49776,0.46617,0.55075,0.51939,,,,,,,0.66667,240.0,35.66667,91.0,0.392,10.0,38.66667,0.264,13.66667,19.66667,0.70133,12.0,37.33333,49.33333,23.66667,7.66667,5.66667,14.66667,17.0,95.0,240.0,41.0,91.33333,0.44933,11.33333,34.66667,0.32667,9.0,14.0,0.61133,10.66667,38.33333,49.0,26.0,8.66667,5.0,11.33333,18.33333,102.33333,0,0.10931,-0.10931,0.28734,0.31616,0.51176,0.44677,0.54295,0.49807,,,,,,,1.0,,,,
240.0,40.33333,84.33333,0.47633,11.33333,30.0,0.372,12.66667,15.66667,0.80967,6.0,33.66667,39.66667,22.66667,9.0,2.66667,17.0,19.0,104.66667,240.0,36.66667,84.33333,0.43267,10.66667,37.33333,0.27933,20.0,22.66667,0.89367,9.66667,35.0,44.66667,20.66667,10.66667,5.0,17.33333,15.0,104.0,0,-0.00957,0.00957,0.29131,0.17143,0.4947,0.54261,0.58071,0.5948,,,,,,,0.33333,240.0,38.33333,89.0,0.43133,12.66667,35.66667,0.35633,13.66667,17.33333,0.76033,10.0,36.0,46.0,22.66667,7.66667,3.33333,13.66667,17.33333,103.0,240.0,40.66667,86.33333,0.476,16.0,43.33333,0.38433,13.66667,17.66667,0.777,8.33333,36.0,44.33333,24.66667,9.0,6.0,12.0,17.0,111.0,0,0.11277,-0.11277,0.23036,0.28148,0.5693,0.50252,0.62059,0.55589,,,,,,,1.0,,,,
240.0,39.0,93.33333,0.418,12.0,38.33333,0.31533,14.0,19.0,0.72933,16.0,39.0,55.0,19.33333,7.66667,4.33333,15.0,19.0,104.0,240.0,35.66667,87.66667,0.40667,13.0,39.66667,0.325,15.0,20.33333,0.74733,10.33333,34.0,44.33333,21.33333,7.0,5.33333,11.33333,17.0,99.33333,0,-0.06384,0.06384,0.2655,0.48168,0.48164,0.48238,0.53976,0.53306,,,,,,,0.33333,240.0,38.33333,83.33333,0.46133,12.0,30.66667,0.399,16.66667,20.66667,0.80767,6.66667,35.33333,42.0,21.33333,7.0,5.33333,13.33333,18.0,105.33333,240.0,42.66667,93.0,0.459,10.33333,30.33333,0.33833,17.66667,21.33333,0.83567,13.66667,35.66667,49.33333,22.33333,8.0,2.66667,9.66667,17.0,113.33333,0,0.10768,-0.10768,0.38651,0.19038,0.51514,0.53351,0.58131,0.60064,,,,,,,0.66667,,,,
240.0,40.66667,91.66667,0.44367,15.33333,36.66667,0.42133,12.66667,16.33333,0.82533,9.0,38.0,47.0,27.0,7.66667,4.33333,9.0,16.0,109.33333,240.0,42.33333,88.66667,0.47833,13.66667,33.33333,0.41667,12.0,16.0,0.757,6.33333,39.0,45.33333,27.66667,6.0,4.0,10.33333,13.66667,110.33333,0,0.01803,-0.01803,0.16755,0.23107,0.55537,0.52671,0.59942,0.57381,,,,,,,0.66667,240.0,41.33333,93.33333,0.44333,12.0,31.66667,0.37567,13.33333,15.0,0.915,12.33333,36.33333,48.66667,23.33333,4.33333,1.66667,12.0,17.0,108.0,240.0,45.0,91.66667,0.491,12.66667,36.66667,0.35067,12.33333,15.66667,0.78567,7.33333,36.0,43.33333,26.66667,6.66667,6.33333,9.66667,17.0,115.0,0,0.09156,-0.09156,0.20509,0.35485,0.56048,0.50733,0.6051,0.55829,,,,,,,1.0,,,,
240.0,37.33333,80.0,0.468,10.66667,32.0,0.32933,14.66667,20.33333,0.74633,7.66667,34.0,41.66667,21.66667,3.66667,6.0,17.0,19.0,100.0,240.0,41.0,90.66667,0.454,11.0,29.33333,0.37733,19.66667,23.33333,0.84467,9.66667,35.0,44.66667,27.66667,10.0,2.33333,8.33333,18.0,112.66667,1,0.16495,-0.16495,0.28564,0.21112,0.51486,0.53515,0.58926,0.5936,,,,,,,0.66667,240.0,39.66667,85.66667,0.463,9.0,32.33333,0.27867,10.66667,14.66667,0.73733,9.0,31.33333,40.33333,22.33333,5.66667,2.33333,11.66667,15.33333,99.0,240.0,43.0,84.33333,0.51067,13.66667,36.66667,0.374,9.0,12.33333,0.724,8.66667,34.66667,43.33333,25.33333,7.0,3.66667,11.66667,17.33333,108.66667,1,0.13619,-0.13619,0.27593,0.25993,0.59166,0.51582,0.62547,0.55696,,,,,,,1.0,,,,
240.0,38.66667,88.33333,0.43867,9.33333,32.33333,0.28867,14.66667,19.33333,0.781,11.0,33.0,44.0,21.33333,5.33333,3.33333,10.66667,18.0,101.33333,240.0,44.33333,86.0,0.516,13.66667,35.33333,0.38867,12.66667,16.66667,0.71867,7.66667,36.0,43.66667,30.66667,7.66667,4.0,10.0,18.33333,115.0,0,0.18018,-0.18018,0.23401,0.30671,0.59567,0.49134,0.64122,0.5482,,,,,,,1.0,240.0,40.33333,84.33333,0.479,12.66667,30.0,0.42,17.0,19.66667,0.86467,8.33333,27.33333,35.66667,22.33333,7.0,5.0,12.33333,21.33333,110.33333,240.0,41.0,82.0,0.50033,14.0,33.66667,0.41333,20.0,21.66667,0.89267,8.0,32.33333,40.33333,24.66667,7.33333,6.33333,13.33333,18.33333,116.0,0,0.07219,-0.07219,0.29774,0.25947,0.58608,0.55368,0.6694,0.62271,,,,,,,1.0,,,,
240.0,40.33333,89.66667,0.44933,10.66667,34.33333,0.30567,16.0,19.66667,0.81033,11.33333,35.66667,47.0,24.66667,7.0,3.66667,12.0,21.0,107.33333,240.0,42.33333,88.0,0.47967,11.33333,30.0,0.38167,13.33333,19.33333,0.71567,7.66667,36.0,43.66667,21.66667,5.66667,4.0,10.33333,20.0,109.33333,0,0.01731,-0.01731,0.21594,0.32617,0.54424,0.50848,0.5925,0.57096,,,,,,,0.66667,240.0,36.33333,85.0,0.42733,9.66667,31.66667,0.29833,14.33333,19.0,0.73,10.0,35.0,45.0,21.33333,3.33333,6.33333,11.0,19.66667,96.66667,240.0,39.33333,88.33333,0.445,11.33333,35.33333,0.32633,16.33333,20.66667,0.791,11.0,34.66667,45.66667,24.33333,6.0,4.66667,8.66667,19.33333,106.33333,0,0.136,-0.136,0.31812,0.29276,0.50916,0.48597,0.57231,0.54452,,,,,,,1.0,,,,
240.0,38.0,85.0,0.448,13.33333,37.66667,0.354,16.33333,20.33333,0.79333,11.66667,30.33333,42.0,25.0,7.66667,5.66667,16.66667,20.66667,105.66667,240.0,39.33333,83.66667,0.46967,13.0,36.33333,0.35867,16.0,24.66667,0.653,10.33333,30.0,40.33333,21.66667,8.66667,4.0,15.0,18.66667,107.66667,0,0.05086,-0.05086,0.36162,0.38603,0.54715,0.52625,0.60315,0.59097,,,,,,,0.33333,240.0,35.0,94.0,0.372,14.0,46.66667,0.297,12.33333,17.66667,0.709,10.66667,35.66667,46.33333,19.66667,5.33333,3.66667,12.0,21.0,96.33333,240.0,37.33333,86.33333,0.43067,16.33333,42.0,0.38933,21.0,29.0,0.73433,10.0,46.0,56.0,24.66667,8.0,5.66667,12.33333,19.33333,112.0,0,0.21455,-0.21455,0.29415,0.23788,0.52556,0.44574,0.60316,0.49135,,,,,,,1.0,,,,
240.0,40.0,80.66667,0.496,13.33333,37.66667,0.358,15.33333,19.0,0.82367,9.33333,35.66667,45.0,27.66667,8.0,4.66667,16.66667,22.33333,108.66667,240.0,33.33333,82.66667,0.40367,12.0,39.0,0.30633,18.0,24.33333,0.71367,11.0,27.33333,38.33333,21.33333,9.66667,4.0,13.33333,18.66667,96.66667,1,-0.16918,0.16918,0.32545,0.35536,0.47689,0.57853,0.54955,0.64029,,,,,,,0.0,248.33333,39.33333,89.0,0.44267,11.66667,36.66667,0.315,20.33333,24.33333,0.837,10.66667,33.33333,44.0,22.33333,9.0,3.33333,13.33333,19.33333,110.66667,248.33333,40.33333,92.0,0.437,10.0,33.66667,0.29733,18.0,21.33333,0.84167,13.33333,36.66667,50.0,26.0,7.33333,4.33333,14.33333,22.0,108.66667,1,-0.01971,0.01971,0.41015,0.28798,0.49153,0.50823,0.5622,0.58743,,,,,,,0.33333,,,,
240.0,36.33333,80.66667,0.45167,9.66667,31.0,0.311,21.66667,29.66667,0.73333,8.66667,35.33333,44.0,20.33333,7.66667,4.33333,18.33333,17.66667,104.0,240.0,41.33333,89.0,0.465,12.66667,39.0,0.33433,17.33333,20.0,0.86233,10.0,34.0,44.0,26.33333,11.33333,5.33333,12.66667,24.0,112.66667,0,0.1096,-0.1096,0.28148,0.25502,0.53644,0.5111,0.6035,0.59628,,,,,,,1.0,248.33333,42.66667,93.66667,0.456,16.66667,39.33333,0.427,16.33333,18.66667,0.90033,9.33333,37.33333,46.66667,27.66667,10.66667,7.0,14.0,21.66667,118.33333,248.33333,42.66667,99.0,0.433,9.0,33.0,0.28067,14.66667,21.33333,0.67033,17.33333,38.33333,55.66667,24.66667,9.0,7.33333,14.66667,18.66667,109.0,0,-0.12828,0.12828,0.46825,0.25172,0.47855,0.54477,0.5284,0.60575,,,,,,,0.33333,,,,
240.0,40.66667,90.33333,0.451,16.0,41.0,0.39633,16.0,22.0,0.734,7.0,33.33333,40.33333,25.66667,10.0,8.0,12.0,19.66667,113.33333,240.0,40.0,93.33333,0.42833,12.66667,38.0,0.332,17.0,21.0,0.80767,13.0,40.66667,53.66667,25.0,7.0,2.66667,15.0,19.66667,109.66667,0,-0.05245,0.05245,0.40322,0.16978,0.49619,0.54026,0.55909,0.59705,,,,,,,0.33333,240.0,40.0,93.33333,0.42733,13.33333,37.0,0.36167,17.33333,21.0,0.82967,10.33333,37.66667,48.0,22.0,12.66667,5.66667,12.0,22.66667,110.66667,240.0,37.0,84.66667,0.43733,10.33333,33.33333,0.30333,15.33333,22.33333,0.69,8.33333,39.33333,47.66667,19.66667,6.0,5.66667,19.0,19.33333,99.66667,0,-0.16139,0.16139,0.22109,0.26261,0.49844,0.49855,0.55672,0.5647,,,,,,,0.33333,,,,
240.0,39.33333,89.0,0.44233,11.0,32.33333,0.343,20.0,27.0,0.74267,10.66667,34.0,44.66667,24.0,6.66667,5.66667,12.33333,22.33333,109.66667,240.0,41.33333,89.0,0.46467,13.33333,34.66667,0.386,21.33333,26.66667,0.796,9.0,38.33333,47.33333,24.0,7.0,4.0,12.33333,22.33333,117.33333,1,0.09689,-0.09689,0.28529,0.28516,0.54022,0.50442,0.61906,0.57829,,,,,,,0.66667,240.0,36.33333,88.0,0.413,7.66667,21.66667,0.35433,21.33333,25.0,0.86233,14.33333,33.66667,48.0,18.66667,8.33333,4.33333,13.33333,18.33333,101.66667,240.0,43.66667,88.0,0.499,14.66667,35.66667,0.41933,11.33333,15.66667,0.725,8.33333,35.66667,44.0,29.0,8.33333,8.66667,12.0,19.66667,113.33333,1,0.16067,-0.16067,0.25254,0.41615,0.58215,0.45624,0.62202,0.54315,,,,,,,1.0,,,,
240.0,39.0,87.0,0.45033,13.66667,37.0,0.37,11.0,12.33333,0.89167,7.0,30.0,37.0,24.66667,6.0,4.33333,11.0,15.33333,102.66667,240.0,45.0,91.0,0.493,12.0,29.66667,0.40667,7.66667,11.66667,0.69233,12.33333,36.0,48.33333,25.0,8.33333,3.66667,11.66667,16.0,109.66667,0,0.1058,-0.1058,0.4172,0.19535,0.55904,0.52942,0.58458,0.57422,,,,,,,0.66667,240.0,42.0,90.33333,0.464,10.66667,32.66667,0.33,18.66667,24.0,0.77267,11.33333,33.66667,45.0,22.33333,9.33333,4.0,11.33333,22.0,113.33333,240.0,37.66667,81.33333,0.46133,8.33333,31.0,0.26567,20.0,28.33333,0.709,11.0,32.66667,43.66667,20.0,6.33333,2.66667,15.33333,20.33333,103.66667,0,-0.13924,0.13924,0.33468,0.35344,0.51202,0.52272,0.58925,0.5919,,,,,,,0.33333,,,,
240.0,33.66667,89.0,0.37833,7.66667,29.0,0.26933,19.33333,24.33333,0.79167,11.66667,25.33333,37.0,20.33333,8.33333,5.0,10.66667,19.33333,94.33333,240.0,45.33333,84.66667,0.534,14.66667,31.66667,0.457,16.33333,22.0,0.71067,10.33333,36.33333,46.66667,30.33333,7.0,6.0,14.66667,20.33333,121.66667,1,0.36345,-0.36345,0.42516,0.33693,0.62028,0.4221,0.67829,0.50169,,,,,,,1.0,240.0,38.0,89.66667,0.42533,9.66667,33.33333,0.288,14.0,16.66667,0.84067,11.0,30.66667,41.66667,22.0,7.0,3.66667,13.0,18.0,99.66667,240.0,41.66667,84.66667,0.493,17.33333,45.66667,0.385,14.0,19.0,0.75833,9.33333,37.33333,46.66667,28.0,8.66667,6.33333,16.0,19.0,114.66667,1,0.20855,-0.20855,0.32857,0.3363,0.59575,0.47956,0.64737,0.53576,,,,,,,0.66667,,,,
240.0,40.66667,87.0,0.46667,13.33333,36.33333,0.37533,14.33333,17.0,0.839,11.33333,34.33333,45.66667,24.33333,7.33333,2.0,15.33333,16.0,109.0,240.0,39.66667,89.0,0.447,11.0,30.0,0.36967,16.0,19.33333,0.771,11.33333,29.66667,41.0,23.33333,9.0,6.33333,10.33333,17.66667,106.33333,1,-0.02816,0.02816,0.35943,0.3959,0.50891,0.54315,0.5732,0.60073,,,,,,,0.33333,240.0,38.0,78.33333,0.484,13.33333,38.66667,0.34533,14.0,19.0,0.70767,7.33333,28.0,35.33333,23.0,6.66667,3.0,13.0,19.66667,103.33333,240.0,43.33333,82.33333,0.52867,12.0,29.0,0.428,15.66667,19.33333,0.80733,8.0,30.66667,38.66667,28.66667,6.33333,1.33333,10.0,18.66667,114.33333,1,0.15002,-0.15002,0.28919,0.24442,0.60101,0.56867,0.66202,0.62522,,,,,,,1.0,,,,
240.0,40.66667,93.33333,0.436,13.66667,39.66667,0.343,14.33333,19.0,0.74533,12.33333,33.33333,45.66667,25.33333,7.33333,4.66667,13.66667,23.66667,109.33333,240.0,41.66667,88.0,0.47467,13.33333,37.33333,0.36567,17.33333,23.0,0.74767,11.33333,33.33333,44.66667,25.33333,7.0,9.0,13.33333,18.66667,114.0,0,0.05213,-0.05213,0.3398,0.3718,0.55072,0.50949,0.61241,0.56132,,,,,,,0.66667,240.0,37.66667,94.33333,0.39867,11.33333,43.66667,0.25967,14.66667,19.66667,0.75333,14.0,39.33333,53.33333,19.0,8.0,4.0,12.33333,19.33333,101.33333,240.0,34.66667,84.0,0.41167,13.33333,40.33333,0.32967,18.33333,23.66667,0.772,7.33333,40.0,47.33333,20.66667,7.0,4.66667,13.33333,16.0,101.0,0,-0.00016,0.00016,0.18853,0.38551,0.49151,0.45864,0.56577,0.51262,,,,,,,0.66667,,,,
240.0,41.66667,100.66667,0.414,10.66667,38.33333,0.28233,15.0,21.0,0.713,16.0,29.0,45.0,23.33333,10.0,7.0,11.0,18.33333,109.0,240.0,46.33333,91.66667,0.504,15.0,37.33333,0.38767,11.66667,14.0,0.82233,11.0,38.66667,49.66667,30.33333,5.66667,7.0,16.66667,20.33333,119.33333,0,0.1174,-0.1174,0.38279,0.43421,0.58607,0.46703,0.62969,0.51778,,,,,,,0.66667,240.0,36.0,82.0,0.438,11.0,26.33333,0.42233,20.0,26.0,0.762,7.66667,31.66667,39.33333,20.66667,6.66667,3.33333,11.33333,24.33333,103.0,240.0,37.0,83.66667,0.44567,10.0,31.33333,0.32467,19.66667,25.0,0.78833,11.66667,35.66667,47.33333,22.66667,7.0,4.0,14.0,20.33333,103.66667,0,0.01045,-0.01045,0.38596,0.23746,0.5067,0.50468,0.58617,0.58839,,,,,,,0.66667,,,,
240.0,39.33333,88.0,0.447,16.33333,39.33333,0.42233,14.66667,19.66667,0.72533,12.0,34.0,46.0,24.0,6.0,6.0,16.33333,22.33333,109.66667,240.0,39.66667,90.33333,0.44267,14.0,41.33333,0.356,18.66667,27.0,0.67833,14.0,33.0,47.0,26.33333,10.0,4.66667,12.0,18.33333,112.0,1,0.02203,-0.02203,0.40687,0.36617,0.52058,0.54015,0.58515,0.59506,,,,,,,0.66667,240.0,40.33333,88.66667,0.45333,17.66667,40.66667,0.42633,9.0,12.0,0.745,11.0,36.33333,47.33333,25.33333,6.0,4.0,12.0,16.66667,107.33333,240.0,37.33333,84.66667,0.441,12.0,34.0,0.34867,13.66667,17.0,0.77433,7.33333,31.33333,38.66667,20.66667,6.33333,8.0,10.0,15.33333,100.33333,1,-0.08045,0.08045,0.20232,0.3654,0.51202,0.5525,0.56722,0.58656,,,,,,,0.33333,,,,
240.0,35.66667,83.0,0.434,9.66667,33.0,0.29267,20.0,29.0,0.69133,11.0,34.0,45.0,20.0,8.33333,4.66667,18.0,16.0,101.0,240.0,44.0,90.0,0.488,13.33333,42.33333,0.31367,15.66667,19.0,0.82467,8.0,37.0,45.0,27.66667,12.0,5.33333,12.0,23.0,117.0,0,0.19858,-0.19858,0.23403,0.29542,0.56198,0.49194,0.62021,0.56859,,,,,,,1.0,240.0,38.66667,86.33333,0.45033,16.66667,41.33333,0.40333,14.66667,17.0,0.85433,8.66667,37.33333,46.0,24.33333,8.0,5.0,14.33333,13.33333,108.66667,240.0,37.33333,90.66667,0.41133,13.0,38.66667,0.33667,9.33333,12.0,0.78067,11.66667,34.33333,46.0,19.66667,7.66667,6.0,14.66667,18.33333,97.0,0,-0.16294,0.16294,0.31152,0.25129,0.48418,0.54814,0.52024,0.60704,,,,,,,0.33333,,,,
240.0,41.33333,94.33333,0.43933,13.33333,35.66667,0.38367,14.66667,21.0,0.686,12.0,33.66667,45.66667,26.33333,10.0,4.33333,12.66667,20.0,110.66667,240.0,41.33333,94.0,0.444,10.0,36.0,0.28,16.0,21.0,0.74167,16.0,39.66667,55.66667,24.66667,9.0,6.66667,15.33333,20.0,108.66667,1,-0.02606,0.02606,0.47491,0.31471,0.49855,0.51049,0.55797,0.56129,,,,,,,0.33333,240.0,40.66667,88.0,0.46233,12.0,38.0,0.32167,15.66667,18.66667,0.83667,10.33333,38.66667,49.0,26.33333,8.0,6.33333,15.66667,17.33333,109.0,240.0,36.33333,90.33333,0.40367,9.66667,35.0,0.27367,14.0,18.33333,0.77833,11.0,33.0,44.0,21.33333,8.33333,5.33333,14.33333,18.33333,96.33333,1,-0.17664,0.17664,0.28001,0.31652,0.45767,0.5306,0.51269,0.5922,,,,,,,0.33333,,,,
240.0,38.0,86.66667,0.44167,10.33333,26.0,0.40967,17.66667,21.66667,0.80533,10.0,33.0,43.0,19.0,7.33333,4.0,12.0,20.0,104.0,240.0,43.33333,87.66667,0.49733,12.33333,31.66667,0.38733,15.33333,21.33333,0.69967,10.33333,36.0,46.33333,26.66667,6.33333,6.33333,11.0,20.0,114.33333,1,0.14711,-0.14711,0.31032,0.31143,0.5685,0.50183,0.62268,0.57164,,,,,,,0.66667,240.0,37.66667,85.66667,0.441,9.66667,32.66667,0.289,11.33333,15.0,0.75767,10.66667,34.0,44.66667,21.33333,5.0,6.66667,10.66667,18.0,96.33333,240.0,41.0,88.0,0.465,13.66667,35.0,0.387,14.33333,18.0,0.79533,11.66667,34.0,45.66667,24.66667,6.66667,3.33333,8.66667,16.33333,110.0,1,0.18571,-0.18571,0.35575,0.3149,0.54259,0.49863,0.59783,0.54399,,,,,,,1.0,,,,
240.0,39.66667,90.0,0.44,11.0,32.66667,0.34,19.33333,24.0,0.81367,12.33333,37.0,49.33333,21.66667,11.33333,3.0,13.33333,20.0,109.66667,240.0,38.33333,87.66667,0.43467,8.33333,32.0,0.25467,13.66667,20.33333,0.64833,11.0,37.66667,48.66667,20.0,8.0,4.0,18.66667,21.0,98.66667,1,-0.15507,0.15507,0.30015,0.3275,0.48263,0.50078,0.53435,0.57602,,,,,,,0.0,240.0,40.66667,85.33333,0.47667,12.0,35.66667,0.336,13.0,15.33333,0.85467,6.33333,34.33333,40.66667,30.33333,8.33333,4.66667,11.33333,18.66667,106.33333,240.0,34.0,85.33333,0.39933,14.0,41.0,0.342,15.66667,20.33333,0.73667,11.33333,34.33333,45.66667,21.33333,6.0,3.66667,14.0,15.0,97.66667,1,-0.12629,0.12629,0.34501,0.18299,0.48143,0.54719,0.54266,0.59977,,,,,,,0.0,,,,
240.0,39.33333,84.33333,0.46867,13.33333,42.66667,0.31267,18.33333,23.66667,0.768,10.33333,32.0,42.33333,25.66667,8.66667,4.66667,12.33333,18.66667,110.33333,240.0,41.66667,82.33333,0.508,10.0,27.0,0.383,14.33333,18.0,0.797,6.33333,29.33333,35.66667,24.0,7.33333,4.33333,12.0,21.33333,107.66667,1,-0.03617,0.03617,0.20971,0.34589,0.5686,0.54884,0.62623,0.61924,,,,,,,0.66667,240.0,39.66667,86.33333,0.459,10.0,28.66667,0.34233,14.33333,17.66667,0.80967,10.33333,38.0,48.33333,20.33333,10.33333,8.33333,16.0,23.0,103.66667,240.0,33.33333,83.33333,0.40033,9.66667,31.66667,0.318,18.33333,24.33333,0.75767,9.0,30.33333,39.33333,17.66667,9.66667,5.0,16.33333,18.0,94.66667,1,-0.13123,0.13123,0.23752,0.37195,0.45843,0.51656,0.53405,0.57444,,,,,,,0.0,,,,
240.0,40.33333,93.33333,0.43267,9.33333,28.33333,0.32,10.66667,14.0,0.741,9.0,36.66667,45.66667,26.66667,9.66667,6.33333,12.33333,15.66667,100.66667,240.0,37.66667,88.66667,0.42767,13.0,38.0,0.35433,12.33333,15.66667,0.77167,10.33333,38.33333,48.66667,24.0,6.66667,8.0,15.0,14.33333,100.66667,0,-0.00565,0.00565,0.29087,0.2327,0.50176,0.4837,0.54937,0.52391,,,,,,,0.66667,240.0,40.33333,95.0,0.42567,10.33333,35.33333,0.30167,12.66667,15.66667,0.81367,12.33333,33.0,45.33333,20.66667,8.66667,4.66667,13.33333,18.66667,103.66667,240.0,41.66667,90.33333,0.45533,12.66667,37.0,0.34033,14.33333,15.66667,0.88667,9.66667,38.0,47.66667,23.66667,7.33333,8.0,15.0,15.33333,110.33333,0,0.07532,-0.07532,0.29913,0.33544,0.52502,0.48053,0.58514,0.52854,,,,,,,0.66667,,,,
240.0,37.66667,86.66667,0.43567,13.33333,35.33333,0.36267,13.66667,19.0,0.69433,7.66667,31.33333,39.0,21.0,4.66667,4.0,12.33333,18.0,102.33333,240.0,41.66667,87.66667,0.476,14.33333,39.0,0.36333,16.33333,19.33333,0.83933,9.33333,34.66667,44.0,26.0,9.0,4.33333,11.33333,21.0,114.0,1,0.15481,-0.15481,0.29932,0.2097,0.55828,0.51458,0.62087,0.56591,,,,,,,1.0,240.0,46.0,93.0,0.49567,13.33333,36.0,0.374,13.0,17.0,0.77,10.66667,34.66667,45.33333,25.0,7.66667,4.33333,11.66667,20.66667,118.33333,240.0,46.33333,89.66667,0.516,12.0,27.33333,0.41533,14.0,22.33333,0.615,8.66667,34.0,42.66667,29.0,7.66667,3.33333,12.0,16.33333,118.66667,1,-0.00277,0.00277,0.25864,0.31711,0.58322,0.56699,0.62655,0.61251,,,,,,,0.33333,,,,
240.0,38.66667,87.33333,0.44267,11.66667,30.33333,0.373,16.33333,18.0,0.91033,11.33333,31.0,42.33333,21.66667,8.33333,5.66667,13.33333,17.33333,105.33333,240.0,42.66667,88.0,0.48767,12.33333,33.0,0.371,12.66667,16.0,0.776,9.33333,31.33333,40.66667,25.0,8.0,6.66667,13.0,14.66667,110.33333,0,0.07539,-0.07539,0.29748,0.36528,0.55853,0.50763,0.60638,0.57543,,,,,,,0.66667,240.0,39.33333,90.33333,0.43633,10.0,31.0,0.31867,13.66667,17.33333,0.79233,11.33333,36.33333,47.66667,20.33333,6.0,4.33333,12.33333,21.33333,102.33333,240.0,40.0,85.66667,0.46633,14.0,41.0,0.341,14.33333,22.33333,0.639,8.33333,35.33333,43.66667,24.0,8.0,4.66667,12.33333,18.33333,108.33333,0,0.08892,-0.08892,0.23124,0.37333,0.54753,0.49193,0.59727,0.54479,,,,,,,0.33333,,,,
240.0,40.66667,88.0,0.46267,13.33333,38.0,0.35467,13.0,15.33333,0.84833,13.0,34.66667,47.66667,21.0,8.66667,4.0,17.0,19.66667,107.66667,240.0,37.33333,86.33333,0.43167,14.33333,43.66667,0.328,13.33333,17.33333,0.76733,10.0,30.66667,40.66667,23.0,9.33333,7.0,16.0,16.0,102.33333,0,-0.07855,0.07855,0.28912,0.42929,0.51491,0.54042,0.56646,0.59162,,,,,,,0.33333,240.0,33.66667,88.0,0.38433,9.0,29.33333,0.332,17.33333,23.0,0.72467,11.66667,32.66667,44.33333,18.66667,9.33333,3.33333,11.0,16.66667,93.66667,240.0,43.0,83.0,0.51767,10.33333,26.66667,0.388,10.66667,17.0,0.611,5.0,40.66667,45.66667,27.0,7.0,6.0,14.0,17.0,107.0,0,0.19219,-0.19219,0.15476,0.2885,0.58025,0.43732,0.61692,0.50986,,,,,,,1.0,,,,
240.0,36.0,91.33333,0.39433,13.33333,41.33333,0.32433,15.33333,22.33333,0.66067,13.0,41.33333,54.33333,21.0,5.33333,2.66667,12.66667,20.0,100.66667,240.0,35.33333,89.33333,0.39667,12.66667,38.33333,0.32867,19.0,24.0,0.80733,11.0,39.33333,50.33333,24.33333,8.33333,5.66667,9.0,16.33333,102.33333,0,0.02612,-0.02612,0.26328,0.3428,0.4684,0.46678,0.54366,0.52328,,,,,,,0.66667,240.0,41.0,93.66667,0.43833,12.33333,41.33333,0.29667,10.66667,15.33333,0.689,15.0,30.0,45.0,26.66667,7.66667,3.0,13.66667,22.0,105.0,240.0,43.66667,82.66667,0.52767,13.0,33.66667,0.39033,17.66667,23.66667,0.76633,7.66667,36.0,43.66667,28.0,8.66667,5.66667,11.33333,18.66667,118.0,0,0.16669,-0.16669,0.25614,0.41494,0.60642,0.50446,0.67065,0.54287,,,,,,,1.0,,,,
240.0,42.33333,86.33333,0.49133,15.66667,37.33333,0.42067,18.66667,22.0,0.86067,7.33333,32.66667,40.0,30.0,7.66667,4.33333,11.33333,19.33333,119.0,240.0,38.33333,90.33333,0.42533,13.66667,40.33333,0.345,16.33333,18.66667,0.873,12.0,34.66667,46.66667,23.33333,7.0,4.0,13.66667,21.33333,106.66667,1,-0.16149,0.16149,0.37549,0.21227,0.50088,0.5837,0.56492,0.65537,,,,,,,0.0,240.0,36.33333,87.66667,0.41433,13.66667,38.0,0.36367,14.66667,21.33333,0.67367,8.66667,34.0,42.66667,20.66667,5.33333,3.0,11.66667,21.33333,101.0,240.0,41.33333,89.0,0.465,13.33333,34.66667,0.382,20.33333,23.66667,0.87333,10.33333,42.0,52.33333,23.0,7.0,4.0,11.33333,18.33333,116.33333,1,0.20356,-0.20356,0.32132,0.2132,0.53984,0.49182,0.61708,0.54737,,,,,,,1.0,,,,
240.0,42.66667,85.0,0.50167,17.33333,38.0,0.46,18.33333,21.66667,0.85833,7.33333,35.0,42.33333,29.0,8.33333,4.0,13.33333,17.66667,121.0,240.0,38.0,90.0,0.423,10.33333,36.66667,0.27933,13.0,17.0,0.79633,11.33333,34.0,45.33333,21.66667,8.33333,3.33333,15.33333,22.0,99.33333,1,-0.29071,0.29071,0.3358,0.21597,0.48082,0.60431,0.53128,0.6747,,,,,,,0.0,240.0,36.66667,79.66667,0.45967,10.33333,31.66667,0.31833,13.33333,15.33333,0.873,7.0,35.33333,42.33333,26.33333,8.66667,3.66667,14.66667,16.33333,97.0,240.0,32.33333,81.33333,0.398,12.66667,39.0,0.32367,13.33333,18.0,0.72567,9.66667,31.33333,41.0,19.0,7.33333,3.33333,13.66667,16.0,90.66667,1,-0.0946,0.0946,0.28884,0.22573,0.47546,0.52384,0.53151,0.5837,,,,,,,0.33333,,,,
240.0,39.66667,91.0,0.43667,14.66667,41.33333,0.352,16.0,20.66667,0.75867,12.66667,35.0,47.66667,23.66667,6.66667,5.0,14.66667,21.66667,110.0,240.0,40.0,90.0,0.448,14.66667,43.33333,0.35633,13.33333,21.0,0.634,12.0,34.0,46.0,26.0,7.66667,5.0,13.66667,19.0,108.0,0,-0.03817,0.03817,0.3393,0.3744,0.52999,0.51842,0.57358,0.57835,,,,,,,0.33333,240.0,39.0,87.33333,0.44933,12.33333,39.66667,0.31533,17.66667,21.33333,0.83667,11.0,40.66667,51.66667,22.66667,7.0,4.33333,16.0,20.0,108.0,240.0,38.33333,86.33333,0.44433,14.66667,38.66667,0.37033,17.0,21.33333,0.78933,8.0,34.33333,42.33333,28.0,8.66667,4.33333,12.0,20.33333,108.33333,0,0.00443,-0.00443,0.19669,0.3203,0.52898,0.52055,0.59605,0.59022,,,,,,,0.66667,,,,
240.0,42.0,86.0,0.48767,13.0,30.66667,0.42267,12.33333,15.0,0.81867,7.0,32.0,39.0,24.33333,8.33333,5.0,15.33333,21.33333,109.33333,240.0,34.0,81.33333,0.418,9.33333,32.33333,0.289,24.33333,26.66667,0.92333,9.66667,34.0,43.66667,20.33333,9.0,5.66667,17.33333,16.33333,101.66667,1,-0.10616,0.10616,0.31613,0.20893,0.47518,0.56295,0.58226,0.61173,,,,,,,0.33333,240.0,38.66667,86.0,0.451,9.66667,32.0,0.297,11.0,15.33333,0.71233,9.33333,34.33333,43.66667,21.33333,5.0,5.33333,9.66667,17.66667,98.0,240.0,39.66667,89.66667,0.442,13.66667,37.0,0.36467,13.0,16.66667,0.783,11.33333,36.66667,48.0,25.66667,7.0,3.33333,8.66667,16.33333,106.0,1,0.10095,-0.10095,0.34473,0.2514,0.51825,0.50827,0.56774,0.55086,,,,,,,0.66667,,,,
240.0,35.33333,84.33333,0.41867,9.33333,36.66667,0.255,17.0,22.33333,0.756,8.0,33.66667,41.66667,16.33333,7.0,5.66667,11.66667,20.33333,97.0,240.0,38.33333,82.33333,0.466,10.33333,31.0,0.33233,16.33333,22.0,0.73333,7.33333,37.0,44.33333,22.0,7.33333,5.66667,13.0,20.33333,103.33333,1,0.09721,-0.09721,0.21693,0.21595,0.52882,0.4739,0.59286,0.54165,,,,,,,1.0,240.0,35.66667,84.33333,0.42333,10.0,31.0,0.31867,20.33333,24.66667,0.82433,8.66667,34.33333,43.0,19.33333,6.33333,7.33333,13.0,19.0,101.66667,240.0,42.66667,91.66667,0.465,11.66667,30.33333,0.38433,17.66667,20.33333,0.86533,11.33333,37.33333,48.66667,22.66667,7.33333,2.66667,9.66667,19.33333,114.66667,1,0.17446,-0.17446,0.32966,0.24017,0.52938,0.48259,0.59722,0.5666,,,,,,,1.0,,,,
240.0,40.33333,94.0,0.428,15.33333,39.0,0.4,12.33333,16.0,0.82233,9.66667,36.33333,46.0,27.66667,9.66667,3.33333,8.33333,16.33333,108.33333,240.0,42.0,87.33333,0.48233,13.33333,32.66667,0.41633,11.33333,16.0,0.70933,7.0,40.66667,47.66667,28.33333,5.33333,4.66667,12.33333,16.0,108.66667,0,0.01071,-0.01071,0.20247,0.23841,0.55874,0.50926,0.59957,0.55414,,,,,,,0.66667,240.0,39.66667,94.33333,0.422,9.0,29.0,0.304,9.66667,12.33333,0.777,8.33333,34.0,42.33333,23.33333,9.0,4.66667,13.66667,17.33333,98.0,240.0,39.66667,88.33333,0.44267,13.0,37.33333,0.34667,16.0,17.33333,0.89567,8.66667,42.33333,51.0,22.33333,7.33333,6.0,17.66667,15.0,108.33333,0,0.13039,-0.13039,0.26253,0.1971,0.51599,0.46993,0.58475,0.50703,,,,,,,0.66667,,,,
240.0,40.33333,82.33333,0.49367,15.33333,36.66667,0.43633,16.0,18.33333,0.86267,9.66667,38.33333,48.0,26.0,8.33333,5.66667,16.0,16.66667,112.0,240.0,36.33333,84.33333,0.431,11.0,33.33333,0.32967,17.33333,20.66667,0.81633,8.0,27.66667,35.66667,23.66667,8.0,5.33333,10.66667,17.0,101.0,1,-0.15176,0.15176,0.20824,0.35449,0.49631,0.58894,0.56774,0.65668,,,,,,,0.33333,240.0,40.66667,83.0,0.49267,9.0,30.0,0.307,14.0,18.0,0.77733,8.66667,34.0,42.66667,25.0,5.0,3.0,12.66667,16.66667,104.33333,240.0,43.33333,88.0,0.49267,14.0,36.33333,0.38567,10.33333,15.0,0.68067,9.33333,32.33333,41.66667,26.66667,7.0,3.0,9.0,18.33333,111.0,1,0.09784,-0.09784,0.27593,0.26886,0.57219,0.54713,0.60799,0.60222,,,,,,,0.66667,,,,
240.0,37.0,84.0,0.44333,11.66667,34.33333,0.34167,13.66667,18.66667,0.746,9.66667,32.0,41.66667,22.0,5.0,3.66667,12.66667,17.66667,99.33333,240.0,45.33333,88.33333,0.51333,13.33333,37.0,0.36,14.66667,18.66667,0.76167,10.66667,35.33333,46.0,29.66667,8.66667,4.0,9.33333,19.0,118.66667,0,0.25484,-0.25484,0.33704,0.27087,0.58877,0.51362,0.64179,0.56722,,,,,,,1.0,240.0,43.0,87.66667,0.49233,13.66667,36.66667,0.37867,11.33333,15.66667,0.729,8.33333,39.66667,48.0,29.0,9.33333,6.33333,12.66667,19.0,111.0,240.0,33.0,88.33333,0.37367,11.66667,38.0,0.30033,15.33333,20.0,0.78333,9.66667,34.0,43.66667,20.66667,6.33333,3.66667,13.33333,16.66667,93.0,0,-0.25284,0.25284,0.24456,0.23985,0.43854,0.57076,0.50174,0.61106,,,,,,,0.0,,,,
240.0,35.33333,84.33333,0.423,11.66667,36.66667,0.32433,17.0,20.66667,0.81667,9.33333,31.0,40.33333,22.66667,8.0,4.0,14.66667,18.0,99.33333,240.0,41.66667,85.33333,0.48833,14.0,37.0,0.38,13.66667,19.0,0.73133,11.0,34.0,45.0,23.66667,8.66667,4.33333,15.66667,18.0,111.0,0,0.18441,-0.18441,0.37605,0.29438,0.57013,0.49303,0.61883,0.56236,,,,,,,0.66667,248.33333,38.0,89.0,0.42667,7.66667,30.33333,0.245,14.66667,17.33333,0.82433,8.66667,32.0,40.66667,23.0,9.0,4.66667,13.33333,20.33333,98.33333,248.33333,36.0,81.66667,0.44233,11.33333,33.0,0.34767,19.0,23.0,0.81967,8.66667,38.33333,47.0,17.0,6.33333,2.66667,17.33333,17.33333,102.33333,0,0.06319,-0.06319,0.2765,0.2362,0.51216,0.46977,0.59108,0.52985,,,,,,,0.66667,,,,
240.0,39.0,83.0,0.47033,14.66667,37.66667,0.39133,12.0,17.0,0.74333,10.0,31.66667,41.66667,27.66667,13.0,2.66667,15.0,22.33333,104.66667,240.0,32.66667,80.0,0.40833,11.66667,36.33333,0.32067,16.66667,23.66667,0.681,13.0,28.33333,41.33333,20.33333,8.33333,4.33333,17.66667,18.0,93.66667,0,-0.16297,0.16297,0.41352,0.3665,0.48125,0.55835,0.54935,0.60395,,,,,,,0.0,240.0,35.33333,86.66667,0.40933,11.33333,35.0,0.332,19.33333,25.66667,0.75533,9.66667,29.66667,39.33333,21.66667,8.66667,2.66667,10.66667,20.33333,101.33333,240.0,44.33333,83.66667,0.53033,12.33333,28.66667,0.45333,16.33333,21.0,0.765,8.66667,40.66667,49.33333,28.33333,7.33333,3.33333,14.0,20.66667,117.33333,0,0.21022,-0.21022,0.29119,0.23648,0.60407,0.47477,0.66445,0.55073,,,,,,,1.0,,,,
240.0,34.33333,89.66667,0.379,13.0,39.33333,0.327,13.33333,17.33333,0.77,13.0,30.33333,43.33333,20.33333,4.0,3.33333,12.0,14.66667,95.0,240.0,47.66667,90.33333,0.52467,16.66667,36.33333,0.45867,13.33333,16.0,0.839,10.0,38.33333,48.33333,31.33333,8.66667,7.33333,8.0,14.0,125.33333,0,0.39543,-0.39543,0.40607,0.34152,0.61656,0.45164,0.66461,0.50692,,,,,,,1.0,248.33333,44.66667,98.66667,0.45233,16.33333,41.66667,0.393,18.0,20.66667,0.861,12.0,31.66667,43.66667,25.33333,12.66667,6.0,11.33333,21.33333,123.66667,248.33333,42.66667,88.0,0.483,15.66667,39.0,0.38667,16.66667,23.66667,0.70567,8.66667,36.33333,45.0,27.33333,5.66667,5.0,19.0,20.0,117.66667,0,-0.09245,0.09245,0.29284,0.34298,0.57068,0.53491,0.6271,0.59741,,,,,,,0.66667,,,,
240.0,41.33333,90.33333,0.46,13.66667,32.66667,0.41967,16.33333,21.66667,0.74667,14.0,30.66667,44.66667,23.33333,8.0,5.66667,11.66667,21.66667,112.66667,240.0,37.66667,81.66667,0.46233,13.33333,37.0,0.34733,18.33333,25.0,0.73367,10.0,32.0,42.0,23.66667,6.66667,4.33333,14.33333,18.66667,107.0,0,-0.08063,0.08063,0.34304,0.43504,0.54484,0.53552,0.61576,0.59584,,,,,,,0.33333,248.33333,38.33333,90.66667,0.42233,11.0,26.0,0.42,22.66667,25.66667,0.89033,12.66667,37.33333,50.0,17.66667,7.66667,3.66667,13.66667,19.0,110.33333,248.33333,43.66667,92.33333,0.47967,13.66667,37.33333,0.38367,14.0,19.0,0.727,9.66667,35.33333,45.0,28.66667,7.0,8.0,12.0,20.66667,115.0,0,0.06869,-0.06869,0.2569,0.37544,0.55445,0.48242,0.60229,0.57127,,,,,,,0.66667,,,,
240.0,36.33333,86.66667,0.422,12.66667,35.33333,0.36067,14.33333,18.66667,0.78067,7.66667,33.66667,41.33333,24.33333,6.33333,3.33333,12.33333,18.33333,99.66667,240.0,39.66667,87.66667,0.452,12.33333,32.33333,0.38333,12.66667,18.0,0.68133,12.0,37.66667,49.66667,22.0,8.33333,4.0,13.0,18.66667,104.33333,1,0.07883,-0.07883,0.36554,0.20368,0.52218,0.49592,0.56851,0.55185,,,,,,,0.66667,240.0,40.66667,84.66667,0.47633,14.66667,36.0,0.40467,21.0,25.0,0.82667,8.33333,38.33333,46.66667,25.0,6.0,6.33333,13.66667,18.66667,117.0,240.0,37.33333,89.0,0.41767,11.33333,35.0,0.32067,17.33333,22.33333,0.77467,8.66667,29.66667,38.33333,21.66667,7.66667,4.33333,12.0,21.0,103.33333,1,-0.16987,0.16987,0.2274,0.30523,0.48123,0.56171,0.54779,0.64545,,,,,,,0.33333,,,,
248.33333,40.33333,92.66667,0.435,12.0,34.66667,0.34467,22.33333,28.66667,0.78,11.33333,39.66667,51.0,24.0,6.66667,5.0,12.0,19.66667,115.0,248.33333,40.66667,94.33333,0.43267,14.0,40.0,0.358,17.33333,22.0,0.788,9.66667,38.0,47.66667,25.0,5.66667,5.0,12.0,24.0,112.66667,1,-0.02434,0.02434,0.23997,0.30428,0.50816,0.49953,0.57112,0.58053,,,,,,,0.33333,240.0,42.0,90.0,0.46567,12.66667,36.33333,0.34433,18.66667,23.0,0.814,12.66667,34.0,46.66667,22.0,7.66667,2.66667,10.33333,20.66667,115.33333,240.0,39.66667,85.33333,0.464,9.66667,31.66667,0.30433,19.0,28.0,0.673,10.66667,31.33333,42.0,19.33333,5.33333,3.0,11.66667,18.0,108.0,1,-0.09973,0.09973,0.32377,0.41876,0.52018,0.53576,0.58937,0.606,,,,,,,0.33333,,,,
240.0,36.33333,88.66667,0.40767,10.0,30.33333,0.32833,22.33333,27.66667,0.80833,13.0,27.66667,40.66667,22.0,7.66667,5.0,10.0,21.0,105.0,240.0,42.66667,85.66667,0.49667,17.0,37.66667,0.45533,20.33333,26.0,0.78467,12.0,32.33333,44.33333,27.66667,7.33333,7.33333,13.33333,22.66667,122.66667,1,0.22521,-0.22521,0.46147,0.40174,0.59565,0.4638,0.67024,0.5528,,,,,,,0.66667,240.0,36.33333,82.0,0.445,12.66667,33.33333,0.379,24.33333,28.66667,0.84067,12.33333,32.33333,44.66667,24.66667,4.66667,4.33333,14.33333,18.0,109.66667,240.0,38.66667,89.33333,0.434,13.33333,38.66667,0.34733,14.33333,20.33333,0.721,14.66667,28.66667,43.33333,21.0,8.33333,4.33333,12.0,24.33333,105.0,1,-0.05911,0.05911,0.47511,0.425,0.5089,0.52274,0.55995,0.62308,,,,,,,0.33333,,,,
240.0,36.66667,82.66667,0.44733,12.0,35.0,0.346,14.66667,20.0,0.74867,6.66667,31.33333,38.0,22.66667,5.33333,3.33333,13.66667,18.66667,100.0,240.0,45.0,85.33333,0.52767,10.66667,34.0,0.30433,17.0,21.66667,0.774,7.66667,36.66667,44.33333,28.33333,9.0,5.33333,10.66667,17.66667,117.66667,1,0.23224,-0.23224,0.25425,0.1816,0.5896,0.52037,0.65245,0.57824,,,,,,,1.0,240.0,36.0,73.33333,0.49267,13.66667,34.0,0.40633,16.33333,20.33333,0.76633,7.0,33.33333,40.33333,23.33333,6.0,6.66667,17.66667,18.33333,102.0,240.0,38.33333,84.66667,0.453,12.33333,34.33333,0.36133,14.33333,18.0,0.783,8.66667,27.33333,36.0,25.66667,8.0,2.33333,9.0,18.33333,103.33333,1,0.0093,-0.0093,0.26696,0.26923,0.52567,0.58645,0.58267,0.65859,,,,,,,0.66667,,,,
240.0,39.33333,94.33333,0.41767,14.66667,42.33333,0.34333,15.0,19.0,0.793,10.33333,34.66667,45.0,24.0,6.33333,4.0,11.66667,22.66667,108.33333,240.0,38.33333,87.0,0.44067,15.0,40.66667,0.36833,18.33333,24.66667,0.74533,12.0,37.33333,49.33333,23.0,5.66667,8.33333,14.33333,19.0,110.0,0,0.01835,-0.01835,0.34747,0.30451,0.52798,0.49551,0.59515,0.55077,,,,,,,0.66667,240.0,37.0,95.0,0.389,14.33333,47.33333,0.30067,11.33333,15.66667,0.746,9.33333,37.33333,46.66667,22.33333,6.0,3.66667,11.33333,21.66667,99.66667,240.0,36.0,84.0,0.428,14.33333,39.33333,0.364,21.0,29.0,0.73433,8.66667,46.33333,55.0,22.66667,7.66667,4.66667,13.33333,15.33333,107.33333,0,0.10682,-0.10682,0.23981,0.2041,0.51386,0.46388,0.59354,0.50555,,,,,,,1.0,,,,
240.0,40.66667,96.0,0.42333,10.66667,38.66667,0.27933,18.66667,24.33333,0.76567,16.0,28.33333,44.33333,20.0,8.33333,7.0,11.66667,21.0,110.66667,240.0,43.66667,89.0,0.49067,13.0,34.66667,0.35867,14.33333,18.0,0.801,12.0,36.0,48.0,30.0,5.66667,6.66667,16.33333,22.33333,114.66667,1,0.03914,-0.03914,0.42919,0.45252,0.56383,0.47932,0.61722,0.54695,,,,,,,0.66667,240.0,42.0,94.0,0.447,14.0,37.33333,0.378,14.0,17.0,0.82767,14.0,37.33333,51.33333,23.66667,6.33333,5.66667,10.66667,15.33333,112.0,240.0,39.0,94.0,0.416,12.66667,39.0,0.325,14.0,15.66667,0.89233,11.33333,32.66667,44.0,23.33333,7.33333,7.0,9.0,16.33333,104.66667,1,-0.09777,0.09777,0.30267,0.43232,0.48294,0.52117,0.53832,0.57248,,,,,,,0.0,,,,
240.0,45.66667,94.66667,0.48233,13.33333,36.66667,0.368,11.66667,14.66667,0.79867,11.0,35.66667,46.66667,24.0,6.66667,6.0,13.66667,18.33333,116.33333,240.0,43.33333,95.66667,0.45433,13.66667,36.33333,0.391,15.66667,21.0,0.773,14.66667,32.66667,47.33333,23.33333,8.66667,3.66667,11.66667,14.66667,116.0,0,-0.00831,0.00831,0.40971,0.33841,0.52638,0.55245,0.57924,0.59426,,,,,,,0.66667,240.0,38.33333,83.66667,0.46267,11.33333,31.66667,0.341,21.66667,26.66667,0.836,10.66667,39.0,49.66667,24.0,8.66667,4.33333,17.33333,17.66667,109.66667,240.0,35.0,89.33333,0.39,14.66667,45.33333,0.324,13.66667,16.66667,0.81,11.66667,33.33333,45.0,20.66667,9.0,4.0,18.33333,25.66667,98.33333,0,-0.16144,0.16144,0.31993,0.29834,0.4723,0.53267,0.52711,0.62037,,,,,,,0.0,,,,
240.0,37.0,89.33333,0.41467,11.0,34.0,0.31833,15.66667,20.66667,0.73967,13.33333,36.66667,50.0,19.33333,5.33333,6.66667,15.0,21.66667,100.66667,240.0,37.0,89.66667,0.41267,11.33333,35.0,0.32733,17.66667,22.33333,0.78967,11.66667,35.0,46.66667,22.0,7.33333,4.0,9.66667,19.0,103.0,1,0.03187,-0.03187,0.32025,0.38067,0.47596,0.47544,0.54458,0.53693,,,,,,,0.66667,240.0,39.66667,94.33333,0.42133,10.33333,39.66667,0.26033,12.0,15.33333,0.78433,16.33333,31.66667,48.0,24.66667,6.66667,3.0,11.0,18.0,101.66667,240.0,42.0,83.33333,0.50433,13.0,35.0,0.372,15.66667,18.33333,0.86033,7.33333,35.66667,43.0,25.66667,7.33333,5.33333,10.0,18.33333,112.66667,1,0.14841,-0.14841,0.23112,0.45498,0.5824,0.47672,0.64512,0.52245,,,,,,,1.0,,,,
240.0,34.66667,88.0,0.397,11.0,37.66667,0.29267,19.0,27.33333,0.697,11.66667,33.0,44.66667,19.0,7.66667,4.0,17.33333,15.33333,99.33333,240.0,45.66667,91.0,0.502,13.66667,42.0,0.324,14.0,18.66667,0.73767,7.66667,41.0,48.66667,27.33333,12.0,5.66667,11.66667,22.66667,119.0,0,0.25431,-0.25431,0.23178,0.29259,0.57696,0.45935,0.62571,0.53094,,,,,,,1.0,240.0,37.0,90.66667,0.40733,15.0,41.66667,0.34167,11.0,14.33333,0.75,12.0,36.33333,48.33333,21.66667,5.66667,4.33333,11.0,17.0,100.0,240.0,36.66667,85.66667,0.428,14.33333,40.0,0.361,9.0,13.0,0.691,8.66667,34.33333,43.0,22.0,5.0,7.33333,12.66667,17.33333,96.66667,0,-0.03933,0.03933,0.23835,0.35599,0.51189,0.49035,0.54619,0.53273,,,,,,,0.33333,,,,
240.0,41.0,87.66667,0.46833,13.33333,42.0,0.31967,17.33333,21.66667,0.79633,12.33333,32.0,44.33333,22.33333,8.33333,4.0,11.33333,17.33333,112.66667,240.0,43.66667,85.33333,0.516,11.0,28.0,0.40733,11.66667,16.33333,0.734,7.33333,29.33333,36.66667,24.66667,6.33333,4.66667,11.66667,18.0,110.0,1,-0.03117,0.03117,0.23603,0.41997,0.5806,0.54477,0.62305,0.61097,,,,,,,0.66667,240.0,36.66667,84.66667,0.43567,16.0,41.66667,0.385,14.66667,17.66667,0.82733,8.0,37.0,45.0,23.0,8.33333,4.0,14.66667,14.0,104.0,240.0,37.0,88.33333,0.41867,13.0,41.66667,0.311,8.66667,12.33333,0.724,9.33333,38.0,47.33333,21.33333,8.33333,6.0,14.66667,18.66667,95.66667,1,-0.11137,0.11137,0.25225,0.21327,0.49259,0.53098,0.52541,0.59069,,,,,,,0.33333,,,,
240.0,41.33333,90.66667,0.45633,12.0,31.66667,0.37833,16.66667,18.66667,0.87767,11.66667,30.33333,42.0,22.66667,8.66667,6.0,13.0,21.66667,111.33333,240.0,39.33333,83.33333,0.472,14.0,34.66667,0.40167,20.0,23.33333,0.84567,8.66667,34.0,42.66667,25.66667,6.66667,5.33333,16.0,19.0,112.66667,1,0.01678,-0.01678,0.29747,0.35534,0.55604,0.52284,0.63674,0.5883,,,,,,,0.66667,240.0,42.33333,89.33333,0.47467,13.33333,37.66667,0.356,13.0,16.0,0.81467,9.0,39.66667,48.66667,28.0,8.33333,7.66667,13.33333,17.0,111.0,240.0,34.66667,92.33333,0.37533,10.66667,38.33333,0.26767,13.66667,18.0,0.77233,12.0,36.0,48.0,21.0,7.33333,3.0,14.66667,17.33333,93.66667,1,-0.24203,0.24203,0.30147,0.24741,0.43301,0.54957,0.48657,0.59844,,,,,,,0.0,,,,
240.0,38.0,88.0,0.43333,9.66667,27.0,0.36933,14.66667,19.33333,0.709,10.0,34.33333,44.33333,19.0,7.0,4.66667,10.33333,18.66667,100.33333,240.0,41.66667,86.66667,0.48333,14.0,34.0,0.418,11.66667,16.66667,0.704,7.66667,38.66667,46.33333,27.33333,6.0,7.33333,11.33333,18.33333,109.0,0,0.1164,-0.1164,0.22436,0.29556,0.56408,0.48832,0.60552,0.54446,,,,,,,0.66667,240.0,37.0,87.33333,0.425,12.33333,31.33333,0.39467,17.0,20.66667,0.827,11.0,33.66667,44.66667,21.0,7.33333,5.66667,15.0,19.0,103.33333,240.0,39.66667,87.0,0.46,14.0,40.66667,0.35733,18.33333,22.0,0.80933,10.33333,34.66667,45.0,24.33333,10.0,6.33333,13.0,18.33333,111.66667,0,0.11691,-0.11691,0.3236,0.32083,0.54079,0.49586,0.61271,0.56407,,,,,,,1.0,,,,
240.0,40.66667,86.33333,0.47,9.0,26.66667,0.34467,21.0,26.66667,0.79233,11.33333,36.0,47.33333,24.0,7.33333,1.33333,15.0,21.33333,111.33333,240.0,41.0,91.66667,0.445,10.0,34.33333,0.28433,15.33333,22.66667,0.65267,12.33333,35.0,47.33333,21.0,8.0,2.33333,14.33333,22.33333,107.33333,1,-0.05229,0.05229,0.34226,0.32171,0.50003,0.52232,0.5546,0.60401,,,,,,,0.0,240.0,37.0,90.33333,0.41067,10.66667,37.66667,0.28367,16.33333,23.33333,0.708,13.33333,36.33333,49.66667,21.33333,6.66667,4.66667,15.33333,19.0,101.0,240.0,35.66667,82.66667,0.43133,16.33333,41.33333,0.40233,15.66667,19.66667,0.77433,7.33333,37.33333,44.66667,24.33333,8.0,6.33333,14.66667,22.0,103.33333,1,0.0323,-0.0323,0.20026,0.36486,0.53084,0.46984,0.59518,0.52989,,,,,,,0.66667,,,,
240.0,37.66667,86.0,0.43767,10.33333,35.0,0.29067,17.0,20.0,0.868,11.0,33.66667,44.66667,22.33333,7.66667,3.33333,13.0,21.0,102.66667,240.0,43.33333,89.66667,0.481,12.33333,33.33333,0.36233,12.66667,17.66667,0.74967,10.66667,35.0,45.66667,23.0,7.0,4.33333,10.66667,19.0,111.66667,0,0.11137,-0.11137,0.33359,0.32341,0.54958,0.49825,0.59587,0.56804,,,,,,,0.66667,240.0,40.0,86.33333,0.46233,12.66667,34.0,0.368,18.33333,22.66667,0.81167,12.66667,37.33333,50.0,19.66667,7.66667,5.33333,11.0,20.0,111.0,240.0,35.33333,84.66667,0.41667,8.66667,33.0,0.264,16.66667,25.0,0.661,9.66667,31.0,40.66667,17.33333,7.0,2.66667,11.33333,17.0,96.0,0,-0.20842,0.20842,0.25988,0.42409,0.46735,0.53516,0.53225,0.60721,,,,,,,0.0,,,,
240.0,39.0,85.33333,0.45967,9.0,28.66667,0.31433,12.66667,16.66667,0.72333,5.0,34.66667,39.66667,21.66667,5.66667,5.33333,9.33333,19.33333,99.66667,240.0,39.33333,86.0,0.459,14.33333,36.0,0.39833,16.0,19.33333,0.815,7.0,39.66667,46.66667,24.0,5.66667,6.33333,10.33333,18.33333,109.0,1,0.12499,-0.12499,0.1985,0.12586,0.54249,0.51283,0.60617,0.56308,,,,,,,0.66667,240.0,42.66667,89.0,0.47867,13.66667,33.33333,0.40767,14.33333,17.33333,0.825,10.66667,37.0,47.66667,22.66667,9.33333,6.66667,13.33333,20.33333,113.33333,240.0,36.66667,85.66667,0.42767,9.66667,30.66667,0.32767,16.33333,24.0,0.676,9.0,31.0,40.0,17.66667,7.66667,4.66667,15.0,16.66667,99.33333,1,-0.19172,0.19172,0.24265,0.37146,0.48407,0.55555,0.54635,0.61066,,,,,,,0.0,,,,
240.0,40.66667,95.0,0.42867,9.0,29.33333,0.29033,7.0,10.33333,0.68267,9.33333,34.0,43.33333,27.66667,9.33333,5.33333,13.33333,16.66667,97.33333,240.0,38.33333,87.33333,0.44167,13.0,37.0,0.362,16.66667,19.66667,0.84133,10.0,41.66667,51.66667,21.66667,6.66667,5.0,15.66667,14.33333,106.33333,0,0.12803,-0.12803,0.29375,0.22988,0.51683,0.47708,0.58337,0.50181,,,,,,,1.0,240.0,34.0,88.66667,0.38367,7.66667,32.33333,0.23433,24.33333,31.0,0.78367,16.33333,37.33333,53.66667,19.33333,9.0,3.0,16.0,20.33333,100.0,240.0,34.33333,85.33333,0.40433,13.33333,44.0,0.3,13.66667,17.33333,0.775,10.0,33.66667,43.66667,18.33333,8.0,6.66667,18.66667,28.33333,95.66667,0,-0.07032,0.07032,0.28714,0.52334,0.48199,0.42673,0.53803,0.52408,,,,,,,0.33333,,,,
240.0,35.33333,80.0,0.44167,9.0,31.0,0.29133,15.66667,18.33333,0.856,9.33333,35.66667,45.0,22.33333,7.66667,3.66667,15.66667,16.33333,95.33333,240.0,34.66667,81.66667,0.425,13.0,38.33333,0.338,15.33333,18.66667,0.81567,7.33333,33.0,40.33333,21.0,8.33333,3.66667,11.66667,18.0,97.66667,0,0.03097,-0.03097,0.20608,0.2859,0.50426,0.49771,0.5697,0.56726,,,,,,,0.66667,240.0,45.33333,92.0,0.494,14.0,32.66667,0.43533,16.0,19.66667,0.80467,9.66667,35.66667,45.33333,27.0,9.66667,4.0,9.66667,15.66667,120.66667,240.0,44.33333,92.33333,0.48167,10.0,27.66667,0.349,10.0,15.33333,0.66667,9.66667,33.33333,43.0,26.66667,6.66667,3.66667,13.33333,16.33333,108.66667,0,-0.15056,0.15056,0.27632,0.29078,0.53641,0.5697,0.57004,0.62776,,,,,,,0.0,,,,
248.33333,42.66667,85.0,0.51033,15.33333,40.33333,0.38867,10.33333,15.66667,0.681,7.0,30.66667,37.66667,23.66667,6.0,4.33333,13.66667,16.66667,111.0,248.33333,44.66667,95.0,0.47,14.66667,41.0,0.36133,13.0,15.0,0.864,13.33333,31.66667,45.0,22.33333,6.66667,3.33333,12.0,16.66667,117.0,0,0.0783,-0.0783,0.46676,0.2209,0.54704,0.60202,0.59476,0.63638,,,,,,,0.66667,240.0,40.66667,80.33333,0.50667,14.0,34.33333,0.403,19.66667,23.0,0.853,10.66667,29.66667,40.33333,28.33333,4.33333,3.0,15.33333,17.0,115.0,240.0,42.33333,91.0,0.467,10.66667,30.33333,0.353,13.0,19.33333,0.65967,14.0,25.33333,39.33333,21.33333,10.0,4.66667,10.33333,20.0,108.33333,0,-0.08517,0.08517,0.50026,0.41981,0.5256,0.59413,0.57038,0.6736,,,,,,,0.0,,,,
240.0,37.66667,83.66667,0.45367,11.66667,37.66667,0.31667,9.0,12.0,0.73767,7.66667,36.66667,44.33333,25.66667,5.66667,5.0,14.0,16.0,96.0,240.0,38.0,90.0,0.425,11.0,32.66667,0.341,13.33333,16.66667,0.72767,12.33333,35.66667,48.0,26.0,7.66667,4.66667,10.0,14.66667,100.33333,0,0.06251,-0.06251,0.33088,0.21207,0.48606,0.52448,0.53905,0.56025,,,,,,,0.66667,240.0,37.33333,92.66667,0.40333,9.0,35.0,0.26767,13.66667,18.0,0.77467,14.0,29.66667,43.66667,21.33333,9.0,6.33333,10.33333,17.0,97.33333,240.0,37.66667,84.66667,0.446,11.0,30.33333,0.368,14.33333,17.0,0.798,11.66667,35.0,46.66667,24.0,6.66667,4.33333,15.66667,19.0,100.66667,0,0.05583,-0.05583,0.39542,0.42356,0.51189,0.45168,0.5714,0.50263,,,,,,,0.66667,,,,
248.33333,42.33333,97.0,0.43733,13.0,39.33333,0.33333,17.66667,22.33333,0.76533,14.66667,37.33333,52.0,27.0,8.0,4.0,15.33333,20.33333,115.33333,248.33333,44.0,93.33333,0.47633,11.33333,34.66667,0.332,17.0,23.66667,0.708,12.0,39.0,51.0,27.0,10.66667,7.33333,14.33333,21.0,116.33333,1,0.01275,-0.01275,0.31773,0.3788,0.53837,0.50484,0.59723,0.56754,,,,,,,0.66667,240.0,35.0,83.0,0.42267,9.33333,28.0,0.35367,18.66667,24.0,0.753,11.0,32.66667,43.66667,19.33333,7.66667,3.0,12.0,20.33333,98.0,240.0,38.66667,79.66667,0.48533,10.66667,28.33333,0.377,15.0,20.33333,0.72167,6.33333,33.33333,39.66667,23.0,7.66667,4.66667,14.33333,19.0,103.0,1,0.07222,-0.07222,0.20415,0.33337,0.5529,0.47963,0.6134,0.55964,,,,,,,1.0,,,,
240.0,37.0,82.0,0.45167,9.0,29.33333,0.308,20.0,23.33333,0.864,7.33333,32.0,39.33333,20.0,8.66667,5.33333,12.33333,22.0,103.0,240.0,38.33333,79.66667,0.481,12.33333,34.33333,0.354,20.33333,25.33333,0.81067,6.33333,36.0,42.33333,24.0,5.66667,4.0,13.66667,20.33333,109.33333,0,0.08114,-0.08114,0.19591,0.19887,0.55818,0.50646,0.64141,0.5916,,,,,,,0.66667,240.0,37.66667,88.0,0.42833,14.33333,39.66667,0.36367,16.33333,23.33333,0.67933,9.66667,38.66667,48.33333,23.66667,6.33333,2.33333,11.0,19.33333,106.0,240.0,38.0,90.0,0.423,13.33333,40.66667,0.336,18.33333,20.33333,0.899,11.33333,39.0,50.33333,24.0,6.66667,5.0,11.0,19.66667,107.66667,0,0.03371,-0.03371,0.29248,0.26448,0.49702,0.50933,0.57063,0.56956,,,,,,,0.66667,,,,
240.0,44.66667,84.33333,0.53033,11.0,25.66667,0.424,17.33333,21.66667,0.803,7.0,34.66667,41.66667,26.33333,8.0,1.33333,13.66667,20.0,117.66667,240.0,42.0,94.0,0.44667,9.66667,32.66667,0.28867,14.0,21.0,0.651,13.66667,32.66667,46.33333,19.33333,7.66667,1.66667,13.33333,19.66667,107.66667,1,-0.13173,0.13173,0.39489,0.21769,0.4979,0.59618,0.5456,0.66163,,,,,,,0.0,240.0,38.66667,85.66667,0.45367,12.66667,40.66667,0.31433,19.66667,24.66667,0.801,10.66667,38.66667,49.33333,23.66667,6.66667,5.0,15.66667,23.0,109.66667,240.0,37.66667,87.33333,0.43167,10.66667,33.66667,0.31867,21.66667,25.66667,0.846,10.33333,32.33333,42.66667,23.0,8.33333,6.0,11.0,20.66667,107.66667,1,-0.02562,0.02562,0.27561,0.33245,0.49293,0.52814,0.57954,0.60452,,,,,,,0.66667,,,,
240.0,35.0,83.33333,0.42167,8.33333,27.0,0.31767,15.33333,18.66667,0.813,7.33333,34.66667,42.0,19.66667,8.66667,6.66667,12.33333,21.0,93.66667,240.0,35.33333,78.0,0.452,12.0,31.33333,0.38167,17.33333,23.0,0.747,6.33333,38.33333,44.66667,23.33333,5.66667,5.33333,14.66667,18.66667,100.0,1,0.08659,-0.08659,0.1866,0.19112,0.5287,0.47181,0.60099,0.53769,,,,,,,0.66667,240.0,39.66667,92.66667,0.42767,10.0,37.66667,0.27,17.33333,22.33333,0.777,11.33333,32.33333,43.66667,22.0,8.33333,5.66667,10.66667,18.66667,106.66667,240.0,45.0,88.33333,0.51267,15.0,34.33333,0.425,12.0,16.33333,0.68333,9.66667,39.66667,49.33333,30.0,6.33333,7.33333,14.33333,21.0,117.0,1,0.13433,-0.13433,0.28859,0.28878,0.59812,0.48151,0.64028,0.54595,,,,,,,1.0,,,,
240.0,35.33333,77.0,0.45867,10.33333,32.66667,0.30867,19.33333,26.0,0.75467,8.66667,34.0,42.66667,22.66667,7.33333,2.66667,16.33333,23.33333,100.33333,240.0,36.33333,83.66667,0.43733,13.0,41.0,0.319,17.0,19.33333,0.87733,11.0,29.66667,40.66667,22.66667,7.66667,3.33333,16.33333,22.66667,102.66667,1,0.02811,-0.02811,0.32692,0.31809,0.51413,0.52646,0.58614,0.6069,,,,,,,0.66667,240.0,37.66667,85.66667,0.43967,10.66667,30.33333,0.34733,20.33333,24.33333,0.84,10.33333,38.33333,48.66667,22.0,6.66667,9.0,12.0,18.66667,106.33333,240.0,37.66667,87.33333,0.43033,10.66667,29.33333,0.359,15.0,18.66667,0.782,8.0,34.66667,42.66667,20.0,6.66667,1.66667,9.66667,19.0,101.0,1,-0.09694,0.09694,0.2255,0.3025,0.49095,0.50171,0.5505,0.58437,,,,,,,0.66667,,,,
240.0,36.33333,88.33333,0.41133,11.33333,34.0,0.33333,13.66667,15.66667,0.909,9.0,34.0,43.0,24.66667,8.66667,2.66667,10.0,17.33333,97.66667,240.0,40.33333,84.33333,0.47967,13.0,32.33333,0.41,11.0,15.33333,0.71667,8.66667,39.33333,48.0,24.33333,6.0,4.33333,12.66667,15.33333,104.66667,1,0.09952,-0.09952,0.26217,0.22912,0.55692,0.47452,0.59881,0.53178,,,,,,,1.0,240.0,37.66667,88.0,0.428,7.33333,27.0,0.26867,11.66667,13.0,0.86233,7.0,34.66667,41.66667,22.0,8.33333,4.33333,13.66667,19.33333,94.33333,240.0,34.0,80.33333,0.42433,11.66667,33.66667,0.35133,18.0,20.33333,0.877,7.66667,38.33333,46.0,16.66667,7.0,4.0,17.66667,14.33333,97.66667,1,0.04816,-0.04816,0.22211,0.18858,0.49727,0.46983,0.57658,0.52034,,,,,,,0.66667,,,,
240.0,42.0,92.0,0.456,11.0,32.33333,0.34533,13.66667,16.66667,0.823,11.33333,32.33333,43.66667,28.0,9.0,2.66667,11.0,20.66667,108.66667,240.0,39.33333,77.33333,0.509,15.66667,34.66667,0.45133,15.0,20.33333,0.734,6.66667,33.0,39.66667,19.33333,5.66667,4.66667,16.66667,21.0,109.33333,1,0.00586,-0.00586,0.20658,0.34662,0.60995,0.51566,0.66827,0.56729,,,,,,,0.33333,240.0,43.33333,80.66667,0.53867,9.33333,25.0,0.394,15.66667,20.33333,0.764,7.33333,38.33333,45.66667,25.66667,3.66667,4.33333,14.66667,18.66667,111.66667,240.0,42.0,89.33333,0.47,13.33333,37.66667,0.355,9.66667,15.66667,0.609,8.66667,28.66667,37.33333,24.33333,7.33333,4.33333,8.33333,18.33333,107.0,1,-0.06191,0.06191,0.23019,0.25189,0.54465,0.59646,0.57647,0.65704,,,,,,,0.33333,,,,
240.0,36.66667,88.0,0.423,11.33333,37.66667,0.305,20.66667,25.0,0.81667,10.33333,33.0,43.33333,22.33333,6.66667,3.66667,12.0,20.0,105.33333,240.0,41.66667,88.33333,0.47267,13.0,36.0,0.36267,17.66667,22.33333,0.82467,12.0,37.66667,49.66667,23.33333,7.66667,3.66667,14.0,23.33333,114.0,0,0.1268,-0.1268,0.38926,0.29099,0.54615,0.48871,0.6117,0.57071,,,,,,,0.66667,240.0,36.0,90.66667,0.397,13.0,36.66667,0.363,14.66667,19.0,0.83233,10.33333,33.66667,44.0,24.33333,8.33333,1.33333,10.0,17.66667,99.66667,240.0,43.66667,88.33333,0.496,12.66667,34.66667,0.374,14.33333,18.0,0.771,9.33333,41.66667,51.0,29.66667,6.66667,4.66667,11.66667,17.0,114.33333,0,0.19461,-0.19461,0.28726,0.24825,0.56757,0.46852,0.62056,0.52549,,,,,,,1.0,,,,
240.0,39.0,82.66667,0.47133,12.66667,33.33333,0.36767,14.0,16.33333,0.857,10.33333,33.0,43.33333,22.0,8.0,3.66667,16.0,21.33333,104.66667,240.0,35.0,80.66667,0.436,14.33333,41.33333,0.35133,15.0,19.33333,0.76333,10.0,28.33333,38.33333,23.66667,8.33333,4.66667,18.33333,17.66667,99.33333,1,-0.07739,0.07739,0.30648,0.37568,0.52419,0.54797,0.58656,0.60645,,,,,,,0.33333,240.0,38.66667,83.66667,0.46067,10.33333,32.66667,0.322,17.33333,22.33333,0.775,11.0,36.33333,47.33333,21.66667,6.66667,5.66667,16.33333,22.0,105.0,240.0,36.33333,85.66667,0.42267,12.0,36.66667,0.323,20.33333,26.33333,0.77067,9.0,29.66667,38.66667,21.33333,10.33333,6.0,11.66667,22.0,105.0,1,0.00716,-0.00716,0.25029,0.3921,0.49265,0.52272,0.57419,0.59104,,,,,,,0.33333,,,,
240.0,37.33333,84.0,0.44533,14.33333,36.66667,0.39167,13.0,19.0,0.68967,13.33333,34.0,47.33333,24.0,11.33333,3.66667,18.66667,21.0,102.0,240.0,35.66667,82.33333,0.43133,11.66667,33.33333,0.35133,15.66667,22.0,0.675,11.33333,27.66667,39.0,22.33333,10.33333,4.66667,16.0,18.33333,98.66667,0,-0.04958,0.04958,0.33817,0.49421,0.50232,0.53023,0.56559,0.57907,,,,,,,0.33333,256.66667,42.66667,92.33333,0.46133,12.33333,36.33333,0.33533,14.0,19.33333,0.72467,11.66667,42.0,53.66667,21.33333,7.0,5.66667,14.66667,22.0,111.66667,256.66667,38.66667,92.66667,0.41767,9.33333,33.33333,0.27933,19.0,24.0,0.808,10.0,34.33333,44.33333,22.66667,9.66667,5.0,11.66667,21.33333,105.66667,0,-0.0788,0.0788,0.23369,0.36708,0.4678,0.52781,0.53887,0.57719,,,,,,,0.33333,,,,
240.0,39.33333,88.66667,0.44467,12.33333,34.0,0.36833,17.0,19.66667,0.868,13.0,29.33333,42.33333,21.33333,8.66667,4.66667,12.66667,18.0,108.0,240.0,40.66667,82.0,0.49733,14.66667,39.66667,0.36667,12.66667,17.33333,0.759,9.33333,32.0,41.33333,24.66667,7.66667,6.33333,16.0,17.0,108.66667,0,-0.00279,0.00279,0.33682,0.40939,0.58727,0.51438,0.63625,0.58213,,,,,,,0.66667,240.0,37.0,85.0,0.43667,14.0,38.0,0.359,17.33333,22.66667,0.764,9.0,28.66667,37.66667,23.0,7.66667,2.66667,18.33333,20.0,105.33333,240.0,43.0,90.0,0.47767,14.66667,43.33333,0.33667,22.33333,26.0,0.87667,14.0,32.33333,46.33333,27.0,14.0,4.33333,15.0,19.33333,123.0,0,0.22844,-0.22844,0.52305,0.27287,0.55863,0.51808,0.64261,0.58625,,,,,,,1.0,,,,
240.0,35.33333,90.33333,0.39167,9.0,35.33333,0.25333,13.66667,19.66667,0.703,10.33333,38.0,48.33333,19.0,8.0,5.0,11.66667,18.0,93.33333,240.0,41.33333,93.66667,0.442,14.0,39.0,0.354,13.0,18.0,0.72667,11.66667,42.0,53.66667,26.66667,6.66667,7.33333,11.66667,19.66667,109.66667,0,0.22763,-0.22763,0.31576,0.2461,0.51692,0.44116,0.56212,0.49319,,,,,,,1.0,248.33333,41.0,95.33333,0.42667,14.0,42.66667,0.33067,19.0,22.66667,0.834,9.33333,32.0,41.33333,24.33333,10.66667,7.0,12.0,19.66667,115.0,248.33333,44.33333,91.66667,0.48467,18.33333,43.66667,0.42233,15.0,21.33333,0.69533,8.66667,40.33333,49.0,31.33333,5.66667,5.0,15.66667,20.0,122.0,0,0.09637,-0.09637,0.29101,0.26656,0.58463,0.49871,0.63308,0.56837,,,,,,,1.0,,,,
240.0,45.0,90.0,0.50133,10.0,27.0,0.374,17.33333,22.0,0.78167,10.33333,37.33333,47.66667,26.33333,6.66667,5.0,9.66667,15.33333,117.33333,240.0,40.0,93.66667,0.427,11.33333,35.33333,0.322,12.33333,16.33333,0.76233,11.66667,31.33333,43.0,26.66667,7.33333,5.33333,10.66667,18.66667,103.66667,1,-0.16584,0.16584,0.31481,0.327,0.48751,0.55744,0.53335,0.62045,,,,,,,0.33333,248.33333,38.0,90.66667,0.41867,9.33333,28.33333,0.32367,19.66667,23.33333,0.84533,11.0,37.33333,48.33333,18.0,6.66667,4.0,12.33333,17.66667,105.0,248.33333,43.66667,97.33333,0.45033,12.66667,41.0,0.311,13.66667,17.66667,0.77733,13.0,37.33333,50.33333,28.0,6.66667,6.0,11.0,20.0,113.66667,1,0.12553,-0.12553,0.37595,0.29581,0.51535,0.46931,0.56284,0.54609,,,,,,,0.66667,,,,
240.0,38.66667,87.33333,0.44467,13.33333,35.0,0.38167,16.0,21.66667,0.72833,7.33333,32.0,39.33333,23.0,6.66667,4.33333,13.0,21.33333,106.66667,240.0,38.66667,85.0,0.454,9.66667,29.66667,0.31467,16.0,22.0,0.723,10.33333,36.0,46.33333,21.0,7.33333,5.66667,14.66667,21.0,103.0,0,-0.05294,0.05294,0.32903,0.20307,0.50991,0.52181,0.57186,0.58246,,,,,,,0.33333,240.0,43.0,91.66667,0.46933,11.0,35.0,0.31433,17.0,20.0,0.83867,10.33333,28.66667,39.0,23.0,6.0,3.0,9.0,20.0,114.0,240.0,45.66667,83.33333,0.549,22.0,44.0,0.50433,17.66667,22.66667,0.77967,8.0,34.66667,42.66667,26.66667,6.0,3.33333,14.0,23.66667,131.0,0,0.20662,-0.20662,0.28416,0.29916,0.68152,0.5295,0.74339,0.59357,,,,,,,1.0,,,,
248.33333,40.66667,92.66667,0.43867,12.33333,33.66667,0.368,20.0,26.33333,0.754,10.66667,39.0,49.66667,21.33333,7.66667,4.33333,12.33333,19.33333,113.66667,248.33333,38.0,88.33333,0.43267,11.33333,36.33333,0.31033,17.33333,22.33333,0.77633,10.0,38.0,48.0,23.33333,7.0,4.33333,14.66667,23.0,104.66667,0,-0.11965,0.11965,0.25267,0.28277,0.49668,0.50497,0.56376,0.5769,,,,,,,0.33333,240.0,31.66667,83.33333,0.38333,10.66667,37.66667,0.289,20.66667,27.33333,0.768,10.0,30.66667,40.66667,18.33333,4.0,6.33333,15.0,17.66667,94.66667,240.0,48.66667,96.66667,0.502,13.66667,35.33333,0.38367,14.33333,21.0,0.69067,13.33333,40.33333,53.66667,31.33333,11.33333,7.66667,10.66667,21.0,125.33333,0,0.39015,-0.39015,0.49349,0.2615,0.57241,0.44879,0.61778,0.5342,,,,,,,0.66667,,,,
240.0,35.66667,90.33333,0.39267,10.66667,33.66667,0.31533,22.0,27.0,0.819,14.66667,31.0,45.66667,21.0,10.0,6.33333,12.66667,19.66667,104.0,240.0,42.0,89.66667,0.46833,15.66667,41.0,0.37967,16.0,21.66667,0.74133,13.0,33.66667,46.66667,22.66667,8.0,8.33333,15.0,22.33333,115.66667,1,0.13986,-0.13986,0.46076,0.43413,0.55596,0.45167,0.6113,0.53913,,,,,,,0.33333,240.0,42.33333,82.33333,0.51867,10.33333,24.33333,0.43367,18.66667,24.0,0.77867,8.0,40.33333,48.33333,29.0,4.0,4.33333,14.33333,22.0,113.66667,240.0,37.66667,85.66667,0.43833,12.0,37.0,0.32333,13.0,21.0,0.59367,7.0,29.66667,36.66667,20.0,6.33333,4.33333,10.66667,19.66667,100.33333,1,-0.1852,0.1852,0.17728,0.26195,0.50818,0.58092,0.55484,0.65259,,,,,,,0.0,,,,
240.0,38.66667,92.0,0.42233,12.33333,35.33333,0.35167,15.33333,20.33333,0.755,15.0,30.0,45.0,23.0,8.66667,5.33333,12.33333,19.33333,105.0,240.0,38.33333,81.0,0.475,16.66667,42.66667,0.38167,15.66667,20.66667,0.785,9.66667,34.33333,44.0,26.66667,7.33333,6.33333,17.33333,18.0,109.0,1,0.04118,-0.04118,0.34235,0.43824,0.57873,0.4893,0.64042,0.54717,,,,,,,0.66667,240.0,41.33333,93.0,0.445,15.0,38.0,0.395,12.0,14.33333,0.91033,8.33333,33.66667,42.0,25.33333,8.0,5.66667,14.0,17.66667,109.66667,240.0,47.0,96.66667,0.48733,11.33333,33.33333,0.34167,11.33333,16.33333,0.73267,12.0,39.66667,51.66667,26.66667,9.33333,7.0,12.0,18.0,116.66667,1,0.0756,-0.0756,0.35599,0.20952,0.54574,0.52583,0.58329,0.57159,,,,,,,0.66667,,,,
240.0,38.33333,88.0,0.43867,10.66667,31.66667,0.337,17.33333,23.33333,0.74667,14.66667,37.33333,52.0,20.66667,11.0,6.33333,15.33333,19.33333,104.66667,240.0,36.0,90.0,0.40133,14.0,41.66667,0.33333,13.66667,18.66667,0.73133,11.66667,32.33333,44.0,19.66667,7.33333,6.66667,15.0,20.66667,99.66667,1,-0.07572,0.07572,0.311,0.44901,0.47933,0.49915,0.53054,0.56346,,,,,,,0.0,240.0,39.33333,73.0,0.53967,16.33333,34.0,0.48233,14.33333,18.0,0.75833,5.33333,34.0,39.33333,28.0,4.66667,6.0,16.66667,17.33333,109.33333,240.0,38.66667,86.0,0.44967,12.33333,35.66667,0.35,13.0,17.33333,0.73067,9.33333,26.66667,36.0,26.66667,6.66667,2.0,8.66667,16.0,102.66667,1,-0.09669,0.09669,0.28125,0.21601,0.52099,0.65179,0.57129,0.71173,,,,,,,0.33333,,,,
248.33333,40.66667,90.66667,0.44833,18.66667,46.0,0.40033,8.33333,12.0,0.70333,9.66667,30.0,39.66667,25.33333,6.33333,3.33333,12.0,17.66667,108.33333,248.33333,43.33333,92.0,0.46967,14.33333,37.66667,0.38467,13.0,16.0,0.81367,12.66667,34.66667,47.33333,20.66667,6.66667,6.0,12.66667,16.0,114.0,1,0.07003,-0.07003,0.4529,0.28493,0.54802,0.55174,0.59584,0.58092,,,,,,,0.66667,240.0,39.66667,86.0,0.46167,10.66667,33.0,0.32333,14.0,16.33333,0.80767,10.33333,33.33333,43.66667,21.0,6.66667,4.66667,10.66667,17.66667,104.0,240.0,39.33333,87.0,0.45267,15.0,37.66667,0.39533,13.33333,16.66667,0.79967,10.33333,34.0,44.33333,25.0,6.66667,3.33333,10.0,16.66667,107.0,1,0.03186,-0.03186,0.32284,0.31454,0.53857,0.5244,0.59069,0.58029,,,,,,,0.33333,,,,
256.66667,43.33333,94.66667,0.45667,12.0,36.0,0.33333,15.66667,20.33333,0.757,12.66667,33.33333,46.0,20.33333,6.0,6.0,15.0,24.66667,114.33333,256.66667,44.33333,90.66667,0.49033,15.0,35.33333,0.41367,19.0,25.0,0.761,11.0,35.66667,46.66667,31.0,8.0,6.33333,14.66667,23.0,122.66667,0,0.10061,-0.10061,0.34364,0.35498,0.57361,0.52029,0.64012,0.5769,,,,,,,0.66667,240.0,41.66667,90.66667,0.45967,12.66667,36.0,0.35133,16.0,19.33333,0.84467,10.66667,32.0,42.66667,23.33333,7.66667,3.0,11.66667,21.0,112.0,240.0,41.33333,86.66667,0.47767,8.33333,28.0,0.29767,20.33333,23.66667,0.854,11.0,31.66667,42.66667,23.66667,6.66667,8.33333,13.33333,16.0,111.33333,0,-0.00914,0.00914,0.34212,0.34048,0.52552,0.52945,0.60611,0.59,,,,,,,0.66667,,,,
240.0,35.66667,86.33333,0.41433,10.33333,30.33333,0.33633,17.66667,23.66667,0.72567,11.33333,37.0,48.33333,17.66667,5.33333,6.33333,14.0,21.33333,99.33333,240.0,36.33333,90.33333,0.40267,10.0,34.0,0.3,18.33333,23.66667,0.76867,12.0,36.33333,48.33333,21.33333,7.66667,4.0,9.0,20.33333,101.0,0,0.01989,-0.01989,0.32587,0.31571,0.45836,0.47381,0.52931,0.54404,,,,,,,0.66667,240.0,38.66667,90.0,0.42933,12.66667,40.0,0.32,18.33333,22.33333,0.82467,11.33333,34.0,45.33333,21.0,9.0,2.66667,12.66667,19.66667,108.33333,240.0,40.33333,86.0,0.46967,9.66667,29.33333,0.32733,20.0,23.66667,0.84067,10.66667,35.0,45.66667,24.33333,6.66667,7.0,14.0,18.0,110.33333,0,0.02848,-0.02848,0.31854,0.3281,0.52576,0.49982,0.60513,0.57046,,,,,,,0.66667,,,,
240.0,36.66667,94.66667,0.38667,13.33333,42.66667,0.314,11.66667,17.0,0.70367,14.0,38.33333,52.33333,21.33333,5.0,3.0,9.33333,17.33333,98.33333,240.0,38.0,86.0,0.44067,14.33333,38.0,0.38033,16.33333,18.66667,0.88033,7.33333,41.0,48.33333,24.66667,6.0,6.0,8.33333,15.0,106.66667,0,0.11712,-0.11712,0.19443,0.35116,0.52383,0.45706,0.59152,0.49917,,,,,,,1.0,240.0,47.0,89.33333,0.52633,14.33333,32.0,0.45267,13.66667,16.66667,0.857,9.0,30.0,39.0,27.33333,7.33333,5.0,11.66667,16.66667,122.0,240.0,43.66667,89.66667,0.487,10.66667,31.0,0.34967,13.0,17.0,0.77967,11.0,30.0,41.0,26.66667,7.33333,5.66667,12.66667,18.66667,111.0,0,-0.13521,0.13521,0.3909,0.30849,0.54619,0.60653,0.59531,0.65547,,,,,,,0.33333,,,,
240.0,35.66667,83.66667,0.43,10.0,36.33333,0.27767,14.0,20.66667,0.684,9.66667,33.66667,43.33333,23.66667,5.33333,3.66667,15.33333,18.0,95.33333,240.0,42.33333,91.33333,0.46533,10.66667,29.0,0.37067,16.66667,20.66667,0.72567,11.66667,39.0,50.66667,30.0,9.66667,3.66667,9.0,18.33333,112.0,1,0.22689,-0.22689,0.34206,0.24262,0.5238,0.49075,0.58541,0.54412,,,,,,,1.0,240.0,36.0,86.0,0.42,15.0,43.0,0.35167,13.66667,17.33333,0.79333,8.0,36.66667,44.66667,19.0,9.33333,5.66667,13.33333,14.0,100.66667,240.0,37.33333,85.66667,0.43567,13.33333,38.66667,0.34633,10.33333,16.0,0.64833,7.33333,39.66667,47.0,21.66667,7.66667,6.66667,14.0,17.33333,98.33333,1,-0.03103,0.03103,0.1992,0.20447,0.51423,0.50797,0.55189,0.5626,,,,,,,0.33333,,,,
240.0,36.0,93.0,0.38733,12.66667,41.33333,0.297,12.66667,18.33333,0.70567,9.66667,33.33333,43.0,21.0,7.33333,4.0,11.0,19.0,97.33333,240.0,40.66667,88.66667,0.45833,17.0,41.33333,0.41133,16.66667,24.33333,0.70233,11.33333,44.0,55.33333,27.0,6.33333,7.0,13.0,19.33333,115.0,0,0.2417,-0.2417,0.34177,0.2249,0.55475,0.45427,0.61172,0.50099,,,,,,,1.0,256.66667,44.66667,95.66667,0.467,14.33333,36.0,0.39933,14.33333,18.0,0.80067,13.0,38.0,51.0,22.66667,7.33333,6.33333,13.33333,19.66667,118.0,256.66667,40.33333,94.66667,0.42733,12.33333,37.0,0.33433,19.66667,23.33333,0.87767,11.33333,31.66667,43.0,25.66667,9.33333,6.66667,11.66667,20.33333,112.66667,0,-0.06791,0.06791,0.29813,0.41357,0.49221,0.54181,0.56594,0.59222,,,,,,,0.0,,,,
240.0,37.66667,87.0,0.43233,12.0,37.66667,0.31833,19.33333,23.0,0.85633,10.66667,33.0,43.66667,23.33333,9.0,3.0,12.66667,22.66667,106.66667,240.0,42.0,87.0,0.48167,12.66667,35.0,0.35267,17.0,25.0,0.69733,12.33333,34.66667,47.0,21.0,6.33333,3.66667,12.0,19.33333,113.66667,0,0.08479,-0.08479,0.39539,0.31728,0.55399,0.50156,0.6135,0.57852,,,,,,,0.66667,240.0,35.66667,85.66667,0.41833,10.33333,30.66667,0.329,16.0,21.33333,0.744,11.0,31.0,42.0,20.0,8.66667,4.33333,16.33333,19.66667,97.66667,240.0,42.0,84.0,0.501,17.33333,43.0,0.40333,16.66667,21.33333,0.79167,8.0,37.0,45.0,30.0,9.0,5.0,16.0,18.0,118.0,0,0.27435,-0.27435,0.26139,0.29258,0.60539,0.47729,0.66752,0.54333,,,,,,,1.0,,,,
240.0,41.33333,95.33333,0.43233,13.33333,37.33333,0.363,13.66667,17.66667,0.781,14.0,33.66667,47.66667,23.66667,7.66667,5.0,14.0,17.0,109.66667,240.0,40.66667,92.33333,0.44333,11.0,37.66667,0.296,14.0,16.66667,0.83567,14.0,30.66667,44.66667,18.66667,7.66667,6.0,14.66667,17.33333,106.33333,1,-0.03349,0.03349,0.41196,0.4868,0.50323,0.50176,0.55732,0.55209,,,,,,,0.66667,240.0,44.0,91.0,0.484,14.33333,35.66667,0.403,9.0,12.66667,0.71467,9.66667,34.66667,44.33333,27.66667,9.33333,2.66667,15.66667,19.66667,111.33333,240.0,36.0,81.33333,0.44267,10.0,34.66667,0.29733,18.0,22.66667,0.79033,9.33333,35.0,44.33333,21.33333,9.33333,6.0,16.66667,15.0,100.0,1,-0.16461,0.16461,0.26875,0.27861,0.50355,0.56315,0.57918,0.59448,,,,,,,0.33333,,,,
240.0,38.66667,89.66667,0.431,9.0,30.0,0.28633,9.66667,13.66667,0.706,9.33333,32.66667,42.0,26.66667,8.66667,4.0,14.33333,15.33333,96.0,240.0,40.33333,84.66667,0.47667,16.0,39.33333,0.40967,15.0,18.0,0.82467,9.0,39.33333,48.33333,24.66667,6.66667,5.66667,15.33333,15.33333,111.66667,1,0.22099,-0.22099,0.27993,0.24734,0.57105,0.4812,0.63032,0.51829,,,,,,,1.0,240.0,39.33333,80.66667,0.48767,12.66667,30.0,0.42,14.66667,17.33333,0.841,6.66667,28.33333,35.0,24.33333,6.66667,6.0,14.33333,20.66667,106.0,240.0,40.66667,84.0,0.48367,13.66667,34.66667,0.39367,21.33333,23.66667,0.888,9.66667,32.0,41.66667,24.66667,9.33333,6.33333,12.33333,19.33333,116.33333,1,0.13503,-0.13503,0.34465,0.20974,0.56543,0.56648,0.6529,0.62736,,,,,,,1.0,,,,
240.0,39.66667,80.33333,0.49567,8.66667,28.0,0.31533,19.66667,25.66667,0.81567,8.33333,35.33333,43.66667,22.66667,3.66667,6.33333,16.0,18.66667,107.66667,240.0,41.33333,93.0,0.44467,12.33333,33.33333,0.37167,18.33333,22.66667,0.80933,10.33333,32.33333,42.66667,26.33333,9.0,3.33333,8.66667,20.66667,113.33333,0,0.07113,-0.07113,0.29605,0.25184,0.51139,0.54972,0.57786,0.62837,,,,,,,0.33333,240.0,41.33333,89.33333,0.464,11.33333,29.0,0.4,15.0,18.33333,0.799,10.33333,36.0,46.33333,23.66667,8.0,4.0,11.33333,16.33333,109.0,240.0,43.33333,93.33333,0.46467,7.66667,25.66667,0.288,10.0,15.0,0.679,11.33333,35.66667,47.0,23.66667,8.0,4.66667,12.33333,15.66667,104.33333,0,-0.05061,0.05061,0.31838,0.29195,0.50501,0.52767,0.54001,0.58488,,,,,,,0.33333,,,,
240.0,35.66667,84.66667,0.424,10.33333,34.66667,0.30233,13.33333,17.33333,0.76367,10.0,36.33333,46.33333,22.33333,6.66667,5.0,12.66667,17.66667,95.0,240.0,37.0,83.66667,0.443,11.66667,33.66667,0.33367,13.66667,17.66667,0.77333,7.0,38.0,45.0,22.33333,7.33333,4.33333,11.33333,16.66667,99.33333,1,0.06213,-0.06213,0.19338,0.26368,0.5132,0.48517,0.56849,0.54018,,,,,,,0.66667,240.0,38.66667,81.33333,0.47767,14.33333,34.66667,0.41033,20.33333,25.0,0.81233,12.33333,30.66667,43.0,26.33333,4.0,3.33333,13.66667,16.66667,112.0,240.0,40.66667,87.33333,0.46567,11.33333,34.66667,0.32167,14.33333,21.0,0.68867,12.66667,27.66667,40.33333,22.33333,9.66667,4.66667,11.33333,21.66667,107.0,1,-0.06018,0.06018,0.43536,0.43981,0.53065,0.56639,0.58118,0.64761,,,,,,,0.33333,,,,
240.0,39.66667,88.66667,0.44667,13.33333,42.66667,0.315,18.33333,22.0,0.834,12.33333,36.0,48.33333,20.0,8.66667,5.66667,12.33333,16.0,111.0,240.0,40.33333,86.66667,0.46533,12.33333,33.0,0.37167,12.33333,18.0,0.70633,6.33333,32.66667,39.0,21.66667,7.66667,5.66667,11.0,18.0,105.33333,1,-0.07053,0.07053,0.17584,0.39934,0.53713,0.52219,0.58205,0.59392,,,,,,,0.33333,240.0,41.66667,89.66667,0.465,9.0,29.66667,0.30933,17.33333,23.0,0.76133,8.33333,35.33333,43.66667,26.33333,7.0,4.33333,10.66667,20.66667,109.66667,240.0,40.0,93.33333,0.42867,13.33333,40.66667,0.32833,17.33333,22.0,0.77567,12.33333,37.0,49.33333,24.66667,5.33333,4.66667,11.66667,19.0,110.66667,1,0.02209,-0.02209,0.34961,0.23019,0.50028,0.51484,0.56373,0.57883,,,,,,,0.33333,,,,
240.0,32.66667,79.0,0.41433,9.0,24.66667,0.381,23.0,27.0,0.862,9.33333,35.66667,45.0,18.33333,5.0,3.66667,14.66667,20.0,97.33333,240.0,41.0,87.33333,0.46967,13.0,35.33333,0.36667,14.66667,20.0,0.742,8.0,34.33333,42.33333,26.66667,8.66667,5.0,8.33333,21.0,109.66667,1,0.1719,-0.1719,0.23672,0.27625,0.54375,0.47274,0.5979,0.57576,,,,,,,1.0,240.0,38.0,93.0,0.408,9.66667,34.0,0.28033,16.66667,20.33333,0.82067,12.0,30.33333,42.33333,22.33333,8.33333,4.0,9.0,16.33333,102.33333,240.0,43.66667,85.33333,0.51267,17.33333,42.33333,0.40967,14.33333,19.0,0.77167,8.66667,40.66667,49.33333,29.0,6.0,9.0,15.33333,19.33333,119.0,1,0.23121,-0.23121,0.31232,0.31778,0.61482,0.45954,0.66661,0.52325,,,,,,,0.66667,,,,
240.0,40.0,88.66667,0.45167,11.66667,29.66667,0.385,14.33333,18.33333,0.74367,9.33333,32.66667,42.0,22.66667,6.0,5.0,9.33333,16.33333,106.0,240.0,41.33333,90.33333,0.46,12.33333,35.33333,0.34833,12.0,15.33333,0.78767,11.0,34.66667,45.66667,24.66667,7.33333,4.33333,11.0,19.0,107.0,1,0.02322,-0.02322,0.33405,0.26717,0.52959,0.51874,0.57516,0.57276,,,,,,,0.66667,240.0,41.66667,91.33333,0.458,13.66667,35.66667,0.38867,15.0,18.33333,0.86267,10.66667,27.33333,38.0,24.33333,6.66667,5.0,13.33333,17.0,112.0,240.0,48.66667,91.33333,0.532,12.0,32.0,0.37433,13.66667,17.33333,0.80067,10.0,35.33333,45.33333,28.66667,9.33333,6.0,11.66667,19.33333,123.0,1,0.13665,-0.13665,0.38049,0.30421,0.59701,0.53305,0.64597,0.58926,,,,,,,0.66667,,,,
240.0,34.33333,84.66667,0.40667,8.33333,30.33333,0.275,18.0,22.0,0.81733,9.0,35.0,44.0,18.66667,8.66667,7.0,11.0,19.66667,95.0,240.0,36.0,79.33333,0.45367,11.0,32.33333,0.338,16.33333,22.66667,0.72167,6.0,39.0,45.0,22.33333,5.33333,4.33333,14.0,18.33333,99.33333,1,0.05722,-0.05722,0.17353,0.23206,0.52271,0.45573,0.58841,0.53188,,,,,,,0.66667,240.0,39.33333,93.66667,0.421,10.33333,35.66667,0.29733,12.66667,17.0,0.752,15.0,35.66667,50.66667,23.33333,5.0,3.33333,9.66667,18.0,101.66667,240.0,39.33333,87.33333,0.454,11.66667,35.0,0.336,15.66667,19.0,0.83267,9.66667,37.33333,47.0,22.33333,7.0,6.0,8.33333,18.33333,106.0,1,0.0519,-0.0519,0.26763,0.40571,0.52134,0.47676,0.58333,0.5244,,,,,,,0.66667,,,,
240.0,40.0,85.33333,0.469,13.66667,39.66667,0.34467,19.33333,25.33333,0.77167,12.33333,32.66667,45.0,21.33333,11.0,4.33333,16.0,17.66667,113.0,240.0,39.0,82.66667,0.47267,19.33333,47.33333,0.40933,10.66667,15.0,0.74533,8.66667,31.33333,40.0,29.66667,9.0,4.0,17.33333,22.33333,108.0,0,-0.06578,0.06578,0.26168,0.39921,0.59049,0.54911,0.63042,0.62175,,,,,,,0.33333,240.0,35.66667,85.66667,0.41667,11.0,36.0,0.30667,17.66667,23.66667,0.74667,7.33333,38.33333,45.66667,22.66667,7.0,5.33333,10.33333,20.0,100.0,240.0,35.33333,87.0,0.407,11.33333,37.0,0.32167,18.0,20.66667,0.85767,10.0,39.66667,49.66667,20.66667,7.0,5.33333,13.0,21.0,100.0,0,0.01248,-0.01248,0.25919,0.20297,0.47197,0.48124,0.54573,0.55006,,,,,,,0.66667,,,,
240.0,43.0,87.33333,0.49333,14.33333,37.66667,0.37767,19.66667,23.0,0.86933,8.33333,37.0,45.33333,30.66667,7.33333,4.33333,10.66667,20.33333,120.0,240.0,35.33333,91.33333,0.387,13.0,45.66667,0.286,20.33333,22.66667,0.89967,13.0,34.33333,47.33333,23.0,7.0,4.0,12.33333,20.66667,104.0,1,-0.209,0.209,0.35234,0.24811,0.45807,0.57652,0.53935,0.65174,,,,,,,0.0,240.0,39.66667,81.66667,0.48867,10.33333,25.0,0.424,16.33333,23.33333,0.70367,9.0,42.33333,51.33333,26.33333,6.0,4.66667,17.0,23.66667,106.0,240.0,34.0,86.66667,0.39333,12.33333,38.66667,0.317,12.0,20.0,0.57933,8.66667,30.33333,39.0,18.66667,7.33333,3.33333,12.66667,19.66667,92.33333,1,-0.19655,0.19655,0.20506,0.29126,0.46415,0.5514,0.50833,0.6126,,,,,,,0.0,,,,
248.33333,39.0,85.66667,0.45633,10.66667,29.66667,0.36133,15.33333,20.33333,0.757,7.33333,37.33333,44.66667,23.33333,7.33333,7.33333,11.0,20.0,104.0,248.33333,37.33333,87.0,0.42667,12.33333,34.0,0.366,15.66667,20.66667,0.74633,9.33333,35.66667,45.0,23.0,5.33333,5.66667,12.0,17.66667,102.66667,1,-0.01592,0.01592,0.25189,0.211,0.4969,0.51845,0.56091,0.57684,,,,,,,0.33333,248.33333,44.0,91.66667,0.48167,12.33333,35.66667,0.34567,19.66667,26.0,0.753,10.33333,33.66667,44.0,23.66667,8.0,7.0,12.33333,21.0,120.0,248.33333,47.0,92.0,0.51633,17.0,39.0,0.43667,15.0,20.0,0.752,8.66667,35.0,43.66667,30.33333,6.33333,6.66667,13.33333,21.66667,126.0,1,0.07051,-0.07051,0.25014,0.29547,0.60938,0.54945,0.66079,0.61865,,,,,,,0.66667,,,,
248.33333,43.33333,94.33333,0.45967,17.66667,47.33333,0.36833,20.33333,24.0,0.83967,10.33333,31.0,41.33333,29.0,9.66667,8.33333,12.33333,20.0,124.66667,248.33333,45.0,94.0,0.47833,17.33333,42.33333,0.405,16.66667,22.33333,0.76167,9.66667,36.0,45.66667,29.33333,6.66667,2.0,13.33333,21.33333,124.0,0,-0.01524,0.01524,0.32593,0.29738,0.57032,0.55397,0.62456,0.62582,,,,,,,0.66667,240.0,37.33333,86.66667,0.43033,11.33333,32.66667,0.34267,20.33333,23.66667,0.864,10.66667,35.66667,46.33333,22.0,8.0,8.0,11.33333,19.66667,106.33333,240.0,35.33333,84.66667,0.418,9.33333,32.0,0.29167,16.66667,21.0,0.76633,8.66667,34.33333,43.0,18.66667,5.66667,2.33333,13.33333,20.66667,96.66667,0,-0.15358,0.15358,0.27276,0.3134,0.47333,0.49554,0.54117,0.57868,,,,,,,0.33333,,,,
240.0,37.66667,93.33333,0.40433,14.66667,43.33333,0.33633,14.33333,19.0,0.756,10.66667,33.0,43.66667,22.66667,6.0,4.33333,12.66667,22.0,104.33333,240.0,40.66667,89.0,0.45667,15.66667,39.33333,0.39267,21.33333,28.66667,0.759,12.66667,40.0,52.66667,24.0,7.33333,8.33333,12.33333,19.66667,118.33333,0,0.18658,-0.18658,0.38378,0.2863,0.54547,0.48257,0.62144,0.53551,,,,,,,1.0,240.0,43.66667,88.0,0.497,11.33333,33.33333,0.34233,15.0,18.0,0.85,7.33333,33.33333,40.66667,31.33333,7.33333,3.33333,11.66667,21.0,113.66667,240.0,37.66667,90.0,0.41833,12.66667,40.66667,0.31133,17.33333,23.33333,0.71333,13.33333,33.0,46.33333,22.66667,6.33333,2.66667,13.0,16.66667,105.33333,0,-0.11637,0.11637,0.4038,0.22262,0.48917,0.56189,0.55243,0.61856,,,,,,,0.0,,,,
248.33333,36.66667,87.33333,0.41967,10.0,36.33333,0.26933,19.0,22.66667,0.84733,10.0,30.33333,40.33333,22.66667,10.66667,3.66667,11.33333,20.33333,102.33333,248.33333,38.33333,81.66667,0.47,12.0,30.0,0.40333,15.66667,20.33333,0.75467,10.0,37.33333,47.33333,21.0,5.66667,3.0,16.33333,20.33333,104.33333,1,0.03071,-0.03071,0.33047,0.27024,0.54353,0.47639,0.60636,0.55337,,,,,,,0.66667,240.0,36.66667,91.33333,0.40233,8.66667,37.33333,0.232,15.66667,23.0,0.71767,14.0,31.66667,45.66667,22.0,8.66667,5.33333,13.66667,18.33333,97.66667,240.0,39.66667,90.33333,0.43833,10.33333,30.33333,0.345,16.0,19.33333,0.786,13.0,38.66667,51.66667,25.33333,9.33333,3.0,14.66667,20.33333,105.66667,1,0.11153,-0.11153,0.41786,0.38247,0.49562,0.44934,0.55592,0.50583,,,,,,,0.66667,,,,
240.0,40.0,77.33333,0.51867,14.33333,34.0,0.421,13.33333,17.66667,0.76467,4.33333,31.33333,35.66667,26.66667,4.33333,3.33333,14.66667,17.33333,107.66667,240.0,44.0,86.66667,0.509,12.0,36.66667,0.316,12.66667,18.0,0.70133,8.33333,32.0,40.33333,27.66667,7.33333,4.66667,10.0,17.0,112.66667,1,0.06896,-0.06896,0.27647,0.14577,0.57726,0.61201,0.62215,0.6645,,,,,,,0.66667,240.0,40.66667,86.33333,0.475,11.66667,31.0,0.383,19.33333,24.0,0.82067,9.0,32.33333,41.33333,25.0,9.33333,4.33333,12.66667,19.33333,112.33333,240.0,37.66667,85.33333,0.44433,12.0,33.0,0.365,18.66667,23.33333,0.79933,11.33333,36.0,47.33333,18.33333,8.0,4.33333,15.66667,21.0,106.0,1,-0.08266,0.08266,0.35793,0.25553,0.51485,0.54316,0.58885,0.61781,,,,,,,0.33333,,,,
240.0,34.33333,88.33333,0.39167,10.0,35.0,0.29767,18.66667,23.66667,0.784,9.66667,34.33333,44.0,17.66667,7.0,3.66667,11.66667,19.66667,97.33333,240.0,41.33333,85.66667,0.48533,12.66667,31.66667,0.42567,16.33333,19.66667,0.84167,9.0,42.33333,51.33333,24.0,7.33333,4.33333,14.33333,21.66667,111.66667,0,0.19888,-0.19888,0.25822,0.2274,0.55941,0.44855,0.62278,0.5237,,,,,,,1.0,265.0,47.66667,99.66667,0.48167,15.0,38.33333,0.39867,12.33333,18.33333,0.683,10.33333,34.66667,45.0,30.33333,9.66667,2.66667,14.66667,21.33333,122.66667,265.0,43.33333,88.0,0.49133,12.0,35.66667,0.33767,19.33333,25.33333,0.76167,8.66667,38.0,46.66667,26.33333,8.33333,5.33333,16.66667,19.33333,118.0,0,-0.0563,0.0563,0.25208,0.26418,0.55854,0.55883,0.63018,0.59589,,,,,,,0.33333,,,,
240.0,31.66667,86.66667,0.36233,9.33333,39.66667,0.23833,17.0,20.66667,0.83867,9.33333,31.0,40.33333,18.0,5.66667,6.66667,13.0,14.33333,89.66667,240.0,47.33333,93.0,0.50833,16.0,38.66667,0.422,11.66667,15.0,0.76533,10.33333,42.0,52.33333,32.33333,9.66667,6.66667,10.0,16.66667,122.33333,1,0.43427,-0.43427,0.41086,0.24267,0.59399,0.41716,0.63422,0.49105,,,,,,,1.0,240.0,39.33333,82.66667,0.475,10.33333,30.0,0.34433,19.66667,25.66667,0.77067,12.66667,37.33333,50.0,24.33333,8.0,5.0,15.66667,21.0,108.66667,240.0,36.66667,87.0,0.42,12.66667,40.0,0.31533,17.33333,21.66667,0.80633,9.33333,27.0,36.33333,23.33333,8.33333,4.66667,12.33333,23.0,103.33333,1,-0.07433,0.07433,0.25314,0.47732,0.49305,0.53774,0.56264,0.61503,,,,,,,0.0,,,,
240.0,36.0,85.66667,0.42033,14.33333,42.66667,0.34167,11.66667,18.0,0.66033,12.0,33.33333,45.33333,23.66667,10.33333,4.0,17.0,20.66667,98.0,240.0,36.66667,81.0,0.45167,10.0,28.33333,0.35133,15.33333,20.66667,0.70333,9.33333,32.66667,42.0,21.66667,9.0,4.0,15.66667,16.33333,98.66667,1,0.00878,-0.00878,0.28241,0.38524,0.51307,0.50376,0.57731,0.5465,,,,,,,0.66667,240.0,39.33333,83.66667,0.47133,6.66667,24.66667,0.30167,16.33333,18.66667,0.88,10.66667,24.0,34.66667,20.0,7.66667,4.0,12.33333,19.0,101.66667,240.0,43.33333,85.0,0.51,10.66667,28.66667,0.374,17.33333,19.66667,0.89067,11.33333,30.33333,41.66667,26.66667,8.33333,5.66667,11.33333,19.33333,114.66667,1,0.17456,-0.17456,0.4802,0.35125,0.57276,0.51103,0.64194,0.57972,,,,,,,1.0,,,,
240.0,40.0,83.66667,0.47867,10.0,29.66667,0.339,15.33333,20.0,0.72767,6.66667,34.0,40.66667,21.66667,7.0,5.33333,9.0,20.66667,105.33333,240.0,35.0,82.66667,0.426,11.33333,33.66667,0.33333,19.0,22.66667,0.84567,8.33333,35.66667,44.0,20.66667,5.33333,3.66667,11.66667,18.0,100.33333,0,-0.08013,0.08013,0.24098,0.18235,0.49425,0.53832,0.57503,0.59888,,,,,,,0.33333,240.0,37.33333,90.66667,0.41367,13.33333,36.0,0.36233,14.33333,20.66667,0.691,14.0,27.66667,41.66667,24.33333,8.0,3.33333,15.66667,21.66667,102.33333,240.0,41.33333,85.66667,0.483,16.0,43.66667,0.36333,21.66667,26.66667,0.82233,13.33333,35.66667,49.0,27.0,11.33333,5.33333,16.0,18.0,120.33333,0,0.23706,-0.23706,0.51084,0.39223,0.57757,0.48563,0.65936,0.53918,,,,,,,1.0,,,,
240.0,41.66667,92.0,0.45233,11.33333,33.33333,0.343,17.0,21.66667,0.791,13.33333,35.33333,48.66667,29.0,8.0,3.0,10.0,22.33333,111.66667,240.0,38.0,77.0,0.494,14.66667,35.0,0.418,16.66667,23.0,0.72967,5.33333,34.0,39.33333,19.33333,5.0,2.66667,16.0,21.33333,107.33333,0,-0.0671,0.0671,0.15536,0.3959,0.58899,0.51379,0.65473,0.57688,,,,,,,0.33333,248.33333,40.33333,92.0,0.43667,13.33333,43.33333,0.30467,22.0,25.66667,0.858,10.0,33.0,43.0,23.66667,8.66667,6.66667,13.66667,19.33333,116.0,248.33333,45.0,94.66667,0.47567,18.33333,47.33333,0.38567,13.66667,19.0,0.72667,9.0,36.66667,45.66667,33.33333,6.33333,4.66667,12.0,20.0,122.0,0,0.08377,-0.08377,0.29429,0.31723,0.5724,0.50787,0.61594,0.59078,,,,,,,1.0,,,,
240.0,38.66667,80.66667,0.486,13.66667,35.0,0.39367,13.33333,20.33333,0.64833,8.33333,32.0,40.33333,21.33333,5.0,4.66667,14.33333,14.33333,104.33333,240.0,41.33333,92.33333,0.44667,15.33333,40.66667,0.38033,10.66667,13.66667,0.782,13.0,30.0,43.0,22.66667,8.33333,3.33333,11.0,20.66667,108.66667,1,0.06169,-0.06169,0.43052,0.27946,0.52968,0.57221,0.56885,0.6201,,,,,,,0.66667,248.33333,41.0,90.0,0.45667,12.66667,33.33333,0.37433,17.0,21.0,0.80733,9.66667,35.0,44.66667,20.33333,5.66667,5.0,11.33333,18.0,111.66667,248.33333,44.33333,97.0,0.45933,11.33333,39.33333,0.28933,13.66667,17.0,0.80767,13.0,35.33333,48.33333,26.33333,5.66667,4.33333,11.0,20.66667,113.66667,1,0.03276,-0.03276,0.38934,0.27223,0.51734,0.52692,0.56584,0.59048,,,,,,,0.33333,,,,
240.0,38.33333,88.66667,0.433,11.33333,33.33333,0.34033,13.33333,20.33333,0.65333,8.0,34.0,42.0,21.66667,7.0,5.0,15.33333,22.33333,101.33333,240.0,39.33333,84.66667,0.46333,10.66667,31.0,0.32833,16.66667,21.66667,0.76667,8.66667,38.0,46.66667,20.33333,8.33333,6.0,14.0,20.66667,106.0,0,0.05274,-0.05274,0.2527,0.21048,0.52514,0.49663,0.59056,0.54461,,,,,,,0.66667,240.0,39.33333,85.66667,0.46033,13.0,34.33333,0.37267,19.0,26.33333,0.73333,10.66667,39.33333,50.0,23.66667,7.66667,3.66667,11.0,17.0,110.66667,240.0,35.66667,89.66667,0.39667,12.0,38.66667,0.31633,13.0,16.33333,0.777,10.0,34.0,44.0,20.66667,6.66667,4.66667,11.33333,22.33333,96.33333,0,-0.20704,0.20704,0.27206,0.31563,0.46447,0.53631,0.51608,0.60632,,,,,,,0.0,,,,
248.33333,41.33333,88.33333,0.468,12.66667,31.66667,0.39933,16.66667,22.0,0.73633,8.66667,39.33333,48.0,22.33333,7.66667,5.33333,15.66667,18.66667,112.0,248.33333,39.33333,92.33333,0.42767,11.0,39.0,0.27433,15.66667,21.33333,0.72867,12.33333,34.0,46.33333,25.0,10.66667,4.66667,13.66667,20.0,105.33333,1,-0.086,0.086,0.31242,0.25718,0.486,0.53977,0.54355,0.59984,,,,,,,0.33333,240.0,39.0,81.33333,0.48,13.33333,37.66667,0.35633,17.0,19.0,0.90467,6.66667,35.33333,42.0,20.33333,7.33333,10.66667,14.0,18.33333,108.33333,240.0,38.33333,87.0,0.442,11.33333,33.66667,0.33333,16.33333,21.66667,0.766,8.0,31.66667,39.66667,20.0,7.66667,4.66667,11.33333,18.0,104.33333,1,-0.05377,0.05377,0.22892,0.22026,0.5077,0.56209,0.57019,0.63396,,,,,,,0.0,,,,
240.0,41.33333,82.66667,0.50567,11.66667,33.0,0.35633,16.0,22.33333,0.71267,11.33333,36.33333,47.66667,22.33333,4.66667,4.66667,15.0,13.33333,110.33333,240.0,38.33333,90.66667,0.42267,14.33333,44.0,0.32633,11.0,14.66667,0.75,12.0,29.0,41.0,22.66667,8.33333,3.66667,11.33333,21.33333,102.0,0,-0.10558,0.10558,0.34078,0.37374,0.50181,0.57882,0.54305,0.63704,,,,,,,0.33333,240.0,39.33333,77.0,0.51733,15.66667,33.0,0.47467,17.66667,21.66667,0.81233,9.0,33.66667,42.66667,28.33333,7.0,7.0,17.33333,17.0,112.0,240.0,36.66667,84.0,0.43667,11.0,34.33333,0.31267,11.0,15.0,0.72767,9.33333,25.0,34.33333,26.33333,7.0,3.66667,14.33333,18.0,95.33333,0,-0.23996,0.23996,0.2836,0.3509,0.50067,0.62149,0.54554,0.69453,,,,,,,0.0,,,,
240.0,40.66667,95.33333,0.427,12.33333,37.33333,0.34233,13.0,20.0,0.64833,13.0,32.66667,45.66667,24.33333,9.33333,5.66667,10.33333,20.0,106.66667,240.0,39.0,89.33333,0.44,12.0,37.33333,0.32,15.66667,19.33333,0.80833,12.66667,41.0,53.66667,23.33333,6.0,4.33333,14.66667,20.33333,105.66667,0,-0.01633,0.01633,0.39833,0.33119,0.50743,0.49215,0.5681,0.53585,,,,,,,0.33333,240.0,35.66667,95.33333,0.374,13.66667,45.66667,0.295,12.66667,17.0,0.74833,10.0,33.33333,43.33333,19.33333,6.0,2.66667,11.0,19.66667,97.66667,240.0,41.0,87.66667,0.46733,17.33333,40.33333,0.43067,18.66667,26.0,0.74633,11.33333,45.66667,57.0,25.33333,7.0,6.0,13.66667,19.33333,118.0,0,0.27605,-0.27605,0.34177,0.22508,0.56662,0.44514,0.63221,0.4925,,,,,,,1.0,,,,
256.66667,40.33333,92.33333,0.43567,12.66667,38.33333,0.332,17.66667,22.0,0.789,13.0,32.66667,45.66667,19.66667,5.0,5.33333,16.0,26.33333,111.0,256.66667,40.0,87.0,0.46067,9.33333,29.66667,0.309,25.66667,33.66667,0.75433,11.33333,34.66667,46.0,29.0,7.66667,5.33333,15.33333,26.33333,115.0,1,0.05305,-0.05305,0.3611,0.37671,0.51327,0.50429,0.61046,0.57099,,,,,,,0.66667,240.0,39.66667,85.0,0.46367,13.66667,36.0,0.377,20.0,24.33333,0.791,8.66667,34.33333,43.0,20.33333,5.33333,7.0,14.0,20.66667,113.0,240.0,39.33333,88.0,0.44733,9.0,31.0,0.27867,18.0,23.33333,0.76967,8.33333,31.33333,39.66667,20.66667,7.0,4.33333,12.0,20.66667,105.66667,1,-0.07744,0.07744,0.24169,0.30602,0.49718,0.54338,0.5663,0.62323,,,,,,,0.33333,,,,
240.0,38.33333,85.66667,0.44667,9.66667,29.33333,0.32733,17.66667,21.66667,0.82767,10.0,35.33333,45.33333,21.0,4.33333,5.33333,11.0,21.0,104.0,240.0,37.0,88.66667,0.419,9.33333,31.33333,0.30267,20.33333,24.0,0.83967,11.0,33.66667,44.66667,22.0,6.66667,4.66667,8.0,19.0,103.66667,1,-0.00994,0.00994,0.31151,0.30453,0.47186,0.5028,0.55365,0.57481,,,,,,,0.66667,240.0,40.0,90.66667,0.44233,10.33333,30.33333,0.34867,13.33333,17.33333,0.733,10.66667,34.33333,45.0,24.0,6.33333,5.0,8.33333,15.33333,103.66667,240.0,43.33333,93.0,0.46667,8.66667,25.0,0.35267,10.66667,15.0,0.72067,12.66667,36.66667,49.33333,25.33333,6.33333,5.33333,10.66667,15.33333,106.0,1,0.04263,-0.04263,0.38584,0.29195,0.51245,0.49934,0.55074,0.5494,,,,,,,0.66667,,,,
240.0,33.66667,85.66667,0.39367,11.0,41.0,0.268,14.33333,21.66667,0.661,8.66667,36.33333,45.0,18.66667,5.66667,5.0,16.66667,18.33333,92.66667,240.0,37.66667,87.0,0.43267,13.33333,38.33333,0.346,16.33333,20.33333,0.78533,8.0,42.33333,50.33333,20.66667,10.66667,5.66667,12.33333,22.0,105.0,1,0.18136,-0.18136,0.21828,0.22351,0.51099,0.45796,0.57636,0.51314,,,,,,,1.0,240.0,36.33333,85.0,0.43,12.33333,39.33333,0.31667,15.0,18.0,0.84467,7.0,37.0,44.0,17.33333,6.33333,8.0,12.66667,14.66667,100.0,240.0,38.66667,89.33333,0.43367,12.0,36.0,0.33533,12.0,17.33333,0.70067,7.66667,39.0,46.66667,20.66667,8.0,4.66667,10.33333,17.33333,101.33333,1,0.02423,-0.02423,0.20584,0.17742,0.50182,0.50241,0.54579,0.56484,,,,,,,0.33333,,,,
240.0,45.33333,88.33333,0.51333,18.0,36.33333,0.492,13.66667,17.33333,0.79633,9.0,37.33333,46.33333,29.33333,5.66667,7.0,11.66667,16.66667,122.33333,240.0,40.0,93.0,0.43133,13.0,37.0,0.348,14.0,18.0,0.77967,11.33333,30.66667,42.0,24.0,8.33333,5.33333,10.33333,18.0,107.0,1,-0.19217,0.19217,0.30212,0.29614,0.50056,0.6151,0.55235,0.66347,,,,,,,0.0,240.0,42.0,86.33333,0.48833,13.0,36.33333,0.36233,13.66667,19.33333,0.70033,6.33333,37.33333,43.66667,26.66667,9.0,5.33333,12.33333,19.66667,110.66667,240.0,37.33333,84.66667,0.44233,9.33333,33.66667,0.266,14.33333,19.66667,0.74567,5.33333,36.66667,42.0,22.33333,6.66667,4.0,13.0,16.66667,98.33333,1,-0.17109,0.17109,0.14054,0.17085,0.49608,0.56362,0.554,0.61284,,,,,,,0.33333,,,,
240.0,43.0,88.0,0.48833,20.0,49.66667,0.39967,12.33333,15.0,0.82767,9.0,36.66667,45.66667,23.0,8.33333,6.0,13.0,16.33333,118.33333,240.0,39.0,89.66667,0.436,15.33333,40.33333,0.38233,12.0,17.33333,0.69933,9.66667,32.33333,42.0,20.0,9.33333,4.0,13.33333,14.33333,105.33333,1,-0.16041,0.16041,0.27513,0.28681,0.52159,0.60216,0.5649,0.6481,,,,,,,0.0,256.66667,42.33333,94.0,0.44967,12.0,34.0,0.35167,14.0,17.0,0.822,11.66667,40.33333,52.0,22.33333,8.0,6.33333,14.66667,23.33333,110.66667,256.66667,39.33333,92.66667,0.42533,11.0,33.66667,0.32667,20.33333,25.33333,0.81267,11.0,35.0,46.0,26.66667,9.33333,6.33333,12.66667,20.0,110.0,1,-0.00534,0.00534,0.2749,0.35438,0.48484,0.51296,0.5607,0.56509,,,,,,,0.33333,,,,
240.0,43.33333,85.66667,0.50867,11.33333,29.33333,0.39,19.0,23.33333,0.81767,7.0,33.66667,40.66667,23.66667,8.33333,1.66667,12.66667,19.66667,117.0,240.0,39.66667,91.0,0.43767,10.33333,33.66667,0.30667,16.66667,22.66667,0.73833,13.33333,34.0,47.33333,20.0,7.0,2.0,15.0,19.33333,106.33333,0,-0.14095,0.14095,0.39489,0.20568,0.49387,0.5751,0.55517,0.64713,,,,,,,0.0,240.0,36.33333,88.33333,0.41267,12.0,34.33333,0.34433,16.33333,21.66667,0.74733,11.0,30.66667,41.66667,21.66667,8.0,4.33333,13.0,18.66667,101.0,240.0,42.66667,82.0,0.51967,16.33333,40.0,0.40267,16.0,21.33333,0.75,7.66667,37.66667,45.33333,31.33333,6.66667,5.66667,15.66667,19.33333,117.66667,0,0.22118,-0.22118,0.25458,0.28898,0.62029,0.47963,0.67929,0.54474,,,,,,,1.0,,,,
240.0,38.33333,86.66667,0.44167,12.66667,38.33333,0.33033,17.0,20.33333,0.84867,9.33333,29.33333,38.66667,24.0,8.0,2.33333,11.66667,18.0,106.33333,240.0,46.33333,87.66667,0.52833,14.33333,36.66667,0.38767,15.33333,21.33333,0.73733,13.0,33.66667,46.66667,27.0,7.0,3.33333,12.66667,18.0,122.33333,0,0.20913,-0.20913,0.44444,0.28868,0.61,0.51495,0.66216,0.58229,,,,,,,1.0,240.0,40.0,92.33333,0.433,10.66667,32.33333,0.33567,16.66667,20.33333,0.82367,12.0,32.66667,44.66667,26.0,8.66667,3.66667,11.0,20.33333,107.33333,240.0,40.66667,82.33333,0.49467,16.66667,37.0,0.45333,16.0,21.66667,0.73333,8.66667,34.66667,43.33333,22.33333,6.66667,7.33333,16.33333,22.33333,114.0,0,0.08249,-0.08249,0.26422,0.34423,0.59591,0.4908,0.65465,0.55356,,,,,,,0.33333,,,,
265.0,46.66667,103.66667,0.449,13.33333,38.66667,0.353,15.66667,21.66667,0.74433,15.66667,34.33333,50.0,27.66667,9.66667,4.0,14.0,21.66667,122.33333,265.0,43.66667,93.33333,0.46867,12.66667,42.33333,0.29867,17.0,21.0,0.82933,11.66667,32.66667,44.33333,25.0,8.0,6.0,17.66667,20.33333,117.0,1,-0.05658,0.05658,0.3466,0.51193,0.53615,0.51331,0.59737,0.56418,,,,,,,0.33333,248.33333,35.33333,87.33333,0.405,8.66667,34.0,0.25,20.33333,23.66667,0.86833,11.0,33.33333,44.33333,20.0,8.33333,4.66667,13.0,21.0,99.66667,248.33333,36.66667,83.66667,0.44033,11.0,33.0,0.33867,18.33333,22.0,0.83233,10.33333,37.33333,47.66667,20.33333,6.33333,3.0,15.33333,22.0,102.66667,1,0.04724,-0.04724,0.31337,0.29349,0.50653,0.45417,0.58179,0.53818,,,,,,,0.66667,,,,
240.0,40.0,90.0,0.44433,8.33333,30.0,0.268,10.33333,14.0,0.73367,7.66667,36.0,43.66667,28.0,9.0,5.0,13.33333,14.66667,98.66667,240.0,35.66667,84.33333,0.422,15.0,40.33333,0.366,15.0,18.0,0.82467,8.66667,38.0,46.66667,21.66667,7.33333,6.0,16.66667,16.66667,101.33333,1,0.03338,-0.03338,0.24967,0.20885,0.51052,0.49024,0.57262,0.52995,,,,,,,0.66667,240.0,33.66667,82.33333,0.409,9.66667,29.33333,0.33067,21.33333,26.66667,0.81167,8.0,30.66667,38.66667,21.0,8.33333,4.0,14.0,16.66667,98.33333,240.0,44.66667,86.33333,0.518,15.33333,38.0,0.402,12.66667,17.33333,0.736,8.66667,38.0,46.66667,31.0,8.0,6.0,15.66667,23.0,117.33333,1,0.25561,-0.25561,0.28906,0.21014,0.60678,0.46709,0.65177,0.55749,,,,,,,1.0,,,,
240.0,41.66667,89.0,0.46733,17.33333,44.66667,0.39067,13.33333,15.66667,0.858,11.66667,35.33333,47.0,21.0,8.0,5.33333,12.33333,15.0,114.0,240.0,40.0,88.33333,0.453,13.0,35.0,0.36933,12.66667,18.66667,0.69,9.33333,32.0,41.33333,20.33333,9.0,4.66667,11.0,13.33333,105.66667,1,-0.1075,0.1075,0.27388,0.38822,0.52693,0.56505,0.57237,0.61622,,,,,,,0.0,240.0,36.33333,85.0,0.42867,16.33333,42.66667,0.37,17.66667,23.0,0.78067,7.66667,37.66667,45.33333,27.66667,5.66667,4.33333,14.66667,21.0,106.66667,240.0,37.66667,91.0,0.41533,14.66667,43.33333,0.33633,17.66667,22.0,0.80833,13.0,36.66667,49.66667,23.66667,9.0,5.66667,12.33333,22.66667,107.66667,1,0.01787,-0.01787,0.34762,0.21226,0.49466,0.52523,0.56235,0.59437,,,,,,,0.66667,,,,
240.0,35.33333,84.0,0.42167,9.0,26.66667,0.342,17.0,20.0,0.85967,9.0,34.0,43.0,20.66667,7.0,4.0,15.0,18.66667,96.66667,240.0,40.0,86.0,0.465,14.0,37.0,0.379,13.0,17.66667,0.73767,9.0,33.66667,42.66667,24.66667,7.66667,6.33333,12.33333,21.0,107.0,0,0.1435,-0.1435,0.275,0.27026,0.54623,0.47575,0.59492,0.54901,,,,,,,0.66667,240.0,39.66667,92.66667,0.428,11.33333,33.33333,0.347,16.0,19.0,0.84767,12.0,29.33333,41.33333,25.0,9.33333,3.66667,10.66667,18.0,106.66667,240.0,40.33333,82.33333,0.49033,16.33333,40.66667,0.40067,14.33333,18.66667,0.78333,9.66667,35.33333,45.0,25.66667,6.33333,9.0,18.0,20.0,111.33333,0,0.06045,-0.06045,0.34768,0.3366,0.58966,0.48913,0.64452,0.54993,,,,,,,0.33333,,,,
240.0,39.0,79.0,0.5,12.33333,31.33333,0.43067,17.66667,20.66667,0.84933,7.66667,40.33333,48.0,25.33333,6.66667,6.33333,17.33333,18.0,108.0,240.0,36.33333,85.66667,0.424,12.0,36.0,0.33567,12.0,17.66667,0.644,8.0,28.0,36.0,23.33333,7.66667,4.66667,10.66667,17.33333,96.66667,1,-0.16471,0.16471,0.19944,0.27193,0.49427,0.58061,0.53986,0.65576,,,,,,,0.33333,240.0,38.33333,86.66667,0.443,11.0,31.66667,0.34667,17.66667,23.33333,0.75967,9.33333,28.0,37.33333,19.0,7.0,4.33333,11.33333,23.66667,105.33333,240.0,39.0,86.0,0.456,10.0,32.66667,0.31,19.0,23.66667,0.79967,14.33333,36.33333,50.66667,26.33333,6.0,5.0,16.66667,20.66667,107.0,1,0.02166,-0.02166,0.50617,0.27791,0.51525,0.50576,0.59109,0.57413,,,,,,,0.66667,,,,
248.33333,44.33333,92.66667,0.479,19.66667,46.66667,0.42467,20.66667,24.0,0.85567,8.0,28.33333,36.33333,28.0,8.33333,7.66667,12.0,19.33333,129.0,248.33333,50.0,92.66667,0.54067,17.0,38.33333,0.44167,18.33333,25.33333,0.723,8.0,34.33333,42.33333,33.33333,6.0,3.33333,12.0,21.33333,135.33333,1,0.07111,-0.07111,0.29331,0.24612,0.63196,0.58586,0.68914,0.65898,,,,,,,1.0,240.0,37.66667,86.66667,0.43667,10.0,29.66667,0.35033,14.0,17.66667,0.807,10.0,36.33333,46.33333,22.0,6.0,4.0,9.66667,18.66667,99.33333,240.0,35.33333,85.0,0.417,11.0,33.0,0.33733,18.0,22.0,0.82933,10.66667,37.0,47.66667,21.0,6.33333,5.0,9.33333,17.66667,99.66667,1,-0.00176,0.00176,0.29272,0.27208,0.48215,0.4948,0.55814,0.55095,,,,,,,0.33333,,,,
240.0,37.0,82.0,0.45167,11.66667,39.33333,0.29733,14.33333,19.66667,0.72567,8.66667,37.33333,46.0,23.33333,4.66667,5.66667,14.0,23.0,100.0,240.0,33.33333,82.0,0.408,10.66667,33.0,0.31567,22.0,26.33333,0.84533,7.33333,33.0,40.33333,17.66667,8.0,5.33333,9.66667,18.33333,99.33333,1,-0.0082,0.0082,0.19786,0.26419,0.47337,0.52339,0.56782,0.58045,,,,,,,0.33333,240.0,38.66667,88.0,0.44033,11.0,34.0,0.32133,16.0,20.66667,0.77733,9.66667,37.33333,47.0,23.66667,7.66667,5.33333,10.0,18.0,104.33333,240.0,36.66667,85.33333,0.43067,14.0,41.0,0.34933,15.66667,18.66667,0.824,8.66667,35.0,43.66667,24.66667,5.66667,6.0,11.66667,18.0,103.0,1,-0.01391,0.01391,0.22872,0.28571,0.51256,0.50317,0.57606,0.56414,,,,,,,0.66667,,,,
240.0,43.33333,87.66667,0.49533,11.0,32.0,0.34067,16.33333,20.33333,0.80833,8.66667,38.66667,47.33333,29.66667,5.66667,4.66667,10.33333,22.66667,114.0,240.0,35.33333,91.33333,0.387,11.33333,46.0,0.24767,23.0,26.33333,0.86933,13.0,32.66667,45.66667,23.33333,6.0,4.0,9.0,18.33333,105.0,0,-0.11605,0.11605,0.34162,0.27144,0.44881,0.55801,0.54021,0.61885,,,,,,,0.0,240.0,37.66667,89.0,0.42333,10.0,39.33333,0.259,19.0,24.0,0.798,12.0,34.66667,46.66667,19.66667,8.33333,8.0,12.33333,20.33333,104.33333,240.0,41.0,89.33333,0.46133,16.33333,44.33333,0.371,14.33333,18.33333,0.76533,9.33333,36.0,45.33333,29.33333,5.66667,4.33333,12.33333,19.33333,112.66667,0,0.11637,-0.11637,0.28031,0.39806,0.55352,0.47974,0.60729,0.55423,,,,,,,1.0,,,,
265.0,44.33333,101.66667,0.43767,12.66667,41.66667,0.30667,20.66667,28.66667,0.736,11.66667,36.0,47.66667,25.66667,8.0,4.33333,10.66667,20.0,122.0,265.0,49.33333,102.0,0.48367,12.33333,38.0,0.32133,15.66667,21.33333,0.738,13.33333,42.66667,56.0,32.33333,7.0,7.66667,13.0,22.33333,126.66667,0,0.06385,-0.06385,0.38392,0.27397,0.54393,0.50096,0.59306,0.56972,,,,,,,0.33333,248.33333,42.33333,87.33333,0.48633,13.0,35.0,0.371,19.66667,25.33333,0.77033,10.33333,33.0,43.33333,25.0,6.66667,6.33333,14.0,20.0,117.33333,248.33333,45.33333,91.66667,0.498,16.33333,38.33333,0.42267,14.0,17.66667,0.78767,9.33333,31.0,40.33333,28.33333,6.0,5.66667,13.66667,21.0,121.0,0,0.04062,-0.04062,0.27871,0.32585,0.58695,0.5622,0.63819,0.6364,,,,,,,0.33333,,,,
240.0,44.33333,91.66667,0.48567,13.33333,33.33333,0.39567,14.66667,17.33333,0.81933,10.33333,35.33333,45.66667,25.66667,10.0,3.33333,12.33333,22.0,116.66667,240.0,37.0,82.0,0.45033,12.66667,35.0,0.35633,18.0,24.0,0.75767,6.33333,33.66667,40.0,23.0,5.66667,5.33333,15.0,18.0,104.66667,1,-0.16621,0.16621,0.18427,0.31569,0.52697,0.5591,0.59907,0.61325,,,,,,,0.33333,240.0,38.66667,84.66667,0.461,11.33333,34.33333,0.342,17.0,24.33333,0.70033,9.0,35.33333,44.33333,24.0,7.66667,4.33333,15.0,19.0,105.66667,240.0,34.66667,84.0,0.41467,15.0,38.0,0.396,18.66667,23.0,0.80967,9.33333,37.33333,46.66667,20.33333,8.66667,4.33333,13.66667,22.0,103.0,1,-0.03337,0.03337,0.26782,0.23741,0.50531,0.5284,0.58192,0.59168,,,,,,,0.66667,,,,
240.0,42.0,79.33333,0.531,16.0,37.33333,0.42433,12.0,15.66667,0.82533,4.66667,32.66667,37.33333,28.0,5.66667,3.66667,13.33333,18.66667,112.0,240.0,40.66667,86.66667,0.47133,11.0,37.0,0.28767,13.66667,18.33333,0.738,9.66667,29.66667,39.33333,27.0,5.66667,3.33333,10.66667,15.0,106.0,0,-0.0783,0.0783,0.3,0.18161,0.5337,0.63185,0.58565,0.67856,,,,,,,0.33333,240.0,39.66667,88.0,0.45033,15.0,36.66667,0.41033,17.33333,20.33333,0.85433,8.33333,34.66667,43.0,24.33333,9.0,7.33333,10.0,16.0,111.66667,240.0,40.66667,85.0,0.47667,10.33333,32.33333,0.321,13.0,18.33333,0.698,6.66667,35.33333,42.0,23.33333,5.0,3.66667,13.66667,18.33333,104.66667,0,-0.12732,0.12732,0.21565,0.23849,0.53706,0.53595,0.58567,0.6038,,,,,,,0.33333,,,,
248.33333,43.33333,85.0,0.51167,12.0,34.33333,0.34567,15.33333,18.0,0.84567,9.66667,28.66667,38.33333,25.0,8.0,4.0,14.0,21.0,114.0,248.33333,37.0,83.0,0.447,11.66667,32.66667,0.35933,17.0,21.0,0.80833,12.0,28.33333,40.33333,19.0,6.66667,2.0,15.0,17.0,102.66667,1,-0.13076,0.13076,0.43269,0.38022,0.51769,0.58219,0.58718,0.64364,,,,,,,0.33333,240.0,36.66667,87.33333,0.41767,11.0,35.66667,0.328,19.66667,26.66667,0.745,9.66667,31.66667,41.33333,21.33333,5.0,6.0,13.0,15.66667,104.0,240.0,49.0,97.0,0.50433,14.66667,37.66667,0.39233,14.0,19.0,0.73633,12.66667,39.66667,52.33333,32.66667,9.33333,9.0,10.66667,19.66667,126.66667,1,0.29513,-0.29513,0.46872,0.25783,0.57992,0.48174,0.62534,0.55797,,,,,,,0.66667,,,,
248.33333,38.33333,80.66667,0.473,9.0,24.0,0.38733,20.66667,26.0,0.79667,9.33333,30.0,39.33333,24.0,7.0,5.0,13.0,20.66667,106.33333,248.33333,39.33333,82.0,0.47967,10.0,23.33333,0.427,22.66667,27.0,0.84467,10.0,31.33333,41.33333,23.0,7.33333,5.0,12.66667,23.33333,111.33333,0,0.07345,-0.07345,0.36936,0.30961,0.54134,0.52843,0.63393,0.61372,,,,,,,0.66667,240.0,43.33333,83.66667,0.52567,11.66667,31.0,0.374,14.0,18.66667,0.7,9.33333,37.0,46.33333,21.66667,5.0,5.66667,13.0,17.33333,112.33333,240.0,37.0,87.66667,0.42367,14.33333,40.0,0.35767,13.66667,16.66667,0.82333,8.66667,29.66667,38.33333,23.33333,6.66667,3.66667,9.66667,18.33333,102.0,0,-0.14249,0.14249,0.2331,0.31411,0.50504,0.59806,0.55973,0.6476,,,,,,,0.0,,,,
240.0,35.66667,86.33333,0.41467,10.66667,31.0,0.34767,19.66667,23.66667,0.83667,10.66667,36.33333,47.0,22.0,6.33333,4.66667,14.66667,20.33333,101.66667,240.0,41.66667,85.33333,0.491,10.66667,30.33333,0.38033,16.33333,22.33333,0.74767,7.66667,39.0,46.66667,27.0,9.33333,5.0,13.33333,21.66667,110.33333,0,0.11878,-0.11878,0.21176,0.27329,0.55386,0.47662,0.61376,0.55702,,,,,,,1.0,240.0,41.0,83.33333,0.49233,13.0,32.33333,0.40033,13.33333,16.0,0.82433,5.33333,33.66667,39.0,27.33333,7.66667,4.66667,13.33333,18.0,108.33333,240.0,38.0,83.33333,0.455,14.0,35.66667,0.393,16.66667,20.0,0.82167,8.33333,32.33333,40.66667,22.33333,8.66667,6.66667,13.0,19.66667,106.66667,0,-0.03955,0.03955,0.2543,0.16618,0.53906,0.57056,0.6072,0.62433,,,,,,,0.66667,,,,
240.0,38.0,82.0,0.46267,8.0,23.66667,0.359,15.66667,21.0,0.728,9.0,28.66667,37.66667,23.66667,6.66667,3.33333,9.33333,18.66667,99.66667,240.0,43.33333,86.33333,0.50133,8.33333,21.33333,0.39433,16.33333,20.66667,0.77667,12.66667,33.33333,46.0,25.0,5.66667,5.66667,11.0,19.66667,111.33333,1,0.16194,-0.16194,0.47501,0.27628,0.54982,0.51146,0.61334,0.57703,,,,,,,1.0,240.0,40.33333,83.33333,0.48333,9.33333,28.33333,0.331,21.66667,28.66667,0.75633,10.0,37.33333,47.33333,24.33333,8.66667,7.33333,13.33333,17.66667,111.66667,240.0,39.66667,93.33333,0.42467,13.33333,39.66667,0.33433,11.0,13.66667,0.81733,11.0,31.0,42.0,23.33333,7.33333,4.66667,13.66667,24.33333,103.66667,1,-0.10919,0.10919,0.30216,0.33843,0.49553,0.53936,0.53745,0.62267,,,,,,,0.0,,,,
240.0,37.33333,85.0,0.43967,11.33333,39.33333,0.289,11.0,15.33333,0.71667,11.33333,35.33333,46.66667,22.33333,6.0,5.33333,17.33333,20.0,97.0,240.0,37.66667,83.33333,0.45233,9.33333,29.0,0.322,17.33333,22.66667,0.724,8.66667,31.66667,40.33333,21.0,10.0,4.66667,11.0,15.33333,102.0,1,0.07339,-0.07339,0.24019,0.3741,0.50849,0.50607,0.57951,0.54907,,,,,,,0.66667,240.0,43.33333,87.0,0.49833,15.0,37.66667,0.395,13.0,14.33333,0.92533,11.0,31.33333,42.33333,27.0,10.33333,5.0,14.33333,17.66667,114.66667,240.0,37.33333,84.0,0.44567,12.66667,38.33333,0.331,16.33333,20.33333,0.798,11.33333,27.66667,39.0,23.0,9.66667,4.33333,15.0,16.0,103.66667,1,-0.1492,0.1492,0.3635,0.39387,0.52116,0.58529,0.58661,0.63663,,,,,,,0.0,,,,
240.0,35.0,78.66667,0.44567,12.66667,37.0,0.339,20.0,26.66667,0.75933,8.33333,34.0,42.33333,23.33333,9.33333,2.0,15.66667,21.0,102.66667,240.0,37.0,86.0,0.43167,13.0,44.0,0.29067,16.0,18.66667,0.85733,11.33333,33.33333,44.66667,22.66667,7.66667,4.0,17.33333,23.0,103.0,1,0.00022,-0.00022,0.33927,0.27096,0.5062,0.52622,0.57145,0.60805,,,,,,,0.33333,240.0,42.33333,88.33333,0.47967,10.33333,32.66667,0.31567,14.66667,18.66667,0.79267,11.0,33.66667,44.66667,22.66667,6.33333,4.66667,12.0,15.66667,109.66667,240.0,43.0,93.0,0.46233,11.0,39.0,0.284,11.33333,14.33333,0.79367,12.33333,33.66667,46.0,25.0,6.66667,3.33333,11.66667,19.33333,108.33333,1,-0.01476,0.01476,0.38338,0.3246,0.52131,0.53842,0.56341,0.594,,,,,,,0.33333,,,,
240.0,39.33333,86.66667,0.45433,12.33333,35.0,0.34967,11.66667,17.66667,0.659,7.33333,32.0,39.33333,22.66667,8.33333,5.0,13.66667,19.66667,102.66667,240.0,41.66667,86.66667,0.47933,10.66667,30.0,0.33967,12.0,16.66667,0.7,10.66667,37.33333,48.0,21.66667,7.0,4.66667,14.0,18.33333,106.0,1,0.03369,-0.03369,0.33329,0.19688,0.53988,0.52567,0.58513,0.56773,,,,,,,0.66667,240.0,44.0,92.33333,0.477,10.0,24.33333,0.41,16.33333,20.33333,0.821,10.66667,33.66667,44.33333,23.0,8.66667,4.66667,11.66667,18.33333,114.33333,240.0,42.33333,87.0,0.48767,11.66667,28.66667,0.413,18.66667,24.33333,0.77533,9.0,32.33333,41.33333,23.0,7.66667,5.0,13.33333,20.0,115.0,1,0.00886,-0.00886,0.2685,0.33442,0.55431,0.53046,0.62351,0.59012,,,,,,,0.66667,,,,
240.0,41.0,85.66667,0.47767,14.0,33.33333,0.415,13.33333,19.0,0.699,9.66667,36.66667,46.33333,23.33333,10.0,5.0,17.33333,16.33333,109.33333,240.0,38.0,89.66667,0.425,10.0,38.33333,0.25567,12.33333,18.0,0.679,14.0,32.0,46.0,23.66667,12.66667,4.0,15.0,17.33333,98.33333,1,-0.14997,0.14997,0.38484,0.30323,0.47986,0.55957,0.52644,0.60751,,,,,,,0.33333,240.0,37.66667,81.66667,0.46267,10.0,29.66667,0.335,13.0,20.33333,0.659,12.0,34.66667,46.66667,23.33333,7.0,3.66667,14.0,21.0,98.33333,240.0,36.66667,88.33333,0.41833,14.33333,43.33333,0.336,15.33333,19.33333,0.79467,12.66667,31.0,43.66667,22.66667,6.66667,3.66667,8.66667,18.33333,103.0,1,0.05693,-0.05693,0.42381,0.37767,0.50034,0.52373,0.56051,0.57218,,,,,,,0.33333,,,,
240.0,37.0,86.0,0.43367,10.66667,31.0,0.34467,15.33333,21.33333,0.729,14.66667,36.33333,51.0,21.33333,11.33333,7.0,19.33333,18.66667,100.0,240.0,34.0,86.33333,0.398,10.33333,34.66667,0.29267,12.0,16.0,0.75267,10.66667,30.0,40.66667,19.66667,9.33333,5.33333,18.0,20.33333,90.33333,1,-0.14579,0.14579,0.28823,0.48477,0.45634,0.49564,0.50604,0.5539,,,,,,,0.0,248.33333,41.0,90.0,0.45533,12.0,34.33333,0.35,15.66667,20.33333,0.752,8.33333,34.33333,42.66667,23.66667,8.0,3.0,14.66667,22.33333,109.66667,248.33333,37.33333,85.33333,0.439,12.0,37.0,0.30633,16.0,23.33333,0.68833,10.33333,35.66667,46.0,21.33333,7.33333,5.66667,16.66667,20.66667,102.66667,1,-0.09903,0.09903,0.30034,0.23649,0.50899,0.52237,0.56896,0.58096,,,,,,,0.0,,,,
240.0,36.66667,79.66667,0.46033,11.33333,32.0,0.33967,16.33333,20.66667,0.80667,10.0,34.33333,44.33333,21.66667,9.0,3.66667,15.0,19.33333,101.0,240.0,35.0,80.33333,0.43767,12.0,36.33333,0.332,13.0,15.66667,0.809,9.0,28.33333,37.33333,23.33333,6.33333,4.33333,17.66667,19.0,95.0,0,-0.09077,0.09077,0.26912,0.36286,0.51233,0.53102,0.56927,0.59977,,,,,,,0.33333,240.0,32.66667,86.66667,0.37733,8.33333,34.0,0.244,20.33333,26.33333,0.76567,13.66667,27.0,40.66667,22.0,7.0,4.66667,14.0,19.33333,94.0,240.0,43.66667,86.33333,0.505,17.0,42.0,0.39833,15.66667,20.33333,0.78233,13.33333,30.66667,44.0,26.0,8.33333,8.33333,14.0,22.33333,120.0,0,0.34462,-0.34462,0.51336,0.4756,0.60272,0.42512,0.65882,0.5088,,,,,,,1.0,,,,
240.0,40.0,86.33333,0.46267,9.33333,28.66667,0.32367,18.0,23.0,0.79,10.33333,30.66667,41.0,22.33333,6.66667,7.0,13.66667,17.0,107.33333,240.0,44.0,91.0,0.492,10.0,26.33333,0.37667,14.33333,17.33333,0.82267,10.0,35.33333,45.33333,25.0,9.33333,7.33333,12.33333,20.33333,112.33333,0,0.07322,-0.07322,0.31731,0.30686,0.54959,0.51647,0.60528,0.58609,,,,,,,0.33333,240.0,39.0,82.66667,0.47733,14.33333,35.66667,0.40533,17.33333,23.0,0.755,11.0,30.0,41.0,25.33333,8.0,3.66667,16.66667,18.66667,109.66667,240.0,39.33333,81.33333,0.48433,14.33333,37.66667,0.36067,11.66667,14.66667,0.80267,8.33333,30.66667,39.0,30.0,6.33333,4.33333,17.33333,20.0,104.66667,0,-0.07171,0.07171,0.27757,0.35675,0.57243,0.56561,0.62077,0.63192,,,,,,,0.33333,,,,
240.0,37.66667,80.33333,0.469,15.0,38.66667,0.39267,16.66667,21.33333,0.8,7.33333,30.66667,38.0,24.0,8.0,3.0,14.66667,22.0,107.0,240.0,37.0,84.66667,0.43867,12.66667,43.33333,0.28633,20.33333,25.0,0.82433,12.33333,33.66667,46.0,22.0,7.66667,4.66667,16.66667,21.66667,107.0,0,0.0004,-0.0004,0.40028,0.22823,0.51205,0.56285,0.59401,0.63032,,,,,,,0.33333,240.0,37.0,91.66667,0.406,14.33333,45.66667,0.308,15.0,19.33333,0.772,9.0,33.33333,42.33333,20.66667,7.0,4.66667,13.0,18.66667,103.33333,240.0,44.0,91.66667,0.48,15.66667,39.0,0.402,17.66667,22.33333,0.79933,10.66667,41.33333,52.0,26.66667,8.33333,4.66667,13.33333,20.0,121.33333,0,0.24519,-0.24519,0.32156,0.21204,0.56554,0.48515,0.62814,0.54181,,,,,,,1.0,,,,
256.66667,40.66667,91.33333,0.44467,13.66667,38.0,0.36267,19.0,24.0,0.778,12.33333,34.33333,46.66667,22.33333,7.0,4.0,17.66667,26.0,114.0,256.66667,37.33333,83.66667,0.448,12.0,35.0,0.32967,27.0,36.0,0.74267,10.66667,33.0,43.66667,26.0,8.66667,5.66667,17.33333,27.0,113.66667,1,-0.00281,0.00281,0.31326,0.37246,0.51942,0.51977,0.62227,0.59076,,,,,,,0.33333,240.0,42.66667,85.33333,0.509,12.0,32.66667,0.36533,16.33333,21.66667,0.73967,9.33333,35.66667,45.0,22.66667,5.66667,5.0,13.33333,20.0,113.66667,240.0,38.66667,84.33333,0.45967,13.66667,38.66667,0.351,19.0,22.33333,0.84533,6.66667,32.66667,39.33333,24.66667,7.33333,3.0,10.66667,20.0,110.0,1,-0.046,0.046,0.18573,0.303,0.53993,0.58194,0.61773,0.6402,,,,,,,0.33333,,,,
240.0,41.66667,85.0,0.499,16.33333,36.66667,0.441,10.33333,13.66667,0.80967,8.33333,34.33333,42.66667,30.66667,5.66667,3.0,11.66667,18.0,110.0,240.0,39.66667,90.0,0.44067,13.33333,39.66667,0.33733,13.66667,18.66667,0.72567,13.66667,31.0,44.66667,26.66667,4.33333,3.66667,10.33333,15.0,106.33333,1,-0.04501,0.04501,0.40131,0.26808,0.51428,0.598,0.56476,0.63688,,,,,,,0.33333,240.0,44.33333,89.0,0.50533,11.66667,36.33333,0.32733,16.66667,24.33333,0.71033,14.33333,28.33333,42.66667,25.33333,8.66667,4.66667,16.0,20.66667,117.0,240.0,40.33333,91.0,0.44233,10.33333,32.66667,0.31767,19.0,22.0,0.86933,14.33333,29.66667,44.0,26.33333,9.66667,3.0,14.66667,20.33333,110.0,1,-0.08587,0.08587,0.5169,0.50795,0.49928,0.57181,0.57216,0.63025,,,,,,,0.33333,,,,
240.0,41.0,88.0,0.46533,13.33333,33.0,0.399,14.66667,17.66667,0.84633,11.66667,36.33333,48.0,23.0,5.33333,3.33333,10.0,19.0,110.0,240.0,38.33333,90.0,0.42767,9.66667,32.0,0.30533,17.33333,21.66667,0.79333,11.66667,32.66667,44.33333,25.0,6.66667,5.66667,8.33333,16.33333,103.66667,0,-0.0874,0.0874,0.32073,0.37221,0.48117,0.54049,0.54872,0.59767,,,,,,,0.33333,240.0,44.0,84.0,0.52433,10.33333,28.0,0.389,15.33333,18.66667,0.82467,10.33333,29.66667,40.0,25.33333,7.66667,3.66667,12.66667,18.33333,113.66667,240.0,38.66667,84.66667,0.45833,10.0,34.66667,0.30267,19.33333,23.66667,0.821,12.33333,29.0,41.33333,22.0,7.66667,5.0,13.33333,20.0,106.66667,0,-0.09397,0.09397,0.44684,0.35354,0.51709,0.58642,0.59576,0.64607,,,,,,,0.33333,,,,
240.0,35.66667,82.33333,0.43367,16.0,42.33333,0.37633,11.66667,16.66667,0.67633,9.66667,31.0,40.66667,26.66667,5.0,4.0,14.66667,16.66667,99.0,240.0,38.33333,86.0,0.44533,15.33333,41.0,0.376,16.33333,18.33333,0.88933,10.33333,34.33333,44.66667,27.33333,6.0,4.0,12.33333,19.0,108.33333,1,0.12273,-0.12273,0.34444,0.28356,0.53434,0.53119,0.60118,0.57647,,,,,,,0.66667,240.0,43.0,83.66667,0.51333,12.66667,33.0,0.383,13.66667,17.66667,0.77967,4.33333,36.33333,40.66667,26.33333,9.0,3.33333,13.33333,19.66667,112.33333,240.0,36.33333,83.66667,0.43567,7.66667,31.33333,0.24233,18.0,23.33333,0.78067,6.0,34.33333,40.33333,23.0,6.33333,4.33333,13.66667,16.0,98.33333,1,-0.19325,0.19325,0.1681,0.13211,0.48115,0.5886,0.55506,0.64086,,,,,,,0.33333,,,,
240.0,38.66667,84.0,0.462,11.33333,29.33333,0.39,20.33333,25.66667,0.80333,7.0,31.0,38.0,22.66667,9.66667,2.0,12.0,17.0,109.0,240.0,40.33333,89.33333,0.453,12.66667,33.66667,0.36633,14.0,18.33333,0.76167,12.66667,37.0,49.66667,22.66667,7.66667,4.66667,17.0,21.33333,107.33333,0,-0.02125,0.02125,0.40421,0.1839,0.52295,0.52921,0.57598,0.6105,,,,,,,0.33333,240.0,41.33333,86.66667,0.47533,12.0,33.33333,0.359,18.0,20.33333,0.87833,12.66667,33.66667,46.33333,25.66667,8.66667,3.0,13.33333,17.66667,112.66667,240.0,39.66667,83.0,0.48067,15.33333,34.66667,0.44233,13.33333,16.33333,0.77933,8.33333,31.0,39.33333,21.33333,7.33333,3.33333,14.0,17.0,108.0,0,-0.05871,0.05871,0.2456,0.41247,0.5728,0.54416,0.62702,0.61761,,,,,,,0.66667,,,,
240.0,40.66667,90.33333,0.44967,12.0,35.66667,0.33767,17.0,21.66667,0.77633,10.66667,30.0,40.66667,23.0,5.66667,2.0,10.33333,19.0,110.33333,240.0,46.33333,87.33333,0.53033,14.33333,38.66667,0.367,17.0,24.33333,0.70733,11.0,33.66667,44.66667,27.33333,6.0,4.0,11.33333,19.66667,124.0,0,0.17094,-0.17094,0.36667,0.32677,0.61235,0.51603,0.6687,0.57943,,,,,,,1.0,240.0,35.33333,81.66667,0.43133,10.33333,31.66667,0.332,20.0,25.33333,0.801,8.33333,32.0,40.33333,21.66667,9.33333,3.66667,15.66667,17.33333,101.0,240.0,42.66667,89.66667,0.47567,17.33333,39.33333,0.44,14.33333,20.66667,0.70233,9.66667,36.66667,46.33333,28.0,10.0,4.0,14.33333,22.0,117.0,0,0.21307,-0.21307,0.30499,0.22914,0.57275,0.49471,0.62117,0.57875,,,,,,,0.66667,,,,
265.0,44.66667,100.33333,0.44633,13.0,40.33333,0.323,18.33333,24.66667,0.755,14.33333,32.66667,47.0,26.33333,8.66667,2.66667,13.33333,21.33333,120.66667,265.0,46.33333,94.66667,0.49,11.33333,37.0,0.303,15.66667,20.66667,0.76567,12.0,33.0,45.0,29.0,8.33333,7.33333,15.66667,22.0,119.66667,0,-0.00289,0.00289,0.38125,0.46657,0.54984,0.51188,0.60372,0.57374,,,,,,,0.33333,240.0,41.33333,84.66667,0.48033,12.66667,31.66667,0.41233,17.0,21.33333,0.79633,9.33333,27.0,36.33333,24.0,6.0,4.66667,13.66667,16.33333,112.33333,240.0,46.33333,89.66667,0.51467,13.33333,34.33333,0.38467,15.66667,21.0,0.74267,11.66667,31.33333,43.0,31.0,10.0,6.33333,12.33333,18.0,121.66667,0,0.12884,-0.12884,0.50201,0.3102,0.58785,0.55512,0.64324,0.62218,,,,,,,0.33333,,,,
240.0,40.33333,87.66667,0.45933,10.66667,34.33333,0.30667,14.0,18.0,0.77633,9.33333,35.66667,45.0,27.33333,9.0,5.0,12.0,14.66667,105.33333,240.0,36.66667,86.0,0.425,15.33333,40.66667,0.37167,13.0,17.66667,0.744,10.33333,34.0,44.33333,25.0,6.33333,5.66667,14.0,18.33333,101.66667,0,-0.0567,0.0567,0.30037,0.27321,0.51411,0.51943,0.56445,0.57362,,,,,,,0.33333,240.0,35.0,85.33333,0.412,12.0,35.0,0.34867,16.66667,22.66667,0.73233,11.33333,31.66667,43.0,21.66667,6.0,4.0,14.66667,19.0,98.66667,240.0,44.0,84.33333,0.52233,11.66667,29.0,0.42567,15.0,20.0,0.70867,8.0,35.33333,43.33333,28.33333,9.0,3.33333,12.33333,17.33333,114.66667,0,0.21308,-0.21308,0.25415,0.34415,0.59181,0.48218,0.64636,0.548,,,,,,,1.0,,,,
248.33333,42.33333,89.66667,0.47567,13.33333,35.66667,0.36333,12.0,15.66667,0.815,8.33333,33.66667,42.0,29.33333,9.0,4.0,11.0,18.33333,110.0,248.33333,41.0,89.66667,0.457,12.0,35.0,0.346,13.33333,17.66667,0.75333,13.0,34.0,47.0,26.66667,6.33333,5.0,14.66667,16.33333,107.33333,0,-0.03218,0.03218,0.38702,0.25265,0.52374,0.55127,0.57367,0.59539,,,,,,,0.33333,240.0,39.33333,91.66667,0.42967,12.33333,34.33333,0.35267,11.66667,15.66667,0.72567,13.66667,34.0,47.66667,22.66667,5.33333,5.0,8.66667,18.0,102.66667,240.0,42.66667,90.33333,0.472,8.66667,24.33333,0.36033,13.0,18.33333,0.704,12.0,37.0,49.0,26.33333,5.33333,5.33333,10.0,16.0,107.0,0,0.06783,-0.06783,0.37076,0.38889,0.51941,0.49664,0.56633,0.53972,,,,,,,0.66667,,,,
240.0,41.33333,83.0,0.50133,9.33333,28.0,0.33667,14.66667,18.0,0.80767,8.0,34.0,42.0,23.66667,3.66667,6.33333,11.66667,16.0,106.66667,240.0,43.0,91.66667,0.46967,11.0,29.66667,0.38167,12.66667,17.33333,0.73633,11.33333,31.0,42.33333,24.66667,6.0,4.66667,8.66667,17.0,109.66667,0,0.04192,-0.04192,0.34962,0.25462,0.5298,0.55783,0.57484,0.61737,,,,,,,0.33333,240.0,34.0,86.66667,0.39267,11.0,33.0,0.334,21.0,25.0,0.83233,15.33333,36.0,51.33333,19.33333,7.33333,5.66667,15.66667,15.33333,100.0,240.0,36.0,90.66667,0.39733,12.33333,40.33333,0.30533,10.66667,14.0,0.756,13.33333,31.66667,45.0,18.66667,7.66667,7.0,13.66667,23.0,95.0,0,-0.07148,0.07148,0.37696,0.48182,0.4656,0.45661,0.50696,0.54388,,,,,,,0.33333,,,,
240.0,44.33333,89.66667,0.495,20.0,47.33333,0.41833,12.33333,16.33333,0.78033,12.0,36.66667,48.66667,24.0,7.0,5.0,13.66667,16.0,121.0,240.0,39.33333,91.66667,0.42967,12.33333,39.33333,0.304,11.66667,15.0,0.783,10.33333,28.66667,39.0,18.66667,10.0,4.0,12.33333,15.0,102.66667,1,-0.23267,0.23267,0.29365,0.41746,0.496,0.60691,0.54054,0.64957,,,,,,,0.0,240.0,39.66667,89.33333,0.444,13.0,32.66667,0.40467,18.33333,25.0,0.72967,11.0,32.0,43.0,22.0,5.33333,5.0,12.0,21.33333,110.66667,240.0,39.66667,88.66667,0.44833,9.66667,33.0,0.29533,17.33333,22.33333,0.77267,12.33333,37.66667,50.0,26.0,5.66667,5.66667,13.0,21.66667,106.33333,1,-0.05914,0.05914,0.4207,0.31637,0.50311,0.51663,0.56928,0.58355,,,,,,,0.33333,,,,
240.0,47.0,87.66667,0.53567,13.66667,28.66667,0.476,15.66667,19.0,0.82133,8.0,36.66667,44.66667,27.66667,7.33333,6.0,11.33333,13.66667,123.33333,240.0,41.33333,93.66667,0.442,11.33333,34.66667,0.32767,11.66667,15.0,0.78333,11.0,29.0,40.0,25.66667,8.0,5.0,11.66667,17.66667,105.66667,1,-0.22176,0.22176,0.30065,0.28026,0.50232,0.61383,0.54579,0.6709,,,,,,,0.0,240.0,32.66667,82.66667,0.397,11.0,37.0,0.29367,21.66667,28.33333,0.76667,7.33333,32.66667,40.0,24.33333,6.33333,3.33333,16.0,22.33333,98.0,240.0,41.0,88.66667,0.462,15.66667,43.66667,0.35733,19.33333,25.0,0.78333,13.66667,36.0,49.66667,25.66667,10.0,6.0,14.0,25.66667,117.0,1,0.24326,-0.24326,0.46813,0.20858,0.54921,0.46532,0.61965,0.55481,,,,,,,1.0,,,,
240.0,40.0,85.66667,0.46833,10.0,31.33333,0.31667,19.66667,24.66667,0.79167,10.66667,37.33333,48.0,25.0,6.0,3.66667,11.66667,22.66667,109.66667,240.0,36.66667,87.33333,0.42267,11.33333,45.0,0.25533,21.0,26.33333,0.80033,11.33333,29.33333,40.66667,23.0,7.0,5.33333,9.33333,20.66667,105.66667,1,-0.0509,0.0509,0.30437,0.36398,0.4881,0.52688,0.56982,0.60269,,,,,,,0.33333,240.0,40.0,83.0,0.481,12.33333,29.33333,0.41567,16.66667,22.33333,0.74733,7.0,35.66667,42.66667,21.0,7.33333,3.33333,9.0,19.66667,109.0,240.0,37.33333,87.0,0.428,12.0,34.0,0.353,17.66667,22.66667,0.776,11.33333,36.66667,48.0,22.33333,5.66667,4.0,10.33333,18.66667,104.33333,1,-0.06698,0.06698,0.31845,0.1906,0.49692,0.55484,0.56839,0.61785,,,,,,,0.0,,,,
240.0,35.0,86.0,0.40833,11.0,36.33333,0.305,17.66667,21.0,0.80867,12.0,36.66667,48.66667,22.66667,6.0,4.0,13.66667,18.66667,98.66667,240.0,38.0,87.0,0.43967,10.66667,34.33333,0.30367,14.33333,17.66667,0.815,9.33333,36.33333,45.66667,22.66667,7.33333,5.0,10.33333,18.66667,101.0,0,0.03642,-0.03642,0.24886,0.33987,0.50131,0.47256,0.55876,0.54649,,,,,,,0.66667,240.0,40.0,91.0,0.43967,10.0,31.0,0.33033,13.33333,17.0,0.78733,10.66667,31.33333,42.0,24.33333,5.66667,3.33333,11.33333,19.66667,103.33333,240.0,42.66667,83.0,0.51367,17.33333,38.0,0.45933,15.0,21.0,0.712,8.0,34.33333,42.33333,23.66667,7.0,5.0,13.33333,22.0,117.66667,0,0.17647,-0.17647,0.25507,0.31036,0.61786,0.49462,0.67062,0.54531,,,,,,,0.66667,,,,
240.0,34.66667,83.33333,0.41567,11.66667,33.33333,0.34567,20.66667,24.0,0.862,13.33333,30.33333,43.66667,20.0,6.0,5.33333,12.33333,21.0,101.66667,240.0,36.66667,80.33333,0.46,11.0,31.33333,0.35233,20.66667,26.0,0.79433,8.66667,31.0,39.66667,25.66667,7.0,5.0,11.33333,21.0,105.0,0,0.04525,-0.04525,0.28423,0.44907,0.52923,0.4856,0.61528,0.5732,,,,,,,0.66667,240.0,37.33333,89.66667,0.416,11.66667,37.66667,0.304,14.0,17.66667,0.79167,10.33333,35.0,45.33333,23.0,8.0,6.66667,10.66667,18.66667,100.33333,240.0,37.33333,82.33333,0.45233,15.33333,38.66667,0.395,14.0,19.0,0.75633,7.33333,36.33333,43.66667,23.0,5.33333,5.0,13.33333,16.33333,104.0,0,0.04913,-0.04913,0.21483,0.29225,0.5447,0.48117,0.59944,0.53586,,,,,,,0.66667,,,,
240.0,45.33333,90.33333,0.50333,14.33333,32.66667,0.436,13.33333,16.33333,0.80333,9.0,33.0,42.0,27.33333,11.0,5.0,13.66667,22.66667,118.33333,240.0,38.0,82.0,0.46233,11.0,31.33333,0.34567,20.0,26.33333,0.76267,7.33333,33.0,40.33333,21.33333,7.33333,6.33333,17.33333,17.33333,107.0,1,-0.15665,0.15665,0.24177,0.28232,0.529,0.5832,0.60868,0.63178,,,,,,,0.33333,240.0,40.33333,92.0,0.439,12.33333,37.33333,0.332,16.33333,19.0,0.869,12.33333,30.0,42.33333,22.0,7.0,2.33333,12.33333,21.0,109.33333,240.0,39.66667,82.0,0.48333,7.0,24.66667,0.28367,23.33333,29.0,0.80733,9.0,33.33333,42.33333,26.0,6.0,5.33333,15.33333,20.0,109.66667,1,0.0048,-0.0048,0.3001,0.3709,0.52586,0.50575,0.62062,0.56877,,,,,,,0.66667,,,,
240.0,38.33333,81.33333,0.47367,13.33333,38.33333,0.35267,20.0,27.0,0.745,9.33333,29.0,38.33333,22.0,4.33333,5.66667,13.66667,18.33333,110.0,240.0,46.0,93.0,0.498,15.33333,39.66667,0.38967,18.33333,21.33333,0.849,12.66667,30.33333,43.0,28.33333,7.0,4.33333,8.66667,22.66667,125.66667,0,0.19224,-0.19224,0.4768,0.30412,0.58034,0.55549,0.64612,0.63258,,,,,,,1.0,248.33333,43.33333,87.66667,0.49467,14.0,37.0,0.38,19.33333,24.66667,0.77967,12.0,32.33333,44.33333,24.33333,7.66667,5.66667,14.66667,20.0,120.0,248.33333,45.0,91.33333,0.49633,13.33333,36.66667,0.36433,14.66667,19.33333,0.75433,10.66667,28.0,38.66667,27.33333,7.33333,6.0,13.66667,20.66667,118.0,0,-0.02542,0.02542,0.33188,0.42881,0.56852,0.57539,0.62151,0.64814,,,,,,,0.33333,,,,
248.33333,36.66667,85.0,0.42967,15.33333,41.33333,0.372,16.33333,22.33333,0.73933,5.66667,37.33333,43.0,24.33333,8.66667,4.0,16.0,18.66667,105.0,248.33333,39.33333,97.33333,0.404,11.33333,44.0,0.25767,13.0,18.33333,0.71133,14.0,40.33333,54.33333,22.0,8.66667,4.0,13.66667,21.0,103.0,0,-0.02378,0.02378,0.3873,0.16325,0.46223,0.51955,0.50768,0.58304,,,,,,,0.33333,240.0,39.0,90.33333,0.433,14.33333,37.0,0.38533,15.33333,19.33333,0.78033,8.66667,31.66667,40.33333,25.33333,8.33333,4.0,9.33333,16.66667,107.66667,240.0,44.0,87.0,0.50533,12.66667,34.66667,0.37333,14.66667,20.0,0.73133,9.33333,38.33333,47.66667,27.33333,4.33333,5.33333,14.33333,18.0,115.33333,0,0.0959,-0.0959,0.29204,0.22262,0.57772,0.51321,0.63076,0.57164,,,,,,,0.66667,,,,
240.0,41.33333,79.0,0.52633,13.0,26.66667,0.49167,18.0,22.0,0.817,8.66667,40.66667,49.33333,28.66667,4.33333,7.66667,17.66667,18.66667,113.66667,240.0,36.33333,85.33333,0.42567,11.33333,35.66667,0.31833,10.0,15.66667,0.627,6.33333,25.0,31.33333,20.66667,7.0,5.0,9.66667,18.0,94.0,0,-0.27757,0.27757,0.1549,0.33603,0.49236,0.61057,0.52992,0.6841,,,,,,,0.0,240.0,37.0,88.66667,0.419,16.33333,46.33333,0.35033,16.33333,21.33333,0.76733,7.0,32.66667,39.66667,25.0,7.0,5.0,12.66667,18.66667,106.66667,240.0,44.0,93.0,0.47367,15.66667,40.66667,0.38867,18.0,21.0,0.86333,12.66667,40.0,52.66667,28.0,6.0,4.33333,14.0,20.0,121.66667,0,0.19947,-0.19947,0.39726,0.17194,0.55787,0.51223,0.62347,0.57408,,,,,,,1.0,,,,
240.0,44.33333,87.0,0.50967,12.66667,31.33333,0.40067,16.33333,21.33333,0.76033,8.66667,35.66667,44.33333,26.0,8.33333,6.33333,12.33333,19.33333,117.66667,240.0,39.33333,91.0,0.43367,8.0,27.66667,0.295,16.66667,22.0,0.76433,10.0,33.33333,43.33333,21.66667,8.33333,6.33333,12.0,18.33333,103.33333,0,-0.19512,0.19512,0.29386,0.27227,0.47876,0.58268,0.54516,0.64207,,,,,,,0.0,240.0,40.0,88.0,0.455,12.0,34.0,0.34367,15.0,20.33333,0.765,10.33333,34.66667,45.0,23.66667,7.66667,4.33333,13.33333,17.66667,107.0,240.0,42.0,93.0,0.452,13.33333,38.66667,0.345,12.0,16.66667,0.733,13.0,34.0,47.0,23.33333,7.33333,4.66667,12.0,16.33333,109.33333,0,0.03866,-0.03866,0.37902,0.31737,0.5237,0.52283,0.56565,0.57882,,,,,,,0.33333,,,,
248.33333,44.33333,83.0,0.53533,14.0,35.33333,0.40033,15.66667,19.66667,0.792,10.33333,30.66667,41.0,26.0,7.66667,4.33333,16.66667,21.0,118.33333,248.33333,37.0,88.0,0.42033,10.66667,33.33333,0.318,17.66667,23.33333,0.76767,13.33333,26.33333,39.66667,20.66667,9.66667,2.33333,14.66667,19.66667,102.33333,0,-0.19996,0.19996,0.45477,0.42083,0.48102,0.61975,0.54997,0.68046,,,,,,,0.0,240.0,40.66667,82.66667,0.49367,10.66667,26.33333,0.41267,16.33333,19.0,0.85633,9.66667,25.0,34.66667,22.0,7.33333,5.33333,12.66667,20.33333,108.33333,240.0,41.33333,82.66667,0.499,9.33333,28.66667,0.337,22.0,26.66667,0.83767,11.33333,29.0,40.33333,24.0,8.33333,5.66667,12.0,19.33333,114.0,0,0.07173,-0.07173,0.46428,0.33333,0.55535,0.55821,0.64349,0.6254,,,,,,,0.66667,,,,
248.33333,45.33333,92.33333,0.49267,18.33333,42.0,0.44033,21.66667,26.33333,0.82,9.33333,28.0,37.33333,25.0,8.66667,5.66667,8.66667,18.33333,130.66667,248.33333,50.66667,92.33333,0.54967,18.0,38.66667,0.465,16.0,22.66667,0.713,8.33333,34.0,42.33333,33.33333,4.0,4.0,11.0,21.0,135.33333,0,0.05224,-0.05224,0.30657,0.28501,0.64653,0.59212,0.69518,0.66669,,,,,,,0.66667,240.0,38.66667,82.66667,0.46967,9.66667,27.33333,0.35133,15.0,21.66667,0.70067,10.0,42.0,52.0,26.0,6.0,4.66667,14.66667,23.66667,102.0,240.0,33.0,87.0,0.38067,11.33333,41.0,0.27967,16.0,22.33333,0.71867,9.66667,31.33333,41.0,19.0,6.66667,1.66667,10.66667,19.66667,93.33333,0,-0.12827,0.12827,0.23016,0.31911,0.44561,0.52781,0.50896,0.5843,,,,,,,0.0,,,,
240.0,34.33333,81.66667,0.41967,11.0,31.66667,0.35267,20.66667,25.0,0.83233,8.66667,36.0,44.66667,22.0,5.0,5.66667,15.66667,20.66667,100.33333,240.0,42.33333,87.0,0.49033,11.66667,31.66667,0.395,15.0,22.0,0.69133,7.33333,35.66667,43.0,26.33333,9.0,5.33333,12.0,20.0,111.33333,0,0.15254,-0.15254,0.20547,0.24322,0.55753,0.48651,0.6098,0.5755,,,,,,,1.0,248.33333,46.0,85.0,0.54233,11.33333,32.33333,0.34533,17.0,24.0,0.73167,9.0,28.33333,37.33333,27.66667,8.0,3.0,16.0,20.33333,120.33333,248.33333,43.66667,91.66667,0.47633,12.0,32.0,0.37733,16.66667,20.0,0.823,12.66667,30.66667,43.33333,29.0,10.33333,2.66667,15.0,20.0,116.0,0,-0.04507,0.04507,0.45738,0.34213,0.54221,0.60931,0.60327,0.67046,,,,,,,0.33333,,,,
240.0,41.0,88.33333,0.46467,7.33333,27.33333,0.27033,17.0,20.0,0.84867,10.33333,34.66667,45.0,24.0,6.33333,4.66667,12.66667,22.33333,106.33333,240.0,37.66667,88.33333,0.42933,11.33333,40.33333,0.287,19.33333,25.0,0.78033,11.66667,30.33333,42.0,21.66667,8.33333,4.66667,10.33333,19.0,106.0,1,-0.00552,0.00552,0.34603,0.34378,0.49412,0.50643,0.56769,0.57402,,,,,,,0.33333,248.33333,39.33333,82.0,0.47933,10.0,28.66667,0.34833,22.33333,29.0,0.77067,10.33333,35.0,45.33333,23.66667,8.33333,7.33333,14.66667,17.66667,111.0,248.33333,37.66667,87.33333,0.433,13.0,34.33333,0.39833,15.33333,18.33333,0.83967,10.66667,30.66667,41.33333,21.66667,8.0,4.0,15.0,25.0,103.66667,1,-0.10117,0.10117,0.3067,0.35385,0.50726,0.54002,0.57019,0.6274,,,,,,,0.0,,,,
240.0,36.33333,82.0,0.44367,12.0,39.33333,0.30767,16.33333,22.66667,0.721,8.33333,34.66667,43.0,21.66667,6.66667,7.66667,18.0,22.0,101.0,240.0,37.33333,84.66667,0.441,12.66667,36.0,0.344,20.66667,24.66667,0.85067,8.33333,35.0,43.33333,20.0,10.33333,5.66667,13.33333,22.66667,108.0,0,0.10336,-0.10336,0.24136,0.26635,0.51687,0.51764,0.60076,0.58226,,,,,,,0.66667,240.0,35.33333,84.0,0.42767,11.0,35.0,0.326,18.33333,25.66667,0.711,9.66667,37.33333,47.0,22.33333,6.0,6.66667,16.0,18.0,100.0,240.0,42.33333,96.0,0.439,12.0,37.33333,0.31867,14.0,21.0,0.67233,13.33333,38.33333,51.66667,27.0,12.0,6.33333,11.0,20.66667,110.66667,0,0.13711,-0.13711,0.35704,0.26383,0.5013,0.4945,0.54809,0.56504,,,,,,,0.66667,,,,
240.0,38.0,86.66667,0.437,10.33333,35.0,0.29733,18.66667,24.66667,0.75967,13.66667,33.0,46.66667,20.33333,7.33333,3.66667,14.66667,15.33333,105.0,240.0,38.33333,85.66667,0.45067,16.0,44.0,0.36167,10.66667,14.0,0.77,11.0,33.66667,44.66667,25.33333,7.33333,5.0,15.33333,22.66667,103.33333,1,-0.01943,0.01943,0.33282,0.40909,0.54687,0.49695,0.58846,0.56924,,,,,,,0.66667,240.0,39.0,89.66667,0.43567,10.33333,36.0,0.28533,21.0,25.66667,0.82133,15.33333,31.0,46.33333,20.33333,7.33333,5.66667,12.66667,23.33333,109.33333,240.0,41.0,84.33333,0.487,16.0,42.66667,0.376,18.66667,24.33333,0.78333,9.33333,28.66667,38.0,26.66667,6.33333,5.66667,12.33333,20.66667,116.66667,1,0.09496,-0.09496,0.30714,0.53284,0.58201,0.49363,0.65201,0.57514,,,,,,,1.0,,,,
240.0,38.0,85.66667,0.44267,11.0,34.66667,0.32267,18.33333,23.0,0.80233,8.66667,38.0,46.66667,20.0,7.33333,7.66667,13.0,20.33333,105.33333,240.0,36.33333,82.0,0.44433,8.66667,29.0,0.29567,17.0,23.66667,0.7,6.33333,35.33333,41.66667,19.0,9.0,4.66667,12.66667,20.66667,98.33333,0,-0.11367,0.11367,0.17546,0.24811,0.49743,0.50659,0.56435,0.5786,,,,,,,0.66667,240.0,32.33333,80.33333,0.404,10.0,35.33333,0.27533,20.66667,27.66667,0.74233,8.33333,30.0,38.33333,24.0,6.66667,4.33333,15.66667,20.33333,95.33333,240.0,42.66667,90.0,0.47467,19.66667,48.33333,0.41467,17.0,21.33333,0.80633,15.0,34.66667,49.66667,27.33333,9.0,7.33333,13.66667,23.0,122.0,0,0.35142,-0.35142,0.52879,0.24496,0.58419,0.46776,0.64428,0.5541,,,,,,,1.0,,,,
240.0,38.66667,81.0,0.478,8.66667,26.66667,0.32833,17.0,22.66667,0.72733,8.33333,33.66667,42.0,24.66667,4.33333,4.0,10.0,18.33333,103.0,240.0,43.0,88.66667,0.484,10.0,26.33333,0.38667,14.66667,20.66667,0.70067,11.33333,33.0,44.33333,24.33333,4.66667,3.66667,8.33333,20.0,110.66667,0,0.11173,-0.11173,0.35199,0.25491,0.54026,0.53164,0.59318,0.6018,,,,,,,0.66667,240.0,44.33333,85.66667,0.518,13.33333,34.0,0.395,13.0,15.66667,0.83233,9.66667,34.0,43.66667,25.0,5.33333,5.66667,13.0,17.0,115.0,240.0,39.0,87.33333,0.44667,10.33333,38.0,0.27333,16.66667,21.66667,0.77367,10.66667,30.66667,41.33333,21.33333,7.0,3.0,11.66667,19.33333,105.0,0,-0.13233,0.13233,0.31893,0.31534,0.50549,0.59661,0.57094,0.6463,,,,,,,0.0,,,,
248.33333,38.66667,85.0,0.45533,15.33333,37.0,0.41233,13.33333,18.33333,0.725,7.66667,38.33333,46.0,24.33333,9.33333,3.66667,17.33333,16.33333,106.0,248.33333,39.33333,96.0,0.41,12.0,43.33333,0.27767,11.66667,16.33333,0.71133,13.66667,36.0,49.66667,23.66667,10.33333,3.66667,12.33333,17.33333,102.33333,0,-0.04804,0.04804,0.36725,0.22671,0.47258,0.5452,0.51392,0.59503,,,,,,,0.33333,240.0,45.33333,87.66667,0.51767,21.0,45.33333,0.45567,15.0,18.66667,0.79767,7.66667,40.33333,48.0,30.33333,6.33333,6.33333,12.66667,21.0,126.66667,240.0,37.66667,95.0,0.39633,15.0,42.0,0.35633,16.33333,21.33333,0.75233,11.66667,30.66667,42.33333,21.66667,9.0,4.33333,12.33333,17.66667,106.66667,0,-0.24637,0.24637,0.29308,0.24594,0.47508,0.63707,0.53495,0.69058,,,,,,,0.0,,,,
240.0,38.0,82.33333,0.46333,11.0,30.33333,0.36133,18.0,25.0,0.715,12.33333,38.33333,50.66667,22.66667,10.33333,5.33333,18.66667,20.66667,105.0,240.0,32.33333,83.33333,0.392,12.0,34.33333,0.339,17.66667,21.33333,0.81233,8.66667,30.0,38.66667,21.0,10.0,4.33333,16.33333,20.33333,94.33333,1,-0.15471,0.15471,0.22606,0.41407,0.46266,0.52958,0.53879,0.59839,,,,,,,0.0,240.0,41.33333,91.66667,0.44967,11.33333,30.66667,0.35367,17.33333,23.66667,0.73733,11.0,32.0,43.0,24.0,5.66667,3.66667,13.0,21.33333,111.33333,240.0,44.66667,88.33333,0.50467,11.66667,31.33333,0.36733,20.66667,26.33333,0.788,9.66667,34.66667,44.33333,22.66667,7.66667,7.0,11.33333,22.66667,121.66667,1,0.12634,-0.12634,0.31284,0.3285,0.56988,0.51079,0.64474,0.57301,,,,,,,1.0,,,,
240.0,38.33333,88.0,0.43667,11.0,35.33333,0.317,14.33333,16.66667,0.86933,10.0,40.33333,50.33333,26.0,6.33333,7.0,14.0,16.33333,102.0,240.0,37.0,85.66667,0.431,9.66667,30.66667,0.318,13.33333,18.66667,0.71033,7.66667,33.33333,41.0,21.0,8.0,3.33333,10.0,17.33333,97.0,0,-0.08957,0.08957,0.20114,0.31044,0.48686,0.49929,0.53898,0.55732,,,,,,,0.66667,240.0,35.0,85.66667,0.408,14.0,37.33333,0.37567,16.33333,22.66667,0.71767,11.66667,29.0,40.66667,22.0,9.0,4.33333,17.0,17.66667,100.33333,240.0,40.33333,82.0,0.49167,15.66667,37.33333,0.39433,10.66667,12.66667,0.83967,8.33333,34.33333,42.66667,31.66667,8.33333,6.0,17.0,21.0,107.0,0,0.08548,-0.08548,0.29238,0.35642,0.58637,0.49001,0.63165,0.55297,,,,,,,0.66667,,,,
240.0,39.66667,88.66667,0.44833,16.66667,42.0,0.39267,19.0,24.0,0.778,10.66667,31.0,41.66667,23.0,8.0,3.66667,14.33333,23.33333,115.0,240.0,37.0,80.66667,0.459,12.66667,36.66667,0.33167,22.66667,30.66667,0.73267,9.66667,33.33333,43.0,28.0,6.0,5.0,17.66667,23.66667,109.33333,0,-0.06973,0.06973,0.31115,0.31848,0.5367,0.54282,0.62562,0.61393,,,,,,,0.33333,248.33333,38.33333,86.33333,0.44467,12.0,34.0,0.348,13.0,18.33333,0.724,10.0,34.66667,44.66667,24.66667,6.33333,2.66667,11.33333,20.0,101.66667,248.33333,39.33333,90.33333,0.43867,13.33333,43.66667,0.31067,15.66667,18.66667,0.84133,10.66667,36.0,46.66667,23.66667,4.66667,4.33333,8.0,18.33333,107.66667,0,0.07928,-0.07928,0.37619,0.28963,0.5139,0.51394,0.57492,0.56308,,,,,,,0.33333,,,,
240.0,37.66667,90.0,0.41833,8.33333,26.66667,0.323,15.33333,17.66667,0.86767,10.33333,35.0,45.33333,23.66667,7.66667,4.0,14.0,18.33333,99.0,240.0,41.0,83.66667,0.49167,15.66667,35.33333,0.44433,14.0,19.33333,0.72067,8.0,35.33333,43.33333,23.0,8.66667,7.0,15.0,21.0,111.66667,1,0.16649,-0.16649,0.23122,0.29257,0.58574,0.46457,0.63686,0.52703,,,,,,,0.66667,240.0,39.0,88.0,0.444,13.33333,37.0,0.354,17.0,22.66667,0.747,10.33333,34.0,44.33333,23.33333,11.66667,2.33333,14.0,20.66667,108.33333,240.0,39.33333,90.33333,0.433,9.66667,32.33333,0.3,15.66667,20.0,0.79233,14.33333,35.66667,50.0,26.33333,8.33333,4.33333,16.33333,21.0,104.0,1,-0.0582,0.0582,0.43306,0.28828,0.48675,0.51992,0.54795,0.58347,,,,,,,0.33333,,,,
240.0,41.0,89.33333,0.45867,12.66667,33.33333,0.37267,16.33333,18.0,0.90833,12.66667,30.66667,43.33333,22.0,6.0,5.0,11.0,20.0,111.0,240.0,42.66667,87.66667,0.48767,10.0,28.66667,0.34767,19.0,23.33333,0.81,10.33333,30.66667,41.0,28.0,6.66667,5.0,9.33333,17.0,114.33333,0,0.04454,-0.04454,0.33756,0.41494,0.54443,0.52877,0.61693,0.59435,,,,,,,0.66667,240.0,34.66667,83.33333,0.41667,11.66667,33.0,0.34633,18.33333,22.66667,0.817,10.33333,35.33333,45.66667,22.0,9.66667,6.0,13.33333,18.33333,99.33333,240.0,38.66667,89.66667,0.43167,11.0,34.33333,0.32333,12.33333,17.0,0.72233,11.33333,34.33333,45.66667,21.0,5.33333,5.0,13.0,21.33333,100.66667,0,0.02016,-0.02016,0.32326,0.30658,0.49231,0.48673,0.53892,0.56443,,,,,,,0.33333,,,,
240.0,32.33333,81.66667,0.395,9.0,35.33333,0.27067,20.33333,26.0,0.78467,6.0,31.0,37.0,17.33333,7.33333,8.66667,14.0,13.66667,94.0,240.0,47.0,97.0,0.48533,16.66667,41.0,0.41467,8.33333,11.66667,0.73033,13.0,42.0,55.0,31.0,10.33333,7.0,13.0,20.0,119.0,1,0.33148,-0.33148,0.48929,0.15008,0.57123,0.45092,0.59728,0.5373,,,,,,,0.66667,240.0,33.33333,82.66667,0.40433,10.0,31.0,0.32233,22.33333,26.33333,0.84533,12.0,38.0,50.0,20.66667,7.33333,6.0,14.66667,18.66667,99.0,240.0,36.33333,89.66667,0.40633,10.33333,34.66667,0.30467,13.66667,17.33333,0.79167,11.66667,33.33333,45.0,18.33333,5.33333,5.0,12.0,23.0,96.66667,1,-0.03154,0.03154,0.30576,0.36921,0.46363,0.46481,0.51777,0.56157,,,,,,,0.33333,,,,
240.0,44.33333,81.33333,0.544,11.33333,32.0,0.34367,12.0,14.66667,0.826,10.33333,29.33333,39.66667,24.66667,6.0,3.33333,16.0,19.33333,112.0,240.0,39.0,88.66667,0.44,11.66667,34.66667,0.334,13.33333,17.66667,0.79733,13.33333,25.0,38.33333,24.33333,10.33333,2.33333,12.0,18.0,103.0,1,-0.1014,0.1014,0.47529,0.43558,0.50615,0.61391,0.55738,0.66274,,,,,,,0.33333,240.0,39.66667,81.66667,0.486,14.66667,36.0,0.40067,16.33333,19.0,0.87133,8.33333,35.0,43.33333,21.66667,7.66667,9.0,16.33333,18.0,110.33333,240.0,38.66667,91.66667,0.42367,9.66667,36.33333,0.27,14.33333,19.0,0.753,13.0,29.33333,42.33333,20.0,8.33333,4.33333,12.33333,17.66667,101.33333,1,-0.12284,0.12284,0.37284,0.28543,0.47611,0.57534,0.53039,0.64268,,,,,,,0.0,,,,
240.0,39.66667,89.33333,0.44667,9.66667,31.66667,0.31067,17.0,25.33333,0.66233,14.33333,32.66667,47.0,22.0,7.66667,5.33333,10.66667,20.66667,106.0,240.0,41.0,87.66667,0.46933,12.33333,33.33333,0.35867,19.0,22.66667,0.84767,11.33333,34.33333,45.66667,25.66667,7.33333,4.0,11.66667,22.33333,113.33333,1,0.09879,-0.09879,0.36062,0.44258,0.54116,0.50102,0.61466,0.56127,,,,,,,0.66667,240.0,40.66667,82.33333,0.494,13.33333,33.33333,0.39733,15.0,18.66667,0.817,7.0,33.33333,40.33333,24.0,7.0,4.66667,14.0,16.33333,109.66667,240.0,40.66667,86.66667,0.47167,9.0,31.33333,0.284,13.66667,16.66667,0.814,7.33333,33.0,40.33333,24.66667,7.33333,4.33333,13.0,17.0,104.0,1,-0.07597,0.07597,0.2212,0.24043,0.52321,0.57489,0.57758,0.63426,,,,,,,0.33333,,,,
240.0,38.33333,83.33333,0.461,15.33333,39.0,0.397,11.0,15.33333,0.70333,9.66667,29.0,38.66667,26.33333,5.0,5.0,13.66667,18.0,103.0,240.0,38.33333,86.33333,0.44367,14.33333,40.66667,0.35133,20.0,23.66667,0.86733,13.0,33.0,46.0,25.33333,5.33333,3.33333,12.66667,19.0,111.0,1,0.10723,-0.10723,0.44428,0.2979,0.52593,0.55304,0.60644,0.59511,,,,,,,0.66667,240.0,38.0,88.66667,0.428,11.66667,40.33333,0.289,14.66667,20.0,0.736,11.33333,38.33333,49.66667,21.0,6.33333,5.33333,12.0,19.0,102.33333,240.0,37.33333,87.0,0.43167,8.33333,31.0,0.27267,16.66667,19.66667,0.84667,7.66667,36.66667,44.33333,20.0,7.66667,5.0,10.0,18.33333,99.66667,1,-0.03039,0.03039,0.19275,0.33796,0.47975,0.4937,0.55001,0.54879,,,,,,,0.66667,,,,
240.0,36.0,89.66667,0.40133,9.33333,29.66667,0.31567,20.0,25.0,0.814,11.0,29.0,40.0,20.66667,9.66667,2.33333,11.66667,18.33333,101.33333,240.0,43.33333,84.66667,0.51333,11.66667,27.66667,0.40667,13.66667,18.66667,0.736,9.66667,38.0,47.66667,26.33333,7.0,6.66667,17.33333,21.33333,112.0,1,0.14784,-0.14784,0.33279,0.29122,0.58101,0.45329,0.63177,0.53335,,,,,,,0.66667,240.0,42.66667,88.0,0.48533,15.33333,36.33333,0.421,20.33333,25.0,0.78433,9.66667,32.33333,42.0,22.33333,7.0,5.33333,13.66667,21.33333,121.0,240.0,38.0,83.0,0.45733,10.33333,33.0,0.29267,19.66667,26.66667,0.73667,9.0,31.33333,40.33333,21.0,7.33333,5.33333,15.0,21.66667,106.0,1,-0.18456,0.18456,0.27897,0.33633,0.51981,0.57292,0.59515,0.64765,,,,,,,0.0,,,,
240.0,37.0,86.0,0.42933,10.66667,33.0,0.32133,16.66667,22.66667,0.73433,9.0,31.66667,40.66667,22.0,4.33333,2.66667,11.33333,18.33333,101.33333,240.0,42.33333,86.33333,0.48867,15.0,43.0,0.347,17.33333,23.33333,0.74,9.66667,36.33333,46.0,27.66667,7.66667,3.66667,11.66667,19.0,117.0,1,0.20392,-0.20392,0.30635,0.24942,0.57532,0.49098,0.63882,0.5565,,,,,,,1.0,240.0,37.0,79.33333,0.46733,9.0,28.33333,0.305,14.33333,21.66667,0.662,8.0,33.0,41.0,24.33333,6.0,7.33333,17.66667,19.66667,97.33333,240.0,42.66667,87.66667,0.488,13.0,35.0,0.37467,17.33333,25.66667,0.687,11.33333,33.66667,45.0,26.33333,13.33333,4.66667,10.33333,19.33333,115.66667,1,0.24893,-0.24893,0.34106,0.25137,0.56204,0.52443,0.62122,0.57955,,,,,,,1.0,,,,
240.0,38.33333,88.33333,0.43367,12.0,35.66667,0.33533,20.33333,22.66667,0.86733,9.66667,35.0,44.66667,22.33333,6.0,4.33333,11.0,20.33333,109.0,240.0,39.33333,87.0,0.45633,15.33333,39.0,0.363,16.0,19.33333,0.82733,10.33333,36.66667,47.0,22.0,5.33333,4.66667,13.0,22.0,110.0,1,0.01097,-0.01097,0.3022,0.26984,0.54657,0.50171,0.60829,0.5845,,,,,,,0.66667,240.0,37.0,81.66667,0.451,12.66667,34.66667,0.367,15.33333,19.0,0.80033,6.66667,36.66667,43.33333,25.0,6.66667,5.66667,15.66667,16.66667,102.0,240.0,38.33333,88.66667,0.43067,13.66667,38.33333,0.357,13.66667,18.33333,0.74767,10.0,32.33333,42.33333,22.66667,9.33333,6.0,12.33333,20.0,104.0,1,0.01697,-0.01697,0.28454,0.20658,0.50781,0.52819,0.55939,0.59389,,,,,,,0.66667,,,,
240.0,37.33333,84.0,0.44433,10.66667,36.0,0.294,17.0,20.33333,0.83367,7.66667,38.33333,46.0,20.66667,7.66667,5.0,17.33333,20.66667,102.33333,240.0,42.0,92.33333,0.45633,15.66667,40.0,0.38833,15.33333,20.66667,0.75967,9.0,35.66667,44.66667,28.33333,9.66667,4.33333,11.66667,18.0,115.0,0,0.16845,-0.16845,0.232,0.22736,0.54244,0.5087,0.59584,0.57949,,,,,,,1.0,240.0,41.33333,91.66667,0.45,12.0,33.33333,0.36367,17.66667,24.0,0.73567,10.66667,35.0,45.66667,23.66667,8.66667,3.33333,14.66667,23.33333,112.33333,240.0,38.66667,83.66667,0.46167,10.0,32.0,0.308,19.66667,27.0,0.73433,11.33333,33.33333,44.66667,20.66667,7.66667,5.33333,16.0,22.33333,107.0,0,-0.07627,0.07627,0.33313,0.33195,0.5208,0.51558,0.59519,0.57876,,,,,,,0.66667,,,,
240.0,42.0,90.66667,0.46367,12.33333,33.33333,0.37033,13.66667,18.0,0.75867,8.66667,36.0,44.66667,29.0,10.66667,5.0,13.0,16.66667,110.0,240.0,37.33333,88.66667,0.41833,11.66667,34.0,0.34367,13.0,18.66667,0.69967,11.33333,33.66667,45.0,24.0,6.66667,4.0,15.66667,19.33333,99.33333,1,-0.15643,0.15643,0.32759,0.25668,0.48471,0.53171,0.53356,0.58188,,,,,,,0.33333,240.0,43.0,89.0,0.483,11.66667,33.33333,0.349,15.66667,19.66667,0.78533,8.33333,29.66667,38.0,22.0,5.33333,3.66667,10.0,20.66667,113.33333,240.0,46.33333,86.33333,0.53733,20.33333,44.66667,0.449,17.0,22.0,0.772,8.33333,35.33333,43.66667,27.33333,6.66667,3.33333,11.0,21.33333,130.0,1,0.20437,-0.20437,0.28732,0.23598,0.65647,0.54827,0.71517,0.60633,,,,,,,1.0,,,,
248.33333,41.66667,93.0,0.45,11.66667,34.33333,0.33667,14.33333,18.33333,0.78933,7.33333,31.66667,39.0,29.0,8.0,3.66667,9.33333,19.0,109.33333,248.33333,44.66667,89.66667,0.49867,13.0,33.33333,0.389,13.0,18.0,0.72567,12.33333,39.33333,51.66667,29.66667,5.66667,6.33333,15.33333,19.33333,115.33333,1,0.08079,-0.08079,0.39683,0.1832,0.57109,0.51252,0.61633,0.56508,,,,,,,0.66667,240.0,42.0,92.33333,0.45533,14.0,36.0,0.383,12.33333,15.0,0.811,11.33333,30.33333,41.66667,25.66667,6.33333,4.33333,8.0,18.33333,110.33333,240.0,45.33333,90.66667,0.50067,11.66667,28.0,0.42,13.66667,19.33333,0.70067,14.0,35.33333,49.33333,30.0,4.66667,5.66667,11.0,18.0,116.0,1,0.07535,-0.07535,0.46905,0.34167,0.56497,0.53086,0.61166,0.57682,,,,,,,0.66667,,,,
240.0,41.0,92.33333,0.446,12.0,32.33333,0.36833,15.0,21.0,0.71133,14.0,26.66667,40.66667,22.33333,7.66667,3.66667,10.0,19.66667,109.0,240.0,42.66667,86.0,0.497,14.0,37.66667,0.36033,16.0,20.33333,0.793,12.0,34.66667,46.66667,29.0,5.66667,4.66667,14.0,19.0,115.33333,0,0.09008,-0.09008,0.45376,0.40065,0.58041,0.5105,0.64113,0.56422,,,,,,,0.66667,240.0,40.33333,90.0,0.44933,11.33333,35.0,0.32567,16.66667,21.0,0.818,11.0,33.33333,44.33333,23.66667,4.66667,5.33333,11.33333,19.33333,108.66667,240.0,41.0,91.0,0.45467,7.33333,25.33333,0.289,20.33333,25.0,0.81267,10.66667,34.33333,45.0,27.0,6.33333,5.66667,10.33333,21.33333,109.66667,0,0.01339,-0.01339,0.31399,0.33014,0.49545,0.51194,0.57724,0.57507,,,,,,,0.66667,,,,
240.0,37.33333,81.33333,0.46133,8.0,27.0,0.292,18.66667,23.33333,0.791,4.0,32.66667,36.66667,20.33333,8.66667,7.0,13.0,21.33333,101.33333,240.0,43.0,86.66667,0.495,10.66667,28.0,0.383,17.66667,21.33333,0.84033,10.66667,36.0,46.66667,22.0,8.33333,4.66667,13.66667,19.33333,114.33333,1,0.17325,-0.17325,0.3267,0.1081,0.55634,0.51124,0.62481,0.5897,,,,,,,0.66667,240.0,42.33333,90.0,0.46933,12.33333,35.33333,0.35433,18.33333,22.66667,0.81,13.0,34.33333,47.33333,24.33333,3.33333,5.33333,11.33333,18.66667,115.33333,240.0,41.33333,87.33333,0.473,9.33333,29.33333,0.31867,12.66667,18.0,0.69133,8.66667,32.66667,41.33333,24.0,4.66667,4.66667,11.0,20.0,104.66667,1,-0.14118,0.14118,0.27956,0.40526,0.52649,0.53797,0.57316,0.60678,,,,,,,0.33333,,,,
240.0,36.33333,79.66667,0.45767,12.33333,37.33333,0.33333,18.33333,25.0,0.74233,8.0,32.33333,40.33333,23.0,6.66667,7.0,16.0,23.33333,103.33333,240.0,39.66667,85.33333,0.46667,10.33333,32.0,0.324,20.66667,28.0,0.77233,10.0,33.66667,43.66667,19.0,9.66667,4.0,13.0,23.0,110.33333,1,0.10125,-0.10125,0.31041,0.27297,0.52697,0.53532,0.60395,0.60842,,,,,,,0.66667,240.0,43.33333,86.66667,0.49967,10.66667,27.33333,0.37633,16.33333,20.33333,0.81767,7.33333,32.33333,39.66667,23.0,9.0,4.66667,10.0,21.33333,113.66667,240.0,38.66667,87.33333,0.441,12.66667,33.0,0.38,19.33333,24.0,0.80367,12.33333,34.66667,47.0,23.33333,6.33333,3.0,13.0,19.33333,109.33333,1,-0.05645,0.05645,0.38194,0.21313,0.51322,0.56176,0.59065,0.62297,,,,,,,0.0,,,,
240.0,37.33333,82.33333,0.45467,9.0,30.0,0.286,18.33333,23.0,0.789,6.0,31.33333,37.33333,21.33333,7.0,6.0,13.0,20.66667,102.0,240.0,43.33333,86.0,0.50333,11.66667,28.66667,0.41167,17.0,20.0,0.85933,9.66667,34.66667,44.33333,24.0,7.66667,4.33333,13.66667,19.66667,115.33333,1,0.17823,-0.17823,0.30736,0.18536,0.57097,0.51031,0.6374,0.58601,,,,,,,0.66667,240.0,38.0,86.66667,0.43833,13.33333,39.33333,0.33833,17.66667,22.0,0.80333,10.33333,33.66667,44.0,22.33333,8.33333,5.66667,13.0,20.0,107.0,240.0,40.33333,85.66667,0.47033,17.33333,44.33333,0.39,14.66667,19.66667,0.767,10.0,33.33333,43.33333,24.66667,5.66667,3.33333,13.0,18.0,112.66667,1,0.07411,-0.07411,0.29739,0.30957,0.57139,0.51551,0.6261,0.58544,,,,,,,0.66667,,,,
240.0,40.66667,89.0,0.453,12.66667,37.66667,0.31767,18.33333,26.33333,0.684,11.66667,32.66667,44.33333,24.66667,12.0,3.66667,15.33333,21.0,112.33333,240.0,43.33333,86.0,0.50633,14.33333,38.33333,0.371,18.0,23.66667,0.742,10.66667,31.33333,42.0,25.0,7.66667,5.66667,15.66667,25.0,119.0,0,0.09828,-0.09828,0.32464,0.38073,0.59116,0.52156,0.65581,0.58875,,,,,,,0.33333,240.0,40.66667,89.0,0.46033,13.66667,35.0,0.38633,13.66667,19.33333,0.70433,8.66667,35.0,43.66667,26.0,6.0,6.33333,12.33333,18.66667,108.66667,240.0,44.66667,91.0,0.49233,12.33333,31.66667,0.39033,17.33333,23.33333,0.73,11.33333,35.0,46.33333,26.66667,5.66667,5.0,10.33333,17.0,119.0,0,0.13096,-0.13096,0.31273,0.25265,0.56,0.53779,0.62033,0.58644,,,,,,,1.0,,,,
240.0,40.66667,86.33333,0.47467,12.66667,31.66667,0.42833,17.33333,21.0,0.82933,9.0,38.0,47.0,28.66667,4.33333,4.33333,14.0,19.33333,111.33333,240.0,39.0,85.66667,0.45533,11.66667,34.0,0.34567,13.33333,19.33333,0.66033,6.0,33.66667,39.66667,20.66667,6.66667,5.33333,11.33333,19.0,103.0,1,-0.11359,0.11359,0.16324,0.28262,0.52357,0.54739,0.57317,0.6145,,,,,,,0.33333,240.0,42.0,89.66667,0.46933,19.66667,46.66667,0.40533,14.66667,18.33333,0.795,8.33333,39.66667,48.0,28.0,5.66667,5.0,12.0,19.33333,118.33333,240.0,37.66667,91.66667,0.41233,14.33333,40.66667,0.348,15.0,20.66667,0.72233,11.0,33.66667,44.66667,22.0,8.66667,4.33333,12.0,19.66667,104.66667,1,-0.16513,0.16513,0.28016,0.24765,0.48936,0.57954,0.54497,0.63321,,,,,,,0.33333,,,,
240.0,42.33333,95.33333,0.446,12.66667,40.33333,0.31667,18.66667,24.66667,0.77267,13.0,32.0,45.0,22.33333,8.0,4.33333,11.0,18.0,116.0,240.0,48.33333,97.0,0.501,12.0,35.0,0.341,13.66667,18.66667,0.73333,14.0,38.0,52.0,31.33333,7.0,8.33333,11.66667,20.0,122.33333,0,0.08159,-0.08159,0.43987,0.38509,0.56348,0.51304,0.60806,0.57949,,,,,,,0.66667,240.0,36.66667,87.33333,0.41967,11.66667,35.33333,0.312,12.66667,18.0,0.741,11.0,31.0,42.0,22.0,8.33333,4.66667,14.0,15.66667,97.66667,240.0,42.33333,87.33333,0.48767,13.66667,35.0,0.397,11.0,13.66667,0.798,10.33333,36.0,46.33333,25.33333,8.33333,7.33333,13.33333,16.0,109.33333,0,0.16644,-0.16644,0.32601,0.3197,0.56573,0.48569,0.60814,0.53483,,,,,,,0.66667,,,,
240.0,39.66667,97.66667,0.408,12.66667,41.66667,0.30733,16.0,18.33333,0.89667,11.33333,32.66667,44.0,27.33333,9.0,4.66667,11.66667,18.66667,108.0,240.0,44.0,92.0,0.48,19.0,47.0,0.41233,17.66667,22.66667,0.77933,13.0,42.33333,55.33333,27.66667,5.33333,6.66667,16.33333,18.33333,124.66667,1,0.20428,-0.20428,0.37778,0.26995,0.58412,0.4731,0.64676,0.53297,,,,,,,1.0,240.0,44.0,83.66667,0.53233,17.0,38.33333,0.439,12.0,19.0,0.63567,5.66667,35.66667,41.33333,24.33333,6.66667,5.66667,13.33333,21.0,117.0,240.0,38.33333,85.0,0.45167,13.66667,39.33333,0.34467,19.33333,23.33333,0.825,7.33333,33.33333,40.66667,27.66667,7.33333,2.33333,12.66667,17.66667,109.66667,1,-0.09091,0.09091,0.20593,0.18081,0.53151,0.63466,0.60964,0.67269,,,,,,,0.33333,,,,
240.0,34.0,85.0,0.39933,11.33333,35.0,0.325,17.66667,20.33333,0.88167,8.66667,36.66667,45.33333,22.66667,5.33333,5.66667,15.66667,18.33333,97.0,240.0,41.66667,92.0,0.45433,12.0,36.66667,0.325,14.33333,19.66667,0.751,10.33333,38.0,48.33333,28.33333,8.33333,5.66667,12.0,18.66667,109.66667,0,0.18009,-0.18009,0.29779,0.23367,0.51921,0.46545,0.57006,0.54255,,,,,,,1.0,240.0,39.0,84.66667,0.461,7.0,29.66667,0.235,14.0,16.33333,0.848,10.66667,29.66667,40.33333,18.66667,6.0,5.33333,14.0,21.0,99.0,240.0,40.66667,86.66667,0.46933,10.0,31.0,0.32133,18.0,22.66667,0.81967,11.33333,31.0,42.33333,23.66667,8.66667,4.0,9.66667,18.66667,109.33333,0,0.1395,-0.1395,0.38788,0.34359,0.52718,0.50221,0.59695,0.56081,,,,,,,0.66667,,,,
240.0,38.0,83.66667,0.45267,11.66667,36.0,0.306,21.33333,30.33333,0.70633,11.33333,30.66667,42.0,24.0,8.66667,4.0,14.33333,23.33333,109.0,240.0,42.33333,81.66667,0.519,14.66667,36.0,0.40467,21.66667,30.33333,0.71633,8.66667,32.0,40.66667,22.66667,8.33333,4.66667,12.66667,25.0,121.0,1,0.16787,-0.16787,0.28473,0.35817,0.6087,0.51991,0.68526,0.60078,,,,,,,0.66667,248.33333,41.33333,85.66667,0.48267,10.66667,28.33333,0.376,23.0,27.66667,0.836,9.0,33.66667,42.66667,25.66667,8.0,8.33333,15.0,18.0,116.33333,248.33333,39.0,90.0,0.43533,14.33333,34.0,0.43667,15.33333,19.66667,0.77633,10.33333,32.66667,43.0,22.33333,9.33333,5.33333,16.66667,24.66667,107.66667,1,-0.11359,0.11359,0.30597,0.28333,0.51519,0.54494,0.57474,0.63409,,,,,,,0.0,,,,
240.0,38.66667,83.66667,0.46267,13.0,38.66667,0.33,15.66667,20.66667,0.755,9.33333,37.66667,47.0,25.33333,6.0,6.66667,13.66667,24.0,106.0,240.0,33.66667,84.0,0.40067,12.66667,37.66667,0.32667,21.0,27.33333,0.78033,9.33333,31.33333,40.66667,18.0,7.33333,4.33333,11.33333,19.33333,101.0,0,-0.07027,0.07027,0.25689,0.29636,0.47695,0.5406,0.56157,0.60174,,,,,,,0.0,240.0,35.0,86.33333,0.40467,12.33333,36.0,0.338,17.0,21.66667,0.78333,13.33333,36.0,49.33333,22.33333,7.0,3.0,14.33333,17.0,99.33333,240.0,41.66667,92.66667,0.446,12.66667,35.66667,0.35467,11.66667,16.0,0.71667,11.0,35.66667,46.66667,25.33333,8.33333,6.66667,9.66667,19.0,107.66667,0,0.11057,-0.11057,0.30731,0.367,0.51433,0.47664,0.55784,0.54614,,,,,,,0.66667,,,,
240.0,36.0,86.0,0.41667,12.0,34.0,0.34633,19.33333,22.0,0.88033,14.0,33.66667,47.66667,19.0,5.66667,5.0,12.0,18.66667,103.33333,240.0,39.0,88.33333,0.442,11.33333,31.0,0.36667,17.66667,22.66667,0.77767,11.33333,33.0,44.33333,26.0,7.33333,5.0,9.0,18.66667,107.0,1,0.05218,-0.05218,0.34137,0.42963,0.5059,0.48531,0.57361,0.56663,,,,,,,0.66667,240.0,39.0,88.66667,0.44167,11.0,36.66667,0.29667,22.66667,29.33333,0.76967,16.33333,31.0,47.33333,18.66667,9.0,6.66667,11.66667,23.33333,111.66667,240.0,40.33333,83.0,0.48667,16.66667,42.33333,0.393,18.0,26.0,0.67767,10.66667,28.66667,39.33333,25.66667,7.0,5.33333,14.33333,24.66667,115.33333,1,0.05019,-0.05019,0.34524,0.56856,0.58672,0.50444,0.65121,0.58948,,,,,,,0.66667,,,,
240.0,39.0,89.66667,0.43533,11.0,34.66667,0.32267,19.33333,23.66667,0.82667,9.0,39.0,48.0,24.33333,7.66667,7.0,11.33333,19.0,108.33333,240.0,37.0,82.66667,0.449,9.0,31.33333,0.286,16.33333,23.0,0.69367,6.33333,37.0,43.33333,22.0,7.33333,4.66667,13.0,22.33333,99.33333,0,-0.14534,0.14534,0.16976,0.24786,0.50373,0.49671,0.56671,0.57109,,,,,,,0.66667,240.0,37.33333,87.0,0.42933,17.66667,46.66667,0.37767,18.0,21.66667,0.83833,6.33333,31.66667,38.0,28.66667,7.33333,6.0,13.0,18.33333,110.33333,240.0,43.33333,92.66667,0.46767,15.0,39.33333,0.385,19.33333,23.33333,0.83333,12.0,39.66667,51.66667,27.33333,6.66667,4.0,14.33333,20.66667,121.0,0,0.1372,-0.1372,0.38535,0.15858,0.54845,0.53104,0.61858,0.60142,,,,,,,1.0,,,,
240.0,40.66667,89.33333,0.45567,12.33333,29.66667,0.42667,20.33333,26.0,0.78,13.0,37.0,50.0,24.33333,10.66667,4.66667,15.0,20.0,114.0,240.0,34.0,82.0,0.416,11.33333,31.66667,0.34633,20.0,23.66667,0.84067,7.33333,32.33333,39.66667,21.66667,8.33333,6.0,18.0,20.0,99.33333,0,-0.19867,0.19867,0.20267,0.4093,0.48416,0.52454,0.56956,0.60026,,,,,,,0.0,240.0,34.33333,80.0,0.429,10.66667,33.33333,0.32067,16.33333,22.0,0.74,6.33333,33.0,39.33333,21.66667,8.33333,3.33333,19.0,17.66667,95.66667,240.0,40.66667,86.0,0.47167,16.33333,41.0,0.403,16.66667,23.0,0.71033,9.0,35.0,44.0,26.0,12.0,4.66667,15.33333,18.66667,114.33333,0,0.25291,-0.25291,0.27347,0.18087,0.56636,0.49582,0.62717,0.56439,,,,,,,1.0,,,,
240.0,36.33333,88.33333,0.415,9.0,31.66667,0.282,17.33333,20.33333,0.85767,7.66667,33.33333,41.0,21.33333,7.33333,4.66667,12.0,18.66667,99.0,240.0,42.0,91.66667,0.45833,10.33333,33.66667,0.30433,17.66667,21.0,0.835,12.0,39.0,51.0,25.66667,5.66667,6.0,11.33333,18.66667,112.0,0,0.18201,-0.18201,0.36135,0.19793,0.51461,0.46562,0.58138,0.53678,,,,,,,1.0,240.0,32.66667,85.0,0.38433,13.33333,36.66667,0.36267,18.66667,25.0,0.73733,10.0,29.0,39.0,20.66667,7.33333,3.33333,14.33333,16.0,97.33333,240.0,44.33333,88.33333,0.503,21.0,46.33333,0.453,9.0,10.66667,0.83767,11.0,37.33333,48.33333,33.0,6.33333,5.66667,13.0,21.66667,118.66667,0,0.28655,-0.28655,0.3784,0.26901,0.62321,0.46319,0.65739,0.53779,,,,,,,1.0,,,,
240.0,39.66667,84.0,0.47133,16.66667,41.33333,0.39767,18.0,22.66667,0.78367,8.33333,31.66667,40.0,24.33333,7.66667,4.0,15.0,22.33333,114.0,240.0,39.0,83.66667,0.46567,14.33333,40.33333,0.35267,18.33333,24.66667,0.748,10.33333,33.33333,43.66667,29.33333,8.33333,4.66667,15.33333,20.66667,110.66667,0,-0.03861,0.03861,0.32702,0.24985,0.55198,0.56981,0.62115,0.63971,,,,,,,0.33333,240.0,43.66667,98.33333,0.44433,13.0,38.33333,0.335,12.66667,15.66667,0.84067,11.0,36.0,47.0,27.0,7.33333,4.0,9.66667,22.0,113.0,240.0,38.33333,90.0,0.427,14.33333,44.66667,0.32367,22.66667,31.0,0.73267,14.33333,40.33333,54.66667,21.33333,4.66667,6.0,14.66667,18.33333,113.66667,0,0.01018,-0.01018,0.39282,0.2753,0.50684,0.51003,0.58794,0.55491,,,,,,,0.33333,,,,
240.0,41.33333,87.0,0.47567,13.33333,38.66667,0.344,16.66667,21.33333,0.79133,12.0,34.33333,46.33333,22.66667,10.0,4.0,14.33333,15.66667,112.66667,240.0,40.0,85.66667,0.46633,18.66667,47.33333,0.39533,10.66667,15.33333,0.72167,9.0,30.33333,39.33333,29.33333,9.0,3.66667,14.33333,19.66667,109.33333,0,-0.0444,0.0444,0.26134,0.39921,0.57514,0.55292,0.61338,0.61514,,,,,,,0.33333,248.33333,45.66667,87.0,0.529,13.0,34.33333,0.378,13.0,16.0,0.82433,7.0,28.0,35.0,27.33333,8.66667,4.0,13.66667,17.66667,117.33333,248.33333,42.66667,91.0,0.469,12.33333,34.33333,0.35967,12.33333,14.66667,0.83333,13.66667,32.33333,46.0,27.66667,8.0,3.33333,16.33333,16.66667,110.0,0,-0.07415,0.07415,0.49367,0.28565,0.53704,0.60441,0.58413,0.65283,,,,,,,0.33333,,,,
240.0,41.33333,86.0,0.48033,11.66667,37.66667,0.30733,20.66667,27.0,0.76967,12.66667,34.33333,47.0,21.33333,9.66667,5.0,15.33333,18.33333,115.0,240.0,40.0,86.0,0.468,17.66667,46.0,0.38267,11.33333,16.0,0.739,10.0,32.33333,42.33333,27.66667,7.0,4.0,16.33333,24.0,109.0,1,-0.07622,0.07622,0.28582,0.39719,0.57308,0.54869,0.61439,0.62565,,,,,,,0.33333,240.0,44.0,84.0,0.525,14.66667,33.33333,0.436,14.0,15.66667,0.92067,7.33333,31.33333,38.66667,27.33333,10.0,5.33333,13.0,20.0,116.66667,240.0,37.0,87.33333,0.42667,11.0,35.0,0.318,18.66667,23.33333,0.79933,14.33333,29.0,43.33333,18.33333,8.0,4.0,14.66667,17.33333,103.66667,1,-0.17429,0.17429,0.45173,0.27034,0.48925,0.61276,0.56304,0.66835,,,,,,,0.0,,,,
240.0,36.66667,84.33333,0.436,11.0,36.0,0.316,20.0,25.33333,0.79533,5.66667,36.0,41.66667,22.0,10.66667,8.0,12.0,15.0,104.33333,240.0,41.0,96.0,0.42767,15.33333,42.66667,0.36067,7.33333,10.66667,0.712,12.66667,40.0,52.66667,26.33333,7.0,5.66667,14.0,21.33333,104.66667,1,0.01238,-0.01238,0.36135,0.15241,0.50733,0.50167,0.53249,0.58182,,,,,,,0.33333,240.0,36.66667,78.0,0.471,8.66667,29.0,0.28633,18.66667,25.33333,0.732,8.66667,34.33333,43.0,21.33333,4.66667,8.33333,17.0,20.66667,100.66667,240.0,40.66667,86.66667,0.471,11.33333,32.33333,0.352,20.33333,28.0,0.74467,10.0,30.33333,40.33333,24.33333,11.66667,4.66667,9.33333,22.0,113.0,1,0.16378,-0.16378,0.29762,0.3111,0.53652,0.52737,0.61018,0.60416,,,,,,,0.66667,,,,
240.0,39.0,92.33333,0.42267,10.0,32.33333,0.313,16.0,22.66667,0.69,15.0,33.66667,48.66667,24.33333,7.33333,6.0,10.33333,23.0,104.0,240.0,38.66667,83.0,0.46467,11.33333,33.0,0.333,18.33333,25.0,0.73233,10.33333,35.33333,45.66667,24.0,6.0,3.33333,14.0,21.66667,107.0,1,0.03384,-0.03384,0.33193,0.45265,0.5342,0.47665,0.60503,0.53446,,,,,,,0.66667,240.0,39.66667,85.33333,0.46633,14.33333,37.33333,0.37667,17.33333,21.66667,0.799,10.0,37.0,47.0,24.33333,8.66667,6.66667,13.33333,19.0,111.0,240.0,36.0,87.0,0.414,10.33333,37.66667,0.276,14.0,19.66667,0.69667,10.66667,31.0,41.66667,18.66667,7.0,5.33333,13.0,21.0,96.33333,1,-0.21128,0.21128,0.30785,0.32426,0.47394,0.55132,0.52806,0.61873,,,,,,,0.0,,,,
248.33333,40.66667,92.0,0.44267,11.66667,39.66667,0.294,12.66667,15.66667,0.806,9.66667,35.66667,45.33333,21.33333,9.0,4.33333,12.66667,16.33333,105.66667,248.33333,40.0,87.0,0.45967,15.0,43.0,0.348,14.33333,20.0,0.748,9.33333,37.33333,46.66667,30.0,7.33333,3.33333,14.0,16.33333,109.33333,1,0.04397,-0.04397,0.26908,0.25916,0.54599,0.50592,0.59811,0.55553,,,,,,,0.66667,240.0,40.0,84.33333,0.47467,14.33333,32.0,0.44367,17.66667,20.33333,0.874,10.66667,33.33333,44.0,23.66667,6.66667,4.0,12.66667,14.33333,112.0,240.0,38.66667,89.0,0.43467,10.0,33.0,0.30367,15.33333,17.33333,0.87,10.33333,31.66667,42.0,22.33333,6.66667,6.0,11.66667,20.66667,102.66667,1,-0.12574,0.12574,0.30944,0.34931,0.49078,0.56016,0.55341,0.63128,,,,,,,0.0,,,,
240.0,42.0,87.0,0.48333,17.33333,37.66667,0.45,14.0,15.66667,0.89167,8.0,35.33333,43.33333,26.66667,6.66667,7.0,12.0,17.0,115.33333,240.0,39.33333,92.66667,0.42533,12.33333,36.0,0.338,15.66667,18.66667,0.83567,12.0,33.33333,45.33333,23.33333,7.0,3.66667,11.33333,17.33333,106.66667,1,-0.11368,0.11368,0.33643,0.23958,0.49119,0.58227,0.55162,0.63747,,,,,,,0.0,240.0,37.33333,84.66667,0.44067,15.0,44.0,0.34467,14.33333,19.66667,0.73167,11.66667,34.33333,46.0,22.66667,5.66667,4.33333,13.33333,18.0,104.0,240.0,36.0,81.0,0.44533,9.0,32.33333,0.27967,17.0,19.33333,0.88067,5.0,32.66667,37.66667,20.66667,8.33333,4.66667,10.33333,18.33333,98.0,1,-0.07922,0.07922,0.14573,0.37272,0.50154,0.52988,0.57665,0.58444,,,,,,,0.33333,,,,
248.33333,37.0,90.0,0.41033,8.66667,27.33333,0.32,18.0,23.0,0.795,10.0,32.66667,42.66667,25.0,8.33333,2.0,12.33333,20.66667,100.66667,248.33333,42.66667,88.66667,0.48567,13.66667,33.66667,0.411,13.0,19.0,0.694,10.33333,37.66667,48.0,25.66667,7.0,6.0,15.0,22.33333,112.0,1,0.15643,-0.15643,0.31924,0.26619,0.56191,0.45861,0.60738,0.53054,,,,,,,0.66667,240.0,36.66667,83.66667,0.44,13.0,35.33333,0.36733,18.66667,24.0,0.78467,9.0,29.33333,38.33333,24.0,6.33333,3.66667,13.33333,16.0,105.0,240.0,44.66667,89.0,0.50133,11.0,29.33333,0.37467,12.33333,18.33333,0.677,10.66667,35.33333,46.0,25.66667,9.0,6.0,12.66667,19.0,112.66667,1,0.10731,-0.10731,0.37586,0.25088,0.56376,0.51793,0.60549,0.59218,,,,,,,0.66667,,,,
240.0,42.0,85.0,0.493,13.66667,34.0,0.39467,21.66667,26.33333,0.83067,11.0,31.66667,42.66667,26.33333,7.66667,4.66667,15.33333,19.33333,119.33333,240.0,43.33333,89.0,0.48633,10.0,29.33333,0.33667,19.33333,23.66667,0.81833,10.0,30.0,40.0,22.33333,9.0,4.33333,14.0,20.0,116.0,0,-0.02438,0.02438,0.32759,0.39624,0.54298,0.57293,0.6161,0.6553,,,,,,,0.66667,240.0,37.33333,86.33333,0.433,12.0,32.0,0.37867,14.33333,19.66667,0.72233,10.33333,32.33333,42.66667,25.33333,8.33333,5.66667,16.33333,17.66667,101.0,240.0,43.0,86.66667,0.49833,11.33333,26.66667,0.43867,11.33333,17.33333,0.636,9.66667,33.0,42.66667,26.0,8.66667,3.66667,14.33333,17.33333,108.66667,0,0.10544,-0.10544,0.29929,0.33482,0.5647,0.50267,0.60362,0.55824,,,,,,,1.0,,,,
240.0,36.66667,82.0,0.44733,10.0,31.0,0.322,18.66667,24.33333,0.759,9.66667,35.66667,45.33333,20.0,3.33333,5.0,14.66667,20.0,102.0,240.0,38.33333,87.66667,0.437,14.0,42.0,0.32733,20.33333,26.33333,0.77,9.33333,31.66667,41.0,24.66667,9.33333,3.66667,9.33333,20.0,111.0,0,0.11507,-0.11507,0.26349,0.31679,0.51694,0.50869,0.59427,0.58629,,,,,,,0.66667,256.66667,41.66667,94.0,0.44433,11.66667,38.66667,0.301,13.33333,16.33333,0.83167,8.0,30.33333,38.33333,22.0,10.33333,5.0,12.0,17.66667,108.33333,256.66667,43.33333,91.0,0.47667,12.33333,34.33333,0.35967,14.0,19.33333,0.75267,12.66667,41.66667,54.33333,31.66667,8.0,4.0,18.66667,17.0,113.0,0,0.06855,-0.06855,0.41575,0.18906,0.54453,0.50602,0.59361,0.55599,,,,,,,0.66667,,,,
248.33333,42.0,86.33333,0.488,10.33333,27.0,0.39833,17.66667,23.33333,0.75,9.33333,29.33333,38.66667,25.66667,8.0,5.0,13.0,22.0,112.0,248.33333,39.0,80.0,0.48667,10.66667,26.33333,0.41533,26.33333,30.0,0.88767,8.0,34.0,42.0,24.33333,9.0,5.33333,14.33333,21.66667,115.0,0,0.0395,-0.0395,0.31736,0.3,0.55385,0.54725,0.66395,0.61323,,,,,,,0.66667,240.0,42.66667,92.66667,0.459,13.33333,32.0,0.41533,16.66667,23.33333,0.71667,12.0,33.66667,45.66667,24.33333,6.33333,4.66667,14.33333,20.66667,115.33333,240.0,41.33333,87.33333,0.46933,11.0,32.33333,0.33367,19.0,24.0,0.789,10.66667,34.0,44.66667,21.66667,9.0,6.33333,14.0,22.66667,112.66667,0,-0.04945,0.04945,0.33142,0.36532,0.53103,0.53072,0.60322,0.58837,,,,,,,0.66667,,,,
240.0,44.0,93.66667,0.469,12.66667,35.0,0.36267,14.0,18.66667,0.74933,10.33333,32.66667,43.0,27.33333,10.0,4.66667,11.33333,17.66667,114.66667,240.0,43.0,92.33333,0.46533,12.0,35.0,0.343,15.66667,21.66667,0.714,13.0,35.0,48.0,26.33333,5.66667,4.0,13.66667,18.66667,113.66667,0,-0.01139,0.01139,0.39951,0.29518,0.53061,0.53657,0.58494,0.58607,,,,,,,0.33333,240.0,45.0,94.33333,0.477,11.33333,27.33333,0.407,18.33333,23.66667,0.77433,12.0,32.0,44.0,24.66667,7.0,3.66667,11.0,20.33333,119.66667,240.0,44.66667,89.0,0.50133,12.0,31.66667,0.37333,20.66667,26.66667,0.77767,9.33333,33.0,42.33333,23.33333,6.66667,6.33333,12.33333,21.0,122.0,0,0.02267,-0.02267,0.30407,0.36779,0.56808,0.53608,0.64203,0.59998,,,,,,,0.66667,,,,
240.0,41.66667,92.33333,0.451,12.0,34.33333,0.35433,17.33333,23.0,0.761,16.0,34.33333,50.33333,26.33333,8.33333,5.0,8.0,24.33333,112.66667,240.0,36.0,76.66667,0.471,13.66667,36.66667,0.36933,18.66667,25.33333,0.73633,6.66667,32.33333,39.0,19.33333,3.0,2.33333,14.66667,20.66667,104.33333,0,-0.116,0.116,0.21104,0.51152,0.56024,0.51566,0.63559,0.57852,,,,,,,0.33333,240.0,44.0,92.66667,0.475,17.66667,40.0,0.44133,14.0,15.33333,0.91567,10.66667,31.33333,42.0,28.0,7.66667,6.0,9.66667,21.66667,119.66667,240.0,42.66667,89.66667,0.47667,12.33333,31.0,0.39533,17.0,23.66667,0.72233,13.66667,33.66667,47.33333,30.0,4.66667,5.0,13.33333,19.0,114.66667,0,-0.0613,0.0613,0.44101,0.33808,0.54523,0.57031,0.60497,0.62318,,,,,,,0.33333,,,,
248.33333,44.0,94.33333,0.467,13.0,37.33333,0.34867,16.33333,20.66667,0.791,12.33333,26.33333,38.66667,22.66667,7.33333,4.33333,10.66667,19.66667,117.33333,248.33333,46.33333,94.0,0.494,11.33333,35.66667,0.317,15.33333,20.0,0.77533,15.66667,35.33333,51.0,28.0,6.33333,4.0,14.0,19.66667,119.33333,0,0.03269,-0.03269,0.58799,0.3525,0.5539,0.53488,0.60785,0.59351,,,,,,,0.66667,240.0,36.33333,85.33333,0.42433,8.33333,32.33333,0.249,14.33333,22.0,0.626,10.66667,32.0,42.66667,21.66667,8.33333,3.66667,15.66667,19.0,95.33333,240.0,40.66667,83.0,0.491,15.33333,35.66667,0.427,18.66667,23.33333,0.81067,8.0,36.33333,44.33333,25.66667,8.33333,4.0,13.66667,21.66667,115.33333,0,0.27399,-0.27399,0.25508,0.29475,0.5841,0.4729,0.65541,0.52866,,,,,,,1.0,,,,
240.0,47.0,90.66667,0.519,17.66667,44.33333,0.39033,14.0,18.66667,0.755,11.33333,38.33333,49.66667,25.33333,6.0,4.66667,10.66667,16.0,125.66667,240.0,39.0,90.66667,0.431,10.33333,35.0,0.288,11.0,15.33333,0.717,8.0,28.66667,36.66667,17.66667,7.0,3.33333,12.0,17.33333,99.33333,1,-0.3375,0.3375,0.20807,0.39524,0.487,0.61706,0.52817,0.66444,,,,,,,0.0,240.0,43.0,92.66667,0.469,11.33333,31.66667,0.35167,15.0,21.66667,0.67433,11.33333,32.66667,44.0,24.66667,7.0,4.33333,13.0,21.0,112.33333,240.0,45.0,90.66667,0.496,10.66667,29.66667,0.36167,23.0,27.33333,0.84467,11.66667,36.66667,48.33333,32.33333,7.33333,4.33333,13.0,20.33333,123.66667,1,0.14042,-0.14042,0.36245,0.3113,0.55495,0.53144,0.63845,0.58227,,,,,,,0.66667,,,,
248.33333,44.66667,91.66667,0.48767,14.66667,38.0,0.377,15.33333,18.0,0.87667,6.66667,29.0,35.66667,30.0,9.33333,5.66667,10.0,21.66667,119.33333,248.33333,44.66667,89.0,0.502,12.0,30.66667,0.38867,15.0,21.0,0.72233,12.66667,35.66667,48.33333,30.66667,5.66667,5.33333,17.33333,20.33333,116.33333,1,-0.03574,0.03574,0.43625,0.19549,0.56938,0.56733,0.62161,0.6242,,,,,,,0.33333,240.0,46.0,91.66667,0.503,14.0,35.33333,0.37767,19.0,23.66667,0.822,9.33333,32.33333,41.66667,24.66667,8.66667,5.0,10.0,21.33333,125.0,240.0,42.33333,90.66667,0.468,14.33333,36.66667,0.38933,20.33333,24.33333,0.82733,11.33333,33.33333,44.66667,23.33333,7.66667,4.0,12.0,21.33333,119.33333,1,-0.06891,0.06891,0.35164,0.28258,0.54734,0.57958,0.62328,0.64604,,,,,,,0.0,,,,
240.0,43.33333,86.66667,0.498,15.66667,36.66667,0.42667,25.66667,27.33333,0.944,9.66667,33.66667,43.33333,24.33333,6.0,4.33333,11.33333,20.66667,128.0,240.0,40.66667,87.66667,0.468,16.0,40.66667,0.37167,19.66667,23.66667,0.842,10.33333,29.33333,39.66667,22.33333,5.33333,3.33333,12.33333,24.0,117.0,0,-0.13405,0.13405,0.31001,0.35487,0.56177,0.58837,0.63585,0.6894,,,,,,,0.33333,265.0,44.33333,96.66667,0.461,14.33333,37.66667,0.38733,19.0,24.0,0.80833,11.33333,36.33333,47.66667,29.66667,7.0,3.66667,13.0,21.66667,122.0,265.0,46.33333,92.66667,0.5,12.0,36.33333,0.32867,16.0,24.66667,0.64433,9.33333,36.0,45.33333,30.66667,9.33333,5.66667,14.0,21.33333,120.66667,0,-0.01247,0.01247,0.27854,0.30476,0.56417,0.53776,0.61404,0.60542,,,,,,,0.33333,,,,
240.0,42.0,88.33333,0.47667,14.66667,41.33333,0.35867,16.66667,18.66667,0.899,7.33333,36.66667,44.0,32.33333,9.0,4.66667,12.33333,17.66667,115.33333,240.0,37.0,89.0,0.41633,12.0,36.33333,0.33467,16.66667,21.0,0.78,10.33333,35.33333,45.66667,21.0,8.0,4.66667,15.66667,18.0,102.66667,0,-0.17021,0.17021,0.28175,0.21529,0.48415,0.55959,0.54856,0.62488,,,,,,,0.33333,240.0,36.66667,80.66667,0.457,13.0,35.66667,0.36967,22.33333,27.33333,0.81633,7.33333,33.0,40.33333,21.66667,9.33333,7.0,13.66667,23.0,108.66667,240.0,38.66667,84.33333,0.458,13.0,37.66667,0.33433,17.66667,23.66667,0.75167,11.33333,32.66667,44.0,19.66667,6.66667,3.33333,15.33333,20.66667,108.0,0,-0.00997,0.00997,0.34334,0.21996,0.53467,0.53681,0.60284,0.62981,,,,,,,0.33333,,,,
240.0,40.66667,89.66667,0.453,8.33333,28.0,0.29867,21.33333,24.0,0.899,10.33333,32.33333,42.66667,24.0,8.0,5.33333,14.33333,21.66667,111.0,240.0,38.66667,89.0,0.43733,13.0,37.33333,0.34767,17.33333,23.66667,0.73,11.0,31.33333,42.33333,22.66667,10.0,5.66667,15.33333,21.33333,107.66667,1,-0.04367,0.04367,0.34286,0.33516,0.51079,0.49986,0.57434,0.58503,,,,,,,0.33333,240.0,40.0,92.0,0.43333,14.33333,39.33333,0.36567,19.0,22.33333,0.85667,11.33333,38.66667,50.0,26.33333,8.0,4.33333,13.33333,17.33333,113.33333,240.0,39.66667,88.33333,0.449,8.33333,30.0,0.283,14.33333,23.33333,0.622,8.66667,37.66667,46.33333,19.66667,8.33333,6.66667,13.66667,18.33333,102.0,1,-0.13896,0.13896,0.22786,0.30549,0.49706,0.51106,0.54653,0.58179,,,,,,,0.33333,,,,
248.33333,39.66667,81.66667,0.485,10.66667,30.66667,0.327,19.33333,25.33333,0.75267,7.0,34.0,41.0,24.33333,5.66667,7.66667,15.0,19.66667,109.33333,248.33333,44.66667,92.0,0.48833,13.33333,36.33333,0.36833,16.0,20.33333,0.782,10.66667,31.66667,42.33333,27.33333,8.33333,5.33333,11.66667,20.66667,118.66667,0,0.12719,-0.12719,0.31204,0.23345,0.56004,0.5505,0.61866,0.62639,,,,,,,0.33333,248.33333,41.66667,94.66667,0.44033,13.66667,41.66667,0.32633,18.0,23.33333,0.77533,12.0,32.0,44.0,23.33333,5.0,6.66667,12.0,19.33333,115.0,248.33333,44.0,97.0,0.45567,9.33333,29.0,0.31333,18.66667,24.33333,0.76567,14.0,38.33333,52.33333,27.33333,6.33333,5.0,12.66667,23.33333,116.0,0,0.01212,-0.01212,0.44643,0.32089,0.50345,0.51158,0.57302,0.5762,,,,,,,0.66667,,,,
240.0,35.33333,87.0,0.40733,10.33333,35.33333,0.29567,16.66667,20.0,0.84667,10.0,34.66667,44.66667,24.33333,6.0,4.0,14.0,15.66667,97.66667,240.0,42.33333,89.0,0.47433,15.0,37.66667,0.39633,13.33333,17.33333,0.783,11.0,35.0,46.0,26.66667,7.66667,4.33333,10.66667,19.0,113.0,0,0.2045,-0.2045,0.32771,0.29582,0.55703,0.46691,0.60749,0.53573,,,,,,,1.0,240.0,41.33333,85.66667,0.48933,11.66667,33.0,0.35367,14.0,20.33333,0.68433,9.33333,34.66667,44.0,27.33333,5.0,4.66667,14.0,19.66667,108.33333,240.0,42.66667,90.66667,0.47167,13.0,33.33333,0.387,20.66667,25.0,0.82133,12.66667,31.33333,44.0,26.0,7.0,5.0,9.66667,18.33333,119.0,0,0.13501,-0.13501,0.3624,0.29968,0.54362,0.55828,0.62007,0.60845,,,,,,,1.0,,,,
240.0,41.0,88.0,0.46733,13.66667,36.33333,0.38433,18.66667,22.33333,0.84267,9.33333,37.33333,46.66667,30.33333,6.0,5.33333,12.66667,19.66667,114.33333,240.0,38.0,86.66667,0.43967,11.33333,34.0,0.337,19.0,23.66667,0.80067,7.0,35.0,42.0,22.0,7.0,4.66667,12.66667,20.33333,106.33333,1,-0.10248,0.10248,0.19028,0.28519,0.50539,0.54494,0.5798,0.61638,,,,,,,0.33333,240.0,36.0,85.66667,0.42133,14.33333,42.33333,0.33667,15.33333,18.33333,0.85567,9.0,32.0,41.0,26.66667,6.66667,5.0,13.66667,16.66667,101.66667,240.0,42.66667,91.33333,0.46767,15.0,37.0,0.41633,16.33333,19.66667,0.83067,12.33333,37.0,49.33333,26.0,6.66667,4.66667,12.66667,17.66667,116.66667,1,0.19741,-0.19741,0.39248,0.26175,0.54939,0.50477,0.60997,0.56719,,,,,,,1.0,,,,
240.0,38.0,83.66667,0.45533,15.66667,39.0,0.40533,15.66667,19.66667,0.806,9.0,28.66667,37.66667,25.33333,8.0,4.0,12.33333,19.33333,107.33333,240.0,39.0,86.33333,0.452,12.66667,41.66667,0.29733,20.0,24.66667,0.82267,13.66667,34.0,47.66667,24.66667,5.33333,4.33333,16.0,20.33333,110.66667,0,0.04033,-0.04033,0.4725,0.27114,0.52387,0.54907,0.60291,0.61131,,,,,,,0.33333,240.0,38.66667,89.0,0.434,11.33333,34.0,0.312,12.66667,17.66667,0.75,12.0,31.66667,43.66667,21.33333,7.33333,5.0,17.0,17.33333,101.33333,240.0,42.33333,86.66667,0.491,13.0,32.33333,0.40633,15.66667,19.0,0.82167,9.33333,35.66667,45.0,25.0,11.66667,6.33333,13.66667,18.0,113.33333,0,0.16417,-0.16417,0.29383,0.34632,0.56598,0.49746,0.62633,0.54552,,,,,,,0.66667,,,,
240.0,38.0,83.66667,0.45567,8.33333,31.66667,0.25833,15.66667,19.33333,0.82767,10.66667,35.66667,46.33333,22.33333,5.33333,4.33333,12.0,19.0,100.0,240.0,35.66667,85.66667,0.41533,11.66667,34.66667,0.334,12.33333,17.66667,0.735,9.0,31.66667,40.66667,23.33333,8.0,4.33333,11.33333,22.33333,95.33333,0,-0.07363,0.07363,0.28468,0.34067,0.48408,0.50625,0.53225,0.57072,,,,,,,0.33333,240.0,42.0,83.66667,0.498,16.66667,43.33333,0.37867,16.33333,22.0,0.747,4.33333,39.33333,43.66667,28.66667,6.66667,6.0,15.33333,21.66667,117.0,240.0,38.33333,95.0,0.403,13.33333,43.33333,0.30567,16.66667,23.0,0.71167,11.33333,34.66667,46.0,22.0,10.33333,4.66667,14.66667,20.33333,106.66667,0,-0.11461,0.11461,0.29559,0.14534,0.47338,0.59647,0.53303,0.65817,,,,,,,0.33333,,,,
240.0,34.66667,82.33333,0.42167,9.33333,32.33333,0.287,20.66667,24.0,0.87233,6.66667,33.33333,40.0,19.66667,5.66667,5.66667,14.0,19.33333,99.33333,240.0,42.33333,93.66667,0.45267,11.33333,36.66667,0.30433,17.66667,20.66667,0.84867,11.0,37.0,48.0,26.33333,6.66667,5.33333,10.66667,19.66667,113.66667,0,0.19913,-0.19913,0.33503,0.18316,0.51276,0.47779,0.57897,0.56794,,,,,,,1.0,240.0,40.33333,83.0,0.48533,16.33333,41.33333,0.39367,13.0,16.33333,0.855,9.0,36.66667,45.66667,28.33333,8.0,4.33333,13.33333,17.66667,110.0,240.0,33.33333,84.33333,0.39533,15.0,43.66667,0.34267,15.66667,18.66667,0.82933,9.33333,28.33333,37.66667,22.66667,8.33333,3.66667,11.66667,16.33333,97.33333,0,-0.17585,0.17585,0.26704,0.31971,0.48474,0.58387,0.55081,0.63578,,,,,,,0.0,,,,
240.0,38.0,81.66667,0.46533,16.66667,39.66667,0.42567,10.66667,15.0,0.686,11.33333,31.66667,43.0,25.33333,4.66667,4.0,15.0,15.66667,103.33333,240.0,38.0,83.0,0.45667,13.0,35.0,0.37067,13.0,15.0,0.856,7.0,30.66667,37.66667,24.33333,8.33333,3.66667,11.33333,18.0,102.0,0,-0.01495,0.01495,0.22708,0.37746,0.53571,0.56783,0.59124,0.60846,,,,,,,0.33333,248.33333,43.0,89.33333,0.481,12.33333,32.66667,0.37867,18.66667,23.33333,0.77633,11.33333,33.66667,45.0,27.33333,9.66667,6.33333,17.66667,19.66667,117.0,248.33333,39.66667,88.0,0.45133,12.33333,32.33333,0.39933,17.33333,23.0,0.728,10.0,29.66667,39.66667,25.0,9.33333,5.0,18.0,24.0,109.0,0,-0.10363,0.10363,0.29617,0.38827,0.52225,0.54994,0.58839,0.61949,,,,,,,0.0,,,,
240.0,37.0,82.0,0.452,14.0,40.66667,0.343,17.33333,23.0,0.755,10.0,37.0,47.0,27.0,5.66667,6.33333,14.66667,22.66667,105.33333,240.0,37.0,85.0,0.43333,15.0,40.33333,0.37167,18.33333,24.66667,0.75033,9.0,31.33333,40.33333,21.33333,8.0,3.66667,11.33333,20.33333,107.33333,1,0.02291,-0.02291,0.25397,0.31935,0.52203,0.53738,0.59257,0.60583,,,,,,,0.33333,240.0,37.66667,92.66667,0.411,9.0,35.66667,0.25867,17.33333,22.66667,0.75033,10.0,29.66667,39.66667,21.66667,9.66667,4.66667,12.33333,14.33333,101.66667,240.0,47.0,89.0,0.528,14.66667,36.33333,0.39433,14.0,17.33333,0.75633,10.0,42.0,52.0,28.66667,7.66667,6.0,16.33333,22.0,122.66667,1,0.26667,-0.26667,0.33761,0.23426,0.60894,0.45903,0.66193,0.52324,,,,,,,1.0,,,,
240.0,38.0,88.0,0.43233,9.66667,34.0,0.281,15.66667,20.66667,0.764,8.66667,39.0,47.66667,21.66667,8.0,5.33333,12.66667,19.33333,101.33333,240.0,41.33333,93.33333,0.44367,13.66667,39.66667,0.34133,11.66667,15.0,0.77967,10.0,37.33333,47.33333,28.33333,5.66667,6.66667,11.0,17.66667,108.0,0,0.0962,-0.0962,0.25653,0.2461,0.51715,0.48756,0.55986,0.5484,,,,,,,1.0,240.0,36.33333,85.0,0.42633,11.0,31.66667,0.34967,20.0,25.66667,0.78933,9.0,31.0,40.0,23.33333,8.33333,3.0,11.66667,15.0,103.66667,240.0,44.0,89.66667,0.491,14.66667,38.33333,0.38133,11.66667,16.33333,0.72233,11.0,37.0,48.0,29.0,7.66667,5.0,14.33333,22.0,114.33333,0,0.14265,-0.14265,0.3565,0.24591,0.57275,0.49058,0.61354,0.57141,,,,,,,0.66667,,,,
240.0,41.33333,84.0,0.493,15.0,38.66667,0.38367,19.66667,26.0,0.76567,10.66667,31.0,41.66667,25.66667,7.33333,7.66667,15.0,24.66667,117.33333,240.0,40.66667,83.33333,0.48833,11.33333,33.33333,0.338,23.66667,32.0,0.747,9.0,28.66667,37.66667,19.33333,9.33333,5.0,12.0,23.66667,116.33333,0,-0.0088,0.0088,0.29212,0.3696,0.55625,0.58144,0.64355,0.65432,,,,,,,0.33333,240.0,38.0,87.33333,0.435,9.0,31.33333,0.28133,11.33333,17.33333,0.63533,11.0,30.33333,41.33333,22.0,6.0,4.33333,16.0,17.66667,96.33333,240.0,40.33333,83.0,0.48667,13.66667,31.66667,0.43167,18.0,20.66667,0.88,6.66667,37.0,43.66667,26.33333,9.66667,5.0,13.33333,20.66667,112.33333,0,0.22182,-0.22182,0.2224,0.29861,0.56952,0.48679,0.64256,0.5286,,,,,,,1.0,,,,
248.33333,37.0,83.33333,0.44333,13.0,38.66667,0.339,16.0,23.0,0.70133,4.66667,38.0,42.66667,25.0,6.66667,5.66667,17.0,22.33333,103.0,248.33333,40.0,96.33333,0.41533,11.33333,39.33333,0.293,18.33333,24.0,0.76567,13.0,38.66667,51.66667,21.66667,9.0,4.0,12.0,21.0,109.66667,1,0.09363,-0.09363,0.35049,0.14937,0.47422,0.52119,0.53989,0.58263,,,,,,,0.66667,240.0,38.66667,85.0,0.45633,13.33333,36.0,0.36633,23.66667,29.33333,0.80967,14.0,30.0,44.0,20.66667,8.66667,5.66667,13.0,23.33333,114.33333,240.0,38.66667,79.33333,0.48867,14.66667,39.66667,0.366,18.33333,26.33333,0.68,8.66667,27.0,35.66667,27.33333,7.33333,5.66667,15.33333,25.33333,110.33333,1,-0.04955,0.04955,0.28095,0.52401,0.57993,0.53563,0.65098,0.62703,,,,,,,0.33333,,,,
240.0,40.66667,89.66667,0.454,10.66667,27.33333,0.398,21.66667,27.0,0.80367,12.33333,36.0,48.33333,21.66667,10.33333,4.66667,13.0,20.66667,113.66667,240.0,35.66667,84.0,0.425,15.66667,37.66667,0.41367,20.0,24.0,0.82533,7.66667,33.0,40.66667,23.0,7.66667,7.0,16.33333,20.0,107.0,1,-0.08463,0.08463,0.22264,0.37593,0.51871,0.51343,0.60054,0.59525,,,,,,,0.33333,240.0,44.0,90.0,0.49033,10.66667,24.33333,0.438,15.66667,18.66667,0.85867,10.33333,35.33333,45.66667,25.0,9.33333,4.66667,12.33333,16.0,114.33333,240.0,38.66667,88.0,0.438,13.0,32.66667,0.41567,14.66667,18.66667,0.784,9.33333,32.33333,41.66667,22.66667,7.66667,4.66667,15.0,18.0,105.0,1,-0.13083,0.13083,0.26906,0.32432,0.51199,0.54875,0.56835,0.60782,,,,,,,0.33333,,,,
240.0,36.66667,89.0,0.41233,11.33333,35.33333,0.32067,14.66667,18.33333,0.817,11.33333,34.33333,45.66667,21.33333,7.66667,4.33333,14.66667,17.0,99.33333,240.0,37.33333,88.66667,0.42333,11.33333,35.0,0.349,13.0,18.0,0.71867,11.66667,36.33333,48.0,23.0,8.0,9.0,14.0,16.66667,99.0,0,-0.0057,0.0057,0.33637,0.31117,0.48898,0.47624,0.53982,0.53449,,,,,,,0.33333,240.0,32.66667,83.33333,0.393,15.33333,37.0,0.41,19.33333,24.33333,0.78367,8.0,31.66667,39.66667,22.33333,6.66667,3.66667,13.66667,17.66667,100.0,240.0,45.33333,92.0,0.493,17.66667,41.33333,0.422,11.0,13.0,0.83033,11.0,37.66667,48.66667,30.0,5.66667,3.66667,10.66667,22.33333,119.33333,0,0.25935,-0.25935,0.36349,0.21195,0.58804,0.48598,0.62884,0.56551,,,,,,,1.0,,,,
240.0,38.33333,83.33333,0.46033,12.33333,34.33333,0.358,19.66667,26.0,0.76533,7.33333,35.0,42.33333,24.66667,9.66667,7.0,12.66667,16.0,108.66667,240.0,40.66667,97.66667,0.41733,14.0,38.0,0.36667,8.33333,11.33333,0.75633,15.33333,34.33333,49.66667,24.0,7.66667,4.66667,13.66667,22.0,103.66667,0,-0.06754,0.06754,0.4373,0.2145,0.48927,0.53417,0.51863,0.61039,,,,,,,0.0,240.0,37.0,91.66667,0.408,6.66667,30.66667,0.22067,17.33333,23.66667,0.71867,11.33333,29.0,40.33333,20.33333,10.0,5.0,12.66667,16.66667,98.0,240.0,46.33333,90.0,0.516,14.33333,36.0,0.38867,15.0,16.66667,0.88467,11.0,41.33333,52.33333,28.33333,6.0,6.33333,16.0,21.66667,122.0,0,0.31354,-0.31354,0.37703,0.27304,0.59438,0.44408,0.65343,0.50857,,,,,,,1.0,,,,
248.33333,41.66667,89.0,0.46833,9.66667,30.0,0.312,17.33333,23.33333,0.734,8.66667,33.0,41.66667,24.0,7.0,5.33333,12.33333,23.0,110.33333,248.33333,39.66667,80.0,0.495,10.33333,27.33333,0.38767,26.33333,32.33333,0.81067,5.66667,36.0,41.66667,24.33333,8.0,4.0,13.0,22.0,116.0,0,0.07415,-0.07415,0.17351,0.2596,0.55995,0.52256,0.66573,0.58603,,,,,,,0.66667,240.0,37.0,90.66667,0.40833,9.66667,31.66667,0.29433,13.0,19.0,0.68833,13.0,33.0,46.0,23.0,8.66667,5.66667,16.66667,16.0,96.66667,240.0,43.0,92.33333,0.46633,12.0,32.33333,0.371,9.66667,13.33333,0.73733,12.33333,33.33333,45.66667,26.66667,7.33333,5.66667,13.66667,17.66667,107.66667,0,0.1575,-0.1575,0.38086,0.40163,0.53156,0.46237,0.56556,0.5106,,,,,,,1.0,,,,
240.0,40.66667,97.0,0.41867,10.0,37.0,0.26833,17.66667,25.33333,0.70133,14.33333,34.0,48.33333,19.33333,8.0,6.0,13.0,19.66667,109.0,240.0,46.33333,93.0,0.49967,13.0,35.0,0.37333,17.33333,22.66667,0.757,10.66667,40.66667,51.33333,28.66667,8.66667,8.33333,12.66667,23.0,123.0,0,0.17911,-0.17911,0.32014,0.40384,0.56985,0.46988,0.63001,0.53128,,,,,,,1.0,240.0,32.33333,79.33333,0.407,11.33333,33.0,0.33667,19.66667,24.33333,0.814,9.0,37.0,46.0,22.0,6.66667,3.33333,12.0,19.0,95.66667,240.0,36.66667,88.33333,0.41467,11.66667,33.0,0.35233,15.33333,20.66667,0.73333,11.66667,35.33333,47.0,23.33333,6.0,4.33333,9.66667,20.66667,100.33333,0,0.0721,-0.0721,0.31896,0.25439,0.48006,0.47764,0.53989,0.56441,,,,,,,0.66667,,,,
240.0,45.0,94.66667,0.475,12.66667,31.66667,0.40833,12.66667,16.66667,0.77633,11.0,31.66667,42.66667,27.33333,9.0,6.0,12.0,16.0,115.33333,240.0,45.0,92.66667,0.48567,12.33333,30.33333,0.41867,16.0,20.66667,0.76933,13.0,33.33333,46.33333,25.33333,7.33333,4.33333,13.33333,19.0,118.33333,1,0.03923,-0.03923,0.40995,0.33676,0.55252,0.54156,0.60884,0.586,,,,,,,0.66667,240.0,37.33333,87.33333,0.43,9.66667,31.33333,0.306,19.0,21.33333,0.888,12.33333,32.0,44.33333,23.0,8.33333,3.66667,14.33333,18.33333,103.33333,240.0,41.66667,85.0,0.493,13.66667,29.66667,0.45567,13.33333,17.0,0.75733,9.66667,33.0,42.66667,23.66667,8.33333,5.0,14.33333,18.33333,110.33333,1,0.09684,-0.09684,0.30043,0.37905,0.57209,0.48628,0.62353,0.56545,,,,,,,1.0,,,,
240.0,40.66667,86.66667,0.469,16.0,37.66667,0.424,17.66667,24.33333,0.72833,10.0,27.0,37.0,22.0,8.0,4.66667,7.66667,16.66667,115.0,240.0,48.0,88.33333,0.54333,16.66667,36.0,0.463,14.0,18.0,0.78133,9.66667,35.66667,45.33333,30.66667,3.66667,5.33333,9.66667,19.0,126.66667,1,0.14957,-0.14957,0.39497,0.27963,0.63807,0.5614,0.68677,0.62452,,,,,,,0.66667,240.0,43.0,93.66667,0.45933,14.33333,37.0,0.37533,11.33333,14.0,0.81733,8.66667,30.0,38.66667,28.66667,8.0,5.66667,11.0,21.0,111.66667,240.0,44.0,89.33333,0.493,10.66667,29.0,0.35967,17.0,23.66667,0.72233,14.33333,37.0,51.33333,30.33333,6.66667,5.33333,14.33333,19.33333,115.66667,1,0.05807,-0.05807,0.47849,0.24086,0.55259,0.53586,0.61219,0.57745,,,,,,,0.66667,,,,
240.0,39.66667,85.66667,0.463,14.33333,34.66667,0.38567,16.33333,18.0,0.91233,9.33333,35.66667,45.0,25.33333,7.0,5.66667,11.0,18.33333,110.0,240.0,35.66667,89.33333,0.4,11.0,34.0,0.311,19.33333,22.0,0.87233,12.0,32.66667,44.66667,22.33333,7.0,4.66667,10.66667,15.66667,101.66667,0,-0.11077,0.11077,0.33419,0.28889,0.45971,0.54535,0.54046,0.61265,,,,,,,0.0,240.0,37.0,82.0,0.459,13.0,36.66667,0.34967,19.66667,26.0,0.76,7.33333,37.66667,45.0,26.66667,5.33333,5.33333,11.66667,19.33333,106.66667,240.0,37.33333,88.66667,0.419,13.33333,39.0,0.34133,18.0,21.33333,0.83867,10.33333,33.33333,43.66667,19.0,4.33333,4.66667,9.0,20.33333,106.0,0,-0.00222,0.00222,0.2872,0.21629,0.49496,0.54096,0.56682,0.61738,,,,,,,0.33333,,,,
240.0,35.66667,87.33333,0.40933,11.66667,34.0,0.343,16.33333,18.66667,0.87633,12.0,35.33333,47.33333,19.33333,5.33333,4.33333,15.0,12.66667,99.33333,240.0,40.66667,92.66667,0.44233,13.33333,36.66667,0.38667,7.0,10.33333,0.688,11.33333,35.33333,46.66667,25.0,9.0,6.66667,11.66667,16.0,101.66667,1,0.03204,-0.03204,0.31524,0.3381,0.51543,0.47648,0.54005,0.54528,,,,,,,0.66667,240.0,47.33333,91.66667,0.51833,14.0,35.66667,0.37367,17.33333,20.33333,0.86833,8.33333,33.0,41.33333,29.33333,8.66667,6.33333,12.66667,22.66667,126.0,240.0,40.0,89.0,0.45133,11.0,32.33333,0.33367,24.33333,29.66667,0.823,11.33333,30.66667,42.0,21.0,8.33333,4.0,13.66667,20.66667,115.33333,1,-0.12761,0.12761,0.34551,0.26529,0.51339,0.59508,0.60572,0.65734,,,,,,,0.0,,,,
240.0,44.0,86.66667,0.506,15.0,36.33333,0.41,22.66667,26.66667,0.86233,8.0,29.0,37.0,25.33333,7.0,4.66667,10.0,19.66667,125.66667,240.0,45.0,87.66667,0.51467,14.33333,35.66667,0.367,19.33333,24.0,0.80533,10.0,32.0,42.0,24.33333,5.66667,3.0,13.66667,23.0,123.66667,0,-0.01198,0.01198,0.35668,0.28294,0.59941,0.59244,0.66993,0.67722,,,,,,,0.66667,240.0,44.0,89.33333,0.492,15.33333,37.66667,0.40667,14.0,19.33333,0.736,10.66667,32.0,42.66667,27.66667,12.66667,1.33333,11.33333,21.33333,117.33333,240.0,38.66667,84.0,0.46133,10.66667,31.66667,0.33333,15.0,20.66667,0.73067,12.0,31.66667,43.66667,23.33333,6.0,3.66667,16.66667,17.33333,103.0,0,-0.19106,0.19106,0.37945,0.33804,0.52745,0.57792,0.58681,0.62652,,,,,,,0.0,,,,
240.0,43.33333,89.66667,0.483,10.33333,27.66667,0.364,20.0,22.66667,0.891,7.66667,34.0,41.66667,28.33333,7.66667,7.66667,13.33333,22.33333,117.0,240.0,38.66667,94.0,0.41167,11.66667,35.33333,0.32933,19.0,23.33333,0.79767,12.0,33.33333,45.33333,24.66667,9.66667,4.33333,15.33333,21.33333,108.0,1,-0.11624,0.11624,0.35714,0.23139,0.47363,0.54105,0.54451,0.6183,,,,,,,0.0,240.0,41.66667,101.66667,0.40833,11.33333,35.66667,0.31033,10.0,12.0,0.806,15.33333,36.66667,52.0,29.33333,9.0,4.0,11.66667,20.66667,104.66667,240.0,39.0,84.0,0.46733,8.66667,26.33333,0.33933,14.33333,20.33333,0.70433,8.33333,36.33333,44.66667,22.66667,6.33333,6.33333,14.33333,19.0,101.0,1,-0.05083,0.05083,0.2336,0.43033,0.51937,0.46405,0.57394,0.50191,,,,,,,0.33333,,,,
240.0,38.66667,88.33333,0.436,13.66667,35.0,0.39233,18.33333,22.0,0.82967,13.66667,31.33333,45.0,22.33333,4.0,4.66667,13.66667,14.0,109.33333,240.0,45.33333,91.0,0.497,15.33333,32.66667,0.46833,12.0,16.0,0.718,10.0,34.0,44.0,25.0,9.0,6.33333,9.33333,18.66667,118.0,1,0.1094,-0.1094,0.32874,0.40661,0.58118,0.51289,0.62156,0.5855,,,,,,,1.0,248.33333,42.66667,93.33333,0.45733,12.66667,39.0,0.321,17.0,22.0,0.781,8.33333,33.66667,42.0,22.33333,6.66667,6.66667,10.0,18.33333,115.0,248.33333,46.66667,101.0,0.46433,11.0,29.0,0.38567,13.0,16.0,0.81833,14.66667,39.66667,54.33333,25.66667,6.33333,4.66667,11.66667,18.0,117.33333,1,0.0293,-0.0293,0.4522,0.20788,0.52001,0.52404,0.56525,0.58551,,,,,,,0.66667,,,,
240.0,35.66667,84.33333,0.42233,11.33333,32.33333,0.339,15.66667,22.66667,0.68933,8.33333,31.0,39.33333,21.66667,5.0,5.33333,13.33333,14.66667,98.33333,240.0,45.33333,94.66667,0.48633,13.33333,32.0,0.40867,9.33333,11.33333,0.81033,10.66667,38.33333,49.0,31.0,8.66667,6.66667,9.0,20.66667,113.33333,1,0.20935,-0.20935,0.33725,0.21884,0.55949,0.48971,0.59439,0.54968,,,,,,,0.66667,240.0,44.66667,89.0,0.50233,15.66667,40.33333,0.38567,18.0,22.66667,0.802,8.0,33.0,41.0,29.66667,9.33333,5.66667,11.66667,23.33333,123.0,240.0,38.33333,84.33333,0.45333,11.33333,31.33333,0.35467,25.0,31.33333,0.79833,10.33333,31.66667,42.0,21.0,6.33333,5.66667,13.66667,20.66667,113.0,1,-0.12088,0.12088,0.31426,0.24846,0.52101,0.59004,0.61854,0.65468,,,,,,,0.0,,,,
240.0,37.66667,85.33333,0.44167,8.33333,34.33333,0.23467,16.66667,19.0,0.885,9.66667,34.66667,44.33333,23.33333,5.33333,3.0,9.33333,20.33333,100.33333,240.0,35.66667,81.33333,0.438,13.66667,35.66667,0.38433,15.33333,19.66667,0.793,7.0,32.66667,39.66667,24.33333,5.33333,4.33333,10.0,22.0,100.33333,0,-0.00842,0.00842,0.2354,0.29689,0.52239,0.49084,0.58542,0.56101,,,,,,,0.66667,240.0,42.0,98.66667,0.42633,13.66667,39.66667,0.339,11.33333,13.66667,0.85,12.33333,35.0,47.33333,27.66667,7.0,4.0,12.0,22.33333,109.0,240.0,39.0,89.0,0.43967,15.33333,45.33333,0.34333,21.0,29.66667,0.70567,13.33333,39.66667,53.0,23.0,5.33333,6.33333,15.66667,18.0,114.33333,0,0.06509,-0.06509,0.37235,0.31906,0.52608,0.49493,0.60015,0.53624,,,,,,,0.66667,,,,
248.33333,42.33333,94.0,0.45133,13.0,41.33333,0.315,11.33333,14.0,0.808,11.66667,33.33333,45.0,21.66667,10.33333,3.0,13.66667,15.0,109.0,248.33333,40.0,85.66667,0.46633,16.66667,44.33333,0.37467,13.33333,18.66667,0.74933,9.33333,35.66667,45.0,30.66667,9.33333,3.33333,15.66667,14.66667,110.0,1,0.00902,-0.00902,0.28248,0.33535,0.5639,0.52079,0.61219,0.56324,,,,,,,0.66667,248.33333,36.33333,85.0,0.428,13.66667,38.66667,0.35367,15.33333,20.66667,0.751,10.33333,30.66667,41.0,24.0,6.66667,3.0,13.0,20.0,101.66667,248.33333,41.33333,89.0,0.468,14.0,39.66667,0.35333,16.0,19.0,0.844,10.66667,37.66667,48.33333,26.66667,6.33333,4.66667,10.0,20.66667,112.66667,1,0.14712,-0.14712,0.40794,0.28591,0.54801,0.50852,0.6096,0.56892,,,,,,,0.66667,,,,
240.0,43.33333,95.66667,0.452,10.0,26.66667,0.38333,21.66667,27.0,0.80367,15.0,33.33333,48.33333,25.33333,10.66667,5.0,11.66667,20.0,118.33333,240.0,36.66667,83.66667,0.439,14.0,34.66667,0.397,19.33333,23.66667,0.812,9.0,31.66667,40.66667,24.33333,7.0,8.0,18.0,20.66667,106.66667,1,-0.14549,0.14549,0.27119,0.48321,0.5227,0.5042,0.60136,0.58125,,,,,,,0.33333,240.0,38.33333,93.66667,0.413,11.66667,41.0,0.28933,19.33333,23.33333,0.82533,12.0,31.0,43.0,23.66667,9.66667,6.0,10.0,14.66667,107.66667,240.0,46.33333,90.33333,0.51133,15.33333,36.66667,0.41333,11.0,14.0,0.769,10.0,38.66667,48.66667,27.0,6.33333,6.0,14.33333,20.0,119.0,1,0.13852,-0.13852,0.32222,0.32449,0.59546,0.47639,0.63591,0.54944,,,,,,,0.66667,,,,
240.0,41.33333,83.66667,0.49833,10.33333,29.66667,0.336,17.33333,23.66667,0.72733,7.33333,31.66667,39.0,26.33333,7.33333,4.33333,12.0,20.66667,110.33333,240.0,39.66667,84.33333,0.472,12.0,38.33333,0.31267,21.33333,26.33333,0.82167,10.33333,35.33333,45.66667,19.66667,5.33333,3.0,13.66667,22.33333,112.66667,0,0.03414,-0.03414,0.33087,0.20468,0.54288,0.56191,0.62696,0.62606,,,,,,,0.33333,240.0,32.66667,79.66667,0.41233,13.0,34.33333,0.37267,18.66667,23.33333,0.78267,8.33333,34.33333,42.66667,20.66667,7.0,4.0,15.0,19.0,97.0,240.0,42.0,90.66667,0.46267,14.66667,38.33333,0.37267,12.33333,16.0,0.77467,13.66667,35.33333,49.0,27.0,5.33333,2.0,12.33333,21.66667,111.0,0,0.19436,-0.19436,0.40582,0.23657,0.54267,0.49401,0.58852,0.57271,,,,,,,1.0,,,,
240.0,40.0,83.0,0.48133,10.33333,33.33333,0.30133,17.33333,25.33333,0.67467,10.0,31.0,41.0,24.66667,10.66667,3.33333,16.33333,18.66667,107.66667,240.0,45.0,87.0,0.51967,14.66667,37.0,0.395,16.66667,21.33333,0.771,11.0,29.0,40.0,29.33333,7.0,5.33333,14.33333,24.0,121.33333,0,0.1782,-0.1782,0.35098,0.34907,0.60538,0.54253,0.66474,0.60908,,,,,,,0.66667,240.0,39.66667,87.66667,0.453,14.0,43.0,0.32367,14.0,15.0,0.92933,9.0,34.33333,43.33333,29.0,8.33333,4.33333,13.33333,15.33333,107.33333,240.0,39.66667,88.33333,0.449,13.0,33.0,0.40167,13.0,16.66667,0.773,10.33333,34.66667,45.0,21.33333,8.33333,4.0,13.66667,15.33333,105.33333,0,-0.03084,0.03084,0.29849,0.27958,0.52268,0.53242,0.57222,0.58986,,,,,,,0.66667,,,,
240.0,42.33333,89.0,0.47733,12.66667,38.66667,0.329,17.0,20.0,0.86,10.0,38.66667,48.66667,29.0,9.0,4.33333,14.33333,17.0,114.33333,240.0,38.0,91.0,0.417,11.33333,35.66667,0.32167,15.0,19.0,0.77533,11.66667,32.33333,44.0,22.0,9.66667,4.66667,14.66667,19.33333,102.33333,0,-0.16045,0.16045,0.30368,0.30233,0.47965,0.54892,0.53684,0.6143,,,,,,,0.33333,248.33333,38.33333,90.66667,0.42367,13.0,39.33333,0.33467,11.0,13.66667,0.818,8.66667,29.0,37.66667,18.66667,10.33333,5.0,11.66667,17.0,100.66667,248.33333,41.66667,87.66667,0.47767,12.66667,35.33333,0.35867,16.0,21.33333,0.78033,12.0,41.66667,53.66667,30.0,7.0,3.33333,16.33333,16.0,112.0,0,0.15805,-0.15805,0.40782,0.20758,0.55009,0.49587,0.60886,0.53981,,,,,,,1.0,,,,
240.0,34.33333,81.33333,0.422,13.0,35.33333,0.366,21.66667,26.33333,0.82433,12.33333,33.33333,45.66667,20.33333,6.66667,4.66667,12.66667,21.33333,103.33333,240.0,35.33333,81.33333,0.439,13.33333,37.33333,0.355,18.33333,23.33333,0.78267,9.66667,31.0,40.66667,24.33333,6.33333,4.66667,12.33333,21.33333,102.33333,1,-0.01038,0.01038,0.28187,0.41877,0.5207,0.50154,0.59793,0.59244,,,,,,,0.66667,240.0,33.0,83.0,0.39833,13.33333,43.66667,0.304,20.66667,26.33333,0.79833,7.66667,35.66667,43.33333,25.33333,6.33333,6.33333,14.0,21.0,100.0,240.0,39.0,88.33333,0.44333,13.66667,37.33333,0.37533,18.0,24.66667,0.726,10.66667,39.66667,50.33333,26.33333,8.66667,4.66667,12.66667,21.33333,109.66667,1,0.13545,-0.13545,0.29817,0.20156,0.52225,0.47814,0.58935,0.56364,,,,,,,1.0,,,,
240.0,37.0,88.0,0.422,13.0,39.66667,0.32733,17.33333,23.0,0.76367,9.0,34.66667,43.66667,23.0,8.33333,5.0,13.0,15.0,104.33333,240.0,42.0,95.66667,0.44067,13.66667,37.33333,0.365,9.33333,13.66667,0.68367,13.66667,36.0,49.66667,25.66667,8.0,5.0,12.66667,20.66667,107.0,0,0.03524,-0.03524,0.39155,0.24837,0.51246,0.49678,0.54398,0.56324,,,,,,,0.33333,240.0,44.66667,91.0,0.49233,9.33333,26.33333,0.35733,16.66667,19.66667,0.866,12.66667,34.0,46.66667,27.66667,9.33333,5.66667,12.33333,15.33333,115.33333,240.0,38.0,85.66667,0.44167,12.0,30.66667,0.407,16.0,19.0,0.824,9.0,30.33333,39.33333,23.0,8.33333,5.66667,15.0,19.0,104.0,0,-0.15627,0.15627,0.26958,0.42842,0.5115,0.54344,0.57716,0.60562,,,,,,,0.33333,,,,
240.0,46.33333,91.0,0.511,17.33333,40.0,0.43233,13.66667,15.0,0.91367,6.33333,31.0,37.33333,32.33333,8.33333,6.66667,11.0,22.66667,123.66667,240.0,42.66667,88.33333,0.48333,10.66667,28.66667,0.36367,20.66667,28.33333,0.72733,12.66667,32.66667,45.33333,27.33333,5.0,4.66667,15.0,18.66667,116.66667,0,-0.08101,0.08101,0.41524,0.19858,0.5435,0.60658,0.61726,0.65771,,,,,,,0.33333,240.0,38.0,84.33333,0.452,12.0,33.33333,0.35867,18.33333,26.0,0.71133,9.0,38.33333,47.33333,24.66667,7.33333,3.66667,9.66667,17.66667,106.33333,240.0,37.33333,88.33333,0.42033,12.66667,34.33333,0.36967,12.0,15.0,0.76267,9.33333,36.0,45.33333,21.33333,5.0,5.0,11.33333,22.66667,99.33333,0,-0.10635,0.10635,0.26819,0.25204,0.4927,0.52355,0.54028,0.59171,,,,,,,0.33333,,,,
248.33333,40.0,81.0,0.49267,12.33333,30.66667,0.40267,19.33333,24.66667,0.77967,7.33333,34.0,41.33333,24.33333,7.0,5.66667,13.66667,21.33333,111.66667,248.33333,39.33333,87.33333,0.45,12.0,34.33333,0.35,18.0,22.66667,0.78767,10.66667,30.66667,41.33333,24.33333,6.0,4.33333,13.66667,20.66667,108.66667,0,-0.03922,0.03922,0.31204,0.24628,0.51779,0.56877,0.59148,0.64517,,,,,,,0.0,240.0,37.0,77.33333,0.479,11.66667,32.0,0.36567,16.0,23.0,0.695,9.66667,34.33333,44.0,25.0,6.0,6.0,18.66667,20.33333,101.66667,240.0,39.0,88.0,0.44533,11.33333,34.0,0.334,16.33333,26.33333,0.626,11.66667,30.0,41.66667,24.33333,14.0,3.66667,11.66667,20.33333,105.66667,0,0.05394,-0.05394,0.33806,0.32769,0.5098,0.55395,0.5655,0.61681,,,,,,,0.66667,,,,
240.0,43.0,88.0,0.48867,14.66667,36.0,0.41033,13.66667,19.33333,0.71533,12.33333,29.0,41.33333,28.33333,6.33333,3.33333,10.66667,17.66667,114.33333,240.0,42.0,86.0,0.48967,17.33333,41.66667,0.41133,18.66667,20.0,0.92367,10.66667,32.33333,43.0,27.33333,5.33333,5.66667,10.66667,17.66667,120.0,0,0.0806,-0.0806,0.41068,0.37582,0.59124,0.57251,0.66546,0.62065,,,,,,,0.66667,240.0,38.33333,89.33333,0.43133,7.0,25.33333,0.273,13.66667,20.66667,0.661,10.0,29.66667,39.66667,22.0,10.0,5.0,14.66667,18.66667,97.33333,240.0,42.66667,89.66667,0.479,11.0,32.0,0.341,16.0,18.33333,0.87633,12.66667,37.0,49.66667,25.66667,6.33333,5.0,16.0,21.33333,112.33333,0,0.20831,-0.20831,0.42217,0.26907,0.54003,0.4705,0.60386,0.52051,,,,,,,1.0,,,,
240.0,42.33333,96.0,0.44,10.66667,34.33333,0.305,13.66667,20.0,0.68933,16.66667,33.0,49.66667,20.66667,8.0,4.66667,16.0,19.0,109.0,240.0,47.33333,91.0,0.51967,12.33333,32.33333,0.38067,14.66667,19.33333,0.74033,8.66667,35.33333,44.0,28.0,10.66667,7.33333,12.33333,21.0,121.66667,0,0.16384,-0.16384,0.27245,0.49643,0.58774,0.49527,0.63946,0.54187,,,,,,,1.0,240.0,36.0,81.66667,0.43933,10.33333,34.33333,0.29967,18.0,23.0,0.79133,8.0,34.0,42.0,22.0,8.33333,3.66667,16.66667,20.33333,100.33333,240.0,38.66667,86.66667,0.44533,15.66667,41.66667,0.379,19.33333,27.0,0.71033,9.33333,35.66667,45.0,25.33333,10.0,2.33333,14.0,18.66667,112.33333,0,0.16246,-0.16246,0.27379,0.22621,0.53593,0.50294,0.60634,0.57811,,,,,,,0.66667,,,,
240.0,48.33333,101.66667,0.478,13.0,34.33333,0.39,9.66667,12.33333,0.77067,15.66667,35.66667,51.33333,29.33333,8.33333,5.66667,10.66667,16.33333,119.33333,240.0,42.0,90.66667,0.462,12.0,31.33333,0.39733,17.0,21.33333,0.797,11.0,33.33333,44.33333,22.33333,7.33333,4.66667,12.0,17.33333,113.0,1,-0.09039,0.09039,0.32188,0.47401,0.52814,0.54222,0.59104,0.57529,,,,,,,0.33333,240.0,36.66667,87.66667,0.41833,11.66667,37.33333,0.31267,16.33333,21.0,0.804,9.66667,35.0,44.66667,24.33333,8.33333,4.0,15.66667,15.66667,101.33333,240.0,41.0,88.0,0.465,9.33333,30.0,0.32,13.0,19.0,0.688,8.33333,39.0,47.33333,21.0,9.33333,6.0,13.66667,18.66667,104.33333,1,0.03608,-0.03608,0.26554,0.24925,0.51855,0.48475,0.56586,0.54922,,,,,,,0.66667,,,,
240.0,36.66667,85.0,0.43533,11.0,32.66667,0.324,21.0,24.66667,0.84533,7.33333,35.33333,42.66667,21.66667,8.0,4.33333,13.33333,22.0,105.33333,240.0,42.66667,89.66667,0.476,10.0,32.33333,0.309,18.66667,22.0,0.84167,9.0,36.33333,45.33333,23.66667,5.0,4.66667,11.0,21.66667,114.0,0,0.11838,-0.11838,0.25411,0.20013,0.53178,0.50126,0.60302,0.58779,,,,,,,1.0,240.0,46.0,91.0,0.508,15.33333,35.33333,0.42333,11.0,15.0,0.739,10.0,33.66667,43.66667,30.33333,6.66667,5.33333,12.0,19.33333,118.33333,240.0,41.66667,90.0,0.463,9.66667,29.66667,0.32467,20.0,24.66667,0.81333,13.33333,32.66667,46.0,28.66667,6.66667,4.0,12.66667,17.0,113.0,0,-0.05394,0.05394,0.40585,0.3103,0.51661,0.59289,0.59207,0.63035,,,,,,,0.33333,,,,
240.0,41.0,87.0,0.472,7.66667,26.33333,0.28233,13.66667,20.33333,0.671,6.33333,31.0,37.33333,22.33333,8.66667,3.66667,12.0,23.0,103.33333,240.0,41.33333,80.0,0.51633,9.0,29.0,0.31033,25.0,29.33333,0.855,6.33333,38.66667,45.0,25.33333,8.0,3.33333,14.33333,21.0,116.66667,1,0.17574,-0.17574,0.21598,0.16778,0.5726,0.51554,0.67488,0.56492,,,,,,,1.0,240.0,45.66667,92.0,0.49567,13.0,36.66667,0.35267,16.0,20.0,0.79067,8.0,30.33333,38.33333,24.66667,7.66667,4.0,9.66667,20.66667,120.33333,240.0,46.0,87.66667,0.52633,18.33333,41.66667,0.42833,18.66667,23.0,0.80933,10.0,36.0,46.0,26.0,6.33333,4.33333,13.33333,21.0,129.0,1,0.10688,-0.10688,0.33385,0.22079,0.63303,0.56594,0.69931,0.6233,,,,,,,0.66667,,,,
240.0,37.33333,87.0,0.42933,10.33333,34.66667,0.29967,23.0,26.66667,0.865,8.33333,37.66667,46.0,23.66667,5.66667,3.33333,9.66667,24.66667,108.0,240.0,35.33333,82.33333,0.429,13.33333,35.66667,0.375,21.0,28.0,0.73967,7.33333,34.33333,41.66667,23.0,6.0,5.33333,11.33333,23.66667,105.0,1,-0.05503,0.05503,0.20536,0.24194,0.51077,0.48919,0.59213,0.58204,,,,,,,0.66667,248.33333,42.33333,89.0,0.47567,11.66667,33.33333,0.35,17.0,21.0,0.811,9.66667,37.0,46.66667,27.0,8.33333,3.0,14.0,21.33333,113.33333,248.33333,38.33333,87.66667,0.43767,16.33333,42.0,0.38633,18.66667,22.66667,0.818,8.0,34.33333,42.33333,22.66667,7.66667,5.0,13.66667,19.66667,111.66667,1,-0.02627,0.02627,0.22058,0.28322,0.53169,0.54128,0.60576,0.60615,,,,,,,0.33333,,,,
240.0,38.66667,84.33333,0.45567,13.0,35.0,0.37467,19.33333,23.0,0.83933,10.66667,31.33333,42.0,22.66667,5.33333,4.66667,15.0,16.33333,109.66667,240.0,46.0,92.0,0.499,17.66667,36.66667,0.48033,15.0,20.0,0.73233,10.33333,33.33333,43.66667,26.33333,10.0,3.33333,10.0,19.33333,124.66667,0,0.18743,-0.18743,0.33884,0.3301,0.59575,0.53213,0.64509,0.61141,,,,,,,1.0,240.0,38.33333,84.0,0.45733,13.0,33.66667,0.38467,19.33333,24.0,0.82,8.33333,32.0,40.33333,28.0,6.0,3.66667,13.0,18.33333,109.0,240.0,45.33333,89.66667,0.50533,9.66667,30.66667,0.31367,13.66667,21.0,0.66133,10.66667,34.66667,45.33333,28.33333,8.66667,5.0,12.33333,19.33333,114.0,0,0.06735,-0.06735,0.36404,0.23918,0.55938,0.53498,0.6045,0.61182,,,,,,,0.66667,,,,
240.0,37.33333,87.0,0.43067,8.0,30.33333,0.25667,18.33333,24.66667,0.754,12.0,30.33333,42.33333,22.0,8.66667,4.33333,16.0,18.0,101.0,240.0,43.66667,91.33333,0.47833,12.0,32.33333,0.36733,14.66667,16.66667,0.89133,12.0,35.33333,47.33333,23.33333,8.0,6.66667,15.33333,20.0,114.0,0,0.17966,-0.17966,0.40194,0.35053,0.5443,0.47758,0.60103,0.54913,,,,,,,1.0,240.0,40.0,86.33333,0.463,13.33333,42.66667,0.31133,14.66667,18.66667,0.83833,11.0,36.66667,47.66667,27.66667,5.66667,5.33333,15.33333,16.66667,108.0,240.0,41.33333,94.0,0.43967,14.33333,37.66667,0.38967,13.0,15.66667,0.81067,12.33333,31.0,43.33333,22.66667,8.66667,3.0,10.0,16.66667,110.0,0,0.01664,-0.01664,0.33481,0.35518,0.51559,0.53974,0.56285,0.59657,,,,,,,0.66667,,,,
240.0,41.33333,88.33333,0.469,6.66667,25.33333,0.26133,14.66667,20.0,0.73133,8.0,31.33333,39.33333,23.0,8.66667,3.33333,11.66667,22.0,104.0,240.0,40.66667,80.66667,0.50433,10.33333,33.0,0.312,21.66667,28.33333,0.773,7.66667,36.33333,44.0,22.33333,7.0,4.66667,15.0,22.33333,113.33333,1,0.12227,-0.12227,0.25196,0.21983,0.56823,0.50636,0.65251,0.56107,,,,,,,0.66667,240.0,37.0,86.33333,0.43133,12.33333,38.0,0.31933,16.33333,21.0,0.78467,9.66667,38.0,47.66667,25.66667,7.66667,3.66667,13.0,17.33333,102.66667,240.0,35.0,85.0,0.41067,14.66667,41.33333,0.35367,14.66667,18.0,0.805,8.33333,33.33333,41.66667,22.33333,7.66667,5.0,12.0,18.66667,99.33333,1,-0.04342,0.04342,0.22421,0.29407,0.49796,0.50434,0.55847,0.56895,,,,,,,0.33333,,,,
240.0,38.66667,86.66667,0.448,10.66667,29.0,0.36733,18.66667,25.66667,0.71733,11.0,34.66667,45.66667,22.66667,6.0,3.0,11.66667,16.33333,106.66667,240.0,40.66667,90.66667,0.44867,9.66667,30.66667,0.31067,17.66667,20.0,0.885,11.0,36.0,47.0,24.0,8.33333,6.66667,9.66667,23.33333,108.66667,0,0.02923,-0.02923,0.32771,0.30735,0.50172,0.51005,0.57147,0.58025,,,,,,,0.33333,240.0,36.33333,82.33333,0.44233,13.33333,37.0,0.366,17.33333,27.0,0.64267,7.0,35.33333,42.33333,23.33333,8.0,3.66667,11.33333,17.66667,103.33333,240.0,41.33333,93.0,0.44433,11.0,33.33333,0.331,13.66667,16.0,0.814,13.33333,39.0,52.33333,22.33333,6.33333,4.0,11.33333,22.66667,107.33333,0,0.05847,-0.05847,0.38832,0.18907,0.50374,0.52289,0.556,0.58574,,,,,,,0.66667,,,,
240.0,41.0,86.33333,0.47233,13.33333,36.33333,0.37033,18.33333,22.0,0.83533,10.66667,31.33333,42.0,23.66667,6.0,4.66667,17.33333,19.66667,113.66667,240.0,46.66667,92.33333,0.50433,17.33333,40.33333,0.43433,18.0,23.0,0.799,9.0,31.66667,40.66667,28.33333,10.0,4.66667,11.0,19.0,128.66667,0,0.18649,-0.18649,0.30074,0.34814,0.59914,0.54928,0.66,0.6215,,,,,,,1.0,240.0,42.33333,88.66667,0.47667,13.66667,35.66667,0.37933,14.66667,19.66667,0.75433,13.0,32.66667,45.66667,27.0,13.66667,2.0,15.0,23.0,113.0,240.0,36.33333,79.0,0.46167,12.33333,32.0,0.38267,17.66667,22.66667,0.78367,9.33333,30.66667,40.0,18.33333,7.66667,4.0,19.66667,18.33333,102.66667,0,-0.142,0.142,0.28756,0.42604,0.5401,0.55356,0.61315,0.60701,,,,,,,0.33333,,,,
240.0,39.33333,82.33333,0.47933,10.66667,30.0,0.36033,20.66667,24.33333,0.851,5.66667,35.0,40.66667,21.33333,9.0,6.33333,12.0,22.66667,110.0,240.0,39.0,87.0,0.44867,8.66667,27.66667,0.32633,17.66667,23.0,0.79367,11.66667,32.66667,44.33333,19.66667,6.33333,3.0,13.33333,18.66667,104.33333,1,-0.07838,0.07838,0.33226,0.18031,0.49854,0.54453,0.56794,0.6304,,,,,,,0.33333,240.0,34.66667,84.66667,0.41,10.33333,34.66667,0.29833,16.33333,22.0,0.738,14.66667,37.0,51.66667,21.66667,4.66667,3.66667,16.66667,18.0,96.0,240.0,42.66667,91.66667,0.462,12.33333,34.66667,0.35533,13.33333,18.66667,0.71167,10.66667,34.33333,45.0,25.0,10.66667,6.0,8.66667,19.66667,111.0,1,0.19862,-0.19862,0.2871,0.42273,0.5295,0.47144,0.57783,0.53806,,,,,,,1.0,,,,
240.0,43.66667,92.66667,0.477,13.66667,38.66667,0.36733,16.66667,20.66667,0.79267,10.66667,32.33333,43.0,29.66667,7.66667,4.66667,11.0,15.66667,117.66667,240.0,45.66667,90.0,0.50633,17.66667,41.66667,0.41967,16.66667,18.66667,0.86033,9.33333,36.0,45.33333,29.66667,5.66667,5.66667,13.33333,18.33333,125.66667,0,0.09666,-0.09666,0.28846,0.30135,0.60495,0.5522,0.66821,0.61178,,,,,,,0.66667,240.0,44.0,93.0,0.47267,11.33333,34.0,0.32967,14.0,19.33333,0.724,10.0,34.0,44.0,26.0,7.0,4.33333,10.66667,21.0,113.33333,240.0,42.66667,87.66667,0.485,14.0,39.33333,0.358,18.33333,25.33333,0.73033,9.66667,37.0,46.66667,23.0,7.0,5.33333,12.0,19.66667,117.66667,0,0.05443,-0.05443,0.28792,0.26966,0.56513,0.53303,0.62996,0.58185,,,,,,,0.33333,,,,
240.0,43.33333,87.66667,0.493,16.66667,41.66667,0.40233,14.66667,19.33333,0.79833,6.0,33.33333,39.33333,29.66667,8.33333,6.66667,12.0,21.66667,118.0,240.0,41.33333,90.33333,0.458,8.33333,28.33333,0.299,20.66667,27.33333,0.76567,13.0,34.33333,47.33333,24.0,5.66667,3.66667,14.33333,20.0,111.66667,1,-0.06361,0.06361,0.39143,0.18654,0.50397,0.58779,0.57979,0.64133,,,,,,,0.33333,240.0,40.33333,96.66667,0.41733,10.33333,33.0,0.30967,14.0,16.33333,0.80867,15.33333,35.66667,51.0,26.66667,8.0,4.33333,10.66667,17.66667,105.0,240.0,39.66667,86.0,0.46467,12.0,29.66667,0.40333,11.66667,16.33333,0.70433,9.66667,34.66667,44.33333,23.0,6.0,4.33333,12.0,17.33333,103.0,1,-0.02746,0.02746,0.27771,0.44362,0.53361,0.47173,0.57799,0.52895,,,,,,,0.66667,,,,
240.0,42.0,85.66667,0.49267,13.0,38.66667,0.34033,16.33333,24.0,0.67167,11.0,33.66667,44.66667,25.66667,6.33333,5.33333,16.0,18.66667,113.33333,240.0,45.0,94.66667,0.47767,14.33333,39.0,0.36833,17.66667,20.33333,0.85033,12.66667,28.66667,41.33333,29.0,7.66667,4.33333,11.0,23.66667,122.0,0,0.10183,-0.10183,0.37386,0.38128,0.55352,0.56837,0.61753,0.62633,,,,,,,0.66667,240.0,40.33333,83.0,0.486,6.33333,28.0,0.22833,15.66667,18.66667,0.83267,9.0,31.66667,40.66667,19.66667,6.0,4.0,13.66667,22.0,102.66667,240.0,40.33333,88.33333,0.456,9.0,32.66667,0.271,19.66667,23.66667,0.85067,11.0,31.0,42.0,23.33333,8.0,5.0,9.33333,19.33333,109.33333,0,0.09025,-0.09025,0.3539,0.29309,0.50716,0.52425,0.58401,0.58912,,,,,,,0.66667,,,,
240.0,43.66667,86.0,0.50767,16.0,36.0,0.44633,15.66667,22.66667,0.68767,11.33333,30.33333,41.66667,25.66667,6.66667,3.0,8.33333,17.33333,119.0,240.0,43.33333,88.66667,0.489,16.0,38.33333,0.41533,18.0,20.0,0.88667,11.66667,32.66667,44.33333,28.0,4.33333,4.66667,9.0,17.33333,120.66667,0,0.03344,-0.03344,0.43152,0.34444,0.58002,0.60078,0.64958,0.65428,,,,,,,0.33333,248.33333,40.33333,86.66667,0.46533,12.0,33.0,0.36267,20.66667,25.66667,0.80433,9.66667,38.33333,48.0,25.0,8.66667,2.33333,15.33333,22.33333,113.33333,248.33333,36.0,86.33333,0.41733,15.33333,42.33333,0.36233,19.66667,26.0,0.748,9.66667,34.0,43.66667,22.0,8.33333,5.66667,15.0,21.33333,107.0,0,-0.0834,0.0834,0.26224,0.2862,0.50726,0.53478,0.58382,0.61473,,,,,,,0.0,,,,
240.0,38.0,89.33333,0.42667,10.33333,34.33333,0.28167,18.33333,23.0,0.80167,13.33333,32.33333,45.66667,21.0,9.0,5.66667,16.33333,20.33333,104.66667,240.0,42.0,90.66667,0.464,13.33333,34.33333,0.39,16.66667,20.0,0.871,12.66667,33.66667,46.33333,23.0,8.0,7.33333,15.0,19.66667,114.0,0,0.13041,-0.13041,0.39296,0.40024,0.53741,0.48507,0.60061,0.55653,,,,,,,1.0,240.0,37.33333,81.66667,0.455,12.33333,39.0,0.322,19.66667,24.33333,0.821,4.66667,36.66667,41.33333,29.0,6.33333,5.33333,14.33333,23.33333,106.66667,240.0,37.66667,89.0,0.42567,12.66667,39.0,0.332,21.0,27.66667,0.754,10.33333,35.66667,46.0,24.33333,9.33333,4.66667,12.66667,22.0,109.0,0,0.04112,-0.04112,0.28298,0.14918,0.49854,0.53046,0.5782,0.61142,,,,,,,0.66667,,,,
240.0,40.66667,88.33333,0.46167,15.0,41.0,0.36933,13.66667,18.33333,0.79167,6.0,35.66667,41.66667,28.33333,7.66667,5.33333,13.0,20.0,110.0,240.0,41.0,89.33333,0.45933,7.66667,28.0,0.27833,18.0,23.66667,0.758,11.0,36.66667,47.66667,23.33333,7.0,4.66667,13.33333,21.33333,107.66667,1,-0.01738,0.01738,0.31107,0.16673,0.50222,0.54665,0.56934,0.59724,,,,,,,0.33333,240.0,36.0,84.66667,0.425,9.66667,29.33333,0.327,17.0,22.66667,0.745,9.33333,31.33333,40.66667,21.66667,8.33333,4.0,16.0,17.66667,98.66667,240.0,39.66667,84.33333,0.46967,16.0,41.0,0.39467,14.66667,19.33333,0.73967,9.33333,33.33333,42.66667,26.66667,10.0,7.0,16.33333,18.66667,110.0,1,0.15702,-0.15702,0.298,0.28511,0.56451,0.48252,0.62138,0.55045,,,,,,,1.0,,,,
>>>>>>> Stashed changes
